Wn,Wvar,C,L1,L2,DCPowerConsumption,OscillationFrequency,TuningRange,OutputPower,PhaseNoise
3e-05,5e-06,5e-13,4e-10,1e-10,0.0699,31500000000.0,789000000.0,11.46,-83.19
3e-05,5e-06,5e-13,4e-10,5e-11,0.0699,31500000000.0,788000000.0,11.46,-83.49
3e-05,5e-06,5e-13,4e-10,1.5e-10,0.0699,31500000000.0,790000000.0,11.46,-83.41
3e-05,5e-06,5e-13,4e-10,2e-10,0.0699,31500000000.0,791000000.0,11.46,-83.01
3e-05,5e-06,5e-13,4e-10,2.5e-10,0.0699,31500000000.0,790000000.0,11.46,-83.21
3e-05,5e-06,5e-13,3e-10,1e-10,0.0699,35300000000.0,947000000.0,10.76,-87.69
3e-05,5e-06,5e-13,3e-10,5e-11,0.0699,35300000000.0,945000000.0,10.76,-87.76
3e-05,5e-06,5e-13,3e-10,1.5e-10,0.0699,35300000000.0,948000000.0,10.76,-88.6
3e-05,5e-06,5e-13,3e-10,2e-10,0.0699,35300000000.0,948000000.0,10.76,-87.98
3e-05,5e-06,5e-13,3e-10,2.5e-10,0.0699,35300000000.0,950000000.0,10.77,-87.75
3e-05,5e-06,5e-13,3.5e-10,1e-10,0.0699,33200000000.0,856000000.0,11.14,-85.09
3e-05,5e-06,5e-13,3.5e-10,5e-11,0.0699,33200000000.0,854000000.0,11.14,-84.8
3e-05,5e-06,5e-13,3.5e-10,1.5e-10,0.0699,33200000000.0,853000000.0,11.14,-84.97
3e-05,5e-06,5e-13,3.5e-10,2e-10,0.0699,33200000000.0,856000000.0,11.14,-85.07
3e-05,5e-06,5e-13,3.5e-10,2.5e-10,0.0699,33200000000.0,858000000.0,11.14,-84.68
3e-05,5e-06,5e-13,4.5e-10,1e-10,0.0699,30200000000.0,738000000.0,11.75,-81.87
3e-05,5e-06,5e-13,4.5e-10,5e-11,0.0699,30200000000.0,739000000.0,11.75,-82.42
3e-05,5e-06,5e-13,4.5e-10,1.5e-10,0.0699,30200000000.0,739000000.0,11.75,-82.34
3e-05,5e-06,5e-13,4.5e-10,2e-10,0.0699,30200000000.0,740000000.0,11.75,-82.54
3e-05,5e-06,5e-13,4.5e-10,2.5e-10,0.0699,30200000000.0,740000000.0,11.75,-82.55
3e-05,5e-06,5e-13,5e-10,1e-10,0.0699,29000000000.0,698000000.0,11.99,-81.81
3e-05,5e-06,5e-13,5e-10,5e-11,0.0699,29000000000.0,698000000.0,11.99,-81.68
3e-05,5e-06,5e-13,5e-10,1.5e-10,0.0699,29000000000.0,699000000.0,11.99,-81.86
3e-05,5e-06,5e-13,5e-10,2.5e-10,0.0699,29000000000.0,698000000.0,11.99,-81.65
3e-05,5e-06,3e-13,4e-10,1e-10,0.0699,31500000000.0,789000000.0,11.46,-83.44
3e-05,5e-06,3e-13,4e-10,5e-11,0.0699,31500000000.0,790000000.0,11.46,-83.73
3e-05,5e-06,3e-13,4e-10,1.5e-10,0.0699,31500000000.0,790000000.0,11.46,-83.68
3e-05,5e-06,3e-13,4e-10,2e-10,0.0699,31500000000.0,790000000.0,11.46,-83.42
3e-05,5e-06,3e-13,3e-10,1e-10,0.0699,35300000000.0,946000000.0,10.76,-88.08
3e-05,5e-06,3e-13,3e-10,5e-11,0.0699,35300000000.0,949000000.0,10.77,-87.93
3e-05,5e-06,3e-13,3e-10,1.5e-10,0.0699,35300000000.0,948000000.0,10.76,-87.56
3e-05,5e-06,3e-13,3e-10,2e-10,0.0699,35300000000.0,948000000.0,10.77,-87.87
3e-05,5e-06,3e-13,3e-10,2.5e-10,0.0699,35300000000.0,950000000.0,10.77,-87.77
3e-05,5e-06,3e-13,3.5e-10,1e-10,0.0699,33200000000.0,855000000.0,11.14,-85.01
3e-05,5e-06,3e-13,3.5e-10,5e-11,0.0699,33200000000.0,855000000.0,11.14,-85.25
3e-05,5e-06,3e-13,3.5e-10,1.5e-10,0.0699,33200000000.0,856000000.0,11.14,-85.18
3e-05,5e-06,3e-13,3.5e-10,2e-10,0.0699,33200000000.0,858000000.0,11.14,-84.7
3e-05,5e-06,3e-13,3.5e-10,2.5e-10,0.0699,33200000000.0,853000000.0,11.14,-84.74
3e-05,5e-06,3e-13,4.5e-10,1e-10,0.0699,30200000000.0,739000000.0,11.75,-82.65
3e-05,5e-06,3e-13,4.5e-10,5e-11,0.0699,30200000000.0,740000000.0,11.75,-82.48
3e-05,5e-06,3e-13,4.5e-10,1.5e-10,0.0699,30200000000.0,739000000.0,11.75,-82.41
3e-05,5e-06,3e-13,4.5e-10,2e-10,0.0699,30200000000.0,740000000.0,11.75,-82.53
3e-05,5e-06,3e-13,4.5e-10,2.5e-10,0.0699,30200000000.0,740000000.0,11.75,-82.51
3e-05,5e-06,3e-13,5e-10,1e-10,0.0699,29000000000.0,699000000.0,11.99,-81.65
3e-05,5e-06,3e-13,5e-10,5e-11,0.0699,29000000000.0,701000000.0,11.99,-81.85
3e-05,5e-06,3e-13,5e-10,1.5e-10,0.0699,29000000000.0,699000000.0,11.99,-81.6
3e-05,5e-06,4e-13,4e-10,1e-10,0.0699,31500000000.0,791000000.0,11.46,-83.04
3e-05,5e-06,4e-13,4e-10,5e-11,0.0699,31500000000.0,789000000.0,11.46,-83.45
3e-05,5e-06,4e-13,4e-10,1.5e-10,0.0699,31500000000.0,788000000.0,11.46,-83.5
3e-05,5e-06,4e-13,4e-10,2e-10,0.0699,31500000000.0,790000000.0,11.46,-83.34
3e-05,5e-06,4e-13,4e-10,2.5e-10,0.0699,31500000000.0,789000000.0,11.46,-83.39
3e-05,5e-06,4e-13,3e-10,5e-11,0.0699,35300000000.0,949000000.0,10.77,-88.07
3e-05,5e-06,4e-13,3e-10,1.5e-10,0.0699,35300000000.0,947000000.0,10.76,-87.92
3e-05,5e-06,4e-13,3e-10,2e-10,0.0699,35300000000.0,948000000.0,10.77,-87.97
3e-05,5e-06,4e-13,3e-10,2.5e-10,0.0699,35300000000.0,947000000.0,10.76,-88.13
3e-05,5e-06,4e-13,3.5e-10,1e-10,0.0699,33200000000.0,857000000.0,11.14,-85.15
3e-05,5e-06,4e-13,3.5e-10,5e-11,0.0699,33200000000.0,856000000.0,11.14,-85.11
3e-05,5e-06,4e-13,3.5e-10,1.5e-10,0.0699,33200000000.0,856000000.0,11.14,-85.02
3e-05,5e-06,4e-13,3.5e-10,2e-10,0.0699,33200000000.0,855000000.0,11.14,-84.93
3e-05,5e-06,4e-13,3.5e-10,2.5e-10,0.0699,33200000000.0,856000000.0,11.14,-85.0
3e-05,5e-06,4e-13,4.5e-10,1e-10,0.0699,30200000000.0,739000000.0,11.75,-82.3
3e-05,5e-06,4e-13,4.5e-10,5e-11,0.0699,30200000000.0,739000000.0,11.75,-82.48
3e-05,5e-06,4e-13,4.5e-10,1.5e-10,0.0699,30200000000.0,740000000.0,11.75,-82.37
3e-05,5e-06,4e-13,4.5e-10,2.5e-10,0.0699,30200000000.0,739000000.0,11.75,-82.28
3e-05,5e-06,4e-13,5e-10,1e-10,0.0699,29000000000.0,699000000.0,11.99,-81.77
3e-05,5e-06,4e-13,5e-10,5e-11,0.0699,29000000000.0,699000000.0,11.99,-81.81
3e-05,5e-06,4e-13,5e-10,2e-10,0.0699,29000000000.0,699000000.0,11.99,-81.11
3e-05,5e-06,4e-13,5e-10,2.5e-10,0.0699,29000000000.0,699000000.0,11.99,-81.61
3e-05,5e-06,6e-13,4e-10,1e-10,0.0699,31500000000.0,789000000.0,11.46,-83.37
3e-05,5e-06,6e-13,4e-10,5e-11,0.0699,31500000000.0,788000000.0,11.46,-86.4
3e-05,5e-06,6e-13,4e-10,1.5e-10,0.0699,31500000000.0,789000000.0,11.46,-83.46
3e-05,5e-06,6e-13,4e-10,2e-10,0.0699,31500000000.0,787000000.0,11.46,-83.27
3e-05,5e-06,6e-13,4e-10,2.5e-10,0.0699,31500000000.0,791000000.0,11.46,-83.05
3e-05,5e-06,6e-13,3e-10,1e-10,0.0699,35300000000.0,945000000.0,10.76,-88.79
3e-05,5e-06,6e-13,3e-10,5e-11,0.0699,35300000000.0,948000000.0,10.76,-87.99
3e-05,5e-06,6e-13,3e-10,1.5e-10,0.0699,35300000000.0,946000000.0,10.76,-87.7
3e-05,5e-06,6e-13,3e-10,2e-10,0.0699,35300000000.0,946000000.0,10.76,-88.03
3e-05,5e-06,6e-13,3e-10,2.5e-10,0.0699,35300000000.0,950000000.0,10.77,-88.11
3e-05,5e-06,6e-13,3.5e-10,1e-10,0.0699,33200000000.0,858000000.0,11.14,-85.09
3e-05,5e-06,6e-13,3.5e-10,5e-11,0.0699,33200000000.0,853000000.0,11.14,-85.73
3e-05,5e-06,6e-13,3.5e-10,1.5e-10,0.0699,33200000000.0,853000000.0,11.14,-85.75
3e-05,5e-06,6e-13,3.5e-10,2e-10,0.0699,33200000000.0,855000000.0,11.14,-84.75
3e-05,5e-06,6e-13,3.5e-10,2.5e-10,0.0699,33200000000.0,856000000.0,11.14,-85.06
3e-05,5e-06,6e-13,4.5e-10,1e-10,0.0699,30200000000.0,739000000.0,11.75,-82.2
3e-05,5e-06,6e-13,4.5e-10,1.5e-10,0.0699,30200000000.0,740000000.0,11.75,-82.73
3e-05,5e-06,6e-13,5e-10,1e-10,0.0699,29000000000.0,699000000.0,11.99,-81.63
3e-05,5e-06,6e-13,5e-10,2e-10,0.0699,29000000000.0,698000000.0,11.99,-81.5
3e-05,5e-06,7e-13,4e-10,1e-10,0.0699,31500000000.0,790000000.0,11.46,-83.47
3e-05,5e-06,7e-13,4e-10,5e-11,0.0699,31500000000.0,788000000.0,11.46,-83.29
3e-05,5e-06,7e-13,4e-10,1.5e-10,0.0699,31500000000.0,789000000.0,11.46,-83.43
3e-05,5e-06,7e-13,4e-10,2e-10,0.0699,31500000000.0,789000000.0,11.46,-83.49
3e-05,5e-06,7e-13,4e-10,2.5e-10,0.0699,31500000000.0,787000000.0,11.46,-83.55
3e-05,5e-06,7e-13,3e-10,5e-11,0.0699,35300000000.0,950000000.0,10.77,-88.03
3e-05,5e-06,7e-13,3e-10,1.5e-10,0.0699,35300000000.0,948000000.0,10.76,-87.92
3e-05,5e-06,7e-13,3e-10,2.5e-10,0.0699,35300000000.0,947000000.0,10.76,-87.68
3e-05,5e-06,7e-13,3.5e-10,1e-10,0.0699,33200000000.0,855000000.0,11.14,-85.29
3e-05,5e-06,7e-13,3.5e-10,5e-11,0.0699,33200000000.0,853000000.0,11.14,-85.74
3e-05,5e-06,7e-13,3.5e-10,1.5e-10,0.0699,33200000000.0,855000000.0,11.14,-85.0
3e-05,5e-06,7e-13,3.5e-10,2e-10,0.0699,33200000000.0,855000000.0,11.14,-84.48
3e-05,5e-06,7e-13,3.5e-10,2.5e-10,0.0699,33200000000.0,854000000.0,11.14,-85.03
3e-05,5e-06,7e-13,4.5e-10,1e-10,0.0699,30200000000.0,739000000.0,11.75,-82.4
3e-05,5e-06,7e-13,4.5e-10,5e-11,0.0699,30200000000.0,739000000.0,11.75,-82.43
3e-05,5e-06,7e-13,4.5e-10,1.5e-10,0.0699,30200000000.0,739000000.0,11.75,-82.59
3e-05,5e-06,7e-13,4.5e-10,2e-10,0.0699,30200000000.0,739000000.0,11.75,-82.29
3e-05,5e-06,7e-13,4.5e-10,2.5e-10,0.0699,30200000000.0,738000000.0,11.75,-82.47
3e-05,5e-06,7e-13,5e-10,1e-10,0.0699,29000000000.0,698000000.0,11.99,-81.8
3e-05,5e-06,7e-13,5e-10,5e-11,0.0699,29000000000.0,700000000.0,11.99,-81.97
3e-05,5e-06,7e-13,5e-10,2e-10,0.0699,29000000000.0,699000000.0,11.99,-82.14
3e-05,6e-06,5e-13,4e-10,1e-10,0.0699,31300000000.0,906000000.0,11.5,-83.24
3e-05,6e-06,5e-13,4e-10,1.5e-10,0.0699,31300000000.0,907000000.0,11.5,-83.46
3e-05,6e-06,5e-13,4e-10,2e-10,0.0699,31300000000.0,905000000.0,11.5,-83.22
3e-05,6e-06,5e-13,4e-10,2.5e-10,0.0699,31300000000.0,907000000.0,11.5,-83.48
3e-05,6e-06,5e-13,3e-10,1e-10,0.0699,35100000000.0,1090000000.0,10.8,-87.57
3e-05,6e-06,5e-13,3e-10,5e-11,0.0699,35100000000.0,1090000000.0,10.8,-87.42
3e-05,6e-06,5e-13,3e-10,1.5e-10,0.0699,35100000000.0,1090000000.0,10.8,-87.7
3e-05,6e-06,5e-13,3e-10,2e-10,0.0699,35100000000.0,1090000000.0,10.8,-88.27
3e-05,6e-06,5e-13,3e-10,2.5e-10,0.0699,35100000000.0,1090000000.0,10.8,-87.48
3e-05,6e-06,5e-13,3.5e-10,1e-10,0.0699,32900000000.0,982000000.0,11.17,-85.14
3e-05,6e-06,5e-13,3.5e-10,5e-11,0.0699,32900000000.0,983000000.0,11.17,-84.08
3e-05,6e-06,5e-13,3.5e-10,1.5e-10,0.0699,32900000000.0,982000000.0,11.17,-81.88
3e-05,6e-06,5e-13,3.5e-10,2e-10,0.0699,32900000000.0,983000000.0,11.17,-85.0
3e-05,6e-06,5e-13,3.5e-10,2.5e-10,0.0699,32900000000.0,979000000.0,11.17,-84.72
3e-05,6e-06,5e-13,4.5e-10,1e-10,0.0699,29900000000.0,849000000.0,11.78,-82.27
3e-05,6e-06,5e-13,4.5e-10,5e-11,0.0699,29900000000.0,847000000.0,11.78,-82.21
3e-05,6e-06,5e-13,4.5e-10,1.5e-10,0.0699,29900000000.0,849000000.0,11.78,-82.55
3e-05,6e-06,5e-13,4.5e-10,2e-10,0.0699,29900000000.0,849000000.0,11.78,-84.66
3e-05,6e-06,5e-13,5e-10,1e-10,0.0699,28800000000.0,805000000.0,12.02,-81.78
3e-05,6e-06,5e-13,5e-10,5e-11,0.0699,28800000000.0,803000000.0,12.02,-81.52
3e-05,6e-06,5e-13,5e-10,1.5e-10,0.0699,28800000000.0,801000000.0,12.02,-81.74
3e-05,6e-06,5e-13,5e-10,2e-10,0.0699,28800000000.0,804000000.0,12.02,-81.79
3e-05,6e-06,5e-13,5e-10,2.5e-10,0.0699,28800000000.0,806000000.0,12.02,-81.42
3e-05,6e-06,3e-13,4e-10,1e-10,0.0699,31300000000.0,906000000.0,11.5,-83.04
3e-05,6e-06,3e-13,4e-10,5e-11,0.0699,31300000000.0,907000000.0,11.5,-83.41
3e-05,6e-06,3e-13,4e-10,1.5e-10,0.0699,31300000000.0,907000000.0,11.5,-83.47
3e-05,6e-06,3e-13,4e-10,2e-10,0.0699,31300000000.0,907000000.0,11.5,-83.52
3e-05,6e-06,3e-13,4e-10,2.5e-10,0.0699,31300000000.0,907000000.0,11.5,-83.53
3e-05,6e-06,3e-13,3e-10,5e-11,0.0699,35100000000.0,1090000000.0,10.8,-83.56
3e-05,6e-06,3e-13,3e-10,1.5e-10,0.0699,35100000000.0,1090000000.0,10.8,-87.78
3e-05,6e-06,3e-13,3e-10,2e-10,0.0699,35100000000.0,1090000000.0,10.8,-87.9
3e-05,6e-06,3e-13,3e-10,2.5e-10,0.0699,35100000000.0,1090000000.0,10.8,-87.55
3e-05,6e-06,3e-13,3.5e-10,1e-10,0.0699,32900000000.0,982000000.0,11.17,-84.76
3e-05,6e-06,3e-13,3.5e-10,5e-11,0.0699,32900000000.0,983000000.0,11.17,-84.91
3e-05,6e-06,3e-13,3.5e-10,1.5e-10,0.0699,32900000000.0,982000000.0,11.17,-85.13
3e-05,6e-06,3e-13,3.5e-10,2.5e-10,0.0699,32900000000.0,984000000.0,11.17,-84.64
3e-05,6e-06,3e-13,4.5e-10,1e-10,0.0699,29900000000.0,849000000.0,11.78,-82.3
3e-05,6e-06,3e-13,4.5e-10,5e-11,0.0699,29900000000.0,849000000.0,11.78,-82.29
3e-05,6e-06,3e-13,4.5e-10,1.5e-10,0.0699,29900000000.0,849000000.0,11.78,-82.56
3e-05,6e-06,3e-13,4.5e-10,2e-10,0.0699,29900000000.0,847000000.0,11.78,-82.35
3e-05,6e-06,3e-13,4.5e-10,2.5e-10,0.0699,29900000000.0,849000000.0,11.78,-82.57
3e-05,6e-06,3e-13,5e-10,1e-10,0.0699,28800000000.0,797000000.0,12.02,-81.8
3e-05,6e-06,3e-13,5e-10,5e-11,0.0699,28800000000.0,803000000.0,12.02,-81.76
3e-05,6e-06,3e-13,5e-10,1.5e-10,0.0699,28800000000.0,804000000.0,12.02,-81.84
3e-05,6e-06,3e-13,5e-10,2e-10,0.0699,28800000000.0,800000000.0,12.02,-81.7
3e-05,6e-06,3e-13,5e-10,2.5e-10,0.0699,28800000000.0,802000000.0,12.02,-81.81
3e-05,6e-06,4e-13,4e-10,1e-10,0.0699,31300000000.0,907000000.0,11.5,-83.2
3e-05,6e-06,4e-13,4e-10,5e-11,0.0699,31300000000.0,907000000.0,11.5,-83.36
3e-05,6e-06,4e-13,4e-10,1.5e-10,0.0699,31300000000.0,905000000.0,11.5,-83.51
3e-05,6e-06,4e-13,4e-10,2e-10,0.0699,31300000000.0,907000000.0,11.5,-83.33
3e-05,6e-06,4e-13,3e-10,1e-10,0.0699,35100000000.0,1090000000.0,10.8,-87.72
3e-05,6e-06,4e-13,3e-10,5e-11,0.0699,35100000000.0,1090000000.0,10.8,-87.58
3e-05,6e-06,4e-13,3e-10,1.5e-10,0.0699,35100000000.0,1090000000.0,10.8,-87.61
3e-05,6e-06,4e-13,3e-10,2.5e-10,0.0699,35100000000.0,1090000000.0,10.8,-87.86
3e-05,6e-06,4e-13,3.5e-10,1e-10,0.0699,32900000000.0,981000000.0,11.17,-84.54
3e-05,6e-06,4e-13,3.5e-10,5e-11,0.0699,32900000000.0,984000000.0,11.17,-85.37
3e-05,6e-06,4e-13,3.5e-10,1.5e-10,0.0699,32900000000.0,982000000.0,11.17,-84.89
3e-05,6e-06,4e-13,3.5e-10,2e-10,0.0699,32900000000.0,984000000.0,11.17,-85.04
3e-05,6e-06,4e-13,3.5e-10,2.5e-10,0.0699,32900000000.0,982000000.0,11.17,-84.74
3e-05,6e-06,4e-13,4.5e-10,1e-10,0.0699,29900000000.0,849000000.0,11.78,-82.58
3e-05,6e-06,4e-13,4.5e-10,5e-11,0.0699,29900000000.0,849000000.0,11.78,-85.35
3e-05,6e-06,4e-13,4.5e-10,1.5e-10,0.0699,29900000000.0,848000000.0,11.78,-82.37
3e-05,6e-06,4e-13,4.5e-10,2.5e-10,0.0699,29900000000.0,848000000.0,11.78,-82.19
3e-05,6e-06,4e-13,5e-10,1e-10,0.0699,28800000000.0,797000000.0,12.02,-82.28
3e-05,6e-06,4e-13,5e-10,5e-11,0.0699,28800000000.0,802000000.0,12.02,-81.49
3e-05,6e-06,4e-13,5e-10,1.5e-10,0.0699,28800000000.0,804000000.0,12.02,-82.11
3e-05,6e-06,4e-13,5e-10,2e-10,0.0699,28800000000.0,802000000.0,12.02,-81.95
3e-05,6e-06,4e-13,5e-10,2.5e-10,0.0699,28800000000.0,804000000.0,12.02,-81.48
3e-05,6e-06,6e-13,4e-10,1e-10,0.0699,31300000000.0,907000000.0,11.5,-83.8
3e-05,6e-06,6e-13,4e-10,5e-11,0.0699,31300000000.0,907000000.0,11.5,-83.54
3e-05,6e-06,6e-13,4e-10,2e-10,0.0699,31300000000.0,907000000.0,11.5,-83.22
3e-05,6e-06,6e-13,4e-10,2.5e-10,0.0699,31300000000.0,907000000.0,11.5,-83.49
3e-05,6e-06,6e-13,3e-10,1e-10,0.0699,35100000000.0,1090000000.0,10.8,-87.29
3e-05,6e-06,6e-13,3e-10,5e-11,0.0699,35100000000.0,1090000000.0,10.8,-87.63
3e-05,6e-06,6e-13,3e-10,1.5e-10,0.0699,35100000000.0,1090000000.0,10.8,-87.25
3e-05,6e-06,6e-13,3e-10,2e-10,0.0699,35100000000.0,1090000000.0,10.8,-87.44
3e-05,6e-06,6e-13,3e-10,2.5e-10,0.0699,35100000000.0,1090000000.0,10.8,-87.4
3e-05,6e-06,6e-13,3.5e-10,1e-10,0.0699,32900000000.0,983000000.0,11.17,-85.03
3e-05,6e-06,6e-13,3.5e-10,5e-11,0.0699,32900000000.0,982000000.0,11.17,-84.92
3e-05,6e-06,6e-13,3.5e-10,1.5e-10,0.0699,32900000000.0,983000000.0,11.17,-84.87
3e-05,6e-06,6e-13,3.5e-10,2e-10,0.0699,32900000000.0,986000000.0,11.17,-83.67
3e-05,6e-06,6e-13,3.5e-10,2.5e-10,0.0699,32900000000.0,985000000.0,11.17,-84.61
3e-05,6e-06,6e-13,4.5e-10,1e-10,0.0699,29900000000.0,849000000.0,11.78,-85.63
3e-05,6e-06,6e-13,4.5e-10,5e-11,0.0699,29900000000.0,849000000.0,11.78,-82.46
3e-05,6e-06,6e-13,4.5e-10,1.5e-10,0.0699,29900000000.0,848000000.0,11.78,-82.61
3e-05,6e-06,6e-13,4.5e-10,2.5e-10,0.0699,29900000000.0,850000000.0,11.78,-82.04
3e-05,6e-06,6e-13,5e-10,1e-10,0.0699,28800000000.0,802000000.0,12.02,-81.47
3e-05,6e-06,6e-13,5e-10,5e-11,0.0699,28800000000.0,803000000.0,12.02,-81.91
3e-05,6e-06,6e-13,5e-10,1.5e-10,0.0699,28800000000.0,805000000.0,12.02,-81.76
3e-05,6e-06,6e-13,5e-10,2e-10,0.0699,28800000000.0,803000000.0,12.02,-81.89
3e-05,6e-06,6e-13,5e-10,2.5e-10,0.0699,28800000000.0,805000000.0,12.02,-81.94
3e-05,6e-06,7e-13,4e-10,1e-10,0.0699,31300000000.0,907000000.0,11.5,-83.59
3e-05,6e-06,7e-13,4e-10,5e-11,0.0699,31300000000.0,906000000.0,11.5,-83.55
3e-05,6e-06,7e-13,4e-10,1.5e-10,0.0699,31300000000.0,905000000.0,11.5,-83.44
3e-05,6e-06,7e-13,4e-10,2e-10,0.0699,31300000000.0,907000000.0,11.5,-83.21
3e-05,6e-06,7e-13,4e-10,2.5e-10,0.0699,31300000000.0,907000000.0,11.5,-83.37
3e-05,6e-06,7e-13,3e-10,1e-10,0.0699,35100000000.0,1090000000.0,10.8,-87.84
3e-05,6e-06,7e-13,3e-10,5e-11,0.0699,35100000000.0,1090000000.0,10.8,-87.56
3e-05,6e-06,7e-13,3e-10,1.5e-10,0.0699,35100000000.0,1090000000.0,10.8,-87.73
3e-05,6e-06,7e-13,3e-10,2e-10,0.0699,35100000000.0,1090000000.0,10.8,-87.6
3e-05,6e-06,7e-13,3e-10,2.5e-10,0.0699,35100000000.0,1090000000.0,10.8,-88.04
3e-05,6e-06,7e-13,3.5e-10,1e-10,0.0699,32900000000.0,985000000.0,11.17,-85.27
3e-05,6e-06,7e-13,3.5e-10,5e-11,0.0699,32900000000.0,982000000.0,11.17,-77.83
3e-05,6e-06,7e-13,3.5e-10,1.5e-10,0.0699,32900000000.0,983000000.0,11.17,-84.97
3e-05,6e-06,7e-13,3.5e-10,2e-10,0.0699,32900000000.0,980000000.0,11.17,-84.81
3e-05,6e-06,7e-13,4.5e-10,1e-10,0.0699,29900000000.0,849000000.0,11.78,-82.41
3e-05,6e-06,7e-13,4.5e-10,5e-11,0.0699,29900000000.0,847000000.0,11.78,-82.36
3e-05,6e-06,7e-13,4.5e-10,1.5e-10,0.0699,29900000000.0,849000000.0,11.78,-82.77
3e-05,6e-06,7e-13,4.5e-10,2e-10,0.0699,29900000000.0,850000000.0,11.78,-82.4
3e-05,6e-06,7e-13,4.5e-10,2.5e-10,0.0699,29900000000.0,849000000.0,11.78,-82.44
3e-05,6e-06,7e-13,5e-10,1e-10,0.0699,28800000000.0,806000000.0,12.02,-81.3
3e-05,6e-06,7e-13,5e-10,5e-11,0.0699,28800000000.0,802000000.0,12.02,-81.72
3e-05,6e-06,7e-13,5e-10,1.5e-10,0.0699,28800000000.0,797000000.0,12.02,-81.63
3e-05,6e-06,7e-13,5e-10,2e-10,0.0699,28800000000.0,803000000.0,12.02,-81.43
3e-05,7e-06,5e-13,4e-10,1e-10,0.0699,31000000000.0,1010000000.0,11.53,-83.42
3e-05,7e-06,5e-13,4e-10,5e-11,0.0699,31000000000.0,1010000000.0,11.53,-83.65
3e-05,7e-06,5e-13,4e-10,1.5e-10,0.0699,31000000000.0,1010000000.0,11.53,-83.38
3e-05,7e-06,5e-13,4e-10,2e-10,0.0699,31000000000.0,1010000000.0,11.53,-83.49
3e-05,7e-06,5e-13,4e-10,2.5e-10,0.0699,31000000000.0,1010000000.0,11.53,-83.26
3e-05,7e-06,5e-13,3e-10,1e-10,0.0699,34800000000.0,1210000000.0,10.83,-87.65
3e-05,7e-06,5e-13,3e-10,5e-11,0.0699,34800000000.0,1210000000.0,10.83,-87.78
3e-05,7e-06,5e-13,3e-10,1.5e-10,0.0699,34800000000.0,1210000000.0,10.83,-87.85
3e-05,7e-06,5e-13,3e-10,2e-10,0.0699,34800000000.0,1210000000.0,10.83,-87.56
3e-05,7e-06,5e-13,3e-10,2.5e-10,0.0699,34800000000.0,1210000000.0,10.83,-87.39
3e-05,7e-06,5e-13,3.5e-10,1e-10,0.0699,32700000000.0,1090000000.0,11.21,-84.58
3e-05,7e-06,5e-13,3.5e-10,5e-11,0.0699,32700000000.0,1090000000.0,11.21,-84.51
3e-05,7e-06,5e-13,3.5e-10,1.5e-10,0.0699,32700000000.0,1090000000.0,11.21,-84.79
3e-05,7e-06,5e-13,3.5e-10,2e-10,0.0699,32700000000.0,1100000000.0,11.2,-84.93
3e-05,7e-06,5e-13,3.5e-10,2.5e-10,0.0699,32700000000.0,1100000000.0,11.2,-83.76
3e-05,7e-06,5e-13,4.5e-10,1e-10,0.0699,29700000000.0,946000000.0,11.81,-82.5
3e-05,7e-06,5e-13,4.5e-10,5e-11,0.0699,29700000000.0,946000000.0,11.81,-82.56
3e-05,7e-06,5e-13,4.5e-10,1.5e-10,0.0699,29700000000.0,948000000.0,11.81,-82.71
3e-05,7e-06,5e-13,4.5e-10,2e-10,0.0699,29700000000.0,945000000.0,11.81,-81.98
3e-05,7e-06,5e-13,4.5e-10,2.5e-10,0.0699,29700000000.0,946000000.0,11.81,-82.24
3e-05,7e-06,5e-13,5e-10,1e-10,0.0699,28600000000.0,895000000.0,12.04,-81.59
3e-05,7e-06,5e-13,5e-10,5e-11,0.0699,28600000000.0,897000000.0,12.04,-81.5
3e-05,7e-06,5e-13,5e-10,1.5e-10,0.0699,28600000000.0,894000000.0,12.05,-81.3
3e-05,7e-06,5e-13,5e-10,2e-10,0.0699,28600000000.0,893000000.0,12.04,-81.57
3e-05,7e-06,5e-13,5e-10,2.5e-10,0.0699,28600000000.0,897000000.0,12.05,-81.56
3e-05,7e-06,3e-13,4e-10,1e-10,0.0699,31100000000.0,1010000000.0,11.53,-83.34
3e-05,7e-06,3e-13,4e-10,5e-11,0.0699,31100000000.0,1010000000.0,11.53,-83.27
3e-05,7e-06,3e-13,4e-10,1.5e-10,0.0699,31100000000.0,1010000000.0,11.53,-83.41
3e-05,7e-06,3e-13,4e-10,2e-10,0.0699,31100000000.0,1010000000.0,11.53,-83.44
3e-05,7e-06,3e-13,4e-10,2.5e-10,0.0699,31100000000.0,1010000000.0,11.53,-83.39
3e-05,7e-06,3e-13,3e-10,1e-10,0.0699,34800000000.0,1210000000.0,10.83,-87.57
3e-05,7e-06,3e-13,3e-10,5e-11,0.0699,34800000000.0,1220000000.0,10.83,-87.59
3e-05,7e-06,3e-13,3e-10,1.5e-10,0.0699,34800000000.0,1210000000.0,10.83,-84.99
3e-05,7e-06,3e-13,3e-10,2e-10,0.0699,34800000000.0,1210000000.0,10.83,-87.73
3e-05,7e-06,3e-13,3e-10,2.5e-10,0.0699,34800000000.0,1210000000.0,10.83,-87.25
3e-05,7e-06,3e-13,3.5e-10,1e-10,0.0699,32700000000.0,1090000000.0,11.21,-84.57
3e-05,7e-06,3e-13,3.5e-10,5e-11,0.0699,32700000000.0,1100000000.0,11.21,-83.32
3e-05,7e-06,3e-13,3.5e-10,1.5e-10,0.0699,32700000000.0,1100000000.0,11.21,-84.84
3e-05,7e-06,3e-13,3.5e-10,2e-10,0.0699,32700000000.0,1100000000.0,11.2,-84.81
3e-05,7e-06,3e-13,3.5e-10,2.5e-10,0.0699,32700000000.0,1100000000.0,11.21,-85.08
3e-05,7e-06,3e-13,4.5e-10,1e-10,0.0699,29700000000.0,946000000.0,11.81,-81.94
3e-05,7e-06,3e-13,4.5e-10,5e-11,0.0699,29700000000.0,946000000.0,11.81,-82.73
3e-05,7e-06,3e-13,4.5e-10,1.5e-10,0.0699,29700000000.0,949000000.0,11.81,-82.71
3e-05,7e-06,3e-13,4.5e-10,2e-10,0.0699,29700000000.0,946000000.0,11.81,-82.26
3e-05,7e-06,3e-13,5e-10,1e-10,0.0699,28600000000.0,895000000.0,12.05,-81.95
3e-05,7e-06,3e-13,5e-10,5e-11,0.0699,28600000000.0,896000000.0,12.05,-81.7
3e-05,7e-06,3e-13,5e-10,1.5e-10,0.0699,28600000000.0,895000000.0,12.04,-80.74
3e-05,7e-06,3e-13,5e-10,2e-10,0.0699,28600000000.0,892000000.0,12.05,-81.6
3e-05,7e-06,3e-13,5e-10,2.5e-10,0.0699,28600000000.0,898000000.0,12.04,-81.36
3e-05,7e-06,4e-13,4e-10,1e-10,0.0699,31100000000.0,1010000000.0,11.53,-83.35
3e-05,7e-06,4e-13,4e-10,5e-11,0.0699,31100000000.0,1010000000.0,11.53,-83.51
3e-05,7e-06,4e-13,4e-10,1.5e-10,0.0699,31000000000.0,1010000000.0,11.53,-83.35
3e-05,7e-06,4e-13,4e-10,2.5e-10,0.0699,31000000000.0,1010000000.0,11.53,-83.63
3e-05,7e-06,4e-13,3e-10,5e-11,0.0699,34800000000.0,1210000000.0,10.83,-87.77
3e-05,7e-06,4e-13,3e-10,1.5e-10,0.0699,34800000000.0,1210000000.0,10.83,-84.42
3e-05,7e-06,4e-13,3e-10,2.5e-10,0.0699,34800000000.0,1210000000.0,10.83,-87.4
3e-05,7e-06,4e-13,3.5e-10,1e-10,0.0699,32700000000.0,1090000000.0,11.21,-84.73
3e-05,7e-06,4e-13,3.5e-10,5e-11,0.0699,32700000000.0,1100000000.0,11.2,-84.88
3e-05,7e-06,4e-13,3.5e-10,1.5e-10,0.0699,32700000000.0,1100000000.0,11.21,-84.87
3e-05,7e-06,4e-13,3.5e-10,2e-10,0.0699,32700000000.0,1100000000.0,11.2,-84.82
3e-05,7e-06,4e-13,3.5e-10,2.5e-10,0.0699,32700000000.0,1090000000.0,11.21,-84.59
3e-05,7e-06,4e-13,4.5e-10,1e-10,0.0699,29700000000.0,946000000.0,11.81,-84.03
3e-05,7e-06,4e-13,4.5e-10,5e-11,0.0699,29700000000.0,947000000.0,11.81,-82.44
3e-05,7e-06,4e-13,4.5e-10,1.5e-10,0.0699,29700000000.0,946000000.0,11.81,-82.23
3e-05,7e-06,4e-13,4.5e-10,2e-10,0.0699,29700000000.0,946000000.0,11.81,-82.12
3e-05,7e-06,4e-13,4.5e-10,2.5e-10,0.0699,29700000000.0,948000000.0,11.81,-82.51
3e-05,7e-06,4e-13,5e-10,1e-10,0.0699,28600000000.0,900000000.0,12.04,-81.55
3e-05,7e-06,4e-13,5e-10,5e-11,0.0699,28600000000.0,892000000.0,12.05,-81.69
3e-05,7e-06,4e-13,5e-10,1.5e-10,0.0699,28600000000.0,895000000.0,12.05,-81.84
3e-05,7e-06,4e-13,5e-10,2e-10,0.0699,28600000000.0,896000000.0,12.04,-81.51
3e-05,7e-06,4e-13,5e-10,2.5e-10,0.0699,28600000000.0,892000000.0,12.05,-82.21
3e-05,7e-06,6e-13,4e-10,1e-10,0.0699,31000000000.0,1010000000.0,11.53,-83.39
3e-05,7e-06,6e-13,4e-10,5e-11,0.0699,31000000000.0,1010000000.0,11.53,-83.36
3e-05,7e-06,6e-13,4e-10,2.5e-10,0.0699,31000000000.0,1010000000.0,11.53,-83.15
3e-05,7e-06,6e-13,3e-10,1e-10,0.0699,34800000000.0,1210000000.0,10.83,-87.53
3e-05,7e-06,6e-13,3e-10,5e-11,0.0699,34800000000.0,1220000000.0,10.83,-87.58
3e-05,7e-06,6e-13,3e-10,1.5e-10,0.0699,34800000000.0,1210000000.0,10.83,-87.62
3e-05,7e-06,6e-13,3e-10,2e-10,0.0699,34800000000.0,1210000000.0,10.83,-87.49
3e-05,7e-06,6e-13,3e-10,2.5e-10,0.0699,34800000000.0,1210000000.0,10.83,-88.4
3e-05,7e-06,6e-13,3.5e-10,1.5e-10,0.0699,32700000000.0,1090000000.0,11.21,-84.61
3e-05,7e-06,6e-13,3.5e-10,2e-10,0.0699,32700000000.0,1100000000.0,11.21,-84.92
3e-05,7e-06,6e-13,3.5e-10,2.5e-10,0.0699,32700000000.0,1090000000.0,11.21,-84.6
3e-05,7e-06,6e-13,4.5e-10,1e-10,0.0699,29700000000.0,945000000.0,11.81,-82.45
3e-05,7e-06,6e-13,4.5e-10,1.5e-10,0.0699,29700000000.0,945000000.0,11.81,-81.99
3e-05,7e-06,6e-13,4.5e-10,2e-10,0.0699,29700000000.0,946000000.0,11.81,-82.25
3e-05,7e-06,6e-13,4.5e-10,2.5e-10,0.0699,29700000000.0,946000000.0,11.81,-82.2
3e-05,7e-06,6e-13,5e-10,1e-10,0.0699,28600000000.0,900000000.0,12.04,-81.81
3e-05,7e-06,6e-13,5e-10,5e-11,0.0699,28600000000.0,896000000.0,12.05,-81.88
3e-05,7e-06,6e-13,5e-10,1.5e-10,0.0699,28600000000.0,897000000.0,12.05,-82.16
3e-05,7e-06,6e-13,5e-10,2e-10,0.0699,28600000000.0,893000000.0,12.05,-81.94
3e-05,7e-06,6e-13,5e-10,2.5e-10,0.0699,28600000000.0,893000000.0,12.05,-81.74
3e-05,7e-06,7e-13,4e-10,1e-10,0.0699,31000000000.0,1010000000.0,11.53,-83.44
3e-05,7e-06,7e-13,4e-10,5e-11,0.0699,31000000000.0,1010000000.0,11.53,-83.66
3e-05,7e-06,7e-13,4e-10,1.5e-10,0.0699,31000000000.0,1010000000.0,11.53,-83.62
3e-05,7e-06,7e-13,4e-10,2e-10,0.0699,31000000000.0,1010000000.0,11.53,-83.24
3e-05,7e-06,7e-13,4e-10,2.5e-10,0.0699,31000000000.0,1010000000.0,11.53,-83.06
3e-05,7e-06,7e-13,3e-10,1e-10,0.0699,34800000000.0,1210000000.0,10.83,-87.45
3e-05,7e-06,7e-13,3e-10,5e-11,0.0699,34800000000.0,1210000000.0,10.83,-86.86
3e-05,7e-06,7e-13,3e-10,1.5e-10,0.0699,34800000000.0,1210000000.0,10.83,-87.29
3e-05,7e-06,7e-13,3e-10,2e-10,0.0699,34800000000.0,1210000000.0,10.83,-87.58
3e-05,7e-06,7e-13,3.5e-10,1e-10,0.0699,32700000000.0,1090000000.0,11.21,-84.9
3e-05,7e-06,7e-13,3.5e-10,5e-11,0.0699,32700000000.0,1100000000.0,11.21,-85.0
3e-05,7e-06,7e-13,3.5e-10,1.5e-10,0.0699,32700000000.0,1090000000.0,11.21,-84.75
3e-05,7e-06,7e-13,3.5e-10,2.5e-10,0.0699,32700000000.0,1100000000.0,11.2,-84.92
3e-05,7e-06,7e-13,4.5e-10,1e-10,0.0699,29700000000.0,945000000.0,11.81,-82.32
3e-05,7e-06,7e-13,4.5e-10,5e-11,0.0699,29700000000.0,945000000.0,11.81,-82.21
3e-05,7e-06,7e-13,4.5e-10,2e-10,0.0699,29700000000.0,945000000.0,11.81,-82.56
3e-05,7e-06,7e-13,5e-10,1e-10,0.0699,28600000000.0,898000000.0,12.04,-81.39
3e-05,7e-06,7e-13,5e-10,5e-11,0.0699,28600000000.0,891000000.0,12.05,-81.8
3e-05,7e-06,7e-13,5e-10,1.5e-10,0.0699,28600000000.0,894000000.0,12.04,-81.53
3e-05,7e-06,7e-13,5e-10,2e-10,0.0699,28600000000.0,896000000.0,12.05,-81.75
3e-05,7e-06,7e-13,5e-10,2.5e-10,0.0699,28600000000.0,894000000.0,12.04,-81.63
3e-05,8e-06,5e-13,4e-10,1e-10,0.0699,30800000000.0,1100000000.0,11.56,-83.47
3e-05,8e-06,5e-13,4e-10,5e-11,0.0699,30800000000.0,1100000000.0,11.56,-83.28
3e-05,8e-06,5e-13,4e-10,1.5e-10,0.0699,30800000000.0,1100000000.0,11.56,-83.21
3e-05,8e-06,5e-13,4e-10,2.5e-10,0.0699,30800000000.0,1100000000.0,11.56,-83.32
3e-05,8e-06,5e-13,3e-10,1e-10,0.0699,34600000000.0,1330000000.0,10.86,-87.72
3e-05,8e-06,5e-13,3e-10,5e-11,0.0699,34600000000.0,1320000000.0,10.86,-85.86
3e-05,8e-06,5e-13,3e-10,1.5e-10,0.0699,34600000000.0,1320000000.0,10.85,-87.29
3e-05,8e-06,5e-13,3e-10,2e-10,0.0699,34600000000.0,1320000000.0,10.85,-87.69
3e-05,8e-06,5e-13,3e-10,2.5e-10,0.0699,34600000000.0,1320000000.0,10.85,-87.3
3e-05,8e-06,5e-13,3.5e-10,1e-10,0.0699,32500000000.0,1190000000.0,11.23,-85.15
3e-05,8e-06,5e-13,3.5e-10,5e-11,0.0699,32500000000.0,1200000000.0,11.23,-85.14
3e-05,8e-06,5e-13,3.5e-10,1.5e-10,0.0699,32500000000.0,1200000000.0,11.23,-85.01
3e-05,8e-06,5e-13,3.5e-10,2e-10,0.0699,32500000000.0,1190000000.0,11.23,-84.82
3e-05,8e-06,5e-13,3.5e-10,2.5e-10,0.0699,32500000000.0,1190000000.0,11.23,-79.85
3e-05,8e-06,5e-13,4.5e-10,1e-10,0.0699,29500000000.0,1030000000.0,11.84,-83.95
3e-05,8e-06,5e-13,4.5e-10,5e-11,0.0699,29500000000.0,1030000000.0,11.84,-81.92
3e-05,8e-06,5e-13,4.5e-10,1.5e-10,0.0699,29500000000.0,1030000000.0,11.84,-82.57
3e-05,8e-06,5e-13,4.5e-10,2e-10,0.0699,29500000000.0,1030000000.0,11.84,-82.31
3e-05,8e-06,5e-13,4.5e-10,2.5e-10,0.0699,29500000000.0,1030000000.0,11.84,-83.67
3e-05,8e-06,5e-13,5e-10,1e-10,0.0699,28400000000.0,975000000.0,12.07,-81.55
3e-05,8e-06,5e-13,5e-10,5e-11,0.0699,28400000000.0,976000000.0,12.07,-81.74
3e-05,8e-06,5e-13,5e-10,1.5e-10,0.0699,28400000000.0,976000000.0,12.07,-81.53
3e-05,8e-06,5e-13,5e-10,2e-10,0.0699,28400000000.0,977000000.0,12.07,-81.78
3e-05,8e-06,5e-13,5e-10,2.5e-10,0.0699,28400000000.0,975000000.0,12.07,-81.79
3e-05,8e-06,3e-13,4e-10,1e-10,0.0699,30800000000.0,1100000000.0,11.56,-83.55
3e-05,8e-06,3e-13,4e-10,5e-11,0.0699,30800000000.0,1100000000.0,11.56,-83.1
3e-05,8e-06,3e-13,4e-10,1.5e-10,0.0699,30800000000.0,1100000000.0,11.56,-83.05
3e-05,8e-06,3e-13,4e-10,2e-10,0.0699,30800000000.0,1100000000.0,11.56,-83.26
3e-05,8e-06,3e-13,4e-10,2.5e-10,0.0699,30800000000.0,1100000000.0,11.56,-83.18
3e-05,8e-06,3e-13,3e-10,1e-10,0.0699,34600000000.0,1330000000.0,10.86,-87.68
3e-05,8e-06,3e-13,3e-10,5e-11,0.0699,34600000000.0,1320000000.0,10.86,-87.06
3e-05,8e-06,3e-13,3e-10,1.5e-10,0.0699,34600000000.0,1320000000.0,10.86,-88.21
3e-05,8e-06,3e-13,3e-10,2e-10,0.0699,34600000000.0,1320000000.0,10.86,-87.18
3e-05,8e-06,3e-13,3e-10,2.5e-10,0.0699,34600000000.0,1320000000.0,10.85,-87.38
3e-05,8e-06,3e-13,3.5e-10,1e-10,0.0699,32500000000.0,1200000000.0,11.23,-84.75
3e-05,8e-06,3e-13,3.5e-10,5e-11,0.0699,32500000000.0,1190000000.0,11.24,-84.73
3e-05,8e-06,3e-13,3.5e-10,1.5e-10,0.0699,32500000000.0,1190000000.0,11.24,-84.66
3e-05,8e-06,3e-13,3.5e-10,2e-10,0.0699,32500000000.0,1190000000.0,11.24,-84.78
3e-05,8e-06,3e-13,3.5e-10,2.5e-10,0.0699,32500000000.0,1200000000.0,11.23,-84.9
3e-05,8e-06,3e-13,4.5e-10,1e-10,0.0699,29500000000.0,1030000000.0,11.84,-83.78
3e-05,8e-06,3e-13,4.5e-10,5e-11,0.0699,29500000000.0,1030000000.0,11.84,-82.19
3e-05,8e-06,3e-13,4.5e-10,1.5e-10,0.0699,29500000000.0,1030000000.0,11.84,-82.45
3e-05,8e-06,3e-13,4.5e-10,2e-10,0.0699,29500000000.0,1030000000.0,11.84,-82.17
3e-05,8e-06,3e-13,4.5e-10,2.5e-10,0.0699,29500000000.0,1030000000.0,11.84,-81.98
3e-05,8e-06,3e-13,5e-10,1e-10,0.0699,28400000000.0,979000000.0,12.07,-81.79
3e-05,8e-06,3e-13,5e-10,5e-11,0.0699,28400000000.0,968000000.0,12.07,-81.69
3e-05,8e-06,3e-13,5e-10,1.5e-10,0.0699,28400000000.0,979000000.0,12.07,-81.9
3e-05,8e-06,3e-13,5e-10,2e-10,0.0699,28400000000.0,975000000.0,12.07,-81.6
3e-05,8e-06,4e-13,4e-10,1e-10,0.0699,30800000000.0,1100000000.0,11.56,-83.56
3e-05,8e-06,4e-13,4e-10,1.5e-10,0.0699,30800000000.0,1100000000.0,11.56,-83.39
3e-05,8e-06,4e-13,4e-10,2.5e-10,0.0699,30800000000.0,1100000000.0,11.56,-84.56
3e-05,8e-06,4e-13,3e-10,1e-10,0.0699,34600000000.0,1320000000.0,10.85,-87.65
3e-05,8e-06,4e-13,3e-10,5e-11,0.0699,34600000000.0,1320000000.0,10.86,-84.77
3e-05,8e-06,4e-13,3e-10,1.5e-10,0.0699,34600000000.0,1320000000.0,10.86,-87.55
3e-05,8e-06,4e-13,3e-10,2e-10,0.0699,34600000000.0,1320000000.0,10.86,-87.39
3e-05,8e-06,4e-13,3e-10,2.5e-10,0.0699,34600000000.0,1320000000.0,10.86,-87.42
3e-05,8e-06,4e-13,3.5e-10,1e-10,0.0699,32500000000.0,1190000000.0,11.23,-84.76
3e-05,8e-06,4e-13,3.5e-10,5e-11,0.0699,32500000000.0,1190000000.0,11.24,-78.25
3e-05,8e-06,4e-13,3.5e-10,1.5e-10,0.0699,32500000000.0,1200000000.0,11.23,-84.89
3e-05,8e-06,4e-13,3.5e-10,2e-10,0.0699,32500000000.0,1200000000.0,11.24,-84.47
3e-05,8e-06,4e-13,3.5e-10,2.5e-10,0.0699,32500000000.0,1200000000.0,11.23,-84.5
3e-05,8e-06,4e-13,4.5e-10,1e-10,0.0699,29500000000.0,1030000000.0,11.84,-82.14
3e-05,8e-06,4e-13,4.5e-10,5e-11,0.0699,29500000000.0,1030000000.0,11.84,-82.54
3e-05,8e-06,4e-13,4.5e-10,1.5e-10,0.0699,29500000000.0,1030000000.0,11.84,-82.38
3e-05,8e-06,4e-13,4.5e-10,2e-10,0.0699,29500000000.0,1030000000.0,11.84,-81.95
3e-05,8e-06,4e-13,4.5e-10,2.5e-10,0.0699,29500000000.0,1030000000.0,11.84,-82.5
3e-05,8e-06,4e-13,5e-10,1e-10,0.0699,28400000000.0,979000000.0,12.07,-81.53
3e-05,8e-06,4e-13,5e-10,5e-11,0.0699,28400000000.0,977000000.0,12.07,-81.98
3e-05,8e-06,4e-13,5e-10,1.5e-10,0.0699,28400000000.0,975000000.0,12.07,-81.83
3e-05,8e-06,4e-13,5e-10,2e-10,0.0699,28400000000.0,978000000.0,12.07,-81.9
3e-05,8e-06,4e-13,5e-10,2.5e-10,0.0699,28400000000.0,969000000.0,12.07,-81.53
3e-05,8e-06,6e-13,4e-10,1e-10,0.0699,30800000000.0,1100000000.0,11.56,-83.15
3e-05,8e-06,6e-13,4e-10,5e-11,0.0699,30800000000.0,1100000000.0,11.56,-83.29
3e-05,8e-06,6e-13,4e-10,1.5e-10,0.0699,30800000000.0,1100000000.0,11.56,-83.33
3e-05,8e-06,6e-13,4e-10,2e-10,0.0699,30800000000.0,1100000000.0,11.56,-83.11
3e-05,8e-06,6e-13,3e-10,1e-10,0.0699,34600000000.0,1320000000.0,10.86,-87.63
3e-05,8e-06,6e-13,3e-10,5e-11,0.0699,34600000000.0,1320000000.0,10.85,-88.26
3e-05,8e-06,6e-13,3e-10,1.5e-10,0.0699,34600000000.0,1320000000.0,10.85,-87.08
3e-05,8e-06,6e-13,3e-10,2e-10,0.0699,34600000000.0,1330000000.0,10.86,-87.73
3e-05,8e-06,6e-13,3e-10,2.5e-10,0.0699,34600000000.0,1320000000.0,10.85,-87.22
3e-05,8e-06,6e-13,3.5e-10,1e-10,0.0699,32500000000.0,1190000000.0,11.24,-84.97
3e-05,8e-06,6e-13,3.5e-10,1.5e-10,0.0699,32500000000.0,1190000000.0,11.24,-84.61
3e-05,8e-06,6e-13,3.5e-10,2e-10,0.0699,32500000000.0,1190000000.0,11.23,-84.84
3e-05,8e-06,6e-13,3.5e-10,2.5e-10,0.0699,32500000000.0,1190000000.0,11.23,-85.31
3e-05,8e-06,6e-13,4.5e-10,5e-11,0.0699,29500000000.0,1030000000.0,11.84,-82.32
3e-05,8e-06,6e-13,4.5e-10,1.5e-10,0.0699,29500000000.0,1030000000.0,11.84,-82.47
3e-05,8e-06,6e-13,4.5e-10,2.5e-10,0.0699,29500000000.0,1030000000.0,11.84,-82.4
3e-05,8e-06,6e-13,5e-10,1e-10,0.0699,28400000000.0,977000000.0,12.07,-81.72
3e-05,8e-06,6e-13,5e-10,5e-11,0.0699,28400000000.0,979000000.0,12.07,-82.15
3e-05,8e-06,6e-13,5e-10,1.5e-10,0.0699,28400000000.0,976000000.0,12.07,-81.82
3e-05,8e-06,6e-13,5e-10,2e-10,0.0699,28400000000.0,976000000.0,12.07,-81.77
3e-05,8e-06,6e-13,5e-10,2.5e-10,0.0699,28400000000.0,974000000.0,12.07,-81.41
3e-05,8e-06,7e-13,4e-10,1e-10,0.0699,30800000000.0,1100000000.0,11.56,-83.37
3e-05,8e-06,7e-13,4e-10,5e-11,0.0699,30800000000.0,1100000000.0,11.56,-83.16
3e-05,8e-06,7e-13,4e-10,2.5e-10,0.0699,30800000000.0,1100000000.0,11.56,-83.0
3e-05,8e-06,7e-13,3e-10,1e-10,0.0699,34600000000.0,1320000000.0,10.85,-87.25
3e-05,8e-06,7e-13,3e-10,5e-11,0.0699,34600000000.0,1320000000.0,10.86,-87.32
3e-05,8e-06,7e-13,3e-10,1.5e-10,0.0699,34600000000.0,1320000000.0,10.85,-87.32
3e-05,8e-06,7e-13,3e-10,2e-10,0.0699,34600000000.0,1320000000.0,10.86,-87.49
3e-05,8e-06,7e-13,3e-10,2.5e-10,0.0699,34600000000.0,1320000000.0,10.86,-87.44
3e-05,8e-06,7e-13,3.5e-10,5e-11,0.0699,32500000000.0,1190000000.0,11.23,-84.83
3e-05,8e-06,7e-13,3.5e-10,1.5e-10,0.0699,32500000000.0,1190000000.0,11.23,-84.85
3e-05,8e-06,7e-13,3.5e-10,2e-10,0.0699,32500000000.0,1190000000.0,11.23,-85.32
3e-05,8e-06,7e-13,3.5e-10,2.5e-10,0.0699,32500000000.0,1200000000.0,11.23,-84.91
3e-05,8e-06,7e-13,4.5e-10,5e-11,0.0699,29500000000.0,1030000000.0,11.84,-82.24
3e-05,8e-06,7e-13,4.5e-10,1.5e-10,0.0699,29500000000.0,1030000000.0,11.84,-82.39
3e-05,8e-06,7e-13,4.5e-10,2e-10,0.0699,29500000000.0,1030000000.0,11.84,-82.27
3e-05,8e-06,7e-13,4.5e-10,2.5e-10,0.0699,29500000000.0,1030000000.0,11.84,-81.91
3e-05,8e-06,7e-13,5e-10,1e-10,0.0699,28400000000.0,976000000.0,12.07,-81.7
3e-05,8e-06,7e-13,5e-10,5e-11,0.0699,28400000000.0,978000000.0,12.07,-81.61
3e-05,8e-06,7e-13,5e-10,1.5e-10,0.0699,28400000000.0,976000000.0,12.07,-82.29
3e-05,8e-06,7e-13,5e-10,2e-10,0.0699,28400000000.0,976000000.0,12.07,-81.54
3e-05,8e-06,7e-13,5e-10,2.5e-10,0.0699,28400000000.0,976000000.0,12.07,-81.71
3e-05,9e-06,5e-13,4e-10,1e-10,0.0699,30600000000.0,1180000000.0,11.59,-82.98
3e-05,9e-06,5e-13,4e-10,5e-11,0.0699,30600000000.0,1180000000.0,11.59,-83.74
3e-05,9e-06,5e-13,4e-10,1.5e-10,0.0699,30600000000.0,1180000000.0,11.59,-83.28
3e-05,9e-06,5e-13,4e-10,2e-10,0.0699,30600000000.0,1180000000.0,11.59,-83.24
3e-05,9e-06,5e-13,4e-10,2.5e-10,0.0699,30600000000.0,1180000000.0,11.59,-83.04
3e-05,9e-06,5e-13,3e-10,1e-10,0.0699,34300000000.0,1420000000.0,10.88,-86.58
3e-05,9e-06,5e-13,3e-10,5e-11,0.0699,34300000000.0,1420000000.0,10.88,-87.55
3e-05,9e-06,5e-13,3e-10,1.5e-10,0.0699,34300000000.0,1420000000.0,10.88,-88.11
3e-05,9e-06,5e-13,3e-10,2e-10,0.0699,34300000000.0,1410000000.0,10.88,-87.28
3e-05,9e-06,5e-13,3e-10,2.5e-10,0.0699,34300000000.0,1420000000.0,10.88,-86.88
3e-05,9e-06,5e-13,3.5e-10,1e-10,0.0699,32200000000.0,1280000000.0,11.26,-84.89
3e-05,9e-06,5e-13,3.5e-10,5e-11,0.0699,32200000000.0,1280000000.0,11.26,-84.61
3e-05,9e-06,5e-13,3.5e-10,1.5e-10,0.0699,32200000000.0,1280000000.0,11.26,-84.56
3e-05,9e-06,5e-13,3.5e-10,2e-10,0.0699,32200000000.0,1280000000.0,11.26,-84.77
3e-05,9e-06,5e-13,3.5e-10,2.5e-10,0.0699,32200000000.0,1280000000.0,11.26,-79.32
3e-05,9e-06,5e-13,4.5e-10,1e-10,0.0699,29300000000.0,1100000000.0,11.87,-82.5
3e-05,9e-06,5e-13,4.5e-10,5e-11,0.0699,29300000000.0,1100000000.0,11.87,-82.55
3e-05,9e-06,5e-13,4.5e-10,1.5e-10,0.0699,29300000000.0,1110000000.0,11.86,-82.02
3e-05,9e-06,5e-13,4.5e-10,2e-10,0.0699,29300000000.0,1110000000.0,11.87,-82.87
3e-05,9e-06,5e-13,4.5e-10,2.5e-10,0.0699,29300000000.0,1110000000.0,11.86,-82.42
3e-05,9e-06,5e-13,5e-10,1e-10,0.0699,28300000000.0,1040000000.0,12.09,-81.71
3e-05,9e-06,5e-13,5e-10,5e-11,0.0699,28300000000.0,1050000000.0,12.09,-81.79
3e-05,9e-06,5e-13,5e-10,1.5e-10,0.0699,28300000000.0,1050000000.0,12.09,-81.74
3e-05,9e-06,5e-13,5e-10,2e-10,0.0699,28300000000.0,1040000000.0,12.08,-81.59
3e-05,9e-06,5e-13,5e-10,2.5e-10,0.0699,28300000000.0,1050000000.0,12.09,-81.63
3e-05,9e-06,3e-13,4e-10,1e-10,0.0699,30600000000.0,1180000000.0,11.59,-83.56
3e-05,9e-06,3e-13,4e-10,5e-11,0.0699,30600000000.0,1180000000.0,11.59,-83.22
3e-05,9e-06,3e-13,4e-10,1.5e-10,0.0699,30600000000.0,1180000000.0,11.59,-83.27
3e-05,9e-06,3e-13,4e-10,2e-10,0.0699,30600000000.0,1180000000.0,11.59,-83.48
3e-05,9e-06,3e-13,3e-10,1e-10,0.0699,34300000000.0,1410000000.0,10.88,-87.8
3e-05,9e-06,3e-13,3e-10,5e-11,0.0699,34300000000.0,1420000000.0,10.88,-87.42
3e-05,9e-06,3e-13,3e-10,1.5e-10,0.0699,34300000000.0,1420000000.0,10.88,-87.19
3e-05,9e-06,3e-13,3e-10,2e-10,0.0699,34300000000.0,1420000000.0,10.88,-87.29
3e-05,9e-06,3e-13,3e-10,2.5e-10,0.0699,34300000000.0,1410000000.0,10.88,-86.95
3e-05,9e-06,3e-13,3.5e-10,1e-10,0.0699,32200000000.0,1280000000.0,11.26,-84.54
3e-05,9e-06,3e-13,3.5e-10,5e-11,0.0699,32200000000.0,1280000000.0,11.26,-84.42
3e-05,9e-06,3e-13,3.5e-10,1.5e-10,0.0699,32200000000.0,1280000000.0,11.26,-84.74
3e-05,9e-06,3e-13,3.5e-10,2e-10,0.0699,32200000000.0,1280000000.0,11.26,-84.35
3e-05,9e-06,3e-13,3.5e-10,2.5e-10,0.0699,32200000000.0,1280000000.0,11.26,-85.24
3e-05,9e-06,3e-13,4.5e-10,1e-10,0.0699,29300000000.0,1110000000.0,11.87,-82.37
3e-05,9e-06,3e-13,4.5e-10,5e-11,0.0699,29300000000.0,1100000000.0,11.86,-82.34
3e-05,9e-06,3e-13,4.5e-10,1.5e-10,0.0699,29300000000.0,1110000000.0,11.87,-82.0
3e-05,9e-06,3e-13,4.5e-10,2e-10,0.0699,29300000000.0,1100000000.0,11.86,-82.17
3e-05,9e-06,3e-13,4.5e-10,2.5e-10,0.0699,29300000000.0,1110000000.0,11.87,-82.16
3e-05,9e-06,3e-13,5e-10,1e-10,0.0699,28300000000.0,1050000000.0,12.09,-81.66
3e-05,9e-06,3e-13,5e-10,5e-11,0.0699,28300000000.0,1040000000.0,12.09,-81.65
3e-05,9e-06,3e-13,5e-10,1.5e-10,0.0699,28300000000.0,1050000000.0,12.09,-83.08
3e-05,9e-06,3e-13,5e-10,2e-10,0.0699,28300000000.0,1050000000.0,12.08,-81.36
3e-05,9e-06,4e-13,4e-10,1e-10,0.0699,30600000000.0,1180000000.0,11.59,-83.2
3e-05,9e-06,4e-13,4e-10,1.5e-10,0.0699,30600000000.0,1180000000.0,11.59,-83.23
3e-05,9e-06,4e-13,4e-10,2e-10,0.0699,30600000000.0,1180000000.0,11.59,-83.54
3e-05,9e-06,4e-13,4e-10,2.5e-10,0.0699,30600000000.0,1180000000.0,11.59,-83.26
3e-05,9e-06,4e-13,3e-10,1e-10,0.0699,34300000000.0,1410000000.0,10.88,-87.25
3e-05,9e-06,4e-13,3e-10,5e-11,0.0699,34300000000.0,1410000000.0,10.88,-87.02
3e-05,9e-06,4e-13,3e-10,1.5e-10,0.0699,34300000000.0,1420000000.0,10.88,-87.25
3e-05,9e-06,4e-13,3e-10,2.5e-10,0.0699,34300000000.0,1420000000.0,10.88,-87.22
3e-05,9e-06,4e-13,3.5e-10,1e-10,0.0699,32200000000.0,1280000000.0,11.26,-79.38
3e-05,9e-06,4e-13,3.5e-10,5e-11,0.0699,32200000000.0,1270000000.0,11.26,-85.34
3e-05,9e-06,4e-13,3.5e-10,2e-10,0.0699,32200000000.0,1280000000.0,11.26,-84.4
3e-05,9e-06,4e-13,3.5e-10,2.5e-10,0.0699,32200000000.0,1280000000.0,11.26,-84.76
3e-05,9e-06,4e-13,4.5e-10,1e-10,0.0699,29300000000.0,1100000000.0,11.87,-82.21
3e-05,9e-06,4e-13,4.5e-10,5e-11,0.0699,29300000000.0,1100000000.0,11.86,-82.44
3e-05,9e-06,4e-13,4.5e-10,1.5e-10,0.0699,29300000000.0,1100000000.0,11.86,-82.09
3e-05,9e-06,4e-13,4.5e-10,2e-10,0.0699,29300000000.0,1110000000.0,11.87,-82.26
3e-05,9e-06,4e-13,4.5e-10,2.5e-10,0.0699,29300000000.0,1100000000.0,11.87,-82.58
3e-05,9e-06,4e-13,5e-10,1e-10,0.0699,28300000000.0,1050000000.0,12.08,-81.5
3e-05,9e-06,4e-13,5e-10,1.5e-10,0.0699,28300000000.0,1050000000.0,12.09,-81.5
3e-05,9e-06,4e-13,5e-10,2e-10,0.0699,28300000000.0,1050000000.0,12.08,-83.02
3e-05,9e-06,6e-13,4e-10,1e-10,0.0699,30600000000.0,1180000000.0,11.59,-83.38
3e-05,9e-06,6e-13,4e-10,1.5e-10,0.0699,30600000000.0,1180000000.0,11.59,-83.73
3e-05,9e-06,6e-13,4e-10,2.5e-10,0.0699,30600000000.0,1180000000.0,11.59,-83.18
3e-05,9e-06,6e-13,3e-10,1e-10,0.0699,34300000000.0,1410000000.0,10.88,-86.74
3e-05,9e-06,6e-13,3e-10,5e-11,0.0699,34300000000.0,1410000000.0,10.88,-87.32
3e-05,9e-06,6e-13,3e-10,1.5e-10,0.0699,34300000000.0,1410000000.0,10.88,-87.3
3e-05,9e-06,6e-13,3e-10,2e-10,0.0699,34300000000.0,1420000000.0,10.88,-87.05
3e-05,9e-06,6e-13,3.5e-10,1e-10,0.0699,32200000000.0,1280000000.0,11.26,-84.33
3e-05,9e-06,6e-13,3.5e-10,5e-11,0.0699,32200000000.0,1280000000.0,11.26,-84.9
3e-05,9e-06,6e-13,3.5e-10,1.5e-10,0.0699,32200000000.0,1280000000.0,11.26,-84.11
3e-05,9e-06,6e-13,3.5e-10,2e-10,0.0699,32200000000.0,1270000000.0,11.26,-84.6
3e-05,9e-06,6e-13,4.5e-10,1e-10,0.0699,29300000000.0,1110000000.0,11.87,-82.84
3e-05,9e-06,6e-13,4.5e-10,5e-11,0.0699,29300000000.0,1100000000.0,11.87,-82.41
3e-05,9e-06,6e-13,4.5e-10,1.5e-10,0.0699,29300000000.0,1100000000.0,11.87,-82.09
3e-05,9e-06,6e-13,4.5e-10,2.5e-10,0.0699,29300000000.0,1100000000.0,11.86,-82.49
3e-05,9e-06,6e-13,5e-10,1e-10,0.0699,28300000000.0,1050000000.0,12.08,-81.51
3e-05,9e-06,6e-13,5e-10,5e-11,0.0699,28300000000.0,1040000000.0,12.09,-81.69
3e-05,9e-06,6e-13,5e-10,1.5e-10,0.0699,28300000000.0,1050000000.0,12.09,-81.18
3e-05,9e-06,6e-13,5e-10,2.5e-10,0.0699,28300000000.0,1040000000.0,12.08,-81.39
3e-05,9e-06,7e-13,4e-10,5e-11,0.0699,30600000000.0,1180000000.0,11.59,-83.05
3e-05,9e-06,7e-13,4e-10,2.5e-10,0.0699,30600000000.0,1180000000.0,11.59,-82.99
3e-05,9e-06,7e-13,3e-10,1e-10,0.0699,34300000000.0,1420000000.0,10.88,-86.6
3e-05,9e-06,7e-13,3e-10,5e-11,0.0699,34300000000.0,1410000000.0,10.88,-87.24
3e-05,9e-06,7e-13,3e-10,1.5e-10,0.0699,34300000000.0,1410000000.0,10.88,-86.92
3e-05,9e-06,7e-13,3e-10,2.5e-10,0.0699,34300000000.0,1410000000.0,10.88,-87.72
3e-05,9e-06,7e-13,3.5e-10,1e-10,0.0699,32200000000.0,1280000000.0,11.26,-84.82
3e-05,9e-06,7e-13,3.5e-10,5e-11,0.0699,32200000000.0,1280000000.0,11.26,-84.63
3e-05,9e-06,7e-13,3.5e-10,1.5e-10,0.0699,32200000000.0,1280000000.0,11.26,-84.8
3e-05,9e-06,7e-13,3.5e-10,2e-10,0.0699,32200000000.0,1280000000.0,11.26,-84.57
3e-05,9e-06,7e-13,3.5e-10,2.5e-10,0.0699,32200000000.0,1280000000.0,11.26,-84.51
3e-05,9e-06,7e-13,4.5e-10,5e-11,0.0699,29300000000.0,1110000000.0,11.87,-82.47
3e-05,9e-06,7e-13,4.5e-10,2e-10,0.0699,29300000000.0,1100000000.0,11.87,-82.25
3e-05,9e-06,7e-13,4.5e-10,2.5e-10,0.0699,29300000000.0,1100000000.0,11.86,-82.5
3e-05,9e-06,7e-13,5e-10,1e-10,0.0699,28300000000.0,1040000000.0,12.09,-81.14
3e-05,9e-06,7e-13,5e-10,5e-11,0.0699,28300000000.0,1050000000.0,12.09,-81.49
3e-05,9e-06,7e-13,5e-10,2e-10,0.0699,28300000000.0,1040000000.0,12.09,-81.52
3e-05,9e-06,7e-13,5e-10,2.5e-10,0.0699,28300000000.0,1040000000.0,12.09,-82.08
3e-05,1e-05,5e-13,4e-10,1e-10,0.0699,30400000000.0,1240000000.0,11.61,-83.37
3e-05,1e-05,5e-13,4e-10,5e-11,0.0699,30400000000.0,1240000000.0,11.61,-83.17
3e-05,1e-05,5e-13,4e-10,1.5e-10,0.0699,30400000000.0,1240000000.0,11.61,-75.38
3e-05,1e-05,5e-13,4e-10,2e-10,0.0699,30400000000.0,1250000000.0,11.61,-83.47
3e-05,1e-05,5e-13,4e-10,2.5e-10,0.0699,30400000000.0,1250000000.0,11.61,-83.14
3e-05,1e-05,5e-13,3e-10,1e-10,0.0699,34100000000.0,1490000000.0,10.9,-87.13
3e-05,1e-05,5e-13,3e-10,5e-11,0.0699,34100000000.0,1500000000.0,10.9,-87.11
3e-05,1e-05,5e-13,3e-10,1.5e-10,0.0699,34100000000.0,1500000000.0,10.9,-87.13
3e-05,1e-05,5e-13,3e-10,2e-10,0.0699,34100000000.0,1500000000.0,10.9,-87.44
3e-05,1e-05,5e-13,3e-10,2.5e-10,0.0699,34100000000.0,1500000000.0,10.9,-86.39
3e-05,1e-05,5e-13,3.5e-10,1e-10,0.0699,32000000000.0,1350000000.0,11.28,-83.73
3e-05,1e-05,5e-13,3.5e-10,5e-11,0.0699,32000000000.0,1350000000.0,11.28,-84.41
3e-05,1e-05,5e-13,3.5e-10,1.5e-10,0.0699,32000000000.0,1350000000.0,11.28,-84.4
3e-05,1e-05,5e-13,3.5e-10,2e-10,0.0699,32000000000.0,1350000000.0,11.28,-84.67
3e-05,1e-05,5e-13,4.5e-10,1e-10,0.0699,29100000000.0,1160000000.0,11.89,-82.63
3e-05,1e-05,5e-13,4.5e-10,5e-11,0.0699,29100000000.0,1170000000.0,11.89,-82.16
3e-05,1e-05,5e-13,4.5e-10,1.5e-10,0.0699,29100000000.0,1170000000.0,11.88,-82.03
3e-05,1e-05,5e-13,4.5e-10,2e-10,0.0699,29100000000.0,1160000000.0,11.88,-82.14
3e-05,1e-05,5e-13,4.5e-10,2.5e-10,0.0699,29100000000.0,1160000000.0,11.89,-82.46
3e-05,1e-05,5e-13,5e-10,1e-10,0.0699,28100000000.0,1100000000.0,12.1,-81.81
3e-05,1e-05,5e-13,5e-10,5e-11,0.0699,28100000000.0,1110000000.0,12.1,-81.44
3e-05,1e-05,5e-13,5e-10,1.5e-10,0.0699,28100000000.0,1100000000.0,12.1,-81.5
3e-05,1e-05,5e-13,5e-10,2e-10,0.0699,28100000000.0,1100000000.0,12.1,-81.43
3e-05,1e-05,5e-13,5e-10,2.5e-10,0.0699,28100000000.0,1110000000.0,12.1,-81.41
3e-05,1e-05,3e-13,4e-10,1e-10,0.0699,30400000000.0,1250000000.0,11.61,-83.23
3e-05,1e-05,3e-13,4e-10,5e-11,0.0699,30400000000.0,1240000000.0,11.61,-82.97
3e-05,1e-05,3e-13,4e-10,1.5e-10,0.0699,30400000000.0,1240000000.0,11.61,-82.57
3e-05,1e-05,3e-13,4e-10,2e-10,0.0699,30400000000.0,1240000000.0,11.61,-83.0
3e-05,1e-05,3e-13,4e-10,2.5e-10,0.0699,30400000000.0,1250000000.0,11.61,-83.18
3e-05,1e-05,3e-13,3e-10,1e-10,0.0699,34100000000.0,1500000000.0,10.9,-87.05
3e-05,1e-05,3e-13,3e-10,5e-11,0.0699,34100000000.0,1500000000.0,10.9,-87.08
3e-05,1e-05,3e-13,3e-10,1.5e-10,0.0699,34100000000.0,1490000000.0,10.9,-87.0
3e-05,1e-05,3e-13,3e-10,2e-10,0.0699,34100000000.0,1500000000.0,10.9,-86.6
3e-05,1e-05,3e-13,3e-10,2.5e-10,0.0699,34100000000.0,1490000000.0,10.9,-86.75
3e-05,1e-05,3e-13,3.5e-10,1e-10,0.0699,32000000000.0,1350000000.0,11.28,-84.66
3e-05,1e-05,3e-13,3.5e-10,5e-11,0.0699,32000000000.0,1350000000.0,11.28,-84.64
3e-05,1e-05,3e-13,3.5e-10,1.5e-10,0.0699,32000000000.0,1350000000.0,11.28,-84.46
3e-05,1e-05,3e-13,3.5e-10,2e-10,0.0699,32000000000.0,1350000000.0,11.28,-84.65
3e-05,1e-05,3e-13,3.5e-10,2.5e-10,0.0699,32000000000.0,1350000000.0,11.28,-84.49
3e-05,1e-05,3e-13,4.5e-10,1e-10,0.0699,29100000000.0,1170000000.0,11.89,-82.39
3e-05,1e-05,3e-13,4.5e-10,5e-11,0.0699,29100000000.0,1170000000.0,11.89,-82.47
3e-05,1e-05,3e-13,4.5e-10,1.5e-10,0.0699,29100000000.0,1170000000.0,11.89,-82.4
3e-05,1e-05,3e-13,4.5e-10,2e-10,0.0699,29100000000.0,1170000000.0,11.88,-82.41
3e-05,1e-05,3e-13,4.5e-10,2.5e-10,0.0699,29100000000.0,1170000000.0,11.89,-82.24
3e-05,1e-05,3e-13,5e-10,1e-10,0.0699,28100000000.0,1100000000.0,12.1,-82.1
3e-05,1e-05,3e-13,5e-10,5e-11,0.0699,28100000000.0,1100000000.0,12.1,-81.57
3e-05,1e-05,3e-13,5e-10,1.5e-10,0.0699,28100000000.0,1110000000.0,12.1,-81.7
3e-05,1e-05,3e-13,5e-10,2e-10,0.0699,28100000000.0,1110000000.0,12.1,-81.62
3e-05,1e-05,3e-13,5e-10,2.5e-10,0.0699,28100000000.0,1100000000.0,12.1,-81.52
3e-05,1e-05,4e-13,4e-10,1e-10,0.0699,30400000000.0,1250000000.0,11.61,-83.26
3e-05,1e-05,4e-13,4e-10,5e-11,0.0699,30400000000.0,1250000000.0,11.61,-83.46
3e-05,1e-05,4e-13,4e-10,1.5e-10,0.0699,30400000000.0,1250000000.0,11.61,-83.32
3e-05,1e-05,4e-13,4e-10,2.5e-10,0.0699,30400000000.0,1240000000.0,11.61,-82.81
3e-05,1e-05,4e-13,3e-10,1e-10,0.0699,34100000000.0,1500000000.0,10.9,-87.0
3e-05,1e-05,4e-13,3e-10,5e-11,0.0699,34100000000.0,1500000000.0,10.9,-87.41
3e-05,1e-05,4e-13,3e-10,1.5e-10,0.0699,34100000000.0,1500000000.0,10.9,-87.12
3e-05,1e-05,4e-13,3e-10,2e-10,0.0699,34100000000.0,1500000000.0,10.9,-86.98
3e-05,1e-05,4e-13,3.5e-10,1e-10,0.0699,32000000000.0,1350000000.0,11.28,-84.43
3e-05,1e-05,4e-13,3.5e-10,5e-11,0.0699,32000000000.0,1350000000.0,11.28,-84.68
3e-05,1e-05,4e-13,3.5e-10,1.5e-10,0.0699,32000000000.0,1350000000.0,11.28,-83.72
3e-05,1e-05,4e-13,3.5e-10,2.5e-10,0.0699,32000000000.0,1350000000.0,11.28,-83.7
3e-05,1e-05,4e-13,4.5e-10,1e-10,0.0699,29100000000.0,1170000000.0,11.89,-82.41
3e-05,1e-05,4e-13,4.5e-10,5e-11,0.0699,29100000000.0,1160000000.0,11.88,-82.28
3e-05,1e-05,4e-13,4.5e-10,1.5e-10,0.0699,29100000000.0,1170000000.0,11.89,-82.57
3e-05,1e-05,4e-13,4.5e-10,2e-10,0.0699,29100000000.0,1160000000.0,11.88,-82.34
3e-05,1e-05,4e-13,4.5e-10,2.5e-10,0.0699,29100000000.0,1170000000.0,11.89,-82.25
3e-05,1e-05,4e-13,5e-10,1e-10,0.0699,28100000000.0,1110000000.0,12.1,-81.4
3e-05,1e-05,4e-13,5e-10,5e-11,0.0699,28100000000.0,1100000000.0,12.1,-81.79
3e-05,1e-05,4e-13,5e-10,1.5e-10,0.0699,28100000000.0,1100000000.0,12.1,-81.63
3e-05,1e-05,4e-13,5e-10,2e-10,0.0699,28100000000.0,1100000000.0,12.1,-81.35
3e-05,1e-05,4e-13,5e-10,2.5e-10,0.0699,28100000000.0,1110000000.0,12.1,-81.45
3e-05,1e-05,6e-13,4e-10,1e-10,0.0699,30400000000.0,1240000000.0,11.61,-83.01
3e-05,1e-05,6e-13,4e-10,5e-11,0.0699,30400000000.0,1240000000.0,11.61,-83.18
3e-05,1e-05,6e-13,4e-10,1.5e-10,0.0699,30400000000.0,1250000000.0,11.61,-83.16
3e-05,1e-05,6e-13,4e-10,2e-10,0.0699,30400000000.0,1240000000.0,11.61,-82.88
3e-05,1e-05,6e-13,4e-10,2.5e-10,0.0699,30400000000.0,1240000000.0,11.61,-83.23
3e-05,1e-05,6e-13,3e-10,1e-10,0.0699,34100000000.0,1500000000.0,10.9,-87.09
3e-05,1e-05,6e-13,3e-10,5e-11,0.0699,34100000000.0,1500000000.0,10.9,-87.22
3e-05,1e-05,6e-13,3e-10,1.5e-10,0.0699,34100000000.0,1490000000.0,10.9,-87.04
3e-05,1e-05,6e-13,3e-10,2e-10,0.0699,34100000000.0,1500000000.0,10.9,-86.57
3e-05,1e-05,6e-13,3e-10,2.5e-10,0.0699,34100000000.0,1490000000.0,10.9,-88.62
3e-05,1e-05,6e-13,3.5e-10,1e-10,0.0699,32000000000.0,1350000000.0,11.28,-84.87
3e-05,1e-05,6e-13,3.5e-10,5e-11,0.0699,32000000000.0,1350000000.0,11.28,-83.74
3e-05,1e-05,6e-13,3.5e-10,1.5e-10,0.0699,32000000000.0,1350000000.0,11.28,-84.84
3e-05,1e-05,6e-13,4.5e-10,5e-11,0.0699,29100000000.0,1170000000.0,11.89,-82.17
3e-05,1e-05,6e-13,4.5e-10,1.5e-10,0.0699,29100000000.0,1160000000.0,11.89,-82.59
3e-05,1e-05,6e-13,4.5e-10,2e-10,0.0699,29100000000.0,1160000000.0,11.89,-82.25
3e-05,1e-05,6e-13,4.5e-10,2.5e-10,0.0699,29100000000.0,1170000000.0,11.89,-82.37
3e-05,1e-05,6e-13,5e-10,1e-10,0.0699,28100000000.0,1110000000.0,12.1,-81.18
3e-05,1e-05,6e-13,5e-10,1.5e-10,0.0699,28100000000.0,1110000000.0,12.1,-81.46
3e-05,1e-05,6e-13,5e-10,2e-10,0.0699,28100000000.0,1110000000.0,12.1,-81.63
3e-05,1e-05,6e-13,5e-10,2.5e-10,0.0699,28100000000.0,1100000000.0,12.1,-82.8
3e-05,1e-05,7e-13,4e-10,1e-10,0.0699,30400000000.0,1240000000.0,11.61,-84.1
3e-05,1e-05,7e-13,4e-10,5e-11,0.0699,30400000000.0,1240000000.0,11.61,-82.94
3e-05,1e-05,7e-13,4e-10,1.5e-10,0.0699,30400000000.0,1240000000.0,11.61,-83.24
3e-05,1e-05,7e-13,4e-10,2e-10,0.0699,30400000000.0,1240000000.0,11.61,-83.29
3e-05,1e-05,7e-13,4e-10,2.5e-10,0.0699,30400000000.0,1240000000.0,11.61,-83.3
3e-05,1e-05,7e-13,3e-10,1e-10,0.0699,34100000000.0,1490000000.0,10.9,-88.32
3e-05,1e-05,7e-13,3e-10,5e-11,0.0699,34100000000.0,1500000000.0,10.9,-86.84
3e-05,1e-05,7e-13,3e-10,2e-10,0.0699,34100000000.0,1500000000.0,10.9,-86.9
3e-05,1e-05,7e-13,3.5e-10,5e-11,0.0699,32000000000.0,1350000000.0,11.28,-84.86
3e-05,1e-05,7e-13,4.5e-10,1e-10,0.0699,29100000000.0,1160000000.0,11.89,-82.41
3e-05,1e-05,7e-13,4.5e-10,5e-11,0.0699,29100000000.0,1160000000.0,11.89,-82.47
3e-05,1e-05,7e-13,4.5e-10,1.5e-10,0.0699,29100000000.0,1160000000.0,11.89,-82.54
3e-05,1e-05,7e-13,4.5e-10,2e-10,0.0699,29100000000.0,1160000000.0,11.88,-82.45
3e-05,1e-05,7e-13,4.5e-10,2.5e-10,0.0699,29100000000.0,1160000000.0,11.88,-81.64
3e-05,1e-05,7e-13,5e-10,1e-10,0.0699,28100000000.0,1100000000.0,12.1,-82.27
3e-05,1e-05,7e-13,5e-10,5e-11,0.0699,28100000000.0,1100000000.0,12.1,-81.48
3e-05,1e-05,7e-13,5e-10,1.5e-10,0.0699,28100000000.0,1110000000.0,12.1,-81.85
3e-05,1e-05,7e-13,5e-10,2e-10,0.0699,28100000000.0,1100000000.0,12.1,-81.67
3e-05,1e-05,7e-13,5e-10,2.5e-10,0.0699,28100000000.0,1110000000.0,12.1,-81.69
3e-05,1.1e-05,5e-13,4e-10,1e-10,0.0699,30200000000.0,1300000000.0,11.63,-83.27
3e-05,1.1e-05,5e-13,4e-10,5e-11,0.0699,30200000000.0,1300000000.0,11.63,-84.27
3e-05,1.1e-05,5e-13,4e-10,1.5e-10,0.0699,30200000000.0,1300000000.0,11.63,-83.38
3e-05,1.1e-05,5e-13,4e-10,2e-10,0.0699,30200000000.0,1300000000.0,11.63,-83.21
3e-05,1.1e-05,5e-13,4e-10,2.5e-10,0.0699,30200000000.0,1300000000.0,11.63,-84.29
3e-05,1.1e-05,5e-13,3e-10,1e-10,0.0699,33900000000.0,1560000000.0,10.91,-87.53
3e-05,1.1e-05,5e-13,3e-10,5e-11,0.0699,33900000000.0,1550000000.0,10.91,-86.48
3e-05,1.1e-05,5e-13,3e-10,1.5e-10,0.0699,33900000000.0,1560000000.0,10.91,-86.7
3e-05,1.1e-05,5e-13,3e-10,2e-10,0.0699,33900000000.0,1560000000.0,10.91,-86.67
3e-05,1.1e-05,5e-13,3e-10,2.5e-10,0.0699,33900000000.0,1560000000.0,10.91,-86.71
3e-05,1.1e-05,5e-13,3.5e-10,1e-10,0.0699,31800000000.0,1410000000.0,11.3,-84.29
3e-05,1.1e-05,5e-13,3.5e-10,5e-11,0.0699,31800000000.0,1410000000.0,11.3,-84.5
3e-05,1.1e-05,5e-13,3.5e-10,1.5e-10,0.0699,31800000000.0,1410000000.0,11.3,-84.54
3e-05,1.1e-05,5e-13,3.5e-10,2e-10,0.0699,31800000000.0,1410000000.0,11.3,-84.3
3e-05,1.1e-05,5e-13,3.5e-10,2.5e-10,0.0699,31800000000.0,1410000000.0,11.3,-84.84
3e-05,1.1e-05,5e-13,4.5e-10,1e-10,0.0699,29000000000.0,1210000000.0,11.9,-82.73
3e-05,1.1e-05,5e-13,4.5e-10,5e-11,0.0699,29000000000.0,1220000000.0,11.9,-82.33
3e-05,1.1e-05,5e-13,4.5e-10,1.5e-10,0.0699,29000000000.0,1220000000.0,11.9,-82.18
3e-05,1.1e-05,5e-13,4.5e-10,2e-10,0.0699,29000000000.0,1220000000.0,11.9,-81.99
3e-05,1.1e-05,5e-13,4.5e-10,2.5e-10,0.0699,29000000000.0,1220000000.0,11.9,-81.94
3e-05,1.1e-05,5e-13,5e-10,1e-10,0.0699,27900000000.0,1140000000.0,12.11,-81.92
3e-05,1.1e-05,5e-13,5e-10,5e-11,0.0699,27900000000.0,1150000000.0,12.11,-81.37
3e-05,1.1e-05,5e-13,5e-10,1.5e-10,0.0699,27900000000.0,1140000000.0,12.11,-81.54
3e-05,1.1e-05,5e-13,5e-10,2e-10,0.0699,27900000000.0,1140000000.0,12.11,-81.93
3e-05,1.1e-05,5e-13,5e-10,2.5e-10,0.0699,27900000000.0,1150000000.0,12.11,-81.44
3e-05,1.1e-05,3e-13,4e-10,1e-10,0.0699,30200000000.0,1300000000.0,11.63,-82.95
3e-05,1.1e-05,3e-13,4e-10,5e-11,0.0699,30300000000.0,1300000000.0,11.63,-83.06
3e-05,1.1e-05,3e-13,4e-10,1.5e-10,0.0699,30200000000.0,1300000000.0,11.63,-83.33
3e-05,1.1e-05,3e-13,4e-10,2.5e-10,0.0699,30200000000.0,1300000000.0,11.63,-82.8
3e-05,1.1e-05,3e-13,3e-10,1e-10,0.0699,33900000000.0,1570000000.0,10.91,-86.93
3e-05,1.1e-05,3e-13,3e-10,5e-11,0.0699,33900000000.0,1560000000.0,10.92,-87.09
3e-05,1.1e-05,3e-13,3e-10,1.5e-10,0.0699,33900000000.0,1570000000.0,10.91,-86.23
3e-05,1.1e-05,3e-13,3e-10,2e-10,0.0699,33900000000.0,1560000000.0,10.92,-87.21
3e-05,1.1e-05,3e-13,3e-10,2.5e-10,0.0699,33900000000.0,1560000000.0,10.92,-86.9
3e-05,1.1e-05,3e-13,3.5e-10,1e-10,0.0699,31800000000.0,1410000000.0,11.3,-84.36
3e-05,1.1e-05,3e-13,3.5e-10,5e-11,0.0699,31800000000.0,1410000000.0,11.3,-83.67
3e-05,1.1e-05,3e-13,3.5e-10,1.5e-10,0.0699,31800000000.0,1410000000.0,11.3,-84.26
3e-05,1.1e-05,3e-13,3.5e-10,2e-10,0.0699,31800000000.0,1410000000.0,11.3,-84.81
3e-05,1.1e-05,3e-13,3.5e-10,2.5e-10,0.0699,31800000000.0,1410000000.0,11.3,-84.66
3e-05,1.1e-05,3e-13,4.5e-10,1e-10,0.0699,29000000000.0,1220000000.0,11.9,-82.04
3e-05,1.1e-05,3e-13,4.5e-10,5e-11,0.0699,29000000000.0,1220000000.0,11.9,-82.31
3e-05,1.1e-05,3e-13,4.5e-10,1.5e-10,0.0699,29000000000.0,1220000000.0,11.9,-82.2
3e-05,1.1e-05,3e-13,4.5e-10,2e-10,0.0699,29000000000.0,1210000000.0,11.9,-82.11
3e-05,1.1e-05,3e-13,4.5e-10,2.5e-10,0.0699,29000000000.0,1210000000.0,11.9,-82.63
3e-05,1.1e-05,3e-13,5e-10,1e-10,0.0699,27900000000.0,1150000000.0,12.11,-82.39
3e-05,1.1e-05,3e-13,5e-10,5e-11,0.0699,27900000000.0,1150000000.0,12.11,-81.65
3e-05,1.1e-05,3e-13,5e-10,1.5e-10,0.0699,27900000000.0,1140000000.0,12.11,-81.57
3e-05,1.1e-05,3e-13,5e-10,2e-10,0.0699,27900000000.0,1150000000.0,12.11,-81.67
3e-05,1.1e-05,3e-13,5e-10,2.5e-10,0.0699,27900000000.0,1150000000.0,12.11,-81.29
3e-05,1.1e-05,4e-13,4e-10,1e-10,0.0699,30200000000.0,1300000000.0,11.63,-83.39
3e-05,1.1e-05,4e-13,4e-10,5e-11,0.0699,30200000000.0,1300000000.0,11.63,-83.24
3e-05,1.1e-05,4e-13,4e-10,1.5e-10,0.0699,30200000000.0,1300000000.0,11.63,-83.25
3e-05,1.1e-05,4e-13,4e-10,2e-10,0.0699,30200000000.0,1300000000.0,11.63,-82.99
3e-05,1.1e-05,4e-13,4e-10,2.5e-10,0.0699,30200000000.0,1300000000.0,11.63,-83.41
3e-05,1.1e-05,4e-13,3e-10,1e-10,0.0699,33900000000.0,1560000000.0,10.92,-86.75
3e-05,1.1e-05,4e-13,3e-10,5e-11,0.0699,33900000000.0,1560000000.0,10.92,-86.58
3e-05,1.1e-05,4e-13,3e-10,1.5e-10,0.0699,33900000000.0,1550000000.0,10.91,-86.46
3e-05,1.1e-05,4e-13,3e-10,2e-10,0.0699,33900000000.0,1560000000.0,10.91,-87.06
3e-05,1.1e-05,4e-13,3e-10,2.5e-10,0.0699,33900000000.0,1560000000.0,10.92,-86.96
3e-05,1.1e-05,4e-13,3.5e-10,1e-10,0.0699,31800000000.0,1410000000.0,11.3,-84.49
3e-05,1.1e-05,4e-13,3.5e-10,5e-11,0.0699,31800000000.0,1410000000.0,11.3,-84.19
3e-05,1.1e-05,4e-13,3.5e-10,1.5e-10,0.0699,31800000000.0,1410000000.0,11.3,-84.27
3e-05,1.1e-05,4e-13,3.5e-10,2.5e-10,0.0699,31800000000.0,1410000000.0,11.3,-84.53
3e-05,1.1e-05,4e-13,4.5e-10,1e-10,0.0699,29000000000.0,1210000000.0,11.9,-82.21
3e-05,1.1e-05,4e-13,4.5e-10,5e-11,0.0699,29000000000.0,1220000000.0,11.9,-82.23
3e-05,1.1e-05,4e-13,4.5e-10,1.5e-10,0.0699,29000000000.0,1210000000.0,11.9,-82.16
3e-05,1.1e-05,4e-13,4.5e-10,2e-10,0.0699,29000000000.0,1210000000.0,11.9,-82.36
3e-05,1.1e-05,4e-13,4.5e-10,2.5e-10,0.0699,29000000000.0,1220000000.0,11.9,-82.49
3e-05,1.1e-05,4e-13,5e-10,1e-10,0.0699,27900000000.0,1160000000.0,12.11,-81.81
3e-05,1.1e-05,4e-13,5e-10,2e-10,0.0699,27900000000.0,1160000000.0,12.11,-81.63
3e-05,1.1e-05,4e-13,5e-10,2.5e-10,0.0699,27900000000.0,1150000000.0,12.11,-81.45
3e-05,1.1e-05,6e-13,4e-10,1e-10,0.0699,30200000000.0,1300000000.0,11.63,-83.22
3e-05,1.1e-05,6e-13,4e-10,2e-10,0.0699,30200000000.0,1300000000.0,11.63,-83.16
3e-05,1.1e-05,6e-13,3e-10,1e-10,0.0699,33900000000.0,1560000000.0,10.91,-86.97
3e-05,1.1e-05,6e-13,3e-10,5e-11,0.0699,33900000000.0,1560000000.0,10.92,-86.95
3e-05,1.1e-05,6e-13,3e-10,1.5e-10,0.0699,33900000000.0,1560000000.0,10.91,-86.83
3e-05,1.1e-05,6e-13,3e-10,2e-10,0.0699,33900000000.0,1550000000.0,10.91,-88.02
3e-05,1.1e-05,6e-13,3e-10,2.5e-10,0.0699,33900000000.0,1560000000.0,10.91,-80.0
3e-05,1.1e-05,6e-13,3.5e-10,1e-10,0.0699,31800000000.0,1410000000.0,11.3,-84.37
3e-05,1.1e-05,6e-13,3.5e-10,5e-11,0.0699,31800000000.0,1410000000.0,11.3,-84.43
3e-05,1.1e-05,6e-13,3.5e-10,1.5e-10,0.0699,31800000000.0,1410000000.0,11.3,-84.12
3e-05,1.1e-05,6e-13,3.5e-10,2e-10,0.0699,31800000000.0,1410000000.0,11.3,-84.42
3e-05,1.1e-05,6e-13,3.5e-10,2.5e-10,0.0699,31800000000.0,1410000000.0,11.3,-84.52
3e-05,1.1e-05,6e-13,4.5e-10,1e-10,0.0699,29000000000.0,1220000000.0,11.9,-82.29
3e-05,1.1e-05,6e-13,4.5e-10,5e-11,0.0699,29000000000.0,1220000000.0,11.9,-82.43
3e-05,1.1e-05,6e-13,4.5e-10,1.5e-10,0.0699,29000000000.0,1210000000.0,11.9,-82.17
3e-05,1.1e-05,6e-13,4.5e-10,2.5e-10,0.0699,29000000000.0,1220000000.0,11.9,-82.21
3e-05,1.1e-05,6e-13,5e-10,1e-10,0.0699,27900000000.0,1150000000.0,12.11,-81.68
3e-05,1.1e-05,6e-13,5e-10,5e-11,0.0699,27900000000.0,1150000000.0,12.11,-81.81
3e-05,1.1e-05,6e-13,5e-10,2e-10,0.0699,27900000000.0,1150000000.0,12.11,-81.46
3e-05,1.1e-05,6e-13,5e-10,2.5e-10,0.0699,27900000000.0,1150000000.0,12.11,-81.57
3e-05,1.1e-05,7e-13,4e-10,5e-11,0.0699,30200000000.0,1300000000.0,11.63,-83.13
3e-05,1.1e-05,7e-13,4e-10,1.5e-10,0.0699,30200000000.0,1300000000.0,11.63,-83.28
3e-05,1.1e-05,7e-13,4e-10,2.5e-10,0.0699,30200000000.0,1300000000.0,11.63,-82.78
3e-05,1.1e-05,7e-13,3e-10,1e-10,0.0699,33900000000.0,1560000000.0,10.91,-80.54
3e-05,1.1e-05,7e-13,3e-10,5e-11,0.0699,33900000000.0,1550000000.0,10.91,-86.85
3e-05,1.1e-05,7e-13,3e-10,1.5e-10,0.0699,33900000000.0,1560000000.0,10.91,-87.15
3e-05,1.1e-05,7e-13,3e-10,2e-10,0.0699,33900000000.0,1560000000.0,10.91,-86.95
3e-05,1.1e-05,7e-13,3e-10,2.5e-10,0.0699,33900000000.0,1560000000.0,10.91,-87.12
3e-05,1.1e-05,7e-13,3.5e-10,1e-10,0.0699,31800000000.0,1410000000.0,11.3,-84.61
3e-05,1.1e-05,7e-13,3.5e-10,1.5e-10,0.0699,31800000000.0,1410000000.0,11.3,-84.09
3e-05,1.1e-05,7e-13,3.5e-10,2e-10,0.0699,31800000000.0,1410000000.0,11.3,-85.21
3e-05,1.1e-05,7e-13,4.5e-10,5e-11,0.0699,29000000000.0,1210000000.0,11.9,-82.18
3e-05,1.1e-05,7e-13,4.5e-10,1.5e-10,0.0699,29000000000.0,1210000000.0,11.9,-82.09
3e-05,1.1e-05,7e-13,4.5e-10,2e-10,0.0699,29000000000.0,1220000000.0,11.9,-83.94
3e-05,1.1e-05,7e-13,4.5e-10,2.5e-10,0.0699,29000000000.0,1210000000.0,11.9,-82.04
3e-05,1.1e-05,7e-13,5e-10,1e-10,0.0699,27900000000.0,1160000000.0,12.11,-81.64
3e-05,1.1e-05,7e-13,5e-10,5e-11,0.0699,27900000000.0,1150000000.0,12.11,-81.62
3e-05,1.2e-05,5e-13,4e-10,1e-10,0.0699,30100000000.0,1340000000.0,11.64,-83.04
3e-05,1.2e-05,5e-13,4e-10,5e-11,0.0699,30100000000.0,1340000000.0,11.64,-83.37
3e-05,1.2e-05,5e-13,4e-10,1.5e-10,0.0699,30100000000.0,1340000000.0,11.64,-82.91
3e-05,1.2e-05,5e-13,4e-10,2e-10,0.0699,30100000000.0,1340000000.0,11.64,-83.31
3e-05,1.2e-05,5e-13,4e-10,2.5e-10,0.0699,30100000000.0,1340000000.0,11.64,-83.32
3e-05,1.2e-05,5e-13,3e-10,1e-10,0.0699,33700000000.0,1610000000.0,10.92,-85.78
3e-05,1.2e-05,5e-13,3e-10,5e-11,0.0699,33700000000.0,1610000000.0,10.92,-86.52
3e-05,1.2e-05,5e-13,3e-10,1.5e-10,0.0699,33700000000.0,1610000000.0,10.92,-86.47
3e-05,1.2e-05,5e-13,3e-10,2e-10,0.0699,33700000000.0,1610000000.0,10.92,-80.42
3e-05,1.2e-05,5e-13,3e-10,2.5e-10,0.0699,33700000000.0,1610000000.0,10.92,-84.9
3e-05,1.2e-05,5e-13,3.5e-10,1e-10,0.0699,31600000000.0,1450000000.0,11.31,-84.21
3e-05,1.2e-05,5e-13,3.5e-10,5e-11,0.0699,31600000000.0,1450000000.0,11.31,-84.2
3e-05,1.2e-05,5e-13,3.5e-10,1.5e-10,0.0699,31600000000.0,1450000000.0,11.31,-84.09
3e-05,1.2e-05,5e-13,3.5e-10,2e-10,0.0699,31600000000.0,1460000000.0,11.32,-84.26
3e-05,1.2e-05,5e-13,3.5e-10,2.5e-10,0.0699,31600000000.0,1460000000.0,11.32,-84.28
3e-05,1.2e-05,5e-13,4.5e-10,1e-10,0.0699,28800000000.0,1260000000.0,11.91,-83.71
3e-05,1.2e-05,5e-13,4.5e-10,5e-11,0.0699,28800000000.0,1250000000.0,11.91,-82.3
3e-05,1.2e-05,5e-13,4.5e-10,1.5e-10,0.0699,28800000000.0,1260000000.0,11.91,-82.35
3e-05,1.2e-05,5e-13,4.5e-10,2e-10,0.0699,28800000000.0,1260000000.0,11.91,-82.26
3e-05,1.2e-05,5e-13,4.5e-10,2.5e-10,0.0699,28800000000.0,1260000000.0,11.91,-82.07
3e-05,1.2e-05,5e-13,5e-10,1e-10,0.0699,27700000000.0,1190000000.0,12.12,-81.36
3e-05,1.2e-05,5e-13,5e-10,5e-11,0.0699,27700000000.0,1200000000.0,12.12,-81.55
3e-05,1.2e-05,5e-13,5e-10,1.5e-10,0.0699,27700000000.0,1190000000.0,12.12,-81.52
3e-05,1.2e-05,5e-13,5e-10,2e-10,0.0699,27700000000.0,1190000000.0,12.12,-81.55
3e-05,1.2e-05,5e-13,5e-10,2.5e-10,0.0699,27700000000.0,1180000000.0,12.12,-81.55
3e-05,1.2e-05,3e-13,4e-10,1e-10,0.0699,30100000000.0,1340000000.0,11.64,-83.4
3e-05,1.2e-05,3e-13,4e-10,5e-11,0.0699,30100000000.0,1340000000.0,11.64,-83.17
3e-05,1.2e-05,3e-13,4e-10,1.5e-10,0.0699,30100000000.0,1340000000.0,11.64,-82.38
3e-05,1.2e-05,3e-13,4e-10,2e-10,0.0699,30100000000.0,1340000000.0,11.64,-83.05
3e-05,1.2e-05,3e-13,4e-10,2.5e-10,0.0699,30100000000.0,1340000000.0,11.64,-82.94
3e-05,1.2e-05,3e-13,3e-10,1e-10,0.0699,33700000000.0,1620000000.0,10.92,-86.32
3e-05,1.2e-05,3e-13,3e-10,5e-11,0.0699,33700000000.0,1610000000.0,10.93,-84.02
3e-05,1.2e-05,3e-13,3e-10,1.5e-10,0.0699,33700000000.0,1620000000.0,10.92,-86.62
3e-05,1.2e-05,3e-13,3e-10,2e-10,0.0699,33700000000.0,1610000000.0,10.92,-86.57
3e-05,1.2e-05,3e-13,3e-10,2.5e-10,0.0699,33700000000.0,1620000000.0,10.92,-86.83
3e-05,1.2e-05,3e-13,3.5e-10,1e-10,0.0699,31600000000.0,1460000000.0,11.32,-84.1
3e-05,1.2e-05,3e-13,3.5e-10,5e-11,0.0699,31600000000.0,1450000000.0,11.31,-84.35
3e-05,1.2e-05,3e-13,3.5e-10,1.5e-10,0.0699,31600000000.0,1460000000.0,11.31,-84.94
3e-05,1.2e-05,3e-13,3.5e-10,2e-10,0.0699,31600000000.0,1460000000.0,11.31,-83.98
3e-05,1.2e-05,3e-13,3.5e-10,2.5e-10,0.0699,31600000000.0,1460000000.0,11.32,-84.59
3e-05,1.2e-05,3e-13,4.5e-10,1e-10,0.0699,28800000000.0,1260000000.0,11.91,-82.25
3e-05,1.2e-05,3e-13,4.5e-10,5e-11,0.0699,28800000000.0,1260000000.0,11.91,-82.0
3e-05,1.2e-05,3e-13,4.5e-10,1.5e-10,0.0699,28800000000.0,1260000000.0,11.91,-81.94
3e-05,1.2e-05,3e-13,4.5e-10,2e-10,0.0699,28800000000.0,1250000000.0,11.91,-82.08
3e-05,1.2e-05,3e-13,4.5e-10,2.5e-10,0.0699,28800000000.0,1260000000.0,11.91,-81.92
3e-05,1.2e-05,3e-13,5e-10,1e-10,0.0699,27800000000.0,1190000000.0,12.12,-81.62
3e-05,1.2e-05,3e-13,5e-10,5e-11,0.0699,27800000000.0,1190000000.0,12.12,-81.85
3e-05,1.2e-05,3e-13,5e-10,1.5e-10,0.0699,27800000000.0,1200000000.0,12.12,-81.41
3e-05,1.2e-05,3e-13,5e-10,2e-10,0.0699,27800000000.0,1190000000.0,12.11,-81.5
3e-05,1.2e-05,3e-13,5e-10,2.5e-10,0.0699,27800000000.0,1180000000.0,12.11,-81.41
3e-05,1.2e-05,4e-13,4e-10,1e-10,0.0699,30100000000.0,1340000000.0,11.64,-83.25
3e-05,1.2e-05,4e-13,4e-10,5e-11,0.0699,30100000000.0,1340000000.0,11.64,-82.9
3e-05,1.2e-05,4e-13,4e-10,1.5e-10,0.0699,30100000000.0,1340000000.0,11.64,-76.81
3e-05,1.2e-05,4e-13,4e-10,2e-10,0.0699,30100000000.0,1340000000.0,11.64,-83.76
3e-05,1.2e-05,4e-13,4e-10,2.5e-10,0.0699,30100000000.0,1340000000.0,11.64,-82.89
3e-05,1.2e-05,4e-13,3e-10,1e-10,0.0699,33700000000.0,1620000000.0,10.92,-86.73
3e-05,1.2e-05,4e-13,3e-10,5e-11,0.0699,33700000000.0,1620000000.0,10.92,-86.77
3e-05,1.2e-05,4e-13,3e-10,1.5e-10,0.0699,33700000000.0,1620000000.0,10.92,-86.65
3e-05,1.2e-05,4e-13,3e-10,2e-10,0.0699,33700000000.0,1620000000.0,10.92,-85.88
3e-05,1.2e-05,4e-13,3e-10,2.5e-10,0.0699,33700000000.0,1610000000.0,10.93,-86.68
3e-05,1.2e-05,4e-13,3.5e-10,5e-11,0.0699,31600000000.0,1460000000.0,11.31,-85.17
3e-05,1.2e-05,4e-13,3.5e-10,1.5e-10,0.0699,31600000000.0,1450000000.0,11.31,-83.83
3e-05,1.2e-05,4e-13,3.5e-10,2e-10,0.0699,31600000000.0,1460000000.0,11.32,-84.09
3e-05,1.2e-05,4e-13,3.5e-10,2.5e-10,0.0699,31600000000.0,1450000000.0,11.31,-84.72
3e-05,1.2e-05,4e-13,4.5e-10,1e-10,0.0699,28800000000.0,1260000000.0,11.91,-82.09
3e-05,1.2e-05,4e-13,4.5e-10,5e-11,0.0699,28800000000.0,1250000000.0,11.91,-81.9
3e-05,1.2e-05,4e-13,4.5e-10,2e-10,0.0699,28800000000.0,1260000000.0,11.91,-82.37
3e-05,1.2e-05,4e-13,4.5e-10,2.5e-10,0.0699,28800000000.0,1260000000.0,11.91,-81.97
3e-05,1.2e-05,4e-13,5e-10,1e-10,0.0699,27700000000.0,1190000000.0,12.11,-81.32
3e-05,1.2e-05,4e-13,5e-10,1.5e-10,0.0699,27700000000.0,1190000000.0,12.12,-79.78
3e-05,1.2e-05,4e-13,5e-10,2e-10,0.0699,27700000000.0,1190000000.0,12.12,-81.63
3e-05,1.2e-05,4e-13,5e-10,2.5e-10,0.0699,27700000000.0,1190000000.0,12.12,-81.51
3e-05,1.2e-05,6e-13,4e-10,1e-10,0.0699,30100000000.0,1340000000.0,11.64,-83.21
3e-05,1.2e-05,6e-13,4e-10,1.5e-10,0.0699,30100000000.0,1340000000.0,11.64,-83.44
3e-05,1.2e-05,6e-13,4e-10,2e-10,0.0699,30100000000.0,1340000000.0,11.64,-83.19
3e-05,1.2e-05,6e-13,4e-10,2.5e-10,0.0699,30100000000.0,1340000000.0,11.64,-83.18
3e-05,1.2e-05,6e-13,3e-10,1e-10,0.0699,33700000000.0,1610000000.0,10.92,-86.49
3e-05,1.2e-05,6e-13,3e-10,5e-11,0.0699,33700000000.0,1610000000.0,10.92,-86.26
3e-05,1.2e-05,6e-13,3e-10,1.5e-10,0.0699,33700000000.0,1610000000.0,10.92,-86.64
3e-05,1.2e-05,6e-13,3e-10,2e-10,0.0699,33700000000.0,1610000000.0,10.92,-86.4
3e-05,1.2e-05,6e-13,3e-10,2.5e-10,0.0699,33700000000.0,1610000000.0,10.92,-86.51
3e-05,1.2e-05,6e-13,3.5e-10,1e-10,0.0699,31600000000.0,1450000000.0,11.31,-84.98
3e-05,1.2e-05,6e-13,3.5e-10,5e-11,0.0699,31600000000.0,1460000000.0,11.32,-84.29
3e-05,1.2e-05,6e-13,3.5e-10,1.5e-10,0.0699,31600000000.0,1460000000.0,11.31,-84.45
3e-05,1.2e-05,6e-13,3.5e-10,2e-10,0.0699,31600000000.0,1450000000.0,11.32,-83.56
3e-05,1.2e-05,6e-13,3.5e-10,2.5e-10,0.0699,31600000000.0,1460000000.0,11.31,-85.34
3e-05,1.2e-05,6e-13,4.5e-10,1e-10,0.0699,28800000000.0,1260000000.0,11.91,-82.16
3e-05,1.2e-05,6e-13,4.5e-10,2e-10,0.0699,28800000000.0,1250000000.0,11.91,-82.25
3e-05,1.2e-05,6e-13,4.5e-10,2.5e-10,0.0699,28800000000.0,1250000000.0,11.91,-82.58
3e-05,1.2e-05,6e-13,5e-10,1e-10,0.0699,27700000000.0,1190000000.0,12.12,-81.14
3e-05,1.2e-05,6e-13,5e-10,5e-11,0.0699,27700000000.0,1180000000.0,12.12,-81.23
3e-05,1.2e-05,6e-13,5e-10,1.5e-10,0.0699,27700000000.0,1190000000.0,12.11,-81.51
3e-05,1.2e-05,6e-13,5e-10,2e-10,0.0699,27700000000.0,1200000000.0,12.11,-81.39
3e-05,1.2e-05,6e-13,5e-10,2.5e-10,0.0699,27700000000.0,1190000000.0,12.11,-81.45
3e-05,1.2e-05,7e-13,4e-10,5e-11,0.0699,30100000000.0,1340000000.0,11.64,-83.22
3e-05,1.2e-05,7e-13,4e-10,2e-10,0.0699,30100000000.0,1340000000.0,11.64,-83.09
3e-05,1.2e-05,7e-13,4e-10,2.5e-10,0.0699,30100000000.0,1340000000.0,11.64,-83.1
3e-05,1.2e-05,7e-13,3e-10,1e-10,0.0699,33700000000.0,1610000000.0,10.92,-86.63
3e-05,1.2e-05,7e-13,3e-10,5e-11,0.0699,33700000000.0,1610000000.0,10.92,-86.27
3e-05,1.2e-05,7e-13,3e-10,1.5e-10,0.0699,33700000000.0,1610000000.0,10.92,-85.61
3e-05,1.2e-05,7e-13,3e-10,2e-10,0.0699,33700000000.0,1610000000.0,10.93,-86.99
3e-05,1.2e-05,7e-13,3e-10,2.5e-10,0.0699,33700000000.0,1610000000.0,10.93,-86.14
3e-05,1.2e-05,7e-13,3.5e-10,1e-10,0.0699,31600000000.0,1450000000.0,11.31,-84.66
3e-05,1.2e-05,7e-13,3.5e-10,1.5e-10,0.0699,31600000000.0,1460000000.0,11.31,-84.65
3e-05,1.2e-05,7e-13,3.5e-10,2e-10,0.0699,31600000000.0,1450000000.0,11.32,-84.49
3e-05,1.2e-05,7e-13,3.5e-10,2.5e-10,0.0699,31600000000.0,1450000000.0,11.31,-84.41
3e-05,1.2e-05,7e-13,4.5e-10,1e-10,0.0699,28800000000.0,1260000000.0,11.91,-82.29
3e-05,1.2e-05,7e-13,4.5e-10,5e-11,0.0699,28800000000.0,1250000000.0,11.91,-82.35
3e-05,1.2e-05,7e-13,4.5e-10,1.5e-10,0.0699,28800000000.0,1250000000.0,11.91,-82.2
3e-05,1.2e-05,7e-13,4.5e-10,2e-10,0.0699,28800000000.0,1250000000.0,11.91,-82.16
3e-05,1.2e-05,7e-13,4.5e-10,2.5e-10,0.0699,28800000000.0,1250000000.0,11.91,-82.01
3e-05,1.2e-05,7e-13,5e-10,1e-10,0.0699,27700000000.0,1190000000.0,12.12,-81.57
3e-05,1.2e-05,7e-13,5e-10,5e-11,0.0699,27700000000.0,1180000000.0,12.11,-81.35
3e-05,1.2e-05,7e-13,5e-10,1.5e-10,0.0699,27700000000.0,1190000000.0,12.11,-82.22
3e-05,1.2e-05,7e-13,5e-10,2e-10,0.0699,27700000000.0,1190000000.0,12.12,-81.58
3e-05,1.3e-05,5e-13,4e-10,1e-10,0.0699,29900000000.0,1370000000.0,11.65,-82.76
3e-05,1.3e-05,5e-13,4e-10,5e-11,0.0699,29900000000.0,1370000000.0,11.65,-83.34
3e-05,1.3e-05,5e-13,4e-10,1.5e-10,0.0699,29900000000.0,1370000000.0,11.65,-82.42
3e-05,1.3e-05,5e-13,4e-10,2e-10,0.0699,29900000000.0,1370000000.0,11.65,-82.93
3e-05,1.3e-05,5e-13,4e-10,2.5e-10,0.0699,29900000000.0,1370000000.0,11.65,-82.83
3e-05,1.3e-05,5e-13,3e-10,1e-10,0.0699,33500000000.0,1660000000.0,10.93,-86.73
3e-05,1.3e-05,5e-13,3e-10,5e-11,0.0699,33500000000.0,1650000000.0,10.93,-86.44
3e-05,1.3e-05,5e-13,3e-10,1.5e-10,0.0699,33500000000.0,1650000000.0,10.93,-86.16
3e-05,1.3e-05,5e-13,3e-10,2e-10,0.0699,33500000000.0,1660000000.0,10.93,-86.5
3e-05,1.3e-05,5e-13,3e-10,2.5e-10,0.0699,33500000000.0,1650000000.0,10.93,-86.33
3e-05,1.3e-05,5e-13,3.5e-10,1e-10,0.0699,31500000000.0,1490000000.0,11.32,-83.3
3e-05,1.3e-05,5e-13,3.5e-10,5e-11,0.0699,31500000000.0,1490000000.0,11.32,-84.28
3e-05,1.3e-05,5e-13,3.5e-10,1.5e-10,0.0699,31500000000.0,1490000000.0,11.32,-84.44
3e-05,1.3e-05,5e-13,3.5e-10,2e-10,0.0699,31500000000.0,1500000000.0,11.32,-84.21
3e-05,1.3e-05,5e-13,3.5e-10,2.5e-10,0.0699,31500000000.0,1490000000.0,11.32,-84.34
3e-05,1.3e-05,5e-13,4.5e-10,1e-10,0.0699,28600000000.0,1290000000.0,11.92,-82.34
3e-05,1.3e-05,5e-13,4.5e-10,5e-11,0.0699,28600000000.0,1290000000.0,11.92,-82.14
3e-05,1.3e-05,5e-13,4.5e-10,1.5e-10,0.0699,28600000000.0,1290000000.0,11.92,-82.11
3e-05,1.3e-05,5e-13,4.5e-10,2e-10,0.0699,28600000000.0,1290000000.0,11.92,-83.07
3e-05,1.3e-05,5e-13,4.5e-10,2.5e-10,0.0699,28600000000.0,1280000000.0,11.92,-82.12
3e-05,1.3e-05,5e-13,5e-10,1e-10,0.0699,27600000000.0,1210000000.0,12.12,-81.48
3e-05,1.3e-05,5e-13,5e-10,5e-11,0.0699,27600000000.0,1220000000.0,12.11,-81.24
3e-05,1.3e-05,5e-13,5e-10,1.5e-10,0.0699,27600000000.0,1220000000.0,12.12,-81.72
3e-05,1.3e-05,5e-13,5e-10,2.5e-10,0.0699,27600000000.0,1220000000.0,12.11,-81.22
3e-05,1.3e-05,3e-13,4e-10,1e-10,0.0699,29900000000.0,1370000000.0,11.65,-83.07
3e-05,1.3e-05,3e-13,4e-10,5e-11,0.0699,29900000000.0,1380000000.0,11.65,-82.91
3e-05,1.3e-05,3e-13,4e-10,1.5e-10,0.0699,29900000000.0,1370000000.0,11.65,-82.74
3e-05,1.3e-05,3e-13,3e-10,1e-10,0.0699,33500000000.0,1650000000.0,10.93,-86.53
3e-05,1.3e-05,3e-13,3e-10,5e-11,0.0699,33500000000.0,1660000000.0,10.93,-87.17
3e-05,1.3e-05,3e-13,3e-10,1.5e-10,0.0699,33500000000.0,1650000000.0,10.93,-86.4
3e-05,1.3e-05,3e-13,3e-10,2e-10,0.0699,33500000000.0,1660000000.0,10.93,-86.35
3e-05,1.3e-05,3e-13,3e-10,2.5e-10,0.0699,33500000000.0,1650000000.0,10.93,-86.98
3e-05,1.3e-05,3e-13,3.5e-10,1e-10,0.0699,31500000000.0,1490000000.0,11.32,-84.37
3e-05,1.3e-05,3e-13,3.5e-10,5e-11,0.0699,31500000000.0,1490000000.0,11.32,-85.29
3e-05,1.3e-05,3e-13,3.5e-10,1.5e-10,0.0699,31500000000.0,1490000000.0,11.32,-84.15
3e-05,1.3e-05,3e-13,3.5e-10,2e-10,0.0699,31500000000.0,1490000000.0,11.32,-83.98
3e-05,1.3e-05,3e-13,3.5e-10,2.5e-10,0.0699,31500000000.0,1500000000.0,11.32,-85.82
3e-05,1.3e-05,3e-13,4.5e-10,1e-10,0.0699,28600000000.0,1290000000.0,11.92,-82.28
3e-05,1.3e-05,3e-13,4.5e-10,5e-11,0.0699,28600000000.0,1290000000.0,11.92,-82.26
3e-05,1.3e-05,3e-13,4.5e-10,1.5e-10,0.0699,28600000000.0,1290000000.0,11.92,-82.25
3e-05,1.3e-05,3e-13,4.5e-10,2e-10,0.0699,28600000000.0,1290000000.0,11.92,-82.29
3e-05,1.3e-05,3e-13,4.5e-10,2.5e-10,0.0699,28600000000.0,1290000000.0,11.92,-82.19
3e-05,1.3e-05,3e-13,5e-10,1e-10,0.0699,27600000000.0,1220000000.0,12.11,-81.26
3e-05,1.3e-05,3e-13,5e-10,5e-11,0.0699,27600000000.0,1210000000.0,12.12,-81.36
3e-05,1.3e-05,3e-13,5e-10,2e-10,0.0699,27600000000.0,1220000000.0,12.12,-81.71
3e-05,1.3e-05,3e-13,5e-10,2.5e-10,0.0699,27600000000.0,1220000000.0,12.12,-81.1
3e-05,1.3e-05,4e-13,4e-10,1e-10,0.0699,29900000000.0,1370000000.0,11.65,-82.99
3e-05,1.3e-05,4e-13,4e-10,5e-11,0.0699,29900000000.0,1370000000.0,11.65,-83.06
3e-05,1.3e-05,4e-13,4e-10,1.5e-10,0.0699,29900000000.0,1370000000.0,11.65,-82.43
3e-05,1.3e-05,4e-13,4e-10,2e-10,0.0699,29900000000.0,1370000000.0,11.65,-82.75
3e-05,1.3e-05,4e-13,3e-10,1e-10,0.0699,33500000000.0,1660000000.0,10.93,-86.37
3e-05,1.3e-05,4e-13,3e-10,5e-11,0.0699,33500000000.0,1650000000.0,10.93,-85.93
3e-05,1.3e-05,4e-13,3e-10,1.5e-10,0.0699,33500000000.0,1650000000.0,10.93,-87.17
3e-05,1.3e-05,4e-13,3e-10,2e-10,0.0699,33500000000.0,1660000000.0,10.93,-82.28
3e-05,1.3e-05,4e-13,3e-10,2.5e-10,0.0699,33500000000.0,1650000000.0,10.93,-86.31
3e-05,1.3e-05,4e-13,3.5e-10,1e-10,0.0699,31500000000.0,1490000000.0,11.32,-84.38
3e-05,1.3e-05,4e-13,3.5e-10,5e-11,0.0699,31500000000.0,1500000000.0,11.32,-84.16
3e-05,1.3e-05,4e-13,3.5e-10,1.5e-10,0.0699,31500000000.0,1490000000.0,11.32,-84.27
3e-05,1.3e-05,4e-13,3.5e-10,2e-10,0.0699,31500000000.0,1500000000.0,11.32,-84.33
3e-05,1.3e-05,4e-13,3.5e-10,2.5e-10,0.0699,31500000000.0,1490000000.0,11.32,-84.18
3e-05,1.3e-05,4e-13,4.5e-10,1e-10,0.0699,28600000000.0,1290000000.0,11.92,-81.92
3e-05,1.3e-05,4e-13,4.5e-10,5e-11,0.0699,28600000000.0,1290000000.0,11.92,-82.43
3e-05,1.3e-05,4e-13,4.5e-10,1.5e-10,0.0699,28600000000.0,1290000000.0,11.92,-81.96
3e-05,1.3e-05,4e-13,4.5e-10,2e-10,0.0699,28600000000.0,1290000000.0,11.92,-83.79
3e-05,1.3e-05,4e-13,5e-10,1e-10,0.0699,27600000000.0,1210000000.0,12.12,-80.79
3e-05,1.3e-05,4e-13,5e-10,5e-11,0.0699,27600000000.0,1220000000.0,12.11,-81.18
3e-05,1.3e-05,4e-13,5e-10,1.5e-10,0.0699,27600000000.0,1230000000.0,12.12,-81.26
3e-05,1.3e-05,4e-13,5e-10,2e-10,0.0699,27600000000.0,1220000000.0,12.11,-81.29
3e-05,1.3e-05,4e-13,5e-10,2.5e-10,0.0699,27600000000.0,1230000000.0,12.12,-81.3
3e-05,1.3e-05,6e-13,4e-10,1e-10,0.0699,29900000000.0,1370000000.0,11.65,-82.92
3e-05,1.3e-05,6e-13,4e-10,5e-11,0.0699,29900000000.0,1370000000.0,11.65,-84.04
3e-05,1.3e-05,6e-13,4e-10,1.5e-10,0.0699,29900000000.0,1370000000.0,11.65,-83.11
3e-05,1.3e-05,6e-13,4e-10,2e-10,0.0699,29900000000.0,1370000000.0,11.65,-82.77
3e-05,1.3e-05,6e-13,3e-10,1e-10,0.0699,33500000000.0,1660000000.0,10.93,-82.22
3e-05,1.3e-05,6e-13,3e-10,5e-11,0.0699,33500000000.0,1650000000.0,10.93,-86.46
3e-05,1.3e-05,6e-13,3e-10,1.5e-10,0.0699,33500000000.0,1660000000.0,10.93,-86.38
3e-05,1.3e-05,6e-13,3e-10,2.5e-10,0.0699,33500000000.0,1650000000.0,10.93,-86.45
3e-05,1.3e-05,6e-13,3.5e-10,1e-10,0.0699,31500000000.0,1480000000.0,11.32,-84.09
3e-05,1.3e-05,6e-13,3.5e-10,5e-11,0.0699,31500000000.0,1490000000.0,11.32,-84.23
3e-05,1.3e-05,6e-13,3.5e-10,1.5e-10,0.0699,31500000000.0,1490000000.0,11.32,-84.01
3e-05,1.3e-05,6e-13,3.5e-10,2e-10,0.0699,31500000000.0,1480000000.0,11.32,-83.29
3e-05,1.3e-05,6e-13,3.5e-10,2.5e-10,0.0699,31500000000.0,1500000000.0,11.32,-84.08
3e-05,1.3e-05,6e-13,4.5e-10,1.5e-10,0.0699,28600000000.0,1280000000.0,11.92,-82.15
3e-05,1.3e-05,6e-13,4.5e-10,2e-10,0.0699,28600000000.0,1280000000.0,11.92,-82.02
3e-05,1.3e-05,6e-13,4.5e-10,2.5e-10,0.0699,28600000000.0,1290000000.0,11.92,-82.0
3e-05,1.3e-05,6e-13,5e-10,1e-10,0.0699,27600000000.0,1210000000.0,12.12,-81.42
3e-05,1.3e-05,6e-13,5e-10,5e-11,0.0699,27600000000.0,1220000000.0,12.12,-81.42
3e-05,1.3e-05,6e-13,5e-10,1.5e-10,0.0699,27600000000.0,1220000000.0,12.11,-81.3
3e-05,1.3e-05,6e-13,5e-10,2.5e-10,0.0699,27600000000.0,1220000000.0,12.12,-81.27
3e-05,1.3e-05,7e-13,4e-10,1e-10,0.0699,29900000000.0,1370000000.0,11.65,-82.86
3e-05,1.3e-05,7e-13,4e-10,5e-11,0.0699,29900000000.0,1370000000.0,11.65,-82.78
3e-05,1.3e-05,7e-13,4e-10,1.5e-10,0.0699,29900000000.0,1370000000.0,11.65,-83.33
3e-05,1.3e-05,7e-13,3e-10,1e-10,0.0699,33500000000.0,1650000000.0,10.93,-85.99
3e-05,1.3e-05,7e-13,3e-10,5e-11,0.0699,33500000000.0,1650000000.0,10.93,-86.88
3e-05,1.3e-05,7e-13,3e-10,1.5e-10,0.0699,33500000000.0,1650000000.0,10.93,-87.16
3e-05,1.3e-05,7e-13,3e-10,2e-10,0.0699,33500000000.0,1650000000.0,10.93,-86.34
3e-05,1.3e-05,7e-13,3e-10,2.5e-10,0.0699,33500000000.0,1650000000.0,10.93,-86.17
3e-05,1.3e-05,7e-13,3.5e-10,1e-10,0.0699,31500000000.0,1490000000.0,11.32,-77.03
3e-05,1.3e-05,7e-13,3.5e-10,5e-11,0.0699,31500000000.0,1490000000.0,11.32,-84.35
3e-05,1.3e-05,7e-13,3.5e-10,1.5e-10,0.0699,31500000000.0,1500000000.0,11.32,-84.67
3e-05,1.3e-05,7e-13,3.5e-10,2e-10,0.0699,31500000000.0,1490000000.0,11.32,-84.68
3e-05,1.3e-05,7e-13,3.5e-10,2.5e-10,0.0699,31500000000.0,1490000000.0,11.32,-84.02
3e-05,1.3e-05,7e-13,4.5e-10,1e-10,0.0699,28600000000.0,1290000000.0,11.92,-82.12
3e-05,1.3e-05,7e-13,4.5e-10,5e-11,0.0699,28600000000.0,1280000000.0,11.91,-81.76
3e-05,1.3e-05,7e-13,4.5e-10,1.5e-10,0.0699,28600000000.0,1280000000.0,11.92,-82.28
3e-05,1.3e-05,7e-13,4.5e-10,2e-10,0.0699,28600000000.0,1290000000.0,11.92,-81.71
3e-05,1.3e-05,7e-13,4.5e-10,2.5e-10,0.0699,28600000000.0,1280000000.0,11.91,-82.07
3e-05,1.3e-05,7e-13,5e-10,1.5e-10,0.0699,27600000000.0,1220000000.0,12.12,-81.43
3e-05,1.3e-05,7e-13,5e-10,2.5e-10,0.0699,27600000000.0,1220000000.0,12.11,-81.19
3e-05,1.4e-05,5e-13,4e-10,1e-10,0.0699,29700000000.0,1400000000.0,11.65,-82.85
3e-05,1.4e-05,5e-13,4e-10,5e-11,0.0699,29700000000.0,1400000000.0,11.65,-82.95
3e-05,1.4e-05,5e-13,4e-10,1.5e-10,0.0699,29700000000.0,1390000000.0,11.66,-82.83
3e-05,1.4e-05,5e-13,4e-10,2e-10,0.0699,29700000000.0,1400000000.0,11.65,-82.75
3e-05,1.4e-05,5e-13,3e-10,1e-10,0.0699,33300000000.0,1680000000.0,10.93,-86.25
3e-05,1.4e-05,5e-13,3e-10,5e-11,0.0699,33300000000.0,1680000000.0,10.93,-86.73
3e-05,1.4e-05,5e-13,3e-10,1.5e-10,0.0699,33300000000.0,1680000000.0,10.93,-85.92
3e-05,1.4e-05,5e-13,3e-10,2e-10,0.0699,33300000000.0,1680000000.0,10.93,-81.76
3e-05,1.4e-05,5e-13,3e-10,2.5e-10,0.0699,33300000000.0,1680000000.0,10.93,-86.14
3e-05,1.4e-05,5e-13,3.5e-10,1e-10,0.0699,31300000000.0,1520000000.0,11.33,-84.25
3e-05,1.4e-05,5e-13,3.5e-10,5e-11,0.0699,31300000000.0,1520000000.0,11.33,-84.1
3e-05,1.4e-05,5e-13,3.5e-10,1.5e-10,0.0699,31300000000.0,1510000000.0,11.32,-84.17
3e-05,1.4e-05,5e-13,3.5e-10,2.5e-10,0.0699,31300000000.0,1520000000.0,11.32,-84.52
3e-05,1.4e-05,5e-13,4.5e-10,1e-10,0.0699,28500000000.0,1310000000.0,11.92,-81.96
3e-05,1.4e-05,5e-13,4.5e-10,5e-11,0.0699,28500000000.0,1310000000.0,11.92,-82.0
3e-05,1.4e-05,5e-13,4.5e-10,1.5e-10,0.0699,28500000000.0,1310000000.0,11.92,-81.89
3e-05,1.4e-05,5e-13,4.5e-10,2e-10,0.0699,28500000000.0,1300000000.0,11.92,-81.96
3e-05,1.4e-05,5e-13,4.5e-10,2.5e-10,0.0699,28500000000.0,1310000000.0,11.92,-81.85
3e-05,1.4e-05,5e-13,5e-10,1e-10,0.0699,27500000000.0,1240000000.0,12.12,-81.45
3e-05,1.4e-05,5e-13,5e-10,5e-11,0.0699,27500000000.0,1250000000.0,12.11,-81.3
3e-05,1.4e-05,5e-13,5e-10,1.5e-10,0.0699,27500000000.0,1240000000.0,12.11,-81.32
3e-05,1.4e-05,5e-13,5e-10,2e-10,0.0699,27500000000.0,1250000000.0,12.11,-81.45
3e-05,1.4e-05,5e-13,5e-10,2.5e-10,0.0699,27500000000.0,1250000000.0,12.12,-81.44
3e-05,1.4e-05,3e-13,4e-10,1e-10,0.0699,29700000000.0,1400000000.0,11.66,-82.82
3e-05,1.4e-05,3e-13,4e-10,5e-11,0.0699,29700000000.0,1400000000.0,11.66,-82.79
3e-05,1.4e-05,3e-13,4e-10,1.5e-10,0.0699,29700000000.0,1400000000.0,11.65,-83.11
3e-05,1.4e-05,3e-13,4e-10,2e-10,0.0699,29700000000.0,1390000000.0,11.65,-82.97
3e-05,1.4e-05,3e-13,3e-10,1e-10,0.0699,33300000000.0,1680000000.0,10.93,-86.32
3e-05,1.4e-05,3e-13,3e-10,5e-11,0.0699,33300000000.0,1690000000.0,10.93,-83.78
3e-05,1.4e-05,3e-13,3e-10,1.5e-10,0.0699,33300000000.0,1680000000.0,10.93,-85.91
3e-05,1.4e-05,3e-13,3e-10,2e-10,0.0699,33300000000.0,1690000000.0,10.93,-86.12
3e-05,1.4e-05,3e-13,3e-10,2.5e-10,0.0699,33300000000.0,1690000000.0,10.93,-86.28
3e-05,1.4e-05,3e-13,3.5e-10,1e-10,0.0699,31300000000.0,1520000000.0,11.33,-84.09
3e-05,1.4e-05,3e-13,3.5e-10,1.5e-10,0.0699,31300000000.0,1510000000.0,11.32,-84.16
3e-05,1.4e-05,3e-13,3.5e-10,2.5e-10,0.0699,31300000000.0,1520000000.0,11.32,-84.27
3e-05,1.4e-05,3e-13,4.5e-10,5e-11,0.0699,28500000000.0,1310000000.0,11.92,-82.25
3e-05,1.4e-05,3e-13,4.5e-10,1.5e-10,0.0699,28500000000.0,1310000000.0,11.92,-82.09
3e-05,1.4e-05,3e-13,4.5e-10,2e-10,0.0699,28500000000.0,1300000000.0,11.92,-81.97
3e-05,1.4e-05,3e-13,4.5e-10,2.5e-10,0.0699,28500000000.0,1310000000.0,11.92,-82.35
3e-05,1.4e-05,3e-13,5e-10,1e-10,0.0699,27500000000.0,1250000000.0,12.12,-82.97
3e-05,1.4e-05,3e-13,5e-10,5e-11,0.0699,27500000000.0,1250000000.0,12.11,-81.4
3e-05,1.4e-05,3e-13,5e-10,1.5e-10,0.0699,27500000000.0,1250000000.0,12.11,-81.34
3e-05,1.4e-05,3e-13,5e-10,2e-10,0.0699,27500000000.0,1240000000.0,12.11,-81.18
3e-05,1.4e-05,3e-13,5e-10,2.5e-10,0.0699,27500000000.0,1240000000.0,12.11,-81.24
3e-05,1.4e-05,4e-13,4e-10,1e-10,0.0699,29700000000.0,1400000000.0,11.65,-83.05
3e-05,1.4e-05,4e-13,4e-10,5e-11,0.0699,29700000000.0,1400000000.0,11.65,-82.74
3e-05,1.4e-05,4e-13,4e-10,1.5e-10,0.0699,29700000000.0,1400000000.0,11.65,-82.94
3e-05,1.4e-05,4e-13,4e-10,2.5e-10,0.0699,29700000000.0,1400000000.0,11.65,-83.06
3e-05,1.4e-05,4e-13,3e-10,1e-10,0.0699,33300000000.0,1680000000.0,10.93,-86.33
3e-05,1.4e-05,4e-13,3e-10,5e-11,0.0699,33300000000.0,1680000000.0,10.93,-86.44
3e-05,1.4e-05,4e-13,3e-10,2e-10,0.0699,33300000000.0,1680000000.0,10.93,-86.49
3e-05,1.4e-05,4e-13,3e-10,2.5e-10,0.0699,33300000000.0,1680000000.0,10.93,-85.94
3e-05,1.4e-05,4e-13,3.5e-10,1.5e-10,0.0699,31300000000.0,1520000000.0,11.32,-84.21
3e-05,1.4e-05,4e-13,3.5e-10,2e-10,0.0699,31300000000.0,1520000000.0,11.32,-84.14
3e-05,1.4e-05,4e-13,3.5e-10,2.5e-10,0.0699,31300000000.0,1520000000.0,11.32,-84.37
3e-05,1.4e-05,4e-13,4.5e-10,5e-11,0.0699,28500000000.0,1310000000.0,11.91,-81.75
3e-05,1.4e-05,4e-13,4.5e-10,1.5e-10,0.0699,28500000000.0,1310000000.0,11.92,-82.14
3e-05,1.4e-05,4e-13,4.5e-10,2e-10,0.0699,28500000000.0,1310000000.0,11.92,-82.71
3e-05,1.4e-05,4e-13,4.5e-10,2.5e-10,0.0699,28500000000.0,1310000000.0,11.92,-82.05
3e-05,1.4e-05,4e-13,5e-10,1e-10,0.0699,27500000000.0,1250000000.0,12.11,-81.29
3e-05,1.4e-05,4e-13,5e-10,5e-11,0.0699,27500000000.0,1240000000.0,12.12,-81.5
3e-05,1.4e-05,4e-13,5e-10,1.5e-10,0.0699,27500000000.0,1240000000.0,12.11,-80.85
3e-05,1.4e-05,4e-13,5e-10,2e-10,0.0699,27500000000.0,1240000000.0,12.11,-80.77
3e-05,1.4e-05,4e-13,5e-10,2.5e-10,0.0699,27500000000.0,1240000000.0,12.11,-81.39
3e-05,1.4e-05,6e-13,4e-10,1.5e-10,0.0699,29700000000.0,1400000000.0,11.65,-83.07
3e-05,1.4e-05,6e-13,4e-10,2.5e-10,0.0699,29700000000.0,1400000000.0,11.65,-82.86
3e-05,1.4e-05,6e-13,3e-10,1e-10,0.0699,33300000000.0,1690000000.0,10.93,-86.11
3e-05,1.4e-05,6e-13,3e-10,2e-10,0.0699,33300000000.0,1680000000.0,10.93,-86.26
3e-05,1.4e-05,6e-13,3e-10,2.5e-10,0.0699,33300000000.0,1680000000.0,10.93,-86.45
3e-05,1.4e-05,6e-13,3.5e-10,1e-10,0.0699,31300000000.0,1510000000.0,11.32,-83.97
3e-05,1.4e-05,6e-13,3.5e-10,1.5e-10,0.0699,31300000000.0,1520000000.0,11.32,-84.22
3e-05,1.4e-05,6e-13,4.5e-10,1e-10,0.0699,28500000000.0,1310000000.0,11.92,-82.11
3e-05,1.4e-05,6e-13,4.5e-10,5e-11,0.0699,28500000000.0,1310000000.0,11.92,-82.12
3e-05,1.4e-05,6e-13,4.5e-10,1.5e-10,0.0699,28500000000.0,1320000000.0,11.92,-82.11
3e-05,1.4e-05,6e-13,4.5e-10,2e-10,0.0699,28500000000.0,1310000000.0,11.92,-81.77
3e-05,1.4e-05,6e-13,4.5e-10,2.5e-10,0.0699,28500000000.0,1300000000.0,11.92,-82.07
3e-05,1.4e-05,6e-13,5e-10,1e-10,0.0699,27500000000.0,1240000000.0,12.12,-81.44
3e-05,1.4e-05,6e-13,5e-10,5e-11,0.0699,27500000000.0,1250000000.0,12.11,-81.33
3e-05,1.4e-05,6e-13,5e-10,2e-10,0.0699,27500000000.0,1240000000.0,12.11,-81.25
3e-05,1.4e-05,6e-13,5e-10,2.5e-10,0.0699,27500000000.0,1230000000.0,12.11,-81.38
3e-05,1.4e-05,7e-13,4e-10,1e-10,0.0699,29700000000.0,1390000000.0,11.66,-82.67
3e-05,1.4e-05,7e-13,3e-10,1e-10,0.0699,33300000000.0,1680000000.0,10.93,-85.3
3e-05,1.4e-05,7e-13,3e-10,5e-11,0.0699,33300000000.0,1680000000.0,10.93,-85.93
3e-05,1.4e-05,7e-13,3e-10,2.5e-10,0.0699,33300000000.0,1680000000.0,10.93,-86.38
3e-05,1.4e-05,7e-13,3.5e-10,1e-10,0.0699,31300000000.0,1520000000.0,11.32,-82.96
3e-05,1.4e-05,7e-13,3.5e-10,5e-11,0.0699,31300000000.0,1510000000.0,11.33,-84.19
3e-05,1.4e-05,7e-13,3.5e-10,1.5e-10,0.0699,31300000000.0,1510000000.0,11.33,-83.99
3e-05,1.4e-05,7e-13,3.5e-10,2e-10,0.0699,31300000000.0,1520000000.0,11.32,-84.25
3e-05,1.4e-05,7e-13,3.5e-10,2.5e-10,0.0699,31300000000.0,1520000000.0,11.32,-82.67
3e-05,1.4e-05,7e-13,4.5e-10,1e-10,0.0699,28500000000.0,1310000000.0,11.92,-82.13
3e-05,1.4e-05,7e-13,4.5e-10,5e-11,0.0699,28500000000.0,1310000000.0,11.92,-82.19
3e-05,1.4e-05,7e-13,4.5e-10,2.5e-10,0.0699,28500000000.0,1300000000.0,11.92,-81.78
3e-05,1.4e-05,7e-13,5e-10,5e-11,0.0699,27500000000.0,1250000000.0,12.11,-81.28
3e-05,1.4e-05,7e-13,5e-10,1.5e-10,0.0699,27500000000.0,1230000000.0,12.11,-81.21
3e-05,1.4e-05,7e-13,5e-10,2e-10,0.0699,27500000000.0,1240000000.0,12.12,-81.51
3e-05,1.4e-05,7e-13,5e-10,2.5e-10,0.0699,27500000000.0,1240000000.0,12.12,-81.36
3e-05,1.5e-05,5e-13,4e-10,1e-10,0.0699,29600000000.0,1410000000.0,11.65,-82.73
3e-05,1.5e-05,5e-13,4e-10,5e-11,0.0699,29600000000.0,1410000000.0,11.65,-82.91
3e-05,1.5e-05,5e-13,4e-10,1.5e-10,0.0699,29600000000.0,1410000000.0,11.65,-82.87
3e-05,1.5e-05,5e-13,4e-10,2e-10,0.0699,29600000000.0,1410000000.0,11.65,-83.01
3e-05,1.5e-05,5e-13,4e-10,2.5e-10,0.0699,29600000000.0,1410000000.0,11.65,-82.62
3e-05,1.5e-05,5e-13,3e-10,1e-10,0.0699,33100000000.0,1700000000.0,10.92,-86.05
3e-05,1.5e-05,5e-13,3e-10,5e-11,0.0699,33100000000.0,1700000000.0,10.92,-86.68
3e-05,1.5e-05,5e-13,3e-10,1.5e-10,0.0699,33100000000.0,1700000000.0,10.92,-85.92
3e-05,1.5e-05,5e-13,3e-10,2e-10,0.0699,33100000000.0,1700000000.0,10.92,-86.49
3e-05,1.5e-05,5e-13,3e-10,2.5e-10,0.0699,33100000000.0,1700000000.0,10.92,-86.14
3e-05,1.5e-05,5e-13,3.5e-10,1e-10,0.0699,31100000000.0,1540000000.0,11.32,-84.12
3e-05,1.5e-05,5e-13,3.5e-10,5e-11,0.0699,31100000000.0,1530000000.0,11.32,-83.97
3e-05,1.5e-05,5e-13,3.5e-10,1.5e-10,0.0699,31100000000.0,1530000000.0,11.32,-83.27
3e-05,1.5e-05,5e-13,3.5e-10,2e-10,0.0699,31100000000.0,1530000000.0,11.32,-85.05
3e-05,1.5e-05,5e-13,3.5e-10,2.5e-10,0.0699,31100000000.0,1530000000.0,11.32,-84.2
3e-05,1.5e-05,5e-13,4.5e-10,1e-10,0.0699,28300000000.0,1320000000.0,11.91,-81.83
3e-05,1.5e-05,5e-13,4.5e-10,5e-11,0.0699,28300000000.0,1320000000.0,11.91,-82.01
3e-05,1.5e-05,5e-13,4.5e-10,1.5e-10,0.0699,28300000000.0,1320000000.0,11.91,-81.78
3e-05,1.5e-05,5e-13,4.5e-10,2.5e-10,0.0699,28300000000.0,1320000000.0,11.91,-81.98
3e-05,1.5e-05,5e-13,5e-10,1e-10,0.0699,27300000000.0,1250000000.0,12.11,-81.35
3e-05,1.5e-05,5e-13,5e-10,5e-11,0.0699,27300000000.0,1260000000.0,12.11,-81.32
3e-05,1.5e-05,5e-13,5e-10,1.5e-10,0.0699,27300000000.0,1250000000.0,12.11,-81.57
3e-05,1.5e-05,5e-13,5e-10,2e-10,0.0699,27300000000.0,1260000000.0,12.1,-81.09
3e-05,1.5e-05,5e-13,5e-10,2.5e-10,0.0699,27300000000.0,1260000000.0,12.1,-81.1
3e-05,1.5e-05,3e-13,4e-10,1e-10,0.0699,29600000000.0,1420000000.0,11.65,-82.76
3e-05,1.5e-05,3e-13,4e-10,5e-11,0.0699,29600000000.0,1410000000.0,11.65,-82.95
3e-05,1.5e-05,3e-13,4e-10,1.5e-10,0.0699,29600000000.0,1420000000.0,11.65,-82.77
3e-05,1.5e-05,3e-13,4e-10,2e-10,0.0699,29600000000.0,1410000000.0,11.65,-85.24
3e-05,1.5e-05,3e-13,4e-10,2.5e-10,0.0699,29600000000.0,1420000000.0,11.65,-82.59
3e-05,1.5e-05,3e-13,3e-10,1e-10,0.0699,33100000000.0,1700000000.0,10.92,-85.56
3e-05,1.5e-05,3e-13,3e-10,5e-11,0.0699,33100000000.0,1700000000.0,10.92,-85.87
3e-05,1.5e-05,3e-13,3e-10,1.5e-10,0.0699,33100000000.0,1700000000.0,10.92,-86.38
3e-05,1.5e-05,3e-13,3e-10,2e-10,0.0699,33100000000.0,1700000000.0,10.92,-87.17
3e-05,1.5e-05,3e-13,3e-10,2.5e-10,0.0699,33100000000.0,1690000000.0,10.92,-85.94
3e-05,1.5e-05,3e-13,3.5e-10,1e-10,0.0699,31200000000.0,1530000000.0,11.32,-81.55
3e-05,1.5e-05,3e-13,3.5e-10,5e-11,0.0699,31200000000.0,1530000000.0,11.32,-84.18
3e-05,1.5e-05,3e-13,3.5e-10,1.5e-10,0.0699,31200000000.0,1540000000.0,11.32,-84.25
3e-05,1.5e-05,3e-13,3.5e-10,2e-10,0.0699,31200000000.0,1530000000.0,11.32,-81.57
3e-05,1.5e-05,3e-13,3.5e-10,2.5e-10,0.0699,31200000000.0,1540000000.0,11.32,-83.91
3e-05,1.5e-05,3e-13,4.5e-10,1e-10,0.0699,28400000000.0,1320000000.0,11.91,-81.66
3e-05,1.5e-05,3e-13,4.5e-10,5e-11,0.0699,28400000000.0,1320000000.0,11.91,-82.13
3e-05,1.5e-05,3e-13,4.5e-10,1.5e-10,0.0699,28400000000.0,1330000000.0,11.91,-81.93
3e-05,1.5e-05,3e-13,4.5e-10,2e-10,0.0699,28400000000.0,1320000000.0,11.91,-82.09
3e-05,1.5e-05,3e-13,4.5e-10,2.5e-10,0.0699,28400000000.0,1320000000.0,11.91,-82.33
3e-05,1.5e-05,3e-13,5e-10,1e-10,0.0699,27300000000.0,1250000000.0,12.11,-81.3
3e-05,1.5e-05,3e-13,5e-10,5e-11,0.0699,27300000000.0,1270000000.0,12.1,-81.61
3e-05,1.5e-05,3e-13,5e-10,1.5e-10,0.0699,27300000000.0,1250000000.0,12.1,-81.12
3e-05,1.5e-05,3e-13,5e-10,2e-10,0.0699,27300000000.0,1260000000.0,12.11,-80.86
3e-05,1.5e-05,3e-13,5e-10,2.5e-10,0.0699,27300000000.0,1250000000.0,12.11,-81.41
3e-05,1.5e-05,4e-13,4e-10,1e-10,0.0699,29600000000.0,1410000000.0,11.65,-82.63
3e-05,1.5e-05,4e-13,4e-10,5e-11,0.0699,29600000000.0,1410000000.0,11.65,-82.96
3e-05,1.5e-05,4e-13,4e-10,1.5e-10,0.0699,29600000000.0,1420000000.0,11.65,-82.7
3e-05,1.5e-05,4e-13,4e-10,2e-10,0.0699,29600000000.0,1410000000.0,11.65,-82.46
3e-05,1.5e-05,4e-13,4e-10,2.5e-10,0.0699,29600000000.0,1420000000.0,11.65,-82.65
3e-05,1.5e-05,4e-13,3e-10,1e-10,0.0699,33100000000.0,1700000000.0,10.92,-86.17
3e-05,1.5e-05,4e-13,3e-10,5e-11,0.0699,33100000000.0,1700000000.0,10.92,-86.18
3e-05,1.5e-05,4e-13,3e-10,1.5e-10,0.0699,33100000000.0,1710000000.0,10.92,-87.71
3e-05,1.5e-05,4e-13,3e-10,2e-10,0.0699,33100000000.0,1700000000.0,10.92,-86.5
3e-05,1.5e-05,4e-13,3e-10,2.5e-10,0.0699,33100000000.0,1700000000.0,10.92,-85.55
3e-05,1.5e-05,4e-13,3.5e-10,5e-11,0.0699,31100000000.0,1540000000.0,11.32,-83.91
3e-05,1.5e-05,4e-13,3.5e-10,1.5e-10,0.0699,31100000000.0,1530000000.0,11.32,-84.21
3e-05,1.5e-05,4e-13,3.5e-10,2e-10,0.0699,31100000000.0,1530000000.0,11.32,-83.98
3e-05,1.5e-05,4e-13,4.5e-10,1e-10,0.0699,28400000000.0,1320000000.0,11.91,-81.77
3e-05,1.5e-05,4e-13,4.5e-10,1.5e-10,0.0699,28300000000.0,1320000000.0,11.92,-82.04
3e-05,1.5e-05,4e-13,4.5e-10,2e-10,0.0699,28400000000.0,1320000000.0,11.91,-82.0
3e-05,1.5e-05,4e-13,4.5e-10,2.5e-10,0.0699,28300000000.0,1320000000.0,11.91,-82.33
3e-05,1.5e-05,4e-13,5e-10,1e-10,0.0699,27300000000.0,1250000000.0,12.1,-80.65
3e-05,1.5e-05,4e-13,5e-10,5e-11,0.0699,27300000000.0,1260000000.0,12.11,-81.33
3e-05,1.5e-05,4e-13,5e-10,1.5e-10,0.0699,27300000000.0,1270000000.0,12.11,-81.15
3e-05,1.5e-05,4e-13,5e-10,2e-10,0.0699,27300000000.0,1260000000.0,12.1,-81.12
3e-05,1.5e-05,6e-13,4e-10,1e-10,0.0699,29600000000.0,1420000000.0,11.65,-82.88
3e-05,1.5e-05,6e-13,4e-10,5e-11,0.0699,29600000000.0,1410000000.0,11.66,-83.1
3e-05,1.5e-05,6e-13,4e-10,1.5e-10,0.0699,29600000000.0,1410000000.0,11.65,-83.02
3e-05,1.5e-05,6e-13,4e-10,2.5e-10,0.0699,29600000000.0,1410000000.0,11.65,-82.98
3e-05,1.5e-05,6e-13,3e-10,1e-10,0.0699,33100000000.0,1690000000.0,10.92,-85.72
3e-05,1.5e-05,6e-13,3e-10,5e-11,0.0699,33100000000.0,1700000000.0,10.92,-85.9
3e-05,1.5e-05,6e-13,3e-10,1.5e-10,0.0699,33100000000.0,1710000000.0,10.92,-85.7
3e-05,1.5e-05,6e-13,3e-10,2e-10,0.0699,33100000000.0,1700000000.0,10.92,-85.89
3e-05,1.5e-05,6e-13,3e-10,2.5e-10,0.0699,33100000000.0,1690000000.0,10.92,-86.89
3e-05,1.5e-05,6e-13,3.5e-10,1e-10,0.0699,31100000000.0,1530000000.0,11.32,-84.23
3e-05,1.5e-05,6e-13,3.5e-10,5e-11,0.0699,31100000000.0,1530000000.0,11.32,-83.69
3e-05,1.5e-05,6e-13,3.5e-10,1.5e-10,0.0699,31100000000.0,1540000000.0,11.32,-83.23
3e-05,1.5e-05,6e-13,3.5e-10,2e-10,0.0699,31100000000.0,1530000000.0,11.32,-83.85
3e-05,1.5e-05,6e-13,3.5e-10,2.5e-10,0.0699,31100000000.0,1530000000.0,11.32,-83.7
3e-05,1.5e-05,6e-13,4.5e-10,1e-10,0.0699,28300000000.0,1320000000.0,11.92,-82.0
3e-05,1.5e-05,6e-13,4.5e-10,5e-11,0.0699,28300000000.0,1320000000.0,11.91,-82.03
3e-05,1.5e-05,6e-13,4.5e-10,2e-10,0.0699,28300000000.0,1320000000.0,11.92,-82.05
3e-05,1.5e-05,6e-13,4.5e-10,2.5e-10,0.0699,28300000000.0,1320000000.0,11.91,-81.99
3e-05,1.5e-05,6e-13,5e-10,5e-11,0.0699,27300000000.0,1260000000.0,12.1,-81.11
3e-05,1.5e-05,6e-13,5e-10,1.5e-10,0.0699,27300000000.0,1260000000.0,12.11,-81.15
3e-05,1.5e-05,6e-13,5e-10,2e-10,0.0699,27300000000.0,1250000000.0,12.11,-81.11
3e-05,1.5e-05,7e-13,4e-10,1e-10,0.0699,29600000000.0,1410000000.0,11.65,-82.67
3e-05,1.5e-05,7e-13,4e-10,1.5e-10,0.0699,29600000000.0,1410000000.0,11.65,-83.03
3e-05,1.5e-05,7e-13,4e-10,2e-10,0.0699,29600000000.0,1410000000.0,11.65,-82.66
3e-05,1.5e-05,7e-13,3e-10,1e-10,0.0699,33100000000.0,1710000000.0,10.92,-87.65
3e-05,1.5e-05,7e-13,3e-10,5e-11,0.0699,33100000000.0,1700000000.0,10.92,-85.67
3e-05,1.5e-05,7e-13,3e-10,1.5e-10,0.0699,33100000000.0,1700000000.0,10.92,-85.34
3e-05,1.5e-05,7e-13,3e-10,2e-10,0.0699,33100000000.0,1700000000.0,10.92,-81.39
3e-05,1.5e-05,7e-13,3e-10,2.5e-10,0.0699,33100000000.0,1700000000.0,10.92,-85.99
3e-05,1.5e-05,7e-13,3.5e-10,1e-10,0.0699,31100000000.0,1530000000.0,11.32,-84.3
3e-05,1.5e-05,7e-13,3.5e-10,5e-11,0.0699,31100000000.0,1530000000.0,11.32,-83.95
3e-05,1.5e-05,7e-13,3.5e-10,1.5e-10,0.0699,31100000000.0,1530000000.0,11.32,-83.99
3e-05,1.5e-05,7e-13,3.5e-10,2e-10,0.0699,31100000000.0,1530000000.0,11.32,-83.92
3e-05,1.5e-05,7e-13,3.5e-10,2.5e-10,0.0699,31100000000.0,1530000000.0,11.32,-82.44
3e-05,1.5e-05,7e-13,4.5e-10,1e-10,0.0699,28300000000.0,1320000000.0,11.92,-81.96
3e-05,1.5e-05,7e-13,4.5e-10,5e-11,0.0699,28300000000.0,1320000000.0,11.92,-82.07
3e-05,1.5e-05,7e-13,4.5e-10,2.5e-10,0.0699,28300000000.0,1320000000.0,11.92,-82.03
3e-05,1.5e-05,7e-13,5e-10,1e-10,0.0699,27300000000.0,1250000000.0,12.11,-81.34
3e-05,1.5e-05,7e-13,5e-10,1.5e-10,0.0699,27300000000.0,1270000000.0,12.11,-81.32
3e-05,1.6e-05,5e-13,4e-10,1e-10,0.0699,29500000000.0,1410000000.0,11.65,-82.86
3e-05,1.6e-05,5e-13,4e-10,5e-11,0.0699,29500000000.0,1410000000.0,11.65,-82.87
3e-05,1.6e-05,5e-13,4e-10,1.5e-10,0.0699,29500000000.0,1420000000.0,11.65,-83.21
3e-05,1.6e-05,5e-13,4e-10,2e-10,0.0699,29500000000.0,1410000000.0,11.65,-82.84
3e-05,1.6e-05,5e-13,4e-10,2.5e-10,0.0699,29500000000.0,1410000000.0,11.65,-82.91
3e-05,1.6e-05,5e-13,3e-10,1e-10,0.0699,33000000000.0,1710000000.0,10.91,-85.62
3e-05,1.6e-05,5e-13,3e-10,5e-11,0.0699,33000000000.0,1720000000.0,10.91,-86.48
3e-05,1.6e-05,5e-13,3e-10,1.5e-10,0.0699,33000000000.0,1700000000.0,10.91,-85.95
3e-05,1.6e-05,5e-13,3e-10,2e-10,0.0699,33000000000.0,1710000000.0,10.91,-85.58
3e-05,1.6e-05,5e-13,3e-10,2.5e-10,0.0699,33000000000.0,1710000000.0,10.91,-85.71
3e-05,1.6e-05,5e-13,3.5e-10,1e-10,0.0699,31000000000.0,1540000000.0,11.31,-83.97
3e-05,1.6e-05,5e-13,3.5e-10,5e-11,0.0699,31000000000.0,1550000000.0,11.32,-83.8
3e-05,1.6e-05,5e-13,3.5e-10,1.5e-10,0.0699,31000000000.0,1540000000.0,11.31,-83.96
3e-05,1.6e-05,5e-13,3.5e-10,2e-10,0.0699,31000000000.0,1540000000.0,11.31,-83.93
3e-05,1.6e-05,5e-13,3.5e-10,2.5e-10,0.0699,31000000000.0,1540000000.0,11.31,-83.87
3e-05,1.6e-05,5e-13,4.5e-10,1e-10,0.0699,28200000000.0,1330000000.0,11.9,-81.96
3e-05,1.6e-05,5e-13,4.5e-10,5e-11,0.0699,28200000000.0,1330000000.0,11.9,-81.86
3e-05,1.6e-05,5e-13,4.5e-10,1.5e-10,0.0699,28200000000.0,1330000000.0,11.9,-81.74
3e-05,1.6e-05,5e-13,4.5e-10,2e-10,0.0699,28200000000.0,1330000000.0,11.91,-82.78
3e-05,1.6e-05,5e-13,4.5e-10,2.5e-10,0.0699,28200000000.0,1320000000.0,11.91,-81.97
3e-05,1.6e-05,5e-13,5e-10,1e-10,0.0699,27200000000.0,1260000000.0,12.1,-81.26
3e-05,1.6e-05,5e-13,5e-10,5e-11,0.0699,27200000000.0,1260000000.0,12.1,-83.07
3e-05,1.6e-05,5e-13,5e-10,1.5e-10,0.0699,27200000000.0,1280000000.0,12.09,-81.05
3e-05,1.6e-05,5e-13,5e-10,2e-10,0.0699,27200000000.0,1250000000.0,12.09,-81.06
3e-05,1.6e-05,5e-13,5e-10,2.5e-10,0.0699,27200000000.0,1260000000.0,12.1,-81.3
3e-05,1.6e-05,3e-13,4e-10,1e-10,0.0699,29500000000.0,1420000000.0,11.64,-82.82
3e-05,1.6e-05,3e-13,4e-10,5e-11,0.0699,29500000000.0,1420000000.0,11.65,-82.84
3e-05,1.6e-05,3e-13,4e-10,1.5e-10,0.0699,29500000000.0,1420000000.0,11.65,-82.36
3e-05,1.6e-05,3e-13,4e-10,2e-10,0.0699,29500000000.0,1420000000.0,11.65,-82.96
3e-05,1.6e-05,3e-13,4e-10,2.5e-10,0.0699,29500000000.0,1420000000.0,11.65,-82.61
3e-05,1.6e-05,3e-13,3e-10,1e-10,0.0699,33000000000.0,1710000000.0,10.91,-85.86
3e-05,1.6e-05,3e-13,3e-10,5e-11,0.0699,33000000000.0,1710000000.0,10.91,-86.2
3e-05,1.6e-05,3e-13,3e-10,1.5e-10,0.0699,33000000000.0,1710000000.0,10.91,-86.05
3e-05,1.6e-05,3e-13,3e-10,2e-10,0.0699,33000000000.0,1710000000.0,10.91,-85.6
3e-05,1.6e-05,3e-13,3e-10,2.5e-10,0.0699,33000000000.0,1710000000.0,10.91,-85.94
3e-05,1.6e-05,3e-13,3.5e-10,1e-10,0.0699,31000000000.0,1550000000.0,11.31,-85.25
3e-05,1.6e-05,3e-13,3.5e-10,1.5e-10,0.0699,31000000000.0,1540000000.0,11.31,-84.29
3e-05,1.6e-05,3e-13,3.5e-10,2e-10,0.0699,31000000000.0,1540000000.0,11.31,-83.91
3e-05,1.6e-05,3e-13,3.5e-10,2.5e-10,0.0699,31000000000.0,1550000000.0,11.32,-84.09
3e-05,1.6e-05,3e-13,4.5e-10,1e-10,0.0699,28200000000.0,1320000000.0,11.9,-81.62
3e-05,1.6e-05,3e-13,4.5e-10,5e-11,0.0699,28200000000.0,1330000000.0,11.9,-81.66
3e-05,1.6e-05,3e-13,4.5e-10,1.5e-10,0.0699,28200000000.0,1320000000.0,11.9,-81.84
3e-05,1.6e-05,3e-13,4.5e-10,2e-10,0.0699,28200000000.0,1330000000.0,11.9,-81.83
3e-05,1.6e-05,3e-13,4.5e-10,2.5e-10,0.0699,28200000000.0,1330000000.0,11.9,-81.92
3e-05,1.6e-05,3e-13,5e-10,1e-10,0.0699,27200000000.0,1270000000.0,12.09,-81.15
3e-05,1.6e-05,3e-13,5e-10,5e-11,0.0699,27200000000.0,1270000000.0,12.09,-81.26
3e-05,1.6e-05,3e-13,5e-10,1.5e-10,0.0699,27200000000.0,1260000000.0,12.09,-81.64
3e-05,1.6e-05,3e-13,5e-10,2e-10,0.0699,27200000000.0,1260000000.0,12.09,-81.07
3e-05,1.6e-05,4e-13,4e-10,1e-10,0.0699,29500000000.0,1420000000.0,11.64,-82.7
3e-05,1.6e-05,4e-13,4e-10,5e-11,0.0699,29500000000.0,1410000000.0,11.65,-82.83
3e-05,1.6e-05,4e-13,4e-10,1.5e-10,0.0699,29500000000.0,1420000000.0,11.65,-82.55
3e-05,1.6e-05,4e-13,4e-10,2e-10,0.0699,29500000000.0,1420000000.0,11.65,-82.58
3e-05,1.6e-05,4e-13,4e-10,2.5e-10,0.0699,29500000000.0,1420000000.0,11.65,-82.64
3e-05,1.6e-05,4e-13,3e-10,1e-10,0.0699,33000000000.0,1710000000.0,10.91,-85.84
3e-05,1.6e-05,4e-13,3e-10,5e-11,0.0699,33000000000.0,1710000000.0,10.91,-85.59
3e-05,1.6e-05,4e-13,3e-10,1.5e-10,0.0699,33000000000.0,1700000000.0,10.91,-85.65
3e-05,1.6e-05,4e-13,3e-10,2e-10,0.0699,33000000000.0,1720000000.0,10.91,-85.65
3e-05,1.6e-05,4e-13,3e-10,2.5e-10,0.0699,33000000000.0,1710000000.0,10.91,-85.89
3e-05,1.6e-05,4e-13,3.5e-10,1e-10,0.0699,31000000000.0,1540000000.0,11.31,-83.92
3e-05,1.6e-05,4e-13,3.5e-10,1.5e-10,0.0699,31000000000.0,1550000000.0,11.31,-84.05
3e-05,1.6e-05,4e-13,3.5e-10,2e-10,0.0699,31000000000.0,1550000000.0,11.31,-83.81
3e-05,1.6e-05,4e-13,3.5e-10,2.5e-10,0.0699,31000000000.0,1540000000.0,11.31,-83.95
3e-05,1.6e-05,4e-13,4.5e-10,1e-10,0.0699,28200000000.0,1320000000.0,11.91,-81.98
3e-05,1.6e-05,4e-13,4.5e-10,5e-11,0.0699,28200000000.0,1330000000.0,11.91,-81.97
3e-05,1.6e-05,4e-13,4.5e-10,1.5e-10,0.0699,28200000000.0,1330000000.0,11.9,-81.91
3e-05,1.6e-05,4e-13,4.5e-10,2e-10,0.0699,28200000000.0,1320000000.0,11.91,-82.03
3e-05,1.6e-05,4e-13,4.5e-10,2.5e-10,0.0699,28200000000.0,1330000000.0,11.9,-81.99
3e-05,1.6e-05,4e-13,5e-10,1e-10,0.0699,27200000000.0,1270000000.0,12.09,-81.13
3e-05,1.6e-05,4e-13,5e-10,5e-11,0.0699,27200000000.0,1250000000.0,12.09,-81.13
3e-05,1.6e-05,4e-13,5e-10,1.5e-10,0.0699,27200000000.0,1260000000.0,12.09,-80.96
3e-05,1.6e-05,4e-13,5e-10,2e-10,0.0699,27200000000.0,1260000000.0,12.09,-81.21
3e-05,1.6e-05,4e-13,5e-10,2.5e-10,0.0699,27200000000.0,1260000000.0,12.09,-80.58
3e-05,1.6e-05,6e-13,4e-10,5e-11,0.0699,29500000000.0,1420000000.0,11.64,-82.69
3e-05,1.6e-05,6e-13,4e-10,1.5e-10,0.0699,29500000000.0,1420000000.0,11.65,-82.76
3e-05,1.6e-05,6e-13,4e-10,2e-10,0.0699,29500000000.0,1420000000.0,11.65,-82.6
3e-05,1.6e-05,6e-13,4e-10,2.5e-10,0.0699,29500000000.0,1420000000.0,11.65,-82.86
3e-05,1.6e-05,6e-13,3e-10,1e-10,0.0699,33000000000.0,1710000000.0,10.91,-87.11
3e-05,1.6e-05,6e-13,3e-10,5e-11,0.0699,33000000000.0,1710000000.0,10.91,-85.77
3e-05,1.6e-05,6e-13,3e-10,2e-10,0.0699,33000000000.0,1710000000.0,10.91,-83.15
3e-05,1.6e-05,6e-13,3e-10,2.5e-10,0.0699,33000000000.0,1700000000.0,10.91,-85.47
3e-05,1.6e-05,6e-13,3.5e-10,5e-11,0.0699,31000000000.0,1550000000.0,11.32,-83.81
3e-05,1.6e-05,6e-13,3.5e-10,1.5e-10,0.0699,31000000000.0,1540000000.0,11.32,-84.55
3e-05,1.6e-05,6e-13,3.5e-10,2.5e-10,0.0699,31000000000.0,1540000000.0,11.31,-84.41
3e-05,1.6e-05,6e-13,4.5e-10,1e-10,0.0699,28200000000.0,1330000000.0,11.9,-81.79
3e-05,1.6e-05,6e-13,4.5e-10,5e-11,0.0699,28200000000.0,1320000000.0,11.9,-81.85
3e-05,1.6e-05,6e-13,4.5e-10,1.5e-10,0.0699,28200000000.0,1320000000.0,11.9,-81.83
3e-05,1.6e-05,6e-13,4.5e-10,2e-10,0.0699,28200000000.0,1320000000.0,11.91,-82.13
3e-05,1.6e-05,6e-13,4.5e-10,2.5e-10,0.0699,28200000000.0,1320000000.0,11.91,-82.0
3e-05,1.6e-05,6e-13,5e-10,1e-10,0.0699,27200000000.0,1260000000.0,12.1,-81.35
3e-05,1.6e-05,6e-13,5e-10,5e-11,0.0699,27200000000.0,1260000000.0,12.09,-80.99
3e-05,1.6e-05,6e-13,5e-10,1.5e-10,0.0699,27200000000.0,1260000000.0,12.09,-80.95
3e-05,1.6e-05,6e-13,5e-10,2e-10,0.0699,27200000000.0,1280000000.0,12.09,-81.4
3e-05,1.6e-05,6e-13,5e-10,2.5e-10,0.0699,27200000000.0,1270000000.0,12.09,-80.98
3e-05,1.6e-05,7e-13,4e-10,1e-10,0.0699,29500000000.0,1420000000.0,11.65,-82.85
3e-05,1.6e-05,7e-13,4e-10,5e-11,0.0699,29500000000.0,1420000000.0,11.64,-82.73
3e-05,1.6e-05,7e-13,4e-10,1.5e-10,0.0699,29500000000.0,1420000000.0,11.65,-82.59
3e-05,1.6e-05,7e-13,3e-10,5e-11,0.0699,33000000000.0,1710000000.0,10.91,-87.0
3e-05,1.6e-05,7e-13,3e-10,1.5e-10,0.0699,33000000000.0,1710000000.0,10.91,-85.45
3e-05,1.6e-05,7e-13,3e-10,2e-10,0.0699,33000000000.0,1710000000.0,10.91,-81.92
3e-05,1.6e-05,7e-13,3e-10,2.5e-10,0.0699,33000000000.0,1700000000.0,10.91,-85.98
3e-05,1.6e-05,7e-13,3.5e-10,1e-10,0.0699,31000000000.0,1540000000.0,11.31,-80.02
3e-05,1.6e-05,7e-13,3.5e-10,1.5e-10,0.0699,31000000000.0,1540000000.0,11.31,-84.2
3e-05,1.6e-05,7e-13,3.5e-10,2e-10,0.0699,31000000000.0,1540000000.0,11.32,-73.21
3e-05,1.6e-05,7e-13,4.5e-10,1e-10,0.0699,28200000000.0,1320000000.0,11.9,-81.72
3e-05,1.6e-05,7e-13,4.5e-10,5e-11,0.0699,28200000000.0,1330000000.0,11.91,-81.93
3e-05,1.6e-05,7e-13,4.5e-10,1.5e-10,0.0699,28200000000.0,1330000000.0,11.91,-81.98
3e-05,1.6e-05,7e-13,4.5e-10,2e-10,0.0699,28200000000.0,1320000000.0,11.9,-81.64
3e-05,1.6e-05,7e-13,5e-10,1e-10,0.0699,27200000000.0,1260000000.0,12.1,-81.28
3e-05,1.6e-05,7e-13,5e-10,5e-11,0.0699,27200000000.0,1270000000.0,12.09,-81.0
3e-05,1.6e-05,7e-13,5e-10,1.5e-10,0.0699,27200000000.0,1270000000.0,12.09,-81.18
3e-05,1.6e-05,7e-13,5e-10,2e-10,0.0699,27200000000.0,1260000000.0,12.1,-81.23
3e-05,1.6e-05,7e-13,5e-10,2.5e-10,0.0699,27200000000.0,1260000000.0,12.1,-81.27
3e-05,1.7e-05,5e-13,4e-10,1e-10,0.0699,29300000000.0,1420000000.0,11.63,-82.52
3e-05,1.7e-05,5e-13,4e-10,5e-11,0.0699,29300000000.0,1420000000.0,11.63,-82.75
3e-05,1.7e-05,5e-13,4e-10,1.5e-10,0.0699,29300000000.0,1420000000.0,11.63,-82.7
3e-05,1.7e-05,5e-13,4e-10,2e-10,0.0699,29300000000.0,1420000000.0,11.63,-81.94
3e-05,1.7e-05,5e-13,4e-10,2.5e-10,0.0699,29300000000.0,1420000000.0,11.63,-82.67
3e-05,1.7e-05,5e-13,3e-10,1e-10,0.0699,32900000000.0,1710000000.0,10.89,-85.53
3e-05,1.7e-05,5e-13,3e-10,5e-11,0.0699,32900000000.0,1710000000.0,10.89,-85.12
3e-05,1.7e-05,5e-13,3e-10,2e-10,0.0699,32900000000.0,1700000000.0,10.89,-85.74
3e-05,1.7e-05,5e-13,3e-10,2.5e-10,0.0699,32900000000.0,1700000000.0,10.89,-85.76
3e-05,1.7e-05,5e-13,3.5e-10,1e-10,0.0699,30900000000.0,1540000000.0,11.3,-81.93
3e-05,1.7e-05,5e-13,3.5e-10,5e-11,0.0699,30900000000.0,1540000000.0,11.3,-84.55
3e-05,1.7e-05,5e-13,3.5e-10,1.5e-10,0.0699,30900000000.0,1540000000.0,11.3,-81.9
3e-05,1.7e-05,5e-13,3.5e-10,2e-10,0.0699,30900000000.0,1540000000.0,11.3,-83.64
3e-05,1.7e-05,5e-13,3.5e-10,2.5e-10,0.0699,30900000000.0,1540000000.0,11.3,-83.72
3e-05,1.7e-05,5e-13,4.5e-10,1e-10,0.0699,28100000000.0,1320000000.0,11.89,-81.93
3e-05,1.7e-05,5e-13,4.5e-10,1.5e-10,0.0699,28100000000.0,1330000000.0,11.89,-81.69
3e-05,1.7e-05,5e-13,4.5e-10,2e-10,0.0699,28100000000.0,1320000000.0,11.89,-81.98
3e-05,1.7e-05,5e-13,5e-10,1e-10,0.0699,27100000000.0,1270000000.0,12.07,-80.87
3e-05,1.7e-05,5e-13,5e-10,5e-11,0.0699,27100000000.0,1270000000.0,12.07,-80.98
3e-05,1.7e-05,5e-13,5e-10,1.5e-10,0.0699,27100000000.0,1250000000.0,12.08,-80.87
3e-05,1.7e-05,5e-13,5e-10,2e-10,0.0699,27100000000.0,1260000000.0,12.08,-81.05
3e-05,1.7e-05,5e-13,5e-10,2.5e-10,0.0699,27100000000.0,1260000000.0,12.08,-81.0
3e-05,1.7e-05,3e-13,4e-10,1e-10,0.0699,29300000000.0,1420000000.0,11.63,-82.4
3e-05,1.7e-05,3e-13,4e-10,5e-11,0.0699,29300000000.0,1420000000.0,11.63,-82.07
3e-05,1.7e-05,3e-13,4e-10,1.5e-10,0.0699,29300000000.0,1420000000.0,11.63,-82.6
3e-05,1.7e-05,3e-13,4e-10,2e-10,0.0699,29300000000.0,1420000000.0,11.63,-82.74
3e-05,1.7e-05,3e-13,4e-10,2.5e-10,0.0699,29300000000.0,1420000000.0,11.63,-82.69
3e-05,1.7e-05,3e-13,3e-10,1e-10,0.0699,32900000000.0,1710000000.0,10.89,-85.96
3e-05,1.7e-05,3e-13,3e-10,5e-11,0.0699,32900000000.0,1710000000.0,10.89,-86.34
3e-05,1.7e-05,3e-13,3e-10,1.5e-10,0.0699,32900000000.0,1710000000.0,10.89,-85.61
3e-05,1.7e-05,3e-13,3e-10,2e-10,0.0699,32900000000.0,1710000000.0,10.89,-85.13
3e-05,1.7e-05,3e-13,3.5e-10,1e-10,0.0699,30900000000.0,1540000000.0,11.3,-83.9
3e-05,1.7e-05,3e-13,3.5e-10,5e-11,0.0699,30900000000.0,1540000000.0,11.3,-83.68
3e-05,1.7e-05,3e-13,3.5e-10,1.5e-10,0.0699,30900000000.0,1540000000.0,11.3,-83.79
3e-05,1.7e-05,3e-13,3.5e-10,2e-10,0.0699,30900000000.0,1540000000.0,11.3,-83.62
3e-05,1.7e-05,3e-13,4.5e-10,1e-10,0.0699,28100000000.0,1330000000.0,11.89,-83.91
3e-05,1.7e-05,3e-13,4.5e-10,5e-11,0.0699,28100000000.0,1320000000.0,11.89,-81.49
3e-05,1.7e-05,3e-13,4.5e-10,1.5e-10,0.0699,28100000000.0,1330000000.0,11.89,-81.9
3e-05,1.7e-05,3e-13,4.5e-10,2e-10,0.0699,28100000000.0,1330000000.0,11.89,-81.78
3e-05,1.7e-05,3e-13,4.5e-10,2.5e-10,0.0699,28100000000.0,1330000000.0,11.89,-81.86
3e-05,1.7e-05,3e-13,5e-10,1e-10,0.0699,27100000000.0,1260000000.0,12.07,-80.87
3e-05,1.7e-05,3e-13,5e-10,5e-11,0.0699,27100000000.0,1270000000.0,12.08,-81.17
3e-05,1.7e-05,3e-13,5e-10,1.5e-10,0.0699,27100000000.0,1250000000.0,12.08,-81.08
3e-05,1.7e-05,3e-13,5e-10,2e-10,0.0699,27100000000.0,1260000000.0,12.08,-81.23
3e-05,1.7e-05,3e-13,5e-10,2.5e-10,0.0699,27100000000.0,1270000000.0,12.07,-81.07
3e-05,1.7e-05,4e-13,4e-10,1e-10,0.0699,29300000000.0,1420000000.0,11.63,-82.55
3e-05,1.7e-05,4e-13,4e-10,5e-11,0.0699,29300000000.0,1420000000.0,11.63,-82.35
3e-05,1.7e-05,4e-13,4e-10,1.5e-10,0.0699,29300000000.0,1420000000.0,11.63,-81.96
3e-05,1.7e-05,4e-13,4e-10,2e-10,0.0699,29300000000.0,1420000000.0,11.63,-82.43
3e-05,1.7e-05,4e-13,4e-10,2.5e-10,0.0699,29300000000.0,1420000000.0,11.63,-82.61
3e-05,1.7e-05,4e-13,3e-10,1e-10,0.0699,32900000000.0,1710000000.0,10.89,-85.98
3e-05,1.7e-05,4e-13,3e-10,5e-11,0.0699,32900000000.0,1700000000.0,10.9,-85.96
3e-05,1.7e-05,4e-13,3e-10,1.5e-10,0.0699,32900000000.0,1710000000.0,10.89,-85.52
3e-05,1.7e-05,4e-13,3e-10,2e-10,0.0699,32900000000.0,1710000000.0,10.89,-85.32
3e-05,1.7e-05,4e-13,3e-10,2.5e-10,0.0699,32900000000.0,1710000000.0,10.89,-85.5
3e-05,1.7e-05,4e-13,3.5e-10,1e-10,0.0699,30900000000.0,1540000000.0,11.3,-83.63
3e-05,1.7e-05,4e-13,3.5e-10,5e-11,0.0699,30900000000.0,1540000000.0,11.3,-83.82
3e-05,1.7e-05,4e-13,3.5e-10,1.5e-10,0.0699,30900000000.0,1540000000.0,11.3,-83.71
3e-05,1.7e-05,4e-13,3.5e-10,2e-10,0.0699,30900000000.0,1540000000.0,11.3,-83.73
3e-05,1.7e-05,4e-13,3.5e-10,2.5e-10,0.0699,30900000000.0,1540000000.0,11.3,-83.93
3e-05,1.7e-05,4e-13,4.5e-10,1e-10,0.0699,28100000000.0,1330000000.0,11.89,-81.91
3e-05,1.7e-05,4e-13,4.5e-10,5e-11,0.0699,28100000000.0,1320000000.0,11.89,-81.87
3e-05,1.7e-05,4e-13,4.5e-10,2e-10,0.0699,28100000000.0,1330000000.0,11.89,-81.57
3e-05,1.7e-05,4e-13,4.5e-10,2.5e-10,0.0699,28100000000.0,1330000000.0,11.89,-82.0
3e-05,1.7e-05,4e-13,5e-10,1e-10,0.0699,27100000000.0,1270000000.0,12.07,-81.12
3e-05,1.7e-05,4e-13,5e-10,5e-11,0.0699,27100000000.0,1260000000.0,12.08,-81.08
3e-05,1.7e-05,4e-13,5e-10,1.5e-10,0.0699,27100000000.0,1260000000.0,12.08,-81.18
3e-05,1.7e-05,4e-13,5e-10,2e-10,0.0699,27100000000.0,1260000000.0,12.07,-80.96
3e-05,1.7e-05,4e-13,5e-10,2.5e-10,0.0699,27100000000.0,1260000000.0,12.08,-81.13
3e-05,1.7e-05,6e-13,4e-10,1e-10,0.0699,29300000000.0,1420000000.0,11.63,-82.58
3e-05,1.7e-05,6e-13,4e-10,5e-11,0.0699,29300000000.0,1420000000.0,11.63,-82.49
3e-05,1.7e-05,6e-13,4e-10,2e-10,0.0699,29300000000.0,1410000000.0,11.63,-82.45
3e-05,1.7e-05,6e-13,4e-10,2.5e-10,0.0699,29300000000.0,1410000000.0,11.63,-82.77
3e-05,1.7e-05,6e-13,3e-10,1e-10,0.0699,32900000000.0,1700000000.0,10.89,-86.12
3e-05,1.7e-05,6e-13,3e-10,5e-11,0.0699,32900000000.0,1700000000.0,10.89,-85.53
3e-05,1.7e-05,6e-13,3e-10,1.5e-10,0.0699,32900000000.0,1710000000.0,10.89,-85.58
3e-05,1.7e-05,6e-13,3e-10,2e-10,0.0699,32900000000.0,1700000000.0,10.89,-85.72
3e-05,1.7e-05,6e-13,3e-10,2.5e-10,0.0699,32900000000.0,1700000000.0,10.89,-85.58
3e-05,1.7e-05,6e-13,3.5e-10,1e-10,0.0699,30900000000.0,1540000000.0,11.3,-83.75
3e-05,1.7e-05,6e-13,3.5e-10,5e-11,0.0699,30900000000.0,1540000000.0,11.3,-84.56
3e-05,1.7e-05,6e-13,3.5e-10,1.5e-10,0.0699,30900000000.0,1530000000.0,11.3,-83.83
3e-05,1.7e-05,6e-13,3.5e-10,2.5e-10,0.0699,30900000000.0,1540000000.0,11.3,-83.8
3e-05,1.7e-05,6e-13,4.5e-10,1e-10,0.0699,28100000000.0,1320000000.0,11.89,-81.61
3e-05,1.7e-05,6e-13,4.5e-10,1.5e-10,0.0699,28100000000.0,1330000000.0,11.89,-81.59
3e-05,1.7e-05,6e-13,4.5e-10,2.5e-10,0.0699,28100000000.0,1320000000.0,11.89,-81.89
3e-05,1.7e-05,6e-13,5e-10,1e-10,0.0699,27100000000.0,1250000000.0,12.08,-80.96
3e-05,1.7e-05,6e-13,5e-10,5e-11,0.0699,27100000000.0,1250000000.0,12.08,-80.36
3e-05,1.7e-05,6e-13,5e-10,1.5e-10,0.0699,27100000000.0,1260000000.0,12.07,-80.88
3e-05,1.7e-05,6e-13,5e-10,2e-10,0.0699,27100000000.0,1250000000.0,12.07,-80.45
3e-05,1.7e-05,7e-13,4e-10,1e-10,0.0699,29300000000.0,1420000000.0,11.63,-82.94
3e-05,1.7e-05,7e-13,4e-10,5e-11,0.0699,29300000000.0,1410000000.0,11.63,-82.75
3e-05,1.7e-05,7e-13,4e-10,1.5e-10,0.0699,29300000000.0,1420000000.0,11.63,-82.92
3e-05,1.7e-05,7e-13,4e-10,2e-10,0.0699,29300000000.0,1420000000.0,11.63,-81.93
3e-05,1.7e-05,7e-13,4e-10,2.5e-10,0.0699,29300000000.0,1420000000.0,11.63,-84.66
3e-05,1.7e-05,7e-13,3e-10,1e-10,0.0699,32900000000.0,1700000000.0,10.89,-85.15
3e-05,1.7e-05,7e-13,3e-10,2e-10,0.0699,32900000000.0,1700000000.0,10.89,-85.6
3e-05,1.7e-05,7e-13,3e-10,2.5e-10,0.0699,32900000000.0,1710000000.0,10.89,-85.48
3e-05,1.7e-05,7e-13,3.5e-10,1e-10,0.0699,30900000000.0,1530000000.0,11.3,-83.81
3e-05,1.7e-05,7e-13,3.5e-10,5e-11,0.0699,30900000000.0,1540000000.0,11.3,-83.56
3e-05,1.7e-05,7e-13,3.5e-10,1.5e-10,0.0699,30900000000.0,1530000000.0,11.3,-83.6
3e-05,1.7e-05,7e-13,3.5e-10,2e-10,0.0699,30900000000.0,1540000000.0,11.3,-83.76
3e-05,1.7e-05,7e-13,3.5e-10,2.5e-10,0.0699,30900000000.0,1540000000.0,11.3,-83.77
3e-05,1.7e-05,7e-13,4.5e-10,1e-10,0.0699,28100000000.0,1330000000.0,11.89,-81.62
3e-05,1.7e-05,7e-13,4.5e-10,5e-11,0.0699,28100000000.0,1330000000.0,11.89,-81.52
3e-05,1.7e-05,7e-13,4.5e-10,2e-10,0.0699,28100000000.0,1330000000.0,11.89,-80.54
3e-05,1.7e-05,7e-13,5e-10,1e-10,0.0699,27100000000.0,1260000000.0,12.07,-80.98
3e-05,1.7e-05,7e-13,5e-10,5e-11,0.0699,27100000000.0,1250000000.0,12.08,-81.03
3e-05,1.7e-05,7e-13,5e-10,1.5e-10,0.0699,27100000000.0,1260000000.0,12.07,-81.68
3e-05,1.7e-05,7e-13,5e-10,2e-10,0.0699,27100000000.0,1270000000.0,12.07,-80.86
3e-05,1.7e-05,7e-13,5e-10,2.5e-10,0.0699,27100000000.0,1260000000.0,12.07,-80.93
3e-05,1.8e-05,5e-13,4e-10,1e-10,0.0699,29200000000.0,1410000000.0,11.61,-82.46
3e-05,1.8e-05,5e-13,4e-10,5e-11,0.0699,29200000000.0,1410000000.0,11.61,-82.59
3e-05,1.8e-05,5e-13,4e-10,1.5e-10,0.0699,29200000000.0,1400000000.0,11.61,-82.68
3e-05,1.8e-05,5e-13,4e-10,2e-10,0.0699,29200000000.0,1400000000.0,11.61,-82.63
3e-05,1.8e-05,5e-13,4e-10,2.5e-10,0.0699,29200000000.0,1400000000.0,11.61,-82.66
3e-05,1.8e-05,5e-13,3e-10,1e-10,0.0699,32700000000.0,1700000000.0,10.87,-85.22
3e-05,1.8e-05,5e-13,3e-10,5e-11,0.0699,32700000000.0,1700000000.0,10.87,-85.32
3e-05,1.8e-05,5e-13,3e-10,1.5e-10,0.0699,32700000000.0,1700000000.0,10.87,-86.05
3e-05,1.8e-05,5e-13,3e-10,2e-10,0.0699,32700000000.0,1700000000.0,10.87,-85.04
3e-05,1.8e-05,5e-13,3e-10,2.5e-10,0.0699,32700000000.0,1690000000.0,10.87,-85.51
3e-05,1.8e-05,5e-13,3.5e-10,1e-10,0.0699,30800000000.0,1530000000.0,11.28,-83.66
3e-05,1.8e-05,5e-13,3.5e-10,5e-11,0.0699,30800000000.0,1530000000.0,11.28,-83.0
3e-05,1.8e-05,5e-13,3.5e-10,1.5e-10,0.0699,30800000000.0,1530000000.0,11.28,-83.63
3e-05,1.8e-05,5e-13,3.5e-10,2e-10,0.0699,30800000000.0,1530000000.0,11.28,-83.64
3e-05,1.8e-05,5e-13,3.5e-10,2.5e-10,0.0699,30800000000.0,1530000000.0,11.28,-83.4
3e-05,1.8e-05,5e-13,4.5e-10,1e-10,0.0699,28000000000.0,1320000000.0,11.87,-81.49
3e-05,1.8e-05,5e-13,4.5e-10,5e-11,0.0699,28000000000.0,1330000000.0,11.87,-81.66
3e-05,1.8e-05,5e-13,4.5e-10,1.5e-10,0.0699,28000000000.0,1330000000.0,11.87,-81.65
3e-05,1.8e-05,5e-13,4.5e-10,2e-10,0.0699,28000000000.0,1320000000.0,11.87,-81.43
3e-05,1.8e-05,5e-13,4.5e-10,2.5e-10,0.0699,28000000000.0,1320000000.0,11.87,-81.44
3e-05,1.8e-05,5e-13,5e-10,1e-10,0.0699,27000000000.0,1250000000.0,12.06,-81.31
3e-05,1.8e-05,5e-13,5e-10,5e-11,0.0699,27000000000.0,1260000000.0,12.06,-81.12
3e-05,1.8e-05,5e-13,5e-10,1.5e-10,0.0699,27000000000.0,1250000000.0,12.05,-80.51
3e-05,1.8e-05,5e-13,5e-10,2e-10,0.0699,27000000000.0,1260000000.0,12.06,-81.11
3e-05,1.8e-05,5e-13,5e-10,2.5e-10,0.0699,27000000000.0,1250000000.0,12.05,-81.13
3e-05,1.8e-05,3e-13,4e-10,1e-10,0.0699,29200000000.0,1410000000.0,11.62,-82.32
3e-05,1.8e-05,3e-13,4e-10,5e-11,0.0699,29200000000.0,1410000000.0,11.61,-82.41
3e-05,1.8e-05,3e-13,4e-10,1.5e-10,0.0699,29200000000.0,1410000000.0,11.61,-82.21
3e-05,1.8e-05,3e-13,4e-10,2e-10,0.0699,29200000000.0,1410000000.0,11.61,-82.56
3e-05,1.8e-05,3e-13,4e-10,2.5e-10,0.0699,29200000000.0,1410000000.0,11.61,-82.39
3e-05,1.8e-05,3e-13,3e-10,1e-10,0.0699,32700000000.0,1690000000.0,10.87,-87.84
3e-05,1.8e-05,3e-13,3e-10,5e-11,0.0699,32700000000.0,1690000000.0,10.87,-84.93
3e-05,1.8e-05,3e-13,3e-10,1.5e-10,0.0699,32700000000.0,1700000000.0,10.87,-85.55
3e-05,1.8e-05,3e-13,3e-10,2e-10,0.0699,32700000000.0,1690000000.0,10.87,-85.86
3e-05,1.8e-05,3e-13,3e-10,2.5e-10,0.0699,32700000000.0,1690000000.0,10.87,-85.49
3e-05,1.8e-05,3e-13,3.5e-10,1e-10,0.0699,30800000000.0,1530000000.0,11.28,-83.46
3e-05,1.8e-05,3e-13,3.5e-10,5e-11,0.0699,30800000000.0,1530000000.0,11.28,-83.6
3e-05,1.8e-05,3e-13,3.5e-10,1.5e-10,0.0699,30800000000.0,1530000000.0,11.28,-83.48
3e-05,1.8e-05,3e-13,3.5e-10,2e-10,0.0699,30800000000.0,1530000000.0,11.28,-83.62
3e-05,1.8e-05,3e-13,3.5e-10,2.5e-10,0.0699,30800000000.0,1530000000.0,11.28,-84.0
3e-05,1.8e-05,3e-13,4.5e-10,1e-10,0.0699,28000000000.0,1320000000.0,11.87,-81.62
3e-05,1.8e-05,3e-13,4.5e-10,5e-11,0.0699,28000000000.0,1320000000.0,11.87,-81.67
3e-05,1.8e-05,3e-13,4.5e-10,1.5e-10,0.0699,28000000000.0,1320000000.0,11.87,-81.63
3e-05,1.8e-05,3e-13,4.5e-10,2e-10,0.0699,28000000000.0,1320000000.0,11.87,-81.69
3e-05,1.8e-05,3e-13,4.5e-10,2.5e-10,0.0699,28000000000.0,1310000000.0,11.87,-81.61
3e-05,1.8e-05,3e-13,5e-10,1e-10,0.0699,27000000000.0,1260000000.0,12.05,-80.74
3e-05,1.8e-05,3e-13,5e-10,5e-11,0.0699,27000000000.0,1250000000.0,12.05,-80.82
3e-05,1.8e-05,3e-13,5e-10,1.5e-10,0.0699,27000000000.0,1260000000.0,12.05,-80.75
3e-05,1.8e-05,3e-13,5e-10,2e-10,0.0699,27000000000.0,1260000000.0,12.05,-80.95
3e-05,1.8e-05,3e-13,5e-10,2.5e-10,0.0699,27000000000.0,1260000000.0,12.05,-80.54
3e-05,1.8e-05,4e-13,4e-10,5e-11,0.0699,29200000000.0,1410000000.0,11.62,-82.45
3e-05,1.8e-05,4e-13,4e-10,1.5e-10,0.0699,29200000000.0,1410000000.0,11.61,-82.47
3e-05,1.8e-05,4e-13,4e-10,2e-10,0.0699,29200000000.0,1410000000.0,11.61,-82.51
3e-05,1.8e-05,4e-13,4e-10,2.5e-10,0.0699,29200000000.0,1410000000.0,11.61,-82.62
3e-05,1.8e-05,4e-13,3e-10,1e-10,0.0699,32700000000.0,1690000000.0,10.87,-85.57
3e-05,1.8e-05,4e-13,3e-10,5e-11,0.0699,32700000000.0,1700000000.0,10.87,-85.45
3e-05,1.8e-05,4e-13,3e-10,1.5e-10,0.0699,32700000000.0,1700000000.0,10.87,-85.51
3e-05,1.8e-05,4e-13,3e-10,2e-10,0.0699,32700000000.0,1700000000.0,10.87,-85.67
3e-05,1.8e-05,4e-13,3e-10,2.5e-10,0.0699,32700000000.0,1690000000.0,10.87,-85.21
3e-05,1.8e-05,4e-13,3.5e-10,5e-11,0.0699,30800000000.0,1530000000.0,11.28,-83.61
3e-05,1.8e-05,4e-13,3.5e-10,1.5e-10,0.0699,30800000000.0,1520000000.0,11.28,-83.76
3e-05,1.8e-05,4e-13,3.5e-10,2e-10,0.0699,30800000000.0,1530000000.0,11.28,-83.84
3e-05,1.8e-05,4e-13,4.5e-10,1e-10,0.0699,28000000000.0,1310000000.0,11.87,-81.6
3e-05,1.8e-05,4e-13,4.5e-10,5e-11,0.0699,28000000000.0,1320000000.0,11.87,-81.81
3e-05,1.8e-05,4e-13,4.5e-10,1.5e-10,0.0699,28000000000.0,1320000000.0,11.87,-81.28
3e-05,1.8e-05,4e-13,4.5e-10,2.5e-10,0.0699,28000000000.0,1320000000.0,11.87,-81.47
3e-05,1.8e-05,4e-13,5e-10,1e-10,0.0699,27000000000.0,1250000000.0,12.06,-81.11
3e-05,1.8e-05,4e-13,5e-10,5e-11,0.0699,27000000000.0,1260000000.0,12.05,-80.7
3e-05,1.8e-05,4e-13,5e-10,1.5e-10,0.0699,27000000000.0,1250000000.0,12.05,-80.94
3e-05,1.8e-05,4e-13,5e-10,2e-10,0.0699,27000000000.0,1240000000.0,12.05,-80.63
3e-05,1.8e-05,4e-13,5e-10,2.5e-10,0.0699,27000000000.0,1240000000.0,12.06,-80.77
3e-05,1.8e-05,6e-13,4e-10,1e-10,0.0699,29200000000.0,1410000000.0,11.61,-82.43
3e-05,1.8e-05,6e-13,4e-10,5e-11,0.0699,29200000000.0,1410000000.0,11.62,-82.58
3e-05,1.8e-05,6e-13,4e-10,2e-10,0.0699,29200000000.0,1410000000.0,11.61,-82.32
3e-05,1.8e-05,6e-13,4e-10,2.5e-10,0.0699,29200000000.0,1410000000.0,11.62,-82.54
3e-05,1.8e-05,6e-13,3e-10,1e-10,0.0699,32700000000.0,1690000000.0,10.87,-83.88
3e-05,1.8e-05,6e-13,3e-10,5e-11,0.0699,32700000000.0,1700000000.0,10.87,-85.65
3e-05,1.8e-05,6e-13,3e-10,1.5e-10,0.0699,32700000000.0,1690000000.0,10.87,-85.27
3e-05,1.8e-05,6e-13,3e-10,2e-10,0.0699,32700000000.0,1700000000.0,10.87,-85.87
3e-05,1.8e-05,6e-13,3e-10,2.5e-10,0.0699,32700000000.0,1700000000.0,10.87,-85.36
3e-05,1.8e-05,6e-13,3.5e-10,5e-11,0.0699,30800000000.0,1530000000.0,11.28,-83.55
3e-05,1.8e-05,6e-13,3.5e-10,1.5e-10,0.0699,30800000000.0,1530000000.0,11.28,-83.49
3e-05,1.8e-05,6e-13,4.5e-10,5e-11,0.0699,28000000000.0,1320000000.0,11.87,-82.0
3e-05,1.8e-05,6e-13,4.5e-10,1.5e-10,0.0699,28000000000.0,1320000000.0,11.87,-81.29
3e-05,1.8e-05,6e-13,4.5e-10,2.5e-10,0.0699,28000000000.0,1310000000.0,11.87,-81.46
3e-05,1.8e-05,6e-13,5e-10,1e-10,0.0699,27000000000.0,1250000000.0,12.05,-80.89
3e-05,1.8e-05,6e-13,5e-10,5e-11,0.0699,27000000000.0,1250000000.0,12.05,-80.78
3e-05,1.8e-05,6e-13,5e-10,1.5e-10,0.0699,27000000000.0,1260000000.0,12.05,-80.77
3e-05,1.8e-05,6e-13,5e-10,2e-10,0.0699,27000000000.0,1260000000.0,12.06,-78.54
3e-05,1.8e-05,6e-13,5e-10,2.5e-10,0.0699,27000000000.0,1250000000.0,12.06,-81.01
3e-05,1.8e-05,7e-13,4e-10,1e-10,0.0699,29200000000.0,1410000000.0,11.62,-82.59
3e-05,1.8e-05,7e-13,4e-10,5e-11,0.0699,29200000000.0,1410000000.0,11.62,-82.61
3e-05,1.8e-05,7e-13,4e-10,1.5e-10,0.0699,29200000000.0,1410000000.0,11.62,-82.46
3e-05,1.8e-05,7e-13,4e-10,2.5e-10,0.0699,29200000000.0,1410000000.0,11.61,-82.58
3e-05,1.8e-05,7e-13,3e-10,1e-10,0.0699,32700000000.0,1690000000.0,10.87,-85.14
3e-05,1.8e-05,7e-13,3e-10,5e-11,0.0699,32700000000.0,1690000000.0,10.87,-85.16
3e-05,1.8e-05,7e-13,3e-10,1.5e-10,0.0699,32700000000.0,1700000000.0,10.87,-85.16
3e-05,1.8e-05,7e-13,3e-10,2e-10,0.0699,32700000000.0,1690000000.0,10.87,-85.45
3e-05,1.8e-05,7e-13,3e-10,2.5e-10,0.0699,32700000000.0,1690000000.0,10.87,-85.6
3e-05,1.8e-05,7e-13,3.5e-10,1.5e-10,0.0699,30800000000.0,1530000000.0,11.28,-84.09
3e-05,1.8e-05,7e-13,3.5e-10,2e-10,0.0699,30800000000.0,1530000000.0,11.28,-83.36
3e-05,1.8e-05,7e-13,3.5e-10,2.5e-10,0.0699,30800000000.0,1520000000.0,11.28,-80.09
3e-05,1.8e-05,7e-13,4.5e-10,1e-10,0.0699,28000000000.0,1310000000.0,11.87,-81.29
3e-05,1.8e-05,7e-13,4.5e-10,5e-11,0.0699,28000000000.0,1320000000.0,11.87,-81.51
3e-05,1.8e-05,7e-13,4.5e-10,1.5e-10,0.0699,28000000000.0,1320000000.0,11.87,-81.65
3e-05,1.8e-05,7e-13,5e-10,1e-10,0.0699,27000000000.0,1250000000.0,12.06,-81.32
3e-05,1.8e-05,7e-13,5e-10,5e-11,0.0699,27000000000.0,1260000000.0,12.06,-80.8
3e-05,1.8e-05,7e-13,5e-10,1.5e-10,0.0699,27000000000.0,1250000000.0,12.05,-80.71
3e-05,1.8e-05,7e-13,5e-10,2e-10,0.0699,27000000000.0,1270000000.0,12.06,-80.72
3e-05,1.8e-05,7e-13,5e-10,2.5e-10,0.0699,27000000000.0,1250000000.0,12.06,-81.08
3e-05,1.9e-05,5e-13,4e-10,1e-10,0.0699,29100000000.0,1400000000.0,11.59,-82.57
3e-05,1.9e-05,5e-13,4e-10,5e-11,0.0699,29100000000.0,1400000000.0,11.59,-82.56
3e-05,1.9e-05,5e-13,4e-10,1.5e-10,0.0699,29100000000.0,1390000000.0,11.59,-82.48
3e-05,1.9e-05,5e-13,4e-10,2e-10,0.0699,29100000000.0,1390000000.0,11.59,-82.4
3e-05,1.9e-05,5e-13,4e-10,2.5e-10,0.0699,29100000000.0,1390000000.0,11.59,-82.2
3e-05,1.9e-05,5e-13,3e-10,1e-10,0.0699,32600000000.0,1670000000.0,10.84,-85.0
3e-05,1.9e-05,5e-13,3e-10,5e-11,0.0699,32600000000.0,1670000000.0,10.84,-84.73
3e-05,1.9e-05,5e-13,3e-10,1.5e-10,0.0699,32600000000.0,1670000000.0,10.84,-85.28
3e-05,1.9e-05,5e-13,3e-10,2e-10,0.0699,32600000000.0,1670000000.0,10.84,-85.11
3e-05,1.9e-05,5e-13,3e-10,2.5e-10,0.0699,32600000000.0,1660000000.0,10.84,-85.23
3e-05,1.9e-05,5e-13,3.5e-10,1e-10,0.0699,30700000000.0,1510000000.0,11.26,-83.5
3e-05,1.9e-05,5e-13,3.5e-10,5e-11,0.0699,30700000000.0,1510000000.0,11.25,-83.43
3e-05,1.9e-05,5e-13,3.5e-10,1.5e-10,0.0699,30700000000.0,1510000000.0,11.26,-83.6
3e-05,1.9e-05,5e-13,3.5e-10,2.5e-10,0.0699,30700000000.0,1510000000.0,11.26,-83.66
3e-05,1.9e-05,5e-13,4.5e-10,1e-10,0.0699,27900000000.0,1310000000.0,11.85,-81.51
3e-05,1.9e-05,5e-13,4.5e-10,5e-11,0.0699,27900000000.0,1310000000.0,11.85,-81.29
3e-05,1.9e-05,5e-13,4.5e-10,1.5e-10,0.0699,27900000000.0,1300000000.0,11.84,-81.39
3e-05,1.9e-05,5e-13,4.5e-10,2e-10,0.0699,27900000000.0,1310000000.0,11.84,-81.39
3e-05,1.9e-05,5e-13,4.5e-10,2.5e-10,0.0699,27900000000.0,1310000000.0,11.85,-81.72
3e-05,1.9e-05,5e-13,5e-10,1e-10,0.0699,26900000000.0,1240000000.0,12.03,-81.53
3e-05,1.9e-05,5e-13,5e-10,5e-11,0.0699,26900000000.0,1250000000.0,12.03,-80.8
3e-05,1.9e-05,5e-13,5e-10,1.5e-10,0.0699,26900000000.0,1230000000.0,12.03,-80.83
3e-05,1.9e-05,5e-13,5e-10,2e-10,0.0699,26900000000.0,1240000000.0,12.03,-80.97
3e-05,1.9e-05,5e-13,5e-10,2.5e-10,0.0699,26900000000.0,1240000000.0,12.03,-80.47
3e-05,1.9e-05,3e-13,4e-10,1e-10,0.0699,29100000000.0,1390000000.0,11.59,-82.17
3e-05,1.9e-05,3e-13,4e-10,1.5e-10,0.0699,29100000000.0,1390000000.0,11.59,-82.41
3e-05,1.9e-05,3e-13,4e-10,2e-10,0.0699,29100000000.0,1390000000.0,11.59,-82.36
3e-05,1.9e-05,3e-13,4e-10,2.5e-10,0.0699,29100000000.0,1390000000.0,11.59,-82.18
3e-05,1.9e-05,3e-13,3e-10,1e-10,0.0699,32600000000.0,1660000000.0,10.84,-85.19
3e-05,1.9e-05,3e-13,3e-10,5e-11,0.0699,32600000000.0,1680000000.0,10.84,-84.85
3e-05,1.9e-05,3e-13,3e-10,1.5e-10,0.0699,32600000000.0,1670000000.0,10.84,-84.94
3e-05,1.9e-05,3e-13,3e-10,2.5e-10,0.0699,32600000000.0,1680000000.0,10.84,-84.66
3e-05,1.9e-05,3e-13,3.5e-10,1e-10,0.0699,30700000000.0,1520000000.0,11.26,-83.59
3e-05,1.9e-05,3e-13,3.5e-10,5e-11,0.0699,30700000000.0,1520000000.0,11.26,-83.39
3e-05,1.9e-05,3e-13,3.5e-10,1.5e-10,0.0699,30700000000.0,1510000000.0,11.25,-83.41
3e-05,1.9e-05,3e-13,3.5e-10,2e-10,0.0699,30700000000.0,1510000000.0,11.26,-83.23
3e-05,1.9e-05,3e-13,3.5e-10,2.5e-10,0.0699,30700000000.0,1500000000.0,11.26,-83.44
3e-05,1.9e-05,3e-13,4.5e-10,1e-10,0.0699,27900000000.0,1300000000.0,11.85,-81.63
3e-05,1.9e-05,3e-13,4.5e-10,5e-11,0.0699,27900000000.0,1310000000.0,11.85,-81.56
3e-05,1.9e-05,3e-13,4.5e-10,1.5e-10,0.0699,27900000000.0,1310000000.0,11.85,-81.32
3e-05,1.9e-05,3e-13,4.5e-10,2e-10,0.0699,27900000000.0,1310000000.0,11.84,-81.38
3e-05,1.9e-05,3e-13,4.5e-10,2.5e-10,0.0699,27900000000.0,1300000000.0,11.84,-81.41
3e-05,1.9e-05,3e-13,5e-10,1e-10,0.0699,26900000000.0,1250000000.0,12.03,-80.82
3e-05,1.9e-05,3e-13,5e-10,5e-11,0.0699,26900000000.0,1250000000.0,12.03,-81.33
3e-05,1.9e-05,3e-13,5e-10,1.5e-10,0.0699,26900000000.0,1230000000.0,12.03,-81.13
3e-05,1.9e-05,3e-13,5e-10,2e-10,0.0699,26900000000.0,1230000000.0,12.03,-81.23
3e-05,1.9e-05,3e-13,5e-10,2.5e-10,0.0699,26900000000.0,1240000000.0,12.03,-81.51
3e-05,1.9e-05,4e-13,4e-10,1e-10,0.0699,29100000000.0,1390000000.0,11.59,-82.19
3e-05,1.9e-05,4e-13,4e-10,5e-11,0.0699,29100000000.0,1400000000.0,11.59,-82.2
3e-05,1.9e-05,4e-13,4e-10,1.5e-10,0.0699,29100000000.0,1390000000.0,11.59,-82.42
3e-05,1.9e-05,4e-13,4e-10,2e-10,0.0699,29100000000.0,1390000000.0,11.59,-82.12
3e-05,1.9e-05,4e-13,4e-10,2.5e-10,0.0699,29100000000.0,1390000000.0,11.59,-82.16
3e-05,1.9e-05,4e-13,3e-10,1e-10,0.0699,32600000000.0,1670000000.0,10.84,-85.36
3e-05,1.9e-05,4e-13,3e-10,5e-11,0.0699,32600000000.0,1680000000.0,10.84,-85.03
3e-05,1.9e-05,4e-13,3e-10,1.5e-10,0.0699,32600000000.0,1660000000.0,10.84,-85.04
3e-05,1.9e-05,4e-13,3e-10,2e-10,0.0699,32600000000.0,1680000000.0,10.84,-85.06
3e-05,1.9e-05,4e-13,3e-10,2.5e-10,0.0699,32600000000.0,1680000000.0,10.84,-85.24
3e-05,1.9e-05,4e-13,3.5e-10,1e-10,0.0699,30700000000.0,1510000000.0,11.26,-81.92
3e-05,1.9e-05,4e-13,3.5e-10,5e-11,0.0699,30700000000.0,1510000000.0,11.26,-83.46
3e-05,1.9e-05,4e-13,3.5e-10,1.5e-10,0.0699,30700000000.0,1510000000.0,11.25,-83.52
3e-05,1.9e-05,4e-13,3.5e-10,2e-10,0.0699,30700000000.0,1520000000.0,11.26,-83.35
3e-05,1.9e-05,4e-13,3.5e-10,2.5e-10,0.0699,30700000000.0,1510000000.0,11.26,-81.94
3e-05,1.9e-05,4e-13,4.5e-10,1e-10,0.0699,27900000000.0,1300000000.0,11.85,-81.23
3e-05,1.9e-05,4e-13,4.5e-10,5e-11,0.0699,27900000000.0,1310000000.0,11.85,-81.44
3e-05,1.9e-05,4e-13,4.5e-10,1.5e-10,0.0699,27900000000.0,1300000000.0,11.84,-81.33
3e-05,1.9e-05,4e-13,4.5e-10,2e-10,0.0699,27900000000.0,1300000000.0,11.84,-81.12
3e-05,1.9e-05,4e-13,4.5e-10,2.5e-10,0.0699,27900000000.0,1310000000.0,11.85,-81.86
3e-05,1.9e-05,4e-13,5e-10,1e-10,0.0699,26900000000.0,1240000000.0,12.03,-80.7
3e-05,1.9e-05,4e-13,5e-10,5e-11,0.0699,26900000000.0,1250000000.0,12.03,-80.95
3e-05,1.9e-05,4e-13,5e-10,1.5e-10,0.0699,26900000000.0,1240000000.0,12.03,-80.61
3e-05,1.9e-05,4e-13,5e-10,2e-10,0.0699,26900000000.0,1230000000.0,12.03,-80.74
3e-05,1.9e-05,4e-13,5e-10,2.5e-10,0.0699,26900000000.0,1240000000.0,12.03,-81.58
3e-05,1.9e-05,6e-13,4e-10,2e-10,0.0699,29100000000.0,1390000000.0,11.59,-82.58
3e-05,1.9e-05,6e-13,3e-10,1e-10,0.0699,32600000000.0,1660000000.0,10.84,-85.21
3e-05,1.9e-05,6e-13,3e-10,5e-11,0.0699,32600000000.0,1670000000.0,10.84,-85.35
3e-05,1.9e-05,6e-13,3e-10,1.5e-10,0.0699,32600000000.0,1660000000.0,10.84,-85.37
3e-05,1.9e-05,6e-13,3e-10,2e-10,0.0699,32600000000.0,1670000000.0,10.84,-85.08
3e-05,1.9e-05,6e-13,3e-10,2.5e-10,0.0699,32600000000.0,1670000000.0,10.84,-85.23
3e-05,1.9e-05,6e-13,3.5e-10,1e-10,0.0699,30700000000.0,1520000000.0,11.26,-83.41
3e-05,1.9e-05,6e-13,3.5e-10,5e-11,0.0699,30700000000.0,1510000000.0,11.25,-83.25
3e-05,1.9e-05,6e-13,3.5e-10,1.5e-10,0.0699,30700000000.0,1510000000.0,11.25,-83.54
3e-05,1.9e-05,6e-13,3.5e-10,2e-10,0.0699,30700000000.0,1510000000.0,11.26,-83.25
3e-05,1.9e-05,6e-13,4.5e-10,1e-10,0.0699,27900000000.0,1300000000.0,11.84,-81.42
3e-05,1.9e-05,6e-13,4.5e-10,5e-11,0.0699,27900000000.0,1310000000.0,11.84,-81.29
3e-05,1.9e-05,6e-13,4.5e-10,2e-10,0.0699,27900000000.0,1300000000.0,11.85,-81.51
3e-05,1.9e-05,6e-13,4.5e-10,2.5e-10,0.0699,27900000000.0,1300000000.0,11.85,-81.66
3e-05,1.9e-05,6e-13,5e-10,1e-10,0.0699,26900000000.0,1230000000.0,12.03,-80.93
3e-05,1.9e-05,6e-13,5e-10,1.5e-10,0.0699,26900000000.0,1240000000.0,12.03,-80.98
3e-05,1.9e-05,6e-13,5e-10,2.5e-10,0.0699,26900000000.0,1240000000.0,12.03,-80.57
3e-05,1.9e-05,7e-13,4e-10,1.5e-10,0.0699,29100000000.0,1390000000.0,11.59,-82.28
3e-05,1.9e-05,7e-13,4e-10,2e-10,0.0699,29100000000.0,1390000000.0,11.59,-79.65
3e-05,1.9e-05,7e-13,4e-10,2.5e-10,0.0699,29100000000.0,1390000000.0,11.59,-82.25
3e-05,1.9e-05,7e-13,3e-10,5e-11,0.0699,32600000000.0,1680000000.0,10.84,-86.15
3e-05,1.9e-05,7e-13,3e-10,1.5e-10,0.0699,32600000000.0,1680000000.0,10.84,-84.86
3e-05,1.9e-05,7e-13,3e-10,2e-10,0.0699,32600000000.0,1680000000.0,10.84,-85.51
3e-05,1.9e-05,7e-13,3.5e-10,1e-10,0.0699,30700000000.0,1510000000.0,11.25,-83.49
3e-05,1.9e-05,7e-13,3.5e-10,5e-11,0.0699,30700000000.0,1500000000.0,11.26,-83.38
3e-05,1.9e-05,7e-13,3.5e-10,1.5e-10,0.0699,30700000000.0,1500000000.0,11.26,-83.32
3e-05,1.9e-05,7e-13,3.5e-10,2e-10,0.0699,30700000000.0,1510000000.0,11.25,-84.17
3e-05,1.9e-05,7e-13,3.5e-10,2.5e-10,0.0699,30700000000.0,1510000000.0,11.26,-83.47
3e-05,1.9e-05,7e-13,4.5e-10,1e-10,0.0699,27900000000.0,1310000000.0,11.85,-81.46
3e-05,1.9e-05,7e-13,4.5e-10,5e-11,0.0699,27900000000.0,1300000000.0,11.85,-81.74
3e-05,1.9e-05,7e-13,4.5e-10,1.5e-10,0.0699,27900000000.0,1300000000.0,11.85,-81.26
3e-05,1.9e-05,7e-13,4.5e-10,2e-10,0.0699,27900000000.0,1310000000.0,11.85,-81.62
3e-05,1.9e-05,7e-13,5e-10,1e-10,0.0699,26900000000.0,1230000000.0,12.03,-80.68
3e-05,1.9e-05,7e-13,5e-10,5e-11,0.0699,26900000000.0,1240000000.0,12.03,-81.56
3e-05,1.9e-05,7e-13,5e-10,2.5e-10,0.0699,26900000000.0,1240000000.0,12.03,-80.71
3e-05,2e-05,5e-13,4e-10,1e-10,0.0699,29000000000.0,1370000000.0,11.56,-82.07
3e-05,2e-05,5e-13,4e-10,5e-11,0.0699,29000000000.0,1370000000.0,11.56,-82.01
3e-05,2e-05,5e-13,4e-10,1.5e-10,0.0699,29000000000.0,1370000000.0,11.56,-82.2
3e-05,2e-05,5e-13,4e-10,2e-10,0.0699,29000000000.0,1370000000.0,11.56,-82.29
3e-05,2e-05,5e-13,4e-10,2.5e-10,0.0699,29000000000.0,1380000000.0,11.56,-82.08
3e-05,2e-05,5e-13,3e-10,1e-10,0.0699,32500000000.0,1640000000.0,10.81,-84.94
3e-05,2e-05,5e-13,3e-10,5e-11,0.0699,32500000000.0,1640000000.0,10.81,-84.59
3e-05,2e-05,5e-13,3e-10,1.5e-10,0.0699,32500000000.0,1640000000.0,10.81,-84.98
3e-05,2e-05,5e-13,3e-10,2e-10,0.0699,32500000000.0,1640000000.0,10.81,-84.87
3e-05,2e-05,5e-13,3e-10,2.5e-10,0.0699,32500000000.0,1640000000.0,10.81,-85.06
3e-05,2e-05,5e-13,3.5e-10,1e-10,0.0699,30600000000.0,1490000000.0,11.22,-83.25
3e-05,2e-05,5e-13,3.5e-10,5e-11,0.0699,30600000000.0,1480000000.0,11.22,-83.32
3e-05,2e-05,5e-13,3.5e-10,1.5e-10,0.0699,30600000000.0,1470000000.0,11.22,-83.31
3e-05,2e-05,5e-13,3.5e-10,2e-10,0.0699,30600000000.0,1480000000.0,11.23,-83.21
3e-05,2e-05,5e-13,3.5e-10,2.5e-10,0.0699,30600000000.0,1490000000.0,11.22,-83.04
3e-05,2e-05,5e-13,4.5e-10,1e-10,0.0699,27800000000.0,1280000000.0,11.82,-81.24
3e-05,2e-05,5e-13,4.5e-10,5e-11,0.0699,27800000000.0,1280000000.0,11.82,-81.22
3e-05,2e-05,5e-13,4.5e-10,1.5e-10,0.0699,27800000000.0,1290000000.0,11.82,-81.52
3e-05,2e-05,5e-13,4.5e-10,2e-10,0.0699,27800000000.0,1290000000.0,11.82,-81.19
3e-05,2e-05,5e-13,4.5e-10,2.5e-10,0.0699,27800000000.0,1280000000.0,11.82,-81.44
3e-05,2e-05,5e-13,5e-10,1e-10,0.0699,26800000000.0,1220000000.0,12.0,-80.85
3e-05,2e-05,5e-13,5e-10,5e-11,0.0699,26800000000.0,1230000000.0,12.0,-80.64
3e-05,2e-05,5e-13,5e-10,1.5e-10,0.0699,26800000000.0,1220000000.0,12.01,-80.8
3e-05,2e-05,5e-13,5e-10,2e-10,0.0699,26800000000.0,1220000000.0,12.01,-80.89
3e-05,2e-05,5e-13,5e-10,2.5e-10,0.0699,26800000000.0,1220000000.0,12.01,-80.9
3e-05,2e-05,3e-13,4e-10,1e-10,0.0699,29100000000.0,1370000000.0,11.56,-81.79
3e-05,2e-05,3e-13,4e-10,5e-11,0.0699,29100000000.0,1370000000.0,11.56,-82.21
3e-05,2e-05,3e-13,4e-10,1.5e-10,0.0699,29100000000.0,1370000000.0,11.56,-82.08
3e-05,2e-05,3e-13,4e-10,2.5e-10,0.0699,29000000000.0,1370000000.0,11.56,-82.04
3e-05,2e-05,3e-13,3e-10,1e-10,0.0699,32500000000.0,1650000000.0,10.81,-85.01
3e-05,2e-05,3e-13,3e-10,5e-11,0.0699,32500000000.0,1640000000.0,10.81,-84.67
3e-05,2e-05,3e-13,3e-10,1.5e-10,0.0699,32500000000.0,1640000000.0,10.81,-85.32
3e-05,2e-05,3e-13,3e-10,2e-10,0.0699,32500000000.0,1640000000.0,10.81,-85.35
3e-05,2e-05,3e-13,3e-10,2.5e-10,0.0699,32500000000.0,1640000000.0,10.81,-84.85
3e-05,2e-05,3e-13,3.5e-10,1e-10,0.0699,30600000000.0,1490000000.0,11.23,-83.45
3e-05,2e-05,3e-13,3.5e-10,5e-11,0.0699,30600000000.0,1490000000.0,11.23,-83.33
3e-05,2e-05,3e-13,3.5e-10,1.5e-10,0.0699,30600000000.0,1490000000.0,11.22,-83.03
3e-05,2e-05,3e-13,3.5e-10,2e-10,0.0699,30600000000.0,1480000000.0,11.23,-83.47
3e-05,2e-05,3e-13,3.5e-10,2.5e-10,0.0699,30600000000.0,1500000000.0,11.23,-83.21
3e-05,2e-05,3e-13,4.5e-10,1e-10,0.0699,27800000000.0,1280000000.0,11.82,-81.58
3e-05,2e-05,3e-13,4.5e-10,5e-11,0.0699,27800000000.0,1280000000.0,11.82,-81.47
3e-05,2e-05,3e-13,4.5e-10,1.5e-10,0.0699,27800000000.0,1290000000.0,11.82,-81.53
3e-05,2e-05,3e-13,4.5e-10,2e-10,0.0699,27800000000.0,1290000000.0,11.82,-81.37
3e-05,2e-05,3e-13,4.5e-10,2.5e-10,0.0699,27800000000.0,1280000000.0,11.82,-81.2
3e-05,2e-05,3e-13,5e-10,1e-10,0.0699,26800000000.0,1230000000.0,12.0,-80.37
3e-05,2e-05,3e-13,5e-10,5e-11,0.0699,26800000000.0,1220000000.0,12.0,-80.63
3e-05,2e-05,3e-13,5e-10,1.5e-10,0.0699,26800000000.0,1230000000.0,12.0,-80.49
3e-05,2e-05,3e-13,5e-10,2e-10,0.0699,26800000000.0,1230000000.0,12.0,-81.02
3e-05,2e-05,3e-13,5e-10,2.5e-10,0.0699,26800000000.0,1220000000.0,12.01,-80.87
3e-05,2e-05,4e-13,4e-10,5e-11,0.0699,29000000000.0,1370000000.0,11.56,-81.83
3e-05,2e-05,4e-13,4e-10,1.5e-10,0.0699,29000000000.0,1370000000.0,11.56,-82.38
3e-05,2e-05,4e-13,4e-10,2e-10,0.0699,29000000000.0,1370000000.0,11.56,-82.17
3e-05,2e-05,4e-13,4e-10,2.5e-10,0.0699,29000000000.0,1370000000.0,11.56,-82.34
3e-05,2e-05,4e-13,3e-10,1e-10,0.0699,32500000000.0,1640000000.0,10.81,-85.9
3e-05,2e-05,4e-13,3e-10,5e-11,0.0699,32500000000.0,1630000000.0,10.81,-85.21
3e-05,2e-05,4e-13,3e-10,1.5e-10,0.0699,32500000000.0,1640000000.0,10.81,-85.63
3e-05,2e-05,4e-13,3e-10,2e-10,0.0699,32500000000.0,1640000000.0,10.81,-84.52
3e-05,2e-05,4e-13,3e-10,2.5e-10,0.0699,32500000000.0,1640000000.0,10.81,-85.05
3e-05,2e-05,4e-13,3.5e-10,1e-10,0.0699,30600000000.0,1490000000.0,11.23,-83.32
3e-05,2e-05,4e-13,3.5e-10,5e-11,0.0699,30600000000.0,1490000000.0,11.23,-83.37
3e-05,2e-05,4e-13,3.5e-10,2e-10,0.0699,30600000000.0,1490000000.0,11.22,-84.04
3e-05,2e-05,4e-13,3.5e-10,2.5e-10,0.0699,30600000000.0,1480000000.0,11.23,-83.65
3e-05,2e-05,4e-13,4.5e-10,5e-11,0.0699,27800000000.0,1290000000.0,11.82,-81.24
3e-05,2e-05,4e-13,4.5e-10,1.5e-10,0.0699,27800000000.0,1290000000.0,11.82,-81.36
3e-05,2e-05,4e-13,4.5e-10,2e-10,0.0699,27800000000.0,1280000000.0,11.82,-81.12
3e-05,2e-05,4e-13,5e-10,1e-10,0.0699,26800000000.0,1230000000.0,12.0,-80.61
3e-05,2e-05,4e-13,5e-10,5e-11,0.0699,26800000000.0,1230000000.0,12.0,-80.62
3e-05,2e-05,4e-13,5e-10,2e-10,0.0699,26800000000.0,1220000000.0,12.0,-79.98
3e-05,2e-05,4e-13,5e-10,2.5e-10,0.0699,26800000000.0,1220000000.0,12.0,-80.57
3e-05,2e-05,6e-13,4e-10,1e-10,0.0699,29000000000.0,1370000000.0,11.56,-82.15
3e-05,2e-05,6e-13,4e-10,5e-11,0.0699,29000000000.0,1360000000.0,11.56,-82.34
3e-05,2e-05,6e-13,4e-10,1.5e-10,0.0699,29000000000.0,1370000000.0,11.56,-82.0
3e-05,2e-05,6e-13,4e-10,2e-10,0.0699,29000000000.0,1370000000.0,11.56,-82.11
3e-05,2e-05,6e-13,4e-10,2.5e-10,0.0699,29000000000.0,1370000000.0,11.56,-82.68
3e-05,2e-05,6e-13,3e-10,5e-11,0.0699,32500000000.0,1640000000.0,10.81,-85.08
3e-05,2e-05,6e-13,3e-10,2e-10,0.0699,32500000000.0,1640000000.0,10.81,-85.15
3e-05,2e-05,6e-13,3e-10,2.5e-10,0.0699,32500000000.0,1640000000.0,10.8,-85.73
3e-05,2e-05,6e-13,3.5e-10,1e-10,0.0699,30600000000.0,1490000000.0,11.22,-83.38
3e-05,2e-05,6e-13,3.5e-10,5e-11,0.0699,30600000000.0,1480000000.0,11.22,-83.12
3e-05,2e-05,6e-13,3.5e-10,1.5e-10,0.0699,30600000000.0,1480000000.0,11.22,-83.33
3e-05,2e-05,6e-13,3.5e-10,2e-10,0.0699,30600000000.0,1500000000.0,11.23,-83.22
3e-05,2e-05,6e-13,4.5e-10,1e-10,0.0699,27800000000.0,1280000000.0,11.82,-81.52
3e-05,2e-05,6e-13,4.5e-10,5e-11,0.0699,27800000000.0,1290000000.0,11.82,-81.17
3e-05,2e-05,6e-13,4.5e-10,1.5e-10,0.0699,27800000000.0,1280000000.0,11.82,-81.51
3e-05,2e-05,6e-13,4.5e-10,2.5e-10,0.0699,27800000000.0,1290000000.0,11.82,-82.06
3e-05,2e-05,6e-13,5e-10,1e-10,0.0699,26800000000.0,1230000000.0,12.01,-80.88
3e-05,2e-05,6e-13,5e-10,5e-11,0.0699,26800000000.0,1220000000.0,12.01,-81.03
3e-05,2e-05,6e-13,5e-10,1.5e-10,0.0699,26800000000.0,1210000000.0,12.01,-81.15
3e-05,2e-05,6e-13,5e-10,2e-10,0.0699,26800000000.0,1220000000.0,12.01,-81.17
3e-05,2e-05,6e-13,5e-10,2.5e-10,0.0699,26800000000.0,1220000000.0,12.01,-80.88
3e-05,2e-05,7e-13,4e-10,1e-10,0.0699,29000000000.0,1370000000.0,11.56,-82.27
3e-05,2e-05,7e-13,4e-10,5e-11,0.0699,29000000000.0,1360000000.0,11.56,-82.25
3e-05,2e-05,7e-13,4e-10,1.5e-10,0.0699,29000000000.0,1370000000.0,11.56,-82.99
3e-05,2e-05,7e-13,4e-10,2e-10,0.0699,29000000000.0,1370000000.0,11.56,-82.09
3e-05,2e-05,7e-13,4e-10,2.5e-10,0.0699,29000000000.0,1360000000.0,11.56,-82.28
3e-05,2e-05,7e-13,3e-10,1e-10,0.0699,32500000000.0,1640000000.0,10.81,-84.49
3e-05,2e-05,7e-13,3e-10,2e-10,0.0699,32500000000.0,1640000000.0,10.81,-85.0
3e-05,2e-05,7e-13,3e-10,2.5e-10,0.0699,32500000000.0,1640000000.0,10.81,-84.75
3e-05,2e-05,7e-13,3.5e-10,1e-10,0.0699,30600000000.0,1480000000.0,11.23,-83.11
3e-05,2e-05,7e-13,3.5e-10,5e-11,0.0699,30600000000.0,1480000000.0,11.22,-80.86
3e-05,2e-05,7e-13,3.5e-10,1.5e-10,0.0699,30600000000.0,1480000000.0,11.22,-80.87
3e-05,2e-05,7e-13,3.5e-10,2e-10,0.0699,30600000000.0,1480000000.0,11.22,-83.11
3e-05,2e-05,7e-13,3.5e-10,2.5e-10,0.0699,30600000000.0,1500000000.0,11.23,-83.4
3e-05,2e-05,7e-13,4.5e-10,1e-10,0.0699,27800000000.0,1280000000.0,11.82,-81.64
3e-05,2e-05,7e-13,4.5e-10,5e-11,0.0699,27800000000.0,1280000000.0,11.82,-81.11
3e-05,2e-05,7e-13,4.5e-10,1.5e-10,0.0699,27800000000.0,1280000000.0,11.82,-81.55
3e-05,2e-05,7e-13,4.5e-10,2e-10,0.0699,27800000000.0,1280000000.0,11.82,-81.28
3e-05,2e-05,7e-13,4.5e-10,2.5e-10,0.0699,27800000000.0,1290000000.0,11.82,-81.15
3e-05,2e-05,7e-13,5e-10,1e-10,0.0699,26800000000.0,1220000000.0,12.01,-80.81
3e-05,2e-05,7e-13,5e-10,1.5e-10,0.0699,26800000000.0,1220000000.0,12.01,-81.07
3e-05,2e-05,7e-13,5e-10,2e-10,0.0699,26800000000.0,1220000000.0,12.01,-80.75
3e-05,2e-05,7e-13,5e-10,2.5e-10,0.0699,26800000000.0,1220000000.0,12.0,-81.56
3e-05,2.1e-05,5e-13,4e-10,1e-10,0.0699,29000000000.0,1330000000.0,11.53,-81.99
3e-05,2.1e-05,5e-13,4e-10,5e-11,0.0699,29000000000.0,1340000000.0,11.53,-82.08
3e-05,2.1e-05,5e-13,4e-10,1.5e-10,0.0699,29000000000.0,1340000000.0,11.53,-81.92
3e-05,2.1e-05,5e-13,4e-10,2e-10,0.0699,29000000000.0,1330000000.0,11.53,-81.59
3e-05,2.1e-05,5e-13,3e-10,1e-10,0.0699,32500000000.0,1600000000.0,10.77,-84.95
3e-05,2.1e-05,5e-13,3e-10,5e-11,0.0699,32500000000.0,1590000000.0,10.77,-84.88
3e-05,2.1e-05,5e-13,3e-10,1.5e-10,0.0699,32500000000.0,1590000000.0,10.77,-84.91
3e-05,2.1e-05,5e-13,3e-10,2e-10,0.0699,32500000000.0,1590000000.0,10.77,-84.48
3e-05,2.1e-05,5e-13,3e-10,2.5e-10,0.0699,32500000000.0,1590000000.0,10.77,-84.77
3e-05,2.1e-05,5e-13,3.5e-10,1e-10,0.0699,30500000000.0,1450000000.0,11.19,-82.97
3e-05,2.1e-05,5e-13,3.5e-10,5e-11,0.0699,30500000000.0,1450000000.0,11.19,-83.08
3e-05,2.1e-05,5e-13,3.5e-10,1.5e-10,0.0699,30500000000.0,1450000000.0,11.19,-83.11
3e-05,2.1e-05,5e-13,3.5e-10,2e-10,0.0699,30500000000.0,1450000000.0,11.19,-83.2
3e-05,2.1e-05,5e-13,3.5e-10,2.5e-10,0.0699,30500000000.0,1450000000.0,11.19,-83.12
3e-05,2.1e-05,5e-13,4.5e-10,1e-10,0.0699,27800000000.0,1250000000.0,11.79,-81.43
3e-05,2.1e-05,5e-13,4.5e-10,5e-11,0.0699,27800000000.0,1260000000.0,11.79,-81.43
3e-05,2.1e-05,5e-13,4.5e-10,1.5e-10,0.0699,27800000000.0,1260000000.0,11.79,-81.16
3e-05,2.1e-05,5e-13,4.5e-10,2e-10,0.0699,27800000000.0,1260000000.0,11.79,-81.03
3e-05,2.1e-05,5e-13,4.5e-10,2.5e-10,0.0699,27800000000.0,1260000000.0,11.79,-81.22
3e-05,2.1e-05,5e-13,5e-10,1e-10,0.0699,26700000000.0,1200000000.0,11.98,-80.76
3e-05,2.1e-05,5e-13,5e-10,5e-11,0.0699,26700000000.0,1210000000.0,11.97,-80.95
3e-05,2.1e-05,5e-13,5e-10,1.5e-10,0.0699,26700000000.0,1200000000.0,11.97,-80.5
3e-05,2.1e-05,5e-13,5e-10,2e-10,0.0699,26700000000.0,1200000000.0,11.97,-80.51
3e-05,2.1e-05,5e-13,5e-10,2.5e-10,0.0699,26700000000.0,1190000000.0,11.97,-80.69
3e-05,2.1e-05,3e-13,4e-10,1e-10,0.0699,29000000000.0,1350000000.0,11.53,-81.94
3e-05,2.1e-05,3e-13,4e-10,5e-11,0.0699,29000000000.0,1340000000.0,11.53,-81.85
3e-05,2.1e-05,3e-13,4e-10,1.5e-10,0.0699,29000000000.0,1340000000.0,11.53,-81.91
3e-05,2.1e-05,3e-13,4e-10,2e-10,0.0699,29000000000.0,1350000000.0,11.53,-81.97
3e-05,2.1e-05,3e-13,4e-10,2.5e-10,0.0699,29000000000.0,1340000000.0,11.53,-82.16
3e-05,2.1e-05,3e-13,3e-10,1e-10,0.0699,32500000000.0,1600000000.0,10.77,-84.79
3e-05,2.1e-05,3e-13,3e-10,1.5e-10,0.0699,32500000000.0,1600000000.0,10.77,-84.43
3e-05,2.1e-05,3e-13,3e-10,2e-10,0.0699,32500000000.0,1600000000.0,10.76,-84.29
3e-05,2.1e-05,3e-13,3e-10,2.5e-10,0.0699,32500000000.0,1600000000.0,10.77,-84.57
3e-05,2.1e-05,3e-13,3.5e-10,1e-10,0.0699,30500000000.0,1450000000.0,11.19,-83.1
3e-05,2.1e-05,3e-13,3.5e-10,5e-11,0.0699,30500000000.0,1450000000.0,11.19,-83.17
3e-05,2.1e-05,3e-13,3.5e-10,1.5e-10,0.0699,30500000000.0,1450000000.0,11.19,-83.02
3e-05,2.1e-05,3e-13,3.5e-10,2e-10,0.0699,30500000000.0,1450000000.0,11.19,-82.86
3e-05,2.1e-05,3e-13,3.5e-10,2.5e-10,0.0699,30500000000.0,1450000000.0,11.19,-82.57
3e-05,2.1e-05,3e-13,4.5e-10,1e-10,0.0699,27800000000.0,1260000000.0,11.79,-81.33
3e-05,2.1e-05,3e-13,4.5e-10,5e-11,0.0699,27800000000.0,1260000000.0,11.79,-81.29
3e-05,2.1e-05,3e-13,4.5e-10,1.5e-10,0.0699,27800000000.0,1260000000.0,11.79,-81.56
3e-05,2.1e-05,3e-13,4.5e-10,2e-10,0.0699,27800000000.0,1260000000.0,11.79,-81.2
3e-05,2.1e-05,3e-13,4.5e-10,2.5e-10,0.0699,27800000000.0,1250000000.0,11.79,-81.08
3e-05,2.1e-05,3e-13,5e-10,1e-10,0.0699,26700000000.0,1200000000.0,11.97,-80.58
3e-05,2.1e-05,3e-13,5e-10,5e-11,0.0699,26700000000.0,1210000000.0,11.97,-80.41
3e-05,2.1e-05,3e-13,5e-10,1.5e-10,0.0699,26700000000.0,1190000000.0,11.97,-80.55
3e-05,2.1e-05,3e-13,5e-10,2e-10,0.0699,26700000000.0,1190000000.0,11.97,-80.74
3e-05,2.1e-05,3e-13,5e-10,2.5e-10,0.0699,26700000000.0,1200000000.0,11.97,-80.72
3e-05,2.1e-05,4e-13,4e-10,1e-10,0.0699,29000000000.0,1330000000.0,11.53,-82.1
3e-05,2.1e-05,4e-13,4e-10,1.5e-10,0.0699,29000000000.0,1340000000.0,11.53,-82.38
3e-05,2.1e-05,4e-13,4e-10,2e-10,0.0699,29000000000.0,1330000000.0,11.53,-82.12
3e-05,2.1e-05,4e-13,4e-10,2.5e-10,0.0699,29000000000.0,1330000000.0,11.53,-82.3
3e-05,2.1e-05,4e-13,3e-10,1e-10,0.0699,32500000000.0,1600000000.0,10.77,-84.63
3e-05,2.1e-05,4e-13,3e-10,5e-11,0.0699,32500000000.0,1600000000.0,10.77,-83.44
3e-05,2.1e-05,4e-13,3e-10,1.5e-10,0.0699,32500000000.0,1600000000.0,10.77,-85.63
3e-05,2.1e-05,4e-13,3e-10,2e-10,0.0699,32500000000.0,1590000000.0,10.77,-84.64
3e-05,2.1e-05,4e-13,3.5e-10,1e-10,0.0699,30500000000.0,1450000000.0,11.19,-77.84
3e-05,2.1e-05,4e-13,3.5e-10,5e-11,0.0699,30500000000.0,1440000000.0,11.19,-83.32
3e-05,2.1e-05,4e-13,3.5e-10,1.5e-10,0.0699,30500000000.0,1440000000.0,11.19,-83.12
3e-05,2.1e-05,4e-13,3.5e-10,2e-10,0.0699,30500000000.0,1440000000.0,11.19,-82.82
3e-05,2.1e-05,4e-13,3.5e-10,2.5e-10,0.0699,30500000000.0,1450000000.0,11.19,-78.12
3e-05,2.1e-05,4e-13,4.5e-10,1e-10,0.0699,27800000000.0,1250000000.0,11.79,-81.25
3e-05,2.1e-05,4e-13,4.5e-10,5e-11,0.0699,27800000000.0,1260000000.0,11.79,-81.39
3e-05,2.1e-05,4e-13,4.5e-10,1.5e-10,0.0699,27800000000.0,1250000000.0,11.79,-81.15
3e-05,2.1e-05,4e-13,4.5e-10,2e-10,0.0699,27800000000.0,1260000000.0,11.79,-81.44
3e-05,2.1e-05,4e-13,4.5e-10,2.5e-10,0.0699,27800000000.0,1260000000.0,11.79,-81.14
3e-05,2.1e-05,4e-13,5e-10,1e-10,0.0699,26700000000.0,1200000000.0,11.97,-80.54
3e-05,2.1e-05,4e-13,5e-10,5e-11,0.0699,26700000000.0,1200000000.0,11.97,-81.56
3e-05,2.1e-05,4e-13,5e-10,1.5e-10,0.0699,26700000000.0,1200000000.0,11.97,-74.66
3e-05,2.1e-05,4e-13,5e-10,2e-10,0.0699,26700000000.0,1200000000.0,11.97,-81.65
3e-05,2.1e-05,4e-13,5e-10,2.5e-10,0.0699,26700000000.0,1200000000.0,11.97,-80.77
3e-05,2.1e-05,6e-13,4e-10,1e-10,0.0699,29000000000.0,1350000000.0,11.53,-81.95
3e-05,2.1e-05,6e-13,4e-10,5e-11,0.0699,29000000000.0,1340000000.0,11.53,-82.3
3e-05,2.1e-05,6e-13,4e-10,1.5e-10,0.0699,29000000000.0,1340000000.0,11.53,-81.88
3e-05,2.1e-05,6e-13,4e-10,2e-10,0.0699,29000000000.0,1330000000.0,11.53,-81.91
3e-05,2.1e-05,6e-13,4e-10,2.5e-10,0.0699,29000000000.0,1330000000.0,11.53,-82.13
3e-05,2.1e-05,6e-13,3e-10,1e-10,0.0699,32500000000.0,1600000000.0,10.77,-84.84
3e-05,2.1e-05,6e-13,3e-10,5e-11,0.0699,32500000000.0,1590000000.0,10.77,-84.67
3e-05,2.1e-05,6e-13,3e-10,1.5e-10,0.0699,32500000000.0,1590000000.0,10.77,-82.02
3e-05,2.1e-05,6e-13,3e-10,2e-10,0.0699,32500000000.0,1590000000.0,10.77,-84.68
3e-05,2.1e-05,6e-13,3e-10,2.5e-10,0.0699,32500000000.0,1590000000.0,10.77,-84.82
3e-05,2.1e-05,6e-13,3.5e-10,1e-10,0.0699,30500000000.0,1450000000.0,11.19,-83.14
3e-05,2.1e-05,6e-13,3.5e-10,2e-10,0.0699,30500000000.0,1440000000.0,11.19,-83.05
3e-05,2.1e-05,6e-13,4.5e-10,1e-10,0.0699,27700000000.0,1260000000.0,11.79,-81.33
3e-05,2.1e-05,6e-13,4.5e-10,5e-11,0.0699,27800000000.0,1260000000.0,11.79,-81.38
3e-05,2.1e-05,6e-13,4.5e-10,1.5e-10,0.0699,27700000000.0,1260000000.0,11.79,-82.21
3e-05,2.1e-05,6e-13,4.5e-10,2e-10,0.0699,27700000000.0,1260000000.0,11.79,-81.11
3e-05,2.1e-05,6e-13,4.5e-10,2.5e-10,0.0699,27700000000.0,1260000000.0,11.79,-81.1
3e-05,2.1e-05,6e-13,5e-10,1e-10,0.0699,26700000000.0,1190000000.0,11.98,-80.78
3e-05,2.1e-05,6e-13,5e-10,5e-11,0.0699,26700000000.0,1200000000.0,11.97,-80.4
3e-05,2.1e-05,6e-13,5e-10,1.5e-10,0.0699,26700000000.0,1200000000.0,11.97,-80.46
3e-05,2.1e-05,6e-13,5e-10,2e-10,0.0699,26700000000.0,1200000000.0,11.97,-80.57
3e-05,2.1e-05,7e-13,4e-10,1e-10,0.0699,29000000000.0,1340000000.0,11.53,-81.87
3e-05,2.1e-05,7e-13,4e-10,5e-11,0.0699,29000000000.0,1340000000.0,11.53,-82.18
3e-05,2.1e-05,7e-13,4e-10,1.5e-10,0.0699,29000000000.0,1340000000.0,11.53,-81.64
3e-05,2.1e-05,7e-13,4e-10,2e-10,0.0699,29000000000.0,1340000000.0,11.53,-82.07
3e-05,2.1e-05,7e-13,4e-10,2.5e-10,0.0699,29000000000.0,1340000000.0,11.53,-81.4
3e-05,2.1e-05,7e-13,3e-10,1e-10,0.0699,32500000000.0,1590000000.0,10.77,-84.35
3e-05,2.1e-05,7e-13,3e-10,5e-11,0.0699,32500000000.0,1600000000.0,10.77,-85.34
3e-05,2.1e-05,7e-13,3e-10,1.5e-10,0.0699,32500000000.0,1600000000.0,10.76,-84.39
3e-05,2.1e-05,7e-13,3e-10,2e-10,0.0699,32500000000.0,1590000000.0,10.77,-85.08
3e-05,2.1e-05,7e-13,3e-10,2.5e-10,0.0699,32500000000.0,1600000000.0,10.77,-85.64
3e-05,2.1e-05,7e-13,3.5e-10,5e-11,0.0699,30500000000.0,1450000000.0,11.19,-83.44
3e-05,2.1e-05,7e-13,3.5e-10,1.5e-10,0.0699,30500000000.0,1460000000.0,11.19,-83.08
3e-05,2.1e-05,7e-13,3.5e-10,2e-10,0.0699,30500000000.0,1450000000.0,11.19,-82.92
3e-05,2.1e-05,7e-13,3.5e-10,2.5e-10,0.0699,30500000000.0,1450000000.0,11.19,-83.0
3e-05,2.1e-05,7e-13,4.5e-10,1e-10,0.0699,27700000000.0,1260000000.0,11.79,-81.16
3e-05,2.1e-05,7e-13,4.5e-10,5e-11,0.0699,27700000000.0,1260000000.0,11.79,-81.4
3e-05,2.1e-05,7e-13,4.5e-10,1.5e-10,0.0699,27700000000.0,1260000000.0,11.79,-81.48
3e-05,2.1e-05,7e-13,4.5e-10,2e-10,0.0699,27700000000.0,1260000000.0,11.79,-81.09
3e-05,2.1e-05,7e-13,4.5e-10,2.5e-10,0.0699,27700000000.0,1250000000.0,11.79,-81.08
3e-05,2.1e-05,7e-13,5e-10,1e-10,0.0699,26700000000.0,1200000000.0,11.98,-80.64
3e-05,2.1e-05,7e-13,5e-10,5e-11,0.0699,26700000000.0,1200000000.0,11.97,-80.3
3e-05,2.1e-05,7e-13,5e-10,1.5e-10,0.0699,26700000000.0,1200000000.0,11.97,-80.43
3e-05,2.1e-05,7e-13,5e-10,2e-10,0.0699,26700000000.0,1190000000.0,11.97,-80.71
3e-05,2.1e-05,7e-13,5e-10,2.5e-10,0.0699,26700000000.0,1200000000.0,11.97,-80.7
3e-05,2.2e-05,5e-13,4e-10,1e-10,0.0699,28900000000.0,1300000000.0,11.49,-81.85
3e-05,2.2e-05,5e-13,4e-10,5e-11,0.0699,28900000000.0,1300000000.0,11.49,-81.94
3e-05,2.2e-05,5e-13,4e-10,1.5e-10,0.0699,28900000000.0,1290000000.0,11.49,-81.43
3e-05,2.2e-05,5e-13,4e-10,2e-10,0.0699,28900000000.0,1300000000.0,11.49,-81.98
3e-05,2.2e-05,5e-13,4e-10,2.5e-10,0.0699,28900000000.0,1300000000.0,11.49,-81.8
3e-05,2.2e-05,5e-13,3e-10,1e-10,0.0699,32400000000.0,1550000000.0,10.72,-84.25
3e-05,2.2e-05,5e-13,3e-10,5e-11,0.0699,32400000000.0,1550000000.0,10.72,-84.6
3e-05,2.2e-05,5e-13,3e-10,1.5e-10,0.0699,32400000000.0,1550000000.0,10.72,-84.72
3e-05,2.2e-05,5e-13,3e-10,2e-10,0.0699,32400000000.0,1540000000.0,10.72,-84.54
3e-05,2.2e-05,5e-13,3e-10,2.5e-10,0.0699,32400000000.0,1540000000.0,10.72,-84.63
3e-05,2.2e-05,5e-13,3.5e-10,1e-10,0.0699,30400000000.0,1400000000.0,11.15,-80.14
3e-05,2.2e-05,5e-13,3.5e-10,5e-11,0.0699,30400000000.0,1410000000.0,11.15,-82.73
3e-05,2.2e-05,5e-13,3.5e-10,1.5e-10,0.0699,30400000000.0,1410000000.0,11.15,-82.81
3e-05,2.2e-05,5e-13,3.5e-10,2e-10,0.0699,30400000000.0,1410000000.0,11.15,-82.69
3e-05,2.2e-05,5e-13,3.5e-10,2.5e-10,0.0699,30400000000.0,1410000000.0,11.15,-82.93
3e-05,2.2e-05,5e-13,4.5e-10,1e-10,0.0699,27700000000.0,1220000000.0,11.75,-81.28
3e-05,2.2e-05,5e-13,4.5e-10,5e-11,0.0699,27700000000.0,1230000000.0,11.75,-81.16
3e-05,2.2e-05,5e-13,4.5e-10,1.5e-10,0.0699,27700000000.0,1220000000.0,11.75,-80.98
3e-05,2.2e-05,5e-13,4.5e-10,2e-10,0.0699,27700000000.0,1220000000.0,11.75,-81.61
3e-05,2.2e-05,5e-13,4.5e-10,2.5e-10,0.0699,27700000000.0,1220000000.0,11.75,-81.12
3e-05,2.2e-05,5e-13,5e-10,1e-10,0.0699,26700000000.0,1160000000.0,11.94,-80.65
3e-05,2.2e-05,5e-13,5e-10,5e-11,0.0699,26700000000.0,1170000000.0,11.94,-80.71
3e-05,2.2e-05,5e-13,5e-10,1.5e-10,0.0699,26700000000.0,1160000000.0,11.94,-80.6
3e-05,2.2e-05,5e-13,5e-10,2e-10,0.0699,26700000000.0,1170000000.0,11.94,-80.3
3e-05,2.2e-05,5e-13,5e-10,2.5e-10,0.0699,26700000000.0,1160000000.0,11.94,-81.06
3e-05,2.2e-05,3e-13,4e-10,1e-10,0.0699,28900000000.0,1300000000.0,11.49,-82.72
3e-05,2.2e-05,3e-13,4e-10,5e-11,0.0699,28900000000.0,1300000000.0,11.49,-81.93
3e-05,2.2e-05,3e-13,4e-10,1.5e-10,0.0699,28900000000.0,1300000000.0,11.49,-81.11
3e-05,2.2e-05,3e-13,4e-10,2e-10,0.0699,28900000000.0,1300000000.0,11.49,-81.58
3e-05,2.2e-05,3e-13,4e-10,2.5e-10,0.0699,28900000000.0,1300000000.0,11.49,-81.87
3e-05,2.2e-05,3e-13,3e-10,1e-10,0.0699,32400000000.0,1540000000.0,10.72,-84.66
3e-05,2.2e-05,3e-13,3e-10,5e-11,0.0699,32400000000.0,1540000000.0,10.72,-84.83
3e-05,2.2e-05,3e-13,3e-10,1.5e-10,0.0699,32400000000.0,1540000000.0,10.72,-84.28
3e-05,2.2e-05,3e-13,3e-10,2e-10,0.0699,32400000000.0,1550000000.0,10.72,-84.51
3e-05,2.2e-05,3e-13,3e-10,2.5e-10,0.0699,32400000000.0,1540000000.0,10.72,-84.51
3e-05,2.2e-05,3e-13,3.5e-10,1e-10,0.0699,30400000000.0,1410000000.0,11.15,-82.89
3e-05,2.2e-05,3e-13,3.5e-10,5e-11,0.0699,30400000000.0,1410000000.0,11.15,-82.96
3e-05,2.2e-05,3e-13,3.5e-10,1.5e-10,0.0699,30400000000.0,1400000000.0,11.15,-82.94
3e-05,2.2e-05,3e-13,3.5e-10,2e-10,0.0699,30400000000.0,1400000000.0,11.15,-82.78
3e-05,2.2e-05,3e-13,3.5e-10,2.5e-10,0.0699,30400000000.0,1410000000.0,11.15,-82.91
3e-05,2.2e-05,3e-13,4.5e-10,1e-10,0.0699,27700000000.0,1220000000.0,11.75,-81.22
3e-05,2.2e-05,3e-13,4.5e-10,5e-11,0.0699,27700000000.0,1230000000.0,11.75,-81.2
3e-05,2.2e-05,3e-13,4.5e-10,1.5e-10,0.0699,27700000000.0,1220000000.0,11.75,-81.25
3e-05,2.2e-05,3e-13,4.5e-10,2e-10,0.0699,27700000000.0,1220000000.0,11.75,-80.96
3e-05,2.2e-05,3e-13,4.5e-10,2.5e-10,0.0699,27700000000.0,1220000000.0,11.75,-81.05
3e-05,2.2e-05,3e-13,5e-10,1e-10,0.0699,26700000000.0,1160000000.0,11.94,-80.61
3e-05,2.2e-05,3e-13,5e-10,5e-11,0.0699,26700000000.0,1170000000.0,11.94,-80.41
3e-05,2.2e-05,3e-13,5e-10,1.5e-10,0.0699,26700000000.0,1170000000.0,11.94,-80.36
3e-05,2.2e-05,3e-13,5e-10,2e-10,0.0699,26700000000.0,1170000000.0,11.94,-80.48
3e-05,2.2e-05,4e-13,4e-10,1.5e-10,0.0699,28900000000.0,1300000000.0,11.49,-81.72
3e-05,2.2e-05,4e-13,4e-10,2.5e-10,0.0699,28900000000.0,1300000000.0,11.49,-81.9
3e-05,2.2e-05,4e-13,3e-10,1e-10,0.0699,32400000000.0,1540000000.0,10.72,-84.34
3e-05,2.2e-05,4e-13,3e-10,5e-11,0.0699,32400000000.0,1540000000.0,10.72,-84.69
3e-05,2.2e-05,4e-13,3e-10,1.5e-10,0.0699,32400000000.0,1540000000.0,10.72,-84.62
3e-05,2.2e-05,4e-13,3e-10,2e-10,0.0699,32400000000.0,1540000000.0,10.72,-84.53
3e-05,2.2e-05,4e-13,3e-10,2.5e-10,0.0699,32400000000.0,1540000000.0,10.72,-84.2
3e-05,2.2e-05,4e-13,3.5e-10,1e-10,0.0699,30400000000.0,1400000000.0,11.15,-80.6
3e-05,2.2e-05,4e-13,3.5e-10,5e-11,0.0699,30400000000.0,1400000000.0,11.15,-82.8
3e-05,2.2e-05,4e-13,3.5e-10,1.5e-10,0.0699,30400000000.0,1420000000.0,11.15,-82.34
3e-05,2.2e-05,4e-13,3.5e-10,2e-10,0.0699,30400000000.0,1410000000.0,11.15,-82.79
3e-05,2.2e-05,4e-13,4.5e-10,1e-10,0.0699,27700000000.0,1220000000.0,11.75,-81.19
3e-05,2.2e-05,4e-13,4.5e-10,5e-11,0.0699,27700000000.0,1230000000.0,11.75,-81.02
3e-05,2.2e-05,4e-13,4.5e-10,1.5e-10,0.0699,27700000000.0,1220000000.0,11.75,-81.07
3e-05,2.2e-05,4e-13,4.5e-10,2e-10,0.0699,27700000000.0,1230000000.0,11.75,-80.88
3e-05,2.2e-05,4e-13,4.5e-10,2.5e-10,0.0699,27700000000.0,1220000000.0,11.75,-81.42
3e-05,2.2e-05,4e-13,5e-10,1e-10,0.0699,26700000000.0,1170000000.0,11.94,-80.37
3e-05,2.2e-05,4e-13,5e-10,5e-11,0.0699,26700000000.0,1170000000.0,11.94,-80.42
3e-05,2.2e-05,4e-13,5e-10,1.5e-10,0.0699,26700000000.0,1170000000.0,11.94,-80.49
3e-05,2.2e-05,4e-13,5e-10,2e-10,0.0699,26700000000.0,1160000000.0,11.94,-80.14
3e-05,2.2e-05,4e-13,5e-10,2.5e-10,0.0699,26700000000.0,1160000000.0,11.94,-80.28
3e-05,2.2e-05,6e-13,4e-10,1e-10,0.0699,28900000000.0,1300000000.0,11.49,-82.02
3e-05,2.2e-05,6e-13,4e-10,5e-11,0.0699,28900000000.0,1300000000.0,11.49,-81.81
3e-05,2.2e-05,6e-13,4e-10,1.5e-10,0.0699,28900000000.0,1300000000.0,11.49,-81.18
3e-05,2.2e-05,6e-13,4e-10,2e-10,0.0699,28900000000.0,1300000000.0,11.49,-82.07
3e-05,2.2e-05,6e-13,4e-10,2.5e-10,0.0699,28900000000.0,1310000000.0,11.49,-81.74
3e-05,2.2e-05,6e-13,3e-10,5e-11,0.0699,32400000000.0,1550000000.0,10.72,-84.64
3e-05,2.2e-05,6e-13,3e-10,1.5e-10,0.0699,32400000000.0,1550000000.0,10.72,-84.27
3e-05,2.2e-05,6e-13,3e-10,2e-10,0.0699,32400000000.0,1550000000.0,10.72,-84.78
3e-05,2.2e-05,6e-13,3e-10,2.5e-10,0.0699,32400000000.0,1550000000.0,10.72,-84.67
3e-05,2.2e-05,6e-13,3.5e-10,5e-11,0.0699,30400000000.0,1410000000.0,11.15,-83.64
3e-05,2.2e-05,6e-13,3.5e-10,1.5e-10,0.0699,30400000000.0,1410000000.0,11.15,-83.0
3e-05,2.2e-05,6e-13,3.5e-10,2e-10,0.0699,30400000000.0,1400000000.0,11.15,-82.97
3e-05,2.2e-05,6e-13,3.5e-10,2.5e-10,0.0699,30400000000.0,1410000000.0,11.15,-83.71
3e-05,2.2e-05,6e-13,4.5e-10,1e-10,0.0699,27700000000.0,1220000000.0,11.75,-81.08
3e-05,2.2e-05,6e-13,4.5e-10,5e-11,0.0699,27700000000.0,1230000000.0,11.75,-81.19
3e-05,2.2e-05,6e-13,4.5e-10,2.5e-10,0.0699,27700000000.0,1220000000.0,11.75,-81.02
3e-05,2.2e-05,6e-13,5e-10,1e-10,0.0699,26700000000.0,1160000000.0,11.94,-80.66
3e-05,2.2e-05,6e-13,5e-10,5e-11,0.0699,26700000000.0,1170000000.0,11.94,-80.72
3e-05,2.2e-05,6e-13,5e-10,1.5e-10,0.0699,26700000000.0,1170000000.0,11.94,-80.22
3e-05,2.2e-05,7e-13,4e-10,1e-10,0.0699,28900000000.0,1310000000.0,11.49,-82.01
3e-05,2.2e-05,7e-13,4e-10,5e-11,0.0699,28900000000.0,1300000000.0,11.49,-82.08
3e-05,2.2e-05,7e-13,4e-10,1.5e-10,0.0699,28900000000.0,1300000000.0,11.49,-82.19
3e-05,2.2e-05,7e-13,4e-10,2e-10,0.0699,28900000000.0,1300000000.0,11.49,-81.84
3e-05,2.2e-05,7e-13,4e-10,2.5e-10,0.0699,28900000000.0,1300000000.0,11.49,-81.77
3e-05,2.2e-05,7e-13,3e-10,1e-10,0.0699,32400000000.0,1550000000.0,10.72,-85.18
3e-05,2.2e-05,7e-13,3e-10,5e-11,0.0699,32400000000.0,1550000000.0,10.72,-84.26
3e-05,2.2e-05,7e-13,3e-10,1.5e-10,0.0699,32400000000.0,1540000000.0,10.72,-85.28
3e-05,2.2e-05,7e-13,3e-10,2e-10,0.0699,32400000000.0,1550000000.0,10.72,-84.42
3e-05,2.2e-05,7e-13,3e-10,2.5e-10,0.0699,32400000000.0,1540000000.0,10.72,-84.67
3e-05,2.2e-05,7e-13,3.5e-10,1e-10,0.0699,30400000000.0,1410000000.0,11.15,-83.04
3e-05,2.2e-05,7e-13,3.5e-10,5e-11,0.0699,30400000000.0,1410000000.0,11.15,-83.72
3e-05,2.2e-05,7e-13,3.5e-10,1.5e-10,0.0699,30400000000.0,1400000000.0,11.15,-82.47
3e-05,2.2e-05,7e-13,3.5e-10,2e-10,0.0699,30400000000.0,1400000000.0,11.15,-83.02
3e-05,2.2e-05,7e-13,3.5e-10,2.5e-10,0.0699,30400000000.0,1400000000.0,11.15,-82.81
3e-05,2.2e-05,7e-13,4.5e-10,1e-10,0.0699,27700000000.0,1220000000.0,11.75,-81.14
3e-05,2.2e-05,7e-13,4.5e-10,1.5e-10,0.0699,27700000000.0,1220000000.0,11.75,-81.9
3e-05,2.2e-05,7e-13,4.5e-10,2e-10,0.0699,27700000000.0,1220000000.0,11.75,-81.11
3e-05,2.2e-05,7e-13,5e-10,2e-10,0.0699,26700000000.0,1170000000.0,11.94,-80.25
3e-05,2.2e-05,7e-13,5e-10,2.5e-10,0.0699,26700000000.0,1170000000.0,11.94,-80.51
3e-05,2.3e-05,5e-13,4e-10,1e-10,0.0699,28900000000.0,1250000000.0,11.45,-82.08
3e-05,2.3e-05,5e-13,4e-10,5e-11,0.0699,28900000000.0,1260000000.0,11.45,-81.78
3e-05,2.3e-05,5e-13,4e-10,1.5e-10,0.0699,28900000000.0,1250000000.0,11.45,-81.57
3e-05,2.3e-05,5e-13,4e-10,2e-10,0.0699,28900000000.0,1240000000.0,11.45,-81.81
3e-05,2.3e-05,5e-13,4e-10,2.5e-10,0.0699,28900000000.0,1250000000.0,11.45,-81.29
3e-05,2.3e-05,5e-13,3e-10,1e-10,0.0699,32300000000.0,1480000000.0,10.67,-84.32
3e-05,2.3e-05,5e-13,3e-10,5e-11,0.0699,32300000000.0,1480000000.0,10.67,-84.26
3e-05,2.3e-05,5e-13,3e-10,1.5e-10,0.0699,32300000000.0,1470000000.0,10.67,-84.56
3e-05,2.3e-05,5e-13,3e-10,2e-10,0.0699,32300000000.0,1480000000.0,10.67,-84.15
3e-05,2.3e-05,5e-13,3e-10,2.5e-10,0.0699,32300000000.0,1480000000.0,10.67,-84.16
3e-05,2.3e-05,5e-13,3.5e-10,1e-10,0.0699,30400000000.0,1350000000.0,11.1,-82.73
3e-05,2.3e-05,5e-13,3.5e-10,5e-11,0.0699,30400000000.0,1360000000.0,11.1,-83.49
3e-05,2.3e-05,5e-13,3.5e-10,1.5e-10,0.0699,30400000000.0,1350000000.0,11.11,-77.52
3e-05,2.3e-05,5e-13,3.5e-10,2e-10,0.0699,30400000000.0,1350000000.0,11.1,-82.96
3e-05,2.3e-05,5e-13,3.5e-10,2.5e-10,0.0699,30400000000.0,1350000000.0,11.1,-82.93
3e-05,2.3e-05,5e-13,4.5e-10,1e-10,0.0699,27600000000.0,1180000000.0,11.71,-81.02
3e-05,2.3e-05,5e-13,4.5e-10,5e-11,0.0699,27600000000.0,1180000000.0,11.71,-80.9
3e-05,2.3e-05,5e-13,4.5e-10,1.5e-10,0.0699,27600000000.0,1190000000.0,11.71,-80.9
3e-05,2.3e-05,5e-13,4.5e-10,2e-10,0.0699,27600000000.0,1170000000.0,11.71,-81.07
3e-05,2.3e-05,5e-13,5e-10,1e-10,0.0699,26600000000.0,1120000000.0,11.9,-80.68
3e-05,2.3e-05,5e-13,5e-10,5e-11,0.0699,26600000000.0,1140000000.0,11.9,-80.37
3e-05,2.3e-05,5e-13,5e-10,1.5e-10,0.0699,26600000000.0,1130000000.0,11.9,-80.43
3e-05,2.3e-05,5e-13,5e-10,2e-10,0.0699,26600000000.0,1130000000.0,11.9,-80.45
3e-05,2.3e-05,5e-13,5e-10,2.5e-10,0.0699,26600000000.0,1130000000.0,11.9,-80.4
3e-05,2.3e-05,3e-13,4e-10,1e-10,0.0699,28900000000.0,1250000000.0,11.45,-81.66
3e-05,2.3e-05,3e-13,4e-10,5e-11,0.0699,28900000000.0,1260000000.0,11.45,-81.75
3e-05,2.3e-05,3e-13,4e-10,1.5e-10,0.0699,28900000000.0,1260000000.0,11.45,-81.74
3e-05,2.3e-05,3e-13,4e-10,2e-10,0.0699,28900000000.0,1250000000.0,11.45,-81.58
3e-05,2.3e-05,3e-13,4e-10,2.5e-10,0.0699,28900000000.0,1260000000.0,11.45,-81.5
3e-05,2.3e-05,3e-13,3e-10,1e-10,0.0699,32300000000.0,1480000000.0,10.67,-84.3
3e-05,2.3e-05,3e-13,3e-10,5e-11,0.0699,32300000000.0,1480000000.0,10.67,-84.43
3e-05,2.3e-05,3e-13,3e-10,1.5e-10,0.0699,32300000000.0,1480000000.0,10.67,-84.28
3e-05,2.3e-05,3e-13,3e-10,2e-10,0.0699,32300000000.0,1480000000.0,10.67,-84.29
3e-05,2.3e-05,3e-13,3e-10,2.5e-10,0.0699,32300000000.0,1470000000.0,10.67,-82.89
3e-05,2.3e-05,3e-13,3.5e-10,1e-10,0.0699,30400000000.0,1360000000.0,11.1,-82.99
3e-05,2.3e-05,3e-13,3.5e-10,5e-11,0.0699,30400000000.0,1350000000.0,11.1,-82.67
3e-05,2.3e-05,3e-13,3.5e-10,1.5e-10,0.0699,30400000000.0,1360000000.0,11.1,-82.42
3e-05,2.3e-05,3e-13,3.5e-10,2e-10,0.0699,30400000000.0,1360000000.0,11.1,-82.63
3e-05,2.3e-05,3e-13,3.5e-10,2.5e-10,0.0699,30400000000.0,1340000000.0,11.1,-82.51
3e-05,2.3e-05,3e-13,4.5e-10,1e-10,0.0699,27600000000.0,1180000000.0,11.71,-80.86
3e-05,2.3e-05,3e-13,4.5e-10,5e-11,0.0699,27600000000.0,1190000000.0,11.71,-81.0
3e-05,2.3e-05,3e-13,4.5e-10,1.5e-10,0.0699,27600000000.0,1190000000.0,11.71,-80.75
3e-05,2.3e-05,3e-13,4.5e-10,2e-10,0.0699,27600000000.0,1180000000.0,11.71,-80.89
3e-05,2.3e-05,3e-13,4.5e-10,2.5e-10,0.0699,27600000000.0,1180000000.0,11.71,-80.93
3e-05,2.3e-05,3e-13,5e-10,1e-10,0.0699,26600000000.0,1130000000.0,11.9,-80.14
3e-05,2.3e-05,3e-13,5e-10,5e-11,0.0699,26600000000.0,1140000000.0,11.9,-80.3
3e-05,2.3e-05,3e-13,5e-10,1.5e-10,0.0699,26600000000.0,1120000000.0,11.9,-80.4
3e-05,2.3e-05,3e-13,5e-10,2e-10,0.0699,26600000000.0,1130000000.0,11.9,-80.53
3e-05,2.3e-05,3e-13,5e-10,2.5e-10,0.0699,26600000000.0,1130000000.0,11.9,-80.39
3e-05,2.3e-05,4e-13,4e-10,1e-10,0.0699,28900000000.0,1250000000.0,11.45,-81.7
3e-05,2.3e-05,4e-13,4e-10,5e-11,0.0699,28900000000.0,1260000000.0,11.45,-81.81
3e-05,2.3e-05,4e-13,4e-10,1.5e-10,0.0699,28900000000.0,1260000000.0,11.45,-81.63
3e-05,2.3e-05,4e-13,4e-10,2e-10,0.0699,28900000000.0,1260000000.0,11.45,-81.88
3e-05,2.3e-05,4e-13,4e-10,2.5e-10,0.0699,28900000000.0,1250000000.0,11.45,-81.81
3e-05,2.3e-05,4e-13,3e-10,1e-10,0.0699,32300000000.0,1470000000.0,10.67,-86.47
3e-05,2.3e-05,4e-13,3e-10,5e-11,0.0699,32300000000.0,1480000000.0,10.67,-84.49
3e-05,2.3e-05,4e-13,3e-10,2e-10,0.0699,32300000000.0,1480000000.0,10.67,-84.2
3e-05,2.3e-05,4e-13,3e-10,2.5e-10,0.0699,32300000000.0,1470000000.0,10.67,-78.2
3e-05,2.3e-05,4e-13,3.5e-10,1e-10,0.0699,30400000000.0,1350000000.0,11.11,-82.65
3e-05,2.3e-05,4e-13,3.5e-10,5e-11,0.0699,30400000000.0,1340000000.0,11.1,-82.74
3e-05,2.3e-05,4e-13,3.5e-10,1.5e-10,0.0699,30400000000.0,1350000000.0,11.11,-82.9
3e-05,2.3e-05,4e-13,3.5e-10,2e-10,0.0699,30400000000.0,1350000000.0,11.11,-86.28
3e-05,2.3e-05,4e-13,3.5e-10,2.5e-10,0.0699,30400000000.0,1360000000.0,11.1,-82.49
3e-05,2.3e-05,4e-13,4.5e-10,1e-10,0.0699,27600000000.0,1180000000.0,11.71,-81.17
3e-05,2.3e-05,4e-13,4.5e-10,5e-11,0.0699,27600000000.0,1180000000.0,11.71,-80.8
3e-05,2.3e-05,4e-13,4.5e-10,1.5e-10,0.0699,27600000000.0,1180000000.0,11.71,-80.81
3e-05,2.3e-05,4e-13,4.5e-10,2e-10,0.0699,27600000000.0,1190000000.0,11.71,-81.03
3e-05,2.3e-05,4e-13,4.5e-10,2.5e-10,0.0699,27600000000.0,1180000000.0,11.71,-80.98
3e-05,2.3e-05,4e-13,5e-10,1e-10,0.0699,26600000000.0,1130000000.0,11.9,-80.57
3e-05,2.3e-05,4e-13,5e-10,5e-11,0.0699,26600000000.0,1120000000.0,11.9,-80.65
3e-05,2.3e-05,4e-13,5e-10,1.5e-10,0.0699,26600000000.0,1130000000.0,11.9,-79.92
3e-05,2.3e-05,4e-13,5e-10,2.5e-10,0.0699,26600000000.0,1130000000.0,11.9,-81.11
3e-05,2.3e-05,6e-13,4e-10,1e-10,0.0699,28900000000.0,1250000000.0,11.45,-81.84
3e-05,2.3e-05,6e-13,4e-10,5e-11,0.0699,28900000000.0,1250000000.0,11.45,-81.8
3e-05,2.3e-05,6e-13,4e-10,1.5e-10,0.0699,28900000000.0,1250000000.0,11.45,-81.71
3e-05,2.3e-05,6e-13,4e-10,2e-10,0.0699,28900000000.0,1240000000.0,11.45,-81.79
3e-05,2.3e-05,6e-13,4e-10,2.5e-10,0.0699,28900000000.0,1250000000.0,11.45,-81.73
3e-05,2.3e-05,6e-13,3e-10,1e-10,0.0699,32300000000.0,1470000000.0,10.67,-84.34
3e-05,2.3e-05,6e-13,3e-10,5e-11,0.0699,32300000000.0,1480000000.0,10.67,-84.21
3e-05,2.3e-05,6e-13,3e-10,1.5e-10,0.0699,32300000000.0,1480000000.0,10.67,-84.87
3e-05,2.3e-05,6e-13,3e-10,2e-10,0.0699,32300000000.0,1480000000.0,10.67,-84.33
3e-05,2.3e-05,6e-13,3.5e-10,1e-10,0.0699,30400000000.0,1350000000.0,11.1,-82.8
3e-05,2.3e-05,6e-13,3.5e-10,5e-11,0.0699,30400000000.0,1340000000.0,11.1,-82.61
3e-05,2.3e-05,6e-13,3.5e-10,1.5e-10,0.0699,30400000000.0,1350000000.0,11.1,-82.81
3e-05,2.3e-05,6e-13,3.5e-10,2e-10,0.0699,30400000000.0,1340000000.0,11.1,-82.65
3e-05,2.3e-05,6e-13,3.5e-10,2.5e-10,0.0699,30400000000.0,1350000000.0,11.11,-80.84
3e-05,2.3e-05,6e-13,4.5e-10,1e-10,0.0699,27600000000.0,1180000000.0,11.71,-80.84
3e-05,2.3e-05,6e-13,4.5e-10,5e-11,0.0699,27600000000.0,1170000000.0,11.71,-81.03
3e-05,2.3e-05,6e-13,4.5e-10,1.5e-10,0.0699,27600000000.0,1180000000.0,11.71,-81.59
3e-05,2.3e-05,6e-13,4.5e-10,2e-10,0.0699,27600000000.0,1170000000.0,11.71,-81.0
3e-05,2.3e-05,6e-13,4.5e-10,2.5e-10,0.0699,27600000000.0,1180000000.0,11.71,-81.6
3e-05,2.3e-05,6e-13,5e-10,5e-11,0.0699,26600000000.0,1130000000.0,11.9,-80.26
3e-05,2.3e-05,6e-13,5e-10,2e-10,0.0699,26600000000.0,1130000000.0,11.9,-80.3
3e-05,2.3e-05,7e-13,4e-10,2e-10,0.0699,28900000000.0,1250000000.0,11.45,-81.69
3e-05,2.3e-05,7e-13,4e-10,2.5e-10,0.0699,28900000000.0,1260000000.0,11.45,-81.28
3e-05,2.3e-05,7e-13,3e-10,5e-11,0.0699,32300000000.0,1480000000.0,10.67,-83.03
3e-05,2.3e-05,7e-13,3e-10,1.5e-10,0.0699,32300000000.0,1480000000.0,10.67,-84.38
3e-05,2.3e-05,7e-13,3e-10,2e-10,0.0699,32300000000.0,1470000000.0,10.67,-84.36
3e-05,2.3e-05,7e-13,3e-10,2.5e-10,0.0699,32300000000.0,1470000000.0,10.67,-84.44
3e-05,2.3e-05,7e-13,3.5e-10,1e-10,0.0699,30400000000.0,1360000000.0,11.1,-82.43
3e-05,2.3e-05,7e-13,3.5e-10,5e-11,0.0699,30400000000.0,1350000000.0,11.1,-82.78
3e-05,2.3e-05,7e-13,3.5e-10,1.5e-10,0.0699,30400000000.0,1360000000.0,11.1,-82.95
3e-05,2.3e-05,7e-13,3.5e-10,2e-10,0.0699,30400000000.0,1350000000.0,11.11,-82.86
3e-05,2.3e-05,7e-13,3.5e-10,2.5e-10,0.0699,30400000000.0,1350000000.0,11.11,-80.82
3e-05,2.3e-05,7e-13,4.5e-10,1e-10,0.0699,27600000000.0,1180000000.0,11.71,-81.11
3e-05,2.3e-05,7e-13,4.5e-10,5e-11,0.0699,27600000000.0,1170000000.0,11.71,-81.05
3e-05,2.3e-05,7e-13,4.5e-10,1.5e-10,0.0699,27600000000.0,1180000000.0,11.71,-81.05
3e-05,2.3e-05,7e-13,4.5e-10,2e-10,0.0699,27600000000.0,1180000000.0,11.71,-80.97
3e-05,2.3e-05,7e-13,4.5e-10,2.5e-10,0.0699,27600000000.0,1180000000.0,11.71,-81.18
3e-05,2.3e-05,7e-13,5e-10,5e-11,0.0699,26600000000.0,1130000000.0,11.9,-80.46
3e-05,2.3e-05,7e-13,5e-10,1.5e-10,0.0699,26600000000.0,1130000000.0,11.9,-80.47
3e-05,2.3e-05,7e-13,5e-10,2.5e-10,0.0699,26600000000.0,1130000000.0,11.9,-79.93
3e-05,2.4e-05,5e-13,4e-10,1e-10,0.0699,28800000000.0,1200000000.0,11.4,-81.56
3e-05,2.4e-05,5e-13,4e-10,5e-11,0.0699,28800000000.0,1200000000.0,11.4,-81.67
3e-05,2.4e-05,5e-13,4e-10,1.5e-10,0.0699,28800000000.0,1190000000.0,11.4,-81.57
3e-05,2.4e-05,5e-13,4e-10,2e-10,0.0699,28800000000.0,1200000000.0,11.4,-81.64
3e-05,2.4e-05,5e-13,4e-10,2.5e-10,0.0699,28800000000.0,1200000000.0,11.4,-81.62
3e-05,2.4e-05,5e-13,3e-10,1e-10,0.0699,32300000000.0,1390000000.0,10.62,-84.06
3e-05,2.4e-05,5e-13,3e-10,5e-11,0.0699,32300000000.0,1400000000.0,10.62,-84.06
3e-05,2.4e-05,5e-13,3e-10,1.5e-10,0.0699,32300000000.0,1390000000.0,10.62,-84.0
3e-05,2.4e-05,5e-13,3e-10,2e-10,0.0699,32300000000.0,1390000000.0,10.62,-84.29
3e-05,2.4e-05,5e-13,3e-10,2.5e-10,0.0699,32300000000.0,1400000000.0,10.62,-84.48
3e-05,2.4e-05,5e-13,3.5e-10,1e-10,0.0699,30300000000.0,1280000000.0,11.05,-82.55
3e-05,2.4e-05,5e-13,3.5e-10,5e-11,0.0699,30300000000.0,1280000000.0,11.06,-82.67
3e-05,2.4e-05,5e-13,3.5e-10,1.5e-10,0.0699,30300000000.0,1300000000.0,11.05,-82.61
3e-05,2.4e-05,5e-13,3.5e-10,2e-10,0.0699,30300000000.0,1280000000.0,11.05,-82.53
3e-05,2.4e-05,5e-13,3.5e-10,2.5e-10,0.0699,30300000000.0,1290000000.0,11.06,-83.16
3e-05,2.4e-05,5e-13,4.5e-10,1e-10,0.0699,27600000000.0,1140000000.0,11.67,-80.98
3e-05,2.4e-05,5e-13,4.5e-10,5e-11,0.0699,27600000000.0,1130000000.0,11.67,-80.83
3e-05,2.4e-05,5e-13,4.5e-10,1.5e-10,0.0699,27600000000.0,1140000000.0,11.67,-81.1
3e-05,2.4e-05,5e-13,4.5e-10,2e-10,0.0699,27600000000.0,1140000000.0,11.67,-80.9
3e-05,2.4e-05,5e-13,4.5e-10,2.5e-10,0.0699,27600000000.0,1140000000.0,11.67,-80.68
3e-05,2.4e-05,5e-13,5e-10,1e-10,0.0699,26600000000.0,1080000000.0,11.86,-80.86
3e-05,2.4e-05,5e-13,5e-10,5e-11,0.0699,26600000000.0,1090000000.0,11.86,-80.35
3e-05,2.4e-05,5e-13,5e-10,1.5e-10,0.0699,26600000000.0,1090000000.0,11.86,-80.3
3e-05,2.4e-05,5e-13,5e-10,2e-10,0.0699,26600000000.0,1080000000.0,11.86,-80.33
3e-05,2.4e-05,5e-13,5e-10,2.5e-10,0.0699,26600000000.0,1090000000.0,11.86,-80.28
3e-05,2.4e-05,3e-13,4e-10,1e-10,0.0699,28800000000.0,1200000000.0,11.4,-84.4
3e-05,2.4e-05,3e-13,4e-10,5e-11,0.0699,28800000000.0,1190000000.0,11.4,-81.64
3e-05,2.4e-05,3e-13,4e-10,1.5e-10,0.0699,28800000000.0,1210000000.0,11.4,-81.51
3e-05,2.4e-05,3e-13,4e-10,2e-10,0.0699,28800000000.0,1200000000.0,11.4,-81.71
3e-05,2.4e-05,3e-13,4e-10,2.5e-10,0.0699,28800000000.0,1200000000.0,11.4,-81.46
3e-05,2.4e-05,3e-13,3e-10,1e-10,0.0699,32300000000.0,1400000000.0,10.62,-84.01
3e-05,2.4e-05,3e-13,3e-10,5e-11,0.0699,32300000000.0,1400000000.0,10.62,-84.45
3e-05,2.4e-05,3e-13,3e-10,1.5e-10,0.0699,32300000000.0,1390000000.0,10.62,-84.13
3e-05,2.4e-05,3e-13,3e-10,2e-10,0.0699,32300000000.0,1400000000.0,10.62,-84.1
3e-05,2.4e-05,3e-13,3e-10,2.5e-10,0.0699,32300000000.0,1400000000.0,10.62,-83.23
3e-05,2.4e-05,3e-13,3.5e-10,1e-10,0.0699,30400000000.0,1290000000.0,11.05,-83.0
3e-05,2.4e-05,3e-13,3.5e-10,5e-11,0.0699,30400000000.0,1280000000.0,11.05,-82.66
3e-05,2.4e-05,3e-13,3.5e-10,1.5e-10,0.0699,30400000000.0,1290000000.0,11.05,-83.02
3e-05,2.4e-05,3e-13,3.5e-10,2e-10,0.0699,30400000000.0,1290000000.0,11.05,-82.43
3e-05,2.4e-05,3e-13,3.5e-10,2.5e-10,0.0699,30400000000.0,1280000000.0,11.05,-82.56
3e-05,2.4e-05,3e-13,4.5e-10,1e-10,0.0699,27600000000.0,1140000000.0,11.67,-80.84
3e-05,2.4e-05,3e-13,4.5e-10,5e-11,0.0699,27600000000.0,1130000000.0,11.67,-80.64
3e-05,2.4e-05,3e-13,4.5e-10,1.5e-10,0.0699,27600000000.0,1130000000.0,11.67,-81.05
3e-05,2.4e-05,3e-13,4.5e-10,2e-10,0.0699,27600000000.0,1130000000.0,11.67,-80.7
3e-05,2.4e-05,3e-13,4.5e-10,2.5e-10,0.0699,27600000000.0,1130000000.0,11.67,-80.93
3e-05,2.4e-05,3e-13,5e-10,1e-10,0.0699,26600000000.0,1090000000.0,11.86,-80.06
3e-05,2.4e-05,3e-13,5e-10,5e-11,0.0699,26600000000.0,1080000000.0,11.86,-80.08
3e-05,2.4e-05,3e-13,5e-10,2.5e-10,0.0699,26600000000.0,1080000000.0,11.86,-80.1
3e-05,2.4e-05,4e-13,4e-10,1e-10,0.0699,28800000000.0,1200000000.0,11.4,-81.61
3e-05,2.4e-05,4e-13,4e-10,5e-11,0.0699,28800000000.0,1210000000.0,11.4,-81.57
3e-05,2.4e-05,4e-13,4e-10,1.5e-10,0.0699,28800000000.0,1200000000.0,11.4,-81.93
3e-05,2.4e-05,4e-13,4e-10,2e-10,0.0699,28800000000.0,1190000000.0,11.4,-81.89
3e-05,2.4e-05,4e-13,4e-10,2.5e-10,0.0699,28800000000.0,1190000000.0,11.4,-81.56
3e-05,2.4e-05,4e-13,3e-10,1e-10,0.0699,32300000000.0,1400000000.0,10.62,-84.2
3e-05,2.4e-05,4e-13,3e-10,5e-11,0.0699,32300000000.0,1400000000.0,10.62,-84.13
3e-05,2.4e-05,4e-13,3e-10,1.5e-10,0.0699,32300000000.0,1400000000.0,10.62,-84.25
3e-05,2.4e-05,4e-13,3e-10,2e-10,0.0699,32300000000.0,1400000000.0,10.62,-83.86
3e-05,2.4e-05,4e-13,3e-10,2.5e-10,0.0699,32300000000.0,1400000000.0,10.62,-84.27
3e-05,2.4e-05,4e-13,3.5e-10,1e-10,0.0699,30400000000.0,1280000000.0,11.05,-82.6
3e-05,2.4e-05,4e-13,3.5e-10,5e-11,0.0699,30400000000.0,1280000000.0,11.06,-82.8
3e-05,2.4e-05,4e-13,3.5e-10,1.5e-10,0.0699,30400000000.0,1280000000.0,11.05,-82.81
3e-05,2.4e-05,4e-13,3.5e-10,2e-10,0.0699,30400000000.0,1280000000.0,11.06,-82.43
3e-05,2.4e-05,4e-13,3.5e-10,2.5e-10,0.0699,30400000000.0,1290000000.0,11.05,-82.53
3e-05,2.4e-05,4e-13,4.5e-10,1e-10,0.0699,27600000000.0,1130000000.0,11.67,-80.62
3e-05,2.4e-05,4e-13,4.5e-10,5e-11,0.0699,27600000000.0,1130000000.0,11.67,-80.95
3e-05,2.4e-05,4e-13,4.5e-10,1.5e-10,0.0699,27600000000.0,1140000000.0,11.67,-81.06
3e-05,2.4e-05,4e-13,5e-10,5e-11,0.0699,26600000000.0,1090000000.0,11.86,-80.21
3e-05,2.4e-05,4e-13,5e-10,1.5e-10,0.0699,26600000000.0,1080000000.0,11.86,-80.02
3e-05,2.4e-05,4e-13,5e-10,2.5e-10,0.0699,26600000000.0,1080000000.0,11.86,-80.4
3e-05,2.4e-05,6e-13,4e-10,1e-10,0.0699,28800000000.0,1190000000.0,11.4,-81.6
3e-05,2.4e-05,6e-13,4e-10,5e-11,0.0699,28800000000.0,1210000000.0,11.4,-81.7
3e-05,2.4e-05,6e-13,4e-10,1.5e-10,0.0699,28800000000.0,1190000000.0,11.4,-81.69
3e-05,2.4e-05,6e-13,4e-10,2e-10,0.0699,28800000000.0,1200000000.0,11.4,-81.58
3e-05,2.4e-05,6e-13,4e-10,2.5e-10,0.0699,28800000000.0,1190000000.0,11.4,-81.75
3e-05,2.4e-05,6e-13,3e-10,1e-10,0.0699,32300000000.0,1400000000.0,10.62,-84.19
3e-05,2.4e-05,6e-13,3e-10,5e-11,0.0699,32300000000.0,1390000000.0,10.62,-84.09
3e-05,2.4e-05,6e-13,3e-10,1.5e-10,0.0699,32300000000.0,1400000000.0,10.62,-84.22
3e-05,2.4e-05,6e-13,3e-10,2e-10,0.0699,32300000000.0,1400000000.0,10.62,-84.05
3e-05,2.4e-05,6e-13,3e-10,2.5e-10,0.0699,32300000000.0,1400000000.0,10.62,-83.39
3e-05,2.4e-05,6e-13,3.5e-10,1e-10,0.0699,30300000000.0,1290000000.0,11.05,-82.65
3e-05,2.4e-05,6e-13,3.5e-10,5e-11,0.0699,30300000000.0,1280000000.0,11.05,-82.88
3e-05,2.4e-05,6e-13,3.5e-10,1.5e-10,0.0699,30300000000.0,1280000000.0,11.06,-82.64
3e-05,2.4e-05,6e-13,3.5e-10,2e-10,0.0699,30300000000.0,1290000000.0,11.05,-82.79
3e-05,2.4e-05,6e-13,3.5e-10,2.5e-10,0.0699,30300000000.0,1290000000.0,11.06,-82.64
3e-05,2.4e-05,6e-13,4.5e-10,1e-10,0.0699,27600000000.0,1130000000.0,11.67,-80.96
3e-05,2.4e-05,6e-13,4.5e-10,5e-11,0.0699,27600000000.0,1130000000.0,11.67,-80.56
3e-05,2.4e-05,6e-13,4.5e-10,1.5e-10,0.0699,27600000000.0,1130000000.0,11.67,-80.84
3e-05,2.4e-05,6e-13,4.5e-10,2e-10,0.0699,27600000000.0,1120000000.0,11.67,-80.9
3e-05,2.4e-05,6e-13,4.5e-10,2.5e-10,0.0699,27600000000.0,1140000000.0,11.67,-81.09
3e-05,2.4e-05,6e-13,5e-10,1.5e-10,0.0699,26600000000.0,1080000000.0,11.86,-81.01
3e-05,2.4e-05,6e-13,5e-10,2e-10,0.0699,26600000000.0,1080000000.0,11.86,-80.21
3e-05,2.4e-05,6e-13,5e-10,2.5e-10,0.0699,26600000000.0,1090000000.0,11.86,-80.07
3e-05,2.4e-05,7e-13,4e-10,5e-11,0.0699,28800000000.0,1210000000.0,11.4,-81.62
3e-05,2.4e-05,7e-13,4e-10,1.5e-10,0.0699,28800000000.0,1200000000.0,11.4,-81.45
3e-05,2.4e-05,7e-13,3e-10,1.5e-10,0.0699,32300000000.0,1390000000.0,10.62,-84.1
3e-05,2.4e-05,7e-13,3e-10,2.5e-10,0.0699,32300000000.0,1400000000.0,10.62,-84.36
3e-05,2.4e-05,7e-13,3.5e-10,1e-10,0.0699,30300000000.0,1280000000.0,11.05,-82.54
3e-05,2.4e-05,7e-13,3.5e-10,5e-11,0.0699,30300000000.0,1280000000.0,11.05,-82.5
3e-05,2.4e-05,7e-13,3.5e-10,1.5e-10,0.0699,30300000000.0,1300000000.0,11.05,-82.66
3e-05,2.4e-05,7e-13,3.5e-10,2e-10,0.0699,30300000000.0,1290000000.0,11.05,-79.18
3e-05,2.4e-05,7e-13,3.5e-10,2.5e-10,0.0699,30300000000.0,1290000000.0,11.05,-79.15
3e-05,2.4e-05,7e-13,4.5e-10,5e-11,0.0699,27600000000.0,1130000000.0,11.67,-79.61
3e-05,2.4e-05,7e-13,4.5e-10,1.5e-10,0.0699,27600000000.0,1130000000.0,11.67,-80.65
3e-05,2.4e-05,7e-13,4.5e-10,2.5e-10,0.0699,27600000000.0,1140000000.0,11.67,-80.94
3e-05,2.4e-05,7e-13,5e-10,1e-10,0.0699,26600000000.0,1090000000.0,11.86,-80.16
3e-05,2.4e-05,7e-13,5e-10,5e-11,0.0699,26600000000.0,1090000000.0,11.86,-80.14
3e-05,2.4e-05,7e-13,5e-10,2e-10,0.0699,26600000000.0,1080000000.0,11.86,-80.27
3e-05,2.4e-05,7e-13,5e-10,2.5e-10,0.0699,26600000000.0,1090000000.0,11.86,-80.33
3e-05,2.5e-05,5e-13,4e-10,1e-10,0.0699,28800000000.0,1130000000.0,11.35,-81.44
3e-05,2.5e-05,5e-13,4e-10,5e-11,0.0699,28800000000.0,1130000000.0,11.35,-81.27
3e-05,2.5e-05,5e-13,4e-10,1.5e-10,0.0699,28800000000.0,1130000000.0,11.35,-81.23
3e-05,2.5e-05,5e-13,4e-10,2e-10,0.0699,28800000000.0,1130000000.0,11.35,-81.39
3e-05,2.5e-05,5e-13,4e-10,2.5e-10,0.0699,28800000000.0,1130000000.0,11.35,-81.47
3e-05,2.5e-05,5e-13,3e-10,1e-10,0.0699,32300000000.0,1310000000.0,10.56,-83.9
3e-05,2.5e-05,5e-13,3e-10,5e-11,0.0699,32300000000.0,1300000000.0,10.56,-83.83
3e-05,2.5e-05,5e-13,3e-10,1.5e-10,0.0699,32300000000.0,1300000000.0,10.56,-83.91
3e-05,2.5e-05,5e-13,3e-10,2e-10,0.0699,32300000000.0,1310000000.0,10.56,-84.06
3e-05,2.5e-05,5e-13,3e-10,2.5e-10,0.0699,32300000000.0,1300000000.0,10.56,-83.92
3e-05,2.5e-05,5e-13,3.5e-10,1e-10,0.0699,30300000000.0,1220000000.0,11.0,-82.29
3e-05,2.5e-05,5e-13,3.5e-10,5e-11,0.0699,30300000000.0,1220000000.0,11.0,-82.26
3e-05,2.5e-05,5e-13,3.5e-10,1.5e-10,0.0699,30300000000.0,1220000000.0,11.0,-82.92
3e-05,2.5e-05,5e-13,3.5e-10,2e-10,0.0699,30300000000.0,1210000000.0,11.0,-82.37
3e-05,2.5e-05,5e-13,3.5e-10,2.5e-10,0.0699,30300000000.0,1220000000.0,11.0,-82.37
3e-05,2.5e-05,5e-13,4.5e-10,1e-10,0.0699,27600000000.0,1080000000.0,11.62,-80.84
3e-05,2.5e-05,5e-13,4.5e-10,5e-11,0.0699,27600000000.0,1070000000.0,11.62,-80.69
3e-05,2.5e-05,5e-13,4.5e-10,1.5e-10,0.0699,27600000000.0,1070000000.0,11.62,-80.72
3e-05,2.5e-05,5e-13,4.5e-10,2e-10,0.0699,27600000000.0,1070000000.0,11.62,-80.56
3e-05,2.5e-05,5e-13,4.5e-10,2.5e-10,0.0699,27600000000.0,1080000000.0,11.62,-80.65
3e-05,2.5e-05,5e-13,5e-10,1e-10,0.0699,26600000000.0,1030000000.0,11.82,-80.23
3e-05,2.5e-05,5e-13,5e-10,5e-11,0.0699,26600000000.0,1030000000.0,11.82,-79.92
3e-05,2.5e-05,5e-13,5e-10,1.5e-10,0.0699,26600000000.0,1040000000.0,11.82,-80.02
3e-05,2.5e-05,5e-13,5e-10,2e-10,0.0699,26600000000.0,1030000000.0,11.82,-80.25
3e-05,2.5e-05,5e-13,5e-10,2.5e-10,0.0699,26600000000.0,1040000000.0,11.82,-79.96
3e-05,2.5e-05,3e-13,4e-10,1e-10,0.0699,28800000000.0,1140000000.0,11.35,-81.29
3e-05,2.5e-05,3e-13,4e-10,5e-11,0.0699,28800000000.0,1130000000.0,11.35,-81.42
3e-05,2.5e-05,3e-13,4e-10,1.5e-10,0.0699,28800000000.0,1130000000.0,11.35,-81.32
3e-05,2.5e-05,3e-13,4e-10,2.5e-10,0.0699,28800000000.0,1140000000.0,11.35,-81.44
3e-05,2.5e-05,3e-13,3e-10,1e-10,0.0699,32300000000.0,1310000000.0,10.56,-83.89
3e-05,2.5e-05,3e-13,3e-10,5e-11,0.0699,32300000000.0,1310000000.0,10.56,-83.94
3e-05,2.5e-05,3e-13,3e-10,1.5e-10,0.0699,32300000000.0,1310000000.0,10.56,-83.95
3e-05,2.5e-05,3e-13,3e-10,2e-10,0.0699,32300000000.0,1310000000.0,10.56,-83.91
3e-05,2.5e-05,3e-13,3e-10,2.5e-10,0.0699,32300000000.0,1310000000.0,10.56,-83.79
3e-05,2.5e-05,3e-13,3.5e-10,1e-10,0.0699,30300000000.0,1210000000.0,11.0,-82.65
3e-05,2.5e-05,3e-13,3.5e-10,5e-11,0.0699,30300000000.0,1210000000.0,11.0,-82.45
3e-05,2.5e-05,3e-13,3.5e-10,1.5e-10,0.0699,30300000000.0,1220000000.0,11.0,-82.47
3e-05,2.5e-05,3e-13,3.5e-10,2e-10,0.0699,30300000000.0,1200000000.0,11.0,-82.28
3e-05,2.5e-05,3e-13,3.5e-10,2.5e-10,0.0699,30300000000.0,1220000000.0,11.0,-82.35
3e-05,2.5e-05,3e-13,4.5e-10,1e-10,0.0699,27600000000.0,1070000000.0,11.62,-80.71
3e-05,2.5e-05,3e-13,4.5e-10,5e-11,0.0699,27600000000.0,1070000000.0,11.62,-80.68
3e-05,2.5e-05,3e-13,4.5e-10,1.5e-10,0.0699,27600000000.0,1080000000.0,11.62,-80.96
3e-05,2.5e-05,3e-13,4.5e-10,2.5e-10,0.0699,27600000000.0,1080000000.0,11.62,-80.67
3e-05,2.5e-05,3e-13,5e-10,1e-10,0.0699,26600000000.0,1030000000.0,11.82,-80.05
3e-05,2.5e-05,3e-13,5e-10,5e-11,0.0699,26600000000.0,1030000000.0,11.82,-79.99
3e-05,2.5e-05,3e-13,5e-10,1.5e-10,0.0699,26600000000.0,1040000000.0,11.82,-80.24
3e-05,2.5e-05,3e-13,5e-10,2.5e-10,0.0699,26600000000.0,1040000000.0,11.82,-80.1
3e-05,2.5e-05,4e-13,4e-10,1e-10,0.0699,28800000000.0,1140000000.0,11.35,-81.43
3e-05,2.5e-05,4e-13,4e-10,5e-11,0.0699,28800000000.0,1130000000.0,11.35,-81.41
3e-05,2.5e-05,4e-13,4e-10,1.5e-10,0.0699,28800000000.0,1130000000.0,11.35,-81.34
3e-05,2.5e-05,4e-13,4e-10,2e-10,0.0699,28800000000.0,1140000000.0,11.35,-81.52
3e-05,2.5e-05,4e-13,4e-10,2.5e-10,0.0699,28800000000.0,1140000000.0,11.35,-82.06
3e-05,2.5e-05,4e-13,3e-10,1e-10,0.0699,32300000000.0,1300000000.0,10.56,-84.06
3e-05,2.5e-05,4e-13,3e-10,5e-11,0.0699,32300000000.0,1310000000.0,10.56,-83.88
3e-05,2.5e-05,4e-13,3e-10,1.5e-10,0.0699,32300000000.0,1310000000.0,10.56,-84.03
3e-05,2.5e-05,4e-13,3e-10,2e-10,0.0699,32300000000.0,1310000000.0,10.56,-83.83
3e-05,2.5e-05,4e-13,3e-10,2.5e-10,0.0699,32300000000.0,1310000000.0,10.56,-84.07
3e-05,2.5e-05,4e-13,3.5e-10,1e-10,0.0699,30300000000.0,1220000000.0,11.0,-82.75
3e-05,2.5e-05,4e-13,3.5e-10,5e-11,0.0699,30300000000.0,1220000000.0,11.0,-82.38
3e-05,2.5e-05,4e-13,3.5e-10,1.5e-10,0.0699,30300000000.0,1200000000.0,11.0,-82.39
3e-05,2.5e-05,4e-13,3.5e-10,2.5e-10,0.0699,30300000000.0,1220000000.0,11.0,-82.44
3e-05,2.5e-05,4e-13,4.5e-10,1e-10,0.0699,27600000000.0,1080000000.0,11.62,-80.81
3e-05,2.5e-05,4e-13,4.5e-10,5e-11,0.0699,27600000000.0,1080000000.0,11.62,-81.18
3e-05,2.5e-05,4e-13,4.5e-10,1.5e-10,0.0699,27600000000.0,1070000000.0,11.62,-80.59
3e-05,2.5e-05,4e-13,4.5e-10,2e-10,0.0699,27600000000.0,1080000000.0,11.62,-80.66
3e-05,2.5e-05,4e-13,5e-10,1e-10,0.0699,26600000000.0,1040000000.0,11.82,-80.01
3e-05,2.5e-05,4e-13,5e-10,5e-11,0.0699,26600000000.0,1040000000.0,11.82,-80.18
3e-05,2.5e-05,4e-13,5e-10,1.5e-10,0.0699,26600000000.0,1040000000.0,11.82,-80.0
3e-05,2.5e-05,4e-13,5e-10,2e-10,0.0699,26600000000.0,1040000000.0,11.82,-80.14
3e-05,2.5e-05,6e-13,4e-10,2e-10,0.0699,28800000000.0,1130000000.0,11.35,-81.43
3e-05,2.5e-05,6e-13,3e-10,5e-11,0.0699,32300000000.0,1300000000.0,10.56,-83.84
3e-05,2.5e-05,6e-13,3e-10,1.5e-10,0.0699,32300000000.0,1300000000.0,10.56,-84.0
3e-05,2.5e-05,6e-13,3.5e-10,1e-10,0.0699,30300000000.0,1210000000.0,11.0,-82.46
3e-05,2.5e-05,6e-13,3.5e-10,5e-11,0.0699,30300000000.0,1220000000.0,11.0,-82.42
3e-05,2.5e-05,6e-13,3.5e-10,1.5e-10,0.0699,30300000000.0,1220000000.0,11.0,-82.36
3e-05,2.5e-05,6e-13,3.5e-10,2.5e-10,0.0699,30300000000.0,1210000000.0,11.0,-81.52
3e-05,2.5e-05,6e-13,4.5e-10,1e-10,0.0699,27600000000.0,1070000000.0,11.62,-80.6
3e-05,2.5e-05,6e-13,4.5e-10,5e-11,0.0699,27600000000.0,1080000000.0,11.62,-80.8
3e-05,2.5e-05,6e-13,4.5e-10,1.5e-10,0.0699,27600000000.0,1080000000.0,11.62,-81.32
3e-05,2.5e-05,6e-13,4.5e-10,2e-10,0.0699,27600000000.0,1070000000.0,11.62,-80.84
3e-05,2.5e-05,6e-13,4.5e-10,2.5e-10,0.0699,27600000000.0,1080000000.0,11.62,-81.38
3e-05,2.5e-05,6e-13,5e-10,5e-11,0.0699,26600000000.0,1030000000.0,11.82,-80.01
3e-05,2.5e-05,6e-13,5e-10,2e-10,0.0699,26600000000.0,1040000000.0,11.82,-80.09
3e-05,2.5e-05,6e-13,5e-10,2.5e-10,0.0699,26600000000.0,1040000000.0,11.82,-80.13
3e-05,2.5e-05,7e-13,4e-10,1e-10,0.0699,28800000000.0,1130000000.0,11.35,-81.51
3e-05,2.5e-05,7e-13,4e-10,1.5e-10,0.0699,28800000000.0,1140000000.0,11.35,-81.61
3e-05,2.5e-05,7e-13,4e-10,2e-10,0.0699,28800000000.0,1140000000.0,11.35,-81.49
3e-05,2.5e-05,7e-13,4e-10,2.5e-10,0.0699,28800000000.0,1150000000.0,11.35,-81.41
3e-05,2.5e-05,7e-13,3e-10,1e-10,0.0699,32300000000.0,1300000000.0,10.56,-84.02
3e-05,2.5e-05,7e-13,3e-10,5e-11,0.0699,32300000000.0,1310000000.0,10.56,-84.02
3e-05,2.5e-05,7e-13,3e-10,1.5e-10,0.0699,32300000000.0,1310000000.0,10.56,-83.81
3e-05,2.5e-05,7e-13,3.5e-10,1e-10,0.0699,30300000000.0,1220000000.0,11.0,-81.61
3e-05,2.5e-05,7e-13,3.5e-10,5e-11,0.0699,30300000000.0,1210000000.0,11.0,-80.39
3e-05,2.5e-05,7e-13,3.5e-10,1.5e-10,0.0699,30300000000.0,1210000000.0,11.0,-82.26
3e-05,2.5e-05,7e-13,3.5e-10,2.5e-10,0.0699,30300000000.0,1220000000.0,11.0,-82.5
3e-05,2.5e-05,7e-13,4.5e-10,1e-10,0.0699,27600000000.0,1070000000.0,11.62,-80.79
3e-05,2.5e-05,7e-13,4.5e-10,5e-11,0.0699,27600000000.0,1080000000.0,11.62,-80.75
3e-05,2.5e-05,7e-13,4.5e-10,2e-10,0.0699,27600000000.0,1080000000.0,11.62,-80.98
3e-05,2.5e-05,7e-13,5e-10,1e-10,0.0699,26600000000.0,1030000000.0,11.82,-80.06
3e-05,2.5e-05,7e-13,5e-10,1.5e-10,0.0699,26600000000.0,1040000000.0,11.82,-80.26
3e-05,2.5e-05,7e-13,5e-10,2.5e-10,0.0699,26600000000.0,1030000000.0,11.82,-80.04
2e-05,5e-06,5e-13,4e-10,1e-10,0.0466,40500000000.0,1430000000.0,11.81,-70.9
2e-05,5e-06,5e-13,4e-10,1.5e-10,0.0466,40500000000.0,1430000000.0,11.82,-70.82
2e-05,5e-06,5e-13,4e-10,2e-10,0.0466,40500000000.0,1430000000.0,11.82,-70.79
2e-05,5e-06,5e-13,4e-10,2.5e-10,0.0466,40500000000.0,1430000000.0,11.81,-70.88
2e-05,5e-06,5e-13,3e-10,1e-10,0.0466,44900000000.0,1570000000.0,11.61,-71.93
2e-05,5e-06,5e-13,3e-10,5e-11,0.0466,44900000000.0,1570000000.0,11.61,-71.75
2e-05,5e-06,5e-13,3e-10,1.5e-10,0.0466,44900000000.0,1570000000.0,11.61,-71.87
2e-05,5e-06,5e-13,3e-10,2e-10,0.0466,44900000000.0,1560000000.0,11.61,-71.98
2e-05,5e-06,5e-13,3e-10,2.5e-10,0.0466,44900000000.0,1570000000.0,11.61,-71.85
2e-05,5e-06,5e-13,3.5e-10,1e-10,0.0466,42500000000.0,1490000000.0,11.73,-71.31
2e-05,5e-06,5e-13,3.5e-10,5e-11,0.0466,42500000000.0,1490000000.0,11.73,-71.4
2e-05,5e-06,5e-13,3.5e-10,1.5e-10,0.0466,42500000000.0,1490000000.0,11.73,-71.27
2e-05,5e-06,5e-13,3.5e-10,2.5e-10,0.0466,42500000000.0,1490000000.0,11.73,-71.36
2e-05,5e-06,5e-13,4.5e-10,1e-10,0.0466,39000000000.0,1380000000.0,11.87,-70.52
2e-05,5e-06,5e-13,4.5e-10,5e-11,0.0466,39000000000.0,1380000000.0,11.87,-70.5
2e-05,5e-06,5e-13,4.5e-10,1.5e-10,0.0466,39000000000.0,1380000000.0,11.87,-70.51
2e-05,5e-06,5e-13,4.5e-10,2.5e-10,0.0466,39000000000.0,1390000000.0,11.87,-70.44
2e-05,5e-06,5e-13,5e-10,1e-10,0.0466,37700000000.0,1350000000.0,11.91,-70.17
2e-05,5e-06,5e-13,5e-10,5e-11,0.0466,37700000000.0,1340000000.0,11.91,-70.21
2e-05,5e-06,5e-13,5e-10,1.5e-10,0.0466,37700000000.0,1350000000.0,11.91,-70.07
2e-05,5e-06,5e-13,5e-10,2e-10,0.0466,37700000000.0,1340000000.0,11.91,-70.2
2e-05,5e-06,5e-13,5e-10,2.5e-10,0.0466,37700000000.0,1350000000.0,11.91,-70.08
2e-05,5e-06,3e-13,4e-10,1e-10,0.0466,40500000000.0,1430000000.0,11.81,-70.81
2e-05,5e-06,3e-13,4e-10,5e-11,0.0466,40500000000.0,1430000000.0,11.81,-70.76
2e-05,5e-06,3e-13,4e-10,1.5e-10,0.0466,40500000000.0,1430000000.0,11.81,-70.77
2e-05,5e-06,3e-13,4e-10,2e-10,0.0466,40500000000.0,1430000000.0,11.82,-70.67
2e-05,5e-06,3e-13,4e-10,2.5e-10,0.0466,40500000000.0,1430000000.0,11.82,-70.75
2e-05,5e-06,3e-13,3e-10,1e-10,0.0466,44900000000.0,1570000000.0,11.61,-71.94
2e-05,5e-06,3e-13,3e-10,1.5e-10,0.0466,44900000000.0,1570000000.0,11.61,-71.77
2e-05,5e-06,3e-13,3e-10,2e-10,0.0466,44900000000.0,1570000000.0,11.61,-71.91
2e-05,5e-06,3e-13,3e-10,2.5e-10,0.0466,44900000000.0,1560000000.0,11.61,-71.95
2e-05,5e-06,3e-13,3.5e-10,1e-10,0.0466,42500000000.0,1490000000.0,11.73,-71.26
2e-05,5e-06,3e-13,3.5e-10,5e-11,0.0466,42500000000.0,1490000000.0,11.73,-71.34
2e-05,5e-06,3e-13,3.5e-10,1.5e-10,0.0466,42500000000.0,1490000000.0,11.73,-71.24
2e-05,5e-06,3e-13,4.5e-10,1e-10,0.0466,39000000000.0,1390000000.0,11.87,-70.38
2e-05,5e-06,3e-13,4.5e-10,5e-11,0.0466,39000000000.0,1390000000.0,11.87,-70.42
2e-05,5e-06,3e-13,4.5e-10,2e-10,0.0466,39000000000.0,1380000000.0,11.87,-70.53
2e-05,5e-06,3e-13,5e-10,1e-10,0.0466,37700000000.0,1350000000.0,11.91,-70.2
2e-05,5e-06,3e-13,5e-10,5e-11,0.0466,37700000000.0,1350000000.0,11.91,-70.06
2e-05,5e-06,3e-13,5e-10,1.5e-10,0.0466,37700000000.0,1350000000.0,11.91,-70.11
2e-05,5e-06,3e-13,5e-10,2e-10,0.0466,37700000000.0,1350000000.0,11.92,-70.16
2e-05,5e-06,3e-13,5e-10,2.5e-10,0.0466,37700000000.0,1350000000.0,11.91,-70.13
2e-05,5e-06,4e-13,4e-10,1e-10,0.0466,40500000000.0,1430000000.0,11.81,-71.82
2e-05,5e-06,4e-13,4e-10,5e-11,0.0466,40500000000.0,1430000000.0,11.81,-70.86
2e-05,5e-06,4e-13,4e-10,1.5e-10,0.0466,40500000000.0,1430000000.0,11.82,-70.78
2e-05,5e-06,4e-13,4e-10,2.5e-10,0.0466,40500000000.0,1430000000.0,11.81,-70.87
2e-05,5e-06,4e-13,3e-10,1e-10,0.0466,44900000000.0,1570000000.0,11.61,-71.81
2e-05,5e-06,4e-13,3e-10,5e-11,0.0466,44900000000.0,1560000000.0,11.61,-73.64
2e-05,5e-06,4e-13,3e-10,2e-10,0.0466,44900000000.0,1570000000.0,11.61,-71.64
2e-05,5e-06,4e-13,3.5e-10,1e-10,0.0466,42500000000.0,1490000000.0,11.73,-71.08
2e-05,5e-06,4e-13,3.5e-10,2e-10,0.0466,42500000000.0,1490000000.0,11.73,-71.35
2e-05,5e-06,4e-13,4.5e-10,1e-10,0.0466,39000000000.0,1390000000.0,11.87,-70.3
2e-05,5e-06,4e-13,4.5e-10,1.5e-10,0.0466,39000000000.0,1390000000.0,11.87,-70.47
2e-05,5e-06,4e-13,4.5e-10,2e-10,0.0466,39000000000.0,1380000000.0,11.87,-70.45
2e-05,5e-06,4e-13,4.5e-10,2.5e-10,0.0466,39000000000.0,1390000000.0,11.87,-70.39
2e-05,5e-06,4e-13,5e-10,2.5e-10,0.0466,37700000000.0,1350000000.0,11.91,-70.1
2e-05,5e-06,6e-13,4e-10,1e-10,0.0466,40500000000.0,1430000000.0,11.81,-70.91
2e-05,5e-06,6e-13,4e-10,5e-11,0.0466,40500000000.0,1430000000.0,11.82,-70.92
2e-05,5e-06,6e-13,4e-10,2e-10,0.0466,40500000000.0,1430000000.0,11.82,-70.76
2e-05,5e-06,6e-13,4e-10,2.5e-10,0.0466,40500000000.0,1430000000.0,11.82,-70.85
2e-05,5e-06,6e-13,3e-10,1e-10,0.0466,44900000000.0,1570000000.0,11.61,-71.63
2e-05,5e-06,6e-13,3e-10,5e-11,0.0466,44900000000.0,1570000000.0,11.61,-71.89
2e-05,5e-06,6e-13,3e-10,2e-10,0.0466,44900000000.0,1570000000.0,11.61,-71.67
2e-05,5e-06,6e-13,3e-10,2.5e-10,0.0466,44900000000.0,1570000000.0,11.61,-71.86
2e-05,5e-06,6e-13,3.5e-10,1e-10,0.0466,42500000000.0,1490000000.0,11.73,-71.25
2e-05,5e-06,6e-13,4.5e-10,1e-10,0.0466,39000000000.0,1380000000.0,11.87,-70.49
2e-05,5e-06,6e-13,4.5e-10,5e-11,0.0466,39000000000.0,1390000000.0,11.87,-70.52
2e-05,5e-06,6e-13,4.5e-10,1.5e-10,0.0466,39000000000.0,1390000000.0,11.87,-70.49
2e-05,5e-06,6e-13,4.5e-10,2.5e-10,0.0466,39000000000.0,1380000000.0,11.87,-70.42
2e-05,5e-06,6e-13,5e-10,2.5e-10,0.0466,37700000000.0,1350000000.0,11.91,-70.09
2e-05,5e-06,7e-13,4e-10,1e-10,0.0466,40500000000.0,1430000000.0,11.81,-70.82
2e-05,5e-06,7e-13,4e-10,2.5e-10,0.0466,40500000000.0,1430000000.0,11.81,-70.8
2e-05,5e-06,7e-13,3e-10,2e-10,0.0466,44900000000.0,1560000000.0,11.61,-72.78
2e-05,5e-06,7e-13,3e-10,2.5e-10,0.0466,44900000000.0,1570000000.0,11.61,-71.92
2e-05,5e-06,7e-13,3.5e-10,1.5e-10,0.0466,42500000000.0,1490000000.0,11.73,-71.23
2e-05,5e-06,7e-13,4.5e-10,5e-11,0.0466,39000000000.0,1390000000.0,11.87,-70.29
2e-05,6e-06,5e-13,4e-10,1e-10,0.0466,40100000000.0,1630000000.0,11.8,-70.88
2e-05,6e-06,5e-13,4e-10,5e-11,0.0466,40100000000.0,1630000000.0,11.8,-70.89
2e-05,6e-06,5e-13,4e-10,1.5e-10,0.0466,40100000000.0,1630000000.0,11.8,-70.81
2e-05,6e-06,5e-13,4e-10,2e-10,0.0466,40100000000.0,1630000000.0,11.8,-71.22
2e-05,6e-06,5e-13,4e-10,2.5e-10,0.0466,40100000000.0,1630000000.0,11.8,-70.8
2e-05,6e-06,5e-13,3e-10,1e-10,0.0466,44400000000.0,1780000000.0,11.6,-71.9
2e-05,6e-06,5e-13,3e-10,5e-11,0.0466,44400000000.0,1790000000.0,11.6,-71.96
2e-05,6e-06,5e-13,3e-10,1.5e-10,0.0466,44400000000.0,1790000000.0,11.6,-72.02
2e-05,6e-06,5e-13,3e-10,2e-10,0.0466,44400000000.0,1780000000.0,11.6,-71.98
2e-05,6e-06,5e-13,3e-10,2.5e-10,0.0466,44400000000.0,1780000000.0,11.6,-71.87
2e-05,6e-06,5e-13,3.5e-10,1e-10,0.0466,42000000000.0,1690000000.0,11.72,-71.41
2e-05,6e-06,5e-13,3.5e-10,5e-11,0.0466,42000000000.0,1700000000.0,11.72,-71.33
2e-05,6e-06,5e-13,3.5e-10,1.5e-10,0.0466,42000000000.0,1690000000.0,11.72,-71.26
2e-05,6e-06,5e-13,3.5e-10,2e-10,0.0466,42000000000.0,1700000000.0,11.72,-71.28
2e-05,6e-06,5e-13,3.5e-10,2.5e-10,0.0466,42000000000.0,1690000000.0,11.72,-71.32
2e-05,6e-06,5e-13,4.5e-10,1e-10,0.0466,38600000000.0,1580000000.0,11.85,-70.54
2e-05,6e-06,5e-13,4.5e-10,1.5e-10,0.0466,38600000000.0,1580000000.0,11.85,-70.63
2e-05,6e-06,5e-13,4.5e-10,2e-10,0.0466,38600000000.0,1570000000.0,11.85,-70.58
2e-05,6e-06,5e-13,4.5e-10,2.5e-10,0.0466,38600000000.0,1580000000.0,11.85,-70.61
2e-05,6e-06,5e-13,5e-10,1e-10,0.0466,37300000000.0,1540000000.0,11.9,-70.15
2e-05,6e-06,5e-13,5e-10,5e-11,0.0466,37300000000.0,1540000000.0,11.9,-70.19
2e-05,6e-06,5e-13,5e-10,1.5e-10,0.0466,37300000000.0,1540000000.0,11.89,-70.23
2e-05,6e-06,5e-13,5e-10,2e-10,0.0466,37300000000.0,1540000000.0,11.89,-70.24
2e-05,6e-06,5e-13,5e-10,2.5e-10,0.0466,37300000000.0,1540000000.0,11.89,-70.16
2e-05,6e-06,3e-13,4e-10,1e-10,0.0466,40100000000.0,1630000000.0,11.79,-70.95
2e-05,6e-06,3e-13,4e-10,5e-11,0.0466,40100000000.0,1630000000.0,11.8,-71.45
2e-05,6e-06,3e-13,4e-10,1.5e-10,0.0466,40100000000.0,1630000000.0,11.79,-70.93
2e-05,6e-06,3e-13,4e-10,2.5e-10,0.0466,40100000000.0,1630000000.0,11.79,-70.98
2e-05,6e-06,3e-13,3e-10,1e-10,0.0466,44400000000.0,1780000000.0,11.6,-72.0
2e-05,6e-06,3e-13,3e-10,5e-11,0.0466,44400000000.0,1780000000.0,11.6,-71.79
2e-05,6e-06,3e-13,3e-10,1.5e-10,0.0466,44400000000.0,1790000000.0,11.6,-71.91
2e-05,6e-06,3e-13,3e-10,2e-10,0.0466,44400000000.0,1780000000.0,11.6,-71.99
2e-05,6e-06,3e-13,3.5e-10,5e-11,0.0466,42000000000.0,1700000000.0,11.72,-71.17
2e-05,6e-06,3e-13,3.5e-10,1.5e-10,0.0466,42000000000.0,1700000000.0,11.72,-71.79
2e-05,6e-06,3e-13,4.5e-10,1e-10,0.0466,38600000000.0,1580000000.0,11.85,-70.64
2e-05,6e-06,3e-13,4.5e-10,5e-11,0.0466,38600000000.0,1580000000.0,11.85,-70.57
2e-05,6e-06,3e-13,5e-10,1e-10,0.0466,37300000000.0,1540000000.0,11.89,-70.17
2e-05,6e-06,3e-13,5e-10,5e-11,0.0466,37300000000.0,1530000000.0,11.89,-70.62
2e-05,6e-06,3e-13,5e-10,1.5e-10,0.0466,37300000000.0,1540000000.0,11.89,-70.19
2e-05,6e-06,4e-13,4e-10,1e-10,0.0466,40100000000.0,1620000000.0,11.8,-70.94
2e-05,6e-06,4e-13,4e-10,5e-11,0.0466,40100000000.0,1630000000.0,11.8,-70.94
2e-05,6e-06,4e-13,4e-10,1.5e-10,0.0466,40100000000.0,1630000000.0,11.8,-70.95
2e-05,6e-06,4e-13,4e-10,2e-10,0.0466,40100000000.0,1630000000.0,11.79,-70.86
2e-05,6e-06,4e-13,4e-10,2.5e-10,0.0466,40100000000.0,1620000000.0,11.8,-70.95
2e-05,6e-06,4e-13,3e-10,1e-10,0.0466,44400000000.0,1780000000.0,11.6,-72.02
2e-05,6e-06,4e-13,3e-10,5e-11,0.0466,44400000000.0,1780000000.0,11.6,-71.96
2e-05,6e-06,4e-13,3e-10,1.5e-10,0.0466,44400000000.0,1780000000.0,11.6,-71.94
2e-05,6e-06,4e-13,3e-10,2e-10,0.0466,44400000000.0,1780000000.0,11.6,-71.89
2e-05,6e-06,4e-13,3.5e-10,1.5e-10,0.0466,42000000000.0,1700000000.0,11.72,-71.8
2e-05,6e-06,4e-13,3.5e-10,2e-10,0.0466,42000000000.0,1700000000.0,11.71,-71.21
2e-05,6e-06,4e-13,4.5e-10,5e-11,0.0466,38600000000.0,1580000000.0,11.85,-70.43
2e-05,6e-06,4e-13,4.5e-10,2.5e-10,0.0466,38600000000.0,1580000000.0,11.85,-70.71
2e-05,6e-06,4e-13,5e-10,1e-10,0.0466,37300000000.0,1530000000.0,11.9,-70.22
2e-05,6e-06,4e-13,5e-10,5e-11,0.0466,37300000000.0,1530000000.0,11.9,-70.24
2e-05,6e-06,4e-13,5e-10,2e-10,0.0466,37300000000.0,1530000000.0,11.9,-70.26
2e-05,6e-06,4e-13,5e-10,2.5e-10,0.0466,37300000000.0,1530000000.0,11.9,-70.14
2e-05,6e-06,6e-13,4e-10,1e-10,0.0466,40100000000.0,1630000000.0,11.8,-70.83
2e-05,6e-06,6e-13,4e-10,5e-11,0.0466,40100000000.0,1630000000.0,11.8,-70.86
2e-05,6e-06,6e-13,4e-10,1.5e-10,0.0466,40100000000.0,1630000000.0,11.79,-70.74
2e-05,6e-06,6e-13,4e-10,2.5e-10,0.0466,40100000000.0,1630000000.0,11.8,-70.84
2e-05,6e-06,6e-13,3e-10,1e-10,0.0466,44400000000.0,1780000000.0,11.6,-71.92
2e-05,6e-06,6e-13,3e-10,2e-10,0.0466,44400000000.0,1790000000.0,11.6,-71.97
2e-05,6e-06,6e-13,3e-10,2.5e-10,0.0466,44400000000.0,1780000000.0,11.6,-72.58
2e-05,6e-06,6e-13,3.5e-10,1e-10,0.0466,42000000000.0,1700000000.0,11.72,-71.21
2e-05,6e-06,6e-13,3.5e-10,5e-11,0.0466,42000000000.0,1690000000.0,11.72,-71.44
2e-05,6e-06,6e-13,3.5e-10,1.5e-10,0.0466,42000000000.0,1690000000.0,11.72,-71.36
2e-05,6e-06,6e-13,3.5e-10,2e-10,0.0466,42000000000.0,1690000000.0,11.72,-71.4
2e-05,6e-06,6e-13,4.5e-10,5e-11,0.0466,38600000000.0,1570000000.0,11.85,-70.57
2e-05,6e-06,6e-13,4.5e-10,2.5e-10,0.0466,38600000000.0,1580000000.0,11.85,-70.46
2e-05,6e-06,6e-13,5e-10,1e-10,0.0466,37300000000.0,1540000000.0,11.89,-70.08
2e-05,6e-06,6e-13,5e-10,2e-10,0.0466,37300000000.0,1540000000.0,11.89,-70.85
2e-05,6e-06,6e-13,5e-10,2.5e-10,0.0466,37300000000.0,1540000000.0,11.9,-70.12
2e-05,6e-06,7e-13,4e-10,1e-10,0.0466,40100000000.0,1630000000.0,11.79,-71.03
2e-05,6e-06,7e-13,4e-10,5e-11,0.0466,40100000000.0,1630000000.0,11.8,-70.85
2e-05,6e-06,7e-13,4e-10,2e-10,0.0466,40100000000.0,1630000000.0,11.8,-70.93
2e-05,6e-06,7e-13,4e-10,2.5e-10,0.0466,40100000000.0,1630000000.0,11.79,-70.91
2e-05,6e-06,7e-13,3e-10,1e-10,0.0466,44400000000.0,1790000000.0,11.6,-72.05
2e-05,6e-06,7e-13,3e-10,1.5e-10,0.0466,44400000000.0,1790000000.0,11.6,-71.98
2e-05,6e-06,7e-13,3e-10,2e-10,0.0466,44400000000.0,1780000000.0,11.6,-71.8
2e-05,6e-06,7e-13,3.5e-10,1e-10,0.0466,42000000000.0,1690000000.0,11.72,-71.42
2e-05,6e-06,7e-13,3.5e-10,2e-10,0.0466,42000000000.0,1690000000.0,11.72,-71.48
2e-05,6e-06,7e-13,4.5e-10,1.5e-10,0.0466,38600000000.0,1580000000.0,11.85,-70.59
2e-05,6e-06,7e-13,4.5e-10,2e-10,0.0466,38600000000.0,1580000000.0,11.85,-70.47
2e-05,6e-06,7e-13,4.5e-10,2.5e-10,0.0466,38600000000.0,1580000000.0,11.85,-70.55
2e-05,6e-06,7e-13,5e-10,1.5e-10,0.0466,37300000000.0,1540000000.0,11.89,-70.15
2e-05,7e-06,5e-13,4e-10,1e-10,0.0466,39700000000.0,1800000000.0,11.77,-70.99
2e-05,7e-06,5e-13,4e-10,5e-11,0.0466,39700000000.0,1810000000.0,11.77,-71.03
2e-05,7e-06,5e-13,4e-10,1.5e-10,0.0466,39700000000.0,1800000000.0,11.78,-70.87
2e-05,7e-06,5e-13,4e-10,2e-10,0.0466,39700000000.0,1800000000.0,11.78,-70.91
2e-05,7e-06,5e-13,4e-10,2.5e-10,0.0466,39700000000.0,1800000000.0,11.77,-71.0
2e-05,7e-06,5e-13,3e-10,1e-10,0.0466,44000000000.0,1960000000.0,11.58,-71.71
2e-05,7e-06,5e-13,3e-10,5e-11,0.0466,44000000000.0,1970000000.0,11.58,-72.05
2e-05,7e-06,5e-13,3e-10,1.5e-10,0.0466,44000000000.0,1970000000.0,11.58,-72.13
2e-05,7e-06,5e-13,3e-10,2e-10,0.0466,44000000000.0,1980000000.0,11.58,-71.99
2e-05,7e-06,5e-13,3e-10,2.5e-10,0.0466,44000000000.0,1960000000.0,11.58,-72.06
2e-05,7e-06,5e-13,3.5e-10,1e-10,0.0466,41600000000.0,1880000000.0,11.7,-71.46
2e-05,7e-06,5e-13,3.5e-10,5e-11,0.0466,41600000000.0,1870000000.0,11.7,-71.37
2e-05,7e-06,5e-13,3.5e-10,1.5e-10,0.0466,41600000000.0,1870000000.0,11.7,-71.45
2e-05,7e-06,5e-13,3.5e-10,2e-10,0.0466,41600000000.0,1870000000.0,11.7,-71.47
2e-05,7e-06,5e-13,3.5e-10,2.5e-10,0.0466,41600000000.0,1870000000.0,11.7,-71.43
2e-05,7e-06,5e-13,4.5e-10,1e-10,0.0466,38200000000.0,1750000000.0,11.83,-70.54
2e-05,7e-06,5e-13,4.5e-10,1.5e-10,0.0466,38200000000.0,1740000000.0,11.83,-70.53
2e-05,7e-06,5e-13,4.5e-10,2.5e-10,0.0466,38200000000.0,1750000000.0,11.83,-70.53
2e-05,7e-06,5e-13,5e-10,1e-10,0.0466,36900000000.0,1700000000.0,11.87,-70.29
2e-05,7e-06,5e-13,5e-10,5e-11,0.0466,36900000000.0,1700000000.0,11.87,-71.49
2e-05,7e-06,5e-13,5e-10,1.5e-10,0.0466,36900000000.0,1690000000.0,11.87,-70.29
2e-05,7e-06,5e-13,5e-10,2e-10,0.0466,36900000000.0,1710000000.0,11.87,-70.24
2e-05,7e-06,5e-13,5e-10,2.5e-10,0.0466,36900000000.0,1700000000.0,11.88,-70.34
2e-05,7e-06,3e-13,4e-10,1e-10,0.0466,39700000000.0,1800000000.0,11.78,-71.0
2e-05,7e-06,3e-13,4e-10,5e-11,0.0466,39700000000.0,1800000000.0,11.78,-70.95
2e-05,7e-06,3e-13,4e-10,1.5e-10,0.0466,39700000000.0,1810000000.0,11.77,-71.08
2e-05,7e-06,3e-13,4e-10,2e-10,0.0466,39700000000.0,1800000000.0,11.77,-71.02
2e-05,7e-06,3e-13,4e-10,2.5e-10,0.0466,39700000000.0,1800000000.0,11.78,-70.93
2e-05,7e-06,3e-13,3e-10,1e-10,0.0466,44000000000.0,1970000000.0,11.58,-71.81
2e-05,7e-06,3e-13,3e-10,5e-11,0.0466,44000000000.0,1970000000.0,11.58,-72.01
2e-05,7e-06,3e-13,3e-10,1.5e-10,0.0466,44000000000.0,1980000000.0,11.58,-72.02
2e-05,7e-06,3e-13,3e-10,2e-10,0.0466,44000000000.0,1970000000.0,11.58,-72.02
2e-05,7e-06,3e-13,3e-10,2.5e-10,0.0466,44000000000.0,1980000000.0,11.58,-71.67
2e-05,7e-06,3e-13,3.5e-10,5e-11,0.0466,41600000000.0,1870000000.0,11.7,-71.41
2e-05,7e-06,3e-13,3.5e-10,2e-10,0.0466,41600000000.0,1880000000.0,11.69,-71.51
2e-05,7e-06,3e-13,3.5e-10,2.5e-10,0.0466,41600000000.0,1870000000.0,11.7,-71.42
2e-05,7e-06,3e-13,4.5e-10,1e-10,0.0466,38200000000.0,1740000000.0,11.83,-70.6
2e-05,7e-06,3e-13,4.5e-10,2e-10,0.0466,38200000000.0,1750000000.0,11.83,-70.39
2e-05,7e-06,3e-13,5e-10,1e-10,0.0466,36900000000.0,1700000000.0,11.87,-70.23
2e-05,7e-06,3e-13,5e-10,5e-11,0.0466,36900000000.0,1700000000.0,11.87,-70.2
2e-05,7e-06,3e-13,5e-10,1.5e-10,0.0466,36900000000.0,1710000000.0,11.87,-70.2
2e-05,7e-06,3e-13,5e-10,2e-10,0.0466,36900000000.0,1710000000.0,11.87,-70.23
2e-05,7e-06,3e-13,5e-10,2.5e-10,0.0466,36900000000.0,1710000000.0,11.87,-70.27
2e-05,7e-06,4e-13,4e-10,1e-10,0.0466,39700000000.0,1800000000.0,11.78,-70.92
2e-05,7e-06,4e-13,4e-10,5e-11,0.0466,39700000000.0,1800000000.0,11.78,-70.9
2e-05,7e-06,4e-13,4e-10,2e-10,0.0466,39700000000.0,1810000000.0,11.77,-70.98
2e-05,7e-06,4e-13,4e-10,2.5e-10,0.0466,39700000000.0,1800000000.0,11.78,-70.88
2e-05,7e-06,4e-13,3e-10,1e-10,0.0466,44000000000.0,1960000000.0,11.58,-72.05
2e-05,7e-06,4e-13,3e-10,5e-11,0.0466,44000000000.0,1970000000.0,11.58,-72.0
2e-05,7e-06,4e-13,3e-10,1.5e-10,0.0466,44000000000.0,1970000000.0,11.58,-72.03
2e-05,7e-06,4e-13,3e-10,2e-10,0.0466,44000000000.0,1970000000.0,11.58,-71.89
2e-05,7e-06,4e-13,3e-10,2.5e-10,0.0466,44000000000.0,1960000000.0,11.58,-71.81
2e-05,7e-06,4e-13,3.5e-10,1e-10,0.0466,41600000000.0,1870000000.0,11.7,-71.46
2e-05,7e-06,4e-13,3.5e-10,5e-11,0.0466,41600000000.0,1870000000.0,11.7,-71.36
2e-05,7e-06,4e-13,3.5e-10,1.5e-10,0.0466,41600000000.0,1870000000.0,11.7,-71.32
2e-05,7e-06,4e-13,3.5e-10,2e-10,0.0466,41600000000.0,1870000000.0,11.7,-71.97
2e-05,7e-06,4e-13,4.5e-10,1e-10,0.0466,38200000000.0,1750000000.0,11.83,-70.6
2e-05,7e-06,4e-13,4.5e-10,5e-11,0.0466,38200000000.0,1750000000.0,11.83,-70.55
2e-05,7e-06,4e-13,4.5e-10,1.5e-10,0.0466,38200000000.0,1740000000.0,11.83,-70.67
2e-05,7e-06,4e-13,4.5e-10,2e-10,0.0466,38200000000.0,1740000000.0,11.83,-70.56
2e-05,7e-06,4e-13,4.5e-10,2.5e-10,0.0466,38200000000.0,1740000000.0,11.83,-70.63
2e-05,7e-06,4e-13,5e-10,5e-11,0.0466,36900000000.0,1700000000.0,11.87,-70.25
2e-05,7e-06,4e-13,5e-10,1.5e-10,0.0466,36900000000.0,1690000000.0,11.87,-70.32
2e-05,7e-06,6e-13,4e-10,1e-10,0.0466,39700000000.0,1790000000.0,11.78,-71.67
2e-05,7e-06,6e-13,4e-10,1.5e-10,0.0466,39700000000.0,1800000000.0,11.77,-70.92
2e-05,7e-06,6e-13,4e-10,2e-10,0.0466,39700000000.0,1810000000.0,11.77,-70.78
2e-05,7e-06,6e-13,3e-10,1e-10,0.0466,44000000000.0,1960000000.0,11.58,-72.16
2e-05,7e-06,6e-13,3e-10,1.5e-10,0.0466,44000000000.0,1970000000.0,11.58,-72.04
2e-05,7e-06,6e-13,3e-10,2e-10,0.0466,44000000000.0,1970000000.0,11.58,-71.96
2e-05,7e-06,6e-13,3.5e-10,5e-11,0.0466,41600000000.0,1880000000.0,11.7,-72.2
2e-05,7e-06,6e-13,3.5e-10,1.5e-10,0.0466,41600000000.0,1870000000.0,11.7,-71.55
2e-05,7e-06,6e-13,4.5e-10,5e-11,0.0466,38200000000.0,1750000000.0,11.83,-70.65
2e-05,7e-06,6e-13,4.5e-10,2e-10,0.0466,38200000000.0,1750000000.0,11.83,-70.57
2e-05,7e-06,6e-13,5e-10,1e-10,0.0466,36900000000.0,1690000000.0,11.87,-70.33
2e-05,7e-06,6e-13,5e-10,2e-10,0.0466,36900000000.0,1710000000.0,11.87,-70.12
2e-05,7e-06,6e-13,5e-10,2.5e-10,0.0466,36900000000.0,1700000000.0,11.87,-70.28
2e-05,7e-06,7e-13,4e-10,1e-10,0.0466,39700000000.0,1800000000.0,11.77,-70.97
2e-05,7e-06,7e-13,4e-10,1.5e-10,0.0466,39700000000.0,1810000000.0,11.77,-71.0
2e-05,7e-06,7e-13,3e-10,1e-10,0.0466,44000000000.0,1960000000.0,11.58,-72.15
2e-05,7e-06,7e-13,3e-10,5e-11,0.0466,44000000000.0,1960000000.0,11.58,-72.02
2e-05,7e-06,7e-13,3e-10,2e-10,0.0466,44000000000.0,1960000000.0,11.58,-72.07
2e-05,7e-06,7e-13,3e-10,2.5e-10,0.0466,44000000000.0,1960000000.0,11.58,-71.94
2e-05,7e-06,7e-13,3.5e-10,1e-10,0.0466,41600000000.0,1870000000.0,11.7,-71.09
2e-05,7e-06,7e-13,3.5e-10,1.5e-10,0.0466,41600000000.0,1880000000.0,11.7,-71.36
2e-05,7e-06,7e-13,3.5e-10,2e-10,0.0466,41600000000.0,1880000000.0,11.7,-71.27
2e-05,7e-06,7e-13,3.5e-10,2.5e-10,0.0466,41600000000.0,1880000000.0,11.7,-71.23
2e-05,7e-06,7e-13,4.5e-10,2e-10,0.0466,38200000000.0,1740000000.0,11.83,-70.62
2e-05,7e-06,7e-13,5e-10,2e-10,0.0466,36900000000.0,1710000000.0,11.87,-70.25
2e-05,8e-06,5e-13,4e-10,1e-10,0.0466,39300000000.0,1950000000.0,11.75,-71.02
2e-05,8e-06,5e-13,4e-10,5e-11,0.0466,39300000000.0,1940000000.0,11.75,-72.51
2e-05,8e-06,5e-13,4e-10,1.5e-10,0.0466,39300000000.0,1950000000.0,11.75,-71.91
2e-05,8e-06,5e-13,4e-10,2e-10,0.0466,39300000000.0,1950000000.0,11.75,-70.98
2e-05,8e-06,5e-13,4e-10,2.5e-10,0.0466,39300000000.0,1950000000.0,11.75,-71.05
2e-05,8e-06,5e-13,3e-10,1e-10,0.0466,43600000000.0,2120000000.0,11.56,-72.04
2e-05,8e-06,5e-13,3e-10,5e-11,0.0466,43600000000.0,2130000000.0,11.56,-72.0
2e-05,8e-06,5e-13,3e-10,1.5e-10,0.0466,43600000000.0,2120000000.0,11.56,-71.96
2e-05,8e-06,5e-13,3e-10,2e-10,0.0466,43600000000.0,2130000000.0,11.55,-72.11
2e-05,8e-06,5e-13,3e-10,2.5e-10,0.0466,43600000000.0,2130000000.0,11.56,-71.96
2e-05,8e-06,5e-13,3.5e-10,1e-10,0.0466,41200000000.0,2020000000.0,11.68,-71.39
2e-05,8e-06,5e-13,3.5e-10,5e-11,0.0466,41200000000.0,2020000000.0,11.68,-71.41
2e-05,8e-06,5e-13,3.5e-10,1.5e-10,0.0466,41200000000.0,2020000000.0,11.67,-71.46
2e-05,8e-06,5e-13,3.5e-10,2e-10,0.0466,41200000000.0,2030000000.0,11.67,-71.44
2e-05,8e-06,5e-13,3.5e-10,2.5e-10,0.0466,41200000000.0,2030000000.0,11.67,-71.55
2e-05,8e-06,5e-13,4.5e-10,1e-10,0.0466,37800000000.0,1880000000.0,11.81,-71.21
2e-05,8e-06,5e-13,4.5e-10,5e-11,0.0466,37800000000.0,1880000000.0,11.81,-70.55
2e-05,8e-06,5e-13,4.5e-10,1.5e-10,0.0466,37800000000.0,1880000000.0,11.81,-70.83
2e-05,8e-06,5e-13,4.5e-10,2e-10,0.0466,37800000000.0,1880000000.0,11.81,-70.67
2e-05,8e-06,5e-13,4.5e-10,2.5e-10,0.0466,37800000000.0,1880000000.0,11.81,-70.63
2e-05,8e-06,5e-13,5e-10,1e-10,0.0466,36600000000.0,1840000000.0,11.85,-70.43
2e-05,8e-06,5e-13,5e-10,5e-11,0.0466,36600000000.0,1840000000.0,11.85,-70.35
2e-05,8e-06,5e-13,5e-10,1.5e-10,0.0466,36600000000.0,1830000000.0,11.85,-70.31
2e-05,8e-06,5e-13,5e-10,2.5e-10,0.0466,36600000000.0,1840000000.0,11.85,-70.34
2e-05,8e-06,3e-13,4e-10,1e-10,0.0466,39400000000.0,1950000000.0,11.75,-70.95
2e-05,8e-06,3e-13,4e-10,5e-11,0.0466,39400000000.0,1940000000.0,11.75,-71.13
2e-05,8e-06,3e-13,4e-10,1.5e-10,0.0466,39400000000.0,1950000000.0,11.75,-70.8
2e-05,8e-06,3e-13,4e-10,2e-10,0.0466,39400000000.0,1940000000.0,11.75,-71.0
2e-05,8e-06,3e-13,4e-10,2.5e-10,0.0466,39400000000.0,1940000000.0,11.76,-70.95
2e-05,8e-06,3e-13,3e-10,1e-10,0.0466,43600000000.0,2130000000.0,11.56,-72.05
2e-05,8e-06,3e-13,3e-10,5e-11,0.0466,43600000000.0,2120000000.0,11.56,-71.84
2e-05,8e-06,3e-13,3e-10,1.5e-10,0.0466,43600000000.0,2120000000.0,11.56,-71.98
2e-05,8e-06,3e-13,3e-10,2e-10,0.0466,43600000000.0,2120000000.0,11.56,-72.12
2e-05,8e-06,3e-13,3e-10,2.5e-10,0.0466,43600000000.0,2120000000.0,11.56,-72.17
2e-05,8e-06,3e-13,3.5e-10,1e-10,0.0466,41200000000.0,2020000000.0,11.68,-71.43
2e-05,8e-06,3e-13,3.5e-10,5e-11,0.0466,41200000000.0,2020000000.0,11.68,-71.4
2e-05,8e-06,3e-13,3.5e-10,1.5e-10,0.0466,41200000000.0,2020000000.0,11.67,-71.48
2e-05,8e-06,3e-13,3.5e-10,2e-10,0.0466,41200000000.0,2030000000.0,11.67,-71.43
2e-05,8e-06,3e-13,3.5e-10,2.5e-10,0.0466,41200000000.0,2020000000.0,11.68,-71.31
2e-05,8e-06,3e-13,4.5e-10,1e-10,0.0466,37800000000.0,1880000000.0,11.81,-70.68
2e-05,8e-06,3e-13,4.5e-10,1.5e-10,0.0466,37800000000.0,1880000000.0,11.81,-70.7
2e-05,8e-06,3e-13,4.5e-10,2e-10,0.0466,37800000000.0,1890000000.0,11.8,-70.6
2e-05,8e-06,3e-13,4.5e-10,2.5e-10,0.0466,37800000000.0,1890000000.0,11.8,-70.7
2e-05,8e-06,3e-13,5e-10,1.5e-10,0.0466,36600000000.0,1850000000.0,11.85,-70.31
2e-05,8e-06,3e-13,5e-10,2e-10,0.0466,36600000000.0,1840000000.0,11.85,-70.39
2e-05,8e-06,3e-13,5e-10,2.5e-10,0.0466,36600000000.0,1830000000.0,11.85,-70.27
2e-05,8e-06,4e-13,4e-10,1e-10,0.0466,39400000000.0,1940000000.0,11.76,-70.88
2e-05,8e-06,4e-13,4e-10,5e-11,0.0466,39400000000.0,1950000000.0,11.75,-71.15
2e-05,8e-06,4e-13,4e-10,1.5e-10,0.0466,39400000000.0,1940000000.0,11.75,-71.03
2e-05,8e-06,4e-13,4e-10,2e-10,0.0466,39300000000.0,1940000000.0,11.75,-71.05
2e-05,8e-06,4e-13,3e-10,1e-10,0.0466,43600000000.0,2120000000.0,11.56,-72.2
2e-05,8e-06,4e-13,3e-10,5e-11,0.0466,43600000000.0,2120000000.0,11.56,-72.05
2e-05,8e-06,4e-13,3e-10,1.5e-10,0.0466,43600000000.0,2120000000.0,11.56,-72.0
2e-05,8e-06,4e-13,3e-10,2e-10,0.0466,43600000000.0,2130000000.0,11.56,-72.08
2e-05,8e-06,4e-13,3.5e-10,5e-11,0.0466,41200000000.0,2010000000.0,11.68,-71.52
2e-05,8e-06,4e-13,3.5e-10,2e-10,0.0466,41200000000.0,2020000000.0,11.68,-71.42
2e-05,8e-06,4e-13,3.5e-10,2.5e-10,0.0466,41200000000.0,2030000000.0,11.67,-71.48
2e-05,8e-06,4e-13,4.5e-10,1e-10,0.0466,37800000000.0,1890000000.0,11.81,-70.62
2e-05,8e-06,4e-13,4.5e-10,5e-11,0.0466,37800000000.0,1890000000.0,11.81,-70.64
2e-05,8e-06,4e-13,4.5e-10,1.5e-10,0.0466,37800000000.0,1880000000.0,11.81,-70.89
2e-05,8e-06,4e-13,4.5e-10,2.5e-10,0.0466,37800000000.0,1890000000.0,11.81,-70.65
2e-05,8e-06,4e-13,5e-10,1e-10,0.0466,36600000000.0,1840000000.0,11.85,-70.32
2e-05,8e-06,4e-13,5e-10,5e-11,0.0466,36600000000.0,1830000000.0,11.85,-70.37
2e-05,8e-06,4e-13,5e-10,1.5e-10,0.0466,36600000000.0,1840000000.0,11.85,-70.3
2e-05,8e-06,6e-13,4e-10,1e-10,0.0466,39300000000.0,1950000000.0,11.75,-71.06
2e-05,8e-06,6e-13,4e-10,5e-11,0.0466,39300000000.0,1940000000.0,11.75,-71.03
2e-05,8e-06,6e-13,4e-10,2e-10,0.0466,39300000000.0,1940000000.0,11.75,-71.11
2e-05,8e-06,6e-13,4e-10,2.5e-10,0.0466,39300000000.0,1940000000.0,11.75,-70.97
2e-05,8e-06,6e-13,3e-10,5e-11,0.0466,43600000000.0,2130000000.0,11.56,-72.01
2e-05,8e-06,6e-13,3e-10,1.5e-10,0.0466,43600000000.0,2120000000.0,11.56,-72.03
2e-05,8e-06,6e-13,3e-10,2e-10,0.0466,43600000000.0,2120000000.0,11.56,-73.21
2e-05,8e-06,6e-13,3.5e-10,1.5e-10,0.0466,41200000000.0,2020000000.0,11.68,-71.15
2e-05,8e-06,6e-13,3.5e-10,2e-10,0.0466,41200000000.0,2010000000.0,11.68,-71.43
2e-05,8e-06,6e-13,4.5e-10,1e-10,0.0466,37800000000.0,1890000000.0,11.81,-70.67
2e-05,8e-06,6e-13,4.5e-10,5e-11,0.0466,37800000000.0,1890000000.0,11.81,-70.63
2e-05,8e-06,6e-13,4.5e-10,2e-10,0.0466,37800000000.0,1890000000.0,11.81,-70.76
2e-05,8e-06,6e-13,4.5e-10,2.5e-10,0.0466,37800000000.0,1880000000.0,11.81,-70.74
2e-05,8e-06,6e-13,5e-10,1e-10,0.0466,36600000000.0,1830000000.0,11.85,-70.34
2e-05,8e-06,7e-13,4e-10,1e-10,0.0466,39300000000.0,1940000000.0,11.75,-71.01
2e-05,8e-06,7e-13,4e-10,1.5e-10,0.0466,39300000000.0,1950000000.0,11.75,-70.97
2e-05,8e-06,7e-13,4e-10,2e-10,0.0466,39300000000.0,1940000000.0,11.76,-70.93
2e-05,8e-06,7e-13,4e-10,2.5e-10,0.0466,39300000000.0,1940000000.0,11.76,-71.04
2e-05,8e-06,7e-13,3e-10,1e-10,0.0466,43600000000.0,2120000000.0,11.56,-71.95
2e-05,8e-06,7e-13,3e-10,1.5e-10,0.0466,43600000000.0,2140000000.0,11.56,-71.68
2e-05,8e-06,7e-13,3e-10,2e-10,0.0466,43600000000.0,2120000000.0,11.56,-72.02
2e-05,8e-06,7e-13,3e-10,2.5e-10,0.0466,43600000000.0,2130000000.0,11.56,-72.04
2e-05,8e-06,7e-13,3.5e-10,1e-10,0.0466,41200000000.0,2020000000.0,11.68,-71.5
2e-05,8e-06,7e-13,3.5e-10,5e-11,0.0466,41200000000.0,2020000000.0,11.68,-71.47
2e-05,8e-06,7e-13,3.5e-10,1.5e-10,0.0466,41200000000.0,2020000000.0,11.68,-71.49
2e-05,8e-06,7e-13,3.5e-10,2e-10,0.0466,41200000000.0,2030000000.0,11.67,-71.4
2e-05,8e-06,7e-13,3.5e-10,2.5e-10,0.0466,41200000000.0,2010000000.0,11.68,-71.41
2e-05,8e-06,7e-13,4.5e-10,1e-10,0.0466,37800000000.0,1880000000.0,11.81,-70.71
2e-05,8e-06,7e-13,4.5e-10,1.5e-10,0.0466,37800000000.0,1890000000.0,11.81,-70.5
2e-05,8e-06,7e-13,4.5e-10,2e-10,0.0466,37800000000.0,1890000000.0,11.81,-70.74
2e-05,8e-06,7e-13,4.5e-10,2.5e-10,0.0466,37800000000.0,1890000000.0,11.81,-70.61
2e-05,8e-06,7e-13,5e-10,1e-10,0.0466,36600000000.0,1840000000.0,11.85,-70.31
2e-05,8e-06,7e-13,5e-10,5e-11,0.0466,36600000000.0,1840000000.0,11.85,-70.44
2e-05,8e-06,7e-13,5e-10,1.5e-10,0.0466,36600000000.0,1840000000.0,11.85,-70.42
2e-05,8e-06,7e-13,5e-10,2e-10,0.0466,36600000000.0,1840000000.0,11.85,-70.18
2e-05,8e-06,7e-13,5e-10,2.5e-10,0.0466,36600000000.0,1830000000.0,11.85,-70.39
2e-05,9e-06,5e-13,4e-10,1e-10,0.0466,39000000000.0,2070000000.0,11.73,-71.03
2e-05,9e-06,5e-13,4e-10,5e-11,0.0466,39000000000.0,2070000000.0,11.72,-71.13
2e-05,9e-06,5e-13,4e-10,1.5e-10,0.0466,39000000000.0,2070000000.0,11.73,-71.01
2e-05,9e-06,5e-13,4e-10,2e-10,0.0466,39000000000.0,2060000000.0,11.73,-71.01
2e-05,9e-06,5e-13,4e-10,2.5e-10,0.0466,39000000000.0,2070000000.0,11.72,-71.04
2e-05,9e-06,5e-13,3e-10,1e-10,0.0466,43200000000.0,2250000000.0,11.53,-72.16
2e-05,9e-06,5e-13,3e-10,5e-11,0.0466,43200000000.0,2250000000.0,11.53,-72.3
2e-05,9e-06,5e-13,3e-10,1.5e-10,0.0466,43200000000.0,2270000000.0,11.53,-72.18
2e-05,9e-06,5e-13,3e-10,2e-10,0.0466,43200000000.0,2250000000.0,11.53,-71.87
2e-05,9e-06,5e-13,3.5e-10,1e-10,0.0466,40800000000.0,2150000000.0,11.65,-71.52
2e-05,9e-06,5e-13,3.5e-10,5e-11,0.0466,40800000000.0,2150000000.0,11.65,-71.65
2e-05,9e-06,5e-13,3.5e-10,1.5e-10,0.0466,40800000000.0,2140000000.0,11.65,-71.51
2e-05,9e-06,5e-13,3.5e-10,2e-10,0.0466,40800000000.0,2150000000.0,11.64,-71.59
2e-05,9e-06,5e-13,3.5e-10,2.5e-10,0.0466,40800000000.0,2150000000.0,11.64,-71.43
2e-05,9e-06,5e-13,4.5e-10,1e-10,0.0466,37500000000.0,2000000000.0,11.79,-70.68
2e-05,9e-06,5e-13,4.5e-10,5e-11,0.0466,37500000000.0,2000000000.0,11.78,-70.62
2e-05,9e-06,5e-13,4.5e-10,1.5e-10,0.0466,37500000000.0,2010000000.0,11.78,-70.65
2e-05,9e-06,5e-13,4.5e-10,2e-10,0.0466,37500000000.0,2010000000.0,11.78,-70.68
2e-05,9e-06,5e-13,4.5e-10,2.5e-10,0.0466,37500000000.0,2010000000.0,11.78,-70.62
2e-05,9e-06,5e-13,5e-10,1e-10,0.0466,36200000000.0,1960000000.0,11.82,-70.28
2e-05,9e-06,5e-13,5e-10,5e-11,0.0466,36200000000.0,1960000000.0,11.82,-70.35
2e-05,9e-06,5e-13,5e-10,1.5e-10,0.0466,36200000000.0,1940000000.0,11.82,-70.4
2e-05,9e-06,5e-13,5e-10,2e-10,0.0466,36200000000.0,1940000000.0,11.82,-70.41
2e-05,9e-06,5e-13,5e-10,2.5e-10,0.0466,36200000000.0,1940000000.0,11.83,-70.39
2e-05,9e-06,3e-13,4e-10,1e-10,0.0466,39000000000.0,2060000000.0,11.73,-71.0
2e-05,9e-06,3e-13,4e-10,5e-11,0.0466,39000000000.0,2060000000.0,11.73,-71.2
2e-05,9e-06,3e-13,4e-10,1.5e-10,0.0466,39000000000.0,2070000000.0,11.72,-71.09
2e-05,9e-06,3e-13,4e-10,2e-10,0.0466,39000000000.0,2060000000.0,11.73,-71.02
2e-05,9e-06,3e-13,4e-10,2.5e-10,0.0466,39000000000.0,2070000000.0,11.72,-71.03
2e-05,9e-06,3e-13,3e-10,1e-10,0.0466,43200000000.0,2250000000.0,11.53,-72.15
2e-05,9e-06,3e-13,3e-10,5e-11,0.0466,43200000000.0,2270000000.0,11.53,-71.67
2e-05,9e-06,3e-13,3e-10,1.5e-10,0.0466,43200000000.0,2260000000.0,11.53,-72.07
2e-05,9e-06,3e-13,3e-10,2.5e-10,0.0466,43200000000.0,2250000000.0,11.53,-72.08
2e-05,9e-06,3e-13,3.5e-10,1e-10,0.0466,40800000000.0,2150000000.0,11.65,-71.47
2e-05,9e-06,3e-13,3.5e-10,5e-11,0.0466,40800000000.0,2140000000.0,11.65,-71.46
2e-05,9e-06,3e-13,3.5e-10,1.5e-10,0.0466,40800000000.0,2150000000.0,11.65,-71.24
2e-05,9e-06,3e-13,3.5e-10,2e-10,0.0466,40800000000.0,2150000000.0,11.65,-71.51
2e-05,9e-06,3e-13,3.5e-10,2.5e-10,0.0466,40800000000.0,2150000000.0,11.64,-71.58
2e-05,9e-06,3e-13,4.5e-10,1e-10,0.0466,37500000000.0,2000000000.0,11.79,-70.66
2e-05,9e-06,3e-13,4.5e-10,5e-11,0.0466,37500000000.0,1990000000.0,11.78,-70.63
2e-05,9e-06,3e-13,4.5e-10,1.5e-10,0.0466,37500000000.0,1990000000.0,11.78,-70.69
2e-05,9e-06,3e-13,4.5e-10,2e-10,0.0466,37500000000.0,2000000000.0,11.79,-70.59
2e-05,9e-06,3e-13,4.5e-10,2.5e-10,0.0466,37500000000.0,1990000000.0,11.78,-70.7
2e-05,9e-06,3e-13,5e-10,1e-10,0.0466,36200000000.0,1950000000.0,11.82,-70.43
2e-05,9e-06,3e-13,5e-10,5e-11,0.0466,36200000000.0,1960000000.0,11.82,-70.36
2e-05,9e-06,3e-13,5e-10,1.5e-10,0.0466,36200000000.0,1960000000.0,11.82,-70.33
2e-05,9e-06,3e-13,5e-10,2e-10,0.0466,36200000000.0,1960000000.0,11.82,-70.38
2e-05,9e-06,3e-13,5e-10,2.5e-10,0.0466,36200000000.0,1960000000.0,11.82,-70.49
2e-05,9e-06,4e-13,4e-10,1e-10,0.0466,39000000000.0,2060000000.0,11.73,-70.92
2e-05,9e-06,4e-13,4e-10,5e-11,0.0466,39000000000.0,2070000000.0,11.72,-71.06
2e-05,9e-06,4e-13,4e-10,1.5e-10,0.0466,39000000000.0,2060000000.0,11.73,-70.98
2e-05,9e-06,4e-13,4e-10,2e-10,0.0466,39000000000.0,2060000000.0,11.73,-71.07
2e-05,9e-06,4e-13,3e-10,1e-10,0.0466,43200000000.0,2250000000.0,11.53,-72.26
2e-05,9e-06,4e-13,3e-10,5e-11,0.0466,43200000000.0,2260000000.0,11.53,-72.06
2e-05,9e-06,4e-13,3e-10,1.5e-10,0.0466,43200000000.0,2260000000.0,11.53,-72.05
2e-05,9e-06,4e-13,3e-10,2e-10,0.0466,43200000000.0,2260000000.0,11.53,-72.15
2e-05,9e-06,4e-13,3.5e-10,1e-10,0.0466,40800000000.0,2150000000.0,11.65,-71.49
2e-05,9e-06,4e-13,3.5e-10,1.5e-10,0.0466,40800000000.0,2150000000.0,11.65,-71.48
2e-05,9e-06,4e-13,3.5e-10,2e-10,0.0466,40800000000.0,2150000000.0,11.65,-71.54
2e-05,9e-06,4e-13,4.5e-10,1e-10,0.0466,37500000000.0,2010000000.0,11.78,-70.66
2e-05,9e-06,4e-13,4.5e-10,5e-11,0.0466,37500000000.0,2000000000.0,11.78,-70.66
2e-05,9e-06,4e-13,4.5e-10,1.5e-10,0.0466,37500000000.0,2010000000.0,11.78,-70.67
2e-05,9e-06,4e-13,4.5e-10,2e-10,0.0466,37500000000.0,2010000000.0,11.78,-70.71
2e-05,9e-06,4e-13,4.5e-10,2.5e-10,0.0466,37500000000.0,1990000000.0,11.78,-71.41
2e-05,9e-06,4e-13,5e-10,5e-11,0.0466,36200000000.0,1950000000.0,11.83,-70.36
2e-05,9e-06,4e-13,5e-10,1.5e-10,0.0466,36200000000.0,1940000000.0,11.82,-70.43
2e-05,9e-06,6e-13,4e-10,5e-11,0.0466,39000000000.0,2060000000.0,11.73,-71.06
2e-05,9e-06,6e-13,4e-10,1.5e-10,0.0466,39000000000.0,2070000000.0,11.72,-71.15
2e-05,9e-06,6e-13,4e-10,2e-10,0.0466,39000000000.0,2070000000.0,11.72,-70.99
2e-05,9e-06,6e-13,4e-10,2.5e-10,0.0466,39000000000.0,2060000000.0,11.73,-70.97
2e-05,9e-06,6e-13,3e-10,1e-10,0.0466,43200000000.0,2270000000.0,11.53,-72.11
2e-05,9e-06,6e-13,3e-10,5e-11,0.0466,43200000000.0,2270000000.0,11.53,-73.05
2e-05,9e-06,6e-13,3e-10,2.5e-10,0.0466,43200000000.0,2260000000.0,11.53,-70.22
2e-05,9e-06,6e-13,4.5e-10,1e-10,0.0466,37500000000.0,2000000000.0,11.79,-70.67
2e-05,9e-06,6e-13,4.5e-10,2.5e-10,0.0466,37500000000.0,2000000000.0,11.78,-70.71
2e-05,9e-06,6e-13,5e-10,1e-10,0.0466,36200000000.0,1940000000.0,11.83,-70.42
2e-05,9e-06,6e-13,5e-10,5e-11,0.0466,36200000000.0,1940000000.0,11.83,-70.38
2e-05,9e-06,6e-13,5e-10,2e-10,0.0466,36200000000.0,1940000000.0,11.83,-70.21
2e-05,9e-06,6e-13,5e-10,2.5e-10,0.0466,36200000000.0,1940000000.0,11.83,-70.92
2e-05,9e-06,7e-13,4e-10,1e-10,0.0466,39000000000.0,2060000000.0,11.73,-71.03
2e-05,9e-06,7e-13,4e-10,1.5e-10,0.0466,39000000000.0,2070000000.0,11.73,-71.02
2e-05,9e-06,7e-13,4e-10,2.5e-10,0.0466,39000000000.0,2070000000.0,11.72,-71.02
2e-05,9e-06,7e-13,3e-10,1e-10,0.0466,43200000000.0,2250000000.0,11.53,-72.01
2e-05,9e-06,7e-13,3e-10,5e-11,0.0466,43200000000.0,2250000000.0,11.53,-72.09
2e-05,9e-06,7e-13,3e-10,1.5e-10,0.0466,43200000000.0,2250000000.0,11.53,-71.94
2e-05,9e-06,7e-13,3.5e-10,1.5e-10,0.0466,40800000000.0,2140000000.0,11.65,-71.45
2e-05,9e-06,7e-13,3.5e-10,2e-10,0.0466,40800000000.0,2150000000.0,11.65,-71.45
2e-05,9e-06,7e-13,4.5e-10,1e-10,0.0466,37500000000.0,2010000000.0,11.78,-70.73
2e-05,9e-06,7e-13,4.5e-10,5e-11,0.0466,37500000000.0,2000000000.0,11.78,-71.52
2e-05,9e-06,7e-13,4.5e-10,1.5e-10,0.0466,37500000000.0,2000000000.0,11.78,-70.73
2e-05,9e-06,7e-13,4.5e-10,2e-10,0.0466,37500000000.0,1990000000.0,11.79,-70.59
2e-05,9e-06,7e-13,4.5e-10,2.5e-10,0.0466,37500000000.0,2000000000.0,11.79,-70.64
2e-05,9e-06,7e-13,5e-10,1e-10,0.0466,36200000000.0,1960000000.0,11.82,-70.4
2e-05,9e-06,7e-13,5e-10,1.5e-10,0.0466,36200000000.0,1940000000.0,11.83,-70.36
2e-05,9e-06,7e-13,5e-10,2e-10,0.0466,36200000000.0,1940000000.0,11.83,-70.46
2e-05,1e-05,5e-13,4e-10,1e-10,0.0466,38700000000.0,2170000000.0,11.7,-71.04
2e-05,1e-05,5e-13,4e-10,5e-11,0.0466,38700000000.0,2170000000.0,11.69,-71.06
2e-05,1e-05,5e-13,4e-10,1.5e-10,0.0466,38700000000.0,2170000000.0,11.69,-70.84
2e-05,1e-05,5e-13,4e-10,2e-10,0.0466,38700000000.0,2170000000.0,11.7,-70.88
2e-05,1e-05,5e-13,3e-10,1e-10,0.0466,42800000000.0,2360000000.0,11.5,-72.05
2e-05,1e-05,5e-13,3e-10,5e-11,0.0466,42800000000.0,2360000000.0,11.5,-72.07
2e-05,1e-05,5e-13,3e-10,1.5e-10,0.0466,42800000000.0,2360000000.0,11.5,-71.9
2e-05,1e-05,5e-13,3e-10,2e-10,0.0466,42800000000.0,2370000000.0,11.5,-72.16
2e-05,1e-05,5e-13,3e-10,2.5e-10,0.0466,42800000000.0,2370000000.0,11.5,-72.11
2e-05,1e-05,5e-13,3.5e-10,1e-10,0.0466,40500000000.0,2240000000.0,11.62,-71.56
2e-05,1e-05,5e-13,3.5e-10,5e-11,0.0466,40500000000.0,2240000000.0,11.62,-71.49
2e-05,1e-05,5e-13,3.5e-10,1.5e-10,0.0466,40500000000.0,2250000000.0,11.62,-71.45
2e-05,1e-05,5e-13,3.5e-10,2e-10,0.0466,40500000000.0,2240000000.0,11.62,-71.47
2e-05,1e-05,5e-13,3.5e-10,2.5e-10,0.0466,40500000000.0,2250000000.0,11.61,-71.56
2e-05,1e-05,5e-13,4.5e-10,1e-10,0.0466,37200000000.0,2100000000.0,11.75,-70.58
2e-05,1e-05,5e-13,4.5e-10,5e-11,0.0466,37200000000.0,2110000000.0,11.75,-70.73
2e-05,1e-05,5e-13,4.5e-10,1.5e-10,0.0466,37200000000.0,2100000000.0,11.75,-70.7
2e-05,1e-05,5e-13,4.5e-10,2e-10,0.0466,37200000000.0,2100000000.0,11.76,-70.72
2e-05,1e-05,5e-13,4.5e-10,2.5e-10,0.0466,37200000000.0,2100000000.0,11.75,-70.71
2e-05,1e-05,5e-13,5e-10,1e-10,0.0466,35900000000.0,2050000000.0,11.79,-70.46
2e-05,1e-05,5e-13,5e-10,5e-11,0.0466,35900000000.0,2040000000.0,11.79,-70.43
2e-05,1e-05,5e-13,5e-10,1.5e-10,0.0466,35900000000.0,2040000000.0,11.8,-70.41
2e-05,1e-05,5e-13,5e-10,2e-10,0.0466,35900000000.0,2040000000.0,11.8,-70.43
2e-05,1e-05,5e-13,5e-10,2.5e-10,0.0466,35900000000.0,2030000000.0,11.8,-70.44
2e-05,1e-05,3e-13,4e-10,5e-11,0.0466,38700000000.0,2160000000.0,11.7,-71.05
2e-05,1e-05,3e-13,4e-10,1.5e-10,0.0466,38700000000.0,2170000000.0,11.7,-71.05
2e-05,1e-05,3e-13,4e-10,2.5e-10,0.0466,38700000000.0,2170000000.0,11.69,-71.14
2e-05,1e-05,3e-13,3e-10,1e-10,0.0466,42800000000.0,2370000000.0,11.5,-72.1
2e-05,1e-05,3e-13,3e-10,5e-11,0.0466,42800000000.0,2370000000.0,11.5,-71.99
2e-05,1e-05,3e-13,3e-10,1.5e-10,0.0466,42800000000.0,2360000000.0,11.5,-72.03
2e-05,1e-05,3e-13,3e-10,2e-10,0.0466,42800000000.0,2370000000.0,11.5,-72.07
2e-05,1e-05,3e-13,3e-10,2.5e-10,0.0466,42800000000.0,2370000000.0,11.49,-72.08
2e-05,1e-05,3e-13,3.5e-10,1e-10,0.0466,40500000000.0,2260000000.0,11.61,-71.53
2e-05,1e-05,3e-13,3.5e-10,5e-11,0.0466,40500000000.0,2240000000.0,11.62,-71.48
2e-05,1e-05,3e-13,3.5e-10,1.5e-10,0.0466,40500000000.0,2240000000.0,11.62,-71.6
2e-05,1e-05,3e-13,3.5e-10,2e-10,0.0466,40500000000.0,2240000000.0,11.62,-71.52
2e-05,1e-05,3e-13,3.5e-10,2.5e-10,0.0466,40500000000.0,2250000000.0,11.61,-71.53
2e-05,1e-05,3e-13,4.5e-10,1e-10,0.0466,37200000000.0,2090000000.0,11.76,-70.51
2e-05,1e-05,3e-13,4.5e-10,5e-11,0.0466,37200000000.0,2090000000.0,11.76,-70.68
2e-05,1e-05,3e-13,4.5e-10,1.5e-10,0.0466,37200000000.0,2090000000.0,11.75,-70.61
2e-05,1e-05,3e-13,5e-10,1e-10,0.0466,35900000000.0,2040000000.0,11.79,-70.47
2e-05,1e-05,3e-13,5e-10,5e-11,0.0466,35900000000.0,2050000000.0,11.79,-70.44
2e-05,1e-05,3e-13,5e-10,1.5e-10,0.0466,35900000000.0,2040000000.0,11.8,-70.45
2e-05,1e-05,3e-13,5e-10,2e-10,0.0466,35900000000.0,2040000000.0,11.79,-70.46
2e-05,1e-05,4e-13,4e-10,1e-10,0.0466,38700000000.0,2170000000.0,11.7,-71.12
2e-05,1e-05,4e-13,4e-10,5e-11,0.0466,38700000000.0,2170000000.0,11.69,-71.1
2e-05,1e-05,4e-13,4e-10,2e-10,0.0466,38700000000.0,2160000000.0,11.7,-71.09
2e-05,1e-05,4e-13,3e-10,1e-10,0.0466,42800000000.0,2370000000.0,11.5,-72.08
2e-05,1e-05,4e-13,3e-10,5e-11,0.0466,42800000000.0,2370000000.0,11.5,-72.28
2e-05,1e-05,4e-13,3e-10,1.5e-10,0.0466,42800000000.0,2370000000.0,11.49,-71.74
2e-05,1e-05,4e-13,3e-10,2e-10,0.0466,42800000000.0,2370000000.0,11.49,-71.97
2e-05,1e-05,4e-13,3.5e-10,1e-10,0.0466,40500000000.0,2260000000.0,11.61,-71.46
2e-05,1e-05,4e-13,3.5e-10,5e-11,0.0466,40500000000.0,2250000000.0,11.61,-71.5
2e-05,1e-05,4e-13,3.5e-10,2e-10,0.0466,40500000000.0,2260000000.0,11.61,-71.55
2e-05,1e-05,4e-13,4.5e-10,1e-10,0.0466,37200000000.0,2090000000.0,11.76,-70.7
2e-05,1e-05,4e-13,4.5e-10,5e-11,0.0466,37200000000.0,2090000000.0,11.76,-70.83
2e-05,1e-05,4e-13,4.5e-10,2.5e-10,0.0466,37200000000.0,2090000000.0,11.75,-70.72
2e-05,1e-05,4e-13,5e-10,1e-10,0.0466,35900000000.0,2050000000.0,11.79,-70.39
2e-05,1e-05,4e-13,5e-10,5e-11,0.0466,35900000000.0,2050000000.0,11.79,-70.37
2e-05,1e-05,4e-13,5e-10,1.5e-10,0.0466,35900000000.0,2030000000.0,11.8,-70.53
2e-05,1e-05,4e-13,5e-10,2e-10,0.0466,35900000000.0,2050000000.0,11.79,-70.41
2e-05,1e-05,4e-13,5e-10,2.5e-10,0.0466,35900000000.0,2040000000.0,11.79,-70.45
2e-05,1e-05,6e-13,4e-10,5e-11,0.0466,38700000000.0,2170000000.0,11.7,-71.07
2e-05,1e-05,6e-13,4e-10,1.5e-10,0.0466,38700000000.0,2170000000.0,11.7,-71.31
2e-05,1e-05,6e-13,4e-10,2e-10,0.0466,38700000000.0,2160000000.0,11.7,-71.16
2e-05,1e-05,6e-13,3e-10,1e-10,0.0466,42800000000.0,2370000000.0,11.49,-72.02
2e-05,1e-05,6e-13,3e-10,1.5e-10,0.0466,42800000000.0,2370000000.0,11.49,-73.04
2e-05,1e-05,6e-13,3e-10,2e-10,0.0466,42800000000.0,2370000000.0,11.49,-72.09
2e-05,1e-05,6e-13,3e-10,2.5e-10,0.0466,42800000000.0,2370000000.0,11.5,-71.69
2e-05,1e-05,6e-13,3.5e-10,1e-10,0.0466,40500000000.0,2250000000.0,11.61,-71.55
2e-05,1e-05,6e-13,3.5e-10,5e-11,0.0466,40500000000.0,2250000000.0,11.61,-71.54
2e-05,1e-05,6e-13,3.5e-10,1.5e-10,0.0466,40500000000.0,2240000000.0,11.62,-71.46
2e-05,1e-05,6e-13,3.5e-10,2.5e-10,0.0466,40500000000.0,2260000000.0,11.61,-71.48
2e-05,1e-05,6e-13,4.5e-10,1.5e-10,0.0466,37200000000.0,2100000000.0,11.75,-70.72
2e-05,1e-05,6e-13,4.5e-10,2e-10,0.0466,37200000000.0,2090000000.0,11.76,-70.74
2e-05,1e-05,6e-13,4.5e-10,2.5e-10,0.0466,37200000000.0,2090000000.0,11.75,-70.74
2e-05,1e-05,6e-13,5e-10,1e-10,0.0466,35900000000.0,2050000000.0,11.8,-70.39
2e-05,1e-05,6e-13,5e-10,5e-11,0.0466,35900000000.0,2050000000.0,11.8,-70.41
2e-05,1e-05,6e-13,5e-10,2e-10,0.0466,35900000000.0,2040000000.0,11.8,-70.44
2e-05,1e-05,7e-13,4e-10,1e-10,0.0466,38700000000.0,2160000000.0,11.7,-71.13
2e-05,1e-05,7e-13,4e-10,5e-11,0.0466,38700000000.0,2170000000.0,11.69,-71.11
2e-05,1e-05,7e-13,4e-10,2e-10,0.0466,38700000000.0,2170000000.0,11.69,-71.15
2e-05,1e-05,7e-13,3e-10,1e-10,0.0466,42800000000.0,2370000000.0,11.49,-73.07
2e-05,1e-05,7e-13,3e-10,5e-11,0.0466,42800000000.0,2360000000.0,11.5,-72.11
2e-05,1e-05,7e-13,3e-10,1.5e-10,0.0466,42800000000.0,2370000000.0,11.49,-72.74
2e-05,1e-05,7e-13,3e-10,2e-10,0.0466,42800000000.0,2370000000.0,11.49,-72.07
2e-05,1e-05,7e-13,3e-10,2.5e-10,0.0466,42800000000.0,2350000000.0,11.5,-72.04
2e-05,1e-05,7e-13,3.5e-10,5e-11,0.0466,40500000000.0,2240000000.0,11.62,-71.51
2e-05,1e-05,7e-13,3.5e-10,2e-10,0.0466,40500000000.0,2260000000.0,11.61,-71.54
2e-05,1e-05,7e-13,3.5e-10,2.5e-10,0.0466,40500000000.0,2250000000.0,11.61,-71.52
2e-05,1e-05,7e-13,4.5e-10,1e-10,0.0466,37200000000.0,2100000000.0,11.75,-71.38
2e-05,1e-05,7e-13,4.5e-10,5e-11,0.0466,37200000000.0,2090000000.0,11.75,-71.26
2e-05,1e-05,7e-13,4.5e-10,1.5e-10,0.0466,37200000000.0,2090000000.0,11.75,-70.79
2e-05,1e-05,7e-13,4.5e-10,2e-10,0.0466,37200000000.0,2090000000.0,11.75,-70.8
2e-05,1e-05,7e-13,5e-10,1e-10,0.0466,35900000000.0,2050000000.0,11.79,-70.48
2e-05,1e-05,7e-13,5e-10,1.5e-10,0.0466,35900000000.0,2040000000.0,11.8,-70.42
2e-05,1.1e-05,5e-13,4e-10,1e-10,0.0466,38300000000.0,2240000000.0,11.66,-71.12
2e-05,1.1e-05,5e-13,4e-10,5e-11,0.0466,38300000000.0,2240000000.0,11.66,-71.1
2e-05,1.1e-05,5e-13,4e-10,1.5e-10,0.0466,38300000000.0,2240000000.0,11.66,-71.11
2e-05,1.1e-05,5e-13,4e-10,2e-10,0.0466,38300000000.0,2240000000.0,11.66,-71.15
2e-05,1.1e-05,5e-13,4e-10,2.5e-10,0.0466,38300000000.0,2240000000.0,11.66,-70.99
2e-05,1.1e-05,5e-13,3e-10,1e-10,0.0466,42500000000.0,2440000000.0,11.46,-72.03
2e-05,1.1e-05,5e-13,3e-10,5e-11,0.0466,42500000000.0,2450000000.0,11.46,-72.01
2e-05,1.1e-05,5e-13,3e-10,1.5e-10,0.0466,42500000000.0,2450000000.0,11.46,-72.07
2e-05,1.1e-05,5e-13,3e-10,2e-10,0.0466,42500000000.0,2450000000.0,11.46,-72.8
2e-05,1.1e-05,5e-13,3e-10,2.5e-10,0.0466,42500000000.0,2440000000.0,11.46,-72.18
2e-05,1.1e-05,5e-13,3.5e-10,1e-10,0.0466,40200000000.0,2320000000.0,11.58,-71.5
2e-05,1.1e-05,5e-13,3.5e-10,5e-11,0.0466,40200000000.0,2320000000.0,11.58,-71.51
2e-05,1.1e-05,5e-13,3.5e-10,1.5e-10,0.0466,40200000000.0,2320000000.0,11.58,-71.48
2e-05,1.1e-05,5e-13,3.5e-10,2e-10,0.0466,40200000000.0,2340000000.0,11.58,-71.5
2e-05,1.1e-05,5e-13,3.5e-10,2.5e-10,0.0466,40200000000.0,2320000000.0,11.58,-71.53
2e-05,1.1e-05,5e-13,4.5e-10,1e-10,0.0466,36900000000.0,2170000000.0,11.72,-70.71
2e-05,1.1e-05,5e-13,4.5e-10,5e-11,0.0466,36900000000.0,2170000000.0,11.72,-70.76
2e-05,1.1e-05,5e-13,4.5e-10,2e-10,0.0466,36900000000.0,2160000000.0,11.72,-70.91
2e-05,1.1e-05,5e-13,5e-10,1e-10,0.0466,35600000000.0,2110000000.0,11.77,-70.54
2e-05,1.1e-05,5e-13,5e-10,5e-11,0.0466,35600000000.0,2130000000.0,11.76,-70.27
2e-05,1.1e-05,5e-13,5e-10,1.5e-10,0.0466,35600000000.0,2130000000.0,11.76,-70.37
2e-05,1.1e-05,5e-13,5e-10,2e-10,0.0466,35600000000.0,2130000000.0,11.76,-70.53
2e-05,1.1e-05,5e-13,5e-10,2.5e-10,0.0466,35600000000.0,2120000000.0,11.76,-70.44
2e-05,1.1e-05,3e-13,4e-10,1e-10,0.0466,38300000000.0,2230000000.0,11.66,-72.59
2e-05,1.1e-05,3e-13,4e-10,5e-11,0.0466,38300000000.0,2240000000.0,11.66,-71.13
2e-05,1.1e-05,3e-13,4e-10,1.5e-10,0.0466,38300000000.0,2250000000.0,11.66,-71.07
2e-05,1.1e-05,3e-13,4e-10,2e-10,0.0466,38300000000.0,2240000000.0,11.66,-71.08
2e-05,1.1e-05,3e-13,4e-10,2.5e-10,0.0466,38300000000.0,2250000000.0,11.66,-71.08
2e-05,1.1e-05,3e-13,3e-10,1e-10,0.0466,42500000000.0,2430000000.0,11.46,-72.01
2e-05,1.1e-05,3e-13,3e-10,5e-11,0.0466,42500000000.0,2440000000.0,11.46,-72.35
2e-05,1.1e-05,3e-13,3e-10,1.5e-10,0.0466,42500000000.0,2450000000.0,11.46,-72.25
2e-05,1.1e-05,3e-13,3e-10,2e-10,0.0466,42500000000.0,2460000000.0,11.46,-72.27
2e-05,1.1e-05,3e-13,3e-10,2.5e-10,0.0466,42500000000.0,2440000000.0,11.46,-72.09
2e-05,1.1e-05,3e-13,3.5e-10,1e-10,0.0466,40200000000.0,2330000000.0,11.58,-71.54
2e-05,1.1e-05,3e-13,3.5e-10,5e-11,0.0466,40200000000.0,2320000000.0,11.58,-71.46
2e-05,1.1e-05,3e-13,3.5e-10,1.5e-10,0.0466,40200000000.0,2330000000.0,11.58,-71.53
2e-05,1.1e-05,3e-13,3.5e-10,2e-10,0.0466,40200000000.0,2340000000.0,11.58,-71.56
2e-05,1.1e-05,3e-13,3.5e-10,2.5e-10,0.0466,40200000000.0,2320000000.0,11.58,-71.55
2e-05,1.1e-05,3e-13,4.5e-10,1e-10,0.0466,36900000000.0,2170000000.0,11.72,-70.73
2e-05,1.1e-05,3e-13,4.5e-10,5e-11,0.0466,36900000000.0,2160000000.0,11.72,-70.55
2e-05,1.1e-05,3e-13,5e-10,1e-10,0.0466,35600000000.0,2120000000.0,11.76,-70.32
2e-05,1.1e-05,3e-13,5e-10,5e-11,0.0466,35600000000.0,2130000000.0,11.76,-70.49
2e-05,1.1e-05,3e-13,5e-10,1.5e-10,0.0466,35600000000.0,2110000000.0,11.77,-70.46
2e-05,1.1e-05,3e-13,5e-10,2e-10,0.0466,35600000000.0,2130000000.0,11.76,-70.41
2e-05,1.1e-05,3e-13,5e-10,2.5e-10,0.0466,35600000000.0,2120000000.0,11.77,-70.44
2e-05,1.1e-05,4e-13,4e-10,1e-10,0.0466,38300000000.0,2240000000.0,11.66,-71.05
2e-05,1.1e-05,4e-13,4e-10,1.5e-10,0.0466,38300000000.0,2230000000.0,11.66,-71.1
2e-05,1.1e-05,4e-13,4e-10,2e-10,0.0466,38300000000.0,2240000000.0,11.66,-71.07
2e-05,1.1e-05,4e-13,4e-10,2.5e-10,0.0466,38300000000.0,2230000000.0,11.66,-71.01
2e-05,1.1e-05,4e-13,3e-10,1e-10,0.0466,42500000000.0,2450000000.0,11.46,-72.06
2e-05,1.1e-05,4e-13,3e-10,5e-11,0.0466,42500000000.0,2450000000.0,11.46,-72.15
2e-05,1.1e-05,4e-13,3e-10,1.5e-10,0.0466,42500000000.0,2450000000.0,11.46,-72.28
2e-05,1.1e-05,4e-13,3e-10,2.5e-10,0.0466,42500000000.0,2430000000.0,11.46,-72.04
2e-05,1.1e-05,4e-13,3.5e-10,2e-10,0.0466,40200000000.0,2320000000.0,11.58,-71.73
2e-05,1.1e-05,4e-13,3.5e-10,2.5e-10,0.0466,40200000000.0,2330000000.0,11.58,-71.46
2e-05,1.1e-05,4e-13,4.5e-10,5e-11,0.0466,36900000000.0,2170000000.0,11.72,-70.65
2e-05,1.1e-05,4e-13,4.5e-10,1.5e-10,0.0466,36900000000.0,2170000000.0,11.72,-70.69
2e-05,1.1e-05,4e-13,4.5e-10,2.5e-10,0.0466,36900000000.0,2160000000.0,11.72,-70.78
2e-05,1.1e-05,4e-13,5e-10,1e-10,0.0466,35600000000.0,2130000000.0,11.76,-70.29
2e-05,1.1e-05,4e-13,5e-10,5e-11,0.0466,35600000000.0,2130000000.0,11.76,-70.26
2e-05,1.1e-05,4e-13,5e-10,1.5e-10,0.0466,35600000000.0,2110000000.0,11.77,-70.48
2e-05,1.1e-05,4e-13,5e-10,2e-10,0.0466,35600000000.0,2120000000.0,11.76,-70.33
2e-05,1.1e-05,4e-13,5e-10,2.5e-10,0.0466,35600000000.0,2120000000.0,11.76,-70.46
2e-05,1.1e-05,6e-13,4e-10,1e-10,0.0466,38300000000.0,2250000000.0,11.66,-71.13
2e-05,1.1e-05,6e-13,4e-10,1.5e-10,0.0466,38300000000.0,2230000000.0,11.67,-71.19
2e-05,1.1e-05,6e-13,3e-10,1e-10,0.0466,42500000000.0,2440000000.0,11.46,-72.06
2e-05,1.1e-05,6e-13,3e-10,5e-11,0.0466,42500000000.0,2430000000.0,11.46,-71.84
2e-05,1.1e-05,6e-13,3e-10,1.5e-10,0.0466,42500000000.0,2430000000.0,11.46,-71.74
2e-05,1.1e-05,6e-13,3e-10,2.5e-10,0.0466,42500000000.0,2440000000.0,11.46,-72.07
2e-05,1.1e-05,6e-13,3.5e-10,1e-10,0.0466,40200000000.0,2340000000.0,11.58,-72.39
2e-05,1.1e-05,6e-13,3.5e-10,2.5e-10,0.0466,40200000000.0,2340000000.0,11.58,-72.38
2e-05,1.1e-05,6e-13,4.5e-10,1.5e-10,0.0466,36900000000.0,2160000000.0,11.72,-70.79
2e-05,1.1e-05,6e-13,4.5e-10,2e-10,0.0466,36900000000.0,2180000000.0,11.72,-70.73
2e-05,1.1e-05,6e-13,5e-10,1e-10,0.0466,35600000000.0,2110000000.0,11.77,-70.4
2e-05,1.1e-05,6e-13,5e-10,2e-10,0.0466,35600000000.0,2110000000.0,11.77,-70.45
2e-05,1.1e-05,6e-13,5e-10,2.5e-10,0.0466,35600000000.0,2110000000.0,11.76,-70.45
2e-05,1.1e-05,7e-13,3e-10,5e-11,0.0466,42500000000.0,2450000000.0,11.46,-71.57
2e-05,1.1e-05,7e-13,3e-10,1.5e-10,0.0466,42500000000.0,2440000000.0,11.46,-72.04
2e-05,1.1e-05,7e-13,3e-10,2e-10,0.0466,42500000000.0,2450000000.0,11.46,-72.04
2e-05,1.1e-05,7e-13,3e-10,2.5e-10,0.0466,42500000000.0,2450000000.0,11.46,-72.02
2e-05,1.1e-05,7e-13,3.5e-10,1e-10,0.0466,40200000000.0,2330000000.0,11.58,-71.7
2e-05,1.1e-05,7e-13,4.5e-10,1e-10,0.0466,36900000000.0,2180000000.0,11.72,-70.54
2e-05,1.1e-05,7e-13,4.5e-10,1.5e-10,0.0466,36900000000.0,2170000000.0,11.72,-70.74
2e-05,1.1e-05,7e-13,5e-10,1e-10,0.0466,35600000000.0,2110000000.0,11.77,-71.01
2e-05,1.2e-05,5e-13,4e-10,1e-10,0.0466,38100000000.0,2300000000.0,11.62,-71.11
2e-05,1.2e-05,5e-13,4e-10,5e-11,0.0466,38100000000.0,2300000000.0,11.62,-71.49
2e-05,1.2e-05,5e-13,4e-10,1.5e-10,0.0466,38100000000.0,2290000000.0,11.63,-71.09
2e-05,1.2e-05,5e-13,4e-10,2e-10,0.0466,38100000000.0,2300000000.0,11.62,-71.15
2e-05,1.2e-05,5e-13,4e-10,2.5e-10,0.0466,38100000000.0,2280000000.0,11.63,-71.07
2e-05,1.2e-05,5e-13,3e-10,1e-10,0.0466,42200000000.0,2520000000.0,11.41,-72.8
2e-05,1.2e-05,5e-13,3e-10,5e-11,0.0466,42200000000.0,2490000000.0,11.42,-72.1
2e-05,1.2e-05,5e-13,3e-10,1.5e-10,0.0466,42200000000.0,2510000000.0,11.41,-72.06
2e-05,1.2e-05,5e-13,3e-10,2e-10,0.0466,42200000000.0,2510000000.0,11.41,-72.08
2e-05,1.2e-05,5e-13,3e-10,2.5e-10,0.0466,42200000000.0,2520000000.0,11.41,-72.03
2e-05,1.2e-05,5e-13,3.5e-10,1e-10,0.0466,39900000000.0,2370000000.0,11.54,-71.51
2e-05,1.2e-05,5e-13,3.5e-10,5e-11,0.0466,39900000000.0,2380000000.0,11.54,-71.56
2e-05,1.2e-05,5e-13,3.5e-10,1.5e-10,0.0466,39900000000.0,2390000000.0,11.54,-71.69
2e-05,1.2e-05,5e-13,3.5e-10,2e-10,0.0466,39900000000.0,2370000000.0,11.54,-71.57
2e-05,1.2e-05,5e-13,4.5e-10,1e-10,0.0466,36600000000.0,2220000000.0,11.69,-70.74
2e-05,1.2e-05,5e-13,4.5e-10,5e-11,0.0466,36600000000.0,2220000000.0,11.69,-70.79
2e-05,1.2e-05,5e-13,4.5e-10,2e-10,0.0466,36600000000.0,2210000000.0,11.69,-70.82
2e-05,1.2e-05,5e-13,4.5e-10,2.5e-10,0.0466,36600000000.0,2220000000.0,11.69,-70.75
2e-05,1.2e-05,5e-13,5e-10,1e-10,0.0466,35300000000.0,2170000000.0,11.73,-70.5
2e-05,1.2e-05,5e-13,5e-10,5e-11,0.0466,35300000000.0,2160000000.0,11.73,-70.46
2e-05,1.2e-05,5e-13,5e-10,1.5e-10,0.0466,35300000000.0,2170000000.0,11.73,-70.46
2e-05,1.2e-05,5e-13,5e-10,2e-10,0.0466,35300000000.0,2160000000.0,11.73,-70.37
2e-05,1.2e-05,5e-13,5e-10,2.5e-10,0.0466,35300000000.0,2170000000.0,11.73,-70.49
2e-05,1.2e-05,3e-13,4e-10,1e-10,0.0466,38100000000.0,2300000000.0,11.62,-71.05
2e-05,1.2e-05,3e-13,4e-10,5e-11,0.0466,38100000000.0,2310000000.0,11.62,-71.1
2e-05,1.2e-05,3e-13,4e-10,2e-10,0.0466,38100000000.0,2290000000.0,11.63,-71.12
2e-05,1.2e-05,3e-13,3e-10,1e-10,0.0466,42200000000.0,2500000000.0,11.42,-72.1
2e-05,1.2e-05,3e-13,3e-10,5e-11,0.0466,42200000000.0,2510000000.0,11.41,-72.03
2e-05,1.2e-05,3e-13,3e-10,1.5e-10,0.0466,42200000000.0,2500000000.0,11.42,-72.07
2e-05,1.2e-05,3e-13,3e-10,2e-10,0.0466,42200000000.0,2500000000.0,11.41,-72.23
2e-05,1.2e-05,3e-13,3e-10,2.5e-10,0.0466,42200000000.0,2500000000.0,11.42,-71.98
2e-05,1.2e-05,3e-13,3.5e-10,1e-10,0.0466,39900000000.0,2390000000.0,11.54,-71.54
2e-05,1.2e-05,3e-13,3.5e-10,5e-11,0.0466,39900000000.0,2390000000.0,11.54,-71.45
2e-05,1.2e-05,3e-13,3.5e-10,2e-10,0.0466,39900000000.0,2390000000.0,11.54,-71.53
2e-05,1.2e-05,3e-13,3.5e-10,2.5e-10,0.0466,39900000000.0,2380000000.0,11.54,-71.52
2e-05,1.2e-05,3e-13,4.5e-10,1e-10,0.0466,36600000000.0,2220000000.0,11.69,-70.73
2e-05,1.2e-05,3e-13,4.5e-10,5e-11,0.0466,36600000000.0,2230000000.0,11.68,-70.75
2e-05,1.2e-05,3e-13,4.5e-10,1.5e-10,0.0466,36600000000.0,2210000000.0,11.69,-70.79
2e-05,1.2e-05,3e-13,4.5e-10,2e-10,0.0466,36600000000.0,2230000000.0,11.69,-70.78
2e-05,1.2e-05,3e-13,4.5e-10,2.5e-10,0.0466,36600000000.0,2220000000.0,11.69,-70.86
2e-05,1.2e-05,3e-13,5e-10,5e-11,0.0466,35300000000.0,2180000000.0,11.73,-70.49
2e-05,1.2e-05,3e-13,5e-10,1.5e-10,0.0466,35300000000.0,2180000000.0,11.73,-70.42
2e-05,1.2e-05,3e-13,5e-10,2e-10,0.0466,35300000000.0,2170000000.0,11.73,-70.47
2e-05,1.2e-05,3e-13,5e-10,2.5e-10,0.0466,35300000000.0,2170000000.0,11.73,-70.44
2e-05,1.2e-05,4e-13,4e-10,1e-10,0.0466,38100000000.0,2300000000.0,11.62,-71.24
2e-05,1.2e-05,4e-13,4e-10,5e-11,0.0466,38100000000.0,2300000000.0,11.62,-71.51
2e-05,1.2e-05,4e-13,4e-10,2e-10,0.0466,38100000000.0,2290000000.0,11.62,-71.16
2e-05,1.2e-05,4e-13,4e-10,2.5e-10,0.0466,38100000000.0,2290000000.0,11.63,-71.05
2e-05,1.2e-05,4e-13,3e-10,1e-10,0.0466,42200000000.0,2500000000.0,11.42,-71.76
2e-05,1.2e-05,4e-13,3e-10,5e-11,0.0466,42200000000.0,2510000000.0,11.41,-72.0
2e-05,1.2e-05,4e-13,3e-10,2e-10,0.0466,42200000000.0,2520000000.0,11.41,-72.07
2e-05,1.2e-05,4e-13,3e-10,2.5e-10,0.0466,42200000000.0,2510000000.0,11.41,-72.05
2e-05,1.2e-05,4e-13,3.5e-10,1e-10,0.0466,39900000000.0,2390000000.0,11.54,-71.48
2e-05,1.2e-05,4e-13,3.5e-10,5e-11,0.0466,39900000000.0,2390000000.0,11.54,-71.52
2e-05,1.2e-05,4e-13,3.5e-10,1.5e-10,0.0466,39900000000.0,2380000000.0,11.54,-71.55
2e-05,1.2e-05,4e-13,3.5e-10,2e-10,0.0466,39900000000.0,2390000000.0,11.54,-72.15
2e-05,1.2e-05,4e-13,4.5e-10,5e-11,0.0466,36600000000.0,2220000000.0,11.69,-70.88
2e-05,1.2e-05,4e-13,5e-10,1e-10,0.0466,35300000000.0,2180000000.0,11.73,-70.47
2e-05,1.2e-05,4e-13,5e-10,5e-11,0.0466,35300000000.0,2180000000.0,11.73,-70.58
2e-05,1.2e-05,4e-13,5e-10,2e-10,0.0466,35300000000.0,2180000000.0,11.73,-70.39
2e-05,1.2e-05,4e-13,5e-10,2.5e-10,0.0466,35300000000.0,2160000000.0,11.73,-70.35
2e-05,1.2e-05,6e-13,4e-10,1e-10,0.0466,38100000000.0,2290000000.0,11.63,-71.02
2e-05,1.2e-05,6e-13,4e-10,1.5e-10,0.0466,38100000000.0,2290000000.0,11.62,-71.04
2e-05,1.2e-05,6e-13,4e-10,2.5e-10,0.0466,38100000000.0,2290000000.0,11.63,-70.91
2e-05,1.2e-05,6e-13,3e-10,1.5e-10,0.0466,42200000000.0,2500000000.0,11.42,-71.75
2e-05,1.2e-05,6e-13,3e-10,2e-10,0.0466,42200000000.0,2510000000.0,11.41,-71.81
2e-05,1.2e-05,6e-13,3e-10,2.5e-10,0.0466,42200000000.0,2500000000.0,11.42,-72.01
2e-05,1.2e-05,6e-13,3.5e-10,1e-10,0.0466,39900000000.0,2380000000.0,11.54,-71.5
2e-05,1.2e-05,6e-13,3.5e-10,5e-11,0.0466,39900000000.0,2380000000.0,11.54,-71.49
2e-05,1.2e-05,6e-13,3.5e-10,1.5e-10,0.0466,39900000000.0,2380000000.0,11.54,-71.54
2e-05,1.2e-05,6e-13,4.5e-10,1.5e-10,0.0466,36600000000.0,2220000000.0,11.69,-70.8
2e-05,1.2e-05,6e-13,4.5e-10,2e-10,0.0466,36600000000.0,2230000000.0,11.68,-70.6
2e-05,1.2e-05,6e-13,4.5e-10,2.5e-10,0.0466,36600000000.0,2230000000.0,11.68,-70.8
2e-05,1.2e-05,6e-13,5e-10,1e-10,0.0466,35300000000.0,2180000000.0,11.73,-70.53
2e-05,1.2e-05,6e-13,5e-10,1.5e-10,0.0466,35300000000.0,2170000000.0,11.73,-70.48
2e-05,1.2e-05,6e-13,5e-10,2e-10,0.0466,35300000000.0,2160000000.0,11.73,-70.53
2e-05,1.2e-05,6e-13,5e-10,2.5e-10,0.0466,35300000000.0,2180000000.0,11.73,-70.3
2e-05,1.2e-05,7e-13,4e-10,1e-10,0.0466,38100000000.0,2280000000.0,11.63,-71.2
2e-05,1.2e-05,7e-13,4e-10,5e-11,0.0466,38100000000.0,2290000000.0,11.63,-71.11
2e-05,1.2e-05,7e-13,4e-10,1.5e-10,0.0466,38100000000.0,2290000000.0,11.63,-71.29
2e-05,1.2e-05,7e-13,4e-10,2.5e-10,0.0466,38100000000.0,2300000000.0,11.62,-70.88
2e-05,1.2e-05,7e-13,3e-10,1e-10,0.0466,42200000000.0,2500000000.0,11.42,-72.04
2e-05,1.2e-05,7e-13,3e-10,2e-10,0.0466,42200000000.0,2510000000.0,11.41,-72.04
2e-05,1.2e-05,7e-13,3.5e-10,1.5e-10,0.0466,39900000000.0,2390000000.0,11.54,-71.57
2e-05,1.2e-05,7e-13,4.5e-10,2.5e-10,0.0466,36600000000.0,2220000000.0,11.69,-70.87
2e-05,1.2e-05,7e-13,5e-10,5e-11,0.0466,35300000000.0,2170000000.0,11.73,-70.56
2e-05,1.2e-05,7e-13,5e-10,1.5e-10,0.0466,35300000000.0,2180000000.0,11.73,-70.57
2e-05,1.2e-05,7e-13,5e-10,2e-10,0.0466,35300000000.0,2180000000.0,11.73,-70.45
2e-05,1.2e-05,7e-13,5e-10,2.5e-10,0.0466,35300000000.0,2180000000.0,11.73,-70.29
2e-05,1.3e-05,5e-13,4e-10,1e-10,0.0466,37800000000.0,2340000000.0,11.58,-71.15
2e-05,1.3e-05,5e-13,4e-10,5e-11,0.0466,37800000000.0,2320000000.0,11.59,-71.02
2e-05,1.3e-05,5e-13,4e-10,1.5e-10,0.0466,37800000000.0,2340000000.0,11.58,-71.81
2e-05,1.3e-05,5e-13,4e-10,2e-10,0.0466,37800000000.0,2340000000.0,11.58,-70.94
2e-05,1.3e-05,5e-13,4e-10,2.5e-10,0.0466,37800000000.0,2340000000.0,11.58,-71.8
2e-05,1.3e-05,5e-13,3e-10,1e-10,0.0466,41900000000.0,2540000000.0,11.37,-72.05
2e-05,1.3e-05,5e-13,3e-10,1.5e-10,0.0466,41900000000.0,2550000000.0,11.37,-71.98
2e-05,1.3e-05,5e-13,3e-10,2e-10,0.0466,41900000000.0,2530000000.0,11.37,-72.15
2e-05,1.3e-05,5e-13,3e-10,2.5e-10,0.0466,41900000000.0,2550000000.0,11.36,-71.95
2e-05,1.3e-05,5e-13,3.5e-10,1e-10,0.0466,39600000000.0,2410000000.0,11.5,-71.46
2e-05,1.3e-05,5e-13,3.5e-10,5e-11,0.0466,39600000000.0,2430000000.0,11.49,-72.3
2e-05,1.3e-05,5e-13,3.5e-10,1.5e-10,0.0466,39600000000.0,2400000000.0,11.5,-71.61
2e-05,1.3e-05,5e-13,3.5e-10,2e-10,0.0466,39600000000.0,2420000000.0,11.5,-71.5
2e-05,1.3e-05,5e-13,3.5e-10,2.5e-10,0.0466,39600000000.0,2430000000.0,11.49,-71.51
2e-05,1.3e-05,5e-13,4.5e-10,1e-10,0.0466,36300000000.0,2260000000.0,11.65,-70.8
2e-05,1.3e-05,5e-13,4.5e-10,5e-11,0.0466,36300000000.0,2270000000.0,11.64,-70.78
2e-05,1.3e-05,5e-13,4.5e-10,1.5e-10,0.0466,36300000000.0,2250000000.0,11.65,-70.71
2e-05,1.3e-05,5e-13,4.5e-10,2e-10,0.0466,36300000000.0,2270000000.0,11.64,-70.8
2e-05,1.3e-05,5e-13,4.5e-10,2.5e-10,0.0466,36300000000.0,2260000000.0,11.65,-70.59
2e-05,1.3e-05,5e-13,5e-10,1e-10,0.0466,35100000000.0,2200000000.0,11.7,-70.44
2e-05,1.3e-05,5e-13,5e-10,5e-11,0.0466,35100000000.0,2210000000.0,11.69,-70.52
2e-05,1.3e-05,5e-13,5e-10,1.5e-10,0.0466,35100000000.0,2200000000.0,11.7,-70.51
2e-05,1.3e-05,5e-13,5e-10,2e-10,0.0466,35100000000.0,2200000000.0,11.7,-70.59
2e-05,1.3e-05,5e-13,5e-10,2.5e-10,0.0466,35100000000.0,2200000000.0,11.7,-70.56
2e-05,1.3e-05,3e-13,4e-10,1e-10,0.0466,37800000000.0,2330000000.0,11.58,-71.14
2e-05,1.3e-05,3e-13,4e-10,5e-11,0.0466,37800000000.0,2340000000.0,11.58,-71.1
2e-05,1.3e-05,3e-13,4e-10,1.5e-10,0.0466,37800000000.0,2340000000.0,11.58,-71.19
2e-05,1.3e-05,3e-13,4e-10,2e-10,0.0466,37800000000.0,2340000000.0,11.58,-71.24
2e-05,1.3e-05,3e-13,4e-10,2.5e-10,0.0466,37800000000.0,2340000000.0,11.58,-71.17
2e-05,1.3e-05,3e-13,3e-10,1e-10,0.0466,41900000000.0,2540000000.0,11.37,-71.97
2e-05,1.3e-05,3e-13,3e-10,5e-11,0.0466,41900000000.0,2530000000.0,11.37,-71.98
2e-05,1.3e-05,3e-13,3e-10,1.5e-10,0.0466,41900000000.0,2540000000.0,11.37,-72.02
2e-05,1.3e-05,3e-13,3e-10,2e-10,0.0466,41900000000.0,2550000000.0,11.37,-72.0
2e-05,1.3e-05,3e-13,3e-10,2.5e-10,0.0466,41900000000.0,2550000000.0,11.37,-72.03
2e-05,1.3e-05,3e-13,3.5e-10,1e-10,0.0466,39600000000.0,2430000000.0,11.49,-71.53
2e-05,1.3e-05,3e-13,3.5e-10,5e-11,0.0466,39600000000.0,2410000000.0,11.5,-71.24
2e-05,1.3e-05,3e-13,3.5e-10,1.5e-10,0.0466,39600000000.0,2430000000.0,11.49,-71.44
2e-05,1.3e-05,3e-13,3.5e-10,2e-10,0.0466,39600000000.0,2420000000.0,11.5,-71.46
2e-05,1.3e-05,3e-13,3.5e-10,2.5e-10,0.0466,39600000000.0,2410000000.0,11.5,-71.43
2e-05,1.3e-05,3e-13,4.5e-10,1e-10,0.0466,36300000000.0,2270000000.0,11.64,-70.81
2e-05,1.3e-05,3e-13,4.5e-10,5e-11,0.0466,36300000000.0,2260000000.0,11.65,-70.82
2e-05,1.3e-05,3e-13,4.5e-10,1.5e-10,0.0466,36300000000.0,2270000000.0,11.64,-70.72
2e-05,1.3e-05,3e-13,4.5e-10,2.5e-10,0.0466,36300000000.0,2260000000.0,11.64,-70.81
2e-05,1.3e-05,3e-13,5e-10,1e-10,0.0466,35100000000.0,2210000000.0,11.69,-70.47
2e-05,1.3e-05,3e-13,5e-10,5e-11,0.0466,35100000000.0,2210000000.0,11.69,-70.51
2e-05,1.3e-05,3e-13,5e-10,1.5e-10,0.0466,35100000000.0,2210000000.0,11.69,-70.53
2e-05,1.3e-05,3e-13,5e-10,2e-10,0.0466,35100000000.0,2210000000.0,11.69,-70.49
2e-05,1.3e-05,3e-13,5e-10,2.5e-10,0.0466,35100000000.0,2200000000.0,11.7,-70.53
2e-05,1.3e-05,4e-13,4e-10,1e-10,0.0466,37800000000.0,2330000000.0,11.58,-71.07
2e-05,1.3e-05,4e-13,4e-10,5e-11,0.0466,37800000000.0,2320000000.0,11.59,-71.13
2e-05,1.3e-05,4e-13,4e-10,1.5e-10,0.0466,37800000000.0,2320000000.0,11.59,-71.08
2e-05,1.3e-05,4e-13,4e-10,2e-10,0.0466,37800000000.0,2320000000.0,11.59,-71.47
2e-05,1.3e-05,4e-13,4e-10,2.5e-10,0.0466,37800000000.0,2340000000.0,11.58,-71.08
2e-05,1.3e-05,4e-13,3e-10,1e-10,0.0466,41900000000.0,2540000000.0,11.37,-72.07
2e-05,1.3e-05,4e-13,3e-10,5e-11,0.0466,41900000000.0,2530000000.0,11.37,-72.27
2e-05,1.3e-05,4e-13,3e-10,1.5e-10,0.0466,41900000000.0,2530000000.0,11.37,-71.84
2e-05,1.3e-05,4e-13,3e-10,2e-10,0.0466,41900000000.0,2530000000.0,11.37,-72.01
2e-05,1.3e-05,4e-13,3e-10,2.5e-10,0.0466,41900000000.0,2540000000.0,11.37,-72.17
2e-05,1.3e-05,4e-13,3.5e-10,1e-10,0.0466,39600000000.0,2410000000.0,11.5,-71.41
2e-05,1.3e-05,4e-13,3.5e-10,5e-11,0.0466,39600000000.0,2410000000.0,11.5,-71.51
2e-05,1.3e-05,4e-13,3.5e-10,1.5e-10,0.0466,39600000000.0,2410000000.0,11.5,-71.58
2e-05,1.3e-05,4e-13,3.5e-10,2e-10,0.0466,39600000000.0,2420000000.0,11.5,-71.54
2e-05,1.3e-05,4e-13,3.5e-10,2.5e-10,0.0466,39600000000.0,2410000000.0,11.5,-71.31
2e-05,1.3e-05,4e-13,4.5e-10,1e-10,0.0466,36300000000.0,2270000000.0,11.64,-70.89
2e-05,1.3e-05,4e-13,4.5e-10,1.5e-10,0.0466,36300000000.0,2270000000.0,11.64,-70.77
2e-05,1.3e-05,4e-13,4.5e-10,2e-10,0.0466,36300000000.0,2250000000.0,11.65,-70.8
2e-05,1.3e-05,4e-13,4.5e-10,2.5e-10,0.0466,36300000000.0,2270000000.0,11.64,-71.38
2e-05,1.3e-05,4e-13,5e-10,1e-10,0.0466,35100000000.0,2210000000.0,11.69,-70.37
2e-05,1.3e-05,6e-13,4e-10,5e-11,0.0466,37800000000.0,2320000000.0,11.59,-71.1
2e-05,1.3e-05,6e-13,4e-10,1.5e-10,0.0466,37800000000.0,2330000000.0,11.58,-71.12
2e-05,1.3e-05,6e-13,4e-10,2e-10,0.0466,37800000000.0,2340000000.0,11.58,-71.13
2e-05,1.3e-05,6e-13,4e-10,2.5e-10,0.0466,37800000000.0,2330000000.0,11.58,-71.42
2e-05,1.3e-05,6e-13,3e-10,1e-10,0.0466,41900000000.0,2530000000.0,11.37,-72.05
2e-05,1.3e-05,6e-13,3e-10,5e-11,0.0466,41900000000.0,2530000000.0,11.37,-72.06
2e-05,1.3e-05,6e-13,3e-10,1.5e-10,0.0466,41900000000.0,2530000000.0,11.37,-71.99
2e-05,1.3e-05,6e-13,3e-10,2.5e-10,0.0466,41900000000.0,2550000000.0,11.37,-71.88
2e-05,1.3e-05,6e-13,3.5e-10,1e-10,0.0466,39600000000.0,2410000000.0,11.5,-71.53
2e-05,1.3e-05,6e-13,3.5e-10,5e-11,0.0466,39600000000.0,2430000000.0,11.5,-71.99
2e-05,1.3e-05,6e-13,3.5e-10,1.5e-10,0.0466,39600000000.0,2420000000.0,11.5,-71.55
2e-05,1.3e-05,6e-13,3.5e-10,2e-10,0.0466,39600000000.0,2430000000.0,11.49,-71.52
2e-05,1.3e-05,6e-13,3.5e-10,2.5e-10,0.0466,39600000000.0,2410000000.0,11.5,-71.47
2e-05,1.3e-05,6e-13,4.5e-10,1e-10,0.0466,36300000000.0,2260000000.0,11.65,-70.81
2e-05,1.3e-05,6e-13,4.5e-10,2e-10,0.0466,36300000000.0,2270000000.0,11.64,-70.79
2e-05,1.3e-05,6e-13,5e-10,1e-10,0.0466,35100000000.0,2210000000.0,11.69,-70.36
2e-05,1.3e-05,6e-13,5e-10,5e-11,0.0466,35100000000.0,2190000000.0,11.7,-70.53
2e-05,1.3e-05,6e-13,5e-10,2e-10,0.0466,35100000000.0,2190000000.0,11.7,-70.31
2e-05,1.3e-05,7e-13,4e-10,1e-10,0.0466,37800000000.0,2320000000.0,11.58,-71.78
2e-05,1.3e-05,7e-13,3e-10,5e-11,0.0466,41900000000.0,2540000000.0,11.37,-72.03
2e-05,1.3e-05,7e-13,3e-10,1.5e-10,0.0466,41900000000.0,2530000000.0,11.37,-72.03
2e-05,1.3e-05,7e-13,3e-10,2e-10,0.0466,41900000000.0,2540000000.0,11.37,-72.11
2e-05,1.3e-05,7e-13,3e-10,2.5e-10,0.0466,41900000000.0,2550000000.0,11.37,-72.12
2e-05,1.3e-05,7e-13,3.5e-10,1e-10,0.0466,39600000000.0,2410000000.0,11.5,-71.52
2e-05,1.3e-05,7e-13,3.5e-10,5e-11,0.0466,39600000000.0,2420000000.0,11.49,-71.53
2e-05,1.3e-05,7e-13,3.5e-10,1.5e-10,0.0466,39600000000.0,2430000000.0,11.49,-71.26
2e-05,1.3e-05,7e-13,3.5e-10,2e-10,0.0466,39600000000.0,2420000000.0,11.49,-71.64
2e-05,1.3e-05,7e-13,3.5e-10,2.5e-10,0.0466,39600000000.0,2430000000.0,11.49,-71.56
2e-05,1.3e-05,7e-13,4.5e-10,1e-10,0.0466,36300000000.0,2270000000.0,11.64,-70.75
2e-05,1.3e-05,7e-13,4.5e-10,5e-11,0.0466,36300000000.0,2260000000.0,11.65,-70.84
2e-05,1.3e-05,7e-13,5e-10,1e-10,0.0466,35100000000.0,2190000000.0,11.7,-70.59
2e-05,1.3e-05,7e-13,5e-10,2e-10,0.0466,35100000000.0,2200000000.0,11.7,-70.3
2e-05,1.3e-05,7e-13,5e-10,2.5e-10,0.0466,35100000000.0,2190000000.0,11.7,-70.47
2e-05,1.4e-05,5e-13,4e-10,1e-10,0.0466,37500000000.0,2340000000.0,11.54,-71.28
2e-05,1.4e-05,5e-13,4e-10,5e-11,0.0466,37500000000.0,2350000000.0,11.54,-71.05
2e-05,1.4e-05,5e-13,4e-10,1.5e-10,0.0466,37500000000.0,2350000000.0,11.54,-71.6
2e-05,1.4e-05,5e-13,4e-10,2e-10,0.0466,37500000000.0,2360000000.0,11.54,-71.09
2e-05,1.4e-05,5e-13,4e-10,2.5e-10,0.0466,37500000000.0,2340000000.0,11.54,-71.16
2e-05,1.4e-05,5e-13,3e-10,1e-10,0.0466,41600000000.0,2570000000.0,11.31,-71.92
2e-05,1.4e-05,5e-13,3e-10,5e-11,0.0466,41600000000.0,2560000000.0,11.31,-72.07
2e-05,1.4e-05,5e-13,3e-10,1.5e-10,0.0466,41600000000.0,2560000000.0,11.31,-72.03
2e-05,1.4e-05,5e-13,3e-10,2e-10,0.0466,41600000000.0,2550000000.0,11.31,-71.97
2e-05,1.4e-05,5e-13,3.5e-10,1e-10,0.0466,39400000000.0,2430000000.0,11.45,-72.57
2e-05,1.4e-05,5e-13,3.5e-10,5e-11,0.0466,39400000000.0,2450000000.0,11.45,-71.45
2e-05,1.4e-05,5e-13,3.5e-10,1.5e-10,0.0466,39300000000.0,2430000000.0,11.45,-71.48
2e-05,1.4e-05,5e-13,3.5e-10,2e-10,0.0466,39300000000.0,2440000000.0,11.45,-71.46
2e-05,1.4e-05,5e-13,3.5e-10,2.5e-10,0.0466,39300000000.0,2450000000.0,11.45,-71.17
2e-05,1.4e-05,5e-13,4.5e-10,1e-10,0.0466,36100000000.0,2260000000.0,11.61,-70.83
2e-05,1.4e-05,5e-13,4.5e-10,5e-11,0.0466,36100000000.0,2270000000.0,11.61,-70.68
2e-05,1.4e-05,5e-13,4.5e-10,1.5e-10,0.0466,36100000000.0,2270000000.0,11.61,-70.81
2e-05,1.4e-05,5e-13,4.5e-10,2e-10,0.0466,36100000000.0,2280000000.0,11.6,-70.81
2e-05,1.4e-05,5e-13,4.5e-10,2.5e-10,0.0466,36100000000.0,2290000000.0,11.6,-70.71
2e-05,1.4e-05,5e-13,5e-10,1e-10,0.0466,34800000000.0,2220000000.0,11.65,-70.48
2e-05,1.4e-05,5e-13,5e-10,5e-11,0.0466,34800000000.0,2220000000.0,11.65,-70.58
2e-05,1.4e-05,5e-13,5e-10,1.5e-10,0.0466,34800000000.0,2230000000.0,11.65,-70.53
2e-05,1.4e-05,5e-13,5e-10,2e-10,0.0466,34800000000.0,2220000000.0,11.66,-70.47
2e-05,1.4e-05,5e-13,5e-10,2.5e-10,0.0466,34800000000.0,2230000000.0,11.65,-70.52
2e-05,1.4e-05,3e-13,4e-10,1e-10,0.0466,37500000000.0,2340000000.0,11.54,-70.94
2e-05,1.4e-05,3e-13,4e-10,5e-11,0.0466,37500000000.0,2340000000.0,11.54,-71.09
2e-05,1.4e-05,3e-13,4e-10,1.5e-10,0.0466,37500000000.0,2350000000.0,11.54,-71.19
2e-05,1.4e-05,3e-13,4e-10,2e-10,0.0466,37500000000.0,2350000000.0,11.54,-72.32
2e-05,1.4e-05,3e-13,4e-10,2.5e-10,0.0466,37500000000.0,2350000000.0,11.54,-71.1
2e-05,1.4e-05,3e-13,3e-10,1e-10,0.0466,41600000000.0,2550000000.0,11.31,-71.94
2e-05,1.4e-05,3e-13,3e-10,5e-11,0.0466,41600000000.0,2560000000.0,11.31,-71.98
2e-05,1.4e-05,3e-13,3.5e-10,1e-10,0.0466,39400000000.0,2420000000.0,11.45,-71.22
2e-05,1.4e-05,3e-13,3.5e-10,5e-11,0.0466,39400000000.0,2450000000.0,11.44,-71.5
2e-05,1.4e-05,3e-13,3.5e-10,1.5e-10,0.0466,39400000000.0,2450000000.0,11.45,-71.53
2e-05,1.4e-05,3e-13,3.5e-10,2e-10,0.0466,39400000000.0,2430000000.0,11.45,-71.51
2e-05,1.4e-05,3e-13,3.5e-10,2.5e-10,0.0466,39400000000.0,2430000000.0,11.45,-71.71
2e-05,1.4e-05,3e-13,4.5e-10,1e-10,0.0466,36100000000.0,2290000000.0,11.6,-70.76
2e-05,1.4e-05,3e-13,4.5e-10,5e-11,0.0466,36100000000.0,2290000000.0,11.6,-70.68
2e-05,1.4e-05,3e-13,4.5e-10,1.5e-10,0.0466,36100000000.0,2280000000.0,11.6,-70.79
2e-05,1.4e-05,3e-13,4.5e-10,2e-10,0.0466,36100000000.0,2290000000.0,11.6,-70.81
2e-05,1.4e-05,3e-13,4.5e-10,2.5e-10,0.0466,36100000000.0,2270000000.0,11.61,-70.82
2e-05,1.4e-05,3e-13,5e-10,1e-10,0.0466,34800000000.0,2230000000.0,11.65,-70.4
2e-05,1.4e-05,3e-13,5e-10,5e-11,0.0466,34800000000.0,2220000000.0,11.66,-70.51
2e-05,1.4e-05,4e-13,4e-10,5e-11,0.0466,37500000000.0,2340000000.0,11.54,-71.08
2e-05,1.4e-05,4e-13,4e-10,2e-10,0.0466,37500000000.0,2340000000.0,11.54,-70.86
2e-05,1.4e-05,4e-13,4e-10,2.5e-10,0.0466,37500000000.0,2360000000.0,11.54,-71.17
2e-05,1.4e-05,4e-13,3e-10,1e-10,0.0466,41600000000.0,2560000000.0,11.31,-71.97
2e-05,1.4e-05,4e-13,3e-10,5e-11,0.0466,41600000000.0,2570000000.0,11.31,-71.94
2e-05,1.4e-05,4e-13,3e-10,1.5e-10,0.0466,41600000000.0,2570000000.0,11.31,-71.99
2e-05,1.4e-05,4e-13,3e-10,2e-10,0.0466,41600000000.0,2550000000.0,11.31,-71.99
2e-05,1.4e-05,4e-13,3e-10,2.5e-10,0.0466,41600000000.0,2550000000.0,11.31,-72.21
2e-05,1.4e-05,4e-13,3.5e-10,1e-10,0.0466,39400000000.0,2440000000.0,11.44,-72.38
2e-05,1.4e-05,4e-13,3.5e-10,5e-11,0.0466,39400000000.0,2440000000.0,11.45,-71.56
2e-05,1.4e-05,4e-13,3.5e-10,1.5e-10,0.0466,39400000000.0,2450000000.0,11.45,-71.16
2e-05,1.4e-05,4e-13,3.5e-10,2e-10,0.0466,39400000000.0,2430000000.0,11.45,-71.41
2e-05,1.4e-05,4e-13,3.5e-10,2.5e-10,0.0466,39300000000.0,2430000000.0,11.45,-71.49
2e-05,1.4e-05,4e-13,4.5e-10,1e-10,0.0466,36100000000.0,2280000000.0,11.6,-70.8
2e-05,1.4e-05,4e-13,4.5e-10,5e-11,0.0466,36100000000.0,2280000000.0,11.61,-70.7
2e-05,1.4e-05,4e-13,4.5e-10,1.5e-10,0.0466,36100000000.0,2270000000.0,11.61,-71.3
2e-05,1.4e-05,4e-13,4.5e-10,2e-10,0.0466,36100000000.0,2270000000.0,11.61,-70.75
2e-05,1.4e-05,4e-13,4.5e-10,2.5e-10,0.0466,36100000000.0,2270000000.0,11.61,-70.87
2e-05,1.4e-05,4e-13,5e-10,1.5e-10,0.0466,34800000000.0,2210000000.0,11.66,-70.63
2e-05,1.4e-05,4e-13,5e-10,2.5e-10,0.0466,34800000000.0,2230000000.0,11.65,-70.54
2e-05,1.4e-05,6e-13,4e-10,1e-10,0.0466,37500000000.0,2360000000.0,11.54,-71.05
2e-05,1.4e-05,6e-13,4e-10,5e-11,0.0466,37500000000.0,2350000000.0,11.54,-71.06
2e-05,1.4e-05,6e-13,4e-10,1.5e-10,0.0466,37500000000.0,2340000000.0,11.54,-71.03
2e-05,1.4e-05,6e-13,3e-10,5e-11,0.0466,41600000000.0,2560000000.0,11.31,-71.58
2e-05,1.4e-05,6e-13,3e-10,1.5e-10,0.0466,41600000000.0,2550000000.0,11.31,-72.0
2e-05,1.4e-05,6e-13,3e-10,2e-10,0.0466,41600000000.0,2550000000.0,11.31,-72.08
2e-05,1.4e-05,6e-13,3e-10,2.5e-10,0.0466,41600000000.0,2560000000.0,11.31,-71.96
2e-05,1.4e-05,6e-13,3.5e-10,1e-10,0.0466,39300000000.0,2440000000.0,11.45,-71.51
2e-05,1.4e-05,6e-13,3.5e-10,5e-11,0.0466,39400000000.0,2430000000.0,11.45,-71.48
2e-05,1.4e-05,6e-13,3.5e-10,1.5e-10,0.0466,39300000000.0,2430000000.0,11.45,-71.52
2e-05,1.4e-05,6e-13,3.5e-10,2e-10,0.0466,39300000000.0,2430000000.0,11.45,-71.5
2e-05,1.4e-05,6e-13,3.5e-10,2.5e-10,0.0466,39300000000.0,2440000000.0,11.44,-71.52
2e-05,1.4e-05,6e-13,4.5e-10,1e-10,0.0466,36100000000.0,2280000000.0,11.61,-70.76
2e-05,1.4e-05,6e-13,4.5e-10,5e-11,0.0466,36100000000.0,2290000000.0,11.6,-70.79
2e-05,1.4e-05,6e-13,4.5e-10,1.5e-10,0.0466,36100000000.0,2270000000.0,11.61,-70.84
2e-05,1.4e-05,6e-13,4.5e-10,2e-10,0.0466,36100000000.0,2270000000.0,11.61,-70.69
2e-05,1.4e-05,6e-13,5e-10,1e-10,0.0466,34800000000.0,2220000000.0,11.66,-70.5
2e-05,1.4e-05,6e-13,5e-10,5e-11,0.0466,34800000000.0,2230000000.0,11.65,-70.51
2e-05,1.4e-05,6e-13,5e-10,2e-10,0.0466,34800000000.0,2230000000.0,11.65,-70.48
2e-05,1.4e-05,7e-13,4e-10,1e-10,0.0466,37500000000.0,2340000000.0,11.54,-71.19
2e-05,1.4e-05,7e-13,4e-10,5e-11,0.0466,37500000000.0,2360000000.0,11.54,-70.82
2e-05,1.4e-05,7e-13,4e-10,1.5e-10,0.0466,37500000000.0,2350000000.0,11.54,-71.11
2e-05,1.4e-05,7e-13,4e-10,2e-10,0.0466,37500000000.0,2340000000.0,11.54,-71.06
2e-05,1.4e-05,7e-13,4e-10,2.5e-10,0.0466,37500000000.0,2340000000.0,11.54,-71.14
2e-05,1.4e-05,7e-13,3e-10,2.5e-10,0.0466,41600000000.0,2550000000.0,11.31,-71.98
2e-05,1.4e-05,7e-13,3.5e-10,1e-10,0.0466,39300000000.0,2440000000.0,11.44,-71.51
2e-05,1.4e-05,7e-13,3.5e-10,5e-11,0.0466,39300000000.0,2440000000.0,11.45,-71.48
2e-05,1.4e-05,7e-13,3.5e-10,1.5e-10,0.0466,39300000000.0,2440000000.0,11.45,-71.49
2e-05,1.4e-05,7e-13,3.5e-10,2.5e-10,0.0466,39300000000.0,2420000000.0,11.45,-71.49
2e-05,1.4e-05,7e-13,4.5e-10,2e-10,0.0466,36100000000.0,2270000000.0,11.61,-70.76
2e-05,1.4e-05,7e-13,4.5e-10,2.5e-10,0.0466,36100000000.0,2280000000.0,11.61,-70.79
2e-05,1.4e-05,7e-13,5e-10,1e-10,0.0466,34800000000.0,2230000000.0,11.65,-70.56
2e-05,1.4e-05,7e-13,5e-10,2e-10,0.0466,34800000000.0,2230000000.0,11.65,-70.55
2e-05,1.5e-05,5e-13,4e-10,1e-10,0.0466,37300000000.0,2350000000.0,11.49,-71.22
2e-05,1.5e-05,5e-13,4e-10,5e-11,0.0466,37300000000.0,2360000000.0,11.49,-71.09
2e-05,1.5e-05,5e-13,4e-10,1.5e-10,0.0466,37300000000.0,2360000000.0,11.49,-71.04
2e-05,1.5e-05,5e-13,4e-10,2e-10,0.0466,37300000000.0,2360000000.0,11.49,-71.16
2e-05,1.5e-05,5e-13,4e-10,2.5e-10,0.0466,37300000000.0,2340000000.0,11.49,-71.04
2e-05,1.5e-05,5e-13,3e-10,1e-10,0.0466,41400000000.0,2550000000.0,11.26,-72.1
2e-05,1.5e-05,5e-13,3e-10,5e-11,0.0466,41400000000.0,2540000000.0,11.26,-71.95
2e-05,1.5e-05,5e-13,3e-10,1.5e-10,0.0466,41400000000.0,2550000000.0,11.25,-72.0
2e-05,1.5e-05,5e-13,3e-10,2e-10,0.0466,41400000000.0,2540000000.0,11.25,-71.89
2e-05,1.5e-05,5e-13,3.5e-10,1e-10,0.0466,39100000000.0,2430000000.0,11.39,-71.4
2e-05,1.5e-05,5e-13,3.5e-10,5e-11,0.0466,39100000000.0,2420000000.0,11.39,-71.21
2e-05,1.5e-05,5e-13,3.5e-10,1.5e-10,0.0466,39100000000.0,2420000000.0,11.39,-71.41
2e-05,1.5e-05,5e-13,3.5e-10,2e-10,0.0466,39100000000.0,2420000000.0,11.39,-71.48
2e-05,1.5e-05,5e-13,4.5e-10,1e-10,0.0466,35900000000.0,2290000000.0,11.56,-70.72
2e-05,1.5e-05,5e-13,4.5e-10,5e-11,0.0466,35900000000.0,2300000000.0,11.56,-70.76
2e-05,1.5e-05,5e-13,4.5e-10,1.5e-10,0.0466,35900000000.0,2300000000.0,11.56,-70.67
2e-05,1.5e-05,5e-13,4.5e-10,2e-10,0.0466,35900000000.0,2300000000.0,11.56,-70.66
2e-05,1.5e-05,5e-13,4.5e-10,2.5e-10,0.0466,35900000000.0,2270000000.0,11.56,-70.74
2e-05,1.5e-05,5e-13,5e-10,1e-10,0.0466,34600000000.0,2210000000.0,11.61,-70.51
2e-05,1.5e-05,5e-13,5e-10,5e-11,0.0466,34600000000.0,2230000000.0,11.61,-70.45
2e-05,1.5e-05,5e-13,5e-10,1.5e-10,0.0466,34600000000.0,2230000000.0,11.61,-70.51
2e-05,1.5e-05,5e-13,5e-10,2e-10,0.0466,34600000000.0,2230000000.0,11.61,-70.39
2e-05,1.5e-05,5e-13,5e-10,2.5e-10,0.0466,34600000000.0,2220000000.0,11.61,-70.49
2e-05,1.5e-05,3e-13,4e-10,1e-10,0.0466,37300000000.0,2350000000.0,11.49,-71.03
2e-05,1.5e-05,3e-13,4e-10,5e-11,0.0466,37300000000.0,2340000000.0,11.49,-70.79
2e-05,1.5e-05,3e-13,4e-10,1.5e-10,0.0466,37300000000.0,2360000000.0,11.49,-71.11
2e-05,1.5e-05,3e-13,4e-10,2e-10,0.0466,37300000000.0,2350000000.0,11.49,-71.09
2e-05,1.5e-05,3e-13,3e-10,1e-10,0.0466,41400000000.0,2550000000.0,11.25,-71.93
2e-05,1.5e-05,3e-13,3e-10,5e-11,0.0466,41400000000.0,2560000000.0,11.25,-71.83
2e-05,1.5e-05,3e-13,3e-10,1.5e-10,0.0466,41400000000.0,2540000000.0,11.25,-72.04
2e-05,1.5e-05,3e-13,3e-10,2e-10,0.0466,41400000000.0,2560000000.0,11.25,-71.92
2e-05,1.5e-05,3e-13,3e-10,2.5e-10,0.0466,41400000000.0,2540000000.0,11.25,-72.05
2e-05,1.5e-05,3e-13,3.5e-10,5e-11,0.0466,39100000000.0,2430000000.0,11.39,-71.39
2e-05,1.5e-05,3e-13,3.5e-10,1.5e-10,0.0466,39100000000.0,2430000000.0,11.39,-71.18
2e-05,1.5e-05,3e-13,3.5e-10,2.5e-10,0.0466,39100000000.0,2420000000.0,11.39,-72.47
2e-05,1.5e-05,3e-13,4.5e-10,1e-10,0.0466,35900000000.0,2300000000.0,11.55,-70.83
2e-05,1.5e-05,3e-13,4.5e-10,5e-11,0.0466,35900000000.0,2290000000.0,11.56,-70.78
2e-05,1.5e-05,3e-13,4.5e-10,1.5e-10,0.0466,35900000000.0,2270000000.0,11.56,-70.73
2e-05,1.5e-05,3e-13,4.5e-10,2.5e-10,0.0466,35900000000.0,2290000000.0,11.56,-70.73
2e-05,1.5e-05,3e-13,5e-10,1e-10,0.0466,34600000000.0,2230000000.0,11.61,-70.44
2e-05,1.5e-05,3e-13,5e-10,5e-11,0.0466,34600000000.0,2220000000.0,11.61,-70.4
2e-05,1.5e-05,3e-13,5e-10,2e-10,0.0466,34600000000.0,2230000000.0,11.61,-70.31
2e-05,1.5e-05,4e-13,4e-10,1.5e-10,0.0466,37300000000.0,2350000000.0,11.49,-71.04
2e-05,1.5e-05,4e-13,4e-10,2e-10,0.0466,37300000000.0,2340000000.0,11.49,-71.08
2e-05,1.5e-05,4e-13,4e-10,2.5e-10,0.0466,37300000000.0,2340000000.0,11.49,-71.88
2e-05,1.5e-05,4e-13,3e-10,1e-10,0.0466,41400000000.0,2540000000.0,11.25,-71.88
2e-05,1.5e-05,4e-13,3e-10,5e-11,0.0466,41400000000.0,2560000000.0,11.25,-72.02
2e-05,1.5e-05,4e-13,3e-10,2.5e-10,0.0466,41400000000.0,2560000000.0,11.25,-71.96
2e-05,1.5e-05,4e-13,3.5e-10,1.5e-10,0.0466,39100000000.0,2420000000.0,11.39,-72.4
2e-05,1.5e-05,4e-13,3.5e-10,2e-10,0.0466,39100000000.0,2430000000.0,11.39,-71.42
2e-05,1.5e-05,4e-13,4.5e-10,1e-10,0.0466,35900000000.0,2280000000.0,11.56,-70.78
2e-05,1.5e-05,4e-13,4.5e-10,1.5e-10,0.0466,35900000000.0,2280000000.0,11.56,-70.75
2e-05,1.5e-05,4e-13,4.5e-10,2e-10,0.0466,35900000000.0,2280000000.0,11.56,-70.74
2e-05,1.5e-05,4e-13,4.5e-10,2.5e-10,0.0466,35900000000.0,2270000000.0,11.56,-71.55
2e-05,1.5e-05,4e-13,5e-10,1e-10,0.0466,34600000000.0,2230000000.0,11.61,-70.48
2e-05,1.5e-05,4e-13,5e-10,5e-11,0.0466,34600000000.0,2240000000.0,11.61,-70.5
2e-05,1.5e-05,4e-13,5e-10,1.5e-10,0.0466,34600000000.0,2230000000.0,11.61,-70.47
2e-05,1.5e-05,4e-13,5e-10,2e-10,0.0466,34600000000.0,2220000000.0,11.61,-70.63
2e-05,1.5e-05,4e-13,5e-10,2.5e-10,0.0466,34600000000.0,2230000000.0,11.61,-70.3
2e-05,1.5e-05,6e-13,4e-10,5e-11,0.0466,37300000000.0,2350000000.0,11.49,-71.75
2e-05,1.5e-05,6e-13,3e-10,1e-10,0.0466,41400000000.0,2560000000.0,11.25,-71.87
2e-05,1.5e-05,6e-13,3e-10,1.5e-10,0.0466,41400000000.0,2560000000.0,11.25,-71.76
2e-05,1.5e-05,6e-13,3e-10,2e-10,0.0466,41400000000.0,2550000000.0,11.25,-71.87
2e-05,1.5e-05,6e-13,3.5e-10,1e-10,0.0466,39100000000.0,2420000000.0,11.39,-72.31
2e-05,1.5e-05,6e-13,3.5e-10,5e-11,0.0466,39100000000.0,2420000000.0,11.39,-71.49
2e-05,1.5e-05,6e-13,3.5e-10,1.5e-10,0.0466,39100000000.0,2420000000.0,11.39,-72.32
2e-05,1.5e-05,6e-13,3.5e-10,2.5e-10,0.0466,39100000000.0,2430000000.0,11.39,-71.43
2e-05,1.5e-05,6e-13,4.5e-10,5e-11,0.0466,35900000000.0,2280000000.0,11.55,-70.78
2e-05,1.5e-05,6e-13,4.5e-10,2e-10,0.0466,35900000000.0,2280000000.0,11.56,-70.76
2e-05,1.5e-05,6e-13,5e-10,5e-11,0.0466,34600000000.0,2220000000.0,11.61,-70.52
2e-05,1.5e-05,7e-13,4e-10,1.5e-10,0.0466,37300000000.0,2350000000.0,11.49,-71.14
2e-05,1.5e-05,7e-13,3e-10,2.5e-10,0.0466,41400000000.0,2550000000.0,11.25,-71.89
2e-05,1.5e-05,7e-13,3.5e-10,5e-11,0.0466,39100000000.0,2420000000.0,11.39,-72.33
2e-05,1.5e-05,7e-13,3.5e-10,2e-10,0.0466,39100000000.0,2430000000.0,11.39,-71.65
2e-05,1.5e-05,7e-13,3.5e-10,2.5e-10,0.0466,39100000000.0,2420000000.0,11.39,-71.53
2e-05,1.5e-05,7e-13,4.5e-10,1e-10,0.0466,35900000000.0,2290000000.0,11.56,-70.56
2e-05,1.5e-05,7e-13,4.5e-10,5e-11,0.0466,35900000000.0,2290000000.0,11.56,-70.7
2e-05,1.5e-05,7e-13,4.5e-10,1.5e-10,0.0466,35900000000.0,2290000000.0,11.56,-70.77
2e-05,1.5e-05,7e-13,4.5e-10,2e-10,0.0466,35900000000.0,2280000000.0,11.56,-70.79
2e-05,1.5e-05,7e-13,4.5e-10,2.5e-10,0.0466,35900000000.0,2290000000.0,11.55,-70.78
2e-05,1.5e-05,7e-13,5e-10,1e-10,0.0466,34600000000.0,2240000000.0,11.61,-71.18
2e-05,1.5e-05,7e-13,5e-10,5e-11,0.0466,34600000000.0,2230000000.0,11.61,-70.46
2e-05,1.6e-05,5e-13,4e-10,1e-10,0.0466,37100000000.0,2330000000.0,11.43,-71.08
2e-05,1.6e-05,5e-13,4e-10,5e-11,0.0466,37100000000.0,2330000000.0,11.43,-71.1
2e-05,1.6e-05,5e-13,4e-10,1.5e-10,0.0466,37100000000.0,2330000000.0,11.44,-71.01
2e-05,1.6e-05,5e-13,4e-10,2e-10,0.0466,37100000000.0,2320000000.0,11.44,-71.04
2e-05,1.6e-05,5e-13,3e-10,1e-10,0.0466,41200000000.0,2520000000.0,11.19,-71.89
2e-05,1.6e-05,5e-13,3e-10,5e-11,0.0466,41200000000.0,2530000000.0,11.19,-72.55
2e-05,1.6e-05,5e-13,3e-10,1.5e-10,0.0466,41200000000.0,2540000000.0,11.18,-71.94
2e-05,1.6e-05,5e-13,3e-10,2e-10,0.0466,41200000000.0,2540000000.0,11.19,-72.05
2e-05,1.6e-05,5e-13,3e-10,2.5e-10,0.0466,41200000000.0,2520000000.0,11.19,-71.91
2e-05,1.6e-05,5e-13,3.5e-10,1e-10,0.0466,38900000000.0,2410000000.0,11.34,-71.46
2e-05,1.6e-05,5e-13,3.5e-10,5e-11,0.0466,38900000000.0,2420000000.0,11.33,-71.39
2e-05,1.6e-05,5e-13,3.5e-10,1.5e-10,0.0466,38900000000.0,2410000000.0,11.34,-72.02
2e-05,1.6e-05,5e-13,3.5e-10,2.5e-10,0.0466,38900000000.0,2430000000.0,11.33,-71.37
2e-05,1.6e-05,5e-13,4.5e-10,1e-10,0.0466,35700000000.0,2260000000.0,11.51,-70.87
2e-05,1.6e-05,5e-13,4.5e-10,5e-11,0.0466,35700000000.0,2260000000.0,11.51,-70.75
2e-05,1.6e-05,5e-13,4.5e-10,1.5e-10,0.0466,35700000000.0,2260000000.0,11.51,-70.71
2e-05,1.6e-05,5e-13,4.5e-10,2.5e-10,0.0466,35700000000.0,2270000000.0,11.51,-70.51
2e-05,1.6e-05,5e-13,5e-10,1e-10,0.0466,34400000000.0,2200000000.0,11.57,-70.46
2e-05,1.6e-05,5e-13,5e-10,5e-11,0.0466,34400000000.0,2200000000.0,11.56,-70.46
2e-05,1.6e-05,5e-13,5e-10,1.5e-10,0.0466,34400000000.0,2220000000.0,11.56,-70.53
2e-05,1.6e-05,5e-13,5e-10,2e-10,0.0466,34400000000.0,2200000000.0,11.56,-70.44
2e-05,1.6e-05,5e-13,5e-10,2.5e-10,0.0466,34400000000.0,2210000000.0,11.56,-70.51
2e-05,1.6e-05,3e-13,4e-10,1e-10,0.0466,37100000000.0,2340000000.0,11.43,-71.75
2e-05,1.6e-05,3e-13,4e-10,5e-11,0.0466,37100000000.0,2340000000.0,11.43,-71.04
2e-05,1.6e-05,3e-13,4e-10,2e-10,0.0466,37100000000.0,2340000000.0,11.43,-71.0
2e-05,1.6e-05,3e-13,4e-10,2.5e-10,0.0466,37100000000.0,2330000000.0,11.43,-70.98
2e-05,1.6e-05,3e-13,3e-10,1e-10,0.0466,41200000000.0,2530000000.0,11.19,-72.47
2e-05,1.6e-05,3e-13,3e-10,5e-11,0.0466,41200000000.0,2530000000.0,11.19,-71.87
2e-05,1.6e-05,3e-13,3e-10,1.5e-10,0.0466,41200000000.0,2540000000.0,11.19,-73.94
2e-05,1.6e-05,3e-13,3e-10,2e-10,0.0466,41200000000.0,2520000000.0,11.19,-71.88
2e-05,1.6e-05,3e-13,3e-10,2.5e-10,0.0466,41200000000.0,2520000000.0,11.19,-71.87
2e-05,1.6e-05,3e-13,3.5e-10,1e-10,0.0466,38900000000.0,2430000000.0,11.33,-71.38
2e-05,1.6e-05,3e-13,3.5e-10,5e-11,0.0466,38900000000.0,2430000000.0,11.33,-71.66
2e-05,1.6e-05,3e-13,3.5e-10,1.5e-10,0.0466,38900000000.0,2430000000.0,11.33,-71.46
2e-05,1.6e-05,3e-13,3.5e-10,2.5e-10,0.0466,38900000000.0,2420000000.0,11.33,-71.4
2e-05,1.6e-05,3e-13,4.5e-10,1e-10,0.0466,35700000000.0,2270000000.0,11.5,-70.68
2e-05,1.6e-05,3e-13,4.5e-10,5e-11,0.0466,35700000000.0,2270000000.0,11.51,-70.73
2e-05,1.6e-05,3e-13,4.5e-10,1.5e-10,0.0466,35700000000.0,2270000000.0,11.51,-70.75
2e-05,1.6e-05,3e-13,4.5e-10,2e-10,0.0466,35700000000.0,2260000000.0,11.51,-70.77
2e-05,1.6e-05,3e-13,4.5e-10,2.5e-10,0.0466,35700000000.0,2260000000.0,11.51,-70.69
2e-05,1.6e-05,3e-13,5e-10,1e-10,0.0466,34400000000.0,2210000000.0,11.56,-70.47
2e-05,1.6e-05,3e-13,5e-10,5e-11,0.0466,34400000000.0,2220000000.0,11.56,-70.41
2e-05,1.6e-05,3e-13,5e-10,1.5e-10,0.0466,34400000000.0,2220000000.0,11.56,-70.35
2e-05,1.6e-05,3e-13,5e-10,2e-10,0.0466,34400000000.0,2210000000.0,11.56,-70.46
2e-05,1.6e-05,3e-13,5e-10,2.5e-10,0.0466,34400000000.0,2220000000.0,11.56,-70.47
2e-05,1.6e-05,4e-13,4e-10,1e-10,0.0466,37100000000.0,2330000000.0,11.43,-71.21
2e-05,1.6e-05,4e-13,4e-10,5e-11,0.0466,37100000000.0,2350000000.0,11.43,-71.0
2e-05,1.6e-05,4e-13,4e-10,1.5e-10,0.0466,37100000000.0,2320000000.0,11.44,-70.97
2e-05,1.6e-05,4e-13,4e-10,2e-10,0.0466,37100000000.0,2330000000.0,11.44,-71.0
2e-05,1.6e-05,4e-13,4e-10,2.5e-10,0.0466,37100000000.0,2330000000.0,11.44,-71.02
2e-05,1.6e-05,4e-13,3e-10,1e-10,0.0466,41200000000.0,2540000000.0,11.19,-71.85
2e-05,1.6e-05,4e-13,3e-10,5e-11,0.0466,41200000000.0,2540000000.0,11.19,-71.52
2e-05,1.6e-05,4e-13,3e-10,1.5e-10,0.0466,41200000000.0,2530000000.0,11.18,-71.9
2e-05,1.6e-05,4e-13,3e-10,2e-10,0.0466,41200000000.0,2530000000.0,11.18,-71.85
2e-05,1.6e-05,4e-13,3e-10,2.5e-10,0.0466,41200000000.0,2530000000.0,11.19,-71.79
2e-05,1.6e-05,4e-13,3.5e-10,5e-11,0.0466,38900000000.0,2410000000.0,11.34,-71.4
2e-05,1.6e-05,4e-13,3.5e-10,1.5e-10,0.0466,38900000000.0,2420000000.0,11.33,-71.04
2e-05,1.6e-05,4e-13,3.5e-10,2e-10,0.0466,38900000000.0,2410000000.0,11.34,-71.44
2e-05,1.6e-05,4e-13,3.5e-10,2.5e-10,0.0466,38900000000.0,2410000000.0,11.34,-71.36
2e-05,1.6e-05,4e-13,4.5e-10,1e-10,0.0466,35700000000.0,2270000000.0,11.51,-70.74
2e-05,1.6e-05,4e-13,4.5e-10,1.5e-10,0.0466,35700000000.0,2260000000.0,11.51,-70.72
2e-05,1.6e-05,4e-13,4.5e-10,2e-10,0.0466,35700000000.0,2280000000.0,11.51,-70.72
2e-05,1.6e-05,4e-13,4.5e-10,2.5e-10,0.0466,35700000000.0,2260000000.0,11.51,-71.47
2e-05,1.6e-05,4e-13,5e-10,1e-10,0.0466,34400000000.0,2220000000.0,11.56,-70.38
2e-05,1.6e-05,4e-13,5e-10,5e-11,0.0466,34400000000.0,2220000000.0,11.56,-70.44
2e-05,1.6e-05,4e-13,5e-10,1.5e-10,0.0466,34400000000.0,2220000000.0,11.56,-70.49
2e-05,1.6e-05,4e-13,5e-10,2e-10,0.0466,34400000000.0,2220000000.0,11.56,-71.25
2e-05,1.6e-05,4e-13,5e-10,2.5e-10,0.0466,34400000000.0,2220000000.0,11.56,-70.5
2e-05,1.6e-05,6e-13,4e-10,1e-10,0.0466,37100000000.0,2330000000.0,11.44,-70.91
2e-05,1.6e-05,6e-13,4e-10,5e-11,0.0466,37100000000.0,2340000000.0,11.43,-70.99
2e-05,1.6e-05,6e-13,4e-10,1.5e-10,0.0466,37100000000.0,2330000000.0,11.43,-71.06
2e-05,1.6e-05,6e-13,4e-10,2e-10,0.0466,37100000000.0,2320000000.0,11.44,-71.02
2e-05,1.6e-05,6e-13,4e-10,2.5e-10,0.0466,37100000000.0,2330000000.0,11.44,-71.09
2e-05,1.6e-05,6e-13,3e-10,1e-10,0.0466,41200000000.0,2530000000.0,11.19,-71.43
2e-05,1.6e-05,6e-13,3e-10,5e-11,0.0466,41200000000.0,2540000000.0,11.18,-71.91
2e-05,1.6e-05,6e-13,3e-10,1.5e-10,0.0466,41200000000.0,2540000000.0,11.19,-71.89
2e-05,1.6e-05,6e-13,3e-10,2.5e-10,0.0466,41200000000.0,2530000000.0,11.19,-71.85
2e-05,1.6e-05,6e-13,3.5e-10,1e-10,0.0466,38900000000.0,2430000000.0,11.33,-71.44
2e-05,1.6e-05,6e-13,3.5e-10,5e-11,0.0466,38900000000.0,2410000000.0,11.34,-72.05
2e-05,1.6e-05,6e-13,3.5e-10,2e-10,0.0466,38900000000.0,2410000000.0,11.34,-72.03
2e-05,1.6e-05,6e-13,4.5e-10,1.5e-10,0.0466,35700000000.0,2260000000.0,11.51,-71.44
2e-05,1.6e-05,6e-13,4.5e-10,2e-10,0.0466,35700000000.0,2270000000.0,11.51,-70.72
2e-05,1.6e-05,6e-13,4.5e-10,2.5e-10,0.0466,35700000000.0,2280000000.0,11.5,-70.75
2e-05,1.6e-05,6e-13,5e-10,1e-10,0.0466,34400000000.0,2200000000.0,11.56,-71.1
2e-05,1.6e-05,6e-13,5e-10,5e-11,0.0466,34400000000.0,2210000000.0,11.57,-70.51
2e-05,1.6e-05,6e-13,5e-10,1.5e-10,0.0466,34400000000.0,2210000000.0,11.57,-70.43
2e-05,1.6e-05,6e-13,5e-10,2e-10,0.0466,34400000000.0,2220000000.0,11.56,-70.27
2e-05,1.6e-05,6e-13,5e-10,2.5e-10,0.0466,34400000000.0,2210000000.0,11.57,-70.45
2e-05,1.6e-05,7e-13,4e-10,1e-10,0.0466,37100000000.0,2340000000.0,11.43,-71.03
2e-05,1.6e-05,7e-13,4e-10,5e-11,0.0466,37100000000.0,2330000000.0,11.44,-71.32
2e-05,1.6e-05,7e-13,4e-10,1.5e-10,0.0466,37100000000.0,2320000000.0,11.44,-71.0
2e-05,1.6e-05,7e-13,4e-10,2e-10,0.0466,37100000000.0,2320000000.0,11.44,-70.99
2e-05,1.6e-05,7e-13,3e-10,1e-10,0.0466,41200000000.0,2530000000.0,11.19,-71.78
2e-05,1.6e-05,7e-13,3e-10,1.5e-10,0.0466,41200000000.0,2530000000.0,11.19,-72.0
2e-05,1.6e-05,7e-13,3e-10,2e-10,0.0466,41200000000.0,2540000000.0,11.19,-71.88
2e-05,1.6e-05,7e-13,3e-10,2.5e-10,0.0466,41200000000.0,2530000000.0,11.19,-71.92
2e-05,1.6e-05,7e-13,3.5e-10,5e-11,0.0466,38900000000.0,2430000000.0,11.33,-71.51
2e-05,1.6e-05,7e-13,3.5e-10,2e-10,0.0466,38900000000.0,2430000000.0,11.33,-72.15
2e-05,1.6e-05,7e-13,4.5e-10,1e-10,0.0466,35700000000.0,2250000000.0,11.51,-70.47
2e-05,1.6e-05,7e-13,4.5e-10,2e-10,0.0466,35700000000.0,2260000000.0,11.51,-70.79
2e-05,1.6e-05,7e-13,5e-10,1e-10,0.0466,34400000000.0,2210000000.0,11.57,-70.44
2e-05,1.6e-05,7e-13,5e-10,1.5e-10,0.0466,34400000000.0,2220000000.0,11.56,-70.52
2e-05,1.6e-05,7e-13,5e-10,2.5e-10,0.0466,34400000000.0,2210000000.0,11.56,-70.45
2e-05,1.7e-05,5e-13,4e-10,1e-10,0.0466,37000000000.0,2300000000.0,11.37,-70.91
2e-05,1.7e-05,5e-13,4e-10,5e-11,0.0466,37000000000.0,2300000000.0,11.38,-70.97
2e-05,1.7e-05,5e-13,4e-10,1.5e-10,0.0466,37000000000.0,2300000000.0,11.38,-70.96
2e-05,1.7e-05,5e-13,4e-10,2e-10,0.0466,37000000000.0,2300000000.0,11.38,-71.01
2e-05,1.7e-05,5e-13,4e-10,2.5e-10,0.0466,37000000000.0,2310000000.0,11.37,-70.97
2e-05,1.7e-05,5e-13,3e-10,1e-10,0.0466,41000000000.0,2480000000.0,11.12,-71.88
2e-05,1.7e-05,5e-13,3e-10,5e-11,0.0466,41000000000.0,2480000000.0,11.12,-71.89
2e-05,1.7e-05,5e-13,3e-10,1.5e-10,0.0466,41000000000.0,2490000000.0,11.11,-71.64
2e-05,1.7e-05,5e-13,3e-10,2e-10,0.0466,41000000000.0,2490000000.0,11.11,-71.79
2e-05,1.7e-05,5e-13,3e-10,2.5e-10,0.0466,41000000000.0,2490000000.0,11.11,-71.76
2e-05,1.7e-05,5e-13,3.5e-10,1e-10,0.0466,38800000000.0,2380000000.0,11.27,-71.34
2e-05,1.7e-05,5e-13,3.5e-10,5e-11,0.0466,38800000000.0,2370000000.0,11.27,-71.8
2e-05,1.7e-05,5e-13,3.5e-10,1.5e-10,0.0466,38800000000.0,2380000000.0,11.27,-71.32
2e-05,1.7e-05,5e-13,3.5e-10,2e-10,0.0466,38800000000.0,2380000000.0,11.27,-71.33
2e-05,1.7e-05,5e-13,4.5e-10,1e-10,0.0466,35500000000.0,2230000000.0,11.46,-70.71
2e-05,1.7e-05,5e-13,4.5e-10,5e-11,0.0466,35500000000.0,2240000000.0,11.45,-70.63
2e-05,1.7e-05,5e-13,4.5e-10,1.5e-10,0.0466,35500000000.0,2220000000.0,11.46,-70.76
2e-05,1.7e-05,5e-13,4.5e-10,2e-10,0.0466,35500000000.0,2230000000.0,11.46,-70.67
2e-05,1.7e-05,5e-13,4.5e-10,2.5e-10,0.0466,35500000000.0,2230000000.0,11.46,-70.64
2e-05,1.7e-05,5e-13,5e-10,1e-10,0.0466,34300000000.0,2180000000.0,11.52,-70.3
2e-05,1.7e-05,5e-13,5e-10,5e-11,0.0466,34300000000.0,2190000000.0,11.51,-70.57
2e-05,1.7e-05,5e-13,5e-10,1.5e-10,0.0466,34300000000.0,2180000000.0,11.52,-70.37
2e-05,1.7e-05,5e-13,5e-10,2e-10,0.0466,34300000000.0,2200000000.0,11.51,-70.38
2e-05,1.7e-05,5e-13,5e-10,2.5e-10,0.0466,34300000000.0,2180000000.0,11.51,-70.17
2e-05,1.7e-05,3e-13,4e-10,1e-10,0.0466,37000000000.0,2310000000.0,11.37,-71.0
2e-05,1.7e-05,3e-13,4e-10,5e-11,0.0466,37000000000.0,2290000000.0,11.38,-71.1
2e-05,1.7e-05,3e-13,4e-10,1.5e-10,0.0466,37000000000.0,2300000000.0,11.38,-70.68
2e-05,1.7e-05,3e-13,4e-10,2e-10,0.0466,37000000000.0,2300000000.0,11.38,-70.7
2e-05,1.7e-05,3e-13,4e-10,2.5e-10,0.0466,37000000000.0,2280000000.0,11.38,-71.01
2e-05,1.7e-05,3e-13,3e-10,5e-11,0.0466,41000000000.0,2480000000.0,11.12,-72.15
2e-05,1.7e-05,3e-13,3e-10,1.5e-10,0.0466,41000000000.0,2480000000.0,11.12,-71.96
2e-05,1.7e-05,3e-13,3e-10,2e-10,0.0466,41000000000.0,2480000000.0,11.12,-71.78
2e-05,1.7e-05,3e-13,3e-10,2.5e-10,0.0466,41000000000.0,2480000000.0,11.12,-71.43
2e-05,1.7e-05,3e-13,3.5e-10,1e-10,0.0466,38800000000.0,2380000000.0,11.27,-71.3
2e-05,1.7e-05,3e-13,3.5e-10,5e-11,0.0466,38800000000.0,2390000000.0,11.27,-71.32
2e-05,1.7e-05,3e-13,3.5e-10,2.5e-10,0.0466,38800000000.0,2390000000.0,11.27,-71.33
2e-05,1.7e-05,3e-13,4.5e-10,1e-10,0.0466,35500000000.0,2230000000.0,11.46,-70.72
2e-05,1.7e-05,3e-13,4.5e-10,5e-11,0.0466,35500000000.0,2230000000.0,11.45,-70.84
2e-05,1.7e-05,3e-13,4.5e-10,1.5e-10,0.0466,35500000000.0,2240000000.0,11.45,-70.66
2e-05,1.7e-05,3e-13,4.5e-10,2e-10,0.0466,35500000000.0,2230000000.0,11.45,-71.79
2e-05,1.7e-05,3e-13,5e-10,1e-10,0.0466,34300000000.0,2180000000.0,11.51,-70.39
2e-05,1.7e-05,3e-13,5e-10,5e-11,0.0466,34300000000.0,2180000000.0,11.51,-70.45
2e-05,1.7e-05,3e-13,5e-10,1.5e-10,0.0466,34300000000.0,2190000000.0,11.51,-70.38
2e-05,1.7e-05,3e-13,5e-10,2e-10,0.0466,34300000000.0,2180000000.0,11.52,-70.54
2e-05,1.7e-05,3e-13,5e-10,2.5e-10,0.0466,34300000000.0,2200000000.0,11.51,-70.45
2e-05,1.7e-05,4e-13,4e-10,1e-10,0.0466,37000000000.0,2290000000.0,11.38,-70.96
2e-05,1.7e-05,4e-13,4e-10,5e-11,0.0466,37000000000.0,2300000000.0,11.38,-70.88
2e-05,1.7e-05,4e-13,4e-10,1.5e-10,0.0466,37000000000.0,2300000000.0,11.37,-70.98
2e-05,1.7e-05,4e-13,4e-10,2e-10,0.0466,37000000000.0,2290000000.0,11.38,-70.97
2e-05,1.7e-05,4e-13,4e-10,2.5e-10,0.0466,37000000000.0,2310000000.0,11.37,-70.94
2e-05,1.7e-05,4e-13,3e-10,1e-10,0.0466,41000000000.0,2490000000.0,11.11,-71.75
2e-05,1.7e-05,4e-13,3e-10,5e-11,0.0466,41000000000.0,2480000000.0,11.12,-72.17
2e-05,1.7e-05,4e-13,3e-10,1.5e-10,0.0466,41000000000.0,2480000000.0,11.12,-71.45
2e-05,1.7e-05,4e-13,3e-10,2e-10,0.0466,41000000000.0,2480000000.0,11.11,-71.74
2e-05,1.7e-05,4e-13,3e-10,2.5e-10,0.0466,41000000000.0,2490000000.0,11.11,-71.73
2e-05,1.7e-05,4e-13,3.5e-10,1e-10,0.0466,38800000000.0,2380000000.0,11.27,-71.35
2e-05,1.7e-05,4e-13,3.5e-10,5e-11,0.0466,38800000000.0,2370000000.0,11.27,-71.34
2e-05,1.7e-05,4e-13,3.5e-10,2.5e-10,0.0466,38800000000.0,2370000000.0,11.27,-71.32
2e-05,1.7e-05,4e-13,4.5e-10,1e-10,0.0466,35500000000.0,2250000000.0,11.45,-70.8
2e-05,1.7e-05,4e-13,4.5e-10,1.5e-10,0.0466,35500000000.0,2240000000.0,11.45,-70.41
2e-05,1.7e-05,4e-13,4.5e-10,2.5e-10,0.0466,35500000000.0,2230000000.0,11.46,-70.7
2e-05,1.7e-05,4e-13,5e-10,1e-10,0.0466,34300000000.0,2180000000.0,11.51,-70.34
2e-05,1.7e-05,4e-13,5e-10,5e-11,0.0466,34300000000.0,2200000000.0,11.51,-71.04
2e-05,1.7e-05,4e-13,5e-10,1.5e-10,0.0466,34300000000.0,2190000000.0,11.52,-70.45
2e-05,1.7e-05,4e-13,5e-10,2e-10,0.0466,34300000000.0,2190000000.0,11.51,-70.17
2e-05,1.7e-05,6e-13,4e-10,5e-11,0.0466,37000000000.0,2300000000.0,11.38,-70.86
2e-05,1.7e-05,6e-13,4e-10,1.5e-10,0.0466,37000000000.0,2310000000.0,11.37,-70.96
2e-05,1.7e-05,6e-13,4e-10,2e-10,0.0466,37000000000.0,2300000000.0,11.38,-70.69
2e-05,1.7e-05,6e-13,4e-10,2.5e-10,0.0466,37000000000.0,2300000000.0,11.37,-70.96
2e-05,1.7e-05,6e-13,3e-10,1e-10,0.0466,41000000000.0,2480000000.0,11.12,-71.74
2e-05,1.7e-05,6e-13,3e-10,5e-11,0.0466,41000000000.0,2490000000.0,11.11,-71.72
2e-05,1.7e-05,6e-13,3e-10,1.5e-10,0.0466,41000000000.0,2480000000.0,11.12,-71.7
2e-05,1.7e-05,6e-13,3e-10,2e-10,0.0466,41000000000.0,2480000000.0,11.12,-71.81
2e-05,1.7e-05,6e-13,3.5e-10,1e-10,0.0466,38800000000.0,2380000000.0,11.27,-71.27
2e-05,1.7e-05,6e-13,3.5e-10,5e-11,0.0466,38800000000.0,2370000000.0,11.27,-71.37
2e-05,1.7e-05,6e-13,3.5e-10,1.5e-10,0.0466,38800000000.0,2390000000.0,11.27,-71.35
2e-05,1.7e-05,6e-13,4.5e-10,1e-10,0.0466,35500000000.0,2230000000.0,11.46,-70.75
2e-05,1.7e-05,6e-13,4.5e-10,5e-11,0.0466,35500000000.0,2240000000.0,11.45,-70.82
2e-05,1.7e-05,6e-13,4.5e-10,1.5e-10,0.0466,35500000000.0,2230000000.0,11.46,-70.69
2e-05,1.7e-05,6e-13,4.5e-10,2.5e-10,0.0466,35500000000.0,2230000000.0,11.45,-70.69
2e-05,1.7e-05,6e-13,5e-10,1e-10,0.0466,34300000000.0,2190000000.0,11.51,-70.55
2e-05,1.7e-05,6e-13,5e-10,5e-11,0.0466,34300000000.0,2190000000.0,11.51,-70.34
2e-05,1.7e-05,6e-13,5e-10,1.5e-10,0.0466,34300000000.0,2200000000.0,11.51,-70.4
2e-05,1.7e-05,6e-13,5e-10,2e-10,0.0466,34300000000.0,2200000000.0,11.51,-71.13
2e-05,1.7e-05,6e-13,5e-10,2.5e-10,0.0466,34300000000.0,2190000000.0,11.51,-70.33
2e-05,1.7e-05,7e-13,4e-10,5e-11,0.0466,37000000000.0,2300000000.0,11.38,-70.91
2e-05,1.7e-05,7e-13,4e-10,2.5e-10,0.0466,37000000000.0,2300000000.0,11.37,-70.95
2e-05,1.7e-05,7e-13,3e-10,1.5e-10,0.0466,41000000000.0,2470000000.0,11.12,-71.81
2e-05,1.7e-05,7e-13,3e-10,2e-10,0.0466,41000000000.0,2480000000.0,11.12,-71.94
2e-05,1.7e-05,7e-13,3e-10,2.5e-10,0.0466,41000000000.0,2490000000.0,11.12,-71.53
2e-05,1.7e-05,7e-13,3.5e-10,5e-11,0.0466,38800000000.0,2360000000.0,11.27,-71.35
2e-05,1.7e-05,7e-13,3.5e-10,2.5e-10,0.0466,38800000000.0,2380000000.0,11.27,-71.29
2e-05,1.7e-05,7e-13,4.5e-10,1e-10,0.0466,35500000000.0,2240000000.0,11.45,-70.72
2e-05,1.7e-05,7e-13,4.5e-10,5e-11,0.0466,35500000000.0,2240000000.0,11.45,-70.71
2e-05,1.7e-05,7e-13,4.5e-10,1.5e-10,0.0466,35500000000.0,2250000000.0,11.45,-70.83
2e-05,1.7e-05,7e-13,4.5e-10,2e-10,0.0466,35500000000.0,2240000000.0,11.45,-70.68
2e-05,1.7e-05,7e-13,5e-10,1e-10,0.0466,34300000000.0,2190000000.0,11.51,-70.41
2e-05,1.7e-05,7e-13,5e-10,5e-11,0.0466,34300000000.0,2180000000.0,11.52,-70.36
2e-05,1.7e-05,7e-13,5e-10,1.5e-10,0.0466,34300000000.0,2200000000.0,11.51,-70.39
2e-05,1.7e-05,7e-13,5e-10,2e-10,0.0466,34300000000.0,2200000000.0,11.51,-70.57
2e-05,1.7e-05,7e-13,5e-10,2.5e-10,0.0466,34300000000.0,2180000000.0,11.51,-70.4
2e-05,1.8e-05,5e-13,4e-10,1e-10,0.0466,36800000000.0,2240000000.0,11.31,-70.87
2e-05,1.8e-05,5e-13,4e-10,5e-11,0.0466,36800000000.0,2250000000.0,11.31,-70.82
2e-05,1.8e-05,5e-13,4e-10,2e-10,0.0466,36800000000.0,2230000000.0,11.32,-70.94
2e-05,1.8e-05,5e-13,3e-10,1e-10,0.0466,40900000000.0,2410000000.0,11.04,-71.64
2e-05,1.8e-05,5e-13,3e-10,5e-11,0.0466,40900000000.0,2430000000.0,11.04,-71.65
2e-05,1.8e-05,5e-13,3e-10,1.5e-10,0.0466,40900000000.0,2410000000.0,11.04,-71.71
2e-05,1.8e-05,5e-13,3.5e-10,1e-10,0.0466,38600000000.0,2320000000.0,11.2,-71.21
2e-05,1.8e-05,5e-13,3.5e-10,1.5e-10,0.0466,38600000000.0,2320000000.0,11.21,-71.29
2e-05,1.8e-05,5e-13,3.5e-10,2e-10,0.0466,38600000000.0,2310000000.0,11.21,-71.32
2e-05,1.8e-05,5e-13,3.5e-10,2.5e-10,0.0466,38600000000.0,2310000000.0,11.2,-71.04
2e-05,1.8e-05,5e-13,4.5e-10,1e-10,0.0466,35400000000.0,2200000000.0,11.39,-70.64
2e-05,1.8e-05,5e-13,4.5e-10,5e-11,0.0466,35400000000.0,2190000000.0,11.39,-70.71
2e-05,1.8e-05,5e-13,4.5e-10,1.5e-10,0.0466,35400000000.0,2200000000.0,11.39,-70.12
2e-05,1.8e-05,5e-13,4.5e-10,2e-10,0.0466,35400000000.0,2200000000.0,11.39,-70.61
2e-05,1.8e-05,5e-13,4.5e-10,2.5e-10,0.0466,35400000000.0,2190000000.0,11.4,-70.65
2e-05,1.8e-05,5e-13,5e-10,1e-10,0.0466,34100000000.0,2130000000.0,11.46,-70.38
2e-05,1.8e-05,5e-13,5e-10,5e-11,0.0466,34100000000.0,2140000000.0,11.46,-70.39
2e-05,1.8e-05,5e-13,5e-10,1.5e-10,0.0466,34100000000.0,2140000000.0,11.46,-70.42
2e-05,1.8e-05,5e-13,5e-10,2.5e-10,0.0466,34100000000.0,2140000000.0,11.46,-70.38
2e-05,1.8e-05,3e-13,4e-10,1e-10,0.0466,36800000000.0,2250000000.0,11.31,-70.84
2e-05,1.8e-05,3e-13,4e-10,5e-11,0.0466,36800000000.0,2250000000.0,11.31,-70.65
2e-05,1.8e-05,3e-13,4e-10,1.5e-10,0.0466,36800000000.0,2230000000.0,11.32,-70.9
2e-05,1.8e-05,3e-13,4e-10,2e-10,0.0466,36800000000.0,2250000000.0,11.31,-70.94
2e-05,1.8e-05,3e-13,4e-10,2.5e-10,0.0466,36800000000.0,2240000000.0,11.32,-70.91
2e-05,1.8e-05,3e-13,3e-10,1e-10,0.0466,40900000000.0,2410000000.0,11.04,-72.15
2e-05,1.8e-05,3e-13,3e-10,5e-11,0.0466,40900000000.0,2420000000.0,11.04,-71.62
2e-05,1.8e-05,3e-13,3e-10,1.5e-10,0.0466,40900000000.0,2410000000.0,11.04,-71.72
2e-05,1.8e-05,3e-13,3e-10,2e-10,0.0466,40900000000.0,2420000000.0,11.04,-71.67
2e-05,1.8e-05,3e-13,3.5e-10,1e-10,0.0466,38600000000.0,2320000000.0,11.2,-71.26
2e-05,1.8e-05,3e-13,3.5e-10,5e-11,0.0466,38600000000.0,2320000000.0,11.2,-71.24
2e-05,1.8e-05,3e-13,3.5e-10,1.5e-10,0.0466,38600000000.0,2320000000.0,11.2,-71.3
2e-05,1.8e-05,3e-13,3.5e-10,2e-10,0.0466,38600000000.0,2310000000.0,11.2,-71.81
2e-05,1.8e-05,3e-13,3.5e-10,2.5e-10,0.0466,38600000000.0,2310000000.0,11.2,-71.28
2e-05,1.8e-05,3e-13,4.5e-10,1e-10,0.0466,35400000000.0,2190000000.0,11.39,-70.73
2e-05,1.8e-05,3e-13,4.5e-10,5e-11,0.0466,35400000000.0,2190000000.0,11.4,-70.43
2e-05,1.8e-05,3e-13,4.5e-10,1.5e-10,0.0466,35400000000.0,2190000000.0,11.39,-70.56
2e-05,1.8e-05,3e-13,4.5e-10,2e-10,0.0466,35400000000.0,2190000000.0,11.4,-70.61
2e-05,1.8e-05,3e-13,4.5e-10,2.5e-10,0.0466,35400000000.0,2190000000.0,11.4,-70.62
2e-05,1.8e-05,3e-13,5e-10,1e-10,0.0466,34100000000.0,2140000000.0,11.46,-70.37
2e-05,1.8e-05,3e-13,5e-10,5e-11,0.0466,34100000000.0,2150000000.0,11.46,-70.34
2e-05,1.8e-05,3e-13,5e-10,2e-10,0.0466,34100000000.0,2160000000.0,11.45,-70.33
2e-05,1.8e-05,3e-13,5e-10,2.5e-10,0.0466,34100000000.0,2140000000.0,11.46,-70.33
2e-05,1.8e-05,4e-13,4e-10,1e-10,0.0466,36800000000.0,2230000000.0,11.32,-70.7
2e-05,1.8e-05,4e-13,4e-10,2e-10,0.0466,36800000000.0,2250000000.0,11.31,-70.89
2e-05,1.8e-05,4e-13,3.5e-10,1e-10,0.0466,38600000000.0,2320000000.0,11.2,-71.0
2e-05,1.8e-05,4e-13,3.5e-10,5e-11,0.0466,38600000000.0,2330000000.0,11.2,-71.23
2e-05,1.8e-05,4e-13,3.5e-10,1.5e-10,0.0466,38600000000.0,2330000000.0,11.2,-71.29
2e-05,1.8e-05,4e-13,3.5e-10,2e-10,0.0466,38600000000.0,2320000000.0,11.2,-71.18
2e-05,1.8e-05,4e-13,3.5e-10,2.5e-10,0.0466,38600000000.0,2310000000.0,11.21,-71.28
2e-05,1.8e-05,4e-13,4.5e-10,1e-10,0.0466,35400000000.0,2190000000.0,11.4,-70.59
2e-05,1.8e-05,4e-13,4.5e-10,5e-11,0.0466,35400000000.0,2190000000.0,11.39,-70.62
2e-05,1.8e-05,4e-13,4.5e-10,1.5e-10,0.0466,35400000000.0,2200000000.0,11.39,-70.63
2e-05,1.8e-05,4e-13,5e-10,5e-11,0.0466,34100000000.0,2150000000.0,11.46,-70.35
2e-05,1.8e-05,4e-13,5e-10,1.5e-10,0.0466,34100000000.0,2150000000.0,11.46,-70.37
2e-05,1.8e-05,4e-13,5e-10,2e-10,0.0466,34100000000.0,2140000000.0,11.46,-70.43
2e-05,1.8e-05,6e-13,4e-10,1e-10,0.0466,36800000000.0,2250000000.0,11.31,-71.07
2e-05,1.8e-05,6e-13,4e-10,5e-11,0.0466,36800000000.0,2230000000.0,11.32,-70.81
2e-05,1.8e-05,6e-13,4e-10,1.5e-10,0.0466,36800000000.0,2250000000.0,11.31,-70.81
2e-05,1.8e-05,6e-13,4e-10,2e-10,0.0466,36800000000.0,2230000000.0,11.32,-70.89
2e-05,1.8e-05,6e-13,3e-10,5e-11,0.0466,40900000000.0,2410000000.0,11.04,-71.7
2e-05,1.8e-05,6e-13,3e-10,2e-10,0.0466,40900000000.0,2420000000.0,11.04,-71.63
2e-05,1.8e-05,6e-13,3.5e-10,5e-11,0.0466,38600000000.0,2310000000.0,11.2,-71.93
2e-05,1.8e-05,6e-13,3.5e-10,1.5e-10,0.0466,38600000000.0,2310000000.0,11.2,-71.78
2e-05,1.8e-05,6e-13,3.5e-10,2e-10,0.0466,38600000000.0,2310000000.0,11.2,-71.27
2e-05,1.8e-05,6e-13,4.5e-10,1e-10,0.0466,35400000000.0,2190000000.0,11.39,-70.59
2e-05,1.8e-05,6e-13,4.5e-10,1.5e-10,0.0466,35400000000.0,2190000000.0,11.39,-70.66
2e-05,1.8e-05,6e-13,4.5e-10,2e-10,0.0466,35400000000.0,2190000000.0,11.39,-70.65
2e-05,1.8e-05,6e-13,5e-10,1e-10,0.0466,34100000000.0,2150000000.0,11.45,-70.25
2e-05,1.8e-05,6e-13,5e-10,5e-11,0.0466,34100000000.0,2140000000.0,11.46,-70.11
2e-05,1.8e-05,6e-13,5e-10,1.5e-10,0.0466,34100000000.0,2150000000.0,11.45,-70.37
2e-05,1.8e-05,6e-13,5e-10,2e-10,0.0466,34100000000.0,2150000000.0,11.45,-70.4
2e-05,1.8e-05,6e-13,5e-10,2.5e-10,0.0466,34100000000.0,2140000000.0,11.46,-70.41
2e-05,1.8e-05,7e-13,4e-10,5e-11,0.0466,36800000000.0,2240000000.0,11.31,-70.89
2e-05,1.8e-05,7e-13,3e-10,5e-11,0.0466,40900000000.0,2420000000.0,11.04,-71.54
2e-05,1.8e-05,7e-13,3e-10,2.5e-10,0.0466,40900000000.0,2420000000.0,11.04,-71.68
2e-05,1.8e-05,7e-13,3.5e-10,1e-10,0.0466,38600000000.0,2320000000.0,11.21,-71.33
2e-05,1.8e-05,7e-13,3.5e-10,2e-10,0.0466,38600000000.0,2330000000.0,11.2,-71.0
2e-05,1.8e-05,7e-13,3.5e-10,2.5e-10,0.0466,38600000000.0,2320000000.0,11.2,-71.27
2e-05,1.8e-05,7e-13,4.5e-10,1.5e-10,0.0466,35400000000.0,2190000000.0,11.39,-70.6
2e-05,1.8e-05,7e-13,4.5e-10,2e-10,0.0466,35400000000.0,2180000000.0,11.4,-70.59
2e-05,1.8e-05,7e-13,5e-10,1e-10,0.0466,34100000000.0,2140000000.0,11.46,-70.36
2e-05,1.8e-05,7e-13,5e-10,5e-11,0.0466,34100000000.0,2150000000.0,11.46,-70.22
2e-05,1.8e-05,7e-13,5e-10,1.5e-10,0.0466,34100000000.0,2150000000.0,11.45,-70.38
2e-05,1.8e-05,7e-13,5e-10,2e-10,0.0466,34100000000.0,2140000000.0,11.45,-70.38
2e-05,1.8e-05,7e-13,5e-10,2.5e-10,0.0466,34100000000.0,2140000000.0,11.46,-70.31
2e-05,1.9e-05,5e-13,4e-10,1e-10,0.0466,36700000000.0,2180000000.0,11.25,-70.84
2e-05,1.9e-05,5e-13,4e-10,5e-11,0.0466,36700000000.0,2170000000.0,11.25,-70.79
2e-05,1.9e-05,5e-13,4e-10,1.5e-10,0.0466,36700000000.0,2160000000.0,11.25,-70.85
2e-05,1.9e-05,5e-13,4e-10,2e-10,0.0466,36700000000.0,2160000000.0,11.25,-70.84
2e-05,1.9e-05,5e-13,4e-10,2.5e-10,0.0466,36700000000.0,2180000000.0,11.25,-70.8
2e-05,1.9e-05,5e-13,3e-10,1e-10,0.0466,40800000000.0,2330000000.0,10.96,-71.52
2e-05,1.9e-05,5e-13,3e-10,5e-11,0.0466,40800000000.0,2320000000.0,10.96,-71.6
2e-05,1.9e-05,5e-13,3e-10,1.5e-10,0.0466,40800000000.0,2320000000.0,10.96,-71.75
2e-05,1.9e-05,5e-13,3e-10,2e-10,0.0466,40800000000.0,2320000000.0,10.96,-71.86
2e-05,1.9e-05,5e-13,3e-10,2.5e-10,0.0466,40800000000.0,2330000000.0,10.96,-71.65
2e-05,1.9e-05,5e-13,3.5e-10,1e-10,0.0466,38500000000.0,2250000000.0,11.13,-71.21
2e-05,1.9e-05,5e-13,3.5e-10,5e-11,0.0466,38500000000.0,2230000000.0,11.13,-71.17
2e-05,1.9e-05,5e-13,3.5e-10,1.5e-10,0.0466,38500000000.0,2250000000.0,11.13,-71.2
2e-05,1.9e-05,5e-13,3.5e-10,2e-10,0.0466,38500000000.0,2250000000.0,11.13,-71.16
2e-05,1.9e-05,5e-13,3.5e-10,2.5e-10,0.0466,38500000000.0,2240000000.0,11.13,-71.4
2e-05,1.9e-05,5e-13,4.5e-10,1e-10,0.0466,35200000000.0,2120000000.0,11.34,-70.53
2e-05,1.9e-05,5e-13,4.5e-10,5e-11,0.0466,35200000000.0,2120000000.0,11.34,-70.65
2e-05,1.9e-05,5e-13,4.5e-10,1.5e-10,0.0466,35200000000.0,2110000000.0,11.34,-70.56
2e-05,1.9e-05,5e-13,4.5e-10,2e-10,0.0466,35200000000.0,2140000000.0,11.33,-70.53
2e-05,1.9e-05,5e-13,4.5e-10,2.5e-10,0.0466,35200000000.0,2130000000.0,11.33,-70.56
2e-05,1.9e-05,5e-13,5e-10,1e-10,0.0466,34000000000.0,2090000000.0,11.4,-70.43
2e-05,1.9e-05,5e-13,5e-10,5e-11,0.0466,34000000000.0,2090000000.0,11.4,-70.3
2e-05,1.9e-05,5e-13,5e-10,1.5e-10,0.0466,34000000000.0,2070000000.0,11.4,-70.32
2e-05,1.9e-05,5e-13,5e-10,2e-10,0.0466,34000000000.0,2090000000.0,11.4,-70.33
2e-05,1.9e-05,5e-13,5e-10,2.5e-10,0.0466,34000000000.0,2070000000.0,11.4,-70.31
2e-05,1.9e-05,3e-13,4e-10,1e-10,0.0466,36700000000.0,2160000000.0,11.25,-70.82
2e-05,1.9e-05,3e-13,4e-10,5e-11,0.0466,36700000000.0,2170000000.0,11.25,-71.52
2e-05,1.9e-05,3e-13,4e-10,1.5e-10,0.0466,36700000000.0,2180000000.0,11.25,-70.95
2e-05,1.9e-05,3e-13,4e-10,2e-10,0.0466,36700000000.0,2160000000.0,11.25,-70.83
2e-05,1.9e-05,3e-13,4e-10,2.5e-10,0.0466,36700000000.0,2170000000.0,11.24,-70.8
2e-05,1.9e-05,3e-13,3e-10,1e-10,0.0466,40800000000.0,2340000000.0,10.96,-71.93
2e-05,1.9e-05,3e-13,3e-10,5e-11,0.0466,40800000000.0,2320000000.0,10.96,-71.64
2e-05,1.9e-05,3e-13,3e-10,1.5e-10,0.0466,40800000000.0,2330000000.0,10.96,-71.56
2e-05,1.9e-05,3e-13,3e-10,2e-10,0.0466,40800000000.0,2340000000.0,10.96,-71.51
2e-05,1.9e-05,3e-13,3.5e-10,1e-10,0.0466,38500000000.0,2250000000.0,11.13,-71.18
2e-05,1.9e-05,3e-13,3.5e-10,5e-11,0.0466,38500000000.0,2240000000.0,11.13,-71.21
2e-05,1.9e-05,3e-13,3.5e-10,1.5e-10,0.0466,38500000000.0,2240000000.0,11.13,-71.18
2e-05,1.9e-05,3e-13,3.5e-10,2e-10,0.0466,38500000000.0,2230000000.0,11.13,-71.44
2e-05,1.9e-05,3e-13,3.5e-10,2.5e-10,0.0466,38500000000.0,2240000000.0,11.13,-71.16
2e-05,1.9e-05,3e-13,4.5e-10,1e-10,0.0466,35200000000.0,2130000000.0,11.33,-70.52
2e-05,1.9e-05,3e-13,4.5e-10,1.5e-10,0.0466,35200000000.0,2110000000.0,11.34,-70.59
2e-05,1.9e-05,3e-13,4.5e-10,2e-10,0.0466,35200000000.0,2120000000.0,11.34,-70.49
2e-05,1.9e-05,3e-13,4.5e-10,2.5e-10,0.0466,35200000000.0,2120000000.0,11.34,-70.57
2e-05,1.9e-05,3e-13,5e-10,1e-10,0.0466,34000000000.0,2090000000.0,11.4,-70.17
2e-05,1.9e-05,3e-13,5e-10,5e-11,0.0466,34000000000.0,2100000000.0,11.4,-70.88
2e-05,1.9e-05,3e-13,5e-10,1.5e-10,0.0466,34000000000.0,2080000000.0,11.4,-70.32
2e-05,1.9e-05,3e-13,5e-10,2e-10,0.0466,34000000000.0,2080000000.0,11.4,-70.35
2e-05,1.9e-05,4e-13,4e-10,1e-10,0.0466,36700000000.0,2160000000.0,11.25,-70.86
2e-05,1.9e-05,4e-13,4e-10,1.5e-10,0.0466,36700000000.0,2170000000.0,11.25,-71.59
2e-05,1.9e-05,4e-13,4e-10,2e-10,0.0466,36700000000.0,2170000000.0,11.25,-70.8
2e-05,1.9e-05,4e-13,4e-10,2.5e-10,0.0466,36700000000.0,2180000000.0,11.25,-70.92
2e-05,1.9e-05,4e-13,3e-10,1e-10,0.0466,40800000000.0,2320000000.0,10.96,-71.52
2e-05,1.9e-05,4e-13,3e-10,5e-11,0.0466,40800000000.0,2340000000.0,10.96,-71.58
2e-05,1.9e-05,4e-13,3e-10,1.5e-10,0.0466,40800000000.0,2330000000.0,10.96,-71.61
2e-05,1.9e-05,4e-13,3e-10,2e-10,0.0466,40800000000.0,2330000000.0,10.96,-71.66
2e-05,1.9e-05,4e-13,3e-10,2.5e-10,0.0466,40800000000.0,2320000000.0,10.96,-71.53
2e-05,1.9e-05,4e-13,3.5e-10,1e-10,0.0466,38500000000.0,2240000000.0,11.13,-71.41
2e-05,1.9e-05,4e-13,3.5e-10,2e-10,0.0466,38500000000.0,2240000000.0,11.13,-70.98
2e-05,1.9e-05,4e-13,3.5e-10,2.5e-10,0.0466,38500000000.0,2240000000.0,11.13,-71.2
2e-05,1.9e-05,4e-13,4.5e-10,5e-11,0.0466,35200000000.0,2130000000.0,11.33,-70.58
2e-05,1.9e-05,4e-13,4.5e-10,1.5e-10,0.0466,35200000000.0,2130000000.0,11.33,-70.53
2e-05,1.9e-05,4e-13,4.5e-10,2e-10,0.0466,35200000000.0,2110000000.0,11.34,-70.42
2e-05,1.9e-05,4e-13,4.5e-10,2.5e-10,0.0466,35200000000.0,2120000000.0,11.33,-70.5
2e-05,1.9e-05,4e-13,5e-10,1e-10,0.0466,34000000000.0,2090000000.0,11.4,-70.28
2e-05,1.9e-05,4e-13,5e-10,5e-11,0.0466,34000000000.0,2070000000.0,11.4,-70.35
2e-05,1.9e-05,4e-13,5e-10,1.5e-10,0.0466,34000000000.0,2100000000.0,11.4,-71.07
2e-05,1.9e-05,4e-13,5e-10,2e-10,0.0466,34000000000.0,2100000000.0,11.4,-70.3
2e-05,1.9e-05,4e-13,5e-10,2.5e-10,0.0466,34000000000.0,2070000000.0,11.4,-70.24
2e-05,1.9e-05,6e-13,4e-10,2e-10,0.0466,36700000000.0,2160000000.0,11.25,-70.74
2e-05,1.9e-05,6e-13,3e-10,5e-11,0.0466,40800000000.0,2330000000.0,10.96,-71.58
2e-05,1.9e-05,6e-13,3e-10,1.5e-10,0.0466,40800000000.0,2340000000.0,10.96,-71.55
2e-05,1.9e-05,6e-13,3e-10,2e-10,0.0466,40800000000.0,2340000000.0,10.96,-71.62
2e-05,1.9e-05,6e-13,3e-10,2.5e-10,0.0466,40800000000.0,2320000000.0,10.96,-71.61
2e-05,1.9e-05,6e-13,3.5e-10,1e-10,0.0466,38500000000.0,2250000000.0,11.13,-71.05
2e-05,1.9e-05,6e-13,3.5e-10,5e-11,0.0466,38500000000.0,2240000000.0,11.13,-71.11
2e-05,1.9e-05,6e-13,3.5e-10,1.5e-10,0.0466,38500000000.0,2230000000.0,11.13,-71.42
2e-05,1.9e-05,6e-13,3.5e-10,2e-10,0.0466,38500000000.0,2250000000.0,11.13,-71.22
2e-05,1.9e-05,6e-13,4.5e-10,1e-10,0.0466,35200000000.0,2120000000.0,11.34,-70.56
2e-05,1.9e-05,6e-13,4.5e-10,5e-11,0.0466,35200000000.0,2140000000.0,11.33,-70.51
2e-05,1.9e-05,6e-13,4.5e-10,1.5e-10,0.0466,35200000000.0,2130000000.0,11.33,-70.33
2e-05,1.9e-05,6e-13,4.5e-10,2e-10,0.0466,35200000000.0,2130000000.0,11.33,-70.54
2e-05,1.9e-05,6e-13,5e-10,1e-10,0.0466,34000000000.0,2090000000.0,11.4,-70.35
2e-05,1.9e-05,6e-13,5e-10,5e-11,0.0466,34000000000.0,2070000000.0,11.4,-70.36
2e-05,1.9e-05,6e-13,5e-10,1.5e-10,0.0466,34000000000.0,2080000000.0,11.4,-70.26
2e-05,1.9e-05,6e-13,5e-10,2e-10,0.0466,34000000000.0,2100000000.0,11.4,-70.27
2e-05,1.9e-05,6e-13,5e-10,2.5e-10,0.0466,34000000000.0,2080000000.0,11.4,-70.34
2e-05,1.9e-05,7e-13,4e-10,5e-11,0.0466,36700000000.0,2180000000.0,11.25,-70.76
2e-05,1.9e-05,7e-13,4e-10,2.5e-10,0.0466,36700000000.0,2170000000.0,11.25,-70.84
2e-05,1.9e-05,7e-13,3e-10,1e-10,0.0466,40800000000.0,2340000000.0,10.96,-71.57
2e-05,1.9e-05,7e-13,3e-10,5e-11,0.0466,40800000000.0,2340000000.0,10.96,-71.67
2e-05,1.9e-05,7e-13,3e-10,1.5e-10,0.0466,40800000000.0,2340000000.0,10.96,-71.52
2e-05,1.9e-05,7e-13,3.5e-10,1.5e-10,0.0466,38500000000.0,2240000000.0,11.13,-71.23
2e-05,1.9e-05,7e-13,3.5e-10,2e-10,0.0466,38500000000.0,2240000000.0,11.13,-71.15
2e-05,1.9e-05,7e-13,3.5e-10,2.5e-10,0.0466,38500000000.0,2250000000.0,11.13,-71.19
2e-05,1.9e-05,7e-13,4.5e-10,1e-10,0.0466,35200000000.0,2130000000.0,11.33,-70.44
2e-05,1.9e-05,7e-13,4.5e-10,1.5e-10,0.0466,35200000000.0,2120000000.0,11.34,-70.51
2e-05,1.9e-05,7e-13,4.5e-10,2e-10,0.0466,35200000000.0,2130000000.0,11.33,-70.57
2e-05,1.9e-05,7e-13,4.5e-10,2.5e-10,0.0466,35200000000.0,2120000000.0,11.34,-70.6
2e-05,1.9e-05,7e-13,5e-10,1e-10,0.0466,34000000000.0,2090000000.0,11.4,-70.08
2e-05,1.9e-05,7e-13,5e-10,5e-11,0.0466,34000000000.0,2100000000.0,11.4,-70.33
2e-05,1.9e-05,7e-13,5e-10,1.5e-10,0.0466,34000000000.0,2080000000.0,11.4,-70.37
2e-05,1.9e-05,7e-13,5e-10,2e-10,0.0466,34000000000.0,2100000000.0,11.4,-70.37
2e-05,1.9e-05,7e-13,5e-10,2.5e-10,0.0466,34000000000.0,2080000000.0,11.4,-70.28
2e-05,2e-05,5e-13,4e-10,1e-10,0.0466,36600000000.0,2100000000.0,11.18,-70.75
2e-05,2e-05,5e-13,4e-10,5e-11,0.0466,36600000000.0,2100000000.0,11.18,-70.77
2e-05,2e-05,5e-13,4e-10,1.5e-10,0.0466,36600000000.0,2100000000.0,11.18,-70.66
2e-05,2e-05,5e-13,4e-10,2e-10,0.0466,36600000000.0,2080000000.0,11.18,-70.76
2e-05,2e-05,5e-13,4e-10,2.5e-10,0.0466,36600000000.0,2100000000.0,11.18,-70.74
2e-05,2e-05,5e-13,3e-10,1e-10,0.0466,40700000000.0,2210000000.0,10.87,-71.49
2e-05,2e-05,5e-13,3e-10,5e-11,0.0466,40700000000.0,2210000000.0,10.87,-71.5
2e-05,2e-05,5e-13,3e-10,1.5e-10,0.0466,40700000000.0,2230000000.0,10.87,-71.41
2e-05,2e-05,5e-13,3e-10,2e-10,0.0466,40700000000.0,2230000000.0,10.87,-71.73
2e-05,2e-05,5e-13,3.5e-10,1e-10,0.0466,38400000000.0,2140000000.0,11.05,-71.04
2e-05,2e-05,5e-13,3.5e-10,5e-11,0.0466,38400000000.0,2130000000.0,11.05,-71.03
2e-05,2e-05,5e-13,3.5e-10,1.5e-10,0.0466,38400000000.0,2150000000.0,11.05,-70.96
2e-05,2e-05,5e-13,3.5e-10,2.5e-10,0.0466,38400000000.0,2150000000.0,11.05,-71.05
2e-05,2e-05,5e-13,4.5e-10,1e-10,0.0466,35200000000.0,2040000000.0,11.27,-70.44
2e-05,2e-05,5e-13,4.5e-10,5e-11,0.0466,35200000000.0,2040000000.0,11.27,-70.29
2e-05,2e-05,5e-13,4.5e-10,1.5e-10,0.0466,35200000000.0,2050000000.0,11.27,-70.56
2e-05,2e-05,5e-13,4.5e-10,2e-10,0.0466,35200000000.0,2050000000.0,11.27,-70.49
2e-05,2e-05,5e-13,4.5e-10,2.5e-10,0.0466,35200000000.0,2050000000.0,11.27,-70.55
2e-05,2e-05,5e-13,5e-10,1e-10,0.0466,33900000000.0,2010000000.0,11.34,-70.21
2e-05,2e-05,5e-13,5e-10,5e-11,0.0466,33900000000.0,2020000000.0,11.34,-70.2
2e-05,2e-05,5e-13,5e-10,1.5e-10,0.0466,33900000000.0,2010000000.0,11.34,-70.28
2e-05,2e-05,5e-13,5e-10,2e-10,0.0466,33900000000.0,2020000000.0,11.34,-70.24
2e-05,2e-05,3e-13,4e-10,1e-10,0.0466,36600000000.0,2100000000.0,11.18,-70.72
2e-05,2e-05,3e-13,4e-10,1.5e-10,0.0466,36600000000.0,2080000000.0,11.18,-70.77
2e-05,2e-05,3e-13,4e-10,2e-10,0.0466,36600000000.0,2090000000.0,11.18,-70.66
2e-05,2e-05,3e-13,4e-10,2.5e-10,0.0466,36600000000.0,2080000000.0,11.18,-70.69
2e-05,2e-05,3e-13,3e-10,5e-11,0.0466,40700000000.0,2220000000.0,10.87,-71.48
2e-05,2e-05,3e-13,3e-10,1.5e-10,0.0466,40700000000.0,2210000000.0,10.87,-71.85
2e-05,2e-05,3e-13,3.5e-10,1e-10,0.0466,38400000000.0,2140000000.0,11.05,-71.08
2e-05,2e-05,3e-13,3.5e-10,5e-11,0.0466,38400000000.0,2140000000.0,11.05,-71.09
2e-05,2e-05,3e-13,3.5e-10,1.5e-10,0.0466,38400000000.0,2160000000.0,11.05,-71.03
2e-05,2e-05,3e-13,3.5e-10,2e-10,0.0466,38400000000.0,2150000000.0,11.05,-71.0
2e-05,2e-05,3e-13,3.5e-10,2.5e-10,0.0466,38400000000.0,2150000000.0,11.05,-71.03
2e-05,2e-05,3e-13,4.5e-10,1e-10,0.0466,35200000000.0,2040000000.0,11.27,-70.39
2e-05,2e-05,3e-13,4.5e-10,5e-11,0.0466,35200000000.0,2050000000.0,11.27,-70.43
2e-05,2e-05,3e-13,4.5e-10,1.5e-10,0.0466,35200000000.0,2050000000.0,11.27,-70.63
2e-05,2e-05,3e-13,4.5e-10,2.5e-10,0.0466,35200000000.0,2050000000.0,11.27,-70.44
2e-05,2e-05,3e-13,5e-10,1e-10,0.0466,33900000000.0,1990000000.0,11.34,-70.29
2e-05,2e-05,3e-13,5e-10,5e-11,0.0466,33900000000.0,2000000000.0,11.34,-70.25
2e-05,2e-05,3e-13,5e-10,1.5e-10,0.0466,33900000000.0,2010000000.0,11.34,-70.22
2e-05,2e-05,4e-13,4e-10,1e-10,0.0466,36600000000.0,2100000000.0,11.18,-70.83
2e-05,2e-05,4e-13,4e-10,5e-11,0.0466,36600000000.0,2080000000.0,11.18,-70.73
2e-05,2e-05,4e-13,4e-10,1.5e-10,0.0466,36600000000.0,2080000000.0,11.18,-70.63
2e-05,2e-05,4e-13,4e-10,2e-10,0.0466,36600000000.0,2080000000.0,11.18,-70.75
2e-05,2e-05,4e-13,3e-10,1e-10,0.0466,40700000000.0,2210000000.0,10.87,-71.84
2e-05,2e-05,4e-13,3e-10,2e-10,0.0466,40700000000.0,2220000000.0,10.87,-71.39
2e-05,2e-05,4e-13,3e-10,2.5e-10,0.0466,40700000000.0,2230000000.0,10.87,-71.37
2e-05,2e-05,4e-13,3.5e-10,5e-11,0.0466,38400000000.0,2150000000.0,11.05,-71.11
2e-05,2e-05,4e-13,3.5e-10,1.5e-10,0.0466,38400000000.0,2150000000.0,11.05,-71.12
2e-05,2e-05,4e-13,3.5e-10,2.5e-10,0.0466,38400000000.0,2150000000.0,11.05,-71.08
2e-05,2e-05,4e-13,4.5e-10,1e-10,0.0466,35200000000.0,2050000000.0,11.27,-70.42
2e-05,2e-05,4e-13,4.5e-10,5e-11,0.0466,35200000000.0,2040000000.0,11.27,-70.48
2e-05,2e-05,4e-13,4.5e-10,1.5e-10,0.0466,35200000000.0,2040000000.0,11.27,-70.42
2e-05,2e-05,4e-13,4.5e-10,2e-10,0.0466,35200000000.0,2050000000.0,11.27,-70.4
2e-05,2e-05,4e-13,4.5e-10,2.5e-10,0.0466,35200000000.0,2030000000.0,11.27,-70.4
2e-05,2e-05,4e-13,5e-10,5e-11,0.0466,33900000000.0,2010000000.0,11.34,-70.26
2e-05,2e-05,4e-13,5e-10,1.5e-10,0.0466,33900000000.0,2000000000.0,11.34,-70.23
2e-05,2e-05,4e-13,5e-10,2e-10,0.0466,33900000000.0,2000000000.0,11.34,-70.27
2e-05,2e-05,4e-13,5e-10,2.5e-10,0.0466,33900000000.0,2010000000.0,11.34,-70.25
2e-05,2e-05,6e-13,4e-10,5e-11,0.0466,36600000000.0,2090000000.0,11.18,-70.72
2e-05,2e-05,6e-13,4e-10,1.5e-10,0.0466,36600000000.0,2100000000.0,11.18,-70.7
2e-05,2e-05,6e-13,4e-10,2e-10,0.0466,36600000000.0,2090000000.0,11.18,-70.77
2e-05,2e-05,6e-13,3e-10,1e-10,0.0466,40700000000.0,2230000000.0,10.87,-71.49
2e-05,2e-05,6e-13,3e-10,5e-11,0.0466,40700000000.0,2210000000.0,10.87,-71.4
2e-05,2e-05,6e-13,3e-10,1.5e-10,0.0466,40700000000.0,2230000000.0,10.87,-71.39
2e-05,2e-05,6e-13,3e-10,2e-10,0.0466,40700000000.0,2230000000.0,10.87,-71.46
2e-05,2e-05,6e-13,3e-10,2.5e-10,0.0466,40700000000.0,2210000000.0,10.87,-71.39
2e-05,2e-05,6e-13,3.5e-10,1e-10,0.0466,38400000000.0,2130000000.0,11.05,-71.08
2e-05,2e-05,6e-13,3.5e-10,2.5e-10,0.0466,38400000000.0,2130000000.0,11.05,-71.11
2e-05,2e-05,6e-13,4.5e-10,1e-10,0.0466,35200000000.0,2030000000.0,11.27,-70.43
2e-05,2e-05,6e-13,4.5e-10,5e-11,0.0466,35200000000.0,2050000000.0,11.27,-70.47
2e-05,2e-05,6e-13,4.5e-10,1.5e-10,0.0466,35200000000.0,2030000000.0,11.27,-70.47
2e-05,2e-05,6e-13,4.5e-10,2e-10,0.0466,35200000000.0,2050000000.0,11.27,-70.48
2e-05,2e-05,6e-13,5e-10,5e-11,0.0466,33900000000.0,2030000000.0,11.34,-70.25
2e-05,2e-05,6e-13,5e-10,2e-10,0.0466,33900000000.0,2020000000.0,11.34,-70.22
2e-05,2e-05,6e-13,5e-10,2.5e-10,0.0466,33900000000.0,1990000000.0,11.34,-70.25
2e-05,2e-05,7e-13,4e-10,1e-10,0.0466,36600000000.0,2090000000.0,11.18,-70.75
2e-05,2e-05,7e-13,4e-10,5e-11,0.0466,36600000000.0,2080000000.0,11.18,-71.13
2e-05,2e-05,7e-13,4e-10,1.5e-10,0.0466,36600000000.0,2090000000.0,11.18,-70.71
2e-05,2e-05,7e-13,4e-10,2e-10,0.0466,36600000000.0,2090000000.0,11.18,-70.82
2e-05,2e-05,7e-13,4e-10,2.5e-10,0.0466,36600000000.0,2090000000.0,11.18,-70.7
2e-05,2e-05,7e-13,3e-10,1e-10,0.0466,40700000000.0,2230000000.0,10.87,-71.74
2e-05,2e-05,7e-13,3e-10,5e-11,0.0466,40700000000.0,2210000000.0,10.87,-71.42
2e-05,2e-05,7e-13,3.5e-10,5e-11,0.0466,38400000000.0,2140000000.0,11.06,-71.08
2e-05,2e-05,7e-13,3.5e-10,1.5e-10,0.0466,38400000000.0,2140000000.0,11.05,-71.01
2e-05,2e-05,7e-13,4.5e-10,5e-11,0.0466,35200000000.0,2040000000.0,11.27,-70.5
2e-05,2e-05,7e-13,4.5e-10,2e-10,0.0466,35200000000.0,2050000000.0,11.27,-70.34
2e-05,2e-05,7e-13,4.5e-10,2.5e-10,0.0466,35200000000.0,2030000000.0,11.27,-70.41
2e-05,2e-05,7e-13,5e-10,1e-10,0.0466,33900000000.0,2000000000.0,11.34,-70.09
2e-05,2e-05,7e-13,5e-10,5e-11,0.0466,33900000000.0,2030000000.0,11.34,-70.22
2e-05,2e-05,7e-13,5e-10,2.5e-10,0.0466,33900000000.0,2010000000.0,11.34,-70.63
2e-05,2.1e-05,5e-13,4e-10,1e-10,0.0466,36600000000.0,1980000000.0,11.11,-70.62
2e-05,2.1e-05,5e-13,4e-10,5e-11,0.0466,36600000000.0,1970000000.0,11.11,-70.46
2e-05,2.1e-05,5e-13,4e-10,1.5e-10,0.0466,36600000000.0,1980000000.0,11.1,-70.56
2e-05,2.1e-05,5e-13,4e-10,2e-10,0.0466,36600000000.0,1970000000.0,11.11,-70.59
2e-05,2.1e-05,5e-13,4e-10,2.5e-10,0.0466,36600000000.0,1990000000.0,11.1,-71.14
2e-05,2.1e-05,5e-13,3e-10,1e-10,0.0466,40700000000.0,2070000000.0,10.78,-71.31
2e-05,2.1e-05,5e-13,3e-10,5e-11,0.0466,40700000000.0,2090000000.0,10.78,-70.69
2e-05,2.1e-05,5e-13,3e-10,1.5e-10,0.0466,40700000000.0,2080000000.0,10.78,-71.35
2e-05,2.1e-05,5e-13,3e-10,2e-10,0.0466,40700000000.0,2070000000.0,10.78,-71.39
2e-05,2.1e-05,5e-13,3e-10,2.5e-10,0.0466,40700000000.0,2080000000.0,10.78,-71.26
2e-05,2.1e-05,5e-13,3.5e-10,1e-10,0.0466,38400000000.0,2020000000.0,10.97,-70.96
2e-05,2.1e-05,5e-13,3.5e-10,5e-11,0.0466,38400000000.0,2010000000.0,10.97,-70.83
2e-05,2.1e-05,5e-13,3.5e-10,1.5e-10,0.0466,38400000000.0,2010000000.0,10.97,-70.91
2e-05,2.1e-05,5e-13,3.5e-10,2e-10,0.0466,38400000000.0,2020000000.0,10.97,-70.92
2e-05,2.1e-05,5e-13,3.5e-10,2.5e-10,0.0466,38400000000.0,2020000000.0,10.97,-70.95
2e-05,2.1e-05,5e-13,4.5e-10,1e-10,0.0466,35100000000.0,1950000000.0,11.2,-70.36
2e-05,2.1e-05,5e-13,4.5e-10,5e-11,0.0466,35100000000.0,1940000000.0,11.2,-70.31
2e-05,2.1e-05,5e-13,4.5e-10,1.5e-10,0.0466,35100000000.0,1950000000.0,11.2,-70.35
2e-05,2.1e-05,5e-13,4.5e-10,2e-10,0.0466,35100000000.0,1930000000.0,11.2,-70.44
2e-05,2.1e-05,5e-13,4.5e-10,2.5e-10,0.0466,35100000000.0,1940000000.0,11.2,-70.38
2e-05,2.1e-05,5e-13,5e-10,1e-10,0.0466,33900000000.0,1910000000.0,11.27,-70.12
2e-05,2.1e-05,5e-13,5e-10,5e-11,0.0466,33900000000.0,1920000000.0,11.27,-70.13
2e-05,2.1e-05,5e-13,5e-10,2e-10,0.0466,33900000000.0,1920000000.0,11.27,-70.12
2e-05,2.1e-05,5e-13,5e-10,2.5e-10,0.0466,33900000000.0,1930000000.0,11.27,-70.23
2e-05,2.1e-05,3e-13,4e-10,1e-10,0.0466,36600000000.0,1990000000.0,11.1,-70.67
2e-05,2.1e-05,3e-13,4e-10,5e-11,0.0466,36600000000.0,1970000000.0,11.11,-70.64
2e-05,2.1e-05,3e-13,4e-10,1.5e-10,0.0466,36600000000.0,1970000000.0,11.1,-70.66
2e-05,2.1e-05,3e-13,4e-10,2e-10,0.0466,36600000000.0,1990000000.0,11.1,-70.64
2e-05,2.1e-05,3e-13,4e-10,2.5e-10,0.0466,36600000000.0,1980000000.0,11.1,-70.61
2e-05,2.1e-05,3e-13,3e-10,1e-10,0.0466,40700000000.0,2070000000.0,10.78,-71.32
2e-05,2.1e-05,3e-13,3e-10,5e-11,0.0466,40700000000.0,2070000000.0,10.78,-71.7
2e-05,2.1e-05,3e-13,3e-10,1.5e-10,0.0466,40700000000.0,2090000000.0,10.78,-71.3
2e-05,2.1e-05,3e-13,3e-10,2e-10,0.0466,40700000000.0,2070000000.0,10.78,-71.87
2e-05,2.1e-05,3e-13,3e-10,2.5e-10,0.0466,40700000000.0,2070000000.0,10.78,-71.33
2e-05,2.1e-05,3e-13,3.5e-10,1e-10,0.0466,38400000000.0,2030000000.0,10.97,-70.95
2e-05,2.1e-05,3e-13,3.5e-10,5e-11,0.0466,38400000000.0,2020000000.0,10.97,-71.48
2e-05,2.1e-05,3e-13,3.5e-10,1.5e-10,0.0466,38400000000.0,2010000000.0,10.97,-70.94
2e-05,2.1e-05,3e-13,3.5e-10,2e-10,0.0466,38400000000.0,2020000000.0,10.97,-70.94
2e-05,2.1e-05,3e-13,3.5e-10,2.5e-10,0.0466,38400000000.0,2030000000.0,10.97,-70.89
2e-05,2.1e-05,3e-13,4.5e-10,1e-10,0.0466,35100000000.0,1940000000.0,11.2,-70.34
2e-05,2.1e-05,3e-13,4.5e-10,5e-11,0.0466,35100000000.0,1950000000.0,11.2,-70.49
2e-05,2.1e-05,3e-13,4.5e-10,1.5e-10,0.0466,35100000000.0,1940000000.0,11.2,-70.35
2e-05,2.1e-05,3e-13,4.5e-10,2.5e-10,0.0466,35100000000.0,1950000000.0,11.2,-70.39
2e-05,2.1e-05,3e-13,5e-10,1e-10,0.0466,33900000000.0,1920000000.0,11.28,-70.16
2e-05,2.1e-05,3e-13,5e-10,5e-11,0.0466,33900000000.0,1910000000.0,11.27,-70.1
2e-05,2.1e-05,3e-13,5e-10,1.5e-10,0.0466,33900000000.0,1920000000.0,11.27,-70.2
2e-05,2.1e-05,3e-13,5e-10,2e-10,0.0466,33900000000.0,1920000000.0,11.28,-70.13
2e-05,2.1e-05,4e-13,4e-10,5e-11,0.0466,36600000000.0,1970000000.0,11.1,-70.67
2e-05,2.1e-05,4e-13,4e-10,1.5e-10,0.0466,36600000000.0,1990000000.0,11.1,-70.87
2e-05,2.1e-05,4e-13,4e-10,2e-10,0.0466,36600000000.0,1990000000.0,11.1,-70.69
2e-05,2.1e-05,4e-13,4e-10,2.5e-10,0.0466,36600000000.0,1990000000.0,11.11,-70.68
2e-05,2.1e-05,4e-13,3e-10,1e-10,0.0466,40700000000.0,2090000000.0,10.78,-71.31
2e-05,2.1e-05,4e-13,3e-10,5e-11,0.0466,40700000000.0,2070000000.0,10.78,-71.38
2e-05,2.1e-05,4e-13,3e-10,1.5e-10,0.0466,40700000000.0,2070000000.0,10.78,-71.35
2e-05,2.1e-05,4e-13,3e-10,2e-10,0.0466,40700000000.0,2080000000.0,10.78,-71.29
2e-05,2.1e-05,4e-13,3e-10,2.5e-10,0.0466,40700000000.0,2070000000.0,10.78,-71.85
2e-05,2.1e-05,4e-13,3.5e-10,1e-10,0.0466,38400000000.0,2030000000.0,10.97,-71.06
2e-05,2.1e-05,4e-13,3.5e-10,1.5e-10,0.0466,38400000000.0,2030000000.0,10.97,-70.92
2e-05,2.1e-05,4e-13,3.5e-10,2e-10,0.0466,38400000000.0,2010000000.0,10.97,-71.0
2e-05,2.1e-05,4e-13,4.5e-10,1.5e-10,0.0466,35100000000.0,1950000000.0,11.2,-70.34
2e-05,2.1e-05,4e-13,4.5e-10,2e-10,0.0466,35100000000.0,1940000000.0,11.2,-70.41
2e-05,2.1e-05,4e-13,5e-10,1e-10,0.0466,33900000000.0,1930000000.0,11.27,-70.09
2e-05,2.1e-05,4e-13,5e-10,5e-11,0.0466,33900000000.0,1920000000.0,11.28,-70.17
2e-05,2.1e-05,4e-13,5e-10,1.5e-10,0.0466,33900000000.0,1920000000.0,11.28,-70.12
2e-05,2.1e-05,4e-13,5e-10,2.5e-10,0.0466,33900000000.0,1910000000.0,11.27,-70.14
2e-05,2.1e-05,6e-13,4e-10,1e-10,0.0466,36600000000.0,1970000000.0,11.11,-70.65
2e-05,2.1e-05,6e-13,4e-10,5e-11,0.0466,36600000000.0,1990000000.0,11.1,-70.63
2e-05,2.1e-05,6e-13,4e-10,1.5e-10,0.0466,36600000000.0,1970000000.0,11.11,-70.71
2e-05,2.1e-05,6e-13,4e-10,2.5e-10,0.0466,36600000000.0,1970000000.0,11.1,-70.61
2e-05,2.1e-05,6e-13,3e-10,1e-10,0.0466,40700000000.0,2070000000.0,10.78,-71.18
2e-05,2.1e-05,6e-13,3e-10,5e-11,0.0466,40700000000.0,2080000000.0,10.78,-71.37
2e-05,2.1e-05,6e-13,3e-10,1.5e-10,0.0466,40700000000.0,2070000000.0,10.78,-71.84
2e-05,2.1e-05,6e-13,3e-10,2e-10,0.0466,40700000000.0,2070000000.0,10.78,-71.37
2e-05,2.1e-05,6e-13,3.5e-10,1e-10,0.0466,38400000000.0,2030000000.0,10.97,-70.91
2e-05,2.1e-05,6e-13,3.5e-10,5e-11,0.0466,38400000000.0,2030000000.0,10.97,-70.98
2e-05,2.1e-05,6e-13,3.5e-10,1.5e-10,0.0466,38400000000.0,2020000000.0,10.97,-70.97
2e-05,2.1e-05,6e-13,3.5e-10,2e-10,0.0466,38400000000.0,2010000000.0,10.97,-70.97
2e-05,2.1e-05,6e-13,4.5e-10,1.5e-10,0.0466,35100000000.0,1940000000.0,11.2,-70.33
2e-05,2.1e-05,6e-13,4.5e-10,2e-10,0.0466,35100000000.0,1940000000.0,11.2,-70.37
2e-05,2.1e-05,6e-13,5e-10,1e-10,0.0466,33900000000.0,1900000000.0,11.28,-70.21
2e-05,2.1e-05,6e-13,5e-10,5e-11,0.0466,33900000000.0,1920000000.0,11.27,-70.17
2e-05,2.1e-05,6e-13,5e-10,1.5e-10,0.0466,33800000000.0,1930000000.0,11.27,-70.09
2e-05,2.1e-05,6e-13,5e-10,2e-10,0.0466,33900000000.0,1920000000.0,11.28,-70.26
2e-05,2.1e-05,7e-13,4e-10,1e-10,0.0466,36600000000.0,1980000000.0,11.11,-70.65
2e-05,2.1e-05,7e-13,4e-10,5e-11,0.0466,36600000000.0,1990000000.0,11.1,-70.59
2e-05,2.1e-05,7e-13,4e-10,1.5e-10,0.0466,36600000000.0,1970000000.0,11.11,-70.63
2e-05,2.1e-05,7e-13,4e-10,2e-10,0.0466,36600000000.0,1970000000.0,11.11,-70.67
2e-05,2.1e-05,7e-13,3e-10,5e-11,0.0466,40700000000.0,2080000000.0,10.78,-71.27
2e-05,2.1e-05,7e-13,3e-10,1.5e-10,0.0466,40700000000.0,2070000000.0,10.78,-71.27
2e-05,2.1e-05,7e-13,3e-10,2e-10,0.0466,40700000000.0,2090000000.0,10.78,-70.79
2e-05,2.1e-05,7e-13,3e-10,2.5e-10,0.0466,40700000000.0,2090000000.0,10.78,-70.78
2e-05,2.1e-05,7e-13,3.5e-10,1e-10,0.0466,38400000000.0,2030000000.0,10.97,-70.93
2e-05,2.1e-05,7e-13,3.5e-10,2.5e-10,0.0466,38400000000.0,2010000000.0,10.97,-70.92
2e-05,2.1e-05,7e-13,4.5e-10,2.5e-10,0.0466,35100000000.0,1930000000.0,11.2,-70.43
2e-05,2.1e-05,7e-13,5e-10,1e-10,0.0466,33800000000.0,1900000000.0,11.28,-70.11
2e-05,2.1e-05,7e-13,5e-10,5e-11,0.0466,33900000000.0,1920000000.0,11.28,-70.18
2e-05,2.1e-05,7e-13,5e-10,1.5e-10,0.0466,33800000000.0,1920000000.0,11.27,-70.12
2e-05,2.1e-05,7e-13,5e-10,2.5e-10,0.0466,33800000000.0,1910000000.0,11.28,-70.19
2e-05,2.2e-05,5e-13,4e-10,1e-10,0.0466,36500000000.0,1860000000.0,11.02,-70.55
2e-05,2.2e-05,5e-13,4e-10,5e-11,0.0466,36500000000.0,1850000000.0,11.03,-70.41
2e-05,2.2e-05,5e-13,4e-10,1.5e-10,0.0466,36500000000.0,1840000000.0,11.03,-70.47
2e-05,2.2e-05,5e-13,4e-10,2e-10,0.0466,36500000000.0,1860000000.0,11.03,-70.57
2e-05,2.2e-05,5e-13,4e-10,2.5e-10,0.0466,36500000000.0,1840000000.0,11.03,-70.6
2e-05,2.2e-05,5e-13,3e-10,1e-10,0.0466,40600000000.0,1920000000.0,10.68,-71.17
2e-05,2.2e-05,5e-13,3e-10,5e-11,0.0466,40600000000.0,1910000000.0,10.68,-72.05
2e-05,2.2e-05,5e-13,3e-10,1.5e-10,0.0466,40600000000.0,1910000000.0,10.69,-71.21
2e-05,2.2e-05,5e-13,3e-10,2e-10,0.0466,40600000000.0,1910000000.0,10.69,-71.2
2e-05,2.2e-05,5e-13,3e-10,2.5e-10,0.0466,40600000000.0,1910000000.0,10.69,-71.09
2e-05,2.2e-05,5e-13,3.5e-10,1e-10,0.0466,38300000000.0,1870000000.0,10.88,-70.8
2e-05,2.2e-05,5e-13,3.5e-10,5e-11,0.0466,38300000000.0,1880000000.0,10.88,-70.8
2e-05,2.2e-05,5e-13,3.5e-10,1.5e-10,0.0466,38300000000.0,1870000000.0,10.89,-70.82
2e-05,2.2e-05,5e-13,3.5e-10,2e-10,0.0466,38300000000.0,1880000000.0,10.89,-70.84
2e-05,2.2e-05,5e-13,3.5e-10,2.5e-10,0.0466,38300000000.0,1880000000.0,10.88,-70.82
2e-05,2.2e-05,5e-13,4.5e-10,1e-10,0.0466,35000000000.0,1820000000.0,11.13,-70.26
2e-05,2.2e-05,5e-13,4.5e-10,5e-11,0.0466,35000000000.0,1810000000.0,11.13,-70.21
2e-05,2.2e-05,5e-13,4.5e-10,1.5e-10,0.0466,35000000000.0,1830000000.0,11.13,-70.24
2e-05,2.2e-05,5e-13,4.5e-10,2e-10,0.0466,35000000000.0,1820000000.0,11.13,-70.28
2e-05,2.2e-05,5e-13,4.5e-10,2.5e-10,0.0466,35000000000.0,1830000000.0,11.13,-70.33
2e-05,2.2e-05,5e-13,5e-10,1e-10,0.0466,33800000000.0,1820000000.0,11.21,-70.1
2e-05,2.2e-05,5e-13,5e-10,5e-11,0.0466,33800000000.0,1800000000.0,11.21,-70.2
2e-05,2.2e-05,5e-13,5e-10,1.5e-10,0.0466,33800000000.0,1820000000.0,11.21,-70.05
2e-05,2.2e-05,5e-13,5e-10,2e-10,0.0466,33800000000.0,1820000000.0,11.21,-70.03
2e-05,2.2e-05,5e-13,5e-10,2.5e-10,0.0466,33800000000.0,1800000000.0,11.21,-70.07
2e-05,2.2e-05,3e-13,4e-10,1e-10,0.0466,36500000000.0,1850000000.0,11.03,-70.53
2e-05,2.2e-05,3e-13,4e-10,5e-11,0.0466,36500000000.0,1840000000.0,11.03,-71.07
2e-05,2.2e-05,3e-13,4e-10,1.5e-10,0.0466,36500000000.0,1840000000.0,11.03,-70.34
2e-05,2.2e-05,3e-13,4e-10,2e-10,0.0466,36500000000.0,1860000000.0,11.02,-70.5
2e-05,2.2e-05,3e-13,4e-10,2.5e-10,0.0466,36500000000.0,1850000000.0,11.03,-70.42
2e-05,2.2e-05,3e-13,3e-10,5e-11,0.0466,40600000000.0,1910000000.0,10.68,-71.12
2e-05,2.2e-05,3e-13,3e-10,1.5e-10,0.0466,40600000000.0,1920000000.0,10.68,-71.19
2e-05,2.2e-05,3e-13,3e-10,2e-10,0.0466,40600000000.0,1920000000.0,10.68,-71.23
2e-05,2.2e-05,3e-13,3e-10,2.5e-10,0.0466,40600000000.0,1920000000.0,10.68,-71.14
2e-05,2.2e-05,3e-13,3.5e-10,1e-10,0.0466,38300000000.0,1880000000.0,10.89,-70.87
2e-05,2.2e-05,3e-13,3.5e-10,5e-11,0.0466,38300000000.0,1870000000.0,10.89,-70.83
2e-05,2.2e-05,3e-13,3.5e-10,2e-10,0.0466,38300000000.0,1870000000.0,10.89,-71.7
2e-05,2.2e-05,3e-13,3.5e-10,2.5e-10,0.0466,38300000000.0,1880000000.0,10.88,-70.83
2e-05,2.2e-05,3e-13,4.5e-10,1e-10,0.0466,35000000000.0,1820000000.0,11.13,-70.57
2e-05,2.2e-05,3e-13,4.5e-10,5e-11,0.0466,35000000000.0,1830000000.0,11.13,-70.31
2e-05,2.2e-05,3e-13,4.5e-10,2.5e-10,0.0466,35000000000.0,1840000000.0,11.13,-70.25
2e-05,2.2e-05,3e-13,5e-10,1.5e-10,0.0466,33800000000.0,1810000000.0,11.21,-70.08
2e-05,2.2e-05,3e-13,5e-10,2e-10,0.0466,33800000000.0,1810000000.0,11.21,-70.03
2e-05,2.2e-05,3e-13,5e-10,2.5e-10,0.0466,33800000000.0,1820000000.0,11.21,-70.04
2e-05,2.2e-05,4e-13,4e-10,1e-10,0.0466,36500000000.0,1850000000.0,11.03,-70.55
2e-05,2.2e-05,4e-13,4e-10,5e-11,0.0466,36500000000.0,1860000000.0,11.02,-70.48
2e-05,2.2e-05,4e-13,4e-10,1.5e-10,0.0466,36500000000.0,1860000000.0,11.02,-70.59
2e-05,2.2e-05,4e-13,4e-10,2e-10,0.0466,36500000000.0,1850000000.0,11.03,-70.69
2e-05,2.2e-05,4e-13,4e-10,2.5e-10,0.0466,36500000000.0,1850000000.0,11.03,-70.51
2e-05,2.2e-05,4e-13,3e-10,1e-10,0.0466,40600000000.0,1910000000.0,10.68,-71.18
2e-05,2.2e-05,4e-13,3e-10,2e-10,0.0466,40600000000.0,1910000000.0,10.68,-71.21
2e-05,2.2e-05,4e-13,3.5e-10,1e-10,0.0466,38300000000.0,1860000000.0,10.89,-70.84
2e-05,2.2e-05,4e-13,3.5e-10,5e-11,0.0466,38300000000.0,1880000000.0,10.89,-70.79
2e-05,2.2e-05,4e-13,3.5e-10,1.5e-10,0.0466,38300000000.0,1870000000.0,10.89,-70.8
2e-05,2.2e-05,4e-13,3.5e-10,2e-10,0.0466,38300000000.0,1880000000.0,10.88,-70.84
2e-05,2.2e-05,4e-13,3.5e-10,2.5e-10,0.0466,38300000000.0,1880000000.0,10.89,-71.29
2e-05,2.2e-05,4e-13,4.5e-10,1e-10,0.0466,35000000000.0,1830000000.0,11.13,-70.94
2e-05,2.2e-05,4e-13,4.5e-10,5e-11,0.0466,35000000000.0,1820000000.0,11.13,-70.27
2e-05,2.2e-05,4e-13,5e-10,1e-10,0.0466,33800000000.0,1800000000.0,11.21,-70.09
2e-05,2.2e-05,4e-13,5e-10,5e-11,0.0466,33800000000.0,1810000000.0,11.21,-70.06
2e-05,2.2e-05,4e-13,5e-10,1.5e-10,0.0466,33800000000.0,1790000000.0,11.21,-70.11
2e-05,2.2e-05,6e-13,4e-10,1e-10,0.0466,36500000000.0,1840000000.0,11.03,-70.32
2e-05,2.2e-05,6e-13,4e-10,5e-11,0.0466,36500000000.0,1850000000.0,11.03,-70.68
2e-05,2.2e-05,6e-13,4e-10,2e-10,0.0466,36500000000.0,1840000000.0,11.03,-70.58
2e-05,2.2e-05,6e-13,4e-10,2.5e-10,0.0466,36500000000.0,1840000000.0,11.03,-70.37
2e-05,2.2e-05,6e-13,3e-10,5e-11,0.0466,40600000000.0,1910000000.0,10.68,-71.99
2e-05,2.2e-05,6e-13,3e-10,1.5e-10,0.0466,40600000000.0,1900000000.0,10.69,-71.2
2e-05,2.2e-05,6e-13,3e-10,2.5e-10,0.0466,40600000000.0,1920000000.0,10.68,-71.18
2e-05,2.2e-05,6e-13,3.5e-10,1e-10,0.0466,38300000000.0,1880000000.0,10.88,-70.81
2e-05,2.2e-05,6e-13,3.5e-10,5e-11,0.0466,38300000000.0,1880000000.0,10.88,-70.9
2e-05,2.2e-05,6e-13,3.5e-10,2e-10,0.0466,38300000000.0,1880000000.0,10.89,-70.83
2e-05,2.2e-05,6e-13,3.5e-10,2.5e-10,0.0466,38300000000.0,1890000000.0,10.88,-70.81
2e-05,2.2e-05,6e-13,4.5e-10,1e-10,0.0466,35000000000.0,1840000000.0,11.13,-70.06
2e-05,2.2e-05,6e-13,4.5e-10,5e-11,0.0466,35000000000.0,1840000000.0,11.13,-70.31
2e-05,2.2e-05,6e-13,4.5e-10,2e-10,0.0466,35000000000.0,1810000000.0,11.13,-70.25
2e-05,2.2e-05,6e-13,4.5e-10,2.5e-10,0.0466,35000000000.0,1820000000.0,11.13,-70.24
2e-05,2.2e-05,6e-13,5e-10,5e-11,0.0466,33800000000.0,1820000000.0,11.21,-70.07
2e-05,2.2e-05,7e-13,4e-10,1e-10,0.0466,36500000000.0,1840000000.0,11.03,-70.61
2e-05,2.2e-05,7e-13,4e-10,5e-11,0.0466,36500000000.0,1840000000.0,11.03,-70.53
2e-05,2.2e-05,7e-13,4e-10,1.5e-10,0.0466,36500000000.0,1850000000.0,11.03,-70.5
2e-05,2.2e-05,7e-13,4e-10,2.5e-10,0.0466,36500000000.0,1860000000.0,11.03,-70.53
2e-05,2.2e-05,7e-13,3e-10,1e-10,0.0466,40600000000.0,1910000000.0,10.69,-71.22
2e-05,2.2e-05,7e-13,3.5e-10,5e-11,0.0466,38300000000.0,1880000000.0,10.89,-70.78
2e-05,2.2e-05,7e-13,3.5e-10,1.5e-10,0.0466,38300000000.0,1870000000.0,10.89,-71.04
2e-05,2.2e-05,7e-13,3.5e-10,2.5e-10,0.0466,38300000000.0,1870000000.0,10.89,-70.79
2e-05,2.2e-05,7e-13,4.5e-10,1e-10,0.0466,35000000000.0,1820000000.0,11.13,-70.08
2e-05,2.2e-05,7e-13,4.5e-10,5e-11,0.0466,35000000000.0,1830000000.0,11.13,-70.27
2e-05,2.2e-05,7e-13,4.5e-10,2e-10,0.0466,35000000000.0,1830000000.0,11.13,-70.23
2e-05,2.2e-05,7e-13,4.5e-10,2.5e-10,0.0466,35000000000.0,1820000000.0,11.13,-70.25
2e-05,2.2e-05,7e-13,5e-10,5e-11,0.0466,33800000000.0,1810000000.0,11.21,-70.58
2e-05,2.2e-05,7e-13,5e-10,1.5e-10,0.0466,33800000000.0,1790000000.0,11.21,-70.14
2e-05,2.2e-05,7e-13,5e-10,2e-10,0.0466,33800000000.0,1810000000.0,11.21,-70.18
2e-05,2.2e-05,7e-13,5e-10,2.5e-10,0.0466,33800000000.0,1810000000.0,11.21,-70.04
2e-05,2.3e-05,5e-13,4e-10,1e-10,0.0466,36500000000.0,1680000000.0,10.95,-70.3
2e-05,2.3e-05,5e-13,4e-10,5e-11,0.0466,36500000000.0,1680000000.0,10.95,-70.43
2e-05,2.3e-05,5e-13,4e-10,1.5e-10,0.0466,36500000000.0,1680000000.0,10.95,-70.4
2e-05,2.3e-05,5e-13,4e-10,2e-10,0.0466,36500000000.0,1690000000.0,10.94,-70.35
2e-05,2.3e-05,5e-13,4e-10,2.5e-10,0.0466,36500000000.0,1690000000.0,10.94,-70.44
2e-05,2.3e-05,5e-13,3e-10,1e-10,0.0466,40600000000.0,1720000000.0,10.58,-71.04
2e-05,2.3e-05,5e-13,3e-10,5e-11,0.0466,40600000000.0,1700000000.0,10.58,-70.74
2e-05,2.3e-05,5e-13,3e-10,1.5e-10,0.0466,40600000000.0,1720000000.0,10.58,-70.89
2e-05,2.3e-05,5e-13,3e-10,2e-10,0.0466,40600000000.0,1710000000.0,10.59,-71.05
2e-05,2.3e-05,5e-13,3e-10,2.5e-10,0.0466,40600000000.0,1720000000.0,10.58,-71.05
2e-05,2.3e-05,5e-13,3.5e-10,1e-10,0.0466,38300000000.0,1710000000.0,10.8,-70.67
2e-05,2.3e-05,5e-13,3.5e-10,5e-11,0.0466,38300000000.0,1690000000.0,10.8,-70.64
2e-05,2.3e-05,5e-13,3.5e-10,1.5e-10,0.0466,38300000000.0,1710000000.0,10.79,-70.63
2e-05,2.3e-05,5e-13,3.5e-10,2e-10,0.0466,38300000000.0,1700000000.0,10.8,-70.44
2e-05,2.3e-05,5e-13,3.5e-10,2.5e-10,0.0466,38300000000.0,1690000000.0,10.8,-70.71
2e-05,2.3e-05,5e-13,4.5e-10,1e-10,0.0466,35000000000.0,1700000000.0,11.06,-70.14
2e-05,2.3e-05,5e-13,4.5e-10,5e-11,0.0466,35000000000.0,1690000000.0,11.05,-70.14
2e-05,2.3e-05,5e-13,4.5e-10,2e-10,0.0466,35000000000.0,1680000000.0,11.05,-70.17
2e-05,2.3e-05,5e-13,4.5e-10,2.5e-10,0.0466,35000000000.0,1690000000.0,11.06,-70.17
2e-05,2.3e-05,5e-13,5e-10,1e-10,0.0466,33800000000.0,1690000000.0,11.14,-70.07
2e-05,2.3e-05,3e-13,4e-10,1e-10,0.0466,36500000000.0,1690000000.0,10.94,-70.38
2e-05,2.3e-05,3e-13,4e-10,5e-11,0.0466,36500000000.0,1700000000.0,10.95,-70.41
2e-05,2.3e-05,3e-13,4e-10,1.5e-10,0.0466,36500000000.0,1700000000.0,10.95,-70.42
2e-05,2.3e-05,3e-13,4e-10,2e-10,0.0466,36500000000.0,1700000000.0,10.94,-70.41
2e-05,2.3e-05,3e-13,4e-10,2.5e-10,0.0466,36500000000.0,1690000000.0,10.95,-70.36
2e-05,2.3e-05,3e-13,3e-10,1e-10,0.0466,40600000000.0,1700000000.0,10.59,-71.07
2e-05,2.3e-05,3e-13,3e-10,5e-11,0.0466,40600000000.0,1710000000.0,10.58,-71.07
2e-05,2.3e-05,3e-13,3e-10,2e-10,0.0466,40600000000.0,1700000000.0,10.59,-71.05
2e-05,2.3e-05,3e-13,3e-10,2.5e-10,0.0466,40600000000.0,1710000000.0,10.59,-71.06
2e-05,2.3e-05,3e-13,3.5e-10,1e-10,0.0466,38300000000.0,1710000000.0,10.79,-70.66
2e-05,2.3e-05,3e-13,3.5e-10,5e-11,0.0466,38300000000.0,1690000000.0,10.8,-70.69
2e-05,2.3e-05,3e-13,3.5e-10,1.5e-10,0.0466,38300000000.0,1700000000.0,10.8,-70.51
2e-05,2.3e-05,3e-13,3.5e-10,2e-10,0.0466,38300000000.0,1700000000.0,10.8,-70.78
2e-05,2.3e-05,3e-13,3.5e-10,2.5e-10,0.0466,38300000000.0,1700000000.0,10.8,-70.72
2e-05,2.3e-05,3e-13,4.5e-10,1e-10,0.0466,35000000000.0,1680000000.0,11.05,-70.71
2e-05,2.3e-05,3e-13,4.5e-10,5e-11,0.0466,35000000000.0,1680000000.0,11.06,-70.17
2e-05,2.3e-05,3e-13,4.5e-10,1.5e-10,0.0466,35000000000.0,1670000000.0,11.06,-70.09
2e-05,2.3e-05,3e-13,4.5e-10,2e-10,0.0466,35000000000.0,1680000000.0,11.05,-70.14
2e-05,2.3e-05,3e-13,4.5e-10,2.5e-10,0.0466,35000000000.0,1680000000.0,11.06,-70.44
2e-05,2.3e-05,4e-13,4e-10,1e-10,0.0466,36500000000.0,1700000000.0,10.94,-70.43
2e-05,2.3e-05,4e-13,4e-10,5e-11,0.0466,36500000000.0,1700000000.0,10.94,-70.39
2e-05,2.3e-05,4e-13,4e-10,2e-10,0.0466,36500000000.0,1700000000.0,10.94,-70.37
2e-05,2.3e-05,4e-13,3e-10,1e-10,0.0466,40600000000.0,1700000000.0,10.58,-70.78
2e-05,2.3e-05,4e-13,3e-10,5e-11,0.0466,40600000000.0,1700000000.0,10.58,-71.05
2e-05,2.3e-05,4e-13,3e-10,1.5e-10,0.0466,40600000000.0,1700000000.0,10.59,-71.03
2e-05,2.3e-05,4e-13,3e-10,2e-10,0.0466,40600000000.0,1720000000.0,10.58,-71.12
2e-05,2.3e-05,4e-13,3.5e-10,1e-10,0.0466,38300000000.0,1710000000.0,10.8,-70.71
2e-05,2.3e-05,4e-13,3.5e-10,5e-11,0.0466,38300000000.0,1710000000.0,10.8,-70.64
2e-05,2.3e-05,4e-13,3.5e-10,1.5e-10,0.0466,38300000000.0,1710000000.0,10.8,-70.51
2e-05,2.3e-05,4e-13,3.5e-10,2e-10,0.0466,38300000000.0,1700000000.0,10.8,-70.73
2e-05,2.3e-05,4e-13,4.5e-10,1e-10,0.0466,35000000000.0,1680000000.0,11.06,-70.12
2e-05,2.3e-05,4e-13,4.5e-10,1.5e-10,0.0466,35000000000.0,1670000000.0,11.06,-70.07
2e-05,2.3e-05,4e-13,4.5e-10,2.5e-10,0.0466,35000000000.0,1680000000.0,11.05,-70.18
2e-05,2.3e-05,6e-13,4e-10,1e-10,0.0466,36500000000.0,1700000000.0,10.94,-70.4
2e-05,2.3e-05,6e-13,4e-10,5e-11,0.0466,36500000000.0,1690000000.0,10.95,-70.44
2e-05,2.3e-05,6e-13,4e-10,1.5e-10,0.0466,36500000000.0,1680000000.0,10.95,-70.69
2e-05,2.3e-05,6e-13,4e-10,2.5e-10,0.0466,36500000000.0,1700000000.0,10.94,-70.38
2e-05,2.3e-05,6e-13,3e-10,1e-10,0.0466,40600000000.0,1710000000.0,10.59,-71.07
2e-05,2.3e-05,6e-13,3e-10,2e-10,0.0466,40600000000.0,1700000000.0,10.59,-71.04
2e-05,2.3e-05,6e-13,3e-10,2.5e-10,0.0466,40600000000.0,1710000000.0,10.59,-71.02
2e-05,2.3e-05,6e-13,3.5e-10,1e-10,0.0466,38300000000.0,1710000000.0,10.8,-70.63
2e-05,2.3e-05,6e-13,3.5e-10,5e-11,0.0466,38300000000.0,1710000000.0,10.79,-70.65
2e-05,2.3e-05,6e-13,3.5e-10,2e-10,0.0466,38300000000.0,1710000000.0,10.8,-70.65
2e-05,2.3e-05,6e-13,3.5e-10,2.5e-10,0.0466,38300000000.0,1710000000.0,10.8,-70.68
2e-05,2.3e-05,6e-13,4.5e-10,5e-11,0.0466,35000000000.0,1680000000.0,11.06,-70.16
2e-05,2.3e-05,6e-13,4.5e-10,1.5e-10,0.0466,35000000000.0,1690000000.0,11.05,-70.15
2e-05,2.3e-05,6e-13,4.5e-10,2e-10,0.0466,35000000000.0,1680000000.0,11.06,-70.01
2e-05,2.3e-05,6e-13,4.5e-10,2.5e-10,0.0466,35000000000.0,1700000000.0,11.06,-70.17
2e-05,2.3e-05,7e-13,4e-10,1e-10,0.0466,36500000000.0,1690000000.0,10.95,-70.42
2e-05,2.3e-05,7e-13,4e-10,5e-11,0.0466,36500000000.0,1690000000.0,10.95,-70.4
2e-05,2.3e-05,7e-13,4e-10,2.5e-10,0.0466,36500000000.0,1700000000.0,10.94,-70.48
2e-05,2.3e-05,7e-13,3e-10,1e-10,0.0466,40600000000.0,1720000000.0,10.58,-71.01
2e-05,2.3e-05,7e-13,3e-10,5e-11,0.0466,40600000000.0,1720000000.0,10.58,-71.02
2e-05,2.3e-05,7e-13,3e-10,2.5e-10,0.0466,40600000000.0,1710000000.0,10.59,-71.03
2e-05,2.3e-05,7e-13,3.5e-10,5e-11,0.0466,38300000000.0,1710000000.0,10.8,-71.74
2e-05,2.3e-05,7e-13,3.5e-10,2e-10,0.0466,38300000000.0,1710000000.0,10.79,-70.73
2e-05,2.3e-05,7e-13,3.5e-10,2.5e-10,0.0466,38300000000.0,1700000000.0,10.8,-70.67
2e-05,2.3e-05,7e-13,4.5e-10,1e-10,0.0466,35000000000.0,1690000000.0,11.06,-70.14
2e-05,2.3e-05,7e-13,4.5e-10,5e-11,0.0466,35000000000.0,1700000000.0,11.05,-70.17
2e-05,2.3e-05,7e-13,4.5e-10,1.5e-10,0.0466,35000000000.0,1680000000.0,11.06,-70.14
2e-05,2.3e-05,7e-13,4.5e-10,2e-10,0.0466,35000000000.0,1680000000.0,11.05,-70.15
2e-05,2.4e-05,5e-13,4e-10,1e-10,0.0466,36500000000.0,1510000000.0,10.86,-70.29
2e-05,2.4e-05,5e-13,4e-10,5e-11,0.0466,36500000000.0,1510000000.0,10.86,-70.26
2e-05,2.4e-05,5e-13,4e-10,1.5e-10,0.0466,36500000000.0,1520000000.0,10.86,-70.24
2e-05,2.4e-05,5e-13,4e-10,2e-10,0.0466,36500000000.0,1520000000.0,10.86,-70.25
2e-05,2.4e-05,5e-13,4e-10,2.5e-10,0.0466,36500000000.0,1510000000.0,10.86,-70.36
2e-05,2.4e-05,5e-13,3e-10,1e-10,0.0466,40600000000.0,1470000000.0,10.48,-70.9
2e-05,2.4e-05,5e-13,3e-10,5e-11,0.0466,40600000000.0,1480000000.0,10.48,-70.88
2e-05,2.4e-05,5e-13,3e-10,1.5e-10,0.0466,40600000000.0,1480000000.0,10.48,-70.9
2e-05,2.4e-05,5e-13,3e-10,2e-10,0.0466,40600000000.0,1470000000.0,10.48,-70.91
2e-05,2.4e-05,5e-13,3e-10,2.5e-10,0.0466,40600000000.0,1470000000.0,10.48,-70.83
2e-05,2.4e-05,5e-13,3.5e-10,1e-10,0.0466,38300000000.0,1500000000.0,10.7,-70.51
2e-05,2.4e-05,5e-13,3.5e-10,5e-11,0.0466,38300000000.0,1510000000.0,10.7,-70.51
2e-05,2.4e-05,5e-13,3.5e-10,1.5e-10,0.0466,38300000000.0,1500000000.0,10.7,-70.57
2e-05,2.4e-05,5e-13,3.5e-10,2e-10,0.0466,38300000000.0,1500000000.0,10.7,-70.66
2e-05,2.4e-05,5e-13,3.5e-10,2.5e-10,0.0466,38300000000.0,1490000000.0,10.71,-70.52
2e-05,2.4e-05,5e-13,4.5e-10,5e-11,0.0466,35000000000.0,1510000000.0,10.98,-70.07
2e-05,2.4e-05,5e-13,4.5e-10,1.5e-10,0.0466,35000000000.0,1520000000.0,10.98,-70.07
2e-05,2.4e-05,5e-13,4.5e-10,2e-10,0.0466,35000000000.0,1510000000.0,10.98,-70.15
2e-05,2.4e-05,5e-13,4.5e-10,2.5e-10,0.0466,35000000000.0,1530000000.0,10.97,-70.72
2e-05,2.4e-05,3e-13,4e-10,1e-10,0.0466,36500000000.0,1500000000.0,10.86,-70.29
2e-05,2.4e-05,3e-13,4e-10,5e-11,0.0466,36500000000.0,1520000000.0,10.86,-70.4
2e-05,2.4e-05,3e-13,4e-10,1.5e-10,0.0466,36500000000.0,1520000000.0,10.86,-70.41
2e-05,2.4e-05,3e-13,4e-10,2e-10,0.0466,36500000000.0,1520000000.0,10.86,-70.3
2e-05,2.4e-05,3e-13,4e-10,2.5e-10,0.0466,36500000000.0,1510000000.0,10.86,-70.23
2e-05,2.4e-05,3e-13,3e-10,5e-11,0.0466,40600000000.0,1480000000.0,10.48,-70.89
2e-05,2.4e-05,3e-13,3e-10,1.5e-10,0.0466,40600000000.0,1470000000.0,10.48,-70.85
2e-05,2.4e-05,3e-13,3e-10,2e-10,0.0466,40600000000.0,1470000000.0,10.48,-70.82
2e-05,2.4e-05,3e-13,3e-10,2.5e-10,0.0466,40600000000.0,1470000000.0,10.48,-70.93
2e-05,2.4e-05,3e-13,3.5e-10,1e-10,0.0466,38300000000.0,1490000000.0,10.71,-70.56
2e-05,2.4e-05,3e-13,3.5e-10,5e-11,0.0466,38300000000.0,1500000000.0,10.7,-70.54
2e-05,2.4e-05,3e-13,3.5e-10,1.5e-10,0.0466,38300000000.0,1510000000.0,10.7,-70.6
2e-05,2.4e-05,3e-13,3.5e-10,2e-10,0.0466,38300000000.0,1500000000.0,10.7,-70.52
2e-05,2.4e-05,3e-13,3.5e-10,2.5e-10,0.0466,38300000000.0,1510000000.0,10.7,-70.42
2e-05,2.4e-05,3e-13,4.5e-10,1e-10,0.0466,35000000000.0,1530000000.0,10.97,-70.11
2e-05,2.4e-05,3e-13,4.5e-10,5e-11,0.0466,35000000000.0,1530000000.0,10.97,-70.02
2e-05,2.4e-05,3e-13,4.5e-10,2e-10,0.0466,35000000000.0,1510000000.0,10.98,-70.06
2e-05,2.4e-05,3e-13,4.5e-10,2.5e-10,0.0466,35000000000.0,1510000000.0,10.97,-70.02
2e-05,2.4e-05,4e-13,4e-10,5e-11,0.0466,36500000000.0,1520000000.0,10.86,-71.16
2e-05,2.4e-05,4e-13,4e-10,2.5e-10,0.0466,36500000000.0,1520000000.0,10.86,-70.31
2e-05,2.4e-05,4e-13,3e-10,1e-10,0.0466,40600000000.0,1470000000.0,10.48,-70.92
2e-05,2.4e-05,4e-13,3e-10,5e-11,0.0466,40600000000.0,1480000000.0,10.48,-70.91
2e-05,2.4e-05,4e-13,3.5e-10,1e-10,0.0466,38300000000.0,1490000000.0,10.71,-70.58
2e-05,2.4e-05,4e-13,3.5e-10,5e-11,0.0466,38300000000.0,1490000000.0,10.7,-70.56
2e-05,2.4e-05,4e-13,3.5e-10,2e-10,0.0466,38300000000.0,1490000000.0,10.7,-70.81
2e-05,2.4e-05,4e-13,3.5e-10,2.5e-10,0.0466,38300000000.0,1500000000.0,10.71,-70.61
2e-05,2.4e-05,4e-13,4.5e-10,1e-10,0.0466,35000000000.0,1510000000.0,10.98,-70.05
2e-05,2.4e-05,4e-13,4.5e-10,2.5e-10,0.0466,35000000000.0,1520000000.0,10.98,-70.05
2e-05,2.4e-05,6e-13,4e-10,1.5e-10,0.0466,36500000000.0,1500000000.0,10.86,-70.25
2e-05,2.4e-05,6e-13,4e-10,2.5e-10,0.0466,36500000000.0,1510000000.0,10.86,-70.39
2e-05,2.4e-05,6e-13,3e-10,5e-11,0.0466,40600000000.0,1470000000.0,10.48,-71.06
2e-05,2.4e-05,6e-13,3e-10,1.5e-10,0.0466,40600000000.0,1470000000.0,10.48,-70.88
2e-05,2.4e-05,6e-13,3.5e-10,1e-10,0.0466,38300000000.0,1490000000.0,10.7,-70.41
2e-05,2.4e-05,6e-13,3.5e-10,5e-11,0.0466,38300000000.0,1490000000.0,10.71,-70.59
2e-05,2.4e-05,6e-13,3.5e-10,2e-10,0.0466,38300000000.0,1500000000.0,10.7,-70.53
2e-05,2.4e-05,6e-13,3.5e-10,2.5e-10,0.0466,38300000000.0,1500000000.0,10.71,-70.53
2e-05,2.4e-05,6e-13,4.5e-10,1e-10,0.0466,35000000000.0,1510000000.0,10.97,-70.04
2e-05,2.4e-05,6e-13,4.5e-10,5e-11,0.0466,35000000000.0,1510000000.0,10.98,-70.02
2e-05,2.4e-05,6e-13,4.5e-10,1.5e-10,0.0466,35000000000.0,1530000000.0,10.97,-70.12
2e-05,2.4e-05,6e-13,4.5e-10,2e-10,0.0466,35000000000.0,1510000000.0,10.98,-70.04
2e-05,2.4e-05,6e-13,5e-10,1.5e-10,0.0466,33800000000.0,1530000000.0,11.06,-70.38
2e-05,2.4e-05,7e-13,4e-10,5e-11,0.0466,36500000000.0,1520000000.0,10.86,-70.34
2e-05,2.4e-05,7e-13,4e-10,1.5e-10,0.0466,36500000000.0,1510000000.0,10.86,-70.25
2e-05,2.4e-05,7e-13,4e-10,2e-10,0.0466,36500000000.0,1500000000.0,10.86,-70.03
2e-05,2.4e-05,7e-13,4e-10,2.5e-10,0.0466,36500000000.0,1510000000.0,10.86,-70.3
2e-05,2.4e-05,7e-13,3.5e-10,1e-10,0.0466,38300000000.0,1510000000.0,10.7,-70.54
2e-05,2.4e-05,7e-13,3.5e-10,1.5e-10,0.0466,38300000000.0,1490000000.0,10.71,-70.76
2e-05,2.4e-05,7e-13,3.5e-10,2e-10,0.0466,38300000000.0,1510000000.0,10.7,-70.55
2e-05,2.4e-05,7e-13,3.5e-10,2.5e-10,0.0466,38300000000.0,1500000000.0,10.7,-70.56
2e-05,2.4e-05,7e-13,4.5e-10,5e-11,0.0466,35000000000.0,1530000000.0,10.97,-70.76
2e-05,2.4e-05,7e-13,4.5e-10,1.5e-10,0.0466,35000000000.0,1510000000.0,10.98,-70.03
2e-05,2.5e-05,5e-13,4e-10,1e-10,0.0466,36500000000.0,1310000000.0,10.77,-70.13
2e-05,2.5e-05,5e-13,4e-10,5e-11,0.0466,36500000000.0,1310000000.0,10.78,-70.22
2e-05,2.5e-05,5e-13,4e-10,1.5e-10,0.0466,36500000000.0,1310000000.0,10.77,-70.12
2e-05,2.5e-05,5e-13,4e-10,2e-10,0.0466,36500000000.0,1320000000.0,10.77,-70.17
2e-05,2.5e-05,5e-13,4e-10,2.5e-10,0.0466,36500000000.0,1300000000.0,10.78,-70.17
2e-05,2.5e-05,5e-13,3e-10,1e-10,0.0466,40700000000.0,1200000000.0,10.37,-70.76
2e-05,2.5e-05,5e-13,3e-10,5e-11,0.0466,40700000000.0,1200000000.0,10.37,-70.75
2e-05,2.5e-05,5e-13,3e-10,1.5e-10,0.0466,40700000000.0,1200000000.0,10.37,-70.74
2e-05,2.5e-05,5e-13,3e-10,2e-10,0.0466,40700000000.0,1210000000.0,10.37,-70.76
2e-05,2.5e-05,5e-13,3e-10,2.5e-10,0.0466,40700000000.0,1210000000.0,10.37,-70.74
2e-05,2.5e-05,5e-13,3.5e-10,1e-10,0.0466,38400000000.0,1270000000.0,10.61,-70.42
2e-05,2.5e-05,5e-13,3.5e-10,5e-11,0.0466,38400000000.0,1260000000.0,10.61,-70.45
2e-05,2.5e-05,5e-13,3.5e-10,1.5e-10,0.0466,38400000000.0,1260000000.0,10.61,-70.38
2e-05,2.5e-05,5e-13,3.5e-10,2e-10,0.0466,38400000000.0,1270000000.0,10.61,-70.4
2e-05,2.5e-05,5e-13,3.5e-10,2.5e-10,0.0466,38400000000.0,1260000000.0,10.61,-70.42
2e-05,2.5e-05,3e-13,4e-10,5e-11,0.0466,36500000000.0,1300000000.0,10.77,-70.14
2e-05,2.5e-05,3e-13,4e-10,1.5e-10,0.0466,36500000000.0,1300000000.0,10.78,-70.24
2e-05,2.5e-05,3e-13,4e-10,2.5e-10,0.0466,36500000000.0,1300000000.0,10.77,-70.25
2e-05,2.5e-05,3e-13,3e-10,1e-10,0.0466,40700000000.0,1210000000.0,10.37,-70.75
2e-05,2.5e-05,3e-13,3e-10,2e-10,0.0466,40700000000.0,1200000000.0,10.37,-70.77
2e-05,2.5e-05,3e-13,3e-10,2.5e-10,0.0466,40700000000.0,1200000000.0,10.37,-70.68
2e-05,2.5e-05,3e-13,3.5e-10,1e-10,0.0466,38400000000.0,1260000000.0,10.61,-70.46
2e-05,2.5e-05,3e-13,3.5e-10,5e-11,0.0466,38400000000.0,1270000000.0,10.61,-70.85
2e-05,2.5e-05,3e-13,3.5e-10,2e-10,0.0466,38400000000.0,1270000000.0,10.61,-70.33
2e-05,2.5e-05,4e-13,4e-10,1e-10,0.0466,36500000000.0,1290000000.0,10.78,-70.17
2e-05,2.5e-05,4e-13,4e-10,1.5e-10,0.0466,36500000000.0,1310000000.0,10.77,-70.2
2e-05,2.5e-05,4e-13,4e-10,2e-10,0.0466,36500000000.0,1300000000.0,10.77,-70.12
2e-05,2.5e-05,4e-13,4e-10,2.5e-10,0.0466,36500000000.0,1310000000.0,10.77,-70.11
2e-05,2.5e-05,4e-13,3e-10,1e-10,0.0466,40700000000.0,1210000000.0,10.37,-70.78
2e-05,2.5e-05,4e-13,3e-10,1.5e-10,0.0466,40700000000.0,1200000000.0,10.37,-70.79
2e-05,2.5e-05,4e-13,3e-10,2.5e-10,0.0466,40700000000.0,1200000000.0,10.37,-70.78
2e-05,2.5e-05,4e-13,3.5e-10,1e-10,0.0466,38400000000.0,1260000000.0,10.61,-70.4
2e-05,2.5e-05,4e-13,3.5e-10,5e-11,0.0466,38400000000.0,1270000000.0,10.61,-70.45
2e-05,2.5e-05,4e-13,3.5e-10,2e-10,0.0466,38400000000.0,1260000000.0,10.61,-70.41
2e-05,2.5e-05,6e-13,4e-10,1e-10,0.0466,36500000000.0,1300000000.0,10.78,-70.13
2e-05,2.5e-05,6e-13,4e-10,5e-11,0.0466,36500000000.0,1300000000.0,10.77,-70.17
2e-05,2.5e-05,6e-13,4e-10,1.5e-10,0.0466,36500000000.0,1310000000.0,10.78,-70.42
2e-05,2.5e-05,6e-13,4e-10,2.5e-10,0.0466,36500000000.0,1310000000.0,10.77,-70.15
2e-05,2.5e-05,6e-13,3e-10,5e-11,0.0466,40700000000.0,1200000000.0,10.37,-70.8
2e-05,2.5e-05,7e-13,4e-10,1e-10,0.0466,36500000000.0,1320000000.0,10.77,-70.12
2e-05,2.5e-05,7e-13,4e-10,5e-11,0.0466,36500000000.0,1310000000.0,10.77,-70.7
2e-05,2.5e-05,7e-13,4e-10,2.5e-10,0.0466,36500000000.0,1310000000.0,10.77,-70.19
2e-05,2.5e-05,7e-13,3e-10,1.5e-10,0.0466,40700000000.0,1200000000.0,10.37,-70.6
2e-05,2.5e-05,7e-13,3.5e-10,1e-10,0.0466,38400000000.0,1260000000.0,10.61,-70.39
2e-05,2.5e-05,7e-13,3.5e-10,1.5e-10,0.0466,38400000000.0,1270000000.0,10.61,-70.36
2e-05,2.5e-05,7e-13,4.5e-10,5e-11,0.0466,35000000000.0,791000000.0,7.11,-73.47
2e-05,2.5e-05,7e-13,5e-10,1.5e-10,0.0466,33800000000.0,1350000000.0,10.99,-70.15
2.1e-05,5e-06,5e-13,4e-10,1e-10,0.0489,39500000000.0,1320000000.0,11.88,-71.94
2.1e-05,5e-06,5e-13,4e-10,5e-11,0.0489,39500000000.0,1330000000.0,11.87,-71.83
2.1e-05,5e-06,5e-13,4e-10,1.5e-10,0.0489,39500000000.0,1330000000.0,11.88,-71.8
2.1e-05,5e-06,5e-13,4e-10,2e-10,0.0489,39500000000.0,1330000000.0,11.88,-71.77
2.1e-05,5e-06,5e-13,3e-10,1e-10,0.0489,43700000000.0,1460000000.0,11.65,-73.12
2.1e-05,5e-06,5e-13,3e-10,5e-11,0.0489,43700000000.0,1460000000.0,11.65,-73.1
2.1e-05,5e-06,5e-13,3e-10,1.5e-10,0.0489,43700000000.0,1460000000.0,11.65,-73.02
2.1e-05,5e-06,5e-13,3e-10,2.5e-10,0.0489,43700000000.0,1460000000.0,11.65,-73.08
2.1e-05,5e-06,5e-13,3.5e-10,1e-10,0.0489,41300000000.0,1380000000.0,11.78,-72.52
2.1e-05,5e-06,5e-13,3.5e-10,5e-11,0.0489,41300000000.0,1380000000.0,11.79,-72.35
2.1e-05,5e-06,5e-13,3.5e-10,1.5e-10,0.0489,41300000000.0,1380000000.0,11.79,-73.04
2.1e-05,5e-06,5e-13,3.5e-10,2e-10,0.0489,41300000000.0,1380000000.0,11.78,-72.48
2.1e-05,5e-06,5e-13,3.5e-10,2.5e-10,0.0489,41300000000.0,1380000000.0,11.79,-72.49
2.1e-05,5e-06,5e-13,4.5e-10,1e-10,0.0489,37900000000.0,1280000000.0,11.94,-71.54
2.1e-05,5e-06,5e-13,4.5e-10,5e-11,0.0489,37900000000.0,1280000000.0,11.94,-71.53
2.1e-05,5e-06,5e-13,4.5e-10,2e-10,0.0489,37900000000.0,1280000000.0,11.94,-71.48
2.1e-05,5e-06,5e-13,4.5e-10,2.5e-10,0.0489,37900000000.0,1280000000.0,11.94,-71.47
2.1e-05,5e-06,5e-13,5e-10,1e-10,0.0489,36700000000.0,1250000000.0,11.98,-71.13
2.1e-05,5e-06,5e-13,5e-10,1.5e-10,0.0489,36700000000.0,1240000000.0,11.98,-71.19
2.1e-05,5e-06,5e-13,5e-10,2e-10,0.0489,36700000000.0,1250000000.0,11.98,-71.08
2.1e-05,5e-06,5e-13,5e-10,2.5e-10,0.0489,36700000000.0,1250000000.0,11.98,-71.2
2.1e-05,5e-06,3e-13,4e-10,1e-10,0.0489,39500000000.0,1330000000.0,11.88,-71.69
2.1e-05,5e-06,3e-13,4e-10,5e-11,0.0489,39500000000.0,1330000000.0,11.87,-71.8
2.1e-05,5e-06,3e-13,4e-10,1.5e-10,0.0489,39500000000.0,1330000000.0,11.87,-71.98
2.1e-05,5e-06,3e-13,4e-10,2e-10,0.0489,39500000000.0,1320000000.0,11.88,-71.95
2.1e-05,5e-06,3e-13,4e-10,2.5e-10,0.0489,39500000000.0,1330000000.0,11.88,-71.82
2.1e-05,5e-06,3e-13,3e-10,1e-10,0.0489,43700000000.0,1460000000.0,11.64,-73.1
2.1e-05,5e-06,3e-13,3e-10,5e-11,0.0489,43700000000.0,1460000000.0,11.64,-73.23
2.1e-05,5e-06,3e-13,3e-10,1.5e-10,0.0489,43700000000.0,1460000000.0,11.65,-73.11
2.1e-05,5e-06,3e-13,3e-10,2e-10,0.0489,43700000000.0,1460000000.0,11.65,-73.16
2.1e-05,5e-06,3e-13,3.5e-10,1e-10,0.0489,41300000000.0,1380000000.0,11.79,-72.34
2.1e-05,5e-06,3e-13,3.5e-10,5e-11,0.0489,41300000000.0,1380000000.0,11.78,-72.51
2.1e-05,5e-06,3e-13,3.5e-10,1.5e-10,0.0489,41300000000.0,1380000000.0,11.78,-72.39
2.1e-05,5e-06,3e-13,3.5e-10,2e-10,0.0489,41300000000.0,1380000000.0,11.79,-72.48
2.1e-05,5e-06,3e-13,3.5e-10,2.5e-10,0.0489,41300000000.0,1380000000.0,11.78,-72.42
2.1e-05,5e-06,3e-13,4.5e-10,1e-10,0.0489,37900000000.0,1290000000.0,11.94,-71.41
2.1e-05,5e-06,3e-13,4.5e-10,5e-11,0.0489,37900000000.0,1290000000.0,11.94,-71.49
2.1e-05,5e-06,3e-13,4.5e-10,1.5e-10,0.0489,37900000000.0,1290000000.0,11.94,-71.4
2.1e-05,5e-06,3e-13,4.5e-10,2.5e-10,0.0489,37900000000.0,1280000000.0,11.94,-71.5
2.1e-05,5e-06,3e-13,5e-10,1e-10,0.0489,36700000000.0,1250000000.0,11.98,-71.01
2.1e-05,5e-06,3e-13,5e-10,1.5e-10,0.0489,36700000000.0,1250000000.0,11.98,-71.02
2.1e-05,5e-06,3e-13,5e-10,2e-10,0.0489,36700000000.0,1250000000.0,11.99,-71.16
2.1e-05,5e-06,4e-13,4e-10,5e-11,0.0489,39500000000.0,1320000000.0,11.88,-71.96
2.1e-05,5e-06,4e-13,4e-10,1.5e-10,0.0489,39500000000.0,1330000000.0,11.88,-71.92
2.1e-05,5e-06,4e-13,3e-10,1e-10,0.0489,43700000000.0,1460000000.0,11.65,-72.76
2.1e-05,5e-06,4e-13,3e-10,5e-11,0.0489,43700000000.0,1460000000.0,11.64,-73.85
2.1e-05,5e-06,4e-13,3e-10,1.5e-10,0.0489,43700000000.0,1460000000.0,11.65,-72.77
2.1e-05,5e-06,4e-13,3e-10,2.5e-10,0.0489,43700000000.0,1460000000.0,11.65,-73.18
2.1e-05,5e-06,4e-13,3.5e-10,1e-10,0.0489,41300000000.0,1380000000.0,11.79,-72.46
2.1e-05,5e-06,4e-13,3.5e-10,5e-11,0.0489,41300000000.0,1380000000.0,11.79,-72.38
2.1e-05,5e-06,4e-13,3.5e-10,1.5e-10,0.0489,41300000000.0,1380000000.0,11.79,-72.32
2.1e-05,5e-06,4e-13,3.5e-10,2e-10,0.0489,41300000000.0,1380000000.0,11.78,-72.46
2.1e-05,5e-06,4e-13,4.5e-10,1e-10,0.0489,37900000000.0,1290000000.0,11.94,-71.38
2.1e-05,5e-06,4e-13,4.5e-10,1.5e-10,0.0489,37900000000.0,1280000000.0,11.94,-71.39
2.1e-05,5e-06,4e-13,4.5e-10,2e-10,0.0489,37900000000.0,1290000000.0,11.94,-71.43
2.1e-05,5e-06,4e-13,5e-10,1e-10,0.0489,36700000000.0,1250000000.0,11.98,-71.14
2.1e-05,5e-06,4e-13,5e-10,2e-10,0.0489,36700000000.0,1250000000.0,11.98,-71.15
2.1e-05,5e-06,4e-13,5e-10,2.5e-10,0.0489,36700000000.0,1250000000.0,11.99,-71.15
2.1e-05,5e-06,6e-13,4e-10,5e-11,0.0489,39500000000.0,1330000000.0,11.87,-72.03
2.1e-05,5e-06,6e-13,4e-10,2e-10,0.0489,39500000000.0,1330000000.0,11.87,-71.87
2.1e-05,5e-06,6e-13,4e-10,2.5e-10,0.0489,39500000000.0,1330000000.0,11.87,-71.82
2.1e-05,5e-06,6e-13,3e-10,1e-10,0.0489,43700000000.0,1460000000.0,11.65,-73.05
2.1e-05,5e-06,6e-13,3e-10,2e-10,0.0489,43700000000.0,1460000000.0,11.64,-73.11
2.1e-05,5e-06,6e-13,3e-10,2.5e-10,0.0489,43700000000.0,1460000000.0,11.64,-73.82
2.1e-05,5e-06,6e-13,3.5e-10,1e-10,0.0489,41300000000.0,1380000000.0,11.79,-72.41
2.1e-05,5e-06,6e-13,3.5e-10,1.5e-10,0.0489,41300000000.0,1380000000.0,11.79,-72.33
2.1e-05,5e-06,6e-13,3.5e-10,2.5e-10,0.0489,41300000000.0,1380000000.0,11.79,-72.58
2.1e-05,5e-06,6e-13,4.5e-10,1e-10,0.0489,37900000000.0,1290000000.0,11.94,-71.37
2.1e-05,5e-06,6e-13,5e-10,5e-11,0.0489,36700000000.0,1250000000.0,11.98,-71.03
2.1e-05,5e-06,6e-13,5e-10,2.5e-10,0.0489,36700000000.0,1250000000.0,11.99,-71.05
2.1e-05,5e-06,7e-13,4e-10,1e-10,0.0489,39500000000.0,1330000000.0,11.88,-71.81
2.1e-05,5e-06,7e-13,4e-10,1.5e-10,0.0489,39500000000.0,1330000000.0,11.88,-71.96
2.1e-05,5e-06,7e-13,4e-10,2.5e-10,0.0489,39500000000.0,1320000000.0,11.88,-72.53
2.1e-05,5e-06,7e-13,3e-10,1e-10,0.0489,43700000000.0,1460000000.0,11.65,-73.31
2.1e-05,5e-06,7e-13,3e-10,1.5e-10,0.0489,43700000000.0,1460000000.0,11.65,-73.04
2.1e-05,5e-06,7e-13,3e-10,2e-10,0.0489,43700000000.0,1460000000.0,11.65,-73.75
2.1e-05,5e-06,7e-13,3e-10,2.5e-10,0.0489,43700000000.0,1460000000.0,11.65,-73.06
2.1e-05,5e-06,7e-13,3.5e-10,1e-10,0.0489,41300000000.0,1380000000.0,11.78,-72.5
2.1e-05,5e-06,7e-13,3.5e-10,1.5e-10,0.0489,41300000000.0,1380000000.0,11.78,-72.4
2.1e-05,5e-06,7e-13,3.5e-10,2e-10,0.0489,41300000000.0,1380000000.0,11.79,-73.19
2.1e-05,5e-06,7e-13,3.5e-10,2.5e-10,0.0489,41300000000.0,1380000000.0,11.79,-72.22
2.1e-05,5e-06,7e-13,4.5e-10,1e-10,0.0489,37900000000.0,1290000000.0,11.94,-71.44
2.1e-05,5e-06,7e-13,4.5e-10,2e-10,0.0489,37900000000.0,1280000000.0,11.94,-71.51
2.1e-05,5e-06,7e-13,5e-10,1.5e-10,0.0489,36700000000.0,1250000000.0,11.98,-71.06
2.1e-05,5e-06,7e-13,5e-10,2e-10,0.0489,36700000000.0,1250000000.0,11.99,-71.06
2.1e-05,6e-06,5e-13,4e-10,1e-10,0.0489,39100000000.0,1520000000.0,11.86,-71.85
2.1e-05,6e-06,5e-13,4e-10,5e-11,0.0489,39100000000.0,1520000000.0,11.86,-71.72
2.1e-05,6e-06,5e-13,4e-10,1.5e-10,0.0489,39100000000.0,1510000000.0,11.86,-71.91
2.1e-05,6e-06,5e-13,4e-10,2e-10,0.0489,39100000000.0,1510000000.0,11.86,-71.96
2.1e-05,6e-06,5e-13,4e-10,2.5e-10,0.0489,39100000000.0,1510000000.0,11.86,-71.97
2.1e-05,6e-06,5e-13,3e-10,1e-10,0.0489,43300000000.0,1660000000.0,11.64,-73.21
2.1e-05,6e-06,5e-13,3e-10,5e-11,0.0489,43300000000.0,1670000000.0,11.64,-73.1
2.1e-05,6e-06,5e-13,3e-10,1.5e-10,0.0489,43300000000.0,1660000000.0,11.64,-73.26
2.1e-05,6e-06,5e-13,3e-10,2e-10,0.0489,43300000000.0,1660000000.0,11.64,-73.16
2.1e-05,6e-06,5e-13,3e-10,2.5e-10,0.0489,43300000000.0,1660000000.0,11.64,-73.07
2.1e-05,6e-06,5e-13,3.5e-10,1e-10,0.0489,40900000000.0,1580000000.0,11.77,-72.82
2.1e-05,6e-06,5e-13,3.5e-10,5e-11,0.0489,40900000000.0,1580000000.0,11.77,-72.36
2.1e-05,6e-06,5e-13,3.5e-10,1.5e-10,0.0489,40900000000.0,1580000000.0,11.77,-72.44
2.1e-05,6e-06,5e-13,3.5e-10,2e-10,0.0489,40900000000.0,1580000000.0,11.77,-72.48
2.1e-05,6e-06,5e-13,3.5e-10,2.5e-10,0.0489,40900000000.0,1570000000.0,11.77,-72.5
2.1e-05,6e-06,5e-13,4.5e-10,1e-10,0.0489,37600000000.0,1470000000.0,11.92,-71.34
2.1e-05,6e-06,5e-13,4.5e-10,5e-11,0.0489,37600000000.0,1460000000.0,11.92,-71.56
2.1e-05,6e-06,5e-13,4.5e-10,1.5e-10,0.0489,37600000000.0,1470000000.0,11.92,-71.44
2.1e-05,6e-06,5e-13,4.5e-10,2e-10,0.0489,37600000000.0,1460000000.0,11.92,-71.59
2.1e-05,6e-06,5e-13,4.5e-10,2.5e-10,0.0489,37600000000.0,1470000000.0,11.92,-71.49
2.1e-05,6e-06,5e-13,5e-10,1e-10,0.0489,36300000000.0,1420000000.0,11.97,-71.23
2.1e-05,6e-06,5e-13,5e-10,5e-11,0.0489,36300000000.0,1430000000.0,11.97,-71.1
2.1e-05,6e-06,5e-13,5e-10,2e-10,0.0489,36300000000.0,1420000000.0,11.97,-71.24
2.1e-05,6e-06,5e-13,5e-10,2.5e-10,0.0489,36300000000.0,1430000000.0,11.97,-71.17
2.1e-05,6e-06,3e-13,4e-10,5e-11,0.0489,39100000000.0,1520000000.0,11.86,-71.86
2.1e-05,6e-06,3e-13,4e-10,1.5e-10,0.0489,39100000000.0,1520000000.0,11.86,-71.83
2.1e-05,6e-06,3e-13,4e-10,2e-10,0.0489,39100000000.0,1510000000.0,11.86,-71.98
2.1e-05,6e-06,3e-13,4e-10,2.5e-10,0.0489,39100000000.0,1520000000.0,11.86,-72.05
2.1e-05,6e-06,3e-13,3e-10,1e-10,0.0489,43300000000.0,1660000000.0,11.64,-74.09
2.1e-05,6e-06,3e-13,3e-10,5e-11,0.0489,43300000000.0,1670000000.0,11.64,-73.07
2.1e-05,6e-06,3e-13,3e-10,1.5e-10,0.0489,43300000000.0,1660000000.0,11.64,-73.02
2.1e-05,6e-06,3e-13,3e-10,2.5e-10,0.0489,43300000000.0,1670000000.0,11.64,-73.2
2.1e-05,6e-06,3e-13,3.5e-10,1e-10,0.0489,40900000000.0,1580000000.0,11.77,-72.5
2.1e-05,6e-06,3e-13,3.5e-10,5e-11,0.0489,40900000000.0,1570000000.0,11.77,-72.49
2.1e-05,6e-06,3e-13,3.5e-10,1.5e-10,0.0489,40900000000.0,1580000000.0,11.77,-72.37
2.1e-05,6e-06,3e-13,3.5e-10,2e-10,0.0489,40900000000.0,1580000000.0,11.77,-72.55
2.1e-05,6e-06,3e-13,3.5e-10,2.5e-10,0.0489,40900000000.0,1580000000.0,11.77,-72.98
2.1e-05,6e-06,3e-13,4.5e-10,1e-10,0.0489,37600000000.0,1470000000.0,11.92,-71.51
2.1e-05,6e-06,3e-13,4.5e-10,5e-11,0.0489,37600000000.0,1470000000.0,11.92,-71.48
2.1e-05,6e-06,3e-13,4.5e-10,1.5e-10,0.0489,37600000000.0,1460000000.0,11.92,-71.55
2.1e-05,6e-06,3e-13,4.5e-10,2.5e-10,0.0489,37600000000.0,1470000000.0,11.92,-71.46
2.1e-05,6e-06,3e-13,5e-10,1e-10,0.0489,36300000000.0,1420000000.0,11.97,-71.5
2.1e-05,6e-06,3e-13,5e-10,5e-11,0.0489,36300000000.0,1430000000.0,11.97,-71.14
2.1e-05,6e-06,3e-13,5e-10,1.5e-10,0.0489,36300000000.0,1430000000.0,11.97,-71.07
2.1e-05,6e-06,3e-13,5e-10,2.5e-10,0.0489,36300000000.0,1430000000.0,11.96,-71.09
2.1e-05,6e-06,4e-13,4e-10,1e-10,0.0489,39100000000.0,1520000000.0,11.86,-71.87
2.1e-05,6e-06,4e-13,4e-10,1.5e-10,0.0489,39100000000.0,1510000000.0,11.86,-71.92
2.1e-05,6e-06,4e-13,4e-10,2.5e-10,0.0489,39100000000.0,1520000000.0,11.86,-71.9
2.1e-05,6e-06,4e-13,3e-10,5e-11,0.0489,43300000000.0,1660000000.0,11.64,-74.18
2.1e-05,6e-06,4e-13,3e-10,1.5e-10,0.0489,43300000000.0,1670000000.0,11.64,-73.35
2.1e-05,6e-06,4e-13,3e-10,2e-10,0.0489,43300000000.0,1670000000.0,11.64,-72.83
2.1e-05,6e-06,4e-13,3e-10,2.5e-10,0.0489,43300000000.0,1670000000.0,11.64,-73.14
2.1e-05,6e-06,4e-13,3.5e-10,1e-10,0.0489,40900000000.0,1580000000.0,11.77,-72.29
2.1e-05,6e-06,4e-13,3.5e-10,5e-11,0.0489,40900000000.0,1580000000.0,11.77,-72.41
2.1e-05,6e-06,4e-13,3.5e-10,1.5e-10,0.0489,40900000000.0,1580000000.0,11.77,-72.54
2.1e-05,6e-06,4e-13,3.5e-10,2e-10,0.0489,40900000000.0,1580000000.0,11.77,-72.4
2.1e-05,6e-06,4e-13,3.5e-10,2.5e-10,0.0489,40900000000.0,1570000000.0,11.77,-72.43
2.1e-05,6e-06,4e-13,4.5e-10,1e-10,0.0489,37600000000.0,1470000000.0,11.92,-71.43
2.1e-05,6e-06,4e-13,4.5e-10,5e-11,0.0489,37600000000.0,1470000000.0,11.92,-71.35
2.1e-05,6e-06,4e-13,4.5e-10,2e-10,0.0489,37600000000.0,1460000000.0,11.92,-71.58
2.1e-05,6e-06,4e-13,5e-10,5e-11,0.0489,36300000000.0,1430000000.0,11.97,-71.13
2.1e-05,6e-06,4e-13,5e-10,1.5e-10,0.0489,36300000000.0,1430000000.0,11.96,-71.16
2.1e-05,6e-06,6e-13,4e-10,1.5e-10,0.0489,39100000000.0,1510000000.0,11.86,-71.95
2.1e-05,6e-06,6e-13,4e-10,2e-10,0.0489,39100000000.0,1510000000.0,11.86,-71.99
2.1e-05,6e-06,6e-13,4e-10,2.5e-10,0.0489,39100000000.0,1510000000.0,11.86,-71.93
2.1e-05,6e-06,6e-13,3e-10,1e-10,0.0489,43300000000.0,1660000000.0,11.64,-73.09
2.1e-05,6e-06,6e-13,3e-10,5e-11,0.0489,43300000000.0,1670000000.0,11.64,-73.13
2.1e-05,6e-06,6e-13,3e-10,1.5e-10,0.0489,43300000000.0,1670000000.0,11.64,-73.16
2.1e-05,6e-06,6e-13,3e-10,2e-10,0.0489,43300000000.0,1660000000.0,11.64,-73.1
2.1e-05,6e-06,6e-13,3e-10,2.5e-10,0.0489,43300000000.0,1660000000.0,11.64,-73.12
2.1e-05,6e-06,6e-13,3.5e-10,1e-10,0.0489,40900000000.0,1580000000.0,11.77,-72.38
2.1e-05,6e-06,6e-13,3.5e-10,5e-11,0.0489,40900000000.0,1580000000.0,11.77,-72.53
2.1e-05,6e-06,6e-13,3.5e-10,1.5e-10,0.0489,40900000000.0,1570000000.0,11.77,-73.33
2.1e-05,6e-06,6e-13,3.5e-10,2.5e-10,0.0489,40900000000.0,1580000000.0,11.77,-72.39
2.1e-05,6e-06,6e-13,4.5e-10,5e-11,0.0489,37600000000.0,1470000000.0,11.92,-71.41
2.1e-05,6e-06,6e-13,4.5e-10,1.5e-10,0.0489,37600000000.0,1460000000.0,11.92,-71.57
2.1e-05,6e-06,6e-13,4.5e-10,2e-10,0.0489,37600000000.0,1470000000.0,11.92,-71.47
2.1e-05,6e-06,6e-13,5e-10,1e-10,0.0489,36300000000.0,1420000000.0,11.96,-71.22
2.1e-05,6e-06,6e-13,5e-10,1.5e-10,0.0489,36300000000.0,1430000000.0,11.96,-71.15
2.1e-05,6e-06,7e-13,4e-10,1e-10,0.0489,39100000000.0,1520000000.0,11.86,-71.91
2.1e-05,6e-06,7e-13,4e-10,5e-11,0.0489,39100000000.0,1510000000.0,11.86,-72.23
2.1e-05,6e-06,7e-13,4e-10,1.5e-10,0.0489,39100000000.0,1510000000.0,11.86,-72.24
2.1e-05,6e-06,7e-13,4e-10,2e-10,0.0489,39100000000.0,1510000000.0,11.86,-71.94
2.1e-05,6e-06,7e-13,3e-10,1e-10,0.0489,43300000000.0,1660000000.0,11.64,-73.08
2.1e-05,6e-06,7e-13,3e-10,5e-11,0.0489,43300000000.0,1670000000.0,11.64,-73.32
2.1e-05,6e-06,7e-13,3e-10,1.5e-10,0.0489,43300000000.0,1670000000.0,11.64,-73.95
2.1e-05,6e-06,7e-13,3e-10,2e-10,0.0489,43300000000.0,1670000000.0,11.64,-73.22
2.1e-05,6e-06,7e-13,3e-10,2.5e-10,0.0489,43300000000.0,1670000000.0,11.64,-73.36
2.1e-05,6e-06,7e-13,3.5e-10,1e-10,0.0489,40900000000.0,1570000000.0,11.77,-72.55
2.1e-05,6e-06,7e-13,3.5e-10,5e-11,0.0489,40900000000.0,1580000000.0,11.77,-72.3
2.1e-05,6e-06,7e-13,3.5e-10,1.5e-10,0.0489,40900000000.0,1580000000.0,11.77,-72.42
2.1e-05,6e-06,7e-13,3.5e-10,2e-10,0.0489,40900000000.0,1580000000.0,11.77,-72.43
2.1e-05,6e-06,7e-13,5e-10,1e-10,0.0489,36300000000.0,1430000000.0,11.96,-71.17
2.1e-05,6e-06,7e-13,5e-10,2e-10,0.0489,36300000000.0,1430000000.0,11.97,-71.08
2.1e-05,6e-06,7e-13,5e-10,2.5e-10,0.0489,36300000000.0,1420000000.0,11.96,-71.23
2.1e-05,7e-06,5e-13,4e-10,1e-10,0.0489,38700000000.0,1680000000.0,11.84,-71.94
2.1e-05,7e-06,5e-13,4e-10,5e-11,0.0489,38700000000.0,1680000000.0,11.84,-72.03
2.1e-05,7e-06,5e-13,4e-10,2e-10,0.0489,38700000000.0,1670000000.0,11.84,-72.03
2.1e-05,7e-06,5e-13,4e-10,2.5e-10,0.0489,38700000000.0,1680000000.0,11.84,-71.92
2.1e-05,7e-06,5e-13,3e-10,1e-10,0.0489,42900000000.0,1840000000.0,11.62,-73.15
2.1e-05,7e-06,5e-13,3e-10,5e-11,0.0489,42900000000.0,1840000000.0,11.62,-73.09
2.1e-05,7e-06,5e-13,3e-10,1.5e-10,0.0489,42900000000.0,1840000000.0,11.62,-73.06
2.1e-05,7e-06,5e-13,3e-10,2e-10,0.0489,42900000000.0,1840000000.0,11.62,-72.89
2.1e-05,7e-06,5e-13,3e-10,2.5e-10,0.0489,42900000000.0,1830000000.0,11.62,-73.18
2.1e-05,7e-06,5e-13,3.5e-10,1e-10,0.0489,40500000000.0,1750000000.0,11.75,-72.53
2.1e-05,7e-06,5e-13,3.5e-10,5e-11,0.0489,40500000000.0,1740000000.0,11.76,-72.95
2.1e-05,7e-06,5e-13,3.5e-10,1.5e-10,0.0489,40500000000.0,1740000000.0,11.75,-72.49
2.1e-05,7e-06,5e-13,3.5e-10,2e-10,0.0489,40500000000.0,1750000000.0,11.75,-72.51
2.1e-05,7e-06,5e-13,3.5e-10,2.5e-10,0.0489,40600000000.0,1750000000.0,11.75,-72.55
2.1e-05,7e-06,5e-13,4.5e-10,1e-10,0.0489,37200000000.0,1620000000.0,11.9,-71.6
2.1e-05,7e-06,5e-13,4.5e-10,5e-11,0.0489,37200000000.0,1620000000.0,11.9,-71.61
2.1e-05,7e-06,5e-13,4.5e-10,2e-10,0.0489,37200000000.0,1620000000.0,11.9,-71.37
2.1e-05,7e-06,5e-13,4.5e-10,2.5e-10,0.0489,37200000000.0,1630000000.0,11.9,-71.5
2.1e-05,7e-06,5e-13,5e-10,1e-10,0.0489,36000000000.0,1580000000.0,11.94,-71.23
2.1e-05,7e-06,5e-13,5e-10,5e-11,0.0489,36000000000.0,1580000000.0,11.94,-71.2
2.1e-05,7e-06,5e-13,5e-10,1.5e-10,0.0489,36000000000.0,1580000000.0,11.94,-71.16
2.1e-05,7e-06,5e-13,5e-10,2e-10,0.0489,36000000000.0,1580000000.0,11.94,-71.15
2.1e-05,7e-06,5e-13,5e-10,2.5e-10,0.0489,36000000000.0,1580000000.0,11.95,-71.14
2.1e-05,7e-06,3e-13,4e-10,1e-10,0.0489,38700000000.0,1680000000.0,11.84,-71.74
2.1e-05,7e-06,3e-13,4e-10,5e-11,0.0489,38700000000.0,1670000000.0,11.84,-71.94
2.1e-05,7e-06,3e-13,4e-10,1.5e-10,0.0489,38700000000.0,1680000000.0,11.84,-71.98
2.1e-05,7e-06,3e-13,4e-10,2.5e-10,0.0489,38700000000.0,1670000000.0,11.84,-72.01
2.1e-05,7e-06,3e-13,3e-10,1e-10,0.0489,42900000000.0,1840000000.0,11.62,-73.28
2.1e-05,7e-06,3e-13,3e-10,5e-11,0.0489,42900000000.0,1840000000.0,11.62,-73.16
2.1e-05,7e-06,3e-13,3e-10,1.5e-10,0.0489,42900000000.0,1840000000.0,11.62,-73.22
2.1e-05,7e-06,3e-13,3e-10,2.5e-10,0.0489,42900000000.0,1840000000.0,11.62,-73.21
2.1e-05,7e-06,3e-13,3.5e-10,1e-10,0.0489,40600000000.0,1740000000.0,11.76,-72.44
2.1e-05,7e-06,3e-13,3.5e-10,5e-11,0.0489,40600000000.0,1750000000.0,11.76,-72.37
2.1e-05,7e-06,3e-13,3.5e-10,1.5e-10,0.0489,40500000000.0,1740000000.0,11.76,-72.97
2.1e-05,7e-06,3e-13,3.5e-10,2.5e-10,0.0489,40500000000.0,1740000000.0,11.76,-72.96
2.1e-05,7e-06,3e-13,4.5e-10,5e-11,0.0489,37200000000.0,1630000000.0,11.9,-71.51
2.1e-05,7e-06,3e-13,4.5e-10,1.5e-10,0.0489,37200000000.0,1630000000.0,11.9,-71.53
2.1e-05,7e-06,3e-13,4.5e-10,2.5e-10,0.0489,37200000000.0,1620000000.0,11.9,-71.43
2.1e-05,7e-06,3e-13,5e-10,1.5e-10,0.0489,36000000000.0,1580000000.0,11.95,-71.18
2.1e-05,7e-06,3e-13,5e-10,2e-10,0.0489,36000000000.0,1580000000.0,11.95,-71.2
2.1e-05,7e-06,3e-13,5e-10,2.5e-10,0.0489,36000000000.0,1580000000.0,11.94,-71.24
2.1e-05,7e-06,4e-13,4e-10,1e-10,0.0489,38700000000.0,1680000000.0,11.84,-71.86
2.1e-05,7e-06,4e-13,4e-10,5e-11,0.0489,38700000000.0,1680000000.0,11.84,-71.97
2.1e-05,7e-06,4e-13,4e-10,2e-10,0.0489,38700000000.0,1680000000.0,11.84,-71.89
2.1e-05,7e-06,4e-13,4e-10,2.5e-10,0.0489,38700000000.0,1680000000.0,11.84,-71.91
2.1e-05,7e-06,4e-13,3e-10,1e-10,0.0489,42900000000.0,1840000000.0,11.62,-73.07
2.1e-05,7e-06,4e-13,3e-10,5e-11,0.0489,42900000000.0,1840000000.0,11.62,-73.24
2.1e-05,7e-06,4e-13,3e-10,2e-10,0.0489,42900000000.0,1840000000.0,11.62,-74.77
2.1e-05,7e-06,4e-13,3.5e-10,1e-10,0.0489,40500000000.0,1740000000.0,11.76,-72.33
2.1e-05,7e-06,4e-13,3.5e-10,5e-11,0.0489,40500000000.0,1750000000.0,11.75,-73.08
2.1e-05,7e-06,4e-13,3.5e-10,1.5e-10,0.0489,40500000000.0,1740000000.0,11.76,-72.45
2.1e-05,7e-06,4e-13,3.5e-10,2e-10,0.0489,40500000000.0,1750000000.0,11.75,-72.44
2.1e-05,7e-06,4e-13,4.5e-10,1e-10,0.0489,37200000000.0,1620000000.0,11.9,-71.95
2.1e-05,7e-06,4e-13,4.5e-10,5e-11,0.0489,37200000000.0,1620000000.0,11.9,-71.71
2.1e-05,7e-06,4e-13,4.5e-10,1.5e-10,0.0489,37200000000.0,1620000000.0,11.9,-71.5
2.1e-05,7e-06,4e-13,4.5e-10,2e-10,0.0489,37200000000.0,1620000000.0,11.9,-71.53
2.1e-05,7e-06,4e-13,5e-10,1e-10,0.0489,36000000000.0,1580000000.0,11.95,-71.38
2.1e-05,7e-06,4e-13,5e-10,5e-11,0.0489,36000000000.0,1580000000.0,11.94,-71.14
2.1e-05,7e-06,4e-13,5e-10,2e-10,0.0489,36000000000.0,1580000000.0,11.94,-71.22
2.1e-05,7e-06,6e-13,4e-10,5e-11,0.0489,38700000000.0,1670000000.0,11.84,-72.4
2.1e-05,7e-06,6e-13,3e-10,1e-10,0.0489,42900000000.0,1830000000.0,11.62,-73.16
2.1e-05,7e-06,6e-13,3e-10,1.5e-10,0.0489,42900000000.0,1840000000.0,11.62,-73.3
2.1e-05,7e-06,6e-13,3e-10,2e-10,0.0489,42900000000.0,1840000000.0,11.62,-73.11
2.1e-05,7e-06,6e-13,3e-10,2.5e-10,0.0489,42900000000.0,1840000000.0,11.62,-73.01
2.1e-05,7e-06,6e-13,3.5e-10,1e-10,0.0489,40500000000.0,1740000000.0,11.76,-72.41
2.1e-05,7e-06,6e-13,3.5e-10,5e-11,0.0489,40500000000.0,1750000000.0,11.75,-72.46
2.1e-05,7e-06,6e-13,3.5e-10,1.5e-10,0.0489,40500000000.0,1740000000.0,11.75,-73.29
2.1e-05,7e-06,6e-13,3.5e-10,2e-10,0.0489,40500000000.0,1740000000.0,11.75,-72.55
2.1e-05,7e-06,6e-13,3.5e-10,2.5e-10,0.0489,40500000000.0,1740000000.0,11.76,-72.44
2.1e-05,7e-06,6e-13,4.5e-10,1e-10,0.0489,37200000000.0,1630000000.0,11.9,-71.49
2.1e-05,7e-06,6e-13,4.5e-10,5e-11,0.0489,37200000000.0,1620000000.0,11.9,-71.56
2.1e-05,7e-06,6e-13,5e-10,1.5e-10,0.0489,36000000000.0,1580000000.0,11.95,-71.16
2.1e-05,7e-06,6e-13,5e-10,2.5e-10,0.0489,36000000000.0,1580000000.0,11.95,-71.37
2.1e-05,7e-06,7e-13,4e-10,1e-10,0.0489,38700000000.0,1680000000.0,11.84,-71.82
2.1e-05,7e-06,7e-13,4e-10,5e-11,0.0489,38700000000.0,1680000000.0,11.84,-71.99
2.1e-05,7e-06,7e-13,4e-10,1.5e-10,0.0489,38700000000.0,1680000000.0,11.84,-71.87
2.1e-05,7e-06,7e-13,4e-10,2e-10,0.0489,38700000000.0,1680000000.0,11.84,-71.93
2.1e-05,7e-06,7e-13,3e-10,1e-10,0.0489,42900000000.0,1840000000.0,11.62,-73.12
2.1e-05,7e-06,7e-13,3e-10,5e-11,0.0489,42900000000.0,1840000000.0,11.62,-73.19
2.1e-05,7e-06,7e-13,3e-10,1.5e-10,0.0489,42900000000.0,1840000000.0,11.62,-73.35
2.1e-05,7e-06,7e-13,3e-10,2.5e-10,0.0489,42900000000.0,1840000000.0,11.62,-73.56
2.1e-05,7e-06,7e-13,3.5e-10,5e-11,0.0489,40600000000.0,1740000000.0,11.75,-72.65
2.1e-05,7e-06,7e-13,3.5e-10,2e-10,0.0489,40500000000.0,1740000000.0,11.76,-72.54
2.1e-05,7e-06,7e-13,4.5e-10,5e-11,0.0489,37200000000.0,1620000000.0,11.9,-71.54
2.1e-05,7e-06,7e-13,4.5e-10,1.5e-10,0.0489,37200000000.0,1620000000.0,11.9,-71.55
2.1e-05,7e-06,7e-13,4.5e-10,2.5e-10,0.0489,37200000000.0,1620000000.0,11.9,-71.59
2.1e-05,7e-06,7e-13,5e-10,5e-11,0.0489,36000000000.0,1570000000.0,11.95,-71.27
2.1e-05,7e-06,7e-13,5e-10,1.5e-10,0.0489,36000000000.0,1570000000.0,11.95,-71.28
2.1e-05,8e-06,5e-13,4e-10,1e-10,0.0489,38400000000.0,1810000000.0,11.82,-72.04
2.1e-05,8e-06,5e-13,4e-10,5e-11,0.0489,38400000000.0,1810000000.0,11.82,-71.98
2.1e-05,8e-06,5e-13,4e-10,1.5e-10,0.0489,38400000000.0,1820000000.0,11.82,-71.94
2.1e-05,8e-06,5e-13,3e-10,1e-10,0.0489,42500000000.0,1990000000.0,11.6,-73.19
2.1e-05,8e-06,5e-13,3e-10,5e-11,0.0489,42500000000.0,1990000000.0,11.6,-74.32
2.1e-05,8e-06,5e-13,3e-10,1.5e-10,0.0489,42500000000.0,1990000000.0,11.6,-73.21
2.1e-05,8e-06,5e-13,3e-10,2e-10,0.0489,42500000000.0,1990000000.0,11.6,-73.23
2.1e-05,8e-06,5e-13,3e-10,2.5e-10,0.0489,42500000000.0,1980000000.0,11.61,-73.24
2.1e-05,8e-06,5e-13,3.5e-10,1e-10,0.0489,40200000000.0,1880000000.0,11.74,-72.63
2.1e-05,8e-06,5e-13,3.5e-10,5e-11,0.0489,40200000000.0,1890000000.0,11.73,-72.52
2.1e-05,8e-06,5e-13,3.5e-10,1.5e-10,0.0489,40200000000.0,1880000000.0,11.74,-72.44
2.1e-05,8e-06,5e-13,3.5e-10,2e-10,0.0489,40200000000.0,1890000000.0,11.73,-72.54
2.1e-05,8e-06,5e-13,3.5e-10,2.5e-10,0.0489,40200000000.0,1880000000.0,11.74,-72.52
2.1e-05,8e-06,5e-13,4.5e-10,1e-10,0.0489,36900000000.0,1750000000.0,11.88,-71.63
2.1e-05,8e-06,5e-13,4.5e-10,5e-11,0.0489,36900000000.0,1760000000.0,11.88,-71.52
2.1e-05,8e-06,5e-13,4.5e-10,1.5e-10,0.0489,36900000000.0,1760000000.0,11.88,-71.86
2.1e-05,8e-06,5e-13,4.5e-10,2e-10,0.0489,36900000000.0,1760000000.0,11.88,-71.5
2.1e-05,8e-06,5e-13,5e-10,1e-10,0.0489,35600000000.0,1710000000.0,11.92,-71.26
2.1e-05,8e-06,5e-13,5e-10,5e-11,0.0489,35600000000.0,1700000000.0,11.92,-71.31
2.1e-05,8e-06,5e-13,5e-10,1.5e-10,0.0489,35600000000.0,1710000000.0,11.92,-71.2
2.1e-05,8e-06,5e-13,5e-10,2e-10,0.0489,35600000000.0,1700000000.0,11.93,-71.23
2.1e-05,8e-06,3e-13,4e-10,1e-10,0.0489,38400000000.0,1810000000.0,11.82,-72.05
2.1e-05,8e-06,3e-13,4e-10,5e-11,0.0489,38400000000.0,1810000000.0,11.82,-71.99
2.1e-05,8e-06,3e-13,4e-10,1.5e-10,0.0489,38400000000.0,1810000000.0,11.82,-72.06
2.1e-05,8e-06,3e-13,4e-10,2e-10,0.0489,38400000000.0,1810000000.0,11.82,-72.07
2.1e-05,8e-06,3e-13,4e-10,2.5e-10,0.0489,38400000000.0,1820000000.0,11.82,-72.04
2.1e-05,8e-06,3e-13,3e-10,1e-10,0.0489,42500000000.0,1990000000.0,11.6,-74.37
2.1e-05,8e-06,3e-13,3e-10,5e-11,0.0489,42500000000.0,1990000000.0,11.61,-72.75
2.1e-05,8e-06,3e-13,3e-10,1.5e-10,0.0489,42500000000.0,1990000000.0,11.6,-73.41
2.1e-05,8e-06,3e-13,3e-10,2e-10,0.0489,42500000000.0,1980000000.0,11.6,-73.24
2.1e-05,8e-06,3e-13,3e-10,2.5e-10,0.0489,42500000000.0,1990000000.0,11.6,-73.2
2.1e-05,8e-06,3e-13,3.5e-10,1e-10,0.0489,40200000000.0,1880000000.0,11.73,-72.46
2.1e-05,8e-06,3e-13,3.5e-10,5e-11,0.0489,40200000000.0,1880000000.0,11.73,-72.54
2.1e-05,8e-06,3e-13,3.5e-10,1.5e-10,0.0489,40200000000.0,1890000000.0,11.73,-72.48
2.1e-05,8e-06,3e-13,3.5e-10,2e-10,0.0489,40200000000.0,1890000000.0,11.73,-72.6
2.1e-05,8e-06,3e-13,3.5e-10,2.5e-10,0.0489,40200000000.0,1890000000.0,11.73,-72.58
2.1e-05,8e-06,3e-13,4.5e-10,1e-10,0.0489,36900000000.0,1760000000.0,11.88,-71.39
2.1e-05,8e-06,3e-13,4.5e-10,5e-11,0.0489,36900000000.0,1760000000.0,11.88,-71.58
2.1e-05,8e-06,3e-13,4.5e-10,2e-10,0.0489,36900000000.0,1760000000.0,11.88,-71.6
2.1e-05,8e-06,3e-13,4.5e-10,2.5e-10,0.0489,36900000000.0,1760000000.0,11.88,-71.53
2.1e-05,8e-06,3e-13,5e-10,1e-10,0.0489,35600000000.0,1710000000.0,11.93,-71.29
2.1e-05,8e-06,3e-13,5e-10,5e-11,0.0489,35600000000.0,1710000000.0,11.92,-71.57
2.1e-05,8e-06,3e-13,5e-10,1.5e-10,0.0489,35600000000.0,1700000000.0,11.92,-71.32
2.1e-05,8e-06,3e-13,5e-10,2e-10,0.0489,35600000000.0,1710000000.0,11.92,-71.29
2.1e-05,8e-06,3e-13,5e-10,2.5e-10,0.0489,35600000000.0,1710000000.0,11.92,-71.3
2.1e-05,8e-06,4e-13,4e-10,5e-11,0.0489,38400000000.0,1810000000.0,11.82,-71.95
2.1e-05,8e-06,4e-13,4e-10,2e-10,0.0489,38400000000.0,1810000000.0,11.82,-72.0
2.1e-05,8e-06,4e-13,3e-10,1e-10,0.0489,42500000000.0,1990000000.0,11.6,-73.18
2.1e-05,8e-06,4e-13,3e-10,5e-11,0.0489,42500000000.0,1990000000.0,11.6,-73.32
2.1e-05,8e-06,4e-13,3e-10,1.5e-10,0.0489,42500000000.0,1990000000.0,11.6,-74.26
2.1e-05,8e-06,4e-13,3e-10,2e-10,0.0489,42500000000.0,1990000000.0,11.6,-73.48
2.1e-05,8e-06,4e-13,3e-10,2.5e-10,0.0489,42500000000.0,1990000000.0,11.6,-73.22
2.1e-05,8e-06,4e-13,3.5e-10,1e-10,0.0489,40200000000.0,1890000000.0,11.73,-72.29
2.1e-05,8e-06,4e-13,3.5e-10,5e-11,0.0489,40200000000.0,1880000000.0,11.74,-72.35
2.1e-05,8e-06,4e-13,3.5e-10,1.5e-10,0.0489,40200000000.0,1890000000.0,11.73,-73.36
2.1e-05,8e-06,4e-13,3.5e-10,2e-10,0.0489,40200000000.0,1890000000.0,11.73,-72.65
2.1e-05,8e-06,4e-13,3.5e-10,2.5e-10,0.0489,40200000000.0,1880000000.0,11.74,-73.74
2.1e-05,8e-06,4e-13,4.5e-10,1.5e-10,0.0489,36900000000.0,1750000000.0,11.88,-71.65
2.1e-05,8e-06,4e-13,4.5e-10,2e-10,0.0489,36900000000.0,1750000000.0,11.88,-71.58
2.1e-05,8e-06,4e-13,4.5e-10,2.5e-10,0.0489,36900000000.0,1760000000.0,11.88,-71.54
2.1e-05,8e-06,6e-13,4e-10,2e-10,0.0489,38400000000.0,1810000000.0,11.82,-72.14
2.1e-05,8e-06,6e-13,4e-10,2.5e-10,0.0489,38400000000.0,1810000000.0,11.82,-72.02
2.1e-05,8e-06,6e-13,3e-10,5e-11,0.0489,42500000000.0,1990000000.0,11.6,-73.25
2.1e-05,8e-06,6e-13,3e-10,1.5e-10,0.0489,42500000000.0,1980000000.0,11.61,-72.96
2.1e-05,8e-06,6e-13,3.5e-10,1e-10,0.0489,40200000000.0,1880000000.0,11.74,-72.19
2.1e-05,8e-06,6e-13,3.5e-10,5e-11,0.0489,40200000000.0,1890000000.0,11.73,-72.46
2.1e-05,8e-06,6e-13,3.5e-10,1.5e-10,0.0489,40200000000.0,1890000000.0,11.74,-72.41
2.1e-05,8e-06,6e-13,3.5e-10,2.5e-10,0.0489,40200000000.0,1890000000.0,11.74,-72.85
2.1e-05,8e-06,6e-13,4.5e-10,1e-10,0.0489,36900000000.0,1760000000.0,11.88,-71.69
2.1e-05,8e-06,6e-13,4.5e-10,5e-11,0.0489,36900000000.0,1760000000.0,11.88,-71.87
2.1e-05,8e-06,6e-13,5e-10,1e-10,0.0489,35600000000.0,1710000000.0,11.93,-71.2
2.1e-05,8e-06,6e-13,5e-10,5e-11,0.0489,35600000000.0,1710000000.0,11.93,-71.27
2.1e-05,8e-06,6e-13,5e-10,1.5e-10,0.0489,35600000000.0,1720000000.0,11.92,-71.19
2.1e-05,8e-06,6e-13,5e-10,2.5e-10,0.0489,35600000000.0,1710000000.0,11.92,-71.27
2.1e-05,8e-06,7e-13,4e-10,1e-10,0.0489,38400000000.0,1810000000.0,11.82,-72.03
2.1e-05,8e-06,7e-13,3.5e-10,1e-10,0.0489,40200000000.0,1890000000.0,11.73,-72.69
2.1e-05,8e-06,7e-13,3.5e-10,5e-11,0.0489,40200000000.0,1880000000.0,11.74,-72.48
2.1e-05,8e-06,7e-13,3.5e-10,1.5e-10,0.0489,40200000000.0,1880000000.0,11.74,-72.49
2.1e-05,8e-06,7e-13,3.5e-10,2e-10,0.0489,40200000000.0,1880000000.0,11.73,-72.59
2.1e-05,8e-06,7e-13,4.5e-10,1.5e-10,0.0489,36900000000.0,1760000000.0,11.88,-71.56
2.1e-05,8e-06,7e-13,5e-10,1e-10,0.0489,35600000000.0,1710000000.0,11.92,-71.28
2.1e-05,8e-06,7e-13,5e-10,1.5e-10,0.0489,35600000000.0,1720000000.0,11.92,-71.2
2.1e-05,8e-06,7e-13,5e-10,2.5e-10,0.0489,35600000000.0,1710000000.0,11.92,-71.12
2.1e-05,9e-06,5e-13,4e-10,1e-10,0.0489,38000000000.0,1930000000.0,11.79,-72.07
2.1e-05,9e-06,5e-13,4e-10,5e-11,0.0489,38000000000.0,1920000000.0,11.8,-73.41
2.1e-05,9e-06,5e-13,4e-10,1.5e-10,0.0489,38000000000.0,1930000000.0,11.79,-72.03
2.1e-05,9e-06,5e-13,4e-10,2e-10,0.0489,38000000000.0,1930000000.0,11.79,-72.01
2.1e-05,9e-06,5e-13,4e-10,2.5e-10,0.0489,38000000000.0,1930000000.0,11.79,-72.08
2.1e-05,9e-06,5e-13,3e-10,1e-10,0.0489,42100000000.0,2110000000.0,11.58,-73.24
2.1e-05,9e-06,5e-13,3e-10,5e-11,0.0489,42100000000.0,2120000000.0,11.58,-73.22
2.1e-05,9e-06,5e-13,3e-10,1.5e-10,0.0489,42100000000.0,2110000000.0,11.58,-73.14
2.1e-05,9e-06,5e-13,3e-10,2.5e-10,0.0489,42100000000.0,2110000000.0,11.58,-73.21
2.1e-05,9e-06,5e-13,3.5e-10,1e-10,0.0489,39800000000.0,2010000000.0,11.71,-72.52
2.1e-05,9e-06,5e-13,3.5e-10,5e-11,0.0489,39800000000.0,2000000000.0,11.71,-72.46
2.1e-05,9e-06,5e-13,3.5e-10,1.5e-10,0.0489,39800000000.0,2010000000.0,11.71,-72.6
2.1e-05,9e-06,5e-13,3.5e-10,2e-10,0.0489,39800000000.0,2000000000.0,11.71,-72.51
2.1e-05,9e-06,5e-13,3.5e-10,2.5e-10,0.0489,39800000000.0,2000000000.0,11.71,-72.77
2.1e-05,9e-06,5e-13,4.5e-10,1e-10,0.0489,36600000000.0,1870000000.0,11.85,-71.64
2.1e-05,9e-06,5e-13,4.5e-10,5e-11,0.0489,36600000000.0,1870000000.0,11.86,-71.55
2.1e-05,9e-06,5e-13,4.5e-10,1.5e-10,0.0489,36600000000.0,1870000000.0,11.85,-71.67
2.1e-05,9e-06,5e-13,4.5e-10,2e-10,0.0489,36600000000.0,1860000000.0,11.86,-71.65
2.1e-05,9e-06,5e-13,4.5e-10,2.5e-10,0.0489,36600000000.0,1870000000.0,11.85,-71.57
2.1e-05,9e-06,5e-13,5e-10,1e-10,0.0489,35300000000.0,1830000000.0,11.9,-71.32
2.1e-05,9e-06,5e-13,5e-10,5e-11,0.0489,35300000000.0,1820000000.0,11.9,-71.79
2.1e-05,9e-06,5e-13,5e-10,1.5e-10,0.0489,35300000000.0,1820000000.0,11.9,-71.35
2.1e-05,9e-06,5e-13,5e-10,2e-10,0.0489,35300000000.0,1820000000.0,11.9,-71.31
2.1e-05,9e-06,3e-13,4e-10,1e-10,0.0489,38000000000.0,1930000000.0,11.79,-72.06
2.1e-05,9e-06,3e-13,4e-10,5e-11,0.0489,38000000000.0,1920000000.0,11.8,-72.0
2.1e-05,9e-06,3e-13,4e-10,1.5e-10,0.0489,38000000000.0,1930000000.0,11.79,-71.98
2.1e-05,9e-06,3e-13,4e-10,2e-10,0.0489,38000000000.0,1930000000.0,11.79,-72.04
2.1e-05,9e-06,3e-13,3e-10,1e-10,0.0489,42100000000.0,2120000000.0,11.58,-73.26
2.1e-05,9e-06,3e-13,3e-10,5e-11,0.0489,42100000000.0,2120000000.0,11.58,-73.39
2.1e-05,9e-06,3e-13,3e-10,1.5e-10,0.0489,42100000000.0,2120000000.0,11.58,-73.19
2.1e-05,9e-06,3e-13,3e-10,2e-10,0.0489,42100000000.0,2110000000.0,11.58,-73.2
2.1e-05,9e-06,3e-13,3e-10,2.5e-10,0.0489,42100000000.0,2120000000.0,11.58,-73.16
2.1e-05,9e-06,3e-13,3.5e-10,1e-10,0.0489,39800000000.0,2010000000.0,11.71,-72.51
2.1e-05,9e-06,3e-13,3.5e-10,5e-11,0.0489,39800000000.0,2010000000.0,11.71,-72.43
2.1e-05,9e-06,3e-13,3.5e-10,1.5e-10,0.0489,39800000000.0,2010000000.0,11.71,-72.49
2.1e-05,9e-06,3e-13,3.5e-10,2e-10,0.0489,39800000000.0,2010000000.0,11.71,-72.5
2.1e-05,9e-06,3e-13,3.5e-10,2.5e-10,0.0489,39800000000.0,2010000000.0,11.71,-72.55
2.1e-05,9e-06,3e-13,4.5e-10,1e-10,0.0489,36600000000.0,1870000000.0,11.85,-71.6
2.1e-05,9e-06,3e-13,4.5e-10,5e-11,0.0489,36600000000.0,1860000000.0,11.86,-71.59
2.1e-05,9e-06,3e-13,4.5e-10,1.5e-10,0.0489,36600000000.0,1870000000.0,11.85,-71.46
2.1e-05,9e-06,3e-13,4.5e-10,2e-10,0.0489,36600000000.0,1870000000.0,11.85,-71.69
2.1e-05,9e-06,3e-13,5e-10,1e-10,0.0489,35300000000.0,1830000000.0,11.9,-71.51
2.1e-05,9e-06,3e-13,5e-10,5e-11,0.0489,35300000000.0,1830000000.0,11.9,-71.26
2.1e-05,9e-06,3e-13,5e-10,1.5e-10,0.0489,35300000000.0,1830000000.0,11.9,-71.23
2.1e-05,9e-06,3e-13,5e-10,2e-10,0.0489,35300000000.0,1820000000.0,11.9,-71.34
2.1e-05,9e-06,3e-13,5e-10,2.5e-10,0.0489,35300000000.0,1820000000.0,11.9,-71.26
2.1e-05,9e-06,4e-13,4e-10,5e-11,0.0489,38000000000.0,1930000000.0,11.8,-71.98
2.1e-05,9e-06,4e-13,4e-10,1.5e-10,0.0489,38000000000.0,1920000000.0,11.8,-71.94
2.1e-05,9e-06,4e-13,3e-10,5e-11,0.0489,42100000000.0,2120000000.0,11.58,-73.32
2.1e-05,9e-06,4e-13,3.5e-10,5e-11,0.0489,39800000000.0,2000000000.0,11.71,-72.56
2.1e-05,9e-06,4e-13,3.5e-10,1.5e-10,0.0489,39800000000.0,2010000000.0,11.71,-72.58
2.1e-05,9e-06,4e-13,3.5e-10,2e-10,0.0489,39800000000.0,2010000000.0,11.71,-72.48
2.1e-05,9e-06,4e-13,3.5e-10,2.5e-10,0.0489,39800000000.0,2010000000.0,11.71,-72.71
2.1e-05,9e-06,4e-13,4.5e-10,1e-10,0.0489,36600000000.0,1870000000.0,11.85,-71.63
2.1e-05,9e-06,4e-13,4.5e-10,5e-11,0.0489,36600000000.0,1860000000.0,11.86,-71.69
2.1e-05,9e-06,4e-13,4.5e-10,1.5e-10,0.0489,36600000000.0,1870000000.0,11.86,-71.6
2.1e-05,9e-06,4e-13,4.5e-10,2.5e-10,0.0489,36600000000.0,1870000000.0,11.86,-71.57
2.1e-05,9e-06,4e-13,5e-10,1e-10,0.0489,35300000000.0,1820000000.0,11.9,-71.27
2.1e-05,9e-06,4e-13,5e-10,5e-11,0.0489,35300000000.0,1830000000.0,11.9,-71.24
2.1e-05,9e-06,4e-13,5e-10,2e-10,0.0489,35300000000.0,1820000000.0,11.9,-71.33
2.1e-05,9e-06,4e-13,5e-10,2.5e-10,0.0489,35300000000.0,1830000000.0,11.9,-71.62
2.1e-05,9e-06,6e-13,4e-10,1e-10,0.0489,38000000000.0,1920000000.0,11.8,-72.08
2.1e-05,9e-06,6e-13,4e-10,5e-11,0.0489,38000000000.0,1930000000.0,11.8,-72.01
2.1e-05,9e-06,6e-13,4e-10,1.5e-10,0.0489,38000000000.0,1930000000.0,11.8,-71.78
2.1e-05,9e-06,6e-13,4e-10,2e-10,0.0489,38000000000.0,1920000000.0,11.8,-72.01
2.1e-05,9e-06,6e-13,3e-10,5e-11,0.0489,42100000000.0,2120000000.0,11.58,-73.27
2.1e-05,9e-06,6e-13,3e-10,1.5e-10,0.0489,42100000000.0,2110000000.0,11.58,-73.15
2.1e-05,9e-06,6e-13,3e-10,2e-10,0.0489,42100000000.0,2110000000.0,11.58,-71.55
2.1e-05,9e-06,6e-13,3e-10,2.5e-10,0.0489,42100000000.0,2100000000.0,11.58,-72.74
2.1e-05,9e-06,6e-13,3.5e-10,1.5e-10,0.0489,39800000000.0,2010000000.0,11.71,-72.56
2.1e-05,9e-06,6e-13,3.5e-10,2.5e-10,0.0489,39800000000.0,2010000000.0,11.71,-72.26
2.1e-05,9e-06,6e-13,4.5e-10,2e-10,0.0489,36600000000.0,1870000000.0,11.85,-71.59
2.1e-05,9e-06,6e-13,4.5e-10,2.5e-10,0.0489,36600000000.0,1870000000.0,11.85,-71.58
2.1e-05,9e-06,6e-13,5e-10,5e-11,0.0489,35300000000.0,1810000000.0,11.9,-71.23
2.1e-05,9e-06,6e-13,5e-10,1.5e-10,0.0489,35300000000.0,1810000000.0,11.9,-71.31
2.1e-05,9e-06,6e-13,5e-10,2e-10,0.0489,35300000000.0,1820000000.0,11.9,-71.22
2.1e-05,9e-06,6e-13,5e-10,2.5e-10,0.0489,35300000000.0,1820000000.0,11.9,-71.29
2.1e-05,9e-06,7e-13,4e-10,2e-10,0.0489,38000000000.0,1930000000.0,11.8,-71.99
2.1e-05,9e-06,7e-13,3e-10,1e-10,0.0489,42100000000.0,2120000000.0,11.58,-73.23
2.1e-05,9e-06,7e-13,3e-10,5e-11,0.0489,42100000000.0,2120000000.0,11.58,-72.95
2.1e-05,9e-06,7e-13,3e-10,2.5e-10,0.0489,42100000000.0,2110000000.0,11.58,-73.12
2.1e-05,9e-06,7e-13,3.5e-10,1e-10,0.0489,39800000000.0,2010000000.0,11.71,-73.06
2.1e-05,9e-06,7e-13,3.5e-10,5e-11,0.0489,39800000000.0,2000000000.0,11.71,-72.37
2.1e-05,9e-06,7e-13,3.5e-10,1.5e-10,0.0489,39800000000.0,2000000000.0,11.71,-72.48
2.1e-05,9e-06,7e-13,3.5e-10,2e-10,0.0489,39800000000.0,2010000000.0,11.71,-72.64
2.1e-05,9e-06,7e-13,3.5e-10,2.5e-10,0.0489,39800000000.0,2010000000.0,11.71,-72.57
2.1e-05,9e-06,7e-13,4.5e-10,1e-10,0.0489,36600000000.0,1870000000.0,11.85,-71.66
2.1e-05,9e-06,7e-13,4.5e-10,1.5e-10,0.0489,36600000000.0,1870000000.0,11.86,-71.65
2.1e-05,1e-05,5e-13,4e-10,1e-10,0.0489,37700000000.0,2020000000.0,11.77,-72.51
2.1e-05,1e-05,5e-13,4e-10,5e-11,0.0489,37700000000.0,2020000000.0,11.77,-72.0
2.1e-05,1e-05,5e-13,3e-10,1e-10,0.0489,41800000000.0,2200000000.0,11.55,-73.0
2.1e-05,1e-05,5e-13,3e-10,5e-11,0.0489,41800000000.0,2220000000.0,11.55,-73.16
2.1e-05,1e-05,5e-13,3e-10,1.5e-10,0.0489,41800000000.0,2200000000.0,11.55,-73.11
2.1e-05,1e-05,5e-13,3e-10,2e-10,0.0489,41800000000.0,2210000000.0,11.55,-72.88
2.1e-05,1e-05,5e-13,3e-10,2.5e-10,0.0489,41800000000.0,2220000000.0,11.55,-73.15
2.1e-05,1e-05,5e-13,3.5e-10,1e-10,0.0489,39500000000.0,2110000000.0,11.68,-72.52
2.1e-05,1e-05,5e-13,3.5e-10,5e-11,0.0489,39500000000.0,2110000000.0,11.68,-73.36
2.1e-05,1e-05,5e-13,3.5e-10,1.5e-10,0.0489,39500000000.0,2100000000.0,11.68,-72.49
2.1e-05,1e-05,5e-13,3.5e-10,2e-10,0.0489,39500000000.0,2110000000.0,11.68,-72.43
2.1e-05,1e-05,5e-13,3.5e-10,2.5e-10,0.0489,39500000000.0,2110000000.0,11.68,-72.62
2.1e-05,1e-05,5e-13,4.5e-10,1e-10,0.0489,36300000000.0,1970000000.0,11.83,-71.67
2.1e-05,1e-05,5e-13,4.5e-10,5e-11,0.0489,36300000000.0,1960000000.0,11.83,-71.61
2.1e-05,1e-05,5e-13,4.5e-10,1.5e-10,0.0489,36300000000.0,1960000000.0,11.83,-71.6
2.1e-05,1e-05,5e-13,4.5e-10,2e-10,0.0489,36300000000.0,1970000000.0,11.83,-71.62
2.1e-05,1e-05,5e-13,4.5e-10,2.5e-10,0.0489,36300000000.0,1960000000.0,11.82,-71.75
2.1e-05,1e-05,5e-13,5e-10,1e-10,0.0489,35000000000.0,1900000000.0,11.87,-71.38
2.1e-05,1e-05,5e-13,5e-10,5e-11,0.0489,35000000000.0,1910000000.0,11.87,-71.27
2.1e-05,1e-05,5e-13,5e-10,1.5e-10,0.0489,35000000000.0,1910000000.0,11.87,-71.32
2.1e-05,1e-05,5e-13,5e-10,2e-10,0.0489,35000000000.0,1920000000.0,11.87,-71.25
2.1e-05,1e-05,3e-13,4e-10,1e-10,0.0489,37700000000.0,2020000000.0,11.77,-72.01
2.1e-05,1e-05,3e-13,4e-10,5e-11,0.0489,37700000000.0,2020000000.0,11.77,-72.1
2.1e-05,1e-05,3e-13,4e-10,1.5e-10,0.0489,37700000000.0,2030000000.0,11.76,-72.13
2.1e-05,1e-05,3e-13,4e-10,2e-10,0.0489,37700000000.0,2030000000.0,11.77,-72.0
2.1e-05,1e-05,3e-13,4e-10,2.5e-10,0.0489,37700000000.0,2030000000.0,11.77,-71.93
2.1e-05,1e-05,3e-13,3e-10,1e-10,0.0489,41800000000.0,2220000000.0,11.55,-73.25
2.1e-05,1e-05,3e-13,3e-10,5e-11,0.0489,41800000000.0,2210000000.0,11.55,-73.15
2.1e-05,1e-05,3e-13,3e-10,1.5e-10,0.0489,41800000000.0,2220000000.0,11.55,-73.18
2.1e-05,1e-05,3e-13,3e-10,2.5e-10,0.0489,41800000000.0,2210000000.0,11.55,-73.14
2.1e-05,1e-05,3e-13,3.5e-10,1e-10,0.0489,39500000000.0,2110000000.0,11.68,-72.47
2.1e-05,1e-05,3e-13,3.5e-10,5e-11,0.0489,39500000000.0,2100000000.0,11.68,-72.24
2.1e-05,1e-05,3e-13,3.5e-10,1.5e-10,0.0489,39500000000.0,2110000000.0,11.68,-72.25
2.1e-05,1e-05,3e-13,3.5e-10,2e-10,0.0489,39500000000.0,2110000000.0,11.68,-73.31
2.1e-05,1e-05,3e-13,3.5e-10,2.5e-10,0.0489,39500000000.0,2110000000.0,11.68,-72.59
2.1e-05,1e-05,3e-13,4.5e-10,1e-10,0.0489,36300000000.0,1960000000.0,11.82,-71.68
2.1e-05,1e-05,3e-13,4.5e-10,5e-11,0.0489,36300000000.0,1950000000.0,11.83,-71.66
2.1e-05,1e-05,3e-13,4.5e-10,1.5e-10,0.0489,36300000000.0,1970000000.0,11.82,-71.67
2.1e-05,1e-05,3e-13,4.5e-10,2e-10,0.0489,36300000000.0,1960000000.0,11.83,-71.69
2.1e-05,1e-05,3e-13,4.5e-10,2.5e-10,0.0489,36300000000.0,1960000000.0,11.82,-71.66
2.1e-05,1e-05,3e-13,5e-10,1e-10,0.0489,35000000000.0,1910000000.0,11.87,-71.83
2.1e-05,1e-05,3e-13,5e-10,5e-11,0.0489,35000000000.0,1920000000.0,11.87,-71.32
2.1e-05,1e-05,3e-13,5e-10,1.5e-10,0.0489,35000000000.0,1910000000.0,11.87,-71.37
2.1e-05,1e-05,3e-13,5e-10,2e-10,0.0489,35000000000.0,1900000000.0,11.88,-71.29
2.1e-05,1e-05,3e-13,5e-10,2.5e-10,0.0489,35000000000.0,1900000000.0,11.88,-71.17
2.1e-05,1e-05,4e-13,4e-10,1e-10,0.0489,37700000000.0,2030000000.0,11.76,-72.07
2.1e-05,1e-05,4e-13,4e-10,1.5e-10,0.0489,37700000000.0,2020000000.0,11.77,-72.2
2.1e-05,1e-05,4e-13,3e-10,1e-10,0.0489,41800000000.0,2210000000.0,11.55,-73.2
2.1e-05,1e-05,4e-13,3e-10,1.5e-10,0.0489,41800000000.0,2200000000.0,11.55,-72.76
2.1e-05,1e-05,4e-13,3e-10,2e-10,0.0489,41800000000.0,2220000000.0,11.55,-73.19
2.1e-05,1e-05,4e-13,3e-10,2.5e-10,0.0489,41800000000.0,2220000000.0,11.55,-72.81
2.1e-05,1e-05,4e-13,3.5e-10,1e-10,0.0489,39500000000.0,2110000000.0,11.68,-72.67
2.1e-05,1e-05,4e-13,3.5e-10,5e-11,0.0489,39500000000.0,2110000000.0,11.68,-72.53
2.1e-05,1e-05,4e-13,3.5e-10,1.5e-10,0.0489,39500000000.0,2100000000.0,11.68,-72.55
2.1e-05,1e-05,4e-13,3.5e-10,2e-10,0.0489,39500000000.0,2100000000.0,11.68,-72.56
2.1e-05,1e-05,4e-13,3.5e-10,2.5e-10,0.0489,39500000000.0,2110000000.0,11.68,-72.57
2.1e-05,1e-05,4e-13,4.5e-10,1e-10,0.0489,36300000000.0,1960000000.0,11.83,-71.63
2.1e-05,1e-05,4e-13,4.5e-10,1.5e-10,0.0489,36300000000.0,1960000000.0,11.82,-71.71
2.1e-05,1e-05,4e-13,4.5e-10,2e-10,0.0489,36300000000.0,1970000000.0,11.82,-71.61
2.1e-05,1e-05,4e-13,5e-10,1e-10,0.0489,35000000000.0,1910000000.0,11.87,-71.36
2.1e-05,1e-05,4e-13,5e-10,5e-11,0.0489,35000000000.0,1900000000.0,11.87,-71.36
2.1e-05,1e-05,4e-13,5e-10,1.5e-10,0.0489,35000000000.0,1900000000.0,11.87,-71.35
2.1e-05,1e-05,4e-13,5e-10,2e-10,0.0489,35000000000.0,1910000000.0,11.87,-71.89
2.1e-05,1e-05,4e-13,5e-10,2.5e-10,0.0489,35000000000.0,1900000000.0,11.87,-71.37
2.1e-05,1e-05,6e-13,4e-10,1.5e-10,0.0489,37700000000.0,2020000000.0,11.77,-72.02
2.1e-05,1e-05,6e-13,4e-10,2e-10,0.0489,37700000000.0,2030000000.0,11.77,-71.99
2.1e-05,1e-05,6e-13,3e-10,1e-10,0.0489,41800000000.0,2220000000.0,11.55,-73.14
2.1e-05,1e-05,6e-13,3e-10,1.5e-10,0.0489,41800000000.0,2220000000.0,11.55,-73.12
2.1e-05,1e-05,6e-13,3e-10,2e-10,0.0489,41800000000.0,2210000000.0,11.55,-73.01
2.1e-05,1e-05,6e-13,3.5e-10,5e-11,0.0489,39500000000.0,2110000000.0,11.68,-72.49
2.1e-05,1e-05,6e-13,3.5e-10,2e-10,0.0489,39500000000.0,2110000000.0,11.68,-72.72
2.1e-05,1e-05,6e-13,4.5e-10,1e-10,0.0489,36200000000.0,1960000000.0,11.83,-71.61
2.1e-05,1e-05,6e-13,4.5e-10,1.5e-10,0.0489,36200000000.0,1950000000.0,11.83,-71.56
2.1e-05,1e-05,6e-13,4.5e-10,2e-10,0.0489,36300000000.0,1950000000.0,11.83,-71.69
2.1e-05,1e-05,6e-13,4.5e-10,2.5e-10,0.0489,36300000000.0,1960000000.0,11.82,-71.61
2.1e-05,1e-05,6e-13,5e-10,1.5e-10,0.0489,35000000000.0,1910000000.0,11.87,-71.35
2.1e-05,1e-05,6e-13,5e-10,2e-10,0.0489,35000000000.0,1910000000.0,11.87,-71.25
2.1e-05,1e-05,6e-13,5e-10,2.5e-10,0.0489,35000000000.0,1920000000.0,11.87,-71.33
2.1e-05,1e-05,7e-13,4e-10,1e-10,0.0489,37700000000.0,2020000000.0,11.77,-71.94
2.1e-05,1e-05,7e-13,4e-10,2e-10,0.0489,37700000000.0,2020000000.0,11.77,-71.89
2.1e-05,1e-05,7e-13,4e-10,2.5e-10,0.0489,37700000000.0,2030000000.0,11.77,-72.01
2.1e-05,1e-05,7e-13,3e-10,1e-10,0.0489,41800000000.0,2220000000.0,11.55,-73.02
2.1e-05,1e-05,7e-13,3e-10,5e-11,0.0489,41800000000.0,2210000000.0,11.55,-73.1
2.1e-05,1e-05,7e-13,3e-10,1.5e-10,0.0489,41800000000.0,2220000000.0,11.55,-73.2
2.1e-05,1e-05,7e-13,3e-10,2e-10,0.0489,41800000000.0,2200000000.0,11.55,-73.13
2.1e-05,1e-05,7e-13,3e-10,2.5e-10,0.0489,41800000000.0,2210000000.0,11.55,-73.24
2.1e-05,1e-05,7e-13,3.5e-10,1e-10,0.0489,39500000000.0,2110000000.0,11.68,-72.58
2.1e-05,1e-05,7e-13,3.5e-10,5e-11,0.0489,39500000000.0,2100000000.0,11.68,-72.62
2.1e-05,1e-05,7e-13,3.5e-10,1.5e-10,0.0489,39500000000.0,2110000000.0,11.68,-72.48
2.1e-05,1e-05,7e-13,3.5e-10,2e-10,0.0489,39500000000.0,2100000000.0,11.68,-72.5
2.1e-05,1e-05,7e-13,4.5e-10,1e-10,0.0489,36200000000.0,1960000000.0,11.83,-71.6
2.1e-05,1e-05,7e-13,4.5e-10,2e-10,0.0489,36200000000.0,1960000000.0,11.82,-71.61
2.1e-05,1e-05,7e-13,5e-10,5e-11,0.0489,35000000000.0,1900000000.0,11.88,-71.26
2.1e-05,1e-05,7e-13,5e-10,1.5e-10,0.0489,35000000000.0,1900000000.0,11.87,-71.25
2.1e-05,1e-05,7e-13,5e-10,2.5e-10,0.0489,35000000000.0,1900000000.0,11.88,-71.33
2.1e-05,1.1e-05,5e-13,4e-10,1e-10,0.0489,37400000000.0,2090000000.0,11.74,-72.02
2.1e-05,1.1e-05,5e-13,4e-10,5e-11,0.0489,37400000000.0,2090000000.0,11.74,-71.9
2.1e-05,1.1e-05,5e-13,4e-10,1.5e-10,0.0489,37400000000.0,2090000000.0,11.74,-72.05
2.1e-05,1.1e-05,5e-13,4e-10,2e-10,0.0489,37400000000.0,2090000000.0,11.74,-72.11
2.1e-05,1.1e-05,5e-13,4e-10,2.5e-10,0.0489,37400000000.0,2090000000.0,11.74,-72.12
2.1e-05,1.1e-05,5e-13,3e-10,1e-10,0.0489,41500000000.0,2290000000.0,11.52,-73.14
2.1e-05,1.1e-05,5e-13,3e-10,5e-11,0.0489,41500000000.0,2290000000.0,11.52,-73.05
2.1e-05,1.1e-05,5e-13,3e-10,1.5e-10,0.0489,41500000000.0,2300000000.0,11.51,-73.07
2.1e-05,1.1e-05,5e-13,3.5e-10,1e-10,0.0489,39200000000.0,2190000000.0,11.65,-72.56
2.1e-05,1.1e-05,5e-13,3.5e-10,5e-11,0.0489,39200000000.0,2180000000.0,11.65,-72.48
2.1e-05,1.1e-05,5e-13,3.5e-10,2e-10,0.0489,39200000000.0,2180000000.0,11.65,-72.51
2.1e-05,1.1e-05,5e-13,3.5e-10,2.5e-10,0.0489,39200000000.0,2190000000.0,11.65,-72.58
2.1e-05,1.1e-05,5e-13,4.5e-10,1e-10,0.0489,36000000000.0,2030000000.0,11.8,-71.63
2.1e-05,1.1e-05,5e-13,4.5e-10,5e-11,0.0489,36000000000.0,2020000000.0,11.8,-71.75
2.1e-05,1.1e-05,5e-13,4.5e-10,1.5e-10,0.0489,36000000000.0,2040000000.0,11.79,-71.7
2.1e-05,1.1e-05,5e-13,4.5e-10,2e-10,0.0489,36000000000.0,2030000000.0,11.8,-71.73
2.1e-05,1.1e-05,5e-13,4.5e-10,2.5e-10,0.0489,36000000000.0,2040000000.0,11.79,-71.65
2.1e-05,1.1e-05,5e-13,5e-10,1e-10,0.0489,34800000000.0,1990000000.0,11.84,-71.28
2.1e-05,1.1e-05,5e-13,5e-10,5e-11,0.0489,34800000000.0,1980000000.0,11.85,-71.65
2.1e-05,1.1e-05,5e-13,5e-10,1.5e-10,0.0489,34800000000.0,1980000000.0,11.84,-71.36
2.1e-05,1.1e-05,5e-13,5e-10,2e-10,0.0489,34800000000.0,1970000000.0,11.85,-71.35
2.1e-05,1.1e-05,5e-13,5e-10,2.5e-10,0.0489,34800000000.0,1970000000.0,11.85,-71.21
2.1e-05,1.1e-05,3e-13,4e-10,1e-10,0.0489,37400000000.0,2100000000.0,11.74,-72.08
2.1e-05,1.1e-05,3e-13,4e-10,2e-10,0.0489,37400000000.0,2090000000.0,11.74,-72.04
2.1e-05,1.1e-05,3e-13,4e-10,2.5e-10,0.0489,37400000000.0,2090000000.0,11.74,-71.89
2.1e-05,1.1e-05,3e-13,3e-10,1e-10,0.0489,41500000000.0,2300000000.0,11.52,-73.15
2.1e-05,1.1e-05,3e-13,3e-10,5e-11,0.0489,41500000000.0,2300000000.0,11.52,-73.17
2.1e-05,1.1e-05,3e-13,3e-10,1.5e-10,0.0489,41500000000.0,2290000000.0,11.52,-73.1
2.1e-05,1.1e-05,3e-13,3e-10,2e-10,0.0489,41500000000.0,2300000000.0,11.51,-73.18
2.1e-05,1.1e-05,3e-13,3e-10,2.5e-10,0.0489,41500000000.0,2290000000.0,11.52,-72.99
2.1e-05,1.1e-05,3e-13,3.5e-10,1e-10,0.0489,39200000000.0,2180000000.0,11.65,-72.47
2.1e-05,1.1e-05,3e-13,3.5e-10,5e-11,0.0489,39200000000.0,2180000000.0,11.65,-72.59
2.1e-05,1.1e-05,3e-13,3.5e-10,1.5e-10,0.0489,39200000000.0,2190000000.0,11.65,-72.52
2.1e-05,1.1e-05,3e-13,3.5e-10,2e-10,0.0489,39200000000.0,2170000000.0,11.65,-74.06
2.1e-05,1.1e-05,3e-13,3.5e-10,2.5e-10,0.0489,39200000000.0,2190000000.0,11.64,-72.57
2.1e-05,1.1e-05,3e-13,4.5e-10,1e-10,0.0489,36000000000.0,2030000000.0,11.8,-71.74
2.1e-05,1.1e-05,3e-13,4.5e-10,5e-11,0.0489,36000000000.0,2040000000.0,11.79,-71.71
2.1e-05,1.1e-05,3e-13,4.5e-10,1.5e-10,0.0489,36000000000.0,2030000000.0,11.8,-71.75
2.1e-05,1.1e-05,3e-13,4.5e-10,2e-10,0.0489,36000000000.0,2030000000.0,11.8,-71.71
2.1e-05,1.1e-05,3e-13,5e-10,1e-10,0.0489,34800000000.0,1980000000.0,11.84,-71.31
2.1e-05,1.1e-05,3e-13,5e-10,5e-11,0.0489,34800000000.0,1970000000.0,11.85,-71.39
2.1e-05,1.1e-05,3e-13,5e-10,2e-10,0.0489,34800000000.0,1990000000.0,11.84,-71.35
2.1e-05,1.1e-05,3e-13,5e-10,2.5e-10,0.0489,34800000000.0,1990000000.0,11.84,-71.39
2.1e-05,1.1e-05,4e-13,4e-10,1e-10,0.0489,37400000000.0,2100000000.0,11.74,-72.01
2.1e-05,1.1e-05,4e-13,4e-10,5e-11,0.0489,37400000000.0,2090000000.0,11.74,-71.98
2.1e-05,1.1e-05,4e-13,4e-10,1.5e-10,0.0489,37400000000.0,2100000000.0,11.73,-72.02
2.1e-05,1.1e-05,4e-13,4e-10,2e-10,0.0489,37400000000.0,2090000000.0,11.74,-71.93
2.1e-05,1.1e-05,4e-13,4e-10,2.5e-10,0.0489,37400000000.0,2100000000.0,11.73,-72.0
2.1e-05,1.1e-05,4e-13,3e-10,1e-10,0.0489,41500000000.0,2290000000.0,11.52,-73.11
2.1e-05,1.1e-05,4e-13,3e-10,5e-11,0.0489,41500000000.0,2300000000.0,11.51,-73.19
2.1e-05,1.1e-05,4e-13,3e-10,1.5e-10,0.0489,41500000000.0,2300000000.0,11.52,-73.18
2.1e-05,1.1e-05,4e-13,3e-10,2e-10,0.0489,41500000000.0,2290000000.0,11.52,-73.15
2.1e-05,1.1e-05,4e-13,3e-10,2.5e-10,0.0489,41500000000.0,2300000000.0,11.51,-73.38
2.1e-05,1.1e-05,4e-13,3.5e-10,1e-10,0.0489,39200000000.0,2180000000.0,11.65,-72.56
2.1e-05,1.1e-05,4e-13,3.5e-10,5e-11,0.0489,39200000000.0,2180000000.0,11.65,-72.53
2.1e-05,1.1e-05,4e-13,3.5e-10,1.5e-10,0.0489,39200000000.0,2190000000.0,11.64,-72.52
2.1e-05,1.1e-05,4e-13,3.5e-10,2e-10,0.0489,39200000000.0,2180000000.0,11.65,-72.62
2.1e-05,1.1e-05,4e-13,3.5e-10,2.5e-10,0.0489,39200000000.0,2190000000.0,11.65,-73.21
2.1e-05,1.1e-05,4e-13,4.5e-10,1e-10,0.0489,36000000000.0,2020000000.0,11.8,-71.64
2.1e-05,1.1e-05,4e-13,4.5e-10,5e-11,0.0489,36000000000.0,2030000000.0,11.8,-71.61
2.1e-05,1.1e-05,4e-13,4.5e-10,1.5e-10,0.0489,36000000000.0,2030000000.0,11.8,-71.7
2.1e-05,1.1e-05,4e-13,4.5e-10,2e-10,0.0489,36000000000.0,2030000000.0,11.8,-71.62
2.1e-05,1.1e-05,4e-13,4.5e-10,2.5e-10,0.0489,36000000000.0,2030000000.0,11.8,-71.64
2.1e-05,1.1e-05,4e-13,5e-10,5e-11,0.0489,34800000000.0,1980000000.0,11.84,-71.3
2.1e-05,1.1e-05,4e-13,5e-10,2.5e-10,0.0489,34800000000.0,1990000000.0,11.84,-71.34
2.1e-05,1.1e-05,6e-13,4e-10,1e-10,0.0489,37400000000.0,2100000000.0,11.74,-72.09
2.1e-05,1.1e-05,6e-13,4e-10,5e-11,0.0489,37400000000.0,2100000000.0,11.73,-72.07
2.1e-05,1.1e-05,6e-13,4e-10,1.5e-10,0.0489,37400000000.0,2090000000.0,11.74,-72.03
2.1e-05,1.1e-05,6e-13,4e-10,2.5e-10,0.0489,37400000000.0,2100000000.0,11.73,-72.01
2.1e-05,1.1e-05,6e-13,3e-10,1e-10,0.0489,41500000000.0,2300000000.0,11.51,-72.69
2.1e-05,1.1e-05,6e-13,3e-10,5e-11,0.0489,41500000000.0,2300000000.0,11.51,-72.7
2.1e-05,1.1e-05,6e-13,3e-10,1.5e-10,0.0489,41500000000.0,2300000000.0,11.51,-73.15
2.1e-05,1.1e-05,6e-13,3e-10,2e-10,0.0489,41500000000.0,2300000000.0,11.51,-73.25
2.1e-05,1.1e-05,6e-13,3e-10,2.5e-10,0.0489,41500000000.0,2300000000.0,11.51,-73.2
2.1e-05,1.1e-05,6e-13,3.5e-10,1e-10,0.0489,39200000000.0,2180000000.0,11.65,-72.52
2.1e-05,1.1e-05,6e-13,3.5e-10,5e-11,0.0489,39200000000.0,2170000000.0,11.65,-73.82
2.1e-05,1.1e-05,6e-13,3.5e-10,2e-10,0.0489,39200000000.0,2180000000.0,11.65,-72.57
2.1e-05,1.1e-05,6e-13,3.5e-10,2.5e-10,0.0489,39200000000.0,2190000000.0,11.65,-72.5
2.1e-05,1.1e-05,6e-13,5e-10,1e-10,0.0489,34800000000.0,1990000000.0,11.84,-71.31
2.1e-05,1.1e-05,6e-13,5e-10,5e-11,0.0489,34800000000.0,1980000000.0,11.84,-71.32
2.1e-05,1.1e-05,6e-13,5e-10,1.5e-10,0.0489,34800000000.0,1970000000.0,11.84,-71.32
2.1e-05,1.1e-05,7e-13,4e-10,2e-10,0.0489,37400000000.0,2090000000.0,11.74,-71.87
2.1e-05,1.1e-05,7e-13,3e-10,1e-10,0.0489,41500000000.0,2290000000.0,11.52,-73.4
2.1e-05,1.1e-05,7e-13,3e-10,1.5e-10,0.0489,41500000000.0,2290000000.0,11.52,-73.19
2.1e-05,1.1e-05,7e-13,3e-10,2.5e-10,0.0489,41500000000.0,2290000000.0,11.52,-73.12
2.1e-05,1.1e-05,7e-13,3.5e-10,1e-10,0.0489,39200000000.0,2190000000.0,11.65,-72.57
2.1e-05,1.1e-05,7e-13,3.5e-10,5e-11,0.0489,39200000000.0,2170000000.0,11.65,-72.5
2.1e-05,1.1e-05,7e-13,3.5e-10,1.5e-10,0.0489,39200000000.0,2190000000.0,11.65,-72.51
2.1e-05,1.1e-05,7e-13,3.5e-10,2.5e-10,0.0489,39200000000.0,2170000000.0,11.65,-72.56
2.1e-05,1.1e-05,7e-13,4.5e-10,1e-10,0.0489,36000000000.0,2030000000.0,11.8,-71.68
2.1e-05,1.1e-05,7e-13,4.5e-10,5e-11,0.0489,36000000000.0,2040000000.0,11.79,-71.75
2.1e-05,1.1e-05,7e-13,5e-10,1e-10,0.0489,34800000000.0,1970000000.0,11.85,-71.33
2.1e-05,1.1e-05,7e-13,5e-10,2e-10,0.0489,34800000000.0,1970000000.0,11.85,-71.32
2.1e-05,1.2e-05,5e-13,4e-10,1e-10,0.0489,37100000000.0,2150000000.0,11.7,-72.08
2.1e-05,1.2e-05,5e-13,4e-10,5e-11,0.0489,37100000000.0,2150000000.0,11.7,-72.0
2.1e-05,1.2e-05,5e-13,4e-10,1.5e-10,0.0489,37100000000.0,2140000000.0,11.7,-72.04
2.1e-05,1.2e-05,5e-13,4e-10,2e-10,0.0489,37100000000.0,2140000000.0,11.7,-71.86
2.1e-05,1.2e-05,5e-13,3e-10,1e-10,0.0489,41200000000.0,2350000000.0,11.48,-73.12
2.1e-05,1.2e-05,5e-13,3e-10,5e-11,0.0489,41200000000.0,2350000000.0,11.48,-73.15
2.1e-05,1.2e-05,5e-13,3e-10,1.5e-10,0.0489,41200000000.0,2360000000.0,11.48,-73.16
2.1e-05,1.2e-05,5e-13,3e-10,2e-10,0.0489,41200000000.0,2350000000.0,11.48,-73.17
2.1e-05,1.2e-05,5e-13,3e-10,2.5e-10,0.0489,41200000000.0,2360000000.0,11.48,-73.07
2.1e-05,1.2e-05,5e-13,3.5e-10,1e-10,0.0489,38900000000.0,2240000000.0,11.61,-72.67
2.1e-05,1.2e-05,5e-13,3.5e-10,5e-11,0.0489,38900000000.0,2240000000.0,11.61,-72.49
2.1e-05,1.2e-05,5e-13,3.5e-10,1.5e-10,0.0489,38900000000.0,2230000000.0,11.61,-72.52
2.1e-05,1.2e-05,5e-13,3.5e-10,2e-10,0.0489,38900000000.0,2230000000.0,11.61,-72.62
2.1e-05,1.2e-05,5e-13,4.5e-10,1e-10,0.0489,35700000000.0,2090000000.0,11.76,-71.7
2.1e-05,1.2e-05,5e-13,4.5e-10,5e-11,0.0489,35700000000.0,2080000000.0,11.76,-71.69
2.1e-05,1.2e-05,5e-13,4.5e-10,1.5e-10,0.0489,35700000000.0,2090000000.0,11.76,-71.72
2.1e-05,1.2e-05,5e-13,4.5e-10,2e-10,0.0489,35700000000.0,2080000000.0,11.76,-71.72
2.1e-05,1.2e-05,5e-13,4.5e-10,2.5e-10,0.0489,35700000000.0,2080000000.0,11.77,-71.7
2.1e-05,1.2e-05,5e-13,5e-10,1e-10,0.0489,34500000000.0,2040000000.0,11.81,-71.44
2.1e-05,1.2e-05,5e-13,5e-10,5e-11,0.0489,34500000000.0,2040000000.0,11.81,-71.29
2.1e-05,1.2e-05,5e-13,5e-10,1.5e-10,0.0489,34500000000.0,2030000000.0,11.81,-71.4
2.1e-05,1.2e-05,5e-13,5e-10,2e-10,0.0489,34500000000.0,2030000000.0,11.81,-71.38
2.1e-05,1.2e-05,5e-13,5e-10,2.5e-10,0.0489,34500000000.0,2030000000.0,11.81,-71.59
2.1e-05,1.2e-05,3e-13,4e-10,2e-10,0.0489,37100000000.0,2150000000.0,11.7,-72.19
2.1e-05,1.2e-05,3e-13,4e-10,2.5e-10,0.0489,37100000000.0,2140000000.0,11.7,-72.02
2.1e-05,1.2e-05,3e-13,3e-10,5e-11,0.0489,41200000000.0,2360000000.0,11.47,-73.16
2.1e-05,1.2e-05,3e-13,3e-10,1.5e-10,0.0489,41200000000.0,2350000000.0,11.48,-72.98
2.1e-05,1.2e-05,3e-13,3e-10,2e-10,0.0489,41200000000.0,2340000000.0,11.48,-73.12
2.1e-05,1.2e-05,3e-13,3e-10,2.5e-10,0.0489,41200000000.0,2350000000.0,11.47,-72.94
2.1e-05,1.2e-05,3e-13,3.5e-10,1e-10,0.0489,38900000000.0,2230000000.0,11.61,-72.43
2.1e-05,1.2e-05,3e-13,3.5e-10,5e-11,0.0489,38900000000.0,2250000000.0,11.61,-72.47
2.1e-05,1.2e-05,3e-13,3.5e-10,1.5e-10,0.0489,38900000000.0,2230000000.0,11.61,-72.5
2.1e-05,1.2e-05,3e-13,3.5e-10,2e-10,0.0489,38900000000.0,2240000000.0,11.61,-72.55
2.1e-05,1.2e-05,3e-13,4.5e-10,5e-11,0.0489,35700000000.0,2090000000.0,11.76,-71.66
2.1e-05,1.2e-05,3e-13,4.5e-10,1.5e-10,0.0489,35700000000.0,2090000000.0,11.76,-71.62
2.1e-05,1.2e-05,3e-13,4.5e-10,2e-10,0.0489,35700000000.0,2080000000.0,11.77,-71.65
2.1e-05,1.2e-05,3e-13,4.5e-10,2.5e-10,0.0489,35700000000.0,2090000000.0,11.76,-71.69
2.1e-05,1.2e-05,3e-13,5e-10,1e-10,0.0489,34500000000.0,2040000000.0,11.81,-71.32
2.1e-05,1.2e-05,3e-13,5e-10,1.5e-10,0.0489,34500000000.0,2040000000.0,11.81,-71.39
2.1e-05,1.2e-05,3e-13,5e-10,2e-10,0.0489,34500000000.0,2040000000.0,11.81,-71.34
2.1e-05,1.2e-05,3e-13,5e-10,2.5e-10,0.0489,34500000000.0,2030000000.0,11.81,-71.43
2.1e-05,1.2e-05,4e-13,4e-10,1e-10,0.0489,37100000000.0,2160000000.0,11.7,-72.19
2.1e-05,1.2e-05,4e-13,4e-10,5e-11,0.0489,37100000000.0,2140000000.0,11.7,-72.17
2.1e-05,1.2e-05,4e-13,4e-10,1.5e-10,0.0489,37100000000.0,2140000000.0,11.7,-72.05
2.1e-05,1.2e-05,4e-13,4e-10,2e-10,0.0489,37100000000.0,2140000000.0,11.7,-72.14
2.1e-05,1.2e-05,4e-13,4e-10,2.5e-10,0.0489,37100000000.0,2140000000.0,11.7,-72.15
2.1e-05,1.2e-05,4e-13,3e-10,5e-11,0.0489,41200000000.0,2350000000.0,11.48,-73.11
2.1e-05,1.2e-05,4e-13,3e-10,1.5e-10,0.0489,41200000000.0,2360000000.0,11.47,-73.12
2.1e-05,1.2e-05,4e-13,3e-10,2.5e-10,0.0489,41200000000.0,2360000000.0,11.47,-73.15
2.1e-05,1.2e-05,4e-13,3.5e-10,1e-10,0.0489,38900000000.0,2240000000.0,11.61,-72.52
2.1e-05,1.2e-05,4e-13,3.5e-10,5e-11,0.0489,38900000000.0,2240000000.0,11.61,-72.56
2.1e-05,1.2e-05,4e-13,3.5e-10,1.5e-10,0.0489,38900000000.0,2250000000.0,11.61,-73.18
2.1e-05,1.2e-05,4e-13,3.5e-10,2e-10,0.0489,38900000000.0,2230000000.0,11.61,-72.51
2.1e-05,1.2e-05,4e-13,3.5e-10,2.5e-10,0.0489,38900000000.0,2230000000.0,11.61,-72.49
2.1e-05,1.2e-05,4e-13,4.5e-10,5e-11,0.0489,35700000000.0,2090000000.0,11.76,-71.64
2.1e-05,1.2e-05,4e-13,4.5e-10,2.5e-10,0.0489,35700000000.0,2080000000.0,11.76,-71.7
2.1e-05,1.2e-05,4e-13,5e-10,1e-10,0.0489,34500000000.0,2040000000.0,11.81,-71.3
2.1e-05,1.2e-05,4e-13,5e-10,5e-11,0.0489,34500000000.0,2030000000.0,11.81,-71.36
2.1e-05,1.2e-05,4e-13,5e-10,2e-10,0.0489,34500000000.0,2040000000.0,11.81,-71.38
2.1e-05,1.2e-05,4e-13,5e-10,2.5e-10,0.0489,34500000000.0,2040000000.0,11.81,-71.4
2.1e-05,1.2e-05,6e-13,4e-10,1e-10,0.0489,37100000000.0,2150000000.0,11.7,-72.21
2.1e-05,1.2e-05,6e-13,4e-10,5e-11,0.0489,37100000000.0,2140000000.0,11.7,-72.44
2.1e-05,1.2e-05,6e-13,4e-10,1.5e-10,0.0489,37100000000.0,2140000000.0,11.7,-72.0
2.1e-05,1.2e-05,6e-13,4e-10,2e-10,0.0489,37100000000.0,2160000000.0,11.7,-72.01
2.1e-05,1.2e-05,6e-13,4e-10,2.5e-10,0.0489,37100000000.0,2140000000.0,11.7,-72.08
2.1e-05,1.2e-05,6e-13,3e-10,1e-10,0.0489,41200000000.0,2360000000.0,11.47,-73.18
2.1e-05,1.2e-05,6e-13,3e-10,5e-11,0.0489,41200000000.0,2360000000.0,11.47,-72.9
2.1e-05,1.2e-05,6e-13,3e-10,1.5e-10,0.0489,41200000000.0,2350000000.0,11.48,-73.38
2.1e-05,1.2e-05,6e-13,3e-10,2e-10,0.0489,41200000000.0,2350000000.0,11.48,-73.14
2.1e-05,1.2e-05,6e-13,3.5e-10,1e-10,0.0489,38900000000.0,2230000000.0,11.61,-72.46
2.1e-05,1.2e-05,6e-13,3.5e-10,2.5e-10,0.0489,38900000000.0,2240000000.0,11.61,-72.65
2.1e-05,1.2e-05,6e-13,4.5e-10,1e-10,0.0489,35700000000.0,2090000000.0,11.76,-71.73
2.1e-05,1.2e-05,6e-13,4.5e-10,1.5e-10,0.0489,35700000000.0,2090000000.0,11.76,-71.78
2.1e-05,1.2e-05,6e-13,4.5e-10,2e-10,0.0489,35700000000.0,2080000000.0,11.77,-71.69
2.1e-05,1.2e-05,6e-13,5e-10,1e-10,0.0489,34500000000.0,2040000000.0,11.81,-71.35
2.1e-05,1.2e-05,6e-13,5e-10,5e-11,0.0489,34500000000.0,2030000000.0,11.81,-71.33
2.1e-05,1.2e-05,6e-13,5e-10,2e-10,0.0489,34500000000.0,2030000000.0,11.81,-71.37
2.1e-05,1.2e-05,6e-13,5e-10,2.5e-10,0.0489,34500000000.0,2040000000.0,11.81,-71.33
2.1e-05,1.2e-05,7e-13,4e-10,1e-10,0.0489,37100000000.0,2150000000.0,11.7,-72.09
2.1e-05,1.2e-05,7e-13,3e-10,1.5e-10,0.0489,41200000000.0,2350000000.0,11.48,-73.18
2.1e-05,1.2e-05,7e-13,3.5e-10,5e-11,0.0489,38900000000.0,2240000000.0,11.61,-72.5
2.1e-05,1.2e-05,7e-13,3.5e-10,2e-10,0.0489,38900000000.0,2230000000.0,11.61,-72.45
2.1e-05,1.2e-05,7e-13,4.5e-10,1.5e-10,0.0489,35700000000.0,2080000000.0,11.76,-71.73
2.1e-05,1.2e-05,7e-13,5e-10,1.5e-10,0.0489,34500000000.0,2030000000.0,11.81,-71.3
2.1e-05,1.2e-05,7e-13,5e-10,2.5e-10,0.0489,34500000000.0,2040000000.0,11.81,-71.37
2.1e-05,1.3e-05,5e-13,4e-10,1e-10,0.0489,36900000000.0,2190000000.0,11.66,-72.12
2.1e-05,1.3e-05,5e-13,4e-10,5e-11,0.0489,36900000000.0,2190000000.0,11.66,-72.06
2.1e-05,1.3e-05,5e-13,4e-10,1.5e-10,0.0489,36900000000.0,2180000000.0,11.66,-71.96
2.1e-05,1.3e-05,5e-13,4e-10,2e-10,0.0489,36900000000.0,2180000000.0,11.66,-72.04
2.1e-05,1.3e-05,5e-13,4e-10,2.5e-10,0.0489,36900000000.0,2190000000.0,11.66,-72.01
2.1e-05,1.3e-05,5e-13,3e-10,1e-10,0.0489,40900000000.0,2400000000.0,11.43,-73.01
2.1e-05,1.3e-05,5e-13,3e-10,5e-11,0.0489,40900000000.0,2400000000.0,11.43,-73.25
2.1e-05,1.3e-05,5e-13,3e-10,2e-10,0.0489,40900000000.0,2400000000.0,11.43,-73.12
2.1e-05,1.3e-05,5e-13,3e-10,2.5e-10,0.0489,40900000000.0,2400000000.0,11.43,-73.78
2.1e-05,1.3e-05,5e-13,3.5e-10,1e-10,0.0489,38700000000.0,2270000000.0,11.57,-72.49
2.1e-05,1.3e-05,5e-13,3.5e-10,1.5e-10,0.0489,38700000000.0,2270000000.0,11.57,-72.52
2.1e-05,1.3e-05,5e-13,3.5e-10,2e-10,0.0489,38700000000.0,2280000000.0,11.57,-72.23
2.1e-05,1.3e-05,5e-13,3.5e-10,2.5e-10,0.0489,38700000000.0,2270000000.0,11.57,-72.46
2.1e-05,1.3e-05,5e-13,4.5e-10,1e-10,0.0489,35500000000.0,2130000000.0,11.73,-71.57
2.1e-05,1.3e-05,5e-13,4.5e-10,5e-11,0.0489,35500000000.0,2130000000.0,11.72,-71.66
2.1e-05,1.3e-05,5e-13,4.5e-10,1.5e-10,0.0489,35500000000.0,2120000000.0,11.73,-71.69
2.1e-05,1.3e-05,5e-13,4.5e-10,2e-10,0.0489,35500000000.0,2130000000.0,11.73,-71.66
2.1e-05,1.3e-05,5e-13,4.5e-10,2.5e-10,0.0489,35500000000.0,2120000000.0,11.73,-71.63
2.1e-05,1.3e-05,5e-13,5e-10,1e-10,0.0489,34300000000.0,2080000000.0,11.77,-71.34
2.1e-05,1.3e-05,5e-13,5e-10,5e-11,0.0489,34300000000.0,2080000000.0,11.77,-71.35
2.1e-05,1.3e-05,5e-13,5e-10,1.5e-10,0.0489,34300000000.0,2080000000.0,11.77,-71.33
2.1e-05,1.3e-05,5e-13,5e-10,2e-10,0.0489,34300000000.0,2070000000.0,11.77,-71.37
2.1e-05,1.3e-05,5e-13,5e-10,2.5e-10,0.0489,34300000000.0,2060000000.0,11.78,-71.43
2.1e-05,1.3e-05,3e-13,4e-10,5e-11,0.0489,36900000000.0,2180000000.0,11.66,-71.91
2.1e-05,1.3e-05,3e-13,4e-10,1.5e-10,0.0489,36900000000.0,2200000000.0,11.66,-72.03
2.1e-05,1.3e-05,3e-13,4e-10,2.5e-10,0.0489,36900000000.0,2200000000.0,11.66,-71.93
2.1e-05,1.3e-05,3e-13,3e-10,1e-10,0.0489,40900000000.0,2400000000.0,11.43,-73.13
2.1e-05,1.3e-05,3e-13,3e-10,5e-11,0.0489,40900000000.0,2400000000.0,11.43,-73.05
2.1e-05,1.3e-05,3e-13,3e-10,1.5e-10,0.0489,40900000000.0,2400000000.0,11.43,-73.1
2.1e-05,1.3e-05,3e-13,3e-10,2e-10,0.0489,40900000000.0,2400000000.0,11.43,-73.14
2.1e-05,1.3e-05,3e-13,3.5e-10,5e-11,0.0489,38700000000.0,2270000000.0,11.57,-72.48
2.1e-05,1.3e-05,3e-13,3.5e-10,1.5e-10,0.0489,38700000000.0,2280000000.0,11.57,-72.49
2.1e-05,1.3e-05,3e-13,3.5e-10,2e-10,0.0489,38700000000.0,2280000000.0,11.57,-72.59
2.1e-05,1.3e-05,3e-13,3.5e-10,2.5e-10,0.0489,38700000000.0,2280000000.0,11.57,-72.52
2.1e-05,1.3e-05,3e-13,4.5e-10,1e-10,0.0489,35500000000.0,2130000000.0,11.72,-71.63
2.1e-05,1.3e-05,3e-13,4.5e-10,5e-11,0.0489,35500000000.0,2130000000.0,11.72,-71.6
2.1e-05,1.3e-05,3e-13,4.5e-10,1.5e-10,0.0489,35500000000.0,2130000000.0,11.72,-71.7
2.1e-05,1.3e-05,3e-13,4.5e-10,2e-10,0.0489,35500000000.0,2120000000.0,11.73,-71.64
2.1e-05,1.3e-05,3e-13,5e-10,1e-10,0.0489,34300000000.0,2070000000.0,11.78,-71.46
2.1e-05,1.3e-05,3e-13,5e-10,5e-11,0.0489,34300000000.0,2060000000.0,11.78,-71.21
2.1e-05,1.3e-05,3e-13,5e-10,1.5e-10,0.0489,34300000000.0,2080000000.0,11.77,-71.29
2.1e-05,1.3e-05,3e-13,5e-10,2.5e-10,0.0489,34300000000.0,2080000000.0,11.77,-71.32
2.1e-05,1.3e-05,4e-13,4e-10,1e-10,0.0489,36900000000.0,2190000000.0,11.66,-72.07
2.1e-05,1.3e-05,4e-13,4e-10,5e-11,0.0489,36900000000.0,2180000000.0,11.66,-72.01
2.1e-05,1.3e-05,4e-13,4e-10,1.5e-10,0.0489,36900000000.0,2190000000.0,11.66,-72.0
2.1e-05,1.3e-05,4e-13,4e-10,2.5e-10,0.0489,36900000000.0,2200000000.0,11.66,-72.01
2.1e-05,1.3e-05,4e-13,3e-10,1e-10,0.0489,40900000000.0,2400000000.0,11.43,-72.72
2.1e-05,1.3e-05,4e-13,3e-10,1.5e-10,0.0489,40900000000.0,2400000000.0,11.43,-73.44
2.1e-05,1.3e-05,4e-13,3e-10,2.5e-10,0.0489,40900000000.0,2400000000.0,11.43,-73.11
2.1e-05,1.3e-05,4e-13,3.5e-10,1e-10,0.0489,38700000000.0,2270000000.0,11.57,-72.5
2.1e-05,1.3e-05,4e-13,3.5e-10,5e-11,0.0489,38700000000.0,2270000000.0,11.57,-72.59
2.1e-05,1.3e-05,4e-13,3.5e-10,1.5e-10,0.0489,38700000000.0,2260000000.0,11.57,-72.47
2.1e-05,1.3e-05,4e-13,3.5e-10,2.5e-10,0.0489,38700000000.0,2270000000.0,11.57,-72.53
2.1e-05,1.3e-05,4e-13,4.5e-10,1e-10,0.0489,35500000000.0,2130000000.0,11.72,-71.57
2.1e-05,1.3e-05,4e-13,4.5e-10,5e-11,0.0489,35500000000.0,2120000000.0,11.73,-71.66
2.1e-05,1.3e-05,4e-13,4.5e-10,2.5e-10,0.0489,35500000000.0,2130000000.0,11.72,-71.77
2.1e-05,1.3e-05,4e-13,5e-10,1e-10,0.0489,34300000000.0,2060000000.0,11.78,-71.42
2.1e-05,1.3e-05,4e-13,5e-10,5e-11,0.0489,34300000000.0,2080000000.0,11.77,-71.77
2.1e-05,1.3e-05,4e-13,5e-10,1.5e-10,0.0489,34300000000.0,2080000000.0,11.77,-71.36
2.1e-05,1.3e-05,4e-13,5e-10,2e-10,0.0489,34300000000.0,2070000000.0,11.78,-71.42
2.1e-05,1.3e-05,4e-13,5e-10,2.5e-10,0.0489,34300000000.0,2060000000.0,11.78,-71.4
2.1e-05,1.3e-05,6e-13,4e-10,1e-10,0.0489,36900000000.0,2190000000.0,11.66,-72.02
2.1e-05,1.3e-05,6e-13,4e-10,5e-11,0.0489,36900000000.0,2190000000.0,11.66,-71.98
2.1e-05,1.3e-05,6e-13,4e-10,1.5e-10,0.0489,36900000000.0,2180000000.0,11.66,-72.14
2.1e-05,1.3e-05,6e-13,4e-10,2e-10,0.0489,36900000000.0,2200000000.0,11.66,-72.04
2.1e-05,1.3e-05,6e-13,4e-10,2.5e-10,0.0489,36900000000.0,2190000000.0,11.66,-72.08
2.1e-05,1.3e-05,6e-13,3e-10,1e-10,0.0489,40900000000.0,2400000000.0,11.43,-73.42
2.1e-05,1.3e-05,6e-13,3e-10,2e-10,0.0489,40900000000.0,2400000000.0,11.43,-73.09
2.1e-05,1.3e-05,6e-13,3.5e-10,1e-10,0.0489,38700000000.0,2270000000.0,11.57,-72.4
2.1e-05,1.3e-05,6e-13,3.5e-10,1.5e-10,0.0489,38700000000.0,2260000000.0,11.57,-72.43
2.1e-05,1.3e-05,6e-13,3.5e-10,2e-10,0.0489,38700000000.0,2280000000.0,11.57,-72.53
2.1e-05,1.3e-05,6e-13,4.5e-10,5e-11,0.0489,35500000000.0,2130000000.0,11.72,-71.68
2.1e-05,1.3e-05,6e-13,5e-10,1e-10,0.0489,34300000000.0,2060000000.0,11.78,-71.39
2.1e-05,1.3e-05,6e-13,5e-10,5e-11,0.0489,34300000000.0,2060000000.0,11.78,-71.49
2.1e-05,1.3e-05,6e-13,5e-10,2e-10,0.0489,34300000000.0,2060000000.0,11.78,-71.5
2.1e-05,1.3e-05,6e-13,5e-10,2.5e-10,0.0489,34300000000.0,2080000000.0,11.78,-71.37
2.1e-05,1.3e-05,7e-13,4e-10,1e-10,0.0489,36900000000.0,2190000000.0,11.66,-72.05
2.1e-05,1.3e-05,7e-13,3e-10,1e-10,0.0489,40900000000.0,2400000000.0,11.43,-73.08
2.1e-05,1.3e-05,7e-13,3e-10,1.5e-10,0.0489,40900000000.0,2390000000.0,11.43,-73.12
2.1e-05,1.3e-05,7e-13,3.5e-10,1.5e-10,0.0489,38700000000.0,2270000000.0,11.57,-72.47
2.1e-05,1.3e-05,7e-13,3.5e-10,2e-10,0.0489,38700000000.0,2260000000.0,11.57,-72.48
2.1e-05,1.3e-05,7e-13,4.5e-10,5e-11,0.0489,35500000000.0,2130000000.0,11.73,-71.71
2.1e-05,1.3e-05,7e-13,5e-10,5e-11,0.0489,34300000000.0,2080000000.0,11.77,-71.37
2.1e-05,1.3e-05,7e-13,5e-10,1.5e-10,0.0489,34300000000.0,2070000000.0,11.78,-71.32
2.1e-05,1.3e-05,7e-13,5e-10,2.5e-10,0.0489,34300000000.0,2060000000.0,11.78,-71.24
2.1e-05,1.4e-05,5e-13,4e-10,1e-10,0.0489,36700000000.0,2200000000.0,11.62,-72.1
2.1e-05,1.4e-05,5e-13,4e-10,5e-11,0.0489,36700000000.0,2200000000.0,11.62,-71.8
2.1e-05,1.4e-05,5e-13,4e-10,1.5e-10,0.0489,36700000000.0,2200000000.0,11.62,-72.01
2.1e-05,1.4e-05,5e-13,4e-10,2e-10,0.0489,36700000000.0,2200000000.0,11.62,-72.0
2.1e-05,1.4e-05,5e-13,4e-10,2.5e-10,0.0489,36700000000.0,2200000000.0,11.62,-71.98
2.1e-05,1.4e-05,5e-13,3e-10,1e-10,0.0489,40700000000.0,2410000000.0,11.38,-73.0
2.1e-05,1.4e-05,5e-13,3e-10,5e-11,0.0489,40700000000.0,2410000000.0,11.38,-73.08
2.1e-05,1.4e-05,5e-13,3e-10,1.5e-10,0.0489,40700000000.0,2420000000.0,11.38,-72.94
2.1e-05,1.4e-05,5e-13,3e-10,2e-10,0.0489,40700000000.0,2420000000.0,11.38,-73.2
2.1e-05,1.4e-05,5e-13,3e-10,2.5e-10,0.0489,40700000000.0,2410000000.0,11.38,-72.98
2.1e-05,1.4e-05,5e-13,3.5e-10,1e-10,0.0489,38400000000.0,2300000000.0,11.52,-72.49
2.1e-05,1.4e-05,5e-13,3.5e-10,5e-11,0.0489,38400000000.0,2290000000.0,11.52,-72.44
2.1e-05,1.4e-05,5e-13,3.5e-10,1.5e-10,0.0489,38400000000.0,2290000000.0,11.53,-72.4
2.1e-05,1.4e-05,5e-13,3.5e-10,2e-10,0.0489,38400000000.0,2300000000.0,11.52,-72.5
2.1e-05,1.4e-05,5e-13,3.5e-10,2.5e-10,0.0489,38400000000.0,2300000000.0,11.52,-73.09
2.1e-05,1.4e-05,5e-13,4.5e-10,1e-10,0.0489,35200000000.0,2150000000.0,11.69,-71.56
2.1e-05,1.4e-05,5e-13,4.5e-10,5e-11,0.0489,35200000000.0,2130000000.0,11.69,-71.65
2.1e-05,1.4e-05,5e-13,4.5e-10,1.5e-10,0.0489,35200000000.0,2150000000.0,11.69,-71.69
2.1e-05,1.4e-05,5e-13,4.5e-10,2e-10,0.0489,35200000000.0,2140000000.0,11.69,-71.72
2.1e-05,1.4e-05,5e-13,4.5e-10,2.5e-10,0.0489,35200000000.0,2130000000.0,11.69,-71.62
2.1e-05,1.4e-05,5e-13,5e-10,1e-10,0.0489,34000000000.0,2100000000.0,11.74,-71.4
2.1e-05,1.4e-05,5e-13,5e-10,5e-11,0.0489,34000000000.0,2090000000.0,11.74,-71.33
2.1e-05,1.4e-05,5e-13,5e-10,1.5e-10,0.0489,34000000000.0,2080000000.0,11.74,-71.34
2.1e-05,1.4e-05,5e-13,5e-10,2.5e-10,0.0489,34000000000.0,2080000000.0,11.74,-71.31
2.1e-05,1.4e-05,3e-13,4e-10,1e-10,0.0489,36700000000.0,2210000000.0,11.62,-71.99
2.1e-05,1.4e-05,3e-13,4e-10,5e-11,0.0489,36700000000.0,2200000000.0,11.62,-71.81
2.1e-05,1.4e-05,3e-13,4e-10,1.5e-10,0.0489,36700000000.0,2210000000.0,11.62,-72.06
2.1e-05,1.4e-05,3e-13,4e-10,2e-10,0.0489,36700000000.0,2210000000.0,11.62,-71.85
2.1e-05,1.4e-05,3e-13,4e-10,2.5e-10,0.0489,36700000000.0,2210000000.0,11.62,-72.04
2.1e-05,1.4e-05,3e-13,3e-10,1e-10,0.0489,40700000000.0,2400000000.0,11.38,-72.99
2.1e-05,1.4e-05,3e-13,3e-10,5e-11,0.0489,40700000000.0,2410000000.0,11.38,-73.01
2.1e-05,1.4e-05,3e-13,3e-10,1.5e-10,0.0489,40700000000.0,2420000000.0,11.38,-72.98
2.1e-05,1.4e-05,3e-13,3e-10,2e-10,0.0489,40700000000.0,2400000000.0,11.38,-73.03
2.1e-05,1.4e-05,3e-13,3.5e-10,5e-11,0.0489,38400000000.0,2290000000.0,11.52,-72.42
2.1e-05,1.4e-05,3e-13,3.5e-10,1.5e-10,0.0489,38400000000.0,2310000000.0,11.52,-72.46
2.1e-05,1.4e-05,3e-13,3.5e-10,2e-10,0.0489,38400000000.0,2290000000.0,11.52,-72.43
2.1e-05,1.4e-05,3e-13,3.5e-10,2.5e-10,0.0489,38400000000.0,2280000000.0,11.52,-72.44
2.1e-05,1.4e-05,3e-13,4.5e-10,5e-11,0.0489,35200000000.0,2150000000.0,11.69,-71.66
2.1e-05,1.4e-05,3e-13,4.5e-10,1.5e-10,0.0489,35200000000.0,2140000000.0,11.69,-71.62
2.1e-05,1.4e-05,3e-13,4.5e-10,2e-10,0.0489,35200000000.0,2140000000.0,11.69,-71.63
2.1e-05,1.4e-05,3e-13,4.5e-10,2.5e-10,0.0489,35200000000.0,2130000000.0,11.69,-71.92
2.1e-05,1.4e-05,3e-13,5e-10,1e-10,0.0489,34000000000.0,2100000000.0,11.74,-71.36
2.1e-05,1.4e-05,3e-13,5e-10,5e-11,0.0489,34000000000.0,2090000000.0,11.74,-71.39
2.1e-05,1.4e-05,3e-13,5e-10,2e-10,0.0489,34000000000.0,2100000000.0,11.74,-71.59
2.1e-05,1.4e-05,4e-13,4e-10,1e-10,0.0489,36700000000.0,2200000000.0,11.62,-71.99
2.1e-05,1.4e-05,4e-13,4e-10,5e-11,0.0489,36700000000.0,2210000000.0,11.62,-72.07
2.1e-05,1.4e-05,4e-13,4e-10,1.5e-10,0.0489,36700000000.0,2200000000.0,11.62,-72.04
2.1e-05,1.4e-05,4e-13,4e-10,2e-10,0.0489,36700000000.0,2210000000.0,11.62,-72.02
2.1e-05,1.4e-05,4e-13,3e-10,1e-10,0.0489,40700000000.0,2410000000.0,11.38,-73.1
2.1e-05,1.4e-05,4e-13,3e-10,5e-11,0.0489,40700000000.0,2410000000.0,11.38,-72.99
2.1e-05,1.4e-05,4e-13,3e-10,1.5e-10,0.0489,40700000000.0,2410000000.0,11.38,-73.07
2.1e-05,1.4e-05,4e-13,3e-10,2e-10,0.0489,40700000000.0,2400000000.0,11.38,-73.04
2.1e-05,1.4e-05,4e-13,3e-10,2.5e-10,0.0489,40700000000.0,2420000000.0,11.38,-73.09
2.1e-05,1.4e-05,4e-13,3.5e-10,1e-10,0.0489,38400000000.0,2300000000.0,11.52,-72.51
2.1e-05,1.4e-05,4e-13,3.5e-10,5e-11,0.0489,38400000000.0,2290000000.0,11.52,-72.51
2.1e-05,1.4e-05,4e-13,3.5e-10,2e-10,0.0489,38400000000.0,2290000000.0,11.52,-72.45
2.1e-05,1.4e-05,4e-13,4.5e-10,5e-11,0.0489,35200000000.0,2140000000.0,11.69,-71.47
2.1e-05,1.4e-05,4e-13,4.5e-10,1.5e-10,0.0489,35200000000.0,2150000000.0,11.69,-71.7
2.1e-05,1.4e-05,4e-13,4.5e-10,2e-10,0.0489,35200000000.0,2140000000.0,11.69,-71.61
2.1e-05,1.4e-05,4e-13,5e-10,1e-10,0.0489,34000000000.0,2090000000.0,11.74,-71.29
2.1e-05,1.4e-05,4e-13,5e-10,5e-11,0.0489,34000000000.0,2090000000.0,11.74,-71.4
2.1e-05,1.4e-05,4e-13,5e-10,2e-10,0.0489,34000000000.0,2080000000.0,11.74,-71.38
2.1e-05,1.4e-05,4e-13,5e-10,2.5e-10,0.0489,34000000000.0,2100000000.0,11.74,-71.34
2.1e-05,1.4e-05,6e-13,4e-10,1e-10,0.0489,36700000000.0,2210000000.0,11.62,-72.42
2.1e-05,1.4e-05,6e-13,4e-10,5e-11,0.0489,36700000000.0,2210000000.0,11.62,-72.03
2.1e-05,1.4e-05,6e-13,4e-10,2e-10,0.0489,36700000000.0,2210000000.0,11.62,-72.01
2.1e-05,1.4e-05,6e-13,4e-10,2.5e-10,0.0489,36700000000.0,2200000000.0,11.62,-72.12
2.1e-05,1.4e-05,6e-13,3e-10,1e-10,0.0489,40700000000.0,2420000000.0,11.38,-73.06
2.1e-05,1.4e-05,6e-13,3e-10,5e-11,0.0489,40700000000.0,2400000000.0,11.38,-73.08
2.1e-05,1.4e-05,6e-13,3e-10,1.5e-10,0.0489,40700000000.0,2400000000.0,11.38,-73.17
2.1e-05,1.4e-05,6e-13,3e-10,2e-10,0.0489,40700000000.0,2410000000.0,11.38,-73.06
2.1e-05,1.4e-05,6e-13,3.5e-10,5e-11,0.0489,38400000000.0,2300000000.0,11.52,-72.42
2.1e-05,1.4e-05,6e-13,4.5e-10,1e-10,0.0489,35200000000.0,2140000000.0,11.69,-71.64
2.1e-05,1.4e-05,6e-13,5e-10,1e-10,0.0489,34000000000.0,2090000000.0,11.74,-71.38
2.1e-05,1.4e-05,6e-13,5e-10,5e-11,0.0489,34000000000.0,2090000000.0,11.74,-71.31
2.1e-05,1.4e-05,6e-13,5e-10,1.5e-10,0.0489,34000000000.0,2100000000.0,11.74,-71.28
2.1e-05,1.4e-05,6e-13,5e-10,2e-10,0.0489,34000000000.0,2080000000.0,11.74,-71.36
2.1e-05,1.4e-05,6e-13,5e-10,2.5e-10,0.0489,34000000000.0,2080000000.0,11.74,-71.47
2.1e-05,1.4e-05,7e-13,4e-10,5e-11,0.0489,36700000000.0,2220000000.0,11.62,-72.06
2.1e-05,1.4e-05,7e-13,3e-10,1e-10,0.0489,40700000000.0,2410000000.0,11.38,-73.09
2.1e-05,1.4e-05,7e-13,3e-10,1.5e-10,0.0489,40700000000.0,2410000000.0,11.38,-73.02
2.1e-05,1.4e-05,7e-13,3e-10,2e-10,0.0489,40700000000.0,2420000000.0,11.38,-73.08
2.1e-05,1.4e-05,7e-13,3e-10,2.5e-10,0.0489,40700000000.0,2400000000.0,11.38,-73.01
2.1e-05,1.4e-05,7e-13,3.5e-10,1e-10,0.0489,38400000000.0,2310000000.0,11.52,-72.47
2.1e-05,1.4e-05,7e-13,3.5e-10,5e-11,0.0489,38400000000.0,2290000000.0,11.52,-72.46
2.1e-05,1.4e-05,7e-13,3.5e-10,1.5e-10,0.0489,38400000000.0,2290000000.0,11.53,-72.22
2.1e-05,1.4e-05,7e-13,3.5e-10,2.5e-10,0.0489,38400000000.0,2300000000.0,11.52,-72.39
2.1e-05,1.4e-05,7e-13,4.5e-10,5e-11,0.0489,35200000000.0,2130000000.0,11.69,-71.9
2.1e-05,1.4e-05,7e-13,4.5e-10,2.5e-10,0.0489,35200000000.0,2140000000.0,11.69,-71.68
2.1e-05,1.4e-05,7e-13,5e-10,1e-10,0.0489,34000000000.0,2100000000.0,11.74,-71.29
2.1e-05,1.4e-05,7e-13,5e-10,1.5e-10,0.0489,34000000000.0,2080000000.0,11.74,-71.2
2.1e-05,1.4e-05,7e-13,5e-10,2.5e-10,0.0489,34000000000.0,2080000000.0,11.74,-71.23
2.1e-05,1.5e-05,5e-13,4e-10,1e-10,0.0489,36500000000.0,2220000000.0,11.57,-72.04
2.1e-05,1.5e-05,5e-13,4e-10,5e-11,0.0489,36500000000.0,2200000000.0,11.58,-71.96
2.1e-05,1.5e-05,5e-13,4e-10,1.5e-10,0.0489,36500000000.0,2200000000.0,11.58,-71.88
2.1e-05,1.5e-05,5e-13,4e-10,2e-10,0.0489,36500000000.0,2200000000.0,11.58,-71.98
2.1e-05,1.5e-05,5e-13,4e-10,2.5e-10,0.0489,36500000000.0,2210000000.0,11.57,-72.02
2.1e-05,1.5e-05,5e-13,3e-10,1e-10,0.0489,40400000000.0,2400000000.0,11.33,-73.01
2.1e-05,1.5e-05,5e-13,3e-10,5e-11,0.0489,40400000000.0,2400000000.0,11.33,-73.36
2.1e-05,1.5e-05,5e-13,3e-10,1.5e-10,0.0489,40400000000.0,2410000000.0,11.32,-73.08
2.1e-05,1.5e-05,5e-13,3e-10,2e-10,0.0489,40400000000.0,2400000000.0,11.33,-72.98
2.1e-05,1.5e-05,5e-13,3e-10,2.5e-10,0.0489,40400000000.0,2410000000.0,11.32,-72.99
2.1e-05,1.5e-05,5e-13,3.5e-10,1e-10,0.0489,38200000000.0,2280000000.0,11.47,-72.4
2.1e-05,1.5e-05,5e-13,3.5e-10,5e-11,0.0489,38200000000.0,2310000000.0,11.47,-72.39
2.1e-05,1.5e-05,5e-13,3.5e-10,1.5e-10,0.0489,38200000000.0,2290000000.0,11.47,-72.4
2.1e-05,1.5e-05,5e-13,3.5e-10,2e-10,0.0489,38200000000.0,2280000000.0,11.47,-72.39
2.1e-05,1.5e-05,5e-13,3.5e-10,2.5e-10,0.0489,38200000000.0,2280000000.0,11.47,-72.24
2.1e-05,1.5e-05,5e-13,4.5e-10,1e-10,0.0489,35000000000.0,2140000000.0,11.65,-71.6
2.1e-05,1.5e-05,5e-13,4.5e-10,5e-11,0.0489,35000000000.0,2140000000.0,11.65,-71.53
2.1e-05,1.5e-05,5e-13,4.5e-10,1.5e-10,0.0489,35000000000.0,2150000000.0,11.64,-71.69
2.1e-05,1.5e-05,5e-13,4.5e-10,2e-10,0.0489,35000000000.0,2150000000.0,11.64,-71.57
2.1e-05,1.5e-05,5e-13,4.5e-10,2.5e-10,0.0489,35000000000.0,2150000000.0,11.64,-71.41
2.1e-05,1.5e-05,5e-13,5e-10,1e-10,0.0489,33800000000.0,2100000000.0,11.7,-71.32
2.1e-05,1.5e-05,5e-13,5e-10,5e-11,0.0489,33800000000.0,2100000000.0,11.69,-71.91
2.1e-05,1.5e-05,5e-13,5e-10,1.5e-10,0.0489,33800000000.0,2110000000.0,11.7,-71.32
2.1e-05,1.5e-05,5e-13,5e-10,2e-10,0.0489,33800000000.0,2100000000.0,11.7,-71.27
2.1e-05,1.5e-05,5e-13,5e-10,2.5e-10,0.0489,33800000000.0,2100000000.0,11.7,-71.3
2.1e-05,1.5e-05,3e-13,4e-10,1e-10,0.0489,36500000000.0,2210000000.0,11.57,-71.95
2.1e-05,1.5e-05,3e-13,4e-10,5e-11,0.0489,36500000000.0,2210000000.0,11.57,-71.94
2.1e-05,1.5e-05,3e-13,4e-10,1.5e-10,0.0489,36500000000.0,2220000000.0,11.57,-71.99
2.1e-05,1.5e-05,3e-13,4e-10,2e-10,0.0489,36500000000.0,2220000000.0,11.57,-72.06
2.1e-05,1.5e-05,3e-13,4e-10,2.5e-10,0.0489,36500000000.0,2210000000.0,11.57,-72.03
2.1e-05,1.5e-05,3e-13,3e-10,1e-10,0.0489,40400000000.0,2420000000.0,11.32,-72.95
2.1e-05,1.5e-05,3e-13,3e-10,5e-11,0.0489,40400000000.0,2400000000.0,11.32,-72.92
2.1e-05,1.5e-05,3e-13,3e-10,1.5e-10,0.0489,40400000000.0,2400000000.0,11.33,-72.96
2.1e-05,1.5e-05,3e-13,3e-10,2e-10,0.0489,40400000000.0,2410000000.0,11.32,-72.16
2.1e-05,1.5e-05,3e-13,3e-10,2.5e-10,0.0489,40400000000.0,2410000000.0,11.32,-73.22
2.1e-05,1.5e-05,3e-13,3.5e-10,1e-10,0.0489,38200000000.0,2300000000.0,11.47,-72.46
2.1e-05,1.5e-05,3e-13,3.5e-10,5e-11,0.0489,38200000000.0,2310000000.0,11.47,-72.45
2.1e-05,1.5e-05,3e-13,3.5e-10,1.5e-10,0.0489,38200000000.0,2310000000.0,11.47,-73.14
2.1e-05,1.5e-05,3e-13,3.5e-10,2e-10,0.0489,38200000000.0,2310000000.0,11.47,-72.48
2.1e-05,1.5e-05,3e-13,3.5e-10,2.5e-10,0.0489,38200000000.0,2300000000.0,11.47,-72.36
2.1e-05,1.5e-05,3e-13,4.5e-10,1e-10,0.0489,35000000000.0,2150000000.0,11.64,-71.62
2.1e-05,1.5e-05,3e-13,4.5e-10,5e-11,0.0489,35000000000.0,2150000000.0,11.64,-71.76
2.1e-05,1.5e-05,3e-13,4.5e-10,1.5e-10,0.0489,35000000000.0,2150000000.0,11.64,-71.42
2.1e-05,1.5e-05,3e-13,4.5e-10,2e-10,0.0489,35000000000.0,2140000000.0,11.65,-71.64
2.1e-05,1.5e-05,3e-13,5e-10,1e-10,0.0489,33800000000.0,2110000000.0,11.7,-71.31
2.1e-05,1.5e-05,3e-13,5e-10,5e-11,0.0489,33800000000.0,2100000000.0,11.7,-71.29
2.1e-05,1.5e-05,3e-13,5e-10,1.5e-10,0.0489,33800000000.0,2090000000.0,11.7,-71.44
2.1e-05,1.5e-05,3e-13,5e-10,2e-10,0.0489,33800000000.0,2110000000.0,11.69,-71.25
2.1e-05,1.5e-05,3e-13,5e-10,2.5e-10,0.0489,33800000000.0,2100000000.0,11.69,-71.38
2.1e-05,1.5e-05,4e-13,4e-10,1e-10,0.0489,36500000000.0,2210000000.0,11.57,-72.04
2.1e-05,1.5e-05,4e-13,4e-10,1.5e-10,0.0489,36500000000.0,2220000000.0,11.57,-72.3
2.1e-05,1.5e-05,4e-13,4e-10,2e-10,0.0489,36500000000.0,2200000000.0,11.58,-72.13
2.1e-05,1.5e-05,4e-13,4e-10,2.5e-10,0.0489,36500000000.0,2210000000.0,11.57,-71.93
2.1e-05,1.5e-05,4e-13,3e-10,1e-10,0.0489,40400000000.0,2410000000.0,11.33,-72.96
2.1e-05,1.5e-05,4e-13,3e-10,5e-11,0.0489,40400000000.0,2400000000.0,11.33,-73.02
2.1e-05,1.5e-05,4e-13,3e-10,1.5e-10,0.0489,40400000000.0,2410000000.0,11.32,-72.84
2.1e-05,1.5e-05,4e-13,3e-10,2e-10,0.0489,40400000000.0,2400000000.0,11.33,-74.42
2.1e-05,1.5e-05,4e-13,3e-10,2.5e-10,0.0489,40400000000.0,2420000000.0,11.32,-72.94
2.1e-05,1.5e-05,4e-13,3.5e-10,1e-10,0.0489,38200000000.0,2300000000.0,11.47,-72.44
2.1e-05,1.5e-05,4e-13,3.5e-10,5e-11,0.0489,38200000000.0,2300000000.0,11.47,-72.93
2.1e-05,1.5e-05,4e-13,3.5e-10,1.5e-10,0.0489,38200000000.0,2290000000.0,11.47,-72.41
2.1e-05,1.5e-05,4e-13,3.5e-10,2.5e-10,0.0489,38200000000.0,2280000000.0,11.47,-72.3
2.1e-05,1.5e-05,4e-13,4.5e-10,1e-10,0.0489,35000000000.0,2150000000.0,11.64,-71.59
2.1e-05,1.5e-05,4e-13,4.5e-10,5e-11,0.0489,35000000000.0,2150000000.0,11.64,-71.68
2.1e-05,1.5e-05,4e-13,4.5e-10,2e-10,0.0489,35000000000.0,2140000000.0,11.64,-71.66
2.1e-05,1.5e-05,4e-13,4.5e-10,2.5e-10,0.0489,35000000000.0,2140000000.0,11.65,-71.66
2.1e-05,1.5e-05,4e-13,5e-10,1e-10,0.0489,33800000000.0,2110000000.0,11.7,-71.25
2.1e-05,1.5e-05,4e-13,5e-10,1.5e-10,0.0489,33800000000.0,2100000000.0,11.7,-71.37
2.1e-05,1.5e-05,4e-13,5e-10,2e-10,0.0489,33800000000.0,2100000000.0,11.69,-71.36
2.1e-05,1.5e-05,6e-13,4e-10,1e-10,0.0489,36500000000.0,2220000000.0,11.57,-72.03
2.1e-05,1.5e-05,6e-13,4e-10,2e-10,0.0489,36500000000.0,2210000000.0,11.57,-71.89
2.1e-05,1.5e-05,6e-13,4e-10,2.5e-10,0.0489,36500000000.0,2210000000.0,11.57,-72.0
2.1e-05,1.5e-05,6e-13,3e-10,1e-10,0.0489,40400000000.0,2420000000.0,11.32,-72.96
2.1e-05,1.5e-05,6e-13,3e-10,5e-11,0.0489,40400000000.0,2410000000.0,11.32,-72.92
2.1e-05,1.5e-05,6e-13,3e-10,1.5e-10,0.0489,40400000000.0,2410000000.0,11.32,-72.96
2.1e-05,1.5e-05,6e-13,3e-10,2.5e-10,0.0489,40400000000.0,2400000000.0,11.33,-72.74
2.1e-05,1.5e-05,6e-13,3.5e-10,1e-10,0.0489,38200000000.0,2290000000.0,11.47,-72.18
2.1e-05,1.5e-05,6e-13,3.5e-10,5e-11,0.0489,38200000000.0,2290000000.0,11.47,-72.42
2.1e-05,1.5e-05,6e-13,3.5e-10,1.5e-10,0.0489,38200000000.0,2300000000.0,11.47,-72.41
2.1e-05,1.5e-05,6e-13,3.5e-10,2e-10,0.0489,38200000000.0,2310000000.0,11.47,-72.49
2.1e-05,1.5e-05,6e-13,4.5e-10,1e-10,0.0489,35000000000.0,2150000000.0,11.64,-71.63
2.1e-05,1.5e-05,6e-13,4.5e-10,5e-11,0.0489,35000000000.0,2130000000.0,11.65,-71.72
2.1e-05,1.5e-05,6e-13,4.5e-10,1.5e-10,0.0489,35000000000.0,2160000000.0,11.64,-71.65
2.1e-05,1.5e-05,6e-13,4.5e-10,2e-10,0.0489,35000000000.0,2130000000.0,11.65,-71.55
2.1e-05,1.5e-05,6e-13,4.5e-10,2.5e-10,0.0489,35000000000.0,2160000000.0,11.64,-71.53
2.1e-05,1.5e-05,6e-13,5e-10,5e-11,0.0489,33800000000.0,2100000000.0,11.69,-71.35
2.1e-05,1.5e-05,6e-13,5e-10,2e-10,0.0489,33800000000.0,2100000000.0,11.7,-71.25
2.1e-05,1.5e-05,6e-13,5e-10,2.5e-10,0.0489,33800000000.0,2100000000.0,11.69,-71.94
2.1e-05,1.5e-05,7e-13,4e-10,1e-10,0.0489,36500000000.0,2220000000.0,11.57,-71.97
2.1e-05,1.5e-05,7e-13,4e-10,5e-11,0.0489,36500000000.0,2200000000.0,11.58,-71.84
2.1e-05,1.5e-05,7e-13,4e-10,1.5e-10,0.0489,36500000000.0,2200000000.0,11.58,-71.78
2.1e-05,1.5e-05,7e-13,4e-10,2e-10,0.0489,36500000000.0,2220000000.0,11.57,-72.0
2.1e-05,1.5e-05,7e-13,3e-10,1e-10,0.0489,40400000000.0,2410000000.0,11.32,-72.85
2.1e-05,1.5e-05,7e-13,3e-10,5e-11,0.0489,40400000000.0,2410000000.0,11.32,-72.83
2.1e-05,1.5e-05,7e-13,3e-10,1.5e-10,0.0489,40400000000.0,2410000000.0,11.32,-72.9
2.1e-05,1.5e-05,7e-13,3e-10,2e-10,0.0489,40400000000.0,2400000000.0,11.33,-72.92
2.1e-05,1.5e-05,7e-13,3.5e-10,1e-10,0.0489,38200000000.0,2300000000.0,11.47,-72.48
2.1e-05,1.5e-05,7e-13,3.5e-10,5e-11,0.0489,38200000000.0,2290000000.0,11.47,-72.73
2.1e-05,1.5e-05,7e-13,3.5e-10,1.5e-10,0.0489,38200000000.0,2290000000.0,11.47,-72.39
2.1e-05,1.5e-05,7e-13,3.5e-10,2.5e-10,0.0489,38200000000.0,2300000000.0,11.47,-72.9
2.1e-05,1.5e-05,7e-13,5e-10,1e-10,0.0489,33800000000.0,2100000000.0,11.7,-71.36
2.1e-05,1.5e-05,7e-13,5e-10,2e-10,0.0489,33800000000.0,2100000000.0,11.7,-71.42
2.1e-05,1.6e-05,5e-13,4e-10,1e-10,0.0489,36300000000.0,2210000000.0,11.52,-72.63
2.1e-05,1.6e-05,5e-13,4e-10,5e-11,0.0489,36300000000.0,2210000000.0,11.52,-71.97
2.1e-05,1.6e-05,5e-13,4e-10,1.5e-10,0.0489,36300000000.0,2200000000.0,11.52,-71.97
2.1e-05,1.6e-05,5e-13,4e-10,2e-10,0.0489,36300000000.0,2200000000.0,11.52,-71.91
2.1e-05,1.6e-05,5e-13,3e-10,1e-10,0.0489,40200000000.0,2400000000.0,11.26,-72.93
2.1e-05,1.6e-05,5e-13,3e-10,5e-11,0.0489,40200000000.0,2400000000.0,11.26,-72.9
2.1e-05,1.6e-05,5e-13,3e-10,1.5e-10,0.0489,40200000000.0,2390000000.0,11.27,-72.88
2.1e-05,1.6e-05,5e-13,3e-10,2e-10,0.0489,40200000000.0,2400000000.0,11.26,-72.91
2.1e-05,1.6e-05,5e-13,3e-10,2.5e-10,0.0489,40200000000.0,2400000000.0,11.26,-72.84
2.1e-05,1.6e-05,5e-13,3.5e-10,1e-10,0.0489,38000000000.0,2280000000.0,11.42,-72.39
2.1e-05,1.6e-05,5e-13,3.5e-10,5e-11,0.0489,38000000000.0,2290000000.0,11.42,-72.43
2.1e-05,1.6e-05,5e-13,3.5e-10,1.5e-10,0.0489,38000000000.0,2290000000.0,11.42,-72.3
2.1e-05,1.6e-05,5e-13,3.5e-10,2e-10,0.0489,38000000000.0,2280000000.0,11.42,-72.41
2.1e-05,1.6e-05,5e-13,3.5e-10,2.5e-10,0.0489,38000000000.0,2290000000.0,11.42,-72.25
2.1e-05,1.6e-05,5e-13,4.5e-10,1e-10,0.0489,34800000000.0,2130000000.0,11.6,-71.57
2.1e-05,1.6e-05,5e-13,4.5e-10,5e-11,0.0489,34800000000.0,2140000000.0,11.6,-71.64
2.1e-05,1.6e-05,5e-13,4.5e-10,1.5e-10,0.0489,34800000000.0,2140000000.0,11.6,-71.35
2.1e-05,1.6e-05,5e-13,4.5e-10,2e-10,0.0489,34800000000.0,2150000000.0,11.59,-71.47
2.1e-05,1.6e-05,5e-13,4.5e-10,2.5e-10,0.0489,34800000000.0,2130000000.0,11.6,-71.76
2.1e-05,1.6e-05,5e-13,5e-10,1e-10,0.0489,33600000000.0,2090000000.0,11.65,-71.3
2.1e-05,1.6e-05,5e-13,5e-10,5e-11,0.0489,33700000000.0,2100000000.0,11.65,-71.37
2.1e-05,1.6e-05,5e-13,5e-10,1.5e-10,0.0489,33700000000.0,2090000000.0,11.65,-71.27
2.1e-05,1.6e-05,5e-13,5e-10,2.5e-10,0.0489,33600000000.0,2090000000.0,11.65,-71.29
2.1e-05,1.6e-05,3e-13,4e-10,5e-11,0.0489,36300000000.0,2190000000.0,11.52,-71.9
2.1e-05,1.6e-05,3e-13,4e-10,1.5e-10,0.0489,36300000000.0,2200000000.0,11.52,-71.94
2.1e-05,1.6e-05,3e-13,4e-10,2e-10,0.0489,36300000000.0,2210000000.0,11.52,-71.89
2.1e-05,1.6e-05,3e-13,3e-10,1e-10,0.0489,40300000000.0,2390000000.0,11.27,-72.89
2.1e-05,1.6e-05,3e-13,3e-10,1.5e-10,0.0489,40300000000.0,2400000000.0,11.27,-72.9
2.1e-05,1.6e-05,3e-13,3e-10,2e-10,0.0489,40300000000.0,2400000000.0,11.26,-72.96
2.1e-05,1.6e-05,3e-13,3e-10,2.5e-10,0.0489,40300000000.0,2400000000.0,11.26,-72.73
2.1e-05,1.6e-05,3e-13,3.5e-10,1e-10,0.0489,38000000000.0,2280000000.0,11.42,-72.26
2.1e-05,1.6e-05,3e-13,3.5e-10,5e-11,0.0489,38000000000.0,2290000000.0,11.42,-72.39
2.1e-05,1.6e-05,3e-13,3.5e-10,1.5e-10,0.0489,38000000000.0,2290000000.0,11.42,-72.41
2.1e-05,1.6e-05,3e-13,3.5e-10,2e-10,0.0489,38000000000.0,2300000000.0,11.42,-72.39
2.1e-05,1.6e-05,3e-13,3.5e-10,2.5e-10,0.0489,38000000000.0,2280000000.0,11.42,-72.55
2.1e-05,1.6e-05,3e-13,4.5e-10,1e-10,0.0489,34800000000.0,2130000000.0,11.6,-71.68
2.1e-05,1.6e-05,3e-13,4.5e-10,5e-11,0.0489,34800000000.0,2130000000.0,11.6,-71.65
2.1e-05,1.6e-05,3e-13,4.5e-10,1.5e-10,0.0489,34800000000.0,2130000000.0,11.6,-71.77
2.1e-05,1.6e-05,3e-13,4.5e-10,2e-10,0.0489,34800000000.0,2140000000.0,11.59,-71.65
2.1e-05,1.6e-05,3e-13,4.5e-10,2.5e-10,0.0489,34800000000.0,2150000000.0,11.6,-71.54
2.1e-05,1.6e-05,3e-13,5e-10,5e-11,0.0489,33700000000.0,2080000000.0,11.65,-71.27
2.1e-05,1.6e-05,3e-13,5e-10,2e-10,0.0489,33700000000.0,2090000000.0,11.65,-71.35
2.1e-05,1.6e-05,3e-13,5e-10,2.5e-10,0.0489,33700000000.0,2090000000.0,11.65,-71.29
2.1e-05,1.6e-05,4e-13,4e-10,1e-10,0.0489,36300000000.0,2190000000.0,11.52,-71.93
2.1e-05,1.6e-05,4e-13,4e-10,5e-11,0.0489,36300000000.0,2190000000.0,11.52,-71.88
2.1e-05,1.6e-05,4e-13,4e-10,1.5e-10,0.0489,36300000000.0,2210000000.0,11.52,-72.0
2.1e-05,1.6e-05,4e-13,3e-10,5e-11,0.0489,40200000000.0,2390000000.0,11.26,-73.14
2.1e-05,1.6e-05,4e-13,3e-10,1.5e-10,0.0489,40300000000.0,2400000000.0,11.26,-72.81
2.1e-05,1.6e-05,4e-13,3e-10,2e-10,0.0489,40300000000.0,2410000000.0,11.26,-72.89
2.1e-05,1.6e-05,4e-13,3e-10,2.5e-10,0.0489,40300000000.0,2400000000.0,11.26,-72.9
2.1e-05,1.6e-05,4e-13,3.5e-10,1e-10,0.0489,38000000000.0,2280000000.0,11.42,-72.35
2.1e-05,1.6e-05,4e-13,3.5e-10,1.5e-10,0.0489,38000000000.0,2290000000.0,11.42,-72.35
2.1e-05,1.6e-05,4e-13,3.5e-10,2e-10,0.0489,38000000000.0,2300000000.0,11.42,-72.3
2.1e-05,1.6e-05,4e-13,4.5e-10,1e-10,0.0489,34800000000.0,2130000000.0,11.6,-71.62
2.1e-05,1.6e-05,4e-13,4.5e-10,1.5e-10,0.0489,34800000000.0,2130000000.0,11.6,-71.58
2.1e-05,1.6e-05,4e-13,4.5e-10,2e-10,0.0489,34800000000.0,2150000000.0,11.59,-71.67
2.1e-05,1.6e-05,4e-13,5e-10,1e-10,0.0489,33700000000.0,2090000000.0,11.65,-71.3
2.1e-05,1.6e-05,4e-13,5e-10,5e-11,0.0489,33700000000.0,2100000000.0,11.65,-71.22
2.1e-05,1.6e-05,4e-13,5e-10,1.5e-10,0.0489,33700000000.0,2100000000.0,11.65,-71.36
2.1e-05,1.6e-05,4e-13,5e-10,2e-10,0.0489,33600000000.0,2100000000.0,11.65,-71.24
2.1e-05,1.6e-05,4e-13,5e-10,2.5e-10,0.0489,33700000000.0,2090000000.0,11.65,-71.25
2.1e-05,1.6e-05,6e-13,4e-10,5e-11,0.0489,36300000000.0,2190000000.0,11.52,-71.75
2.1e-05,1.6e-05,6e-13,4e-10,2e-10,0.0489,36300000000.0,2190000000.0,11.52,-72.0
2.1e-05,1.6e-05,6e-13,3e-10,1e-10,0.0489,40200000000.0,2390000000.0,11.26,-73.13
2.1e-05,1.6e-05,6e-13,3e-10,5e-11,0.0489,40200000000.0,2390000000.0,11.27,-72.91
2.1e-05,1.6e-05,6e-13,3e-10,1.5e-10,0.0489,40200000000.0,2390000000.0,11.26,-73.58
2.1e-05,1.6e-05,6e-13,3e-10,2e-10,0.0489,40200000000.0,2390000000.0,11.27,-72.86
2.1e-05,1.6e-05,6e-13,3e-10,2.5e-10,0.0489,40200000000.0,2410000000.0,11.26,-72.87
2.1e-05,1.6e-05,6e-13,3.5e-10,1e-10,0.0489,38000000000.0,2280000000.0,11.42,-72.42
2.1e-05,1.6e-05,6e-13,3.5e-10,5e-11,0.0489,38000000000.0,2290000000.0,11.42,-72.36
2.1e-05,1.6e-05,6e-13,3.5e-10,1.5e-10,0.0489,38000000000.0,2280000000.0,11.42,-72.36
2.1e-05,1.6e-05,6e-13,3.5e-10,2e-10,0.0489,38000000000.0,2290000000.0,11.42,-72.38
2.1e-05,1.6e-05,6e-13,4.5e-10,5e-11,0.0489,34800000000.0,2130000000.0,11.6,-71.56
2.1e-05,1.6e-05,6e-13,4.5e-10,1.5e-10,0.0489,34800000000.0,2130000000.0,11.6,-71.55
2.1e-05,1.6e-05,6e-13,5e-10,1e-10,0.0489,33600000000.0,2090000000.0,11.65,-71.37
2.1e-05,1.6e-05,6e-13,5e-10,5e-11,0.0489,33600000000.0,2080000000.0,11.66,-71.27
2.1e-05,1.6e-05,6e-13,5e-10,1.5e-10,0.0489,33600000000.0,2090000000.0,11.65,-71.27
2.1e-05,1.6e-05,6e-13,5e-10,2.5e-10,0.0489,33600000000.0,2090000000.0,11.65,-71.13
2.1e-05,1.6e-05,7e-13,4e-10,1e-10,0.0489,36300000000.0,2200000000.0,11.52,-71.92
2.1e-05,1.6e-05,7e-13,4e-10,5e-11,0.0489,36300000000.0,2210000000.0,11.52,-72.11
2.1e-05,1.6e-05,7e-13,4e-10,2e-10,0.0489,36300000000.0,2210000000.0,11.52,-72.1
2.1e-05,1.6e-05,7e-13,4e-10,2.5e-10,0.0489,36300000000.0,2190000000.0,11.53,-71.9
2.1e-05,1.6e-05,7e-13,3e-10,1e-10,0.0489,40200000000.0,2390000000.0,11.27,-72.98
2.1e-05,1.6e-05,7e-13,3e-10,5e-11,0.0489,40200000000.0,2390000000.0,11.26,-72.75
2.1e-05,1.6e-05,7e-13,3e-10,1.5e-10,0.0489,40200000000.0,2410000000.0,11.26,-72.92
2.1e-05,1.6e-05,7e-13,3e-10,2.5e-10,0.0489,40200000000.0,2400000000.0,11.27,-72.98
2.1e-05,1.6e-05,7e-13,3.5e-10,1e-10,0.0489,38000000000.0,2290000000.0,11.42,-72.34
2.1e-05,1.6e-05,7e-13,3.5e-10,2.5e-10,0.0489,38000000000.0,2280000000.0,11.42,-72.24
2.1e-05,1.6e-05,7e-13,4.5e-10,1e-10,0.0489,34800000000.0,2130000000.0,11.6,-71.64
2.1e-05,1.6e-05,7e-13,4.5e-10,5e-11,0.0489,34800000000.0,2130000000.0,11.6,-71.6
2.1e-05,1.6e-05,7e-13,4.5e-10,1.5e-10,0.0489,34800000000.0,2140000000.0,11.6,-71.56
2.1e-05,1.6e-05,7e-13,4.5e-10,2e-10,0.0489,34800000000.0,2130000000.0,11.6,-71.69
2.1e-05,1.6e-05,7e-13,4.5e-10,2.5e-10,0.0489,34800000000.0,2140000000.0,11.6,-71.61
2.1e-05,1.6e-05,7e-13,5e-10,1e-10,0.0489,33600000000.0,2090000000.0,11.65,-71.43
2.1e-05,1.6e-05,7e-13,5e-10,1.5e-10,0.0489,33600000000.0,2080000000.0,11.66,-71.43
2.1e-05,1.6e-05,7e-13,5e-10,2e-10,0.0489,33600000000.0,2090000000.0,11.65,-71.31
2.1e-05,1.6e-05,7e-13,5e-10,2.5e-10,0.0489,33600000000.0,2090000000.0,11.65,-71.35
2.1e-05,1.7e-05,5e-13,4e-10,1e-10,0.0489,36100000000.0,2170000000.0,11.47,-71.86
2.1e-05,1.7e-05,5e-13,4e-10,5e-11,0.0489,36100000000.0,2170000000.0,11.47,-71.91
2.1e-05,1.7e-05,5e-13,4e-10,1.5e-10,0.0489,36100000000.0,2160000000.0,11.47,-71.74
2.1e-05,1.7e-05,5e-13,4e-10,2e-10,0.0489,36100000000.0,2170000000.0,11.47,-71.88
2.1e-05,1.7e-05,5e-13,4e-10,2.5e-10,0.0489,36100000000.0,2160000000.0,11.47,-72.37
2.1e-05,1.7e-05,5e-13,3e-10,1e-10,0.0489,40100000000.0,2360000000.0,11.2,-72.86
2.1e-05,1.7e-05,5e-13,3e-10,5e-11,0.0489,40100000000.0,2370000000.0,11.2,-72.83
2.1e-05,1.7e-05,5e-13,3e-10,1.5e-10,0.0489,40100000000.0,2350000000.0,11.2,-72.81
2.1e-05,1.7e-05,5e-13,3e-10,2e-10,0.0489,40100000000.0,2370000000.0,11.2,-72.73
2.1e-05,1.7e-05,5e-13,3e-10,2.5e-10,0.0489,40100000000.0,2350000000.0,11.2,-72.5
2.1e-05,1.7e-05,5e-13,3.5e-10,1e-10,0.0489,37900000000.0,2250000000.0,11.36,-72.47
2.1e-05,1.7e-05,5e-13,3.5e-10,5e-11,0.0489,37900000000.0,2260000000.0,11.36,-72.37
2.1e-05,1.7e-05,5e-13,3.5e-10,1.5e-10,0.0489,37900000000.0,2250000000.0,11.36,-72.24
2.1e-05,1.7e-05,5e-13,3.5e-10,2e-10,0.0489,37900000000.0,2260000000.0,11.36,-72.01
2.1e-05,1.7e-05,5e-13,4.5e-10,1e-10,0.0489,34700000000.0,2110000000.0,11.55,-71.65
2.1e-05,1.7e-05,5e-13,4.5e-10,5e-11,0.0489,34700000000.0,2100000000.0,11.55,-71.53
2.1e-05,1.7e-05,5e-13,4.5e-10,2e-10,0.0489,34700000000.0,2110000000.0,11.55,-71.64
2.1e-05,1.7e-05,5e-13,4.5e-10,2.5e-10,0.0489,34700000000.0,2110000000.0,11.55,-71.51
2.1e-05,1.7e-05,5e-13,5e-10,1e-10,0.0489,33500000000.0,2060000000.0,11.6,-71.29
2.1e-05,1.7e-05,5e-13,5e-10,5e-11,0.0489,33500000000.0,2070000000.0,11.6,-71.32
2.1e-05,1.7e-05,5e-13,5e-10,1.5e-10,0.0489,33500000000.0,2070000000.0,11.61,-71.25
2.1e-05,1.7e-05,3e-13,4e-10,1e-10,0.0489,36100000000.0,2180000000.0,11.47,-71.89
2.1e-05,1.7e-05,3e-13,4e-10,5e-11,0.0489,36100000000.0,2170000000.0,11.47,-71.96
2.1e-05,1.7e-05,3e-13,4e-10,1.5e-10,0.0489,36100000000.0,2180000000.0,11.47,-71.57
2.1e-05,1.7e-05,3e-13,4e-10,2e-10,0.0489,36100000000.0,2180000000.0,11.47,-71.92
2.1e-05,1.7e-05,3e-13,4e-10,2.5e-10,0.0489,36100000000.0,2170000000.0,11.47,-73.42
2.1e-05,1.7e-05,3e-13,3e-10,1e-10,0.0489,40100000000.0,2360000000.0,11.2,-73.46
2.1e-05,1.7e-05,3e-13,3e-10,5e-11,0.0489,40100000000.0,2360000000.0,11.2,-72.76
2.1e-05,1.7e-05,3e-13,3e-10,1.5e-10,0.0489,40100000000.0,2360000000.0,11.2,-72.87
2.1e-05,1.7e-05,3e-13,3e-10,2e-10,0.0489,40100000000.0,2360000000.0,11.2,-72.82
2.1e-05,1.7e-05,3e-13,3e-10,2.5e-10,0.0489,40100000000.0,2350000000.0,11.2,-72.78
2.1e-05,1.7e-05,3e-13,3.5e-10,5e-11,0.0489,37900000000.0,2250000000.0,11.36,-72.51
2.1e-05,1.7e-05,3e-13,3.5e-10,1.5e-10,0.0489,37900000000.0,2250000000.0,11.36,-72.29
2.1e-05,1.7e-05,3e-13,3.5e-10,2e-10,0.0489,37900000000.0,2250000000.0,11.36,-72.32
2.1e-05,1.7e-05,3e-13,3.5e-10,2.5e-10,0.0489,37900000000.0,2260000000.0,11.36,-72.28
2.1e-05,1.7e-05,3e-13,4.5e-10,1e-10,0.0489,34700000000.0,2120000000.0,11.54,-71.7
2.1e-05,1.7e-05,3e-13,4.5e-10,5e-11,0.0489,34700000000.0,2120000000.0,11.54,-71.56
2.1e-05,1.7e-05,3e-13,4.5e-10,1.5e-10,0.0489,34700000000.0,2110000000.0,11.54,-71.58
2.1e-05,1.7e-05,3e-13,4.5e-10,2e-10,0.0489,34700000000.0,2100000000.0,11.55,-71.5
2.1e-05,1.7e-05,3e-13,4.5e-10,2.5e-10,0.0489,34700000000.0,2120000000.0,11.55,-71.44
2.1e-05,1.7e-05,3e-13,5e-10,1e-10,0.0489,33500000000.0,2070000000.0,11.61,-71.31
2.1e-05,1.7e-05,3e-13,5e-10,5e-11,0.0489,33500000000.0,2070000000.0,11.61,-71.23
2.1e-05,1.7e-05,3e-13,5e-10,2e-10,0.0489,33500000000.0,2060000000.0,11.61,-71.32
2.1e-05,1.7e-05,3e-13,5e-10,2.5e-10,0.0489,33500000000.0,2070000000.0,11.6,-71.31
2.1e-05,1.7e-05,4e-13,4e-10,1e-10,0.0489,36100000000.0,2170000000.0,11.47,-71.85
2.1e-05,1.7e-05,4e-13,4e-10,5e-11,0.0489,36100000000.0,2170000000.0,11.47,-71.77
2.1e-05,1.7e-05,4e-13,4e-10,1.5e-10,0.0489,36100000000.0,2170000000.0,11.47,-71.94
2.1e-05,1.7e-05,4e-13,4e-10,2e-10,0.0489,36100000000.0,2180000000.0,11.47,-71.58
2.1e-05,1.7e-05,4e-13,4e-10,2.5e-10,0.0489,36100000000.0,2160000000.0,11.47,-71.76
2.1e-05,1.7e-05,4e-13,3e-10,1e-10,0.0489,40100000000.0,2350000000.0,11.2,-72.77
2.1e-05,1.7e-05,4e-13,3e-10,5e-11,0.0489,40100000000.0,2370000000.0,11.2,-72.84
2.1e-05,1.7e-05,4e-13,3e-10,1.5e-10,0.0489,40100000000.0,2360000000.0,11.2,-72.77
2.1e-05,1.7e-05,4e-13,3.5e-10,1e-10,0.0489,37900000000.0,2250000000.0,11.36,-72.17
2.1e-05,1.7e-05,4e-13,3.5e-10,5e-11,0.0489,37900000000.0,2250000000.0,11.36,-72.26
2.1e-05,1.7e-05,4e-13,3.5e-10,2e-10,0.0489,37900000000.0,2260000000.0,11.36,-72.98
2.1e-05,1.7e-05,4e-13,3.5e-10,2.5e-10,0.0489,37900000000.0,2260000000.0,11.36,-72.23
2.1e-05,1.7e-05,4e-13,4.5e-10,1e-10,0.0489,34700000000.0,2110000000.0,11.55,-71.67
2.1e-05,1.7e-05,4e-13,4.5e-10,1.5e-10,0.0489,34700000000.0,2120000000.0,11.54,-71.5
2.1e-05,1.7e-05,4e-13,4.5e-10,2e-10,0.0489,34700000000.0,2120000000.0,11.54,-71.52
2.1e-05,1.7e-05,4e-13,4.5e-10,2.5e-10,0.0489,34700000000.0,2100000000.0,11.55,-71.61
2.1e-05,1.7e-05,4e-13,5e-10,5e-11,0.0489,33500000000.0,2070000000.0,11.6,-71.29
2.1e-05,1.7e-05,4e-13,5e-10,2e-10,0.0489,33500000000.0,2060000000.0,11.61,-71.25
2.1e-05,1.7e-05,4e-13,5e-10,2.5e-10,0.0489,33500000000.0,2060000000.0,11.61,-71.3
2.1e-05,1.7e-05,6e-13,4e-10,1e-10,0.0489,36100000000.0,2180000000.0,11.47,-71.88
2.1e-05,1.7e-05,6e-13,4e-10,5e-11,0.0489,36100000000.0,2170000000.0,11.47,-71.81
2.1e-05,1.7e-05,6e-13,4e-10,2e-10,0.0489,36100000000.0,2160000000.0,11.47,-71.85
2.1e-05,1.7e-05,6e-13,4e-10,2.5e-10,0.0489,36100000000.0,2170000000.0,11.47,-71.64
2.1e-05,1.7e-05,6e-13,3e-10,1e-10,0.0489,40100000000.0,2360000000.0,11.2,-72.92
2.1e-05,1.7e-05,6e-13,3e-10,1.5e-10,0.0489,40100000000.0,2370000000.0,11.2,-72.79
2.1e-05,1.7e-05,6e-13,3e-10,2e-10,0.0489,40100000000.0,2360000000.0,11.2,-72.81
2.1e-05,1.7e-05,6e-13,3.5e-10,5e-11,0.0489,37900000000.0,2260000000.0,11.36,-72.36
2.1e-05,1.7e-05,6e-13,3.5e-10,1.5e-10,0.0489,37900000000.0,2260000000.0,11.36,-72.34
2.1e-05,1.7e-05,6e-13,4.5e-10,1e-10,0.0489,34700000000.0,2120000000.0,11.55,-71.57
2.1e-05,1.7e-05,6e-13,4.5e-10,5e-11,0.0489,34700000000.0,2110000000.0,11.55,-71.54
2.1e-05,1.7e-05,6e-13,4.5e-10,1.5e-10,0.0489,34700000000.0,2110000000.0,11.55,-71.56
2.1e-05,1.7e-05,6e-13,4.5e-10,2e-10,0.0489,34700000000.0,2100000000.0,11.55,-71.57
2.1e-05,1.7e-05,6e-13,5e-10,5e-11,0.0489,33500000000.0,2070000000.0,11.6,-71.28
2.1e-05,1.7e-05,6e-13,5e-10,1.5e-10,0.0489,33500000000.0,2070000000.0,11.6,-71.9
2.1e-05,1.7e-05,7e-13,4e-10,1e-10,0.0489,36100000000.0,2170000000.0,11.47,-71.9
2.1e-05,1.7e-05,7e-13,4e-10,5e-11,0.0489,36100000000.0,2180000000.0,11.47,-71.93
2.1e-05,1.7e-05,7e-13,4e-10,2e-10,0.0489,36100000000.0,2170000000.0,11.47,-71.83
2.1e-05,1.7e-05,7e-13,4e-10,2.5e-10,0.0489,36100000000.0,2170000000.0,11.47,-71.99
2.1e-05,1.7e-05,7e-13,3e-10,1.5e-10,0.0489,40100000000.0,2370000000.0,11.2,-72.74
2.1e-05,1.7e-05,7e-13,3.5e-10,1e-10,0.0489,37900000000.0,2250000000.0,11.36,-72.34
2.1e-05,1.7e-05,7e-13,3.5e-10,2e-10,0.0489,37900000000.0,2260000000.0,11.36,-72.27
2.1e-05,1.7e-05,7e-13,3.5e-10,2.5e-10,0.0489,37900000000.0,2260000000.0,11.36,-72.31
2.1e-05,1.7e-05,7e-13,4.5e-10,1e-10,0.0489,34700000000.0,2110000000.0,11.55,-71.58
2.1e-05,1.7e-05,7e-13,4.5e-10,5e-11,0.0489,34700000000.0,2120000000.0,11.55,-71.52
2.1e-05,1.7e-05,7e-13,4.5e-10,2e-10,0.0489,34700000000.0,2110000000.0,11.54,-71.59
2.1e-05,1.7e-05,7e-13,4.5e-10,2.5e-10,0.0489,34700000000.0,2110000000.0,11.55,-71.47
2.1e-05,1.7e-05,7e-13,5e-10,5e-11,0.0489,33500000000.0,2070000000.0,11.61,-71.29
2.1e-05,1.7e-05,7e-13,5e-10,1.5e-10,0.0489,33500000000.0,2060000000.0,11.6,-71.3
2.1e-05,1.8e-05,5e-13,4e-10,1e-10,0.0489,36000000000.0,2120000000.0,11.41,-71.8
2.1e-05,1.8e-05,5e-13,4e-10,5e-11,0.0489,36000000000.0,2120000000.0,11.41,-71.61
2.1e-05,1.8e-05,5e-13,4e-10,1.5e-10,0.0489,36000000000.0,2130000000.0,11.41,-71.87
2.1e-05,1.8e-05,5e-13,4e-10,2e-10,0.0489,36000000000.0,2130000000.0,11.41,-71.74
2.1e-05,1.8e-05,5e-13,4e-10,2.5e-10,0.0489,36000000000.0,2130000000.0,11.41,-72.27
2.1e-05,1.8e-05,5e-13,3e-10,1e-10,0.0489,39900000000.0,2310000000.0,11.12,-72.65
2.1e-05,1.8e-05,5e-13,3e-10,5e-11,0.0489,39900000000.0,2310000000.0,11.12,-72.68
2.1e-05,1.8e-05,5e-13,3e-10,1.5e-10,0.0489,40000000000.0,2310000000.0,11.12,-72.69
2.1e-05,1.8e-05,5e-13,3e-10,2e-10,0.0489,40000000000.0,2300000000.0,11.13,-72.74
2.1e-05,1.8e-05,5e-13,3e-10,2.5e-10,0.0489,40000000000.0,2320000000.0,11.12,-72.68
2.1e-05,1.8e-05,5e-13,3.5e-10,1e-10,0.0489,37700000000.0,2210000000.0,11.29,-72.22
2.1e-05,1.8e-05,5e-13,3.5e-10,5e-11,0.0489,37700000000.0,2200000000.0,11.29,-72.22
2.1e-05,1.8e-05,5e-13,3.5e-10,1.5e-10,0.0489,37700000000.0,2210000000.0,11.29,-72.23
2.1e-05,1.8e-05,5e-13,3.5e-10,2e-10,0.0489,37700000000.0,2210000000.0,11.29,-72.2
2.1e-05,1.8e-05,5e-13,4.5e-10,1e-10,0.0489,34500000000.0,2070000000.0,11.5,-71.31
2.1e-05,1.8e-05,5e-13,4.5e-10,5e-11,0.0489,34500000000.0,2070000000.0,11.49,-71.47
2.1e-05,1.8e-05,5e-13,4.5e-10,1.5e-10,0.0489,34500000000.0,2070000000.0,11.49,-71.61
2.1e-05,1.8e-05,5e-13,4.5e-10,2e-10,0.0489,34500000000.0,2070000000.0,11.49,-71.62
2.1e-05,1.8e-05,5e-13,4.5e-10,2.5e-10,0.0489,34500000000.0,2080000000.0,11.49,-71.52
2.1e-05,1.8e-05,5e-13,5e-10,1e-10,0.0489,33400000000.0,2020000000.0,11.56,-71.18
2.1e-05,1.8e-05,5e-13,5e-10,5e-11,0.0489,33400000000.0,2030000000.0,11.55,-71.23
2.1e-05,1.8e-05,5e-13,5e-10,1.5e-10,0.0489,33400000000.0,2020000000.0,11.56,-71.19
2.1e-05,1.8e-05,5e-13,5e-10,2e-10,0.0489,33400000000.0,2020000000.0,11.56,-71.21
2.1e-05,1.8e-05,5e-13,5e-10,2.5e-10,0.0489,33400000000.0,2040000000.0,11.55,-71.22
2.1e-05,1.8e-05,3e-13,4e-10,1e-10,0.0489,36000000000.0,2130000000.0,11.41,-71.72
2.1e-05,1.8e-05,3e-13,4e-10,1.5e-10,0.0489,36000000000.0,2130000000.0,11.41,-71.83
2.1e-05,1.8e-05,3e-13,4e-10,2e-10,0.0489,36000000000.0,2130000000.0,11.41,-71.8
2.1e-05,1.8e-05,3e-13,4e-10,2.5e-10,0.0489,36000000000.0,2130000000.0,11.41,-71.82
2.1e-05,1.8e-05,3e-13,3e-10,1e-10,0.0489,40000000000.0,2300000000.0,11.12,-72.65
2.1e-05,1.8e-05,3e-13,3e-10,1.5e-10,0.0489,40000000000.0,2300000000.0,11.13,-73.08
2.1e-05,1.8e-05,3e-13,3e-10,2e-10,0.0489,40000000000.0,2310000000.0,11.12,-70.82
2.1e-05,1.8e-05,3e-13,3e-10,2.5e-10,0.0489,40000000000.0,2300000000.0,11.13,-72.76
2.1e-05,1.8e-05,3e-13,3.5e-10,1e-10,0.0489,37700000000.0,2200000000.0,11.3,-72.65
2.1e-05,1.8e-05,3e-13,3.5e-10,5e-11,0.0489,37700000000.0,2200000000.0,11.3,-72.2
2.1e-05,1.8e-05,3e-13,3.5e-10,1.5e-10,0.0489,37700000000.0,2210000000.0,11.29,-72.21
2.1e-05,1.8e-05,3e-13,3.5e-10,2e-10,0.0489,37700000000.0,2200000000.0,11.29,-72.29
2.1e-05,1.8e-05,3e-13,3.5e-10,2.5e-10,0.0489,37700000000.0,2200000000.0,11.29,-72.17
2.1e-05,1.8e-05,3e-13,4.5e-10,1e-10,0.0489,34500000000.0,2070000000.0,11.5,-71.51
2.1e-05,1.8e-05,3e-13,4.5e-10,5e-11,0.0489,34500000000.0,2070000000.0,11.49,-71.51
2.1e-05,1.8e-05,3e-13,4.5e-10,1.5e-10,0.0489,34500000000.0,2070000000.0,11.49,-71.5
2.1e-05,1.8e-05,3e-13,4.5e-10,2e-10,0.0489,34500000000.0,2060000000.0,11.5,-71.47
2.1e-05,1.8e-05,3e-13,4.5e-10,2.5e-10,0.0489,34500000000.0,2060000000.0,11.5,-71.45
2.1e-05,1.8e-05,3e-13,5e-10,1e-10,0.0489,33400000000.0,2020000000.0,11.56,-71.25
2.1e-05,1.8e-05,3e-13,5e-10,5e-11,0.0489,33400000000.0,2020000000.0,11.56,-71.22
2.1e-05,1.8e-05,3e-13,5e-10,1.5e-10,0.0489,33400000000.0,2020000000.0,11.56,-70.96
2.1e-05,1.8e-05,3e-13,5e-10,2e-10,0.0489,33400000000.0,2020000000.0,11.56,-71.37
2.1e-05,1.8e-05,3e-13,5e-10,2.5e-10,0.0489,33400000000.0,2010000000.0,11.56,-71.19
2.1e-05,1.8e-05,4e-13,4e-10,1e-10,0.0489,36000000000.0,2130000000.0,11.41,-72.0
2.1e-05,1.8e-05,4e-13,4e-10,5e-11,0.0489,36000000000.0,2120000000.0,11.41,-71.78
2.1e-05,1.8e-05,4e-13,4e-10,1.5e-10,0.0489,36000000000.0,2120000000.0,11.41,-71.74
2.1e-05,1.8e-05,4e-13,3e-10,1e-10,0.0489,40000000000.0,2300000000.0,11.13,-72.64
2.1e-05,1.8e-05,4e-13,3e-10,5e-11,0.0489,40000000000.0,2300000000.0,11.13,-72.68
2.1e-05,1.8e-05,4e-13,3e-10,1.5e-10,0.0489,40000000000.0,2300000000.0,11.13,-72.67
2.1e-05,1.8e-05,4e-13,3e-10,2.5e-10,0.0489,40000000000.0,2310000000.0,11.13,-72.41
2.1e-05,1.8e-05,4e-13,3.5e-10,1.5e-10,0.0489,37700000000.0,2200000000.0,11.3,-72.66
2.1e-05,1.8e-05,4e-13,3.5e-10,2.5e-10,0.0489,37700000000.0,2210000000.0,11.29,-72.17
2.1e-05,1.8e-05,4e-13,4.5e-10,1e-10,0.0489,34500000000.0,2070000000.0,11.5,-71.41
2.1e-05,1.8e-05,4e-13,4.5e-10,5e-11,0.0489,34500000000.0,2070000000.0,11.49,-71.49
2.1e-05,1.8e-05,4e-13,4.5e-10,2e-10,0.0489,34500000000.0,2060000000.0,11.5,-71.5
2.1e-05,1.8e-05,4e-13,4.5e-10,2.5e-10,0.0489,34500000000.0,2070000000.0,11.49,-71.23
2.1e-05,1.8e-05,4e-13,5e-10,1e-10,0.0489,33400000000.0,2040000000.0,11.55,-71.21
2.1e-05,1.8e-05,4e-13,5e-10,2e-10,0.0489,33400000000.0,2020000000.0,11.56,-70.95
2.1e-05,1.8e-05,4e-13,5e-10,2.5e-10,0.0489,33400000000.0,2020000000.0,11.56,-71.14
2.1e-05,1.8e-05,6e-13,4e-10,1e-10,0.0489,36000000000.0,2120000000.0,11.41,-71.76
2.1e-05,1.8e-05,6e-13,4e-10,5e-11,0.0489,36000000000.0,2140000000.0,11.41,-71.85
2.1e-05,1.8e-05,6e-13,4e-10,1.5e-10,0.0489,36000000000.0,2130000000.0,11.41,-71.88
2.1e-05,1.8e-05,6e-13,4e-10,2e-10,0.0489,36000000000.0,2140000000.0,11.41,-71.8
2.1e-05,1.8e-05,6e-13,4e-10,2.5e-10,0.0489,36000000000.0,2140000000.0,11.41,-71.82
2.1e-05,1.8e-05,6e-13,3e-10,1e-10,0.0489,39900000000.0,2300000000.0,11.13,-72.75
2.1e-05,1.8e-05,6e-13,3e-10,5e-11,0.0489,39900000000.0,2300000000.0,11.13,-72.84
2.1e-05,1.8e-05,6e-13,3e-10,1.5e-10,0.0489,39900000000.0,2310000000.0,11.13,-72.59
2.1e-05,1.8e-05,6e-13,3e-10,2e-10,0.0489,39900000000.0,2310000000.0,11.13,-72.79
2.1e-05,1.8e-05,6e-13,3e-10,2.5e-10,0.0489,39900000000.0,2310000000.0,11.13,-72.75
2.1e-05,1.8e-05,6e-13,3.5e-10,1e-10,0.0489,37700000000.0,2200000000.0,11.3,-72.11
2.1e-05,1.8e-05,6e-13,3.5e-10,5e-11,0.0489,37700000000.0,2200000000.0,11.29,-72.78
2.1e-05,1.8e-05,6e-13,3.5e-10,1.5e-10,0.0489,37700000000.0,2210000000.0,11.29,-72.25
2.1e-05,1.8e-05,6e-13,4.5e-10,1e-10,0.0489,34500000000.0,2060000000.0,11.5,-72.14
2.1e-05,1.8e-05,6e-13,4.5e-10,1.5e-10,0.0489,34500000000.0,2070000000.0,11.5,-71.48
2.1e-05,1.8e-05,6e-13,4.5e-10,2.5e-10,0.0489,34500000000.0,2070000000.0,11.49,-71.55
2.1e-05,1.8e-05,6e-13,5e-10,1e-10,0.0489,33400000000.0,2040000000.0,11.55,-71.13
2.1e-05,1.8e-05,6e-13,5e-10,5e-11,0.0489,33400000000.0,2030000000.0,11.55,-71.24
2.1e-05,1.8e-05,6e-13,5e-10,2e-10,0.0489,33400000000.0,2010000000.0,11.56,-71.12
2.1e-05,1.8e-05,6e-13,5e-10,2.5e-10,0.0489,33400000000.0,2030000000.0,11.56,-71.23
2.1e-05,1.8e-05,7e-13,4e-10,5e-11,0.0489,36000000000.0,2140000000.0,11.41,-71.96
2.1e-05,1.8e-05,7e-13,4e-10,1.5e-10,0.0489,36000000000.0,2140000000.0,11.41,-71.84
2.1e-05,1.8e-05,7e-13,4e-10,2e-10,0.0489,36000000000.0,2130000000.0,11.41,-72.34
2.1e-05,1.8e-05,7e-13,4e-10,2.5e-10,0.0489,36000000000.0,2130000000.0,11.41,-71.78
2.1e-05,1.8e-05,7e-13,3e-10,1e-10,0.0489,39900000000.0,2310000000.0,11.13,-72.69
2.1e-05,1.8e-05,7e-13,3e-10,5e-11,0.0489,40000000000.0,2310000000.0,11.13,-72.76
2.1e-05,1.8e-05,7e-13,3e-10,1.5e-10,0.0489,39900000000.0,2320000000.0,11.12,-72.71
2.1e-05,1.8e-05,7e-13,3e-10,2e-10,0.0489,39900000000.0,2310000000.0,11.13,-72.67
2.1e-05,1.8e-05,7e-13,3.5e-10,1e-10,0.0489,37700000000.0,2200000000.0,11.3,-72.25
2.1e-05,1.8e-05,7e-13,3.5e-10,1.5e-10,0.0489,37700000000.0,2210000000.0,11.3,-71.88
2.1e-05,1.8e-05,7e-13,3.5e-10,2e-10,0.0489,37700000000.0,2200000000.0,11.3,-72.18
2.1e-05,1.8e-05,7e-13,4.5e-10,5e-11,0.0489,34500000000.0,2070000000.0,11.5,-71.56
2.1e-05,1.8e-05,7e-13,4.5e-10,2e-10,0.0489,34500000000.0,2080000000.0,11.49,-71.48
2.1e-05,1.8e-05,7e-13,4.5e-10,2.5e-10,0.0489,34500000000.0,2070000000.0,11.49,-71.26
2.1e-05,1.8e-05,7e-13,5e-10,1e-10,0.0489,33400000000.0,2040000000.0,11.55,-71.28
2.1e-05,1.8e-05,7e-13,5e-10,2e-10,0.0489,33400000000.0,2020000000.0,11.56,-71.23
2.1e-05,1.8e-05,7e-13,5e-10,2.5e-10,0.0489,33400000000.0,2030000000.0,11.55,-71.11
2.1e-05,1.9e-05,5e-13,4e-10,1e-10,0.0489,35900000000.0,2070000000.0,11.35,-71.8
2.1e-05,1.9e-05,5e-13,4e-10,5e-11,0.0489,35900000000.0,2060000000.0,11.35,-71.76
2.1e-05,1.9e-05,5e-13,4e-10,1.5e-10,0.0489,35900000000.0,2070000000.0,11.35,-71.73
2.1e-05,1.9e-05,5e-13,4e-10,2e-10,0.0489,35900000000.0,2080000000.0,11.35,-71.74
2.1e-05,1.9e-05,5e-13,4e-10,2.5e-10,0.0489,35900000000.0,2070000000.0,11.35,-71.74
2.1e-05,1.9e-05,5e-13,3e-10,1e-10,0.0489,39800000000.0,2230000000.0,11.05,-72.53
2.1e-05,1.9e-05,5e-13,3e-10,5e-11,0.0489,39800000000.0,2220000000.0,11.05,-72.59
2.1e-05,1.9e-05,5e-13,3e-10,1.5e-10,0.0489,39800000000.0,2220000000.0,11.05,-72.75
2.1e-05,1.9e-05,5e-13,3e-10,2e-10,0.0489,39800000000.0,2240000000.0,11.05,-72.56
2.1e-05,1.9e-05,5e-13,3e-10,2.5e-10,0.0489,39800000000.0,2220000000.0,11.05,-72.62
2.1e-05,1.9e-05,5e-13,3.5e-10,1e-10,0.0489,37600000000.0,2140000000.0,11.23,-72.04
2.1e-05,1.9e-05,5e-13,3.5e-10,5e-11,0.0489,37600000000.0,2130000000.0,11.23,-72.14
2.1e-05,1.9e-05,5e-13,3.5e-10,1.5e-10,0.0489,37600000000.0,2140000000.0,11.23,-72.1
2.1e-05,1.9e-05,5e-13,3.5e-10,2e-10,0.0489,37600000000.0,2140000000.0,11.23,-72.09
2.1e-05,1.9e-05,5e-13,4.5e-10,1e-10,0.0489,34400000000.0,2020000000.0,11.43,-71.43
2.1e-05,1.9e-05,5e-13,4.5e-10,5e-11,0.0489,34400000000.0,2030000000.0,11.43,-71.85
2.1e-05,1.9e-05,5e-13,4.5e-10,1.5e-10,0.0489,34400000000.0,2020000000.0,11.44,-71.45
2.1e-05,1.9e-05,5e-13,4.5e-10,2e-10,0.0489,34400000000.0,2010000000.0,11.44,-71.28
2.1e-05,1.9e-05,5e-13,4.5e-10,2.5e-10,0.0489,34400000000.0,2030000000.0,11.43,-71.44
2.1e-05,1.9e-05,5e-13,5e-10,1e-10,0.0489,33200000000.0,1970000000.0,11.5,-71.13
2.1e-05,1.9e-05,5e-13,5e-10,5e-11,0.0489,33200000000.0,1980000000.0,11.5,-71.1
2.1e-05,1.9e-05,5e-13,5e-10,1.5e-10,0.0489,33200000000.0,1980000000.0,11.5,-71.22
2.1e-05,1.9e-05,5e-13,5e-10,2e-10,0.0489,33200000000.0,1970000000.0,11.5,-71.14
2.1e-05,1.9e-05,5e-13,5e-10,2.5e-10,0.0489,33200000000.0,1990000000.0,11.5,-71.17
2.1e-05,1.9e-05,3e-13,4e-10,5e-11,0.0489,35900000000.0,2060000000.0,11.35,-71.7
2.1e-05,1.9e-05,3e-13,4e-10,1.5e-10,0.0489,35900000000.0,2080000000.0,11.35,-71.77
2.1e-05,1.9e-05,3e-13,4e-10,2e-10,0.0489,35900000000.0,2080000000.0,11.35,-72.37
2.1e-05,1.9e-05,3e-13,4e-10,2.5e-10,0.0489,35900000000.0,2070000000.0,11.35,-71.71
2.1e-05,1.9e-05,3e-13,3e-10,1e-10,0.0489,39800000000.0,2230000000.0,11.05,-72.44
2.1e-05,1.9e-05,3e-13,3e-10,5e-11,0.0489,39800000000.0,2240000000.0,11.05,-72.55
2.1e-05,1.9e-05,3e-13,3e-10,1.5e-10,0.0489,39800000000.0,2230000000.0,11.05,-72.49
2.1e-05,1.9e-05,3e-13,3e-10,2e-10,0.0489,39800000000.0,2230000000.0,11.05,-72.61
2.1e-05,1.9e-05,3e-13,3.5e-10,1e-10,0.0489,37600000000.0,2150000000.0,11.23,-72.66
2.1e-05,1.9e-05,3e-13,3.5e-10,5e-11,0.0489,37600000000.0,2130000000.0,11.23,-72.12
2.1e-05,1.9e-05,3e-13,3.5e-10,1.5e-10,0.0489,37600000000.0,2130000000.0,11.23,-72.13
2.1e-05,1.9e-05,3e-13,3.5e-10,2e-10,0.0489,37600000000.0,2130000000.0,11.23,-72.22
2.1e-05,1.9e-05,3e-13,3.5e-10,2.5e-10,0.0489,37600000000.0,2150000000.0,11.23,-72.12
2.1e-05,1.9e-05,3e-13,4.5e-10,1e-10,0.0489,34400000000.0,2020000000.0,11.44,-71.56
2.1e-05,1.9e-05,3e-13,4.5e-10,5e-11,0.0489,34400000000.0,2020000000.0,11.43,-71.41
2.1e-05,1.9e-05,3e-13,4.5e-10,1.5e-10,0.0489,34400000000.0,2020000000.0,11.43,-71.34
2.1e-05,1.9e-05,3e-13,4.5e-10,2e-10,0.0489,34400000000.0,2010000000.0,11.43,-71.47
2.1e-05,1.9e-05,3e-13,4.5e-10,2.5e-10,0.0489,34400000000.0,2020000000.0,11.43,-71.42
2.1e-05,1.9e-05,3e-13,5e-10,1e-10,0.0489,33200000000.0,1960000000.0,11.51,-71.14
2.1e-05,1.9e-05,3e-13,5e-10,5e-11,0.0489,33200000000.0,1970000000.0,11.5,-71.12
2.1e-05,1.9e-05,3e-13,5e-10,2e-10,0.0489,33200000000.0,1970000000.0,11.5,-71.17
2.1e-05,1.9e-05,3e-13,5e-10,2.5e-10,0.0489,33200000000.0,1970000000.0,11.5,-71.16
2.1e-05,1.9e-05,4e-13,4e-10,1e-10,0.0489,35900000000.0,2060000000.0,11.35,-71.75
2.1e-05,1.9e-05,4e-13,4e-10,5e-11,0.0489,35900000000.0,2070000000.0,11.35,-71.77
2.1e-05,1.9e-05,4e-13,4e-10,2e-10,0.0489,35900000000.0,2080000000.0,11.35,-71.76
2.1e-05,1.9e-05,4e-13,4e-10,2.5e-10,0.0489,35900000000.0,2070000000.0,11.35,-71.48
2.1e-05,1.9e-05,4e-13,3e-10,1e-10,0.0489,39800000000.0,2230000000.0,11.05,-72.75
2.1e-05,1.9e-05,4e-13,3e-10,1.5e-10,0.0489,39800000000.0,2230000000.0,11.05,-72.6
2.1e-05,1.9e-05,4e-13,3e-10,2.5e-10,0.0489,39800000000.0,2230000000.0,11.05,-72.74
2.1e-05,1.9e-05,4e-13,3.5e-10,1e-10,0.0489,37600000000.0,2140000000.0,11.23,-72.03
2.1e-05,1.9e-05,4e-13,3.5e-10,5e-11,0.0489,37600000000.0,2150000000.0,11.23,-72.08
2.1e-05,1.9e-05,4e-13,3.5e-10,2e-10,0.0489,37600000000.0,2140000000.0,11.23,-70.52
2.1e-05,1.9e-05,4e-13,3.5e-10,2.5e-10,0.0489,37600000000.0,2140000000.0,11.23,-72.11
2.1e-05,1.9e-05,4e-13,4.5e-10,1e-10,0.0489,34400000000.0,2020000000.0,11.44,-71.42
2.1e-05,1.9e-05,4e-13,4.5e-10,5e-11,0.0489,34400000000.0,2030000000.0,11.43,-71.43
2.1e-05,1.9e-05,4e-13,4.5e-10,1.5e-10,0.0489,34400000000.0,2010000000.0,11.44,-71.37
2.1e-05,1.9e-05,4e-13,4.5e-10,2e-10,0.0489,34400000000.0,2020000000.0,11.44,-71.43
2.1e-05,1.9e-05,4e-13,5e-10,1e-10,0.0489,33200000000.0,1980000000.0,11.5,-71.18
2.1e-05,1.9e-05,4e-13,5e-10,5e-11,0.0489,33200000000.0,1980000000.0,11.5,-71.16
2.1e-05,1.9e-05,4e-13,5e-10,1.5e-10,0.0489,33200000000.0,1980000000.0,11.5,-70.94
2.1e-05,1.9e-05,6e-13,4e-10,1e-10,0.0489,35900000000.0,2070000000.0,11.35,-71.79
2.1e-05,1.9e-05,6e-13,4e-10,5e-11,0.0489,35900000000.0,2050000000.0,11.35,-71.74
2.1e-05,1.9e-05,6e-13,4e-10,1.5e-10,0.0489,35900000000.0,2070000000.0,11.35,-71.65
2.1e-05,1.9e-05,6e-13,4e-10,2e-10,0.0489,35900000000.0,2060000000.0,11.35,-71.71
2.1e-05,1.9e-05,6e-13,4e-10,2.5e-10,0.0489,35900000000.0,2070000000.0,11.35,-71.52
2.1e-05,1.9e-05,6e-13,3e-10,1e-10,0.0489,39800000000.0,2220000000.0,11.05,-72.7
2.1e-05,1.9e-05,6e-13,3e-10,1.5e-10,0.0489,39800000000.0,2220000000.0,11.05,-72.6
2.1e-05,1.9e-05,6e-13,3.5e-10,1e-10,0.0489,37600000000.0,2140000000.0,11.23,-72.12
2.1e-05,1.9e-05,6e-13,3.5e-10,5e-11,0.0489,37600000000.0,2130000000.0,11.23,-72.1
2.1e-05,1.9e-05,6e-13,3.5e-10,2e-10,0.0489,37600000000.0,2130000000.0,11.23,-72.15
2.1e-05,1.9e-05,6e-13,3.5e-10,2.5e-10,0.0489,37600000000.0,2130000000.0,11.23,-72.25
2.1e-05,1.9e-05,6e-13,4.5e-10,1e-10,0.0489,34400000000.0,2030000000.0,11.43,-71.4
2.1e-05,1.9e-05,6e-13,4.5e-10,5e-11,0.0489,34400000000.0,2010000000.0,11.43,-71.43
2.1e-05,1.9e-05,6e-13,4.5e-10,1.5e-10,0.0489,34400000000.0,2020000000.0,11.44,-71.19
2.1e-05,1.9e-05,6e-13,4.5e-10,2e-10,0.0489,34400000000.0,2020000000.0,11.44,-71.41
2.1e-05,1.9e-05,6e-13,4.5e-10,2.5e-10,0.0489,34400000000.0,2010000000.0,11.44,-71.44
2.1e-05,1.9e-05,6e-13,5e-10,1e-10,0.0489,33200000000.0,1990000000.0,11.5,-71.19
2.1e-05,1.9e-05,6e-13,5e-10,5e-11,0.0489,33200000000.0,1980000000.0,11.5,-71.11
2.1e-05,1.9e-05,6e-13,5e-10,1.5e-10,0.0489,33200000000.0,1980000000.0,11.5,-71.12
2.1e-05,1.9e-05,6e-13,5e-10,2.5e-10,0.0489,33200000000.0,1980000000.0,11.5,-71.09
2.1e-05,1.9e-05,7e-13,4e-10,2.5e-10,0.0489,35900000000.0,2070000000.0,11.35,-71.68
2.1e-05,1.9e-05,7e-13,3e-10,1e-10,0.0489,39800000000.0,2230000000.0,11.05,-72.65
2.1e-05,1.9e-05,7e-13,3e-10,5e-11,0.0489,39800000000.0,2240000000.0,11.05,-72.57
2.1e-05,1.9e-05,7e-13,3e-10,2e-10,0.0489,39800000000.0,2230000000.0,11.05,-72.58
2.1e-05,1.9e-05,7e-13,3e-10,2.5e-10,0.0489,39800000000.0,2230000000.0,11.05,-70.94
2.1e-05,1.9e-05,7e-13,3.5e-10,1e-10,0.0489,37600000000.0,2120000000.0,11.23,-72.14
2.1e-05,1.9e-05,7e-13,3.5e-10,1.5e-10,0.0489,37600000000.0,2140000000.0,11.23,-72.17
2.1e-05,1.9e-05,7e-13,3.5e-10,2.5e-10,0.0489,37600000000.0,2140000000.0,11.23,-72.08
2.1e-05,1.9e-05,7e-13,4.5e-10,1e-10,0.0489,34400000000.0,2010000000.0,11.44,-71.36
2.1e-05,1.9e-05,7e-13,4.5e-10,5e-11,0.0489,34400000000.0,2020000000.0,11.43,-71.49
2.1e-05,1.9e-05,7e-13,4.5e-10,1.5e-10,0.0489,34400000000.0,2000000000.0,11.44,-71.44
2.1e-05,1.9e-05,7e-13,5e-10,1e-10,0.0489,33200000000.0,1970000000.0,11.5,-71.19
2.1e-05,1.9e-05,7e-13,5e-10,1.5e-10,0.0489,33200000000.0,1980000000.0,11.5,-71.2
2.1e-05,1.9e-05,7e-13,5e-10,2e-10,0.0489,33200000000.0,1990000000.0,11.5,-71.13
2.1e-05,1.9e-05,7e-13,5e-10,2.5e-10,0.0489,33200000000.0,1970000000.0,11.51,-71.09
2.1e-05,2e-05,5e-13,4e-10,1e-10,0.0489,35800000000.0,2000000000.0,11.28,-71.64
2.1e-05,2e-05,5e-13,4e-10,5e-11,0.0489,35800000000.0,1990000000.0,11.28,-71.63
2.1e-05,2e-05,5e-13,4e-10,1.5e-10,0.0489,35800000000.0,2000000000.0,11.28,-71.62
2.1e-05,2e-05,5e-13,4e-10,2e-10,0.0489,35800000000.0,1990000000.0,11.28,-71.58
2.1e-05,2e-05,5e-13,4e-10,2.5e-10,0.0489,35800000000.0,1990000000.0,11.28,-71.64
2.1e-05,2e-05,5e-13,3e-10,1e-10,0.0489,39800000000.0,2130000000.0,10.97,-72.49
2.1e-05,2e-05,5e-13,3e-10,5e-11,0.0489,39800000000.0,2140000000.0,10.97,-72.43
2.1e-05,2e-05,5e-13,3e-10,1.5e-10,0.0489,39800000000.0,2120000000.0,10.97,-72.5
2.1e-05,2e-05,5e-13,3e-10,2e-10,0.0489,39800000000.0,2130000000.0,10.97,-72.42
2.1e-05,2e-05,5e-13,3.5e-10,1e-10,0.0489,37500000000.0,2060000000.0,11.15,-72.01
2.1e-05,2e-05,5e-13,3.5e-10,5e-11,0.0489,37500000000.0,2060000000.0,11.15,-72.12
2.1e-05,2e-05,5e-13,3.5e-10,1.5e-10,0.0489,37500000000.0,2050000000.0,11.16,-72.97
2.1e-05,2e-05,5e-13,3.5e-10,2e-10,0.0489,37500000000.0,2050000000.0,11.16,-72.05
2.1e-05,2e-05,5e-13,3.5e-10,2.5e-10,0.0489,37500000000.0,2050000000.0,11.16,-72.0
2.1e-05,2e-05,5e-13,4.5e-10,1e-10,0.0489,34300000000.0,1950000000.0,11.37,-71.38
2.1e-05,2e-05,5e-13,4.5e-10,5e-11,0.0489,34300000000.0,1940000000.0,11.38,-71.35
2.1e-05,2e-05,5e-13,4.5e-10,2e-10,0.0489,34300000000.0,1940000000.0,11.38,-71.43
2.1e-05,2e-05,5e-13,4.5e-10,2.5e-10,0.0489,34300000000.0,1960000000.0,11.38,-71.34
2.1e-05,2e-05,5e-13,5e-10,1e-10,0.0489,33100000000.0,1900000000.0,11.45,-71.0
2.1e-05,2e-05,5e-13,5e-10,5e-11,0.0489,33100000000.0,1910000000.0,11.44,-71.09
2.1e-05,2e-05,5e-13,5e-10,1.5e-10,0.0489,33100000000.0,1910000000.0,11.45,-71.13
2.1e-05,2e-05,5e-13,5e-10,2e-10,0.0489,33100000000.0,1920000000.0,11.45,-71.11
2.1e-05,2e-05,5e-13,5e-10,2.5e-10,0.0489,33100000000.0,1910000000.0,11.45,-71.12
2.1e-05,2e-05,3e-13,4e-10,1e-10,0.0489,35800000000.0,1990000000.0,11.29,-71.72
2.1e-05,2e-05,3e-13,4e-10,2e-10,0.0489,35800000000.0,2000000000.0,11.28,-71.61
2.1e-05,2e-05,3e-13,4e-10,2.5e-10,0.0489,35800000000.0,1990000000.0,11.28,-71.68
2.1e-05,2e-05,3e-13,3e-10,5e-11,0.0489,39800000000.0,2130000000.0,10.97,-72.35
2.1e-05,2e-05,3e-13,3e-10,1.5e-10,0.0489,39800000000.0,2140000000.0,10.97,-72.42
2.1e-05,2e-05,3e-13,3e-10,2e-10,0.0489,39800000000.0,2140000000.0,10.97,-72.46
2.1e-05,2e-05,3e-13,3e-10,2.5e-10,0.0489,39800000000.0,2140000000.0,10.97,-72.03
2.1e-05,2e-05,3e-13,3.5e-10,1e-10,0.0489,37500000000.0,2060000000.0,11.15,-71.96
2.1e-05,2e-05,3e-13,3.5e-10,5e-11,0.0489,37500000000.0,2040000000.0,11.16,-72.51
2.1e-05,2e-05,3e-13,3.5e-10,1.5e-10,0.0489,37500000000.0,2060000000.0,11.15,-72.03
2.1e-05,2e-05,3e-13,3.5e-10,2e-10,0.0489,37500000000.0,2050000000.0,11.16,-73.12
2.1e-05,2e-05,3e-13,3.5e-10,2.5e-10,0.0489,37500000000.0,2050000000.0,11.15,-72.0
2.1e-05,2e-05,3e-13,4.5e-10,1e-10,0.0489,34300000000.0,1950000000.0,11.38,-71.37
2.1e-05,2e-05,3e-13,4.5e-10,5e-11,0.0489,34300000000.0,1950000000.0,11.38,-71.28
2.1e-05,2e-05,3e-13,4.5e-10,1.5e-10,0.0489,34300000000.0,1960000000.0,11.38,-71.23
2.1e-05,2e-05,3e-13,4.5e-10,2e-10,0.0489,34300000000.0,1950000000.0,11.37,-71.36
2.1e-05,2e-05,3e-13,4.5e-10,2.5e-10,0.0489,34300000000.0,1940000000.0,11.38,-71.34
2.1e-05,2e-05,3e-13,5e-10,1e-10,0.0489,33100000000.0,1910000000.0,11.44,-70.89
2.1e-05,2e-05,3e-13,5e-10,5e-11,0.0489,33100000000.0,1910000000.0,11.44,-71.06
2.1e-05,2e-05,3e-13,5e-10,1.5e-10,0.0489,33100000000.0,1900000000.0,11.44,-71.06
2.1e-05,2e-05,3e-13,5e-10,2e-10,0.0489,33100000000.0,1910000000.0,11.45,-71.05
2.1e-05,2e-05,3e-13,5e-10,2.5e-10,0.0489,33100000000.0,1910000000.0,11.44,-71.07
2.1e-05,2e-05,4e-13,4e-10,5e-11,0.0489,35800000000.0,1990000000.0,11.28,-71.49
2.1e-05,2e-05,4e-13,4e-10,1.5e-10,0.0489,35800000000.0,2000000000.0,11.28,-71.53
2.1e-05,2e-05,4e-13,4e-10,2e-10,0.0489,35800000000.0,1990000000.0,11.28,-71.61
2.1e-05,2e-05,4e-13,4e-10,2.5e-10,0.0489,35800000000.0,1990000000.0,11.29,-71.66
2.1e-05,2e-05,4e-13,3e-10,1e-10,0.0489,39800000000.0,2130000000.0,10.97,-72.54
2.1e-05,2e-05,4e-13,3e-10,1.5e-10,0.0489,39800000000.0,2130000000.0,10.97,-72.51
2.1e-05,2e-05,4e-13,3e-10,2.5e-10,0.0489,39800000000.0,2130000000.0,10.97,-72.53
2.1e-05,2e-05,4e-13,3.5e-10,1e-10,0.0489,37500000000.0,2060000000.0,11.15,-71.98
2.1e-05,2e-05,4e-13,3.5e-10,5e-11,0.0489,37500000000.0,2050000000.0,11.15,-71.97
2.1e-05,2e-05,4e-13,3.5e-10,2e-10,0.0489,37500000000.0,2050000000.0,11.16,-71.96
2.1e-05,2e-05,4e-13,3.5e-10,2.5e-10,0.0489,37500000000.0,2040000000.0,11.16,-72.53
2.1e-05,2e-05,4e-13,4.5e-10,5e-11,0.0489,34300000000.0,1940000000.0,11.38,-71.36
2.1e-05,2e-05,4e-13,4.5e-10,1.5e-10,0.0489,34300000000.0,1960000000.0,11.38,-71.36
2.1e-05,2e-05,4e-13,4.5e-10,2e-10,0.0489,34300000000.0,1940000000.0,11.37,-71.3
2.1e-05,2e-05,4e-13,5e-10,1e-10,0.0489,33100000000.0,1910000000.0,11.45,-71.01
2.1e-05,2e-05,4e-13,5e-10,5e-11,0.0489,33100000000.0,1910000000.0,11.44,-71.04
2.1e-05,2e-05,4e-13,5e-10,1.5e-10,0.0489,33100000000.0,1910000000.0,11.45,-71.11
2.1e-05,2e-05,4e-13,5e-10,2.5e-10,0.0489,33100000000.0,1910000000.0,11.45,-71.09
2.1e-05,2e-05,6e-13,4e-10,1e-10,0.0489,35800000000.0,1990000000.0,11.28,-71.69
2.1e-05,2e-05,6e-13,4e-10,5e-11,0.0489,35800000000.0,2000000000.0,11.28,-71.54
2.1e-05,2e-05,6e-13,4e-10,1.5e-10,0.0489,35800000000.0,1990000000.0,11.28,-71.48
2.1e-05,2e-05,6e-13,3e-10,1e-10,0.0489,39800000000.0,2120000000.0,10.97,-72.48
2.1e-05,2e-05,6e-13,3e-10,5e-11,0.0489,39800000000.0,2140000000.0,10.97,-72.44
2.1e-05,2e-05,6e-13,3e-10,1.5e-10,0.0489,39800000000.0,2140000000.0,10.97,-72.45
2.1e-05,2e-05,6e-13,3e-10,2e-10,0.0489,39800000000.0,2140000000.0,10.97,-72.36
2.1e-05,2e-05,6e-13,3.5e-10,5e-11,0.0489,37500000000.0,2050000000.0,11.16,-72.04
2.1e-05,2e-05,6e-13,3.5e-10,1.5e-10,0.0489,37500000000.0,2040000000.0,11.16,-72.05
2.1e-05,2e-05,6e-13,3.5e-10,2e-10,0.0489,37500000000.0,2050000000.0,11.16,-72.02
2.1e-05,2e-05,6e-13,3.5e-10,2.5e-10,0.0489,37500000000.0,2040000000.0,11.16,-71.88
2.1e-05,2e-05,6e-13,4.5e-10,1e-10,0.0489,34300000000.0,1940000000.0,11.38,-72.22
2.1e-05,2e-05,6e-13,4.5e-10,1.5e-10,0.0489,34300000000.0,1960000000.0,11.37,-71.82
2.1e-05,2e-05,6e-13,4.5e-10,2e-10,0.0489,34300000000.0,1940000000.0,11.38,-71.25
2.1e-05,2e-05,6e-13,5e-10,1e-10,0.0489,33100000000.0,1910000000.0,11.45,-71.06
2.1e-05,2e-05,6e-13,5e-10,5e-11,0.0489,33100000000.0,1910000000.0,11.44,-71.05
2.1e-05,2e-05,6e-13,5e-10,2e-10,0.0489,33100000000.0,1930000000.0,11.44,-71.13
2.1e-05,2e-05,6e-13,5e-10,2.5e-10,0.0489,33100000000.0,1900000000.0,11.45,-71.11
2.1e-05,2e-05,7e-13,3e-10,1e-10,0.0489,39800000000.0,2130000000.0,10.97,-72.52
2.1e-05,2e-05,7e-13,3e-10,1.5e-10,0.0489,39800000000.0,2120000000.0,10.97,-72.49
2.1e-05,2e-05,7e-13,3e-10,2e-10,0.0489,39800000000.0,2140000000.0,10.97,-72.35
2.1e-05,2e-05,7e-13,3e-10,2.5e-10,0.0489,39800000000.0,2120000000.0,10.97,-72.51
2.1e-05,2e-05,7e-13,3.5e-10,1.5e-10,0.0489,37500000000.0,2040000000.0,11.16,-72.5
2.1e-05,2e-05,7e-13,3.5e-10,2e-10,0.0489,37500000000.0,2060000000.0,11.15,-71.02
2.1e-05,2e-05,7e-13,3.5e-10,2.5e-10,0.0489,37500000000.0,2060000000.0,11.16,-72.03
2.1e-05,2e-05,7e-13,4.5e-10,1e-10,0.0489,34300000000.0,1940000000.0,11.38,-71.33
2.1e-05,2e-05,7e-13,4.5e-10,5e-11,0.0489,34300000000.0,1940000000.0,11.38,-71.44
2.1e-05,2e-05,7e-13,4.5e-10,1.5e-10,0.0489,34300000000.0,1940000000.0,11.38,-71.16
2.1e-05,2e-05,7e-13,4.5e-10,2e-10,0.0489,34300000000.0,1940000000.0,11.38,-71.38
2.1e-05,2e-05,7e-13,5e-10,1e-10,0.0489,33100000000.0,1900000000.0,11.45,-71.74
2.1e-05,2e-05,7e-13,5e-10,5e-11,0.0489,33100000000.0,1910000000.0,11.45,-71.08
2.1e-05,2e-05,7e-13,5e-10,1.5e-10,0.0489,33100000000.0,1910000000.0,11.45,-71.14
2.1e-05,2e-05,7e-13,5e-10,2e-10,0.0489,33100000000.0,1920000000.0,11.44,-71.07
2.1e-05,2.1e-05,5e-13,4e-10,1e-10,0.0489,35700000000.0,1890000000.0,11.22,-71.5
2.1e-05,2.1e-05,5e-13,4e-10,5e-11,0.0489,35700000000.0,1890000000.0,11.22,-71.65
2.1e-05,2.1e-05,5e-13,4e-10,1.5e-10,0.0489,35700000000.0,1910000000.0,11.21,-71.55
2.1e-05,2.1e-05,5e-13,4e-10,2.5e-10,0.0489,35700000000.0,1900000000.0,11.21,-71.46
2.1e-05,2.1e-05,5e-13,3e-10,1e-10,0.0489,39700000000.0,2020000000.0,10.88,-73.39
2.1e-05,2.1e-05,5e-13,3e-10,5e-11,0.0489,39700000000.0,2020000000.0,10.88,-72.18
2.1e-05,2.1e-05,5e-13,3e-10,1.5e-10,0.0489,39700000000.0,2020000000.0,10.88,-72.32
2.1e-05,2.1e-05,5e-13,3e-10,2e-10,0.0489,39700000000.0,2020000000.0,10.88,-72.35
2.1e-05,2.1e-05,5e-13,3e-10,2.5e-10,0.0489,39700000000.0,2020000000.0,10.88,-72.34
2.1e-05,2.1e-05,5e-13,3.5e-10,1e-10,0.0489,37500000000.0,1950000000.0,11.08,-71.88
2.1e-05,2.1e-05,5e-13,3.5e-10,5e-11,0.0489,37500000000.0,1950000000.0,11.08,-71.87
2.1e-05,2.1e-05,5e-13,3.5e-10,1.5e-10,0.0489,37500000000.0,1950000000.0,11.08,-71.9
2.1e-05,2.1e-05,5e-13,3.5e-10,2e-10,0.0489,37500000000.0,1950000000.0,11.08,-71.84
2.1e-05,2.1e-05,5e-13,3.5e-10,2.5e-10,0.0489,37500000000.0,1940000000.0,11.08,-71.9
2.1e-05,2.1e-05,5e-13,4.5e-10,1e-10,0.0489,34300000000.0,1860000000.0,11.31,-71.23
2.1e-05,2.1e-05,5e-13,4.5e-10,5e-11,0.0489,34300000000.0,1860000000.0,11.31,-71.26
2.1e-05,2.1e-05,5e-13,4.5e-10,1.5e-10,0.0489,34300000000.0,1870000000.0,11.32,-71.11
2.1e-05,2.1e-05,5e-13,4.5e-10,2e-10,0.0489,34300000000.0,1860000000.0,11.31,-71.24
2.1e-05,2.1e-05,5e-13,4.5e-10,2.5e-10,0.0489,34300000000.0,1860000000.0,11.31,-71.25
2.1e-05,2.1e-05,5e-13,5e-10,1e-10,0.0489,33100000000.0,1830000000.0,11.39,-70.86
2.1e-05,2.1e-05,5e-13,5e-10,5e-11,0.0489,33100000000.0,1830000000.0,11.39,-70.98
2.1e-05,2.1e-05,5e-13,5e-10,1.5e-10,0.0489,33100000000.0,1830000000.0,11.39,-71.05
2.1e-05,2.1e-05,5e-13,5e-10,2e-10,0.0489,33100000000.0,1830000000.0,11.39,-71.0
2.1e-05,2.1e-05,5e-13,5e-10,2.5e-10,0.0489,33100000000.0,1830000000.0,11.39,-71.03
2.1e-05,2.1e-05,3e-13,4e-10,5e-11,0.0489,35700000000.0,1890000000.0,11.22,-71.53
2.1e-05,2.1e-05,3e-13,4e-10,2.5e-10,0.0489,35700000000.0,1890000000.0,11.22,-71.55
2.1e-05,2.1e-05,3e-13,3e-10,1e-10,0.0489,39700000000.0,2020000000.0,10.88,-72.74
2.1e-05,2.1e-05,3e-13,3e-10,5e-11,0.0489,39700000000.0,2020000000.0,10.88,-72.71
2.1e-05,2.1e-05,3e-13,3e-10,1.5e-10,0.0489,39700000000.0,2020000000.0,10.88,-72.31
2.1e-05,2.1e-05,3e-13,3e-10,2e-10,0.0489,39700000000.0,2000000000.0,10.89,-72.36
2.1e-05,2.1e-05,3e-13,3e-10,2.5e-10,0.0489,39700000000.0,2020000000.0,10.88,-72.39
2.1e-05,2.1e-05,3e-13,3.5e-10,1e-10,0.0489,37500000000.0,1940000000.0,11.08,-71.86
2.1e-05,2.1e-05,3e-13,3.5e-10,1.5e-10,0.0489,37500000000.0,1940000000.0,11.08,-71.93
2.1e-05,2.1e-05,3e-13,3.5e-10,2e-10,0.0489,37500000000.0,1950000000.0,11.08,-71.75
2.1e-05,2.1e-05,3e-13,4.5e-10,1e-10,0.0489,34300000000.0,1850000000.0,11.31,-71.36
2.1e-05,2.1e-05,3e-13,4.5e-10,5e-11,0.0489,34300000000.0,1860000000.0,11.32,-71.23
2.1e-05,2.1e-05,3e-13,4.5e-10,1.5e-10,0.0489,34300000000.0,1860000000.0,11.31,-71.22
2.1e-05,2.1e-05,3e-13,4.5e-10,2e-10,0.0489,34300000000.0,1860000000.0,11.31,-71.27
2.1e-05,2.1e-05,3e-13,4.5e-10,2.5e-10,0.0489,34300000000.0,1860000000.0,11.31,-71.32
2.1e-05,2.1e-05,3e-13,5e-10,1e-10,0.0489,33100000000.0,1840000000.0,11.38,-70.99
2.1e-05,2.1e-05,3e-13,5e-10,1.5e-10,0.0489,33100000000.0,1830000000.0,11.38,-70.99
2.1e-05,2.1e-05,3e-13,5e-10,2e-10,0.0489,33100000000.0,1830000000.0,11.38,-70.98
2.1e-05,2.1e-05,4e-13,4e-10,1e-10,0.0489,35700000000.0,1910000000.0,11.21,-72.12
2.1e-05,2.1e-05,4e-13,4e-10,5e-11,0.0489,35700000000.0,1900000000.0,11.21,-71.53
2.1e-05,2.1e-05,4e-13,4e-10,1.5e-10,0.0489,35700000000.0,1900000000.0,11.22,-71.57
2.1e-05,2.1e-05,4e-13,4e-10,2e-10,0.0489,35700000000.0,1890000000.0,11.22,-71.48
2.1e-05,2.1e-05,4e-13,3e-10,1e-10,0.0489,39700000000.0,2010000000.0,10.88,-72.27
2.1e-05,2.1e-05,4e-13,3e-10,5e-11,0.0489,39700000000.0,2010000000.0,10.88,-72.5
2.1e-05,2.1e-05,4e-13,3e-10,1.5e-10,0.0489,39700000000.0,2020000000.0,10.88,-72.28
2.1e-05,2.1e-05,4e-13,3e-10,2e-10,0.0489,39700000000.0,2010000000.0,10.88,-72.32
2.1e-05,2.1e-05,4e-13,3e-10,2.5e-10,0.0489,39700000000.0,2010000000.0,10.89,-72.16
2.1e-05,2.1e-05,4e-13,3.5e-10,1e-10,0.0489,37500000000.0,1950000000.0,11.08,-71.93
2.1e-05,2.1e-05,4e-13,3.5e-10,1.5e-10,0.0489,37500000000.0,1950000000.0,11.08,-71.98
2.1e-05,2.1e-05,4e-13,3.5e-10,2e-10,0.0489,37500000000.0,1940000000.0,11.08,-71.95
2.1e-05,2.1e-05,4e-13,3.5e-10,2.5e-10,0.0489,37500000000.0,1950000000.0,11.08,-71.89
2.1e-05,2.1e-05,4e-13,4.5e-10,1e-10,0.0489,34300000000.0,1860000000.0,11.31,-71.17
2.1e-05,2.1e-05,4e-13,4.5e-10,5e-11,0.0489,34300000000.0,1860000000.0,11.31,-71.35
2.1e-05,2.1e-05,4e-13,4.5e-10,2e-10,0.0489,34300000000.0,1860000000.0,11.31,-71.08
2.1e-05,2.1e-05,4e-13,4.5e-10,2.5e-10,0.0489,34300000000.0,1860000000.0,11.32,-71.24
2.1e-05,2.1e-05,4e-13,5e-10,1e-10,0.0489,33100000000.0,1830000000.0,11.38,-71.01
2.1e-05,2.1e-05,4e-13,5e-10,1.5e-10,0.0489,33100000000.0,1840000000.0,11.38,-71.1
2.1e-05,2.1e-05,4e-13,5e-10,2e-10,0.0489,33100000000.0,1820000000.0,11.39,-71.0
2.1e-05,2.1e-05,4e-13,5e-10,2.5e-10,0.0489,33100000000.0,1830000000.0,11.38,-71.05
2.1e-05,2.1e-05,6e-13,4e-10,1.5e-10,0.0489,35700000000.0,1910000000.0,11.21,-71.52
2.1e-05,2.1e-05,6e-13,4e-10,2e-10,0.0489,35700000000.0,1900000000.0,11.21,-71.58
2.1e-05,2.1e-05,6e-13,4e-10,2.5e-10,0.0489,35700000000.0,1900000000.0,11.22,-71.76
2.1e-05,2.1e-05,6e-13,3e-10,1e-10,0.0489,39700000000.0,2010000000.0,10.89,-72.11
2.1e-05,2.1e-05,6e-13,3e-10,5e-11,0.0489,39700000000.0,2000000000.0,10.89,-72.37
2.1e-05,2.1e-05,6e-13,3.5e-10,1e-10,0.0489,37500000000.0,1940000000.0,11.08,-72.02
2.1e-05,2.1e-05,6e-13,3.5e-10,1.5e-10,0.0489,37500000000.0,1950000000.0,11.08,-71.92
2.1e-05,2.1e-05,6e-13,3.5e-10,2.5e-10,0.0489,37500000000.0,1940000000.0,11.08,-71.94
2.1e-05,2.1e-05,6e-13,4.5e-10,5e-11,0.0489,34300000000.0,1850000000.0,11.32,-71.08
2.1e-05,2.1e-05,6e-13,5e-10,1e-10,0.0489,33100000000.0,1830000000.0,11.39,-70.95
2.1e-05,2.1e-05,6e-13,5e-10,1.5e-10,0.0489,33100000000.0,1830000000.0,11.39,-71.01
2.1e-05,2.1e-05,6e-13,5e-10,2e-10,0.0489,33100000000.0,1810000000.0,11.39,-71.0
2.1e-05,2.1e-05,6e-13,5e-10,2.5e-10,0.0489,33100000000.0,1820000000.0,11.39,-70.99
2.1e-05,2.1e-05,7e-13,4e-10,1.5e-10,0.0489,35700000000.0,1890000000.0,11.22,-71.6
2.1e-05,2.1e-05,7e-13,4e-10,2e-10,0.0489,35700000000.0,1910000000.0,11.21,-72.07
2.1e-05,2.1e-05,7e-13,4e-10,2.5e-10,0.0489,35700000000.0,1880000000.0,11.22,-71.55
2.1e-05,2.1e-05,7e-13,3e-10,1e-10,0.0489,39700000000.0,2020000000.0,10.88,-72.33
2.1e-05,2.1e-05,7e-13,3e-10,1.5e-10,0.0489,39700000000.0,2010000000.0,10.89,-72.18
2.1e-05,2.1e-05,7e-13,3e-10,2e-10,0.0489,39700000000.0,2020000000.0,10.88,-72.38
2.1e-05,2.1e-05,7e-13,3e-10,2.5e-10,0.0489,39700000000.0,2000000000.0,10.89,-73.05
2.1e-05,2.1e-05,7e-13,3.5e-10,1e-10,0.0489,37500000000.0,1930000000.0,11.08,-71.86
2.1e-05,2.1e-05,7e-13,4.5e-10,1e-10,0.0489,34300000000.0,1860000000.0,11.32,-71.26
2.1e-05,2.1e-05,7e-13,4.5e-10,5e-11,0.0489,34300000000.0,1870000000.0,11.32,-71.27
2.1e-05,2.1e-05,7e-13,5e-10,1e-10,0.0489,33100000000.0,1840000000.0,11.39,-71.09
2.1e-05,2.1e-05,7e-13,5e-10,5e-11,0.0489,33100000000.0,1820000000.0,11.38,-70.95
2.1e-05,2.1e-05,7e-13,5e-10,1.5e-10,0.0489,33100000000.0,1830000000.0,11.39,-71.04
2.1e-05,2.1e-05,7e-13,5e-10,2e-10,0.0489,33100000000.0,1830000000.0,11.39,-71.07
2.1e-05,2.2e-05,5e-13,4e-10,1e-10,0.0489,35700000000.0,1780000000.0,11.15,-71.44
2.1e-05,2.2e-05,5e-13,4e-10,5e-11,0.0489,35700000000.0,1780000000.0,11.14,-71.47
2.1e-05,2.2e-05,5e-13,4e-10,1.5e-10,0.0489,35700000000.0,1780000000.0,11.14,-71.42
2.1e-05,2.2e-05,5e-13,4e-10,2e-10,0.0489,35700000000.0,1770000000.0,11.15,-71.45
2.1e-05,2.2e-05,5e-13,4e-10,2.5e-10,0.0489,35700000000.0,1770000000.0,11.14,-71.39
2.1e-05,2.2e-05,5e-13,3e-10,1e-10,0.0489,39700000000.0,1860000000.0,10.79,-72.25
2.1e-05,2.2e-05,5e-13,3e-10,5e-11,0.0489,39700000000.0,1860000000.0,10.79,-72.18
2.1e-05,2.2e-05,5e-13,3e-10,1.5e-10,0.0489,39700000000.0,1870000000.0,10.79,-72.17
2.1e-05,2.2e-05,5e-13,3e-10,2e-10,0.0489,39700000000.0,1860000000.0,10.8,-72.15
2.1e-05,2.2e-05,5e-13,3e-10,2.5e-10,0.0489,39700000000.0,1860000000.0,10.8,-72.6
2.1e-05,2.2e-05,5e-13,3.5e-10,1e-10,0.0489,37400000000.0,1810000000.0,11.0,-71.82
2.1e-05,2.2e-05,5e-13,3.5e-10,5e-11,0.0489,37400000000.0,1830000000.0,11.0,-71.64
2.1e-05,2.2e-05,5e-13,3.5e-10,1.5e-10,0.0489,37400000000.0,1820000000.0,11.0,-71.83
2.1e-05,2.2e-05,5e-13,3.5e-10,2e-10,0.0489,37400000000.0,1820000000.0,11.0,-71.84
2.1e-05,2.2e-05,5e-13,4.5e-10,1e-10,0.0489,34200000000.0,1760000000.0,11.25,-71.97
2.1e-05,2.2e-05,5e-13,4.5e-10,5e-11,0.0489,34200000000.0,1760000000.0,11.24,-71.14
2.1e-05,2.2e-05,5e-13,4.5e-10,2e-10,0.0489,34200000000.0,1750000000.0,11.25,-71.18
2.1e-05,2.2e-05,5e-13,4.5e-10,2.5e-10,0.0489,34200000000.0,1760000000.0,11.24,-71.12
2.1e-05,2.2e-05,5e-13,5e-10,1e-10,0.0489,33000000000.0,1730000000.0,11.32,-70.89
2.1e-05,2.2e-05,5e-13,5e-10,5e-11,0.0489,33000000000.0,1730000000.0,11.32,-70.91
2.1e-05,2.2e-05,5e-13,5e-10,1.5e-10,0.0489,33000000000.0,1750000000.0,11.33,-70.91
2.1e-05,2.2e-05,5e-13,5e-10,2e-10,0.0489,33000000000.0,1750000000.0,11.33,-70.71
2.1e-05,2.2e-05,5e-13,5e-10,2.5e-10,0.0489,33000000000.0,1740000000.0,11.32,-70.89
2.1e-05,2.2e-05,3e-13,4e-10,1e-10,0.0489,35700000000.0,1770000000.0,11.14,-71.49
2.1e-05,2.2e-05,3e-13,4e-10,5e-11,0.0489,35700000000.0,1780000000.0,11.14,-71.44
2.1e-05,2.2e-05,3e-13,4e-10,2e-10,0.0489,35700000000.0,1790000000.0,11.14,-71.4
2.1e-05,2.2e-05,3e-13,3e-10,1e-10,0.0489,39700000000.0,1870000000.0,10.79,-72.03
2.1e-05,2.2e-05,3e-13,3e-10,5e-11,0.0489,39700000000.0,1860000000.0,10.79,-72.9
2.1e-05,2.2e-05,3e-13,3e-10,1.5e-10,0.0489,39700000000.0,1860000000.0,10.8,-72.14
2.1e-05,2.2e-05,3e-13,3e-10,2e-10,0.0489,39700000000.0,1860000000.0,10.79,-72.21
2.1e-05,2.2e-05,3e-13,3e-10,2.5e-10,0.0489,39700000000.0,1860000000.0,10.8,-72.23
2.1e-05,2.2e-05,3e-13,3.5e-10,1e-10,0.0489,37400000000.0,1820000000.0,11.0,-71.79
2.1e-05,2.2e-05,3e-13,3.5e-10,5e-11,0.0489,37400000000.0,1810000000.0,11.0,-71.84
2.1e-05,2.2e-05,3e-13,3.5e-10,1.5e-10,0.0489,37400000000.0,1810000000.0,11.0,-71.8
2.1e-05,2.2e-05,3e-13,3.5e-10,2e-10,0.0489,37400000000.0,1820000000.0,11.0,-71.67
2.1e-05,2.2e-05,3e-13,3.5e-10,2.5e-10,0.0489,37400000000.0,1830000000.0,11.0,-71.76
2.1e-05,2.2e-05,3e-13,4.5e-10,5e-11,0.0489,34200000000.0,1760000000.0,11.24,-71.82
2.1e-05,2.2e-05,3e-13,4.5e-10,1.5e-10,0.0489,34200000000.0,1760000000.0,11.24,-72.15
2.1e-05,2.2e-05,3e-13,4.5e-10,2e-10,0.0489,34200000000.0,1740000000.0,11.25,-70.94
2.1e-05,2.2e-05,3e-13,4.5e-10,2.5e-10,0.0489,34200000000.0,1740000000.0,11.25,-71.23
2.1e-05,2.2e-05,3e-13,5e-10,1e-10,0.0489,33000000000.0,1730000000.0,11.32,-70.85
2.1e-05,2.2e-05,3e-13,5e-10,5e-11,0.0489,33000000000.0,1730000000.0,11.33,-70.9
2.1e-05,2.2e-05,3e-13,5e-10,1.5e-10,0.0489,33000000000.0,1730000000.0,11.32,-70.87
2.1e-05,2.2e-05,3e-13,5e-10,2.5e-10,0.0489,33000000000.0,1730000000.0,11.33,-71.6
2.1e-05,2.2e-05,4e-13,4e-10,1e-10,0.0489,35700000000.0,1790000000.0,11.14,-71.42
2.1e-05,2.2e-05,4e-13,4e-10,5e-11,0.0489,35700000000.0,1780000000.0,11.14,-71.45
2.1e-05,2.2e-05,4e-13,4e-10,1.5e-10,0.0489,35700000000.0,1780000000.0,11.14,-71.41
2.1e-05,2.2e-05,4e-13,4e-10,2e-10,0.0489,35700000000.0,1780000000.0,11.14,-71.6
2.1e-05,2.2e-05,4e-13,4e-10,2.5e-10,0.0489,35700000000.0,1790000000.0,11.14,-71.44
2.1e-05,2.2e-05,4e-13,3e-10,1e-10,0.0489,39700000000.0,1860000000.0,10.8,-72.18
2.1e-05,2.2e-05,4e-13,3e-10,5e-11,0.0489,39700000000.0,1870000000.0,10.79,-72.22
2.1e-05,2.2e-05,4e-13,3e-10,1.5e-10,0.0489,39700000000.0,1860000000.0,10.79,-73.49
2.1e-05,2.2e-05,4e-13,3e-10,2.5e-10,0.0489,39700000000.0,1860000000.0,10.8,-72.2
2.1e-05,2.2e-05,4e-13,3.5e-10,1e-10,0.0489,37400000000.0,1810000000.0,11.0,-71.68
2.1e-05,2.2e-05,4e-13,3.5e-10,5e-11,0.0489,37400000000.0,1810000000.0,11.0,-71.72
2.1e-05,2.2e-05,4e-13,3.5e-10,1.5e-10,0.0489,37400000000.0,1810000000.0,11.0,-71.57
2.1e-05,2.2e-05,4e-13,4.5e-10,1e-10,0.0489,34200000000.0,1750000000.0,11.25,-71.13
2.1e-05,2.2e-05,4e-13,4.5e-10,5e-11,0.0489,34200000000.0,1750000000.0,11.24,-71.12
2.1e-05,2.2e-05,4e-13,4.5e-10,1.5e-10,0.0489,34200000000.0,1750000000.0,11.24,-71.13
2.1e-05,2.2e-05,4e-13,4.5e-10,2e-10,0.0489,34200000000.0,1750000000.0,11.24,-71.15
2.1e-05,2.2e-05,4e-13,5e-10,1e-10,0.0489,33000000000.0,1740000000.0,11.32,-70.9
2.1e-05,2.2e-05,4e-13,5e-10,5e-11,0.0489,33000000000.0,1750000000.0,11.33,-70.95
2.1e-05,2.2e-05,4e-13,5e-10,1.5e-10,0.0489,33000000000.0,1730000000.0,11.33,-70.91
2.1e-05,2.2e-05,4e-13,5e-10,2.5e-10,0.0489,33000000000.0,1740000000.0,11.32,-70.69
2.1e-05,2.2e-05,6e-13,4e-10,5e-11,0.0489,35700000000.0,1780000000.0,11.15,-71.47
2.1e-05,2.2e-05,6e-13,4e-10,1.5e-10,0.0489,35700000000.0,1770000000.0,11.15,-71.65
2.1e-05,2.2e-05,6e-13,4e-10,2e-10,0.0489,35700000000.0,1790000000.0,11.14,-71.5
2.1e-05,2.2e-05,6e-13,4e-10,2.5e-10,0.0489,35700000000.0,1790000000.0,11.14,-71.38
2.1e-05,2.2e-05,6e-13,3e-10,5e-11,0.0489,39700000000.0,1860000000.0,10.8,-72.21
2.1e-05,2.2e-05,6e-13,3e-10,1.5e-10,0.0489,39700000000.0,1870000000.0,10.79,-72.19
2.1e-05,2.2e-05,6e-13,3e-10,2e-10,0.0489,39700000000.0,1860000000.0,10.8,-72.19
2.1e-05,2.2e-05,6e-13,3e-10,2.5e-10,0.0489,39700000000.0,1870000000.0,10.79,-72.16
2.1e-05,2.2e-05,6e-13,3.5e-10,1e-10,0.0489,37400000000.0,1810000000.0,11.0,-71.77
2.1e-05,2.2e-05,6e-13,3.5e-10,5e-11,0.0489,37400000000.0,1820000000.0,11.0,-72.23
2.1e-05,2.2e-05,6e-13,3.5e-10,1.5e-10,0.0489,37400000000.0,1810000000.0,11.0,-71.81
2.1e-05,2.2e-05,6e-13,3.5e-10,2e-10,0.0489,37400000000.0,1810000000.0,11.0,-71.89
2.1e-05,2.2e-05,6e-13,3.5e-10,2.5e-10,0.0489,37400000000.0,1830000000.0,11.0,-71.77
2.1e-05,2.2e-05,6e-13,4.5e-10,1.5e-10,0.0489,34200000000.0,1760000000.0,11.25,-71.08
2.1e-05,2.2e-05,6e-13,4.5e-10,2e-10,0.0489,34200000000.0,1750000000.0,11.25,-71.16
2.1e-05,2.2e-05,6e-13,4.5e-10,2.5e-10,0.0489,34200000000.0,1750000000.0,11.25,-71.17
2.1e-05,2.2e-05,6e-13,5e-10,1.5e-10,0.0489,33000000000.0,1730000000.0,11.33,-70.92
2.1e-05,2.2e-05,6e-13,5e-10,2e-10,0.0489,33000000000.0,1740000000.0,11.33,-70.95
2.1e-05,2.2e-05,6e-13,5e-10,2.5e-10,0.0489,33000000000.0,1740000000.0,11.33,-70.69
2.1e-05,2.2e-05,7e-13,4e-10,1e-10,0.0489,35700000000.0,1790000000.0,11.14,-71.45
2.1e-05,2.2e-05,7e-13,4e-10,5e-11,0.0489,35700000000.0,1790000000.0,11.14,-71.37
2.1e-05,2.2e-05,7e-13,4e-10,2e-10,0.0489,35700000000.0,1770000000.0,11.15,-71.4
2.1e-05,2.2e-05,7e-13,4e-10,2.5e-10,0.0489,35700000000.0,1770000000.0,11.15,-71.63
2.1e-05,2.2e-05,7e-13,3e-10,5e-11,0.0489,39700000000.0,1850000000.0,10.8,-72.26
2.1e-05,2.2e-05,7e-13,3e-10,1.5e-10,0.0489,39700000000.0,1860000000.0,10.79,-73.5
2.1e-05,2.2e-05,7e-13,3e-10,2.5e-10,0.0489,39700000000.0,1860000000.0,10.79,-72.2
2.1e-05,2.2e-05,7e-13,3.5e-10,1e-10,0.0489,37400000000.0,1810000000.0,11.0,-71.79
2.1e-05,2.2e-05,7e-13,3.5e-10,5e-11,0.0489,37400000000.0,1810000000.0,11.0,-71.83
2.1e-05,2.2e-05,7e-13,3.5e-10,1.5e-10,0.0489,37400000000.0,1820000000.0,11.0,-71.81
2.1e-05,2.2e-05,7e-13,3.5e-10,2.5e-10,0.0489,37400000000.0,1810000000.0,11.0,-72.57
2.1e-05,2.2e-05,7e-13,4.5e-10,1e-10,0.0489,34200000000.0,1750000000.0,11.25,-71.07
2.1e-05,2.2e-05,7e-13,4.5e-10,5e-11,0.0489,34200000000.0,1760000000.0,11.25,-71.16
2.1e-05,2.2e-05,7e-13,4.5e-10,2e-10,0.0489,34200000000.0,1740000000.0,11.24,-71.1
2.1e-05,2.2e-05,7e-13,4.5e-10,2.5e-10,0.0489,34200000000.0,1750000000.0,11.25,-71.21
2.1e-05,2.2e-05,7e-13,5e-10,5e-11,0.0489,33000000000.0,1730000000.0,11.33,-70.93
2.1e-05,2.2e-05,7e-13,5e-10,2e-10,0.0489,33000000000.0,1730000000.0,11.33,-70.88
2.1e-05,2.3e-05,5e-13,4e-10,1e-10,0.0489,35600000000.0,1660000000.0,11.07,-71.42
2.1e-05,2.3e-05,5e-13,4e-10,5e-11,0.0489,35600000000.0,1650000000.0,11.07,-71.22
2.1e-05,2.3e-05,5e-13,4e-10,1.5e-10,0.0489,35600000000.0,1650000000.0,11.07,-71.31
2.1e-05,2.3e-05,5e-13,4e-10,2e-10,0.0489,35600000000.0,1650000000.0,11.07,-72.47
2.1e-05,2.3e-05,5e-13,4e-10,2.5e-10,0.0489,35600000000.0,1650000000.0,11.07,-71.08
2.1e-05,2.3e-05,5e-13,3e-10,1e-10,0.0489,39600000000.0,1680000000.0,10.7,-72.1
2.1e-05,2.3e-05,5e-13,3e-10,5e-11,0.0489,39600000000.0,1700000000.0,10.7,-72.8
2.1e-05,2.3e-05,5e-13,3e-10,1.5e-10,0.0489,39600000000.0,1690000000.0,10.7,-72.07
2.1e-05,2.3e-05,5e-13,3e-10,2e-10,0.0489,39600000000.0,1680000000.0,10.7,-72.01
2.1e-05,2.3e-05,5e-13,3e-10,2.5e-10,0.0489,39600000000.0,1700000000.0,10.7,-72.04
2.1e-05,2.3e-05,5e-13,3.5e-10,1e-10,0.0489,37400000000.0,1670000000.0,10.92,-71.62
2.1e-05,2.3e-05,5e-13,3.5e-10,5e-11,0.0489,37400000000.0,1660000000.0,10.92,-71.68
2.1e-05,2.3e-05,5e-13,3.5e-10,1.5e-10,0.0489,37400000000.0,1660000000.0,10.92,-71.64
2.1e-05,2.3e-05,5e-13,3.5e-10,2e-10,0.0489,37400000000.0,1680000000.0,10.92,-71.73
2.1e-05,2.3e-05,5e-13,3.5e-10,2.5e-10,0.0489,37400000000.0,1660000000.0,10.92,-71.69
2.1e-05,2.3e-05,5e-13,4.5e-10,1e-10,0.0489,34200000000.0,1630000000.0,11.18,-71.01
2.1e-05,2.3e-05,5e-13,4.5e-10,5e-11,0.0489,34200000000.0,1640000000.0,11.18,-71.16
2.1e-05,2.3e-05,5e-13,4.5e-10,1.5e-10,0.0489,34200000000.0,1630000000.0,11.18,-71.07
2.1e-05,2.3e-05,5e-13,4.5e-10,2.5e-10,0.0489,34200000000.0,1630000000.0,11.18,-71.09
2.1e-05,2.3e-05,5e-13,5e-10,1e-10,0.0489,33000000000.0,1630000000.0,11.26,-70.76
2.1e-05,2.3e-05,5e-13,5e-10,5e-11,0.0489,33000000000.0,1610000000.0,11.26,-70.74
2.1e-05,2.3e-05,5e-13,5e-10,1.5e-10,0.0489,33000000000.0,1610000000.0,11.26,-71.28
2.1e-05,2.3e-05,5e-13,5e-10,2e-10,0.0489,33000000000.0,1610000000.0,11.26,-70.8
2.1e-05,2.3e-05,5e-13,5e-10,2.5e-10,0.0489,33000000000.0,1600000000.0,11.26,-70.73
2.1e-05,2.3e-05,3e-13,4e-10,1e-10,0.0489,35600000000.0,1640000000.0,11.07,-71.33
2.1e-05,2.3e-05,3e-13,4e-10,5e-11,0.0489,35600000000.0,1640000000.0,11.07,-71.39
2.1e-05,2.3e-05,3e-13,4e-10,1.5e-10,0.0489,35600000000.0,1650000000.0,11.07,-71.33
2.1e-05,2.3e-05,3e-13,4e-10,2e-10,0.0489,35600000000.0,1640000000.0,11.07,-71.31
2.1e-05,2.3e-05,3e-13,4e-10,2.5e-10,0.0489,35600000000.0,1660000000.0,11.07,-72.53
2.1e-05,2.3e-05,3e-13,3e-10,5e-11,0.0489,39600000000.0,1700000000.0,10.7,-72.07
2.1e-05,2.3e-05,3e-13,3e-10,2.5e-10,0.0489,39600000000.0,1680000000.0,10.7,-72.09
2.1e-05,2.3e-05,3e-13,3.5e-10,1e-10,0.0489,37400000000.0,1660000000.0,10.92,-71.66
2.1e-05,2.3e-05,3e-13,3.5e-10,5e-11,0.0489,37400000000.0,1670000000.0,10.92,-71.64
2.1e-05,2.3e-05,3e-13,3.5e-10,1.5e-10,0.0489,37400000000.0,1670000000.0,10.92,-71.68
2.1e-05,2.3e-05,3e-13,3.5e-10,2e-10,0.0489,37400000000.0,1680000000.0,10.92,-71.58
2.1e-05,2.3e-05,3e-13,4.5e-10,1e-10,0.0489,34200000000.0,1640000000.0,11.18,-71.52
2.1e-05,2.3e-05,3e-13,4.5e-10,5e-11,0.0489,34200000000.0,1640000000.0,11.18,-71.07
2.1e-05,2.3e-05,3e-13,4.5e-10,1.5e-10,0.0489,34200000000.0,1640000000.0,11.17,-71.03
2.1e-05,2.3e-05,3e-13,4.5e-10,2e-10,0.0489,34200000000.0,1640000000.0,11.18,-71.05
2.1e-05,2.3e-05,3e-13,4.5e-10,2.5e-10,0.0489,34200000000.0,1630000000.0,11.17,-71.08
2.1e-05,2.3e-05,3e-13,5e-10,1e-10,0.0489,33000000000.0,1610000000.0,11.26,-70.73
2.1e-05,2.3e-05,3e-13,5e-10,5e-11,0.0489,33000000000.0,1600000000.0,11.26,-70.88
2.1e-05,2.3e-05,3e-13,5e-10,1.5e-10,0.0489,33000000000.0,1630000000.0,11.26,-70.92
2.1e-05,2.3e-05,3e-13,5e-10,2e-10,0.0489,33000000000.0,1620000000.0,11.26,-70.85
2.1e-05,2.3e-05,3e-13,5e-10,2.5e-10,0.0489,33000000000.0,1610000000.0,11.26,-70.84
2.1e-05,2.3e-05,4e-13,4e-10,1e-10,0.0489,35600000000.0,1640000000.0,11.07,-71.35
2.1e-05,2.3e-05,4e-13,4e-10,5e-11,0.0489,35600000000.0,1640000000.0,11.07,-71.28
2.1e-05,2.3e-05,4e-13,4e-10,1.5e-10,0.0489,35600000000.0,1650000000.0,11.07,-71.48
2.1e-05,2.3e-05,4e-13,4e-10,2e-10,0.0489,35600000000.0,1640000000.0,11.07,-71.42
2.1e-05,2.3e-05,4e-13,4e-10,2.5e-10,0.0489,35600000000.0,1650000000.0,11.07,-71.3
2.1e-05,2.3e-05,4e-13,3e-10,5e-11,0.0489,39600000000.0,1700000000.0,10.7,-72.76
2.1e-05,2.3e-05,4e-13,3.5e-10,1e-10,0.0489,37400000000.0,1660000000.0,10.92,-71.67
2.1e-05,2.3e-05,4e-13,3.5e-10,5e-11,0.0489,37400000000.0,1670000000.0,10.92,-71.65
2.1e-05,2.3e-05,4e-13,3.5e-10,1.5e-10,0.0489,37400000000.0,1670000000.0,10.92,-71.7
2.1e-05,2.3e-05,4e-13,3.5e-10,2.5e-10,0.0489,37400000000.0,1660000000.0,10.92,-71.65
2.1e-05,2.3e-05,4e-13,4.5e-10,1e-10,0.0489,34200000000.0,1630000000.0,11.18,-71.43
2.1e-05,2.3e-05,4e-13,4.5e-10,5e-11,0.0489,34200000000.0,1630000000.0,11.18,-70.8
2.1e-05,2.3e-05,4e-13,4.5e-10,1.5e-10,0.0489,34200000000.0,1630000000.0,11.18,-70.96
2.1e-05,2.3e-05,4e-13,5e-10,5e-11,0.0489,33000000000.0,1610000000.0,11.26,-70.92
2.1e-05,2.3e-05,4e-13,5e-10,1.5e-10,0.0489,33000000000.0,1620000000.0,11.26,-70.79
2.1e-05,2.3e-05,4e-13,5e-10,2e-10,0.0489,33000000000.0,1620000000.0,11.26,-70.82
2.1e-05,2.3e-05,6e-13,4e-10,1e-10,0.0489,35600000000.0,1650000000.0,11.07,-71.36
2.1e-05,2.3e-05,6e-13,4e-10,5e-11,0.0489,35600000000.0,1650000000.0,11.07,-71.34
2.1e-05,2.3e-05,6e-13,4e-10,1.5e-10,0.0489,35600000000.0,1650000000.0,11.07,-71.11
2.1e-05,2.3e-05,6e-13,4e-10,2e-10,0.0489,35600000000.0,1650000000.0,11.07,-71.25
2.1e-05,2.3e-05,6e-13,4e-10,2.5e-10,0.0489,35600000000.0,1640000000.0,11.07,-71.32
2.1e-05,2.3e-05,6e-13,3e-10,5e-11,0.0489,39600000000.0,1700000000.0,10.7,-72.08
2.1e-05,2.3e-05,6e-13,3e-10,1.5e-10,0.0489,39600000000.0,1700000000.0,10.7,-72.05
2.1e-05,2.3e-05,6e-13,3e-10,2e-10,0.0489,39600000000.0,1680000000.0,10.7,-72.72
2.1e-05,2.3e-05,6e-13,3e-10,2.5e-10,0.0489,39600000000.0,1680000000.0,10.7,-72.06
2.1e-05,2.3e-05,6e-13,3.5e-10,2.5e-10,0.0489,37400000000.0,1660000000.0,10.92,-71.7
2.1e-05,2.3e-05,6e-13,4.5e-10,5e-11,0.0489,34200000000.0,1640000000.0,11.18,-70.95
2.1e-05,2.3e-05,6e-13,4.5e-10,2e-10,0.0489,34200000000.0,1630000000.0,11.18,-70.81
2.1e-05,2.3e-05,6e-13,4.5e-10,2.5e-10,0.0489,34200000000.0,1630000000.0,11.18,-71.05
2.1e-05,2.3e-05,6e-13,5e-10,5e-11,0.0489,33000000000.0,1610000000.0,11.26,-70.71
2.1e-05,2.3e-05,6e-13,5e-10,2e-10,0.0489,33000000000.0,1620000000.0,11.26,-70.81
2.1e-05,2.3e-05,6e-13,5e-10,2.5e-10,0.0489,33000000000.0,1620000000.0,11.26,-70.83
2.1e-05,2.3e-05,7e-13,4e-10,1e-10,0.0489,35600000000.0,1640000000.0,11.07,-71.53
2.1e-05,2.3e-05,7e-13,4e-10,2e-10,0.0489,35600000000.0,1660000000.0,11.07,-71.46
2.1e-05,2.3e-05,7e-13,4e-10,2.5e-10,0.0489,35600000000.0,1650000000.0,11.07,-71.52
2.1e-05,2.3e-05,7e-13,3e-10,5e-11,0.0489,39600000000.0,1680000000.0,10.7,-72.07
2.1e-05,2.3e-05,7e-13,3.5e-10,1e-10,0.0489,37400000000.0,1660000000.0,10.92,-71.55
2.1e-05,2.3e-05,7e-13,3.5e-10,1.5e-10,0.0489,37400000000.0,1660000000.0,10.92,-71.73
2.1e-05,2.3e-05,7e-13,3.5e-10,2e-10,0.0489,37400000000.0,1660000000.0,10.92,-71.71
2.1e-05,2.3e-05,7e-13,3.5e-10,2.5e-10,0.0489,37400000000.0,1680000000.0,10.92,-71.56
2.1e-05,2.3e-05,7e-13,4.5e-10,1.5e-10,0.0489,34200000000.0,1630000000.0,11.18,-71.11
2.1e-05,2.3e-05,7e-13,4.5e-10,2e-10,0.0489,34200000000.0,1630000000.0,11.18,-71.06
2.1e-05,2.3e-05,7e-13,4.5e-10,2.5e-10,0.0489,34200000000.0,1620000000.0,11.18,-71.05
2.1e-05,2.3e-05,7e-13,5e-10,1e-10,0.0489,33000000000.0,1610000000.0,11.26,-70.82
2.1e-05,2.3e-05,7e-13,5e-10,5e-11,0.0489,33000000000.0,1620000000.0,11.26,-70.8
2.1e-05,2.3e-05,7e-13,5e-10,2e-10,0.0489,33000000000.0,1620000000.0,11.26,-70.77
2.1e-05,2.4e-05,5e-13,4e-10,1e-10,0.0489,35600000000.0,1490000000.0,10.99,-71.21
2.1e-05,2.4e-05,5e-13,4e-10,5e-11,0.0489,35600000000.0,1480000000.0,10.99,-71.22
2.1e-05,2.4e-05,5e-13,4e-10,1.5e-10,0.0489,35600000000.0,1480000000.0,10.99,-71.23
2.1e-05,2.4e-05,5e-13,4e-10,2e-10,0.0489,35600000000.0,1500000000.0,10.99,-70.96
2.1e-05,2.4e-05,5e-13,4e-10,2.5e-10,0.0489,35600000000.0,1500000000.0,10.99,-71.17
2.1e-05,2.4e-05,5e-13,3e-10,1e-10,0.0489,39700000000.0,1480000000.0,10.6,-71.96
2.1e-05,2.4e-05,5e-13,3e-10,5e-11,0.0489,39700000000.0,1500000000.0,10.6,-71.9
2.1e-05,2.4e-05,5e-13,3e-10,1.5e-10,0.0489,39700000000.0,1490000000.0,10.6,-71.9
2.1e-05,2.4e-05,5e-13,3e-10,2e-10,0.0489,39700000000.0,1500000000.0,10.6,-71.91
2.1e-05,2.4e-05,5e-13,3e-10,2.5e-10,0.0489,39700000000.0,1500000000.0,10.6,-72.05
2.1e-05,2.4e-05,5e-13,3.5e-10,1e-10,0.0489,37400000000.0,1480000000.0,10.83,-71.57
2.1e-05,2.4e-05,5e-13,3.5e-10,5e-11,0.0489,37400000000.0,1500000000.0,10.83,-71.49
2.1e-05,2.4e-05,5e-13,3.5e-10,1.5e-10,0.0489,37400000000.0,1480000000.0,10.83,-71.48
2.1e-05,2.4e-05,5e-13,3.5e-10,2e-10,0.0489,37400000000.0,1480000000.0,10.83,-71.56
2.1e-05,2.4e-05,5e-13,3.5e-10,2.5e-10,0.0489,37400000000.0,1490000000.0,10.83,-71.63
2.1e-05,2.4e-05,5e-13,4.5e-10,1e-10,0.0489,34200000000.0,1490000000.0,11.1,-70.88
2.1e-05,2.4e-05,5e-13,4.5e-10,5e-11,0.0489,34200000000.0,1490000000.0,11.1,-70.92
2.1e-05,2.4e-05,5e-13,4.5e-10,1.5e-10,0.0489,34200000000.0,1490000000.0,11.1,-70.95
2.1e-05,2.4e-05,5e-13,4.5e-10,2e-10,0.0489,34200000000.0,1480000000.0,11.11,-70.94
2.1e-05,2.4e-05,5e-13,4.5e-10,2.5e-10,0.0489,34200000000.0,1490000000.0,11.1,-70.97
2.1e-05,2.4e-05,5e-13,5e-10,1e-10,0.0489,33000000000.0,1490000000.0,11.19,-70.72
2.1e-05,2.4e-05,5e-13,5e-10,5e-11,0.0489,33000000000.0,1470000000.0,11.19,-70.75
2.1e-05,2.4e-05,5e-13,5e-10,1.5e-10,0.0489,33000000000.0,1490000000.0,11.19,-70.74
2.1e-05,2.4e-05,5e-13,5e-10,2e-10,0.0489,33000000000.0,1470000000.0,11.19,-70.63
2.1e-05,2.4e-05,5e-13,5e-10,2.5e-10,0.0489,33000000000.0,1480000000.0,11.19,-70.76
2.1e-05,2.4e-05,3e-13,4e-10,1e-10,0.0489,35600000000.0,1490000000.0,10.99,-70.9
2.1e-05,2.4e-05,3e-13,4e-10,5e-11,0.0489,35600000000.0,1500000000.0,10.99,-71.18
2.1e-05,2.4e-05,3e-13,4e-10,1.5e-10,0.0489,35600000000.0,1500000000.0,10.99,-72.22
2.1e-05,2.4e-05,3e-13,4e-10,2e-10,0.0489,35600000000.0,1490000000.0,10.99,-71.12
2.1e-05,2.4e-05,3e-13,4e-10,2.5e-10,0.0489,35600000000.0,1500000000.0,10.99,-71.22
2.1e-05,2.4e-05,3e-13,3e-10,1e-10,0.0489,39700000000.0,1490000000.0,10.6,-71.92
2.1e-05,2.4e-05,3e-13,3e-10,5e-11,0.0489,39700000000.0,1480000000.0,10.6,-71.87
2.1e-05,2.4e-05,3e-13,3e-10,1.5e-10,0.0489,39700000000.0,1490000000.0,10.6,-71.89
2.1e-05,2.4e-05,3e-13,3e-10,2e-10,0.0489,39700000000.0,1490000000.0,10.6,-71.96
2.1e-05,2.4e-05,3e-13,3e-10,2.5e-10,0.0489,39700000000.0,1490000000.0,10.6,-72.76
2.1e-05,2.4e-05,3e-13,3.5e-10,1e-10,0.0489,37400000000.0,1500000000.0,10.83,-71.33
2.1e-05,2.4e-05,3e-13,3.5e-10,5e-11,0.0489,37400000000.0,1490000000.0,10.83,-71.58
2.1e-05,2.4e-05,3e-13,3.5e-10,1.5e-10,0.0489,37400000000.0,1500000000.0,10.83,-71.51
2.1e-05,2.4e-05,3e-13,3.5e-10,2e-10,0.0489,37400000000.0,1500000000.0,10.83,-71.55
2.1e-05,2.4e-05,3e-13,4.5e-10,1e-10,0.0489,34200000000.0,1490000000.0,11.1,-70.98
2.1e-05,2.4e-05,3e-13,4.5e-10,1.5e-10,0.0489,34200000000.0,1490000000.0,11.1,-70.9
2.1e-05,2.4e-05,3e-13,4.5e-10,2.5e-10,0.0489,34200000000.0,1480000000.0,11.11,-71.11
2.1e-05,2.4e-05,3e-13,5e-10,1e-10,0.0489,33000000000.0,1480000000.0,11.19,-70.72
2.1e-05,2.4e-05,3e-13,5e-10,5e-11,0.0489,33000000000.0,1470000000.0,11.19,-70.7
2.1e-05,2.4e-05,3e-13,5e-10,2.5e-10,0.0489,33000000000.0,1480000000.0,11.19,-70.7
2.1e-05,2.4e-05,4e-13,4e-10,1e-10,0.0489,35600000000.0,1490000000.0,10.99,-71.22
2.1e-05,2.4e-05,4e-13,4e-10,5e-11,0.0489,35600000000.0,1500000000.0,10.99,-71.11
2.1e-05,2.4e-05,4e-13,4e-10,1.5e-10,0.0489,35600000000.0,1490000000.0,10.99,-71.34
2.1e-05,2.4e-05,4e-13,4e-10,2.5e-10,0.0489,35600000000.0,1500000000.0,10.99,-71.27
2.1e-05,2.4e-05,4e-13,3e-10,1e-10,0.0489,39700000000.0,1480000000.0,10.6,-71.94
2.1e-05,2.4e-05,4e-13,3e-10,2e-10,0.0489,39700000000.0,1480000000.0,10.6,-71.97
2.1e-05,2.4e-05,4e-13,3.5e-10,1e-10,0.0489,37400000000.0,1490000000.0,10.83,-71.57
2.1e-05,2.4e-05,4e-13,3.5e-10,5e-11,0.0489,37400000000.0,1500000000.0,10.83,-71.47
2.1e-05,2.4e-05,4e-13,3.5e-10,1.5e-10,0.0489,37400000000.0,1490000000.0,10.83,-71.55
2.1e-05,2.4e-05,4e-13,3.5e-10,2e-10,0.0489,37400000000.0,1480000000.0,10.83,-71.52
2.1e-05,2.4e-05,4e-13,3.5e-10,2.5e-10,0.0489,37400000000.0,1490000000.0,10.83,-71.37
2.1e-05,2.4e-05,4e-13,4.5e-10,1e-10,0.0489,34200000000.0,1490000000.0,11.1,-70.91
2.1e-05,2.4e-05,4e-13,4.5e-10,5e-11,0.0489,34200000000.0,1480000000.0,11.11,-70.84
2.1e-05,2.4e-05,4e-13,4.5e-10,1.5e-10,0.0489,34200000000.0,1480000000.0,11.1,-70.94
2.1e-05,2.4e-05,4e-13,4.5e-10,2e-10,0.0489,34200000000.0,1480000000.0,11.11,-70.9
2.1e-05,2.4e-05,4e-13,4.5e-10,2.5e-10,0.0489,34200000000.0,1500000000.0,11.1,-70.93
2.1e-05,2.4e-05,4e-13,5e-10,1e-10,0.0489,33000000000.0,1480000000.0,11.19,-70.73
2.1e-05,2.4e-05,4e-13,5e-10,5e-11,0.0489,33000000000.0,1490000000.0,11.19,-70.71
2.1e-05,2.4e-05,4e-13,5e-10,1.5e-10,0.0489,33000000000.0,1470000000.0,11.19,-70.71
2.1e-05,2.4e-05,6e-13,4e-10,1e-10,0.0489,35600000000.0,1490000000.0,10.99,-71.23
2.1e-05,2.4e-05,6e-13,4e-10,5e-11,0.0489,35600000000.0,1480000000.0,10.99,-71.2
2.1e-05,2.4e-05,6e-13,4e-10,2e-10,0.0489,35600000000.0,1480000000.0,10.99,-72.15
2.1e-05,2.4e-05,6e-13,4e-10,2.5e-10,0.0489,35600000000.0,1490000000.0,10.99,-71.25
2.1e-05,2.4e-05,6e-13,3e-10,1e-10,0.0489,39700000000.0,1480000000.0,10.6,-72.01
2.1e-05,2.4e-05,6e-13,3e-10,1.5e-10,0.0489,39700000000.0,1490000000.0,10.6,-72.71
2.1e-05,2.4e-05,6e-13,3e-10,2e-10,0.0489,39700000000.0,1500000000.0,10.6,-71.95
2.1e-05,2.4e-05,6e-13,3.5e-10,1.5e-10,0.0489,37400000000.0,1490000000.0,10.83,-71.56
2.1e-05,2.4e-05,6e-13,3.5e-10,2e-10,0.0489,37400000000.0,1480000000.0,10.84,-71.53
2.1e-05,2.4e-05,6e-13,4.5e-10,5e-11,0.0489,34200000000.0,1480000000.0,11.11,-70.96
2.1e-05,2.4e-05,6e-13,4.5e-10,2e-10,0.0489,34200000000.0,1480000000.0,11.11,-70.86
2.1e-05,2.4e-05,6e-13,4.5e-10,2.5e-10,0.0489,34200000000.0,1490000000.0,11.1,-70.93
2.1e-05,2.4e-05,6e-13,5e-10,1e-10,0.0489,33000000000.0,1490000000.0,11.19,-70.86
2.1e-05,2.4e-05,6e-13,5e-10,5e-11,0.0489,33000000000.0,1490000000.0,11.19,-70.67
2.1e-05,2.4e-05,6e-13,5e-10,1.5e-10,0.0489,33000000000.0,1480000000.0,11.19,-70.62
2.1e-05,2.4e-05,6e-13,5e-10,2e-10,0.0489,33000000000.0,1490000000.0,11.19,-70.69
2.1e-05,2.4e-05,6e-13,5e-10,2.5e-10,0.0489,33000000000.0,1490000000.0,11.19,-71.15
2.1e-05,2.4e-05,7e-13,4e-10,1e-10,0.0489,35600000000.0,1500000000.0,10.99,-71.25
2.1e-05,2.4e-05,7e-13,4e-10,5e-11,0.0489,35600000000.0,1480000000.0,10.99,-71.14
2.1e-05,2.4e-05,7e-13,4e-10,1.5e-10,0.0489,35600000000.0,1490000000.0,10.99,-71.24
2.1e-05,2.4e-05,7e-13,4e-10,2.5e-10,0.0489,35600000000.0,1500000000.0,10.99,-71.21
2.1e-05,2.4e-05,7e-13,3e-10,5e-11,0.0489,39700000000.0,1490000000.0,10.6,-72.72
2.1e-05,2.4e-05,7e-13,3.5e-10,1e-10,0.0489,37400000000.0,1480000000.0,10.83,-71.53
2.1e-05,2.4e-05,7e-13,3.5e-10,5e-11,0.0489,37400000000.0,1490000000.0,10.83,-71.51
2.1e-05,2.4e-05,7e-13,3.5e-10,1.5e-10,0.0489,37400000000.0,1480000000.0,10.83,-71.59
2.1e-05,2.4e-05,7e-13,4.5e-10,1e-10,0.0489,34200000000.0,1480000000.0,11.1,-70.95
2.1e-05,2.4e-05,7e-13,4.5e-10,5e-11,0.0489,34200000000.0,1490000000.0,11.1,-71.83
2.1e-05,2.4e-05,7e-13,4.5e-10,1.5e-10,0.0489,34200000000.0,1490000000.0,11.1,-70.86
2.1e-05,2.4e-05,7e-13,4.5e-10,2.5e-10,0.0489,34200000000.0,1500000000.0,11.1,-70.67
2.1e-05,2.4e-05,7e-13,5e-10,1e-10,0.0489,33000000000.0,1490000000.0,11.19,-70.8
2.1e-05,2.4e-05,7e-13,5e-10,5e-11,0.0489,33000000000.0,1480000000.0,11.19,-70.68
2.1e-05,2.4e-05,7e-13,5e-10,2.5e-10,0.0489,33000000000.0,1500000000.0,11.19,-70.49
2.1e-05,2.5e-05,5e-13,4e-10,1e-10,0.0489,35600000000.0,1300000000.0,10.91,-70.89
2.1e-05,2.5e-05,5e-13,4e-10,5e-11,0.0489,35600000000.0,1300000000.0,10.91,-71.05
2.1e-05,2.5e-05,5e-13,4e-10,1.5e-10,0.0489,35600000000.0,1300000000.0,10.91,-71.21
2.1e-05,2.5e-05,5e-13,4e-10,2e-10,0.0489,35600000000.0,1300000000.0,10.91,-71.06
2.1e-05,2.5e-05,5e-13,4e-10,2.5e-10,0.0489,35600000000.0,1300000000.0,10.91,-71.16
2.1e-05,2.5e-05,5e-13,3e-10,1e-10,0.0489,39700000000.0,1260000000.0,10.5,-71.81
2.1e-05,2.5e-05,5e-13,3e-10,5e-11,0.0489,39700000000.0,1250000000.0,10.5,-71.8
2.1e-05,2.5e-05,5e-13,3e-10,1.5e-10,0.0489,39700000000.0,1250000000.0,10.5,-71.76
2.1e-05,2.5e-05,5e-13,3e-10,2e-10,0.0489,39700000000.0,1240000000.0,10.5,-71.8
2.1e-05,2.5e-05,5e-13,3.5e-10,1e-10,0.0489,37400000000.0,1280000000.0,10.74,-71.37
2.1e-05,2.5e-05,5e-13,3.5e-10,5e-11,0.0489,37400000000.0,1300000000.0,10.74,-70.92
2.1e-05,2.5e-05,5e-13,3.5e-10,1.5e-10,0.0489,37400000000.0,1280000000.0,10.75,-71.47
2.1e-05,2.5e-05,5e-13,3.5e-10,2.5e-10,0.0489,37400000000.0,1290000000.0,10.74,-71.41
2.1e-05,2.5e-05,5e-13,4.5e-10,1e-10,0.0489,34200000000.0,1330000000.0,11.03,-70.82
2.1e-05,2.5e-05,5e-13,4.5e-10,5e-11,0.0489,34200000000.0,1310000000.0,11.03,-70.81
2.1e-05,2.5e-05,5e-13,4.5e-10,1.5e-10,0.0489,34200000000.0,1310000000.0,11.03,-70.85
2.1e-05,2.5e-05,5e-13,4.5e-10,2e-10,0.0489,34200000000.0,1320000000.0,11.03,-70.83
2.1e-05,2.5e-05,5e-13,4.5e-10,2.5e-10,0.0489,34200000000.0,1310000000.0,11.03,-70.93
2.1e-05,2.5e-05,5e-13,5e-10,1e-10,0.0489,33000000000.0,1330000000.0,11.12,-70.65
2.1e-05,2.5e-05,5e-13,5e-10,5e-11,0.0489,33000000000.0,667000000.0,7.27,-74.33
2.1e-05,2.5e-05,5e-13,5e-10,1.5e-10,0.0489,33000000000.0,1330000000.0,11.12,-70.58
2.1e-05,2.5e-05,5e-13,5e-10,2e-10,0.0489,33000000000.0,1340000000.0,11.12,-70.75
2.1e-05,2.5e-05,5e-13,5e-10,2.5e-10,0.0489,33000000000.0,1320000000.0,11.12,-70.59
2.1e-05,2.5e-05,3e-13,4e-10,1e-10,0.0489,35600000000.0,1320000000.0,10.91,-71.06
2.1e-05,2.5e-05,3e-13,4e-10,5e-11,0.0489,35600000000.0,1300000000.0,10.91,-71.69
2.1e-05,2.5e-05,3e-13,4e-10,1.5e-10,0.0489,35600000000.0,1320000000.0,10.91,-71.08
2.1e-05,2.5e-05,3e-13,4e-10,2e-10,0.0489,35600000000.0,1320000000.0,10.91,-71.93
2.1e-05,2.5e-05,3e-13,4e-10,2.5e-10,0.0489,35600000000.0,1320000000.0,10.91,-71.22
2.1e-05,2.5e-05,3e-13,3e-10,5e-11,0.0489,39700000000.0,1260000000.0,10.5,-71.76
2.1e-05,2.5e-05,3e-13,3e-10,1.5e-10,0.0489,39700000000.0,1240000000.0,10.5,-71.81
2.1e-05,2.5e-05,3e-13,3e-10,2e-10,0.0489,39700000000.0,1250000000.0,10.5,-71.81
2.1e-05,2.5e-05,3e-13,3e-10,2.5e-10,0.0489,39700000000.0,1260000000.0,10.5,-71.78
2.1e-05,2.5e-05,3e-13,3.5e-10,1e-10,0.0489,37400000000.0,1290000000.0,10.74,-71.28
2.1e-05,2.5e-05,3e-13,3.5e-10,5e-11,0.0489,37400000000.0,1280000000.0,10.74,-71.4
2.1e-05,2.5e-05,3e-13,3.5e-10,1.5e-10,0.0489,37400000000.0,1290000000.0,10.74,-71.53
2.1e-05,2.5e-05,3e-13,3.5e-10,2e-10,0.0489,37400000000.0,1280000000.0,10.74,-71.3
2.1e-05,2.5e-05,3e-13,3.5e-10,2.5e-10,0.0489,37400000000.0,1290000000.0,10.74,-71.39
2.1e-05,2.5e-05,3e-13,4.5e-10,1e-10,0.0489,34200000000.0,1330000000.0,11.03,-70.81
2.1e-05,2.5e-05,3e-13,4.5e-10,5e-11,0.0489,34200000000.0,1330000000.0,11.03,-71.09
2.1e-05,2.5e-05,3e-13,4.5e-10,1.5e-10,0.0489,34200000000.0,1320000000.0,11.03,-70.82
2.1e-05,2.5e-05,3e-13,4.5e-10,2e-10,0.0489,34200000000.0,1320000000.0,11.03,-70.85
2.1e-05,2.5e-05,3e-13,4.5e-10,2.5e-10,0.0489,34200000000.0,1330000000.0,11.03,-70.75
2.1e-05,2.5e-05,3e-13,5e-10,1e-10,0.0489,33000000000.0,1320000000.0,11.12,-70.56
2.1e-05,2.5e-05,3e-13,5e-10,5e-11,0.0489,33000000000.0,1330000000.0,11.12,-70.61
2.1e-05,2.5e-05,3e-13,5e-10,1.5e-10,0.0489,33000000000.0,1340000000.0,11.12,-70.34
2.1e-05,2.5e-05,3e-13,5e-10,2e-10,0.0489,33000000000.0,1340000000.0,11.12,-71.93
2.1e-05,2.5e-05,3e-13,5e-10,2.5e-10,0.0489,33000000000.0,1340000000.0,11.12,-70.59
2.1e-05,2.5e-05,4e-13,4e-10,1e-10,0.0489,35600000000.0,1300000000.0,10.91,-71.02
2.1e-05,2.5e-05,4e-13,4e-10,5e-11,0.0489,35600000000.0,1300000000.0,10.91,-71.08
2.1e-05,2.5e-05,4e-13,4e-10,1.5e-10,0.0489,35600000000.0,1310000000.0,10.91,-71.08
2.1e-05,2.5e-05,4e-13,4e-10,2e-10,0.0489,35600000000.0,1300000000.0,10.91,-70.99
2.1e-05,2.5e-05,4e-13,4e-10,2.5e-10,0.0489,35600000000.0,1310000000.0,10.91,-70.81
2.1e-05,2.5e-05,4e-13,3e-10,1e-10,0.0489,39700000000.0,1240000000.0,10.5,-71.83
2.1e-05,2.5e-05,4e-13,3e-10,5e-11,0.0489,39700000000.0,1250000000.0,10.5,-71.14
2.1e-05,2.5e-05,4e-13,3e-10,2e-10,0.0489,39700000000.0,1260000000.0,10.5,-70.15
2.1e-05,2.5e-05,4e-13,3.5e-10,1e-10,0.0489,37400000000.0,1300000000.0,10.74,-71.37
2.1e-05,2.5e-05,4e-13,3.5e-10,5e-11,0.0489,37400000000.0,1290000000.0,10.74,-71.42
2.1e-05,2.5e-05,4e-13,3.5e-10,1.5e-10,0.0489,37400000000.0,1300000000.0,10.74,-71.45
2.1e-05,2.5e-05,4e-13,3.5e-10,2.5e-10,0.0489,37400000000.0,1300000000.0,10.74,-71.28
2.1e-05,2.5e-05,4e-13,4.5e-10,5e-11,0.0489,34200000000.0,1330000000.0,11.03,-70.87
2.1e-05,2.5e-05,4e-13,4.5e-10,2e-10,0.0489,34200000000.0,1310000000.0,11.03,-70.64
2.1e-05,2.5e-05,4e-13,4.5e-10,2.5e-10,0.0489,34200000000.0,1330000000.0,11.03,-70.86
2.1e-05,2.5e-05,4e-13,5e-10,1e-10,0.0489,33000000000.0,1340000000.0,11.12,-70.49
2.1e-05,2.5e-05,4e-13,5e-10,5e-11,0.0489,33000000000.0,1340000000.0,11.12,-70.6
2.1e-05,2.5e-05,4e-13,5e-10,1.5e-10,0.0489,33000000000.0,1320000000.0,11.12,-70.58
2.1e-05,2.5e-05,4e-13,5e-10,2e-10,0.0489,33000000000.0,1320000000.0,11.12,-70.49
2.1e-05,2.5e-05,4e-13,5e-10,2.5e-10,0.0489,33000000000.0,1320000000.0,11.12,-70.54
2.1e-05,2.5e-05,6e-13,4e-10,1e-10,0.0489,35600000000.0,1310000000.0,10.91,-70.96
2.1e-05,2.5e-05,6e-13,4e-10,5e-11,0.0489,35600000000.0,1320000000.0,10.91,-71.02
2.1e-05,2.5e-05,6e-13,4e-10,1.5e-10,0.0489,35600000000.0,1300000000.0,10.91,-71.11
2.1e-05,2.5e-05,6e-13,3e-10,1e-10,0.0489,39700000000.0,1260000000.0,10.5,-71.82
2.1e-05,2.5e-05,6e-13,3e-10,5e-11,0.0489,39700000000.0,1250000000.0,10.5,-71.78
2.1e-05,2.5e-05,6e-13,3e-10,1.5e-10,0.0489,39700000000.0,1250000000.0,10.5,-71.82
2.1e-05,2.5e-05,6e-13,3e-10,2.5e-10,0.0489,39700000000.0,1250000000.0,10.5,-72.4
2.1e-05,2.5e-05,6e-13,3.5e-10,1e-10,0.0489,37400000000.0,1280000000.0,10.75,-71.43
2.1e-05,2.5e-05,6e-13,3.5e-10,5e-11,0.0489,37400000000.0,1290000000.0,10.75,-71.43
2.1e-05,2.5e-05,6e-13,3.5e-10,1.5e-10,0.0489,37400000000.0,1290000000.0,10.74,-71.38
2.1e-05,2.5e-05,6e-13,3.5e-10,2e-10,0.0489,37400000000.0,1290000000.0,10.74,-71.44
2.1e-05,2.5e-05,6e-13,4.5e-10,1e-10,0.0489,34200000000.0,1330000000.0,11.03,-70.84
2.1e-05,2.5e-05,6e-13,4.5e-10,5e-11,0.0489,34200000000.0,1310000000.0,11.03,-70.82
2.1e-05,2.5e-05,6e-13,5e-10,1e-10,0.0489,33000000000.0,1330000000.0,11.12,-70.54
2.1e-05,2.5e-05,6e-13,5e-10,5e-11,0.0489,33000000000.0,634000000.0,7.37,-74.1
2.1e-05,2.5e-05,6e-13,5e-10,1.5e-10,0.0489,33000000000.0,1330000000.0,11.12,-70.62
2.1e-05,2.5e-05,6e-13,5e-10,2e-10,0.0489,33000000000.0,1330000000.0,11.12,-70.57
2.1e-05,2.5e-05,6e-13,5e-10,2.5e-10,0.0489,33000000000.0,1340000000.0,11.12,-71.51
2.1e-05,2.5e-05,7e-13,4e-10,5e-11,0.0489,35600000000.0,1310000000.0,10.91,-71.06
2.1e-05,2.5e-05,7e-13,4e-10,1.5e-10,0.0489,35600000000.0,1300000000.0,10.91,-71.13
2.1e-05,2.5e-05,7e-13,4e-10,2e-10,0.0489,35600000000.0,1310000000.0,10.91,-71.07
2.1e-05,2.5e-05,7e-13,4e-10,2.5e-10,0.0489,35600000000.0,1310000000.0,10.91,-71.11
2.1e-05,2.5e-05,7e-13,3e-10,1e-10,0.0489,39700000000.0,1250000000.0,10.5,-72.13
2.1e-05,2.5e-05,7e-13,3.5e-10,1e-10,0.0489,37400000000.0,1280000000.0,10.75,-71.41
2.1e-05,2.5e-05,7e-13,3.5e-10,5e-11,0.0489,37400000000.0,1280000000.0,10.74,-71.38
2.1e-05,2.5e-05,7e-13,3.5e-10,1.5e-10,0.0489,37400000000.0,1280000000.0,10.75,-71.31
2.1e-05,2.5e-05,7e-13,4.5e-10,1e-10,0.0489,34200000000.0,1310000000.0,11.03,-70.8
2.1e-05,2.5e-05,7e-13,4.5e-10,5e-11,0.0489,34200000000.0,1330000000.0,11.03,-70.73
2.1e-05,2.5e-05,7e-13,4.5e-10,1.5e-10,0.0489,34200000000.0,1320000000.0,11.03,-70.86
2.1e-05,2.5e-05,7e-13,4.5e-10,2e-10,0.0489,34200000000.0,1320000000.0,11.03,-70.8
2.1e-05,2.5e-05,7e-13,4.5e-10,2.5e-10,0.0489,34200000000.0,1310000000.0,11.03,-70.7
2.1e-05,2.5e-05,7e-13,5e-10,1e-10,0.0489,33000000000.0,1340000000.0,11.12,-70.53
2.1e-05,2.5e-05,7e-13,5e-10,1.5e-10,0.0489,33000000000.0,1330000000.0,11.12,-70.56
2.1e-05,2.5e-05,7e-13,5e-10,2.5e-10,0.0489,33000000000.0,1320000000.0,11.12,-70.75
2.2e-05,5e-06,5e-13,4e-10,1e-10,0.0513,38400000000.0,1230000000.0,11.93,-73.02
2.2e-05,5e-06,5e-13,4e-10,5e-11,0.0513,38400000000.0,1230000000.0,11.93,-72.95
2.2e-05,5e-06,5e-13,4e-10,1.5e-10,0.0513,38400000000.0,1230000000.0,11.93,-72.91
2.2e-05,5e-06,5e-13,4e-10,2e-10,0.0513,38400000000.0,1230000000.0,11.93,-72.93
2.2e-05,5e-06,5e-13,3e-10,1e-10,0.0513,42600000000.0,1360000000.0,11.66,-74.43
2.2e-05,5e-06,5e-13,3e-10,5e-11,0.0513,42600000000.0,1360000000.0,11.66,-74.44
2.2e-05,5e-06,5e-13,3e-10,1.5e-10,0.0513,42600000000.0,1360000000.0,11.66,-74.4
2.2e-05,5e-06,5e-13,3e-10,2e-10,0.0513,42600000000.0,1360000000.0,11.66,-74.5
2.2e-05,5e-06,5e-13,3.5e-10,1e-10,0.0513,40300000000.0,1280000000.0,11.83,-73.71
2.2e-05,5e-06,5e-13,3.5e-10,5e-11,0.0513,40300000000.0,1290000000.0,11.83,-73.55
2.2e-05,5e-06,5e-13,3.5e-10,1.5e-10,0.0513,40300000000.0,1280000000.0,11.83,-73.58
2.2e-05,5e-06,5e-13,3.5e-10,2e-10,0.0513,40300000000.0,1290000000.0,11.83,-73.67
2.2e-05,5e-06,5e-13,4.5e-10,1e-10,0.0513,36900000000.0,1190000000.0,12.01,-72.57
2.2e-05,5e-06,5e-13,4.5e-10,5e-11,0.0513,36900000000.0,1190000000.0,12.0,-72.42
2.2e-05,5e-06,5e-13,4.5e-10,1.5e-10,0.0513,36900000000.0,1190000000.0,12.01,-72.61
2.2e-05,5e-06,5e-13,4.5e-10,2e-10,0.0513,36900000000.0,1190000000.0,12.01,-72.6
2.2e-05,5e-06,5e-13,4.5e-10,2.5e-10,0.0513,36900000000.0,1190000000.0,12.0,-72.43
2.2e-05,5e-06,5e-13,5e-10,1e-10,0.0513,35700000000.0,1150000000.0,12.05,-72.17
2.2e-05,5e-06,5e-13,5e-10,5e-11,0.0513,35700000000.0,1150000000.0,12.06,-72.21
2.2e-05,5e-06,5e-13,5e-10,1.5e-10,0.0513,35700000000.0,1150000000.0,12.05,-72.19
2.2e-05,5e-06,5e-13,5e-10,2e-10,0.0513,35700000000.0,1160000000.0,12.06,-72.1
2.2e-05,5e-06,5e-13,5e-10,2.5e-10,0.0513,35700000000.0,1160000000.0,12.05,-72.1
2.2e-05,5e-06,3e-13,4e-10,1e-10,0.0513,38400000000.0,1230000000.0,11.93,-75.96
2.2e-05,5e-06,3e-13,4e-10,5e-11,0.0513,38400000000.0,1230000000.0,11.93,-72.94
2.2e-05,5e-06,3e-13,4e-10,1.5e-10,0.0513,38400000000.0,1230000000.0,11.94,-73.1
2.2e-05,5e-06,3e-13,4e-10,2e-10,0.0513,38400000000.0,1230000000.0,11.93,-72.92
2.2e-05,5e-06,3e-13,4e-10,2.5e-10,0.0513,38400000000.0,1230000000.0,11.93,-72.96
2.2e-05,5e-06,3e-13,3e-10,1e-10,0.0513,42600000000.0,1360000000.0,11.66,-74.15
2.2e-05,5e-06,3e-13,3e-10,5e-11,0.0513,42600000000.0,1360000000.0,11.66,-74.36
2.2e-05,5e-06,3e-13,3e-10,1.5e-10,0.0513,42600000000.0,1360000000.0,11.66,-74.52
2.2e-05,5e-06,3e-13,3e-10,2.5e-10,0.0513,42600000000.0,1360000000.0,11.66,-74.33
2.2e-05,5e-06,3e-13,3.5e-10,5e-11,0.0513,40300000000.0,1280000000.0,11.83,-73.72
2.2e-05,5e-06,3e-13,3.5e-10,2.5e-10,0.0513,40300000000.0,1290000000.0,11.83,-73.51
2.2e-05,5e-06,3e-13,4.5e-10,1e-10,0.0513,36900000000.0,1190000000.0,12.01,-71.73
2.2e-05,5e-06,3e-13,4.5e-10,5e-11,0.0513,36900000000.0,1180000000.0,12.0,-72.6
2.2e-05,5e-06,3e-13,4.5e-10,1.5e-10,0.0513,36900000000.0,1190000000.0,12.0,-72.37
2.2e-05,5e-06,3e-13,4.5e-10,2e-10,0.0513,36900000000.0,1200000000.0,12.0,-72.48
2.2e-05,5e-06,3e-13,5e-10,1e-10,0.0513,35700000000.0,1150000000.0,12.05,-72.15
2.2e-05,5e-06,3e-13,5e-10,5e-11,0.0513,35700000000.0,1150000000.0,12.05,-72.21
2.2e-05,5e-06,3e-13,5e-10,1.5e-10,0.0513,35700000000.0,1160000000.0,12.05,-72.07
2.2e-05,5e-06,3e-13,5e-10,2e-10,0.0513,35700000000.0,1160000000.0,12.05,-72.04
2.2e-05,5e-06,3e-13,5e-10,2.5e-10,0.0513,35700000000.0,1150000000.0,12.05,-72.16
2.2e-05,5e-06,4e-13,4e-10,5e-11,0.0513,38400000000.0,1230000000.0,11.94,-73.04
2.2e-05,5e-06,4e-13,3e-10,1e-10,0.0513,42600000000.0,1360000000.0,11.66,-74.42
2.2e-05,5e-06,4e-13,3e-10,5e-11,0.0513,42600000000.0,1360000000.0,11.66,-74.34
2.2e-05,5e-06,4e-13,3e-10,1.5e-10,0.0513,42600000000.0,1360000000.0,11.66,-74.48
2.2e-05,5e-06,4e-13,3e-10,2e-10,0.0513,42600000000.0,1360000000.0,11.66,-74.49
2.2e-05,5e-06,4e-13,3e-10,2.5e-10,0.0513,42600000000.0,1360000000.0,11.66,-74.35
2.2e-05,5e-06,4e-13,3.5e-10,5e-11,0.0513,40300000000.0,1290000000.0,11.83,-73.56
2.2e-05,5e-06,4e-13,3.5e-10,1.5e-10,0.0513,40300000000.0,1290000000.0,11.83,-73.53
2.2e-05,5e-06,4e-13,3.5e-10,2.5e-10,0.0513,40300000000.0,1280000000.0,11.83,-73.62
2.2e-05,5e-06,4e-13,4.5e-10,1e-10,0.0513,36900000000.0,1200000000.0,12.0,-72.5
2.2e-05,5e-06,4e-13,4.5e-10,5e-11,0.0513,36900000000.0,1180000000.0,12.0,-72.61
2.2e-05,5e-06,4e-13,4.5e-10,2.5e-10,0.0513,36900000000.0,1190000000.0,12.01,-72.65
2.2e-05,5e-06,4e-13,5e-10,1e-10,0.0513,35700000000.0,1160000000.0,12.06,-72.15
2.2e-05,5e-06,4e-13,5e-10,5e-11,0.0513,35700000000.0,1160000000.0,12.05,-72.05
2.2e-05,5e-06,4e-13,5e-10,1.5e-10,0.0513,35700000000.0,1160000000.0,12.05,-72.08
2.2e-05,5e-06,4e-13,5e-10,2e-10,0.0513,35700000000.0,1150000000.0,12.05,-72.12
2.2e-05,5e-06,4e-13,5e-10,2.5e-10,0.0513,35700000000.0,1160000000.0,12.06,-72.12
2.2e-05,5e-06,6e-13,4e-10,1e-10,0.0513,38400000000.0,1230000000.0,11.93,-72.87
2.2e-05,5e-06,6e-13,4e-10,2e-10,0.0513,38400000000.0,1230000000.0,11.94,-73.01
2.2e-05,5e-06,6e-13,3e-10,5e-11,0.0513,42600000000.0,1360000000.0,11.66,-74.68
2.2e-05,5e-06,6e-13,3e-10,1.5e-10,0.0513,42600000000.0,1360000000.0,11.66,-74.37
2.2e-05,5e-06,6e-13,3e-10,2e-10,0.0513,42600000000.0,1360000000.0,11.66,-74.29
2.2e-05,5e-06,6e-13,3e-10,2.5e-10,0.0513,42600000000.0,1360000000.0,11.66,-74.56
2.2e-05,5e-06,6e-13,3.5e-10,1e-10,0.0513,40300000000.0,1280000000.0,11.83,-73.75
2.2e-05,5e-06,6e-13,3.5e-10,5e-11,0.0513,40300000000.0,1290000000.0,11.83,-73.65
2.2e-05,5e-06,6e-13,3.5e-10,2e-10,0.0513,40300000000.0,1280000000.0,11.83,-73.68
2.2e-05,5e-06,6e-13,3.5e-10,2.5e-10,0.0513,40300000000.0,1280000000.0,11.83,-73.69
2.2e-05,5e-06,6e-13,4.5e-10,1e-10,0.0513,36900000000.0,1180000000.0,12.0,-72.46
2.2e-05,5e-06,6e-13,4.5e-10,2e-10,0.0513,36900000000.0,1180000000.0,12.0,-72.59
2.2e-05,5e-06,6e-13,5e-10,1e-10,0.0513,35700000000.0,1160000000.0,12.05,-72.02
2.2e-05,5e-06,6e-13,5e-10,5e-11,0.0513,35700000000.0,1160000000.0,12.06,-72.21
2.2e-05,5e-06,6e-13,5e-10,1.5e-10,0.0513,35700000000.0,1160000000.0,12.06,-71.78
2.2e-05,5e-06,7e-13,4e-10,1.5e-10,0.0513,38400000000.0,1230000000.0,11.93,-72.88
2.2e-05,5e-06,7e-13,3e-10,5e-11,0.0513,42600000000.0,1360000000.0,11.66,-74.22
2.2e-05,5e-06,7e-13,3e-10,2.5e-10,0.0513,42600000000.0,1360000000.0,11.66,-74.79
2.2e-05,5e-06,7e-13,3.5e-10,5e-11,0.0513,40300000000.0,1290000000.0,11.83,-73.57
2.2e-05,5e-06,7e-13,3.5e-10,1.5e-10,0.0513,40300000000.0,1280000000.0,11.83,-73.61
2.2e-05,5e-06,7e-13,3.5e-10,2e-10,0.0513,40300000000.0,1280000000.0,11.83,-73.66
2.2e-05,5e-06,7e-13,3.5e-10,2.5e-10,0.0513,40300000000.0,1280000000.0,11.83,-73.63
2.2e-05,5e-06,7e-13,4.5e-10,1.5e-10,0.0513,36900000000.0,1190000000.0,12.0,-72.46
2.2e-05,5e-06,7e-13,4.5e-10,2e-10,0.0513,36900000000.0,1190000000.0,12.0,-72.32
2.2e-05,5e-06,7e-13,4.5e-10,2.5e-10,0.0513,36900000000.0,1190000000.0,12.01,-72.47
2.2e-05,5e-06,7e-13,5e-10,1e-10,0.0513,35700000000.0,1150000000.0,12.05,-72.22
2.2e-05,5e-06,7e-13,5e-10,5e-11,0.0513,35700000000.0,1150000000.0,12.05,-72.18
2.2e-05,5e-06,7e-13,5e-10,1.5e-10,0.0513,35700000000.0,1160000000.0,12.05,-72.03
2.2e-05,6e-06,5e-13,4e-10,1e-10,0.0513,38100000000.0,1410000000.0,11.92,-73.0
2.2e-05,6e-06,5e-13,4e-10,5e-11,0.0513,38100000000.0,1410000000.0,11.92,-72.96
2.2e-05,6e-06,5e-13,4e-10,1.5e-10,0.0513,38100000000.0,1400000000.0,11.92,-73.04
2.2e-05,6e-06,5e-13,4e-10,2e-10,0.0513,38100000000.0,1400000000.0,11.92,-73.13
2.2e-05,6e-06,5e-13,4e-10,2.5e-10,0.0513,38100000000.0,1410000000.0,11.92,-72.95
2.2e-05,6e-06,5e-13,3e-10,1e-10,0.0513,42200000000.0,1550000000.0,11.66,-74.35
2.2e-05,6e-06,5e-13,3e-10,5e-11,0.0513,42200000000.0,1550000000.0,11.66,-74.37
2.2e-05,6e-06,5e-13,3e-10,1.5e-10,0.0513,42200000000.0,1550000000.0,11.66,-74.44
2.2e-05,6e-06,5e-13,3e-10,2e-10,0.0513,42200000000.0,1550000000.0,11.66,-74.39
2.2e-05,6e-06,5e-13,3e-10,2.5e-10,0.0513,42200000000.0,1560000000.0,11.66,-74.34
2.2e-05,6e-06,5e-13,3.5e-10,1e-10,0.0513,39900000000.0,1470000000.0,11.82,-73.64
2.2e-05,6e-06,5e-13,3.5e-10,5e-11,0.0513,39900000000.0,1470000000.0,11.82,-73.56
2.2e-05,6e-06,5e-13,3.5e-10,1.5e-10,0.0513,39900000000.0,1470000000.0,11.82,-73.66
2.2e-05,6e-06,5e-13,3.5e-10,2e-10,0.0513,39900000000.0,1470000000.0,11.82,-73.68
2.2e-05,6e-06,5e-13,3.5e-10,2.5e-10,0.0513,39900000000.0,1470000000.0,11.82,-73.65
2.2e-05,6e-06,5e-13,4.5e-10,1e-10,0.0513,36600000000.0,1360000000.0,11.99,-72.58
2.2e-05,6e-06,5e-13,4.5e-10,5e-11,0.0513,36600000000.0,1360000000.0,11.99,-72.67
2.2e-05,6e-06,5e-13,4.5e-10,2e-10,0.0513,36600000000.0,1370000000.0,11.99,-72.48
2.2e-05,6e-06,5e-13,4.5e-10,2.5e-10,0.0513,36600000000.0,1360000000.0,11.99,-72.63
2.2e-05,6e-06,5e-13,5e-10,1e-10,0.0513,35400000000.0,1320000000.0,12.04,-72.24
2.2e-05,6e-06,5e-13,5e-10,1.5e-10,0.0513,35400000000.0,1320000000.0,12.03,-72.11
2.2e-05,6e-06,5e-13,5e-10,2.5e-10,0.0513,35400000000.0,1330000000.0,12.04,-72.13
2.2e-05,6e-06,3e-13,4e-10,1e-10,0.0513,38100000000.0,1410000000.0,11.92,-73.07
2.2e-05,6e-06,3e-13,4e-10,5e-11,0.0513,38100000000.0,1400000000.0,11.92,-73.11
2.2e-05,6e-06,3e-13,4e-10,1.5e-10,0.0513,38100000000.0,1400000000.0,11.92,-73.12
2.2e-05,6e-06,3e-13,4e-10,2e-10,0.0513,38100000000.0,1400000000.0,11.92,-73.1
2.2e-05,6e-06,3e-13,4e-10,2.5e-10,0.0513,38100000000.0,1410000000.0,11.92,-73.06
2.2e-05,6e-06,3e-13,3e-10,1e-10,0.0513,42200000000.0,1550000000.0,11.66,-74.33
2.2e-05,6e-06,3e-13,3e-10,5e-11,0.0513,42200000000.0,1550000000.0,11.66,-74.46
2.2e-05,6e-06,3e-13,3e-10,1.5e-10,0.0513,42200000000.0,1560000000.0,11.66,-74.52
2.2e-05,6e-06,3e-13,3e-10,2e-10,0.0513,42200000000.0,1560000000.0,11.66,-74.33
2.2e-05,6e-06,3e-13,3e-10,2.5e-10,0.0513,42200000000.0,1550000000.0,11.66,-72.72
2.2e-05,6e-06,3e-13,3.5e-10,1e-10,0.0513,39900000000.0,1470000000.0,11.82,-73.57
2.2e-05,6e-06,3e-13,3.5e-10,5e-11,0.0513,39900000000.0,1470000000.0,11.82,-73.71
2.2e-05,6e-06,3e-13,4.5e-10,5e-11,0.0513,36600000000.0,1360000000.0,11.98,-72.5
2.2e-05,6e-06,3e-13,4.5e-10,1.5e-10,0.0513,36600000000.0,1350000000.0,11.99,-72.63
2.2e-05,6e-06,3e-13,4.5e-10,2.5e-10,0.0513,36600000000.0,1370000000.0,11.99,-72.49
2.2e-05,6e-06,3e-13,5e-10,1e-10,0.0513,35400000000.0,1330000000.0,12.04,-72.14
2.2e-05,6e-06,3e-13,5e-10,5e-11,0.0513,35400000000.0,1320000000.0,12.03,-72.15
2.2e-05,6e-06,3e-13,5e-10,1.5e-10,0.0513,35400000000.0,1320000000.0,12.03,-72.22
2.2e-05,6e-06,3e-13,5e-10,2e-10,0.0513,35400000000.0,1330000000.0,12.04,-71.9
2.2e-05,6e-06,3e-13,5e-10,2.5e-10,0.0513,35400000000.0,1330000000.0,12.03,-72.06
2.2e-05,6e-06,4e-13,4e-10,1e-10,0.0513,38100000000.0,1410000000.0,11.92,-72.94
2.2e-05,6e-06,4e-13,4e-10,1.5e-10,0.0513,38100000000.0,1410000000.0,11.92,-72.99
2.2e-05,6e-06,4e-13,3e-10,1e-10,0.0513,42200000000.0,1560000000.0,11.66,-74.23
2.2e-05,6e-06,4e-13,3e-10,5e-11,0.0513,42200000000.0,1550000000.0,11.66,-74.45
2.2e-05,6e-06,4e-13,3e-10,1.5e-10,0.0513,42200000000.0,1550000000.0,11.66,-74.29
2.2e-05,6e-06,4e-13,3e-10,2e-10,0.0513,42200000000.0,1550000000.0,11.66,-74.43
2.2e-05,6e-06,4e-13,3e-10,2.5e-10,0.0513,42200000000.0,1550000000.0,11.66,-74.21
2.2e-05,6e-06,4e-13,3.5e-10,1e-10,0.0513,39900000000.0,1470000000.0,11.82,-73.72
2.2e-05,6e-06,4e-13,3.5e-10,5e-11,0.0513,39900000000.0,1470000000.0,11.82,-73.5
2.2e-05,6e-06,4e-13,3.5e-10,1.5e-10,0.0513,39900000000.0,1470000000.0,11.82,-73.69
2.2e-05,6e-06,4e-13,3.5e-10,2.5e-10,0.0513,39900000000.0,1470000000.0,11.82,-73.73
2.2e-05,6e-06,4e-13,4.5e-10,1e-10,0.0513,36600000000.0,1360000000.0,11.99,-72.55
2.2e-05,6e-06,4e-13,4.5e-10,2.5e-10,0.0513,36600000000.0,1360000000.0,11.99,-72.45
2.2e-05,6e-06,4e-13,5e-10,1e-10,0.0513,35400000000.0,1320000000.0,12.03,-72.2
2.2e-05,6e-06,4e-13,5e-10,5e-11,0.0513,35400000000.0,1320000000.0,12.03,-72.1
2.2e-05,6e-06,4e-13,5e-10,2.5e-10,0.0513,35400000000.0,1320000000.0,12.04,-72.26
2.2e-05,6e-06,6e-13,4e-10,5e-11,0.0513,38100000000.0,1410000000.0,11.92,-73.08
2.2e-05,6e-06,6e-13,4e-10,2.5e-10,0.0513,38100000000.0,1410000000.0,11.92,-72.98
2.2e-05,6e-06,6e-13,3e-10,1e-10,0.0513,42200000000.0,1550000000.0,11.66,-74.24
2.2e-05,6e-06,6e-13,3e-10,1.5e-10,0.0513,42200000000.0,1550000000.0,11.66,-75.33
2.2e-05,6e-06,6e-13,3e-10,2e-10,0.0513,42200000000.0,1560000000.0,11.66,-74.53
2.2e-05,6e-06,6e-13,3.5e-10,1.5e-10,0.0513,39900000000.0,1470000000.0,11.82,-73.63
2.2e-05,6e-06,6e-13,3.5e-10,2e-10,0.0513,39900000000.0,1470000000.0,11.82,-73.6
2.2e-05,6e-06,6e-13,3.5e-10,2.5e-10,0.0513,39900000000.0,1470000000.0,11.82,-73.67
2.2e-05,6e-06,6e-13,4.5e-10,1e-10,0.0513,36600000000.0,1360000000.0,11.99,-72.65
2.2e-05,6e-06,6e-13,4.5e-10,1.5e-10,0.0513,36600000000.0,1360000000.0,11.99,-72.62
2.2e-05,6e-06,6e-13,4.5e-10,2.5e-10,0.0513,36600000000.0,1350000000.0,11.99,-72.64
2.2e-05,6e-06,6e-13,5e-10,5e-11,0.0513,35400000000.0,1320000000.0,12.04,-72.2
2.2e-05,6e-06,6e-13,5e-10,1.5e-10,0.0513,35400000000.0,1320000000.0,12.03,-72.19
2.2e-05,6e-06,6e-13,5e-10,2e-10,0.0513,35400000000.0,1330000000.0,12.04,-72.07
2.2e-05,6e-06,6e-13,5e-10,2.5e-10,0.0513,35400000000.0,1320000000.0,12.04,-72.27
2.2e-05,6e-06,7e-13,4e-10,1e-10,0.0513,38100000000.0,1400000000.0,11.92,-73.05
2.2e-05,6e-06,7e-13,4e-10,5e-11,0.0513,38100000000.0,1410000000.0,11.92,-73.09
2.2e-05,6e-06,7e-13,4e-10,2e-10,0.0513,38100000000.0,1400000000.0,11.92,-73.16
2.2e-05,6e-06,7e-13,3e-10,1e-10,0.0513,42200000000.0,1550000000.0,11.66,-74.52
2.2e-05,6e-06,7e-13,3e-10,5e-11,0.0513,42200000000.0,1550000000.0,11.66,-74.47
2.2e-05,6e-06,7e-13,3e-10,1.5e-10,0.0513,42200000000.0,1550000000.0,11.66,-74.36
2.2e-05,6e-06,7e-13,3e-10,2e-10,0.0513,42200000000.0,1550000000.0,11.66,-74.32
2.2e-05,6e-06,7e-13,3.5e-10,2e-10,0.0513,39900000000.0,1470000000.0,11.82,-73.59
2.2e-05,6e-06,7e-13,3.5e-10,2.5e-10,0.0513,39900000000.0,1470000000.0,11.82,-73.49
2.2e-05,6e-06,7e-13,4.5e-10,1e-10,0.0513,36600000000.0,1360000000.0,11.99,-72.64
2.2e-05,6e-06,7e-13,5e-10,1e-10,0.0513,35400000000.0,1330000000.0,12.04,-72.15
2.2e-05,6e-06,7e-13,5e-10,5e-11,0.0513,35400000000.0,1320000000.0,12.04,-72.23
2.2e-05,6e-06,7e-13,5e-10,1.5e-10,0.0513,35400000000.0,1320000000.0,12.03,-72.17
2.2e-05,6e-06,7e-13,5e-10,2e-10,0.0513,35400000000.0,1330000000.0,12.04,-72.06
2.2e-05,7e-06,5e-13,4e-10,1e-10,0.0513,37700000000.0,1560000000.0,11.9,-73.08
2.2e-05,7e-06,5e-13,4e-10,5e-11,0.0513,37700000000.0,1560000000.0,11.9,-73.13
2.2e-05,7e-06,5e-13,4e-10,1.5e-10,0.0513,37700000000.0,1560000000.0,11.9,-73.02
2.2e-05,7e-06,5e-13,4e-10,2e-10,0.0513,37700000000.0,1560000000.0,11.9,-72.94
2.2e-05,7e-06,5e-13,4e-10,2.5e-10,0.0513,37700000000.0,1560000000.0,11.9,-72.96
2.2e-05,7e-06,5e-13,3e-10,1e-10,0.0513,41800000000.0,1720000000.0,11.65,-74.26
2.2e-05,7e-06,5e-13,3e-10,5e-11,0.0513,41800000000.0,1720000000.0,11.65,-74.48
2.2e-05,7e-06,5e-13,3e-10,1.5e-10,0.0513,41800000000.0,1720000000.0,11.65,-74.51
2.2e-05,7e-06,5e-13,3e-10,2e-10,0.0513,41800000000.0,1720000000.0,11.65,-75.06
2.2e-05,7e-06,5e-13,3e-10,2.5e-10,0.0513,41800000000.0,1720000000.0,11.65,-73.99
2.2e-05,7e-06,5e-13,3.5e-10,1e-10,0.0513,39500000000.0,1630000000.0,11.8,-73.71
2.2e-05,7e-06,5e-13,3.5e-10,5e-11,0.0513,39500000000.0,1630000000.0,11.8,-73.81
2.2e-05,7e-06,5e-13,3.5e-10,1.5e-10,0.0513,39500000000.0,1630000000.0,11.8,-73.67
2.2e-05,7e-06,5e-13,3.5e-10,2e-10,0.0513,39500000000.0,1620000000.0,11.81,-73.7
2.2e-05,7e-06,5e-13,3.5e-10,2.5e-10,0.0513,39500000000.0,1620000000.0,11.81,-73.71
2.2e-05,7e-06,5e-13,4.5e-10,1e-10,0.0513,36300000000.0,1510000000.0,11.97,-72.59
2.2e-05,7e-06,5e-13,4.5e-10,1.5e-10,0.0513,36300000000.0,1510000000.0,11.97,-72.5
2.2e-05,7e-06,5e-13,4.5e-10,2e-10,0.0513,36300000000.0,1500000000.0,11.97,-72.66
2.2e-05,7e-06,5e-13,4.5e-10,2.5e-10,0.0513,36300000000.0,1500000000.0,11.97,-72.65
2.2e-05,7e-06,5e-13,5e-10,1e-10,0.0513,35000000000.0,1470000000.0,12.02,-72.18
2.2e-05,7e-06,5e-13,5e-10,5e-11,0.0513,35000000000.0,1470000000.0,12.02,-72.1
2.2e-05,7e-06,5e-13,5e-10,1.5e-10,0.0513,35000000000.0,1460000000.0,12.01,-72.2
2.2e-05,7e-06,5e-13,5e-10,2e-10,0.0513,35000000000.0,1460000000.0,12.02,-72.27
2.2e-05,7e-06,3e-13,4e-10,1e-10,0.0513,37700000000.0,1560000000.0,11.9,-72.88
2.2e-05,7e-06,3e-13,4e-10,5e-11,0.0513,37700000000.0,1560000000.0,11.9,-73.12
2.2e-05,7e-06,3e-13,4e-10,1.5e-10,0.0513,37700000000.0,1560000000.0,11.9,-72.97
2.2e-05,7e-06,3e-13,4e-10,2.5e-10,0.0513,37700000000.0,1560000000.0,11.9,-73.06
2.2e-05,7e-06,3e-13,3e-10,1e-10,0.0513,41800000000.0,1720000000.0,11.65,-74.29
2.2e-05,7e-06,3e-13,3e-10,5e-11,0.0513,41800000000.0,1720000000.0,11.65,-74.65
2.2e-05,7e-06,3e-13,3e-10,1.5e-10,0.0513,41800000000.0,1720000000.0,11.65,-74.37
2.2e-05,7e-06,3e-13,3e-10,2e-10,0.0513,41800000000.0,1720000000.0,11.65,-74.41
2.2e-05,7e-06,3e-13,3e-10,2.5e-10,0.0513,41800000000.0,1720000000.0,11.65,-74.38
2.2e-05,7e-06,3e-13,3.5e-10,1e-10,0.0513,39500000000.0,1630000000.0,11.81,-73.47
2.2e-05,7e-06,3e-13,3.5e-10,5e-11,0.0513,39500000000.0,1630000000.0,11.8,-73.7
2.2e-05,7e-06,3e-13,3.5e-10,1.5e-10,0.0513,39500000000.0,1630000000.0,11.81,-73.54
2.2e-05,7e-06,3e-13,3.5e-10,2e-10,0.0513,39500000000.0,1630000000.0,11.8,-73.64
2.2e-05,7e-06,3e-13,3.5e-10,2.5e-10,0.0513,39500000000.0,1630000000.0,11.81,-73.46
2.2e-05,7e-06,3e-13,4.5e-10,5e-11,0.0513,36300000000.0,1510000000.0,11.97,-72.57
2.2e-05,7e-06,3e-13,4.5e-10,2e-10,0.0513,36300000000.0,1510000000.0,11.97,-72.45
2.2e-05,7e-06,3e-13,4.5e-10,2.5e-10,0.0513,36300000000.0,1510000000.0,11.97,-72.54
2.2e-05,7e-06,3e-13,5e-10,1e-10,0.0513,35000000000.0,1470000000.0,12.02,-72.14
2.2e-05,7e-06,3e-13,5e-10,5e-11,0.0513,35000000000.0,1470000000.0,12.01,-72.17
2.2e-05,7e-06,3e-13,5e-10,1.5e-10,0.0513,35000000000.0,1470000000.0,12.02,-72.08
2.2e-05,7e-06,3e-13,5e-10,2e-10,0.0513,35000000000.0,1470000000.0,12.02,-72.13
2.2e-05,7e-06,3e-13,5e-10,2.5e-10,0.0513,35000000000.0,1460000000.0,12.02,-72.26
2.2e-05,7e-06,4e-13,4e-10,1.5e-10,0.0513,37700000000.0,1560000000.0,11.9,-72.98
2.2e-05,7e-06,4e-13,4e-10,2.5e-10,0.0513,37700000000.0,1560000000.0,11.9,-73.03
2.2e-05,7e-06,4e-13,3e-10,1e-10,0.0513,41800000000.0,1720000000.0,11.65,-74.16
2.2e-05,7e-06,4e-13,3e-10,5e-11,0.0513,41800000000.0,1720000000.0,11.65,-74.34
2.2e-05,7e-06,4e-13,3e-10,2e-10,0.0513,41800000000.0,1720000000.0,11.65,-75.41
2.2e-05,7e-06,4e-13,3e-10,2.5e-10,0.0513,41800000000.0,1720000000.0,11.65,-75.22
2.2e-05,7e-06,4e-13,3.5e-10,1e-10,0.0513,39500000000.0,1630000000.0,11.8,-73.69
2.2e-05,7e-06,4e-13,3.5e-10,5e-11,0.0513,39500000000.0,1630000000.0,11.81,-73.61
2.2e-05,7e-06,4e-13,3.5e-10,1.5e-10,0.0513,39500000000.0,1630000000.0,11.81,-73.5
2.2e-05,7e-06,4e-13,3.5e-10,2e-10,0.0513,39500000000.0,1630000000.0,11.81,-73.62
2.2e-05,7e-06,4e-13,4.5e-10,5e-11,0.0513,36300000000.0,1500000000.0,11.97,-72.68
2.2e-05,7e-06,4e-13,4.5e-10,1.5e-10,0.0513,36300000000.0,1500000000.0,11.97,-72.63
2.2e-05,7e-06,4e-13,4.5e-10,2e-10,0.0513,36300000000.0,1510000000.0,11.97,-72.52
2.2e-05,7e-06,4e-13,4.5e-10,2.5e-10,0.0513,36300000000.0,1510000000.0,11.97,-72.46
2.2e-05,7e-06,4e-13,5e-10,1e-10,0.0513,35000000000.0,1460000000.0,12.02,-72.24
2.2e-05,7e-06,4e-13,5e-10,5e-11,0.0513,35000000000.0,1470000000.0,12.02,-72.23
2.2e-05,7e-06,4e-13,5e-10,1.5e-10,0.0513,35000000000.0,1470000000.0,12.02,-72.21
2.2e-05,7e-06,4e-13,5e-10,2e-10,0.0513,35000000000.0,1470000000.0,12.02,-72.24
2.2e-05,7e-06,4e-13,5e-10,2.5e-10,0.0513,35000000000.0,1470000000.0,12.02,-72.19
2.2e-05,7e-06,6e-13,4e-10,1e-10,0.0513,37700000000.0,1560000000.0,11.9,-73.04
2.2e-05,7e-06,6e-13,4e-10,2e-10,0.0513,37700000000.0,1560000000.0,11.91,-73.08
2.2e-05,7e-06,6e-13,4e-10,2.5e-10,0.0513,37700000000.0,1560000000.0,11.91,-73.06
2.2e-05,7e-06,6e-13,3e-10,1e-10,0.0513,41800000000.0,1720000000.0,11.65,-75.4
2.2e-05,7e-06,6e-13,3e-10,5e-11,0.0513,41800000000.0,1720000000.0,11.65,-74.44
2.2e-05,7e-06,6e-13,3e-10,1.5e-10,0.0513,41800000000.0,1720000000.0,11.65,-74.07
2.2e-05,7e-06,6e-13,3e-10,2e-10,0.0513,41800000000.0,1720000000.0,11.65,-74.36
2.2e-05,7e-06,6e-13,3e-10,2.5e-10,0.0513,41800000000.0,1720000000.0,11.65,-74.47
2.2e-05,7e-06,6e-13,3.5e-10,5e-11,0.0513,39500000000.0,1630000000.0,11.8,-73.73
2.2e-05,7e-06,6e-13,3.5e-10,1.5e-10,0.0513,39500000000.0,1630000000.0,11.8,-73.59
2.2e-05,7e-06,6e-13,4.5e-10,5e-11,0.0513,36300000000.0,1510000000.0,11.97,-72.53
2.2e-05,7e-06,6e-13,4.5e-10,2.5e-10,0.0513,36300000000.0,1510000000.0,11.97,-72.56
2.2e-05,7e-06,7e-13,4e-10,1e-10,0.0513,37700000000.0,1560000000.0,11.9,-72.95
2.2e-05,7e-06,7e-13,4e-10,1.5e-10,0.0513,37700000000.0,1560000000.0,11.9,-73.25
2.2e-05,7e-06,7e-13,4e-10,2.5e-10,0.0513,37700000000.0,1560000000.0,11.9,-73.0
2.2e-05,7e-06,7e-13,3e-10,5e-11,0.0513,41800000000.0,1720000000.0,11.65,-74.31
2.2e-05,7e-06,7e-13,3e-10,1.5e-10,0.0513,41800000000.0,1720000000.0,11.65,-74.45
2.2e-05,7e-06,7e-13,3.5e-10,5e-11,0.0513,39500000000.0,1630000000.0,11.81,-73.59
2.2e-05,7e-06,7e-13,3.5e-10,1.5e-10,0.0513,39500000000.0,1630000000.0,11.81,-73.63
2.2e-05,7e-06,7e-13,3.5e-10,2e-10,0.0513,39500000000.0,1630000000.0,11.8,-73.65
2.2e-05,7e-06,7e-13,3.5e-10,2.5e-10,0.0513,39500000000.0,1630000000.0,11.8,-73.6
2.2e-05,7e-06,7e-13,4.5e-10,2.5e-10,0.0513,36300000000.0,1510000000.0,11.97,-72.58
2.2e-05,7e-06,7e-13,5e-10,1.5e-10,0.0513,35000000000.0,1470000000.0,12.01,-72.16
2.2e-05,8e-06,5e-13,4e-10,1e-10,0.0513,37400000000.0,1690000000.0,11.88,-73.12
2.2e-05,8e-06,5e-13,4e-10,5e-11,0.0513,37400000000.0,1690000000.0,11.88,-73.1
2.2e-05,8e-06,5e-13,4e-10,1.5e-10,0.0513,37400000000.0,1690000000.0,11.88,-73.13
2.2e-05,8e-06,5e-13,4e-10,2e-10,0.0513,37400000000.0,1690000000.0,11.88,-73.51
2.2e-05,8e-06,5e-13,4e-10,2.5e-10,0.0513,37400000000.0,1690000000.0,11.88,-73.14
2.2e-05,8e-06,5e-13,3e-10,1e-10,0.0513,41400000000.0,1870000000.0,11.64,-74.56
2.2e-05,8e-06,5e-13,3e-10,5e-11,0.0513,41400000000.0,1860000000.0,11.64,-74.3
2.2e-05,8e-06,5e-13,3e-10,1.5e-10,0.0513,41400000000.0,1860000000.0,11.64,-74.47
2.2e-05,8e-06,5e-13,3e-10,2e-10,0.0513,41400000000.0,1860000000.0,11.64,-74.32
2.2e-05,8e-06,5e-13,3e-10,2.5e-10,0.0513,41400000000.0,1860000000.0,11.64,-74.35
2.2e-05,8e-06,5e-13,3.5e-10,1e-10,0.0513,39200000000.0,1760000000.0,11.79,-74.4
2.2e-05,8e-06,5e-13,3.5e-10,5e-11,0.0513,39200000000.0,1760000000.0,11.79,-73.73
2.2e-05,8e-06,5e-13,3.5e-10,1.5e-10,0.0513,39200000000.0,1760000000.0,11.79,-74.46
2.2e-05,8e-06,5e-13,3.5e-10,2e-10,0.0513,39200000000.0,1760000000.0,11.79,-73.68
2.2e-05,8e-06,5e-13,4.5e-10,1e-10,0.0513,35900000000.0,1630000000.0,11.95,-72.66
2.2e-05,8e-06,5e-13,4.5e-10,5e-11,0.0513,35900000000.0,1640000000.0,11.95,-72.52
2.2e-05,8e-06,5e-13,4.5e-10,1.5e-10,0.0513,35900000000.0,1640000000.0,11.95,-72.43
2.2e-05,8e-06,5e-13,4.5e-10,2e-10,0.0513,35900000000.0,1630000000.0,11.95,-72.65
2.2e-05,8e-06,5e-13,5e-10,1e-10,0.0513,34700000000.0,1600000000.0,11.99,-72.15
2.2e-05,8e-06,5e-13,5e-10,5e-11,0.0513,34700000000.0,1600000000.0,12.0,-72.15
2.2e-05,8e-06,5e-13,5e-10,1.5e-10,0.0513,34700000000.0,1590000000.0,12.0,-72.21
2.2e-05,8e-06,5e-13,5e-10,2e-10,0.0513,34700000000.0,1590000000.0,11.99,-72.22
2.2e-05,8e-06,5e-13,5e-10,2.5e-10,0.0513,34700000000.0,1590000000.0,12.0,-72.29
2.2e-05,8e-06,3e-13,4e-10,1e-10,0.0513,37400000000.0,1690000000.0,11.88,-72.98
2.2e-05,8e-06,3e-13,4e-10,1.5e-10,0.0513,37400000000.0,1690000000.0,11.88,-72.92
2.2e-05,8e-06,3e-13,3e-10,1e-10,0.0513,41400000000.0,1860000000.0,11.64,-75.26
2.2e-05,8e-06,3e-13,3e-10,1.5e-10,0.0513,41400000000.0,1870000000.0,11.63,-74.08
2.2e-05,8e-06,3e-13,3e-10,2.5e-10,0.0513,41400000000.0,1860000000.0,11.64,-74.26
2.2e-05,8e-06,3e-13,3.5e-10,1e-10,0.0513,39200000000.0,1760000000.0,11.79,-73.71
2.2e-05,8e-06,3e-13,3.5e-10,5e-11,0.0513,39200000000.0,1760000000.0,11.79,-73.72
2.2e-05,8e-06,3e-13,3.5e-10,1.5e-10,0.0513,39200000000.0,1760000000.0,11.79,-73.67
2.2e-05,8e-06,3e-13,3.5e-10,2e-10,0.0513,39200000000.0,1760000000.0,11.79,-73.63
2.2e-05,8e-06,3e-13,3.5e-10,2.5e-10,0.0513,39200000000.0,1760000000.0,11.79,-73.64
2.2e-05,8e-06,3e-13,4.5e-10,1e-10,0.0513,35900000000.0,1640000000.0,11.95,-72.54
2.2e-05,8e-06,3e-13,4.5e-10,5e-11,0.0513,35900000000.0,1640000000.0,11.95,-72.55
2.2e-05,8e-06,3e-13,4.5e-10,1.5e-10,0.0513,35900000000.0,1640000000.0,11.95,-72.57
2.2e-05,8e-06,3e-13,4.5e-10,2e-10,0.0513,35900000000.0,1640000000.0,11.95,-72.59
2.2e-05,8e-06,3e-13,5e-10,5e-11,0.0513,34700000000.0,1600000000.0,12.0,-72.13
2.2e-05,8e-06,3e-13,5e-10,2.5e-10,0.0513,34700000000.0,1590000000.0,12.0,-72.23
2.2e-05,8e-06,4e-13,4e-10,5e-11,0.0513,37400000000.0,1690000000.0,11.88,-72.96
2.2e-05,8e-06,4e-13,4e-10,2e-10,0.0513,37400000000.0,1690000000.0,11.88,-73.06
2.2e-05,8e-06,4e-13,4e-10,2.5e-10,0.0513,37400000000.0,1690000000.0,11.88,-73.01
2.2e-05,8e-06,4e-13,3e-10,1e-10,0.0513,41400000000.0,1860000000.0,11.64,-74.4
2.2e-05,8e-06,4e-13,3e-10,5e-11,0.0513,41400000000.0,1860000000.0,11.64,-74.42
2.2e-05,8e-06,4e-13,3e-10,1.5e-10,0.0513,41400000000.0,1860000000.0,11.64,-74.33
2.2e-05,8e-06,4e-13,3e-10,2e-10,0.0513,41400000000.0,1870000000.0,11.64,-74.36
2.2e-05,8e-06,4e-13,3e-10,2.5e-10,0.0513,41400000000.0,1870000000.0,11.63,-74.63
2.2e-05,8e-06,4e-13,3.5e-10,1e-10,0.0513,39200000000.0,1760000000.0,11.79,-73.65
2.2e-05,8e-06,4e-13,3.5e-10,1.5e-10,0.0513,39200000000.0,1760000000.0,11.79,-74.13
2.2e-05,8e-06,4e-13,3.5e-10,2e-10,0.0513,39200000000.0,1760000000.0,11.79,-73.34
2.2e-05,8e-06,4e-13,4.5e-10,1e-10,0.0513,35900000000.0,1630000000.0,11.95,-72.69
2.2e-05,8e-06,4e-13,4.5e-10,5e-11,0.0513,35900000000.0,1640000000.0,11.95,-72.51
2.2e-05,8e-06,4e-13,4.5e-10,1.5e-10,0.0513,35900000000.0,1630000000.0,11.95,-72.62
2.2e-05,8e-06,4e-13,4.5e-10,2e-10,0.0513,35900000000.0,1640000000.0,11.95,-72.53
2.2e-05,8e-06,4e-13,4.5e-10,2.5e-10,0.0513,35900000000.0,1640000000.0,11.95,-72.6
2.2e-05,8e-06,4e-13,5e-10,1.5e-10,0.0513,34700000000.0,1590000000.0,12.0,-72.28
2.2e-05,8e-06,6e-13,4e-10,1e-10,0.0513,37400000000.0,1690000000.0,11.88,-73.52
2.2e-05,8e-06,6e-13,4e-10,2e-10,0.0513,37400000000.0,1690000000.0,11.88,-73.03
2.2e-05,8e-06,6e-13,3e-10,1e-10,0.0513,41400000000.0,1860000000.0,11.64,-74.34
2.2e-05,8e-06,6e-13,3e-10,5e-11,0.0513,41400000000.0,1860000000.0,11.64,-74.62
2.2e-05,8e-06,6e-13,3e-10,1.5e-10,0.0513,41400000000.0,1860000000.0,11.64,-74.44
2.2e-05,8e-06,6e-13,3e-10,2.5e-10,0.0513,41400000000.0,1860000000.0,11.64,-74.43
2.2e-05,8e-06,6e-13,3.5e-10,1e-10,0.0513,39200000000.0,1760000000.0,11.79,-74.3
2.2e-05,8e-06,6e-13,3.5e-10,5e-11,0.0513,39200000000.0,1760000000.0,11.79,-73.57
2.2e-05,8e-06,6e-13,3.5e-10,1.5e-10,0.0513,39200000000.0,1760000000.0,11.79,-73.35
2.2e-05,8e-06,6e-13,3.5e-10,2.5e-10,0.0513,39200000000.0,1760000000.0,11.79,-73.52
2.2e-05,8e-06,6e-13,4.5e-10,1e-10,0.0513,35900000000.0,1640000000.0,11.95,-72.48
2.2e-05,8e-06,6e-13,4.5e-10,1.5e-10,0.0513,35900000000.0,1640000000.0,11.95,-72.62
2.2e-05,8e-06,6e-13,4.5e-10,2e-10,0.0513,35900000000.0,1640000000.0,11.95,-72.56
2.2e-05,8e-06,6e-13,5e-10,2.5e-10,0.0513,34700000000.0,1600000000.0,11.99,-72.16
2.2e-05,8e-06,7e-13,4e-10,5e-11,0.0513,37400000000.0,1690000000.0,11.88,-73.02
2.2e-05,8e-06,7e-13,3e-10,1e-10,0.0513,41400000000.0,1860000000.0,11.64,-74.29
2.2e-05,8e-06,7e-13,3e-10,1.5e-10,0.0513,41400000000.0,1860000000.0,11.64,-74.51
2.2e-05,8e-06,7e-13,3e-10,2e-10,0.0513,41400000000.0,1860000000.0,11.64,-74.31
2.2e-05,8e-06,7e-13,3e-10,2.5e-10,0.0513,41400000000.0,1870000000.0,11.64,-74.42
2.2e-05,8e-06,7e-13,3.5e-10,1e-10,0.0513,39200000000.0,1760000000.0,11.79,-73.7
2.2e-05,8e-06,7e-13,3.5e-10,1.5e-10,0.0513,39200000000.0,1760000000.0,11.79,-73.69
2.2e-05,8e-06,7e-13,3.5e-10,2.5e-10,0.0513,39200000000.0,1760000000.0,11.79,-73.74
2.2e-05,8e-06,7e-13,4.5e-10,1.5e-10,0.0513,35900000000.0,1640000000.0,11.95,-72.61
2.2e-05,8e-06,7e-13,5e-10,5e-11,0.0513,34700000000.0,1590000000.0,11.99,-72.24
2.2e-05,8e-06,7e-13,5e-10,2.5e-10,0.0513,34700000000.0,1600000000.0,12.0,-72.12
2.2e-05,9e-06,5e-13,4e-10,1e-10,0.0513,37100000000.0,1800000000.0,11.86,-73.1
2.2e-05,9e-06,5e-13,4e-10,5e-11,0.0513,37100000000.0,1800000000.0,11.86,-73.05
2.2e-05,9e-06,5e-13,4e-10,1.5e-10,0.0513,37100000000.0,1800000000.0,11.86,-73.08
2.2e-05,9e-06,5e-13,4e-10,2e-10,0.0513,37100000000.0,1800000000.0,11.86,-73.07
2.2e-05,9e-06,5e-13,4e-10,2.5e-10,0.0513,37100000000.0,1800000000.0,11.86,-73.14
2.2e-05,9e-06,5e-13,3e-10,1e-10,0.0513,41100000000.0,1980000000.0,11.62,-74.33
2.2e-05,9e-06,5e-13,3e-10,5e-11,0.0513,41100000000.0,1980000000.0,11.62,-74.42
2.2e-05,9e-06,5e-13,3e-10,1.5e-10,0.0513,41100000000.0,1980000000.0,11.62,-74.98
2.2e-05,9e-06,5e-13,3e-10,2e-10,0.0513,41100000000.0,1980000000.0,11.62,-74.28
2.2e-05,9e-06,5e-13,3e-10,2.5e-10,0.0513,41100000000.0,1990000000.0,11.62,-74.38
2.2e-05,9e-06,5e-13,3.5e-10,1e-10,0.0513,38900000000.0,1880000000.0,11.77,-73.52
2.2e-05,9e-06,5e-13,3.5e-10,5e-11,0.0513,38900000000.0,1870000000.0,11.77,-73.71
2.2e-05,9e-06,5e-13,3.5e-10,1.5e-10,0.0513,38900000000.0,1880000000.0,11.77,-73.48
2.2e-05,9e-06,5e-13,3.5e-10,2e-10,0.0513,38900000000.0,1880000000.0,11.76,-73.69
2.2e-05,9e-06,5e-13,4.5e-10,1e-10,0.0513,35600000000.0,1750000000.0,11.93,-72.66
2.2e-05,9e-06,5e-13,4.5e-10,5e-11,0.0513,35600000000.0,1750000000.0,11.92,-72.58
2.2e-05,9e-06,5e-13,4.5e-10,1.5e-10,0.0513,35600000000.0,1750000000.0,11.93,-72.55
2.2e-05,9e-06,5e-13,4.5e-10,2e-10,0.0513,35600000000.0,1750000000.0,11.92,-72.67
2.2e-05,9e-06,5e-13,4.5e-10,2.5e-10,0.0513,35600000000.0,1740000000.0,11.92,-72.68
2.2e-05,9e-06,5e-13,5e-10,1e-10,0.0513,34400000000.0,1690000000.0,11.97,-72.31
2.2e-05,9e-06,5e-13,5e-10,5e-11,0.0513,34400000000.0,1700000000.0,11.97,-72.18
2.2e-05,9e-06,5e-13,5e-10,2e-10,0.0513,34400000000.0,1700000000.0,11.97,-72.24
2.2e-05,9e-06,5e-13,5e-10,2.5e-10,0.0513,34400000000.0,1690000000.0,11.97,-70.98
2.2e-05,9e-06,3e-13,4e-10,1.5e-10,0.0513,37100000000.0,1800000000.0,11.86,-73.03
2.2e-05,9e-06,3e-13,4e-10,2e-10,0.0513,37100000000.0,1800000000.0,11.86,-73.13
2.2e-05,9e-06,3e-13,3e-10,1e-10,0.0513,41100000000.0,1990000000.0,11.61,-75.28
2.2e-05,9e-06,3e-13,3e-10,5e-11,0.0513,41100000000.0,1990000000.0,11.62,-74.37
2.2e-05,9e-06,3e-13,3e-10,1.5e-10,0.0513,41100000000.0,1980000000.0,11.62,-74.34
2.2e-05,9e-06,3e-13,3e-10,2e-10,0.0513,41100000000.0,1980000000.0,11.62,-74.54
2.2e-05,9e-06,3e-13,3e-10,2.5e-10,0.0513,41100000000.0,1980000000.0,11.62,-74.44
2.2e-05,9e-06,3e-13,3.5e-10,1e-10,0.0513,38900000000.0,1870000000.0,11.76,-73.7
2.2e-05,9e-06,3e-13,3.5e-10,5e-11,0.0513,38900000000.0,1880000000.0,11.76,-73.73
2.2e-05,9e-06,3e-13,3.5e-10,1.5e-10,0.0513,38900000000.0,1880000000.0,11.77,-73.56
2.2e-05,9e-06,3e-13,3.5e-10,2e-10,0.0513,38900000000.0,1880000000.0,11.76,-73.76
2.2e-05,9e-06,3e-13,4.5e-10,1e-10,0.0513,35600000000.0,1750000000.0,11.92,-72.56
2.2e-05,9e-06,3e-13,4.5e-10,5e-11,0.0513,35600000000.0,1750000000.0,11.93,-72.53
2.2e-05,9e-06,3e-13,4.5e-10,1.5e-10,0.0513,35600000000.0,1740000000.0,11.93,-72.68
2.2e-05,9e-06,3e-13,4.5e-10,2e-10,0.0513,35600000000.0,1750000000.0,11.92,-72.55
2.2e-05,9e-06,3e-13,4.5e-10,2.5e-10,0.0513,35600000000.0,1750000000.0,11.92,-72.59
2.2e-05,9e-06,3e-13,5e-10,1e-10,0.0513,34400000000.0,1690000000.0,11.97,-72.28
2.2e-05,9e-06,3e-13,5e-10,1.5e-10,0.0513,34400000000.0,1700000000.0,11.97,-72.2
2.2e-05,9e-06,3e-13,5e-10,2e-10,0.0513,34400000000.0,1690000000.0,11.97,-71.52
2.2e-05,9e-06,3e-13,5e-10,2.5e-10,0.0513,34400000000.0,1700000000.0,11.97,-72.17
2.2e-05,9e-06,4e-13,4e-10,1.5e-10,0.0513,37100000000.0,1800000000.0,11.86,-73.15
2.2e-05,9e-06,4e-13,4e-10,2e-10,0.0513,37100000000.0,1800000000.0,11.86,-72.99
2.2e-05,9e-06,4e-13,3e-10,1.5e-10,0.0513,41100000000.0,1980000000.0,11.62,-74.32
2.2e-05,9e-06,4e-13,3e-10,2e-10,0.0513,41100000000.0,1980000000.0,11.62,-74.18
2.2e-05,9e-06,4e-13,3e-10,2.5e-10,0.0513,41100000000.0,1980000000.0,11.62,-74.46
2.2e-05,9e-06,4e-13,3.5e-10,1e-10,0.0513,38900000000.0,1880000000.0,11.77,-73.47
2.2e-05,9e-06,4e-13,3.5e-10,5e-11,0.0513,38900000000.0,1880000000.0,11.76,-73.74
2.2e-05,9e-06,4e-13,3.5e-10,1.5e-10,0.0513,38900000000.0,1870000000.0,11.76,-73.67
2.2e-05,9e-06,4e-13,3.5e-10,2.5e-10,0.0513,38900000000.0,1880000000.0,11.77,-73.54
2.2e-05,9e-06,4e-13,4.5e-10,1.5e-10,0.0513,35600000000.0,1740000000.0,11.92,-72.67
2.2e-05,9e-06,4e-13,4.5e-10,2e-10,0.0513,35600000000.0,1740000000.0,11.92,-72.58
2.2e-05,9e-06,4e-13,5e-10,1e-10,0.0513,34400000000.0,1690000000.0,11.98,-72.31
2.2e-05,9e-06,4e-13,5e-10,5e-11,0.0513,34400000000.0,1700000000.0,11.97,-72.19
2.2e-05,9e-06,6e-13,4e-10,2e-10,0.0513,37100000000.0,1800000000.0,11.86,-73.17
2.2e-05,9e-06,6e-13,4e-10,2.5e-10,0.0513,37100000000.0,1800000000.0,11.86,-73.12
2.2e-05,9e-06,6e-13,3e-10,1e-10,0.0513,41100000000.0,1990000000.0,11.62,-75.15
2.2e-05,9e-06,6e-13,3e-10,5e-11,0.0513,41100000000.0,1990000000.0,11.62,-74.47
2.2e-05,9e-06,6e-13,3e-10,1.5e-10,0.0513,41100000000.0,1990000000.0,11.62,-74.36
2.2e-05,9e-06,6e-13,3e-10,2e-10,0.0513,41100000000.0,1980000000.0,11.62,-74.3
2.2e-05,9e-06,6e-13,3e-10,2.5e-10,0.0513,41100000000.0,1980000000.0,11.62,-74.47
2.2e-05,9e-06,6e-13,3.5e-10,1e-10,0.0513,38900000000.0,1870000000.0,11.76,-73.68
2.2e-05,9e-06,6e-13,3.5e-10,5e-11,0.0513,38900000000.0,1880000000.0,11.76,-73.5
2.2e-05,9e-06,6e-13,3.5e-10,1.5e-10,0.0513,38900000000.0,1870000000.0,11.77,-73.66
2.2e-05,9e-06,6e-13,3.5e-10,2e-10,0.0513,38900000000.0,1880000000.0,11.76,-74.32
2.2e-05,9e-06,6e-13,3.5e-10,2.5e-10,0.0513,38900000000.0,1880000000.0,11.76,-73.8
2.2e-05,9e-06,6e-13,4.5e-10,1e-10,0.0513,35600000000.0,1740000000.0,11.93,-73.19
2.2e-05,9e-06,6e-13,4.5e-10,5e-11,0.0513,35600000000.0,1740000000.0,11.93,-72.63
2.2e-05,9e-06,6e-13,4.5e-10,1.5e-10,0.0513,35600000000.0,1740000000.0,11.93,-72.77
2.2e-05,9e-06,6e-13,5e-10,1.5e-10,0.0513,34400000000.0,1700000000.0,11.97,-72.13
2.2e-05,9e-06,6e-13,5e-10,2e-10,0.0513,34400000000.0,1690000000.0,11.98,-72.3
2.2e-05,9e-06,6e-13,5e-10,2.5e-10,0.0513,34400000000.0,1700000000.0,11.97,-72.15
2.2e-05,9e-06,7e-13,4e-10,1e-10,0.0513,37100000000.0,1800000000.0,11.86,-72.96
2.2e-05,9e-06,7e-13,4e-10,2.5e-10,0.0513,37100000000.0,1800000000.0,11.86,-73.09
2.2e-05,9e-06,7e-13,3e-10,1.5e-10,0.0513,41100000000.0,1980000000.0,11.62,-74.12
2.2e-05,9e-06,7e-13,3e-10,2e-10,0.0513,41100000000.0,1990000000.0,11.62,-74.52
2.2e-05,9e-06,7e-13,3e-10,2.5e-10,0.0513,41100000000.0,1990000000.0,11.62,-73.92
2.2e-05,9e-06,7e-13,3.5e-10,1.5e-10,0.0513,38900000000.0,1870000000.0,11.77,-73.6
2.2e-05,9e-06,7e-13,3.5e-10,2.5e-10,0.0513,38900000000.0,1880000000.0,11.76,-73.63
2.2e-05,9e-06,7e-13,4.5e-10,1e-10,0.0513,35600000000.0,1740000000.0,11.92,-73.01
2.2e-05,9e-06,7e-13,4.5e-10,5e-11,0.0513,35600000000.0,1740000000.0,11.92,-72.6
2.2e-05,1e-05,5e-13,4e-10,1e-10,0.0513,36800000000.0,1890000000.0,11.83,-73.02
2.2e-05,1e-05,5e-13,4e-10,5e-11,0.0513,36800000000.0,1890000000.0,11.83,-73.64
2.2e-05,1e-05,5e-13,4e-10,1.5e-10,0.0513,36800000000.0,1890000000.0,11.84,-72.93
2.2e-05,1e-05,5e-13,4e-10,2e-10,0.0513,36800000000.0,1890000000.0,11.83,-73.17
2.2e-05,1e-05,5e-13,4e-10,2.5e-10,0.0513,36800000000.0,1890000000.0,11.84,-72.89
2.2e-05,1e-05,5e-13,3e-10,1e-10,0.0513,40800000000.0,2080000000.0,11.59,-74.43
2.2e-05,1e-05,5e-13,3e-10,1.5e-10,0.0513,40800000000.0,2070000000.0,11.59,-74.39
2.2e-05,1e-05,5e-13,3e-10,2e-10,0.0513,40800000000.0,2070000000.0,11.59,-74.33
2.2e-05,1e-05,5e-13,3e-10,2.5e-10,0.0513,40800000000.0,2080000000.0,11.59,-74.39
2.2e-05,1e-05,5e-13,3.5e-10,1e-10,0.0513,38500000000.0,1970000000.0,11.74,-73.76
2.2e-05,1e-05,5e-13,3.5e-10,5e-11,0.0513,38500000000.0,1970000000.0,11.74,-73.77
2.2e-05,1e-05,5e-13,3.5e-10,1.5e-10,0.0513,38500000000.0,1970000000.0,11.74,-73.58
2.2e-05,1e-05,5e-13,3.5e-10,2e-10,0.0513,38500000000.0,1970000000.0,11.74,-73.41
2.2e-05,1e-05,5e-13,3.5e-10,2.5e-10,0.0513,38500000000.0,1970000000.0,11.74,-73.67
2.2e-05,1e-05,5e-13,4.5e-10,1e-10,0.0513,35400000000.0,1830000000.0,11.9,-72.49
2.2e-05,1e-05,5e-13,4.5e-10,5e-11,0.0513,35400000000.0,1830000000.0,11.9,-72.68
2.2e-05,1e-05,5e-13,4.5e-10,2e-10,0.0513,35400000000.0,1830000000.0,11.9,-72.65
2.2e-05,1e-05,5e-13,4.5e-10,2.5e-10,0.0513,35400000000.0,1840000000.0,11.9,-72.57
2.2e-05,1e-05,5e-13,5e-10,1e-10,0.0513,34200000000.0,1780000000.0,11.95,-72.28
2.2e-05,1e-05,5e-13,5e-10,1.5e-10,0.0513,34200000000.0,1780000000.0,11.95,-72.32
2.2e-05,1e-05,5e-13,5e-10,2e-10,0.0513,34200000000.0,1790000000.0,11.95,-72.2
2.2e-05,1e-05,5e-13,5e-10,2.5e-10,0.0513,34200000000.0,1780000000.0,11.95,-72.33
2.2e-05,1e-05,3e-13,4e-10,1e-10,0.0513,36800000000.0,1900000000.0,11.83,-73.03
2.2e-05,1e-05,3e-13,4e-10,5e-11,0.0513,36800000000.0,1890000000.0,11.84,-73.02
2.2e-05,1e-05,3e-13,4e-10,2e-10,0.0513,36800000000.0,1890000000.0,11.83,-73.08
2.2e-05,1e-05,3e-13,4e-10,2.5e-10,0.0513,36800000000.0,1890000000.0,11.83,-73.13
2.2e-05,1e-05,3e-13,3e-10,1e-10,0.0513,40800000000.0,2080000000.0,11.59,-74.24
2.2e-05,1e-05,3e-13,3e-10,5e-11,0.0513,40800000000.0,2080000000.0,11.59,-74.32
2.2e-05,1e-05,3e-13,3e-10,1.5e-10,0.0513,40800000000.0,2080000000.0,11.59,-74.31
2.2e-05,1e-05,3e-13,3e-10,2e-10,0.0513,40800000000.0,2080000000.0,11.59,-76.81
2.2e-05,1e-05,3e-13,3.5e-10,1e-10,0.0513,38500000000.0,1970000000.0,11.74,-73.59
2.2e-05,1e-05,3e-13,3.5e-10,5e-11,0.0513,38500000000.0,1970000000.0,11.74,-73.69
2.2e-05,1e-05,3e-13,3.5e-10,1.5e-10,0.0513,38500000000.0,1970000000.0,11.74,-73.61
2.2e-05,1e-05,3e-13,3.5e-10,2e-10,0.0513,38600000000.0,1970000000.0,11.74,-73.37
2.2e-05,1e-05,3e-13,3.5e-10,2.5e-10,0.0513,38500000000.0,1970000000.0,11.74,-73.62
2.2e-05,1e-05,3e-13,4.5e-10,5e-11,0.0513,35400000000.0,1840000000.0,11.9,-72.58
2.2e-05,1e-05,3e-13,4.5e-10,1.5e-10,0.0513,35400000000.0,1840000000.0,11.9,-72.61
2.2e-05,1e-05,3e-13,4.5e-10,2.5e-10,0.0513,35400000000.0,1840000000.0,11.9,-72.56
2.2e-05,1e-05,3e-13,5e-10,1e-10,0.0513,34200000000.0,1790000000.0,11.95,-72.21
2.2e-05,1e-05,3e-13,5e-10,2e-10,0.0513,34200000000.0,1780000000.0,11.95,-72.29
2.2e-05,1e-05,4e-13,4e-10,1e-10,0.0513,36800000000.0,1890000000.0,11.84,-73.15
2.2e-05,1e-05,4e-13,4e-10,2e-10,0.0513,36800000000.0,1890000000.0,11.83,-73.0
2.2e-05,1e-05,4e-13,4e-10,2.5e-10,0.0513,36800000000.0,1890000000.0,11.83,-73.04
2.2e-05,1e-05,4e-13,3e-10,1.5e-10,0.0513,40800000000.0,2080000000.0,11.59,-74.27
2.2e-05,1e-05,4e-13,3.5e-10,1e-10,0.0513,38500000000.0,1970000000.0,11.74,-73.39
2.2e-05,1e-05,4e-13,3.5e-10,1.5e-10,0.0513,38500000000.0,1970000000.0,11.74,-73.6
2.2e-05,1e-05,4e-13,3.5e-10,2.5e-10,0.0513,38500000000.0,1970000000.0,11.74,-73.66
2.2e-05,1e-05,4e-13,4.5e-10,1e-10,0.0513,35400000000.0,1830000000.0,11.9,-72.6
2.2e-05,1e-05,4e-13,4.5e-10,5e-11,0.0513,35400000000.0,1830000000.0,11.9,-72.64
2.2e-05,1e-05,4e-13,4.5e-10,1.5e-10,0.0513,35400000000.0,1830000000.0,11.9,-72.51
2.2e-05,1e-05,4e-13,4.5e-10,2e-10,0.0513,35400000000.0,1830000000.0,11.9,-72.69
2.2e-05,1e-05,6e-13,4e-10,1e-10,0.0513,36800000000.0,1890000000.0,11.83,-73.12
2.2e-05,1e-05,6e-13,4e-10,5e-11,0.0513,36800000000.0,1890000000.0,11.84,-73.0
2.2e-05,1e-05,6e-13,4e-10,1.5e-10,0.0513,36800000000.0,1890000000.0,11.83,-73.11
2.2e-05,1e-05,6e-13,3e-10,1e-10,0.0513,40800000000.0,2070000000.0,11.59,-74.34
2.2e-05,1e-05,6e-13,3e-10,5e-11,0.0513,40800000000.0,2070000000.0,11.59,-74.32
2.2e-05,1e-05,6e-13,3e-10,2e-10,0.0513,40800000000.0,2080000000.0,11.59,-74.33
2.2e-05,1e-05,6e-13,3e-10,2.5e-10,0.0513,40800000000.0,2080000000.0,11.59,-74.18
2.2e-05,1e-05,6e-13,3.5e-10,5e-11,0.0513,38500000000.0,1970000000.0,11.74,-73.37
2.2e-05,1e-05,6e-13,3.5e-10,1.5e-10,0.0513,38500000000.0,1970000000.0,11.74,-73.7
2.2e-05,1e-05,6e-13,4.5e-10,1e-10,0.0513,35400000000.0,1830000000.0,11.9,-72.61
2.2e-05,1e-05,6e-13,4.5e-10,2e-10,0.0513,35400000000.0,1830000000.0,11.9,-72.57
2.2e-05,1e-05,6e-13,5e-10,5e-11,0.0513,34200000000.0,1780000000.0,11.95,-72.71
2.2e-05,1e-05,6e-13,5e-10,2e-10,0.0513,34200000000.0,1780000000.0,11.95,-72.27
2.2e-05,1e-05,6e-13,5e-10,2.5e-10,0.0513,34200000000.0,1780000000.0,11.95,-72.67
2.2e-05,1e-05,7e-13,4e-10,1e-10,0.0513,36800000000.0,1890000000.0,11.84,-73.04
2.2e-05,1e-05,7e-13,4e-10,2e-10,0.0513,36800000000.0,1890000000.0,11.84,-73.01
2.2e-05,1e-05,7e-13,3e-10,1e-10,0.0513,40800000000.0,2080000000.0,11.59,-74.36
2.2e-05,1e-05,7e-13,3e-10,5e-11,0.0513,40800000000.0,2080000000.0,11.59,-74.41
2.2e-05,1e-05,7e-13,3e-10,1.5e-10,0.0513,40800000000.0,2090000000.0,11.59,-74.35
2.2e-05,1e-05,7e-13,3e-10,2.5e-10,0.0513,40800000000.0,2080000000.0,11.59,-74.37
2.2e-05,1e-05,7e-13,3.5e-10,1e-10,0.0513,38500000000.0,1970000000.0,11.74,-73.48
2.2e-05,1e-05,7e-13,3.5e-10,1.5e-10,0.0513,38500000000.0,1970000000.0,11.74,-73.57
2.2e-05,1e-05,7e-13,5e-10,1e-10,0.0513,34200000000.0,1780000000.0,11.95,-72.26
2.2e-05,1e-05,7e-13,5e-10,1.5e-10,0.0513,34200000000.0,1780000000.0,11.95,-72.25
2.2e-05,1e-05,7e-13,5e-10,2e-10,0.0513,34200000000.0,1790000000.0,11.95,-72.28
2.2e-05,1e-05,7e-13,5e-10,2.5e-10,0.0513,34200000000.0,1790000000.0,11.95,-72.22
2.2e-05,1.1e-05,5e-13,4e-10,1e-10,0.0513,36500000000.0,1960000000.0,11.81,-73.06
2.2e-05,1.1e-05,5e-13,4e-10,5e-11,0.0513,36500000000.0,1960000000.0,11.81,-73.05
2.2e-05,1.1e-05,5e-13,4e-10,2e-10,0.0513,36500000000.0,1960000000.0,11.81,-73.13
2.2e-05,1.1e-05,5e-13,3e-10,1e-10,0.0513,40500000000.0,2160000000.0,11.56,-74.33
2.2e-05,1.1e-05,5e-13,3e-10,5e-11,0.0513,40500000000.0,2160000000.0,11.56,-74.01
2.2e-05,1.1e-05,5e-13,3e-10,1.5e-10,0.0513,40500000000.0,2150000000.0,11.56,-74.26
2.2e-05,1.1e-05,5e-13,3e-10,2e-10,0.0513,40500000000.0,2160000000.0,11.56,-74.36
2.2e-05,1.1e-05,5e-13,3e-10,2.5e-10,0.0513,40500000000.0,2150000000.0,11.56,-74.19
2.2e-05,1.1e-05,5e-13,3.5e-10,1e-10,0.0513,38300000000.0,2040000000.0,11.71,-73.63
2.2e-05,1.1e-05,5e-13,3.5e-10,5e-11,0.0513,38300000000.0,2040000000.0,11.71,-73.57
2.2e-05,1.1e-05,5e-13,3.5e-10,1.5e-10,0.0513,38300000000.0,2040000000.0,11.71,-73.55
2.2e-05,1.1e-05,5e-13,3.5e-10,2e-10,0.0513,38300000000.0,2040000000.0,11.71,-73.58
2.2e-05,1.1e-05,5e-13,3.5e-10,2.5e-10,0.0513,38300000000.0,2040000000.0,11.71,-73.6
2.2e-05,1.1e-05,5e-13,4.5e-10,1e-10,0.0513,35100000000.0,1900000000.0,11.87,-72.59
2.2e-05,1.1e-05,5e-13,4.5e-10,5e-11,0.0513,35100000000.0,1900000000.0,11.87,-72.98
2.2e-05,1.1e-05,5e-13,4.5e-10,1.5e-10,0.0513,35100000000.0,1900000000.0,11.87,-72.63
2.2e-05,1.1e-05,5e-13,4.5e-10,2e-10,0.0513,35100000000.0,1910000000.0,11.87,-72.55
2.2e-05,1.1e-05,5e-13,4.5e-10,2.5e-10,0.0513,35100000000.0,1900000000.0,11.87,-73.02
2.2e-05,1.1e-05,5e-13,5e-10,1e-10,0.0513,33900000000.0,1860000000.0,11.92,-72.25
2.2e-05,1.1e-05,5e-13,5e-10,5e-11,0.0513,33900000000.0,1850000000.0,11.92,-72.3
2.2e-05,1.1e-05,5e-13,5e-10,1.5e-10,0.0513,33900000000.0,1850000000.0,11.92,-72.28
2.2e-05,1.1e-05,5e-13,5e-10,2e-10,0.0513,33900000000.0,1850000000.0,11.92,-72.26
2.2e-05,1.1e-05,5e-13,5e-10,2.5e-10,0.0513,33900000000.0,1850000000.0,11.92,-72.22
2.2e-05,1.1e-05,3e-13,4e-10,1e-10,0.0513,36500000000.0,1960000000.0,11.81,-73.11
2.2e-05,1.1e-05,3e-13,4e-10,5e-11,0.0513,36500000000.0,1960000000.0,11.8,-73.09
2.2e-05,1.1e-05,3e-13,4e-10,1.5e-10,0.0513,36500000000.0,1960000000.0,11.81,-72.9
2.2e-05,1.1e-05,3e-13,4e-10,2e-10,0.0513,36500000000.0,1960000000.0,11.81,-73.04
2.2e-05,1.1e-05,3e-13,4e-10,2.5e-10,0.0513,36500000000.0,1960000000.0,11.81,-73.02
2.2e-05,1.1e-05,3e-13,3e-10,1e-10,0.0513,40500000000.0,2150000000.0,11.56,-74.27
2.2e-05,1.1e-05,3e-13,3e-10,5e-11,0.0513,40500000000.0,2160000000.0,11.56,-74.26
2.2e-05,1.1e-05,3e-13,3e-10,1.5e-10,0.0513,40500000000.0,2170000000.0,11.56,-73.86
2.2e-05,1.1e-05,3e-13,3e-10,2e-10,0.0513,40500000000.0,2160000000.0,11.56,-74.35
2.2e-05,1.1e-05,3e-13,3e-10,2.5e-10,0.0513,40500000000.0,2160000000.0,11.56,-74.3
2.2e-05,1.1e-05,3e-13,3.5e-10,1e-10,0.0513,38300000000.0,2050000000.0,11.71,-73.56
2.2e-05,1.1e-05,3e-13,3.5e-10,5e-11,0.0513,38300000000.0,2040000000.0,11.71,-73.62
2.2e-05,1.1e-05,3e-13,3.5e-10,1.5e-10,0.0513,38300000000.0,2040000000.0,11.71,-73.49
2.2e-05,1.1e-05,3e-13,3.5e-10,2e-10,0.0513,38300000000.0,2040000000.0,11.71,-73.65
2.2e-05,1.1e-05,3e-13,3.5e-10,2.5e-10,0.0513,38300000000.0,2050000000.0,11.71,-73.55
2.2e-05,1.1e-05,3e-13,4.5e-10,1e-10,0.0513,35100000000.0,1900000000.0,11.87,-72.7
2.2e-05,1.1e-05,3e-13,4.5e-10,5e-11,0.0513,35100000000.0,1910000000.0,11.87,-72.56
2.2e-05,1.1e-05,3e-13,4.5e-10,1.5e-10,0.0513,35100000000.0,1900000000.0,11.87,-72.58
2.2e-05,1.1e-05,3e-13,4.5e-10,2.5e-10,0.0513,35100000000.0,1900000000.0,11.87,-72.6
2.2e-05,1.1e-05,3e-13,5e-10,1e-10,0.0513,33900000000.0,1850000000.0,11.92,-72.25
2.2e-05,1.1e-05,3e-13,5e-10,5e-11,0.0513,33900000000.0,1850000000.0,11.92,-72.31
2.2e-05,1.1e-05,3e-13,5e-10,1.5e-10,0.0513,33900000000.0,1850000000.0,11.92,-72.56
2.2e-05,1.1e-05,4e-13,4e-10,1e-10,0.0513,36500000000.0,1960000000.0,11.81,-73.09
2.2e-05,1.1e-05,4e-13,4e-10,5e-11,0.0513,36500000000.0,1970000000.0,11.8,-72.86
2.2e-05,1.1e-05,4e-13,4e-10,1.5e-10,0.0513,36500000000.0,1970000000.0,11.8,-73.05
2.2e-05,1.1e-05,4e-13,4e-10,2e-10,0.0513,36500000000.0,1960000000.0,11.81,-73.03
2.2e-05,1.1e-05,4e-13,3e-10,1e-10,0.0513,40500000000.0,2150000000.0,11.56,-74.3
2.2e-05,1.1e-05,4e-13,3e-10,5e-11,0.0513,40500000000.0,2160000000.0,11.56,-74.31
2.2e-05,1.1e-05,4e-13,3e-10,1.5e-10,0.0513,40500000000.0,2160000000.0,11.56,-74.24
2.2e-05,1.1e-05,4e-13,3e-10,2e-10,0.0513,40500000000.0,2150000000.0,11.56,-74.41
2.2e-05,1.1e-05,4e-13,3e-10,2.5e-10,0.0513,40500000000.0,2150000000.0,11.56,-74.34
2.2e-05,1.1e-05,4e-13,3.5e-10,1e-10,0.0513,38300000000.0,2040000000.0,11.71,-73.66
2.2e-05,1.1e-05,4e-13,3.5e-10,5e-11,0.0513,38300000000.0,2040000000.0,11.71,-73.51
2.2e-05,1.1e-05,4e-13,4.5e-10,1e-10,0.0513,35100000000.0,1910000000.0,11.87,-72.6
2.2e-05,1.1e-05,4e-13,4.5e-10,5e-11,0.0513,35100000000.0,1900000000.0,11.87,-72.61
2.2e-05,1.1e-05,4e-13,4.5e-10,1.5e-10,0.0513,35100000000.0,1900000000.0,11.87,-72.62
2.2e-05,1.1e-05,4e-13,4.5e-10,2.5e-10,0.0513,35100000000.0,1900000000.0,11.87,-72.64
2.2e-05,1.1e-05,4e-13,5e-10,1e-10,0.0513,33900000000.0,1850000000.0,11.92,-72.34
2.2e-05,1.1e-05,4e-13,5e-10,5e-11,0.0513,33900000000.0,1850000000.0,11.92,-72.54
2.2e-05,1.1e-05,4e-13,5e-10,1.5e-10,0.0513,33900000000.0,1850000000.0,11.92,-72.29
2.2e-05,1.1e-05,4e-13,5e-10,2.5e-10,0.0513,33900000000.0,1850000000.0,11.92,-72.55
2.2e-05,1.1e-05,6e-13,4e-10,1e-10,0.0513,36500000000.0,1960000000.0,11.81,-73.21
2.2e-05,1.1e-05,6e-13,3e-10,1e-10,0.0513,40500000000.0,2160000000.0,11.56,-74.34
2.2e-05,1.1e-05,6e-13,3e-10,5e-11,0.0513,40500000000.0,2160000000.0,11.56,-74.32
2.2e-05,1.1e-05,6e-13,3e-10,1.5e-10,0.0513,40500000000.0,2170000000.0,11.56,-74.26
2.2e-05,1.1e-05,6e-13,3e-10,2e-10,0.0513,40500000000.0,2160000000.0,11.56,-74.12
2.2e-05,1.1e-05,6e-13,3e-10,2.5e-10,0.0513,40500000000.0,2150000000.0,11.56,-74.29
2.2e-05,1.1e-05,6e-13,4.5e-10,1e-10,0.0513,35100000000.0,1900000000.0,11.87,-72.67
2.2e-05,1.1e-05,6e-13,4.5e-10,5e-11,0.0513,35100000000.0,1900000000.0,11.87,-72.65
2.2e-05,1.1e-05,6e-13,5e-10,1e-10,0.0513,33900000000.0,1850000000.0,11.92,-72.27
2.2e-05,1.1e-05,6e-13,5e-10,5e-11,0.0513,33900000000.0,1850000000.0,11.92,-72.33
2.2e-05,1.1e-05,7e-13,4e-10,5e-11,0.0513,36500000000.0,1960000000.0,11.81,-73.0
2.2e-05,1.1e-05,7e-13,4e-10,2e-10,0.0513,36500000000.0,1960000000.0,11.81,-73.07
2.2e-05,1.1e-05,7e-13,4e-10,2.5e-10,0.0513,36500000000.0,1960000000.0,11.81,-73.14
2.2e-05,1.1e-05,7e-13,3e-10,5e-11,0.0513,40500000000.0,2160000000.0,11.56,-74.77
2.2e-05,1.1e-05,7e-13,3e-10,1.5e-10,0.0513,40500000000.0,2150000000.0,11.56,-74.32
2.2e-05,1.1e-05,7e-13,3e-10,2e-10,0.0513,40500000000.0,2160000000.0,11.56,-74.29
2.2e-05,1.1e-05,7e-13,3e-10,2.5e-10,0.0513,40500000000.0,2150000000.0,11.56,-74.31
2.2e-05,1.1e-05,7e-13,3.5e-10,2.5e-10,0.0513,38300000000.0,2050000000.0,11.71,-73.52
2.2e-05,1.1e-05,7e-13,4.5e-10,1e-10,0.0513,35100000000.0,1910000000.0,11.87,-72.58
2.2e-05,1.1e-05,7e-13,4.5e-10,5e-11,0.0513,35100000000.0,1900000000.0,11.87,-72.68
2.2e-05,1.1e-05,7e-13,4.5e-10,1.5e-10,0.0513,35100000000.0,1900000000.0,11.87,-73.0
2.2e-05,1.1e-05,7e-13,5e-10,1e-10,0.0513,33900000000.0,1860000000.0,11.92,-72.28
2.2e-05,1.1e-05,7e-13,5e-10,5e-11,0.0513,33900000000.0,1850000000.0,11.92,-72.21
2.2e-05,1.2e-05,5e-13,4e-10,1e-10,0.0513,36300000000.0,2010000000.0,11.77,-73.15
2.2e-05,1.2e-05,5e-13,4e-10,5e-11,0.0513,36300000000.0,2020000000.0,11.77,-73.01
2.2e-05,1.2e-05,5e-13,4e-10,1.5e-10,0.0513,36300000000.0,2010000000.0,11.77,-73.19
2.2e-05,1.2e-05,5e-13,4e-10,2e-10,0.0513,36300000000.0,2010000000.0,11.77,-73.1
2.2e-05,1.2e-05,5e-13,4e-10,2.5e-10,0.0513,36300000000.0,2010000000.0,11.77,-73.12
2.2e-05,1.2e-05,5e-13,3e-10,1e-10,0.0513,40200000000.0,2210000000.0,11.53,-74.28
2.2e-05,1.2e-05,5e-13,3e-10,5e-11,0.0513,40200000000.0,2210000000.0,11.53,-75.29
2.2e-05,1.2e-05,5e-13,3e-10,1.5e-10,0.0513,40200000000.0,2220000000.0,11.52,-74.5
2.2e-05,1.2e-05,5e-13,3e-10,2e-10,0.0513,40200000000.0,2210000000.0,11.53,-74.17
2.2e-05,1.2e-05,5e-13,3.5e-10,1e-10,0.0513,38000000000.0,2110000000.0,11.67,-73.65
2.2e-05,1.2e-05,5e-13,3.5e-10,5e-11,0.0513,38000000000.0,2110000000.0,11.67,-73.59
2.2e-05,1.2e-05,5e-13,3.5e-10,1.5e-10,0.0513,38000000000.0,2100000000.0,11.67,-73.76
2.2e-05,1.2e-05,5e-13,3.5e-10,2e-10,0.0513,38000000000.0,2100000000.0,11.68,-73.54
2.2e-05,1.2e-05,5e-13,3.5e-10,2.5e-10,0.0513,38000000000.0,2100000000.0,11.67,-73.59
2.2e-05,1.2e-05,5e-13,4.5e-10,1e-10,0.0513,34800000000.0,1960000000.0,11.84,-72.58
2.2e-05,1.2e-05,5e-13,4.5e-10,5e-11,0.0513,34800000000.0,1960000000.0,11.84,-72.6
2.2e-05,1.2e-05,5e-13,4.5e-10,1.5e-10,0.0513,34800000000.0,1960000000.0,11.84,-72.59
2.2e-05,1.2e-05,5e-13,5e-10,1e-10,0.0513,33700000000.0,1910000000.0,11.89,-72.29
2.2e-05,1.2e-05,5e-13,5e-10,5e-11,0.0513,33700000000.0,1910000000.0,11.89,-72.22
2.2e-05,1.2e-05,5e-13,5e-10,1.5e-10,0.0513,33700000000.0,1900000000.0,11.89,-72.28
2.2e-05,1.2e-05,5e-13,5e-10,2.5e-10,0.0513,33700000000.0,1910000000.0,11.89,-72.27
2.2e-05,1.2e-05,3e-13,4e-10,5e-11,0.0513,36300000000.0,2020000000.0,11.77,-73.53
2.2e-05,1.2e-05,3e-13,4e-10,1.5e-10,0.0513,36300000000.0,2020000000.0,11.77,-73.18
2.2e-05,1.2e-05,3e-13,4e-10,2e-10,0.0513,36300000000.0,2020000000.0,11.77,-73.0
2.2e-05,1.2e-05,3e-13,3e-10,1e-10,0.0513,40200000000.0,2220000000.0,11.52,-74.49
2.2e-05,1.2e-05,3e-13,3e-10,5e-11,0.0513,40200000000.0,2220000000.0,11.52,-74.32
2.2e-05,1.2e-05,3e-13,3e-10,1.5e-10,0.0513,40200000000.0,2220000000.0,11.52,-74.31
2.2e-05,1.2e-05,3e-13,3e-10,2e-10,0.0513,40200000000.0,2210000000.0,11.53,-75.34
2.2e-05,1.2e-05,3e-13,3e-10,2.5e-10,0.0513,40200000000.0,2220000000.0,11.52,-74.28
2.2e-05,1.2e-05,3e-13,3.5e-10,5e-11,0.0513,38000000000.0,2100000000.0,11.68,-73.65
2.2e-05,1.2e-05,3e-13,3.5e-10,1.5e-10,0.0513,38000000000.0,2100000000.0,11.67,-74.27
2.2e-05,1.2e-05,3e-13,3.5e-10,2e-10,0.0513,38000000000.0,2100000000.0,11.67,-73.75
2.2e-05,1.2e-05,3e-13,3.5e-10,2.5e-10,0.0513,38000000000.0,2100000000.0,11.68,-73.75
2.2e-05,1.2e-05,3e-13,4.5e-10,1e-10,0.0513,34800000000.0,1960000000.0,11.84,-72.64
2.2e-05,1.2e-05,3e-13,4.5e-10,5e-11,0.0513,34800000000.0,1950000000.0,11.84,-72.63
2.2e-05,1.2e-05,3e-13,4.5e-10,1.5e-10,0.0513,34800000000.0,1950000000.0,11.84,-72.65
2.2e-05,1.2e-05,3e-13,4.5e-10,2e-10,0.0513,34800000000.0,1950000000.0,11.84,-72.59
2.2e-05,1.2e-05,3e-13,5e-10,1e-10,0.0513,33700000000.0,1900000000.0,11.89,-72.27
2.2e-05,1.2e-05,3e-13,5e-10,5e-11,0.0513,33700000000.0,1900000000.0,11.89,-72.31
2.2e-05,1.2e-05,3e-13,5e-10,1.5e-10,0.0513,33700000000.0,1900000000.0,11.89,-72.3
2.2e-05,1.2e-05,4e-13,4e-10,1e-10,0.0513,36300000000.0,2020000000.0,11.77,-73.03
2.2e-05,1.2e-05,4e-13,4e-10,5e-11,0.0513,36300000000.0,2010000000.0,11.77,-73.06
2.2e-05,1.2e-05,4e-13,4e-10,2e-10,0.0513,36300000000.0,2010000000.0,11.77,-72.93
2.2e-05,1.2e-05,4e-13,4e-10,2.5e-10,0.0513,36300000000.0,2010000000.0,11.77,-73.03
2.2e-05,1.2e-05,4e-13,3e-10,5e-11,0.0513,40200000000.0,2220000000.0,11.52,-74.36
2.2e-05,1.2e-05,4e-13,3e-10,1.5e-10,0.0513,40200000000.0,2210000000.0,11.53,-71.48
2.2e-05,1.2e-05,4e-13,3e-10,2e-10,0.0513,40200000000.0,2210000000.0,11.53,-74.16
2.2e-05,1.2e-05,4e-13,3e-10,2.5e-10,0.0513,40200000000.0,2210000000.0,11.53,-74.25
2.2e-05,1.2e-05,4e-13,3.5e-10,1e-10,0.0513,38000000000.0,2100000000.0,11.67,-73.89
2.2e-05,1.2e-05,4e-13,3.5e-10,5e-11,0.0513,38000000000.0,2100000000.0,11.67,-73.51
2.2e-05,1.2e-05,4e-13,3.5e-10,1.5e-10,0.0513,38000000000.0,2100000000.0,11.67,-73.84
2.2e-05,1.2e-05,4e-13,3.5e-10,2e-10,0.0513,38000000000.0,2100000000.0,11.67,-73.55
2.2e-05,1.2e-05,4e-13,3.5e-10,2.5e-10,0.0513,38000000000.0,2100000000.0,11.68,-73.6
2.2e-05,1.2e-05,4e-13,4.5e-10,1e-10,0.0513,34800000000.0,1960000000.0,11.84,-72.66
2.2e-05,1.2e-05,4e-13,4.5e-10,1.5e-10,0.0513,34800000000.0,1950000000.0,11.84,-73.19
2.2e-05,1.2e-05,4e-13,4.5e-10,2e-10,0.0513,34800000000.0,1950000000.0,11.84,-72.67
2.2e-05,1.2e-05,4e-13,4.5e-10,2.5e-10,0.0513,34800000000.0,1950000000.0,11.84,-72.68
2.2e-05,1.2e-05,4e-13,5e-10,1e-10,0.0513,33700000000.0,1900000000.0,11.89,-72.52
2.2e-05,1.2e-05,4e-13,5e-10,2e-10,0.0513,33700000000.0,1910000000.0,11.89,-72.21
2.2e-05,1.2e-05,6e-13,4e-10,1e-10,0.0513,36300000000.0,2010000000.0,11.78,-72.93
2.2e-05,1.2e-05,6e-13,4e-10,1.5e-10,0.0513,36300000000.0,2010000000.0,11.77,-73.08
2.2e-05,1.2e-05,6e-13,3e-10,1e-10,0.0513,40200000000.0,2220000000.0,11.52,-74.34
2.2e-05,1.2e-05,6e-13,3e-10,5e-11,0.0513,40200000000.0,2210000000.0,11.53,-74.22
2.2e-05,1.2e-05,6e-13,3e-10,1.5e-10,0.0513,40200000000.0,2220000000.0,11.52,-75.04
2.2e-05,1.2e-05,6e-13,3e-10,2e-10,0.0513,40200000000.0,2210000000.0,11.53,-74.33
2.2e-05,1.2e-05,6e-13,3.5e-10,1e-10,0.0513,38000000000.0,2100000000.0,11.68,-73.43
2.2e-05,1.2e-05,6e-13,3.5e-10,5e-11,0.0513,38000000000.0,2100000000.0,11.67,-73.66
2.2e-05,1.2e-05,6e-13,3.5e-10,1.5e-10,0.0513,38000000000.0,2100000000.0,11.67,-73.77
2.2e-05,1.2e-05,6e-13,3.5e-10,2e-10,0.0513,38000000000.0,2100000000.0,11.68,-73.57
2.2e-05,1.2e-05,6e-13,3.5e-10,2.5e-10,0.0513,38000000000.0,2100000000.0,11.67,-73.58
2.2e-05,1.2e-05,6e-13,4.5e-10,1e-10,0.0513,34800000000.0,1950000000.0,11.84,-72.64
2.2e-05,1.2e-05,6e-13,4.5e-10,1.5e-10,0.0513,34800000000.0,1950000000.0,11.84,-72.66
2.2e-05,1.2e-05,6e-13,5e-10,1e-10,0.0513,33700000000.0,1910000000.0,11.89,-72.33
2.2e-05,1.2e-05,6e-13,5e-10,2e-10,0.0513,33700000000.0,1910000000.0,11.89,-72.56
2.2e-05,1.2e-05,7e-13,4e-10,1e-10,0.0513,36300000000.0,2020000000.0,11.77,-73.02
2.2e-05,1.2e-05,7e-13,4e-10,5e-11,0.0513,36300000000.0,2020000000.0,11.77,-73.1
2.2e-05,1.2e-05,7e-13,4e-10,2.5e-10,0.0513,36300000000.0,2010000000.0,11.77,-73.02
2.2e-05,1.2e-05,7e-13,3e-10,1.5e-10,0.0513,40200000000.0,2210000000.0,11.53,-74.18
2.2e-05,1.2e-05,7e-13,3.5e-10,5e-11,0.0513,38000000000.0,2100000000.0,11.67,-74.22
2.2e-05,1.2e-05,7e-13,3.5e-10,1.5e-10,0.0513,38000000000.0,2100000000.0,11.67,-73.85
2.2e-05,1.2e-05,7e-13,3.5e-10,2e-10,0.0513,38000000000.0,2100000000.0,11.68,-73.67
2.2e-05,1.2e-05,7e-13,4.5e-10,1e-10,0.0513,34800000000.0,1960000000.0,11.84,-72.71
2.2e-05,1.2e-05,7e-13,4.5e-10,2.5e-10,0.0513,34800000000.0,1960000000.0,11.84,-72.62
2.2e-05,1.2e-05,7e-13,5e-10,5e-11,0.0513,33700000000.0,1910000000.0,11.89,-72.23
2.2e-05,1.3e-05,5e-13,4e-10,1e-10,0.0513,36000000000.0,2060000000.0,11.73,-72.83
2.2e-05,1.3e-05,5e-13,4e-10,5e-11,0.0513,36000000000.0,2050000000.0,11.74,-73.11
2.2e-05,1.3e-05,5e-13,4e-10,1.5e-10,0.0513,36000000000.0,2060000000.0,11.73,-73.02
2.2e-05,1.3e-05,5e-13,4e-10,2e-10,0.0513,36000000000.0,2060000000.0,11.73,-73.01
2.2e-05,1.3e-05,5e-13,3e-10,1e-10,0.0513,39900000000.0,2260000000.0,11.48,-74.24
2.2e-05,1.3e-05,5e-13,3e-10,1.5e-10,0.0513,39900000000.0,2240000000.0,11.49,-74.37
2.2e-05,1.3e-05,5e-13,3e-10,2e-10,0.0513,39900000000.0,2260000000.0,11.48,-74.16
2.2e-05,1.3e-05,5e-13,3e-10,2.5e-10,0.0513,39900000000.0,2250000000.0,11.49,-74.28
2.2e-05,1.3e-05,5e-13,3.5e-10,1e-10,0.0513,37700000000.0,2130000000.0,11.64,-73.55
2.2e-05,1.3e-05,5e-13,3.5e-10,5e-11,0.0513,37700000000.0,2140000000.0,11.63,-73.59
2.2e-05,1.3e-05,5e-13,3.5e-10,1.5e-10,0.0513,37700000000.0,2130000000.0,11.64,-73.62
2.2e-05,1.3e-05,5e-13,3.5e-10,2e-10,0.0513,37700000000.0,2140000000.0,11.64,-73.51
2.2e-05,1.3e-05,5e-13,3.5e-10,2.5e-10,0.0513,37700000000.0,2140000000.0,11.64,-73.62
2.2e-05,1.3e-05,5e-13,4.5e-10,1e-10,0.0513,34600000000.0,2000000000.0,11.8,-72.62
2.2e-05,1.3e-05,5e-13,4.5e-10,5e-11,0.0513,34600000000.0,1990000000.0,11.81,-72.58
2.2e-05,1.3e-05,5e-13,4.5e-10,1.5e-10,0.0513,34600000000.0,1990000000.0,11.81,-72.59
2.2e-05,1.3e-05,5e-13,4.5e-10,2e-10,0.0513,34600000000.0,2000000000.0,11.8,-72.57
2.2e-05,1.3e-05,5e-13,4.5e-10,2.5e-10,0.0513,34600000000.0,1990000000.0,11.81,-72.91
2.2e-05,1.3e-05,5e-13,5e-10,1e-10,0.0513,33400000000.0,1940000000.0,11.86,-72.31
2.2e-05,1.3e-05,5e-13,5e-10,5e-11,0.0513,33400000000.0,1950000000.0,11.86,-72.22
2.2e-05,1.3e-05,5e-13,5e-10,2e-10,0.0513,33400000000.0,1940000000.0,11.86,-72.24
2.2e-05,1.3e-05,5e-13,5e-10,2.5e-10,0.0513,33400000000.0,1940000000.0,11.86,-72.29
2.2e-05,1.3e-05,3e-13,4e-10,1e-10,0.0513,36000000000.0,2060000000.0,11.73,-73.09
2.2e-05,1.3e-05,3e-13,4e-10,5e-11,0.0513,36000000000.0,2060000000.0,11.74,-72.96
2.2e-05,1.3e-05,3e-13,4e-10,1.5e-10,0.0513,36000000000.0,2050000000.0,11.74,-73.07
2.2e-05,1.3e-05,3e-13,4e-10,2e-10,0.0513,36000000000.0,2060000000.0,11.73,-73.05
2.2e-05,1.3e-05,3e-13,4e-10,2.5e-10,0.0513,36000000000.0,2060000000.0,11.73,-73.0
2.2e-05,1.3e-05,3e-13,3e-10,1e-10,0.0513,39900000000.0,2260000000.0,11.48,-74.06
2.2e-05,1.3e-05,3e-13,3e-10,5e-11,0.0513,39900000000.0,2250000000.0,11.49,-74.23
2.2e-05,1.3e-05,3e-13,3e-10,1.5e-10,0.0513,39900000000.0,2250000000.0,11.49,-74.14
2.2e-05,1.3e-05,3e-13,3.5e-10,1e-10,0.0513,37700000000.0,2140000000.0,11.64,-73.52
2.2e-05,1.3e-05,3e-13,3.5e-10,5e-11,0.0513,37700000000.0,2140000000.0,11.64,-73.64
2.2e-05,1.3e-05,3e-13,3.5e-10,2e-10,0.0513,37700000000.0,2140000000.0,11.63,-73.67
2.2e-05,1.3e-05,3e-13,4.5e-10,5e-11,0.0513,34600000000.0,1990000000.0,11.81,-72.62
2.2e-05,1.3e-05,3e-13,4.5e-10,1.5e-10,0.0513,34600000000.0,1990000000.0,11.81,-72.94
2.2e-05,1.3e-05,3e-13,4.5e-10,2e-10,0.0513,34600000000.0,1990000000.0,11.81,-72.63
2.2e-05,1.3e-05,3e-13,4.5e-10,2.5e-10,0.0513,34600000000.0,1990000000.0,11.81,-72.67
2.2e-05,1.3e-05,3e-13,5e-10,1e-10,0.0513,33400000000.0,1940000000.0,11.85,-72.26
2.2e-05,1.3e-05,3e-13,5e-10,5e-11,0.0513,33400000000.0,1940000000.0,11.86,-72.54
2.2e-05,1.3e-05,3e-13,5e-10,2e-10,0.0513,33400000000.0,1940000000.0,11.86,-72.22
2.2e-05,1.3e-05,3e-13,5e-10,2.5e-10,0.0513,33400000000.0,1940000000.0,11.86,-72.34
2.2e-05,1.3e-05,4e-13,4e-10,1e-10,0.0513,36000000000.0,2050000000.0,11.74,-73.01
2.2e-05,1.3e-05,4e-13,4e-10,5e-11,0.0513,36000000000.0,2050000000.0,11.74,-73.08
2.2e-05,1.3e-05,4e-13,4e-10,1.5e-10,0.0513,36000000000.0,2060000000.0,11.73,-72.78
2.2e-05,1.3e-05,4e-13,4e-10,2e-10,0.0513,36000000000.0,2050000000.0,11.74,-72.89
2.2e-05,1.3e-05,4e-13,4e-10,2.5e-10,0.0513,36000000000.0,2060000000.0,11.73,-73.07
2.2e-05,1.3e-05,4e-13,3e-10,1e-10,0.0513,39900000000.0,2260000000.0,11.48,-74.27
2.2e-05,1.3e-05,4e-13,3e-10,1.5e-10,0.0513,39900000000.0,2250000000.0,11.49,-74.18
2.2e-05,1.3e-05,4e-13,3e-10,2e-10,0.0513,39900000000.0,2260000000.0,11.48,-74.18
2.2e-05,1.3e-05,4e-13,3e-10,2.5e-10,0.0513,39900000000.0,2250000000.0,11.48,-74.24
2.2e-05,1.3e-05,4e-13,3.5e-10,1e-10,0.0513,37700000000.0,2130000000.0,11.64,-74.83
2.2e-05,1.3e-05,4e-13,3.5e-10,5e-11,0.0513,37700000000.0,2140000000.0,11.64,-73.6
2.2e-05,1.3e-05,4e-13,3.5e-10,1.5e-10,0.0513,37700000000.0,2140000000.0,11.64,-73.57
2.2e-05,1.3e-05,4e-13,3.5e-10,2.5e-10,0.0513,37700000000.0,2140000000.0,11.64,-73.61
2.2e-05,1.3e-05,4e-13,4.5e-10,1e-10,0.0513,34600000000.0,1990000000.0,11.81,-72.64
2.2e-05,1.3e-05,4e-13,4.5e-10,1.5e-10,0.0513,34600000000.0,1990000000.0,11.81,-72.61
2.2e-05,1.3e-05,4e-13,4.5e-10,2e-10,0.0513,34600000000.0,2000000000.0,11.8,-72.6
2.2e-05,1.3e-05,4e-13,4.5e-10,2.5e-10,0.0513,34600000000.0,1990000000.0,11.81,-72.56
2.2e-05,1.3e-05,4e-13,5e-10,1e-10,0.0513,33400000000.0,1950000000.0,11.85,-72.26
2.2e-05,1.3e-05,4e-13,5e-10,1.5e-10,0.0513,33400000000.0,1940000000.0,11.86,-72.28
2.2e-05,1.3e-05,4e-13,5e-10,2e-10,0.0513,33400000000.0,1930000000.0,11.86,-72.32
2.2e-05,1.3e-05,4e-13,5e-10,2.5e-10,0.0513,33400000000.0,1930000000.0,11.86,-72.31
2.2e-05,1.3e-05,6e-13,4e-10,1e-10,0.0513,36000000000.0,2050000000.0,11.74,-73.06
2.2e-05,1.3e-05,6e-13,4e-10,5e-11,0.0513,36000000000.0,2060000000.0,11.74,-73.19
2.2e-05,1.3e-05,6e-13,3e-10,1e-10,0.0513,39900000000.0,2260000000.0,11.48,-74.31
2.2e-05,1.3e-05,6e-13,3.5e-10,1e-10,0.0513,37700000000.0,2130000000.0,11.64,-73.57
2.2e-05,1.3e-05,6e-13,3.5e-10,5e-11,0.0513,37700000000.0,2130000000.0,11.64,-73.36
2.2e-05,1.3e-05,6e-13,3.5e-10,2e-10,0.0513,37700000000.0,2140000000.0,11.63,-73.61
2.2e-05,1.3e-05,6e-13,4.5e-10,1e-10,0.0513,34600000000.0,1990000000.0,11.81,-72.9
2.2e-05,1.3e-05,6e-13,4.5e-10,1.5e-10,0.0513,34600000000.0,1990000000.0,11.81,-72.57
2.2e-05,1.3e-05,6e-13,4.5e-10,2e-10,0.0513,34600000000.0,2000000000.0,11.8,-72.61
2.2e-05,1.3e-05,6e-13,4.5e-10,2.5e-10,0.0513,34600000000.0,1990000000.0,11.81,-72.55
2.2e-05,1.3e-05,6e-13,5e-10,1e-10,0.0513,33400000000.0,1950000000.0,11.86,-72.21
2.2e-05,1.3e-05,6e-13,5e-10,5e-11,0.0513,33400000000.0,1940000000.0,11.86,-72.23
2.2e-05,1.3e-05,6e-13,5e-10,2e-10,0.0513,33400000000.0,1940000000.0,11.85,-72.33
2.2e-05,1.3e-05,6e-13,5e-10,2.5e-10,0.0513,33400000000.0,1940000000.0,11.86,-72.33
2.2e-05,1.3e-05,7e-13,4e-10,1e-10,0.0513,36000000000.0,2060000000.0,11.73,-73.1
2.2e-05,1.3e-05,7e-13,4e-10,5e-11,0.0513,36000000000.0,2060000000.0,11.74,-73.01
2.2e-05,1.3e-05,7e-13,4e-10,2e-10,0.0513,36000000000.0,2050000000.0,11.74,-73.1
2.2e-05,1.3e-05,7e-13,4e-10,2.5e-10,0.0513,36000000000.0,2060000000.0,11.73,-73.5
2.2e-05,1.3e-05,7e-13,3e-10,1e-10,0.0513,39900000000.0,2250000000.0,11.49,-73.8
2.2e-05,1.3e-05,7e-13,3e-10,1.5e-10,0.0513,39900000000.0,2260000000.0,11.48,-74.17
2.2e-05,1.3e-05,7e-13,3e-10,2.5e-10,0.0513,39900000000.0,2250000000.0,11.49,-74.19
2.2e-05,1.3e-05,7e-13,3.5e-10,1e-10,0.0513,37700000000.0,2140000000.0,11.63,-73.57
2.2e-05,1.3e-05,7e-13,3.5e-10,5e-11,0.0513,37700000000.0,2130000000.0,11.64,-73.58
2.2e-05,1.3e-05,7e-13,3.5e-10,1.5e-10,0.0513,37700000000.0,2140000000.0,11.64,-72.67
2.2e-05,1.3e-05,7e-13,3.5e-10,2e-10,0.0513,37700000000.0,2140000000.0,11.64,-73.53
2.2e-05,1.3e-05,7e-13,5e-10,1e-10,0.0513,33400000000.0,1940000000.0,11.86,-72.27
2.2e-05,1.3e-05,7e-13,5e-10,1.5e-10,0.0513,33400000000.0,1950000000.0,11.86,-72.24
2.2e-05,1.3e-05,7e-13,5e-10,2e-10,0.0513,33400000000.0,1940000000.0,11.86,-72.21
2.2e-05,1.3e-05,7e-13,5e-10,2.5e-10,0.0513,33400000000.0,1950000000.0,11.86,-72.13
2.2e-05,1.4e-05,5e-13,4e-10,1e-10,0.0513,35800000000.0,2080000000.0,11.69,-72.97
2.2e-05,1.4e-05,5e-13,4e-10,5e-11,0.0513,35800000000.0,2070000000.0,11.7,-73.03
2.2e-05,1.4e-05,5e-13,4e-10,2.5e-10,0.0513,35800000000.0,2080000000.0,11.69,-73.05
2.2e-05,1.4e-05,5e-13,3e-10,1e-10,0.0513,39700000000.0,2270000000.0,11.44,-74.15
2.2e-05,1.4e-05,5e-13,3e-10,5e-11,0.0513,39700000000.0,2270000000.0,11.44,-78.18
2.2e-05,1.4e-05,5e-13,3e-10,1.5e-10,0.0513,39700000000.0,2260000000.0,11.44,-74.21
2.2e-05,1.4e-05,5e-13,3e-10,2e-10,0.0513,39700000000.0,2270000000.0,11.44,-73.87
2.2e-05,1.4e-05,5e-13,3e-10,2.5e-10,0.0513,39700000000.0,2270000000.0,11.44,-74.13
2.2e-05,1.4e-05,5e-13,3.5e-10,1e-10,0.0513,37500000000.0,2150000000.0,11.6,-73.53
2.2e-05,1.4e-05,5e-13,3.5e-10,5e-11,0.0513,37500000000.0,2170000000.0,11.59,-73.58
2.2e-05,1.4e-05,5e-13,3.5e-10,1.5e-10,0.0513,37500000000.0,2160000000.0,11.59,-73.47
2.2e-05,1.4e-05,5e-13,3.5e-10,2e-10,0.0513,37500000000.0,2170000000.0,11.59,-73.45
2.2e-05,1.4e-05,5e-13,3.5e-10,2.5e-10,0.0513,37500000000.0,2150000000.0,11.6,-73.28
2.2e-05,1.4e-05,5e-13,4.5e-10,1e-10,0.0513,34400000000.0,2010000000.0,11.77,-72.64
2.2e-05,1.4e-05,5e-13,4.5e-10,5e-11,0.0513,34400000000.0,2010000000.0,11.77,-72.57
2.2e-05,1.4e-05,5e-13,4.5e-10,1.5e-10,0.0513,34400000000.0,2010000000.0,11.77,-72.56
2.2e-05,1.4e-05,5e-13,5e-10,1e-10,0.0513,33200000000.0,1960000000.0,11.82,-72.2
2.2e-05,1.4e-05,5e-13,5e-10,5e-11,0.0513,33200000000.0,1970000000.0,11.82,-72.27
2.2e-05,1.4e-05,5e-13,5e-10,1.5e-10,0.0513,33200000000.0,1960000000.0,11.82,-72.24
2.2e-05,1.4e-05,5e-13,5e-10,2.5e-10,0.0513,33200000000.0,1960000000.0,11.82,-72.32
2.2e-05,1.4e-05,3e-13,4e-10,1e-10,0.0513,35800000000.0,2070000000.0,11.7,-73.1
2.2e-05,1.4e-05,3e-13,4e-10,5e-11,0.0513,35800000000.0,2080000000.0,11.69,-72.93
2.2e-05,1.4e-05,3e-13,4e-10,2e-10,0.0513,35800000000.0,2080000000.0,11.7,-73.09
2.2e-05,1.4e-05,3e-13,4e-10,2.5e-10,0.0513,35800000000.0,2070000000.0,11.7,-72.95
2.2e-05,1.4e-05,3e-13,3e-10,1e-10,0.0513,39700000000.0,2270000000.0,11.44,-74.12
2.2e-05,1.4e-05,3e-13,3e-10,5e-11,0.0513,39700000000.0,2280000000.0,11.44,-74.18
2.2e-05,1.4e-05,3e-13,3e-10,1.5e-10,0.0513,39700000000.0,2270000000.0,11.44,-74.19
2.2e-05,1.4e-05,3e-13,3e-10,2e-10,0.0513,39700000000.0,2270000000.0,11.44,-74.2
2.2e-05,1.4e-05,3e-13,3e-10,2.5e-10,0.0513,39700000000.0,2270000000.0,11.44,-74.11
2.2e-05,1.4e-05,3e-13,3.5e-10,1e-10,0.0513,37500000000.0,2160000000.0,11.59,-73.54
2.2e-05,1.4e-05,3e-13,3.5e-10,5e-11,0.0513,37500000000.0,2170000000.0,11.59,-73.64
2.2e-05,1.4e-05,3e-13,3.5e-10,1.5e-10,0.0513,37500000000.0,2170000000.0,11.59,-74.05
2.2e-05,1.4e-05,3e-13,3.5e-10,2e-10,0.0513,37500000000.0,2170000000.0,11.59,-73.52
2.2e-05,1.4e-05,3e-13,3.5e-10,2.5e-10,0.0513,37500000000.0,2170000000.0,11.59,-73.16
2.2e-05,1.4e-05,3e-13,4.5e-10,5e-11,0.0513,34400000000.0,2020000000.0,11.77,-72.62
2.2e-05,1.4e-05,3e-13,4.5e-10,1.5e-10,0.0513,34400000000.0,2010000000.0,11.77,-70.68
2.2e-05,1.4e-05,3e-13,4.5e-10,2e-10,0.0513,34400000000.0,2010000000.0,11.77,-74.39
2.2e-05,1.4e-05,3e-13,4.5e-10,2.5e-10,0.0513,34400000000.0,2020000000.0,11.77,-72.6
2.2e-05,1.4e-05,3e-13,5e-10,1e-10,0.0513,33200000000.0,1960000000.0,11.82,-72.28
2.2e-05,1.4e-05,3e-13,5e-10,2.5e-10,0.0513,33200000000.0,1970000000.0,11.82,-72.17
2.2e-05,1.4e-05,4e-13,4e-10,1e-10,0.0513,35800000000.0,2070000000.0,11.7,-72.97
2.2e-05,1.4e-05,4e-13,4e-10,5e-11,0.0513,35800000000.0,2080000000.0,11.7,-73.1
2.2e-05,1.4e-05,4e-13,4e-10,1.5e-10,0.0513,35800000000.0,2070000000.0,11.7,-73.25
2.2e-05,1.4e-05,4e-13,4e-10,2e-10,0.0513,35800000000.0,2070000000.0,11.7,-72.99
2.2e-05,1.4e-05,4e-13,4e-10,2.5e-10,0.0513,35800000000.0,2080000000.0,11.69,-73.04
2.2e-05,1.4e-05,4e-13,3e-10,1e-10,0.0513,39700000000.0,2280000000.0,11.44,-74.12
2.2e-05,1.4e-05,4e-13,3e-10,1.5e-10,0.0513,39700000000.0,2270000000.0,11.44,-74.24
2.2e-05,1.4e-05,4e-13,3.5e-10,1e-10,0.0513,37500000000.0,2150000000.0,11.59,-73.47
2.2e-05,1.4e-05,4e-13,3.5e-10,1.5e-10,0.0513,37500000000.0,2160000000.0,11.59,-73.48
2.2e-05,1.4e-05,4e-13,3.5e-10,2e-10,0.0513,37500000000.0,2170000000.0,11.59,-73.51
2.2e-05,1.4e-05,4e-13,3.5e-10,2.5e-10,0.0513,37500000000.0,2160000000.0,11.59,-73.49
2.2e-05,1.4e-05,4e-13,4.5e-10,1e-10,0.0513,34400000000.0,2010000000.0,11.77,-72.63
2.2e-05,1.4e-05,4e-13,4.5e-10,5e-11,0.0513,34400000000.0,2010000000.0,11.77,-72.69
2.2e-05,1.4e-05,4e-13,5e-10,1e-10,0.0513,33200000000.0,1970000000.0,11.82,-72.22
2.2e-05,1.4e-05,4e-13,5e-10,5e-11,0.0513,33200000000.0,1970000000.0,11.82,-72.29
2.2e-05,1.4e-05,6e-13,4e-10,1e-10,0.0513,35800000000.0,2070000000.0,11.7,-73.14
2.2e-05,1.4e-05,6e-13,4e-10,1.5e-10,0.0513,35800000000.0,2070000000.0,11.7,-73.04
2.2e-05,1.4e-05,6e-13,4e-10,2e-10,0.0513,35800000000.0,2080000000.0,11.7,-72.94
2.2e-05,1.4e-05,6e-13,4e-10,2.5e-10,0.0513,35800000000.0,2080000000.0,11.69,-73.1
2.2e-05,1.4e-05,6e-13,3e-10,1e-10,0.0513,39700000000.0,2260000000.0,11.44,-74.13
2.2e-05,1.4e-05,6e-13,3e-10,2e-10,0.0513,39700000000.0,2270000000.0,11.44,-74.56
2.2e-05,1.4e-05,6e-13,3e-10,2.5e-10,0.0513,39700000000.0,2270000000.0,11.44,-74.14
2.2e-05,1.4e-05,6e-13,3.5e-10,1e-10,0.0513,37500000000.0,2170000000.0,11.59,-73.55
2.2e-05,1.4e-05,6e-13,3.5e-10,5e-11,0.0513,37500000000.0,2150000000.0,11.6,-73.47
2.2e-05,1.4e-05,6e-13,3.5e-10,2.5e-10,0.0513,37500000000.0,2160000000.0,11.59,-73.45
2.2e-05,1.4e-05,6e-13,4.5e-10,2e-10,0.0513,34400000000.0,2010000000.0,11.77,-72.67
2.2e-05,1.4e-05,6e-13,4.5e-10,2.5e-10,0.0513,34400000000.0,2010000000.0,11.77,-72.58
2.2e-05,1.4e-05,6e-13,5e-10,5e-11,0.0513,33200000000.0,1960000000.0,11.82,-72.3
2.2e-05,1.4e-05,6e-13,5e-10,2e-10,0.0513,33200000000.0,1960000000.0,11.82,-72.15
2.2e-05,1.4e-05,6e-13,5e-10,2.5e-10,0.0513,33200000000.0,1970000000.0,11.82,-72.26
2.2e-05,1.4e-05,7e-13,4e-10,1.5e-10,0.0513,35800000000.0,2070000000.0,11.7,-72.98
2.2e-05,1.4e-05,7e-13,4e-10,2.5e-10,0.0513,35800000000.0,2070000000.0,11.7,-73.07
2.2e-05,1.4e-05,7e-13,3e-10,5e-11,0.0513,39700000000.0,2270000000.0,11.44,-73.84
2.2e-05,1.4e-05,7e-13,3e-10,2e-10,0.0513,39700000000.0,2270000000.0,11.44,-74.08
2.2e-05,1.4e-05,7e-13,3.5e-10,1e-10,0.0513,37500000000.0,2160000000.0,11.59,-73.56
2.2e-05,1.4e-05,7e-13,3.5e-10,2.5e-10,0.0513,37500000000.0,2160000000.0,11.59,-73.64
2.2e-05,1.4e-05,7e-13,4.5e-10,5e-11,0.0513,34400000000.0,2010000000.0,11.77,-72.66
2.2e-05,1.4e-05,7e-13,4.5e-10,2e-10,0.0513,34400000000.0,2010000000.0,11.77,-73.56
2.2e-05,1.4e-05,7e-13,4.5e-10,2.5e-10,0.0513,34400000000.0,2010000000.0,11.77,-72.53
2.2e-05,1.4e-05,7e-13,5e-10,5e-11,0.0513,33200000000.0,1960000000.0,11.82,-72.33
2.2e-05,1.4e-05,7e-13,5e-10,1.5e-10,0.0513,33200000000.0,1970000000.0,11.82,-72.19
2.2e-05,1.5e-05,5e-13,4e-10,1e-10,0.0513,35600000000.0,2080000000.0,11.65,-72.88
2.2e-05,1.5e-05,5e-13,4e-10,5e-11,0.0513,35600000000.0,2090000000.0,11.65,-72.98
2.2e-05,1.5e-05,5e-13,4e-10,1.5e-10,0.0513,35600000000.0,2090000000.0,11.65,-73.4
2.2e-05,1.5e-05,5e-13,4e-10,2e-10,0.0513,35600000000.0,2090000000.0,11.65,-72.96
2.2e-05,1.5e-05,5e-13,4e-10,2.5e-10,0.0513,35600000000.0,2080000000.0,11.65,-72.98
2.2e-05,1.5e-05,5e-13,3e-10,1e-10,0.0513,39500000000.0,2290000000.0,11.39,-74.14
2.2e-05,1.5e-05,5e-13,3e-10,5e-11,0.0513,39500000000.0,2280000000.0,11.39,-74.09
2.2e-05,1.5e-05,5e-13,3e-10,1.5e-10,0.0513,39500000000.0,2270000000.0,11.39,-74.35
2.2e-05,1.5e-05,5e-13,3e-10,2e-10,0.0513,39500000000.0,2280000000.0,11.39,-74.07
2.2e-05,1.5e-05,5e-13,3.5e-10,1e-10,0.0513,37300000000.0,2170000000.0,11.55,-73.79
2.2e-05,1.5e-05,5e-13,3.5e-10,5e-11,0.0513,37300000000.0,2160000000.0,11.55,-73.41
2.2e-05,1.5e-05,5e-13,3.5e-10,1.5e-10,0.0513,37300000000.0,2170000000.0,11.55,-73.51
2.2e-05,1.5e-05,5e-13,3.5e-10,2e-10,0.0513,37300000000.0,2160000000.0,11.55,-73.49
2.2e-05,1.5e-05,5e-13,3.5e-10,2.5e-10,0.0513,37300000000.0,2160000000.0,11.55,-73.51
2.2e-05,1.5e-05,5e-13,4.5e-10,1e-10,0.0513,34200000000.0,2020000000.0,11.73,-72.62
2.2e-05,1.5e-05,5e-13,4.5e-10,5e-11,0.0513,34200000000.0,2030000000.0,11.73,-72.58
2.2e-05,1.5e-05,5e-13,4.5e-10,1.5e-10,0.0513,34200000000.0,2030000000.0,11.73,-72.55
2.2e-05,1.5e-05,5e-13,4.5e-10,2e-10,0.0513,34200000000.0,2030000000.0,11.73,-72.54
2.2e-05,1.5e-05,5e-13,4.5e-10,2.5e-10,0.0513,34200000000.0,2020000000.0,11.73,-72.63
2.2e-05,1.5e-05,5e-13,5e-10,1e-10,0.0513,33000000000.0,1970000000.0,11.78,-72.29
2.2e-05,1.5e-05,5e-13,5e-10,5e-11,0.0513,33000000000.0,1970000000.0,11.79,-72.21
2.2e-05,1.5e-05,5e-13,5e-10,1.5e-10,0.0513,33000000000.0,1980000000.0,11.78,-72.25
2.2e-05,1.5e-05,5e-13,5e-10,2e-10,0.0513,33000000000.0,1980000000.0,11.78,-72.3
2.2e-05,1.5e-05,5e-13,5e-10,2.5e-10,0.0513,33000000000.0,1970000000.0,11.78,-72.3
2.2e-05,1.5e-05,3e-13,4e-10,1e-10,0.0513,35600000000.0,2090000000.0,11.65,-72.92
2.2e-05,1.5e-05,3e-13,4e-10,5e-11,0.0513,35600000000.0,2080000000.0,11.65,-72.86
2.2e-05,1.5e-05,3e-13,4e-10,1.5e-10,0.0513,35600000000.0,2080000000.0,11.65,-72.9
2.2e-05,1.5e-05,3e-13,4e-10,2e-10,0.0513,35600000000.0,2090000000.0,11.65,-73.01
2.2e-05,1.5e-05,3e-13,4e-10,2.5e-10,0.0513,35600000000.0,2080000000.0,11.65,-73.02
2.2e-05,1.5e-05,3e-13,3e-10,1e-10,0.0513,39500000000.0,2270000000.0,11.39,-73.87
2.2e-05,1.5e-05,3e-13,3e-10,5e-11,0.0513,39500000000.0,2280000000.0,11.39,-74.17
2.2e-05,1.5e-05,3e-13,3e-10,1.5e-10,0.0513,39500000000.0,2290000000.0,11.39,-74.13
2.2e-05,1.5e-05,3e-13,3e-10,2e-10,0.0513,39500000000.0,2290000000.0,11.38,-74.08
2.2e-05,1.5e-05,3e-13,3.5e-10,1e-10,0.0513,37300000000.0,2180000000.0,11.54,-73.46
2.2e-05,1.5e-05,3e-13,3.5e-10,5e-11,0.0513,37300000000.0,2180000000.0,11.54,-73.53
2.2e-05,1.5e-05,3e-13,3.5e-10,1.5e-10,0.0513,37300000000.0,2170000000.0,11.55,-73.34
2.2e-05,1.5e-05,3e-13,3.5e-10,2.5e-10,0.0513,37300000000.0,2170000000.0,11.55,-73.41
2.2e-05,1.5e-05,3e-13,4.5e-10,1e-10,0.0513,34200000000.0,2030000000.0,11.72,-72.57
2.2e-05,1.5e-05,3e-13,4.5e-10,5e-11,0.0513,34200000000.0,2030000000.0,11.73,-72.53
2.2e-05,1.5e-05,3e-13,4.5e-10,1.5e-10,0.0513,34200000000.0,2020000000.0,11.73,-72.51
2.2e-05,1.5e-05,3e-13,4.5e-10,2e-10,0.0513,34200000000.0,2030000000.0,11.73,-72.4
2.2e-05,1.5e-05,3e-13,4.5e-10,2.5e-10,0.0513,34200000000.0,2020000000.0,11.73,-72.7
2.2e-05,1.5e-05,3e-13,5e-10,1.5e-10,0.0513,33000000000.0,1980000000.0,11.78,-72.16
2.2e-05,1.5e-05,3e-13,5e-10,2e-10,0.0513,33000000000.0,1970000000.0,11.78,-72.35
2.2e-05,1.5e-05,4e-13,4e-10,1e-10,0.0513,35600000000.0,2080000000.0,11.65,-72.92
2.2e-05,1.5e-05,4e-13,4e-10,1.5e-10,0.0513,35600000000.0,2090000000.0,11.65,-73.02
2.2e-05,1.5e-05,4e-13,4e-10,2e-10,0.0513,35600000000.0,2090000000.0,11.65,-72.99
2.2e-05,1.5e-05,4e-13,4e-10,2.5e-10,0.0513,35600000000.0,2090000000.0,11.65,-72.8
2.2e-05,1.5e-05,4e-13,3e-10,1e-10,0.0513,39500000000.0,2280000000.0,11.39,-74.08
2.2e-05,1.5e-05,4e-13,3e-10,5e-11,0.0513,39500000000.0,2270000000.0,11.39,-74.11
2.2e-05,1.5e-05,4e-13,3e-10,1.5e-10,0.0513,39500000000.0,2290000000.0,11.38,-73.98
2.2e-05,1.5e-05,4e-13,3e-10,2e-10,0.0513,39500000000.0,2270000000.0,11.39,-74.18
2.2e-05,1.5e-05,4e-13,3e-10,2.5e-10,0.0513,39500000000.0,2280000000.0,11.39,-73.87
2.2e-05,1.5e-05,4e-13,3.5e-10,1e-10,0.0513,37300000000.0,2160000000.0,11.55,-73.45
2.2e-05,1.5e-05,4e-13,3.5e-10,2e-10,0.0513,37300000000.0,2160000000.0,11.55,-73.52
2.2e-05,1.5e-05,4e-13,3.5e-10,2.5e-10,0.0513,37300000000.0,2170000000.0,11.54,-73.48
2.2e-05,1.5e-05,4e-13,4.5e-10,5e-11,0.0513,34200000000.0,2030000000.0,11.73,-72.48
2.2e-05,1.5e-05,4e-13,4.5e-10,2e-10,0.0513,34200000000.0,2030000000.0,11.73,-72.93
2.2e-05,1.5e-05,4e-13,4.5e-10,2.5e-10,0.0513,34200000000.0,2030000000.0,11.73,-72.59
2.2e-05,1.5e-05,4e-13,5e-10,1e-10,0.0513,33000000000.0,1980000000.0,11.78,-72.2
2.2e-05,1.5e-05,4e-13,5e-10,5e-11,0.0513,33000000000.0,1960000000.0,11.79,-72.23
2.2e-05,1.5e-05,4e-13,5e-10,2e-10,0.0513,33000000000.0,1980000000.0,11.78,-72.18
2.2e-05,1.5e-05,4e-13,5e-10,2.5e-10,0.0513,33000000000.0,1960000000.0,11.79,-72.24
2.2e-05,1.5e-05,6e-13,4e-10,1e-10,0.0513,35600000000.0,2090000000.0,11.65,-72.97
2.2e-05,1.5e-05,6e-13,4e-10,5e-11,0.0513,35600000000.0,2080000000.0,11.65,-73.03
2.2e-05,1.5e-05,6e-13,4e-10,2e-10,0.0513,35600000000.0,2090000000.0,11.65,-73.04
2.2e-05,1.5e-05,6e-13,4e-10,2.5e-10,0.0513,35600000000.0,2080000000.0,11.65,-73.0
2.2e-05,1.5e-05,6e-13,3e-10,1e-10,0.0513,39500000000.0,2290000000.0,11.39,-74.1
2.2e-05,1.5e-05,6e-13,3e-10,5e-11,0.0513,39500000000.0,2270000000.0,11.39,-74.16
2.2e-05,1.5e-05,6e-13,3e-10,1.5e-10,0.0513,39500000000.0,2290000000.0,11.39,-74.12
2.2e-05,1.5e-05,6e-13,3e-10,2.5e-10,0.0513,39500000000.0,2280000000.0,11.38,-74.11
2.2e-05,1.5e-05,6e-13,3.5e-10,1e-10,0.0513,37300000000.0,2170000000.0,11.55,-73.49
2.2e-05,1.5e-05,6e-13,3.5e-10,5e-11,0.0513,37300000000.0,2160000000.0,11.55,-73.43
2.2e-05,1.5e-05,6e-13,3.5e-10,1.5e-10,0.0513,37300000000.0,2170000000.0,11.55,-73.47
2.2e-05,1.5e-05,6e-13,3.5e-10,2.5e-10,0.0513,37300000000.0,2170000000.0,11.55,-73.43
2.2e-05,1.5e-05,6e-13,4.5e-10,1e-10,0.0513,34200000000.0,2010000000.0,11.73,-72.64
2.2e-05,1.5e-05,6e-13,4.5e-10,5e-11,0.0513,34200000000.0,2030000000.0,11.73,-72.49
2.2e-05,1.5e-05,6e-13,4.5e-10,1.5e-10,0.0513,34200000000.0,2030000000.0,11.73,-72.52
2.2e-05,1.5e-05,6e-13,5e-10,1e-10,0.0513,33000000000.0,1980000000.0,11.78,-72.17
2.2e-05,1.5e-05,6e-13,5e-10,1.5e-10,0.0513,33000000000.0,1970000000.0,11.78,-72.16
2.2e-05,1.5e-05,6e-13,5e-10,2.5e-10,0.0513,33000000000.0,1970000000.0,11.78,-72.36
2.2e-05,1.5e-05,7e-13,4e-10,1e-10,0.0513,35600000000.0,2080000000.0,11.66,-72.95
2.2e-05,1.5e-05,7e-13,4e-10,5e-11,0.0513,35600000000.0,2080000000.0,11.66,-72.96
2.2e-05,1.5e-05,7e-13,4e-10,1.5e-10,0.0513,35600000000.0,2090000000.0,11.65,-72.89
2.2e-05,1.5e-05,7e-13,4e-10,2e-10,0.0513,35600000000.0,2080000000.0,11.65,-72.94
2.2e-05,1.5e-05,7e-13,4e-10,2.5e-10,0.0513,35600000000.0,2080000000.0,11.66,-72.97
2.2e-05,1.5e-05,7e-13,3e-10,1e-10,0.0513,39500000000.0,2280000000.0,11.39,-74.13
2.2e-05,1.5e-05,7e-13,3e-10,5e-11,0.0513,39500000000.0,2300000000.0,11.39,-74.07
2.2e-05,1.5e-05,7e-13,3e-10,1.5e-10,0.0513,39500000000.0,2300000000.0,11.39,-74.03
2.2e-05,1.5e-05,7e-13,3e-10,2e-10,0.0513,39500000000.0,2280000000.0,11.39,-74.1
2.2e-05,1.5e-05,7e-13,3.5e-10,1e-10,0.0513,37300000000.0,2170000000.0,11.55,-73.42
2.2e-05,1.5e-05,7e-13,3.5e-10,5e-11,0.0513,37300000000.0,2180000000.0,11.55,-73.47
2.2e-05,1.5e-05,7e-13,3.5e-10,1.5e-10,0.0513,37300000000.0,2160000000.0,11.55,-73.47
2.2e-05,1.5e-05,7e-13,3.5e-10,2e-10,0.0513,37300000000.0,2160000000.0,11.55,-73.53
2.2e-05,1.5e-05,7e-13,3.5e-10,2.5e-10,0.0513,37300000000.0,2160000000.0,11.55,-73.42
2.2e-05,1.5e-05,7e-13,4.5e-10,1e-10,0.0513,34200000000.0,2030000000.0,11.73,-72.6
2.2e-05,1.5e-05,7e-13,5e-10,1e-10,0.0513,33000000000.0,1960000000.0,11.79,-72.3
2.2e-05,1.5e-05,7e-13,5e-10,1.5e-10,0.0513,33000000000.0,1970000000.0,11.78,-72.31
2.2e-05,1.5e-05,7e-13,5e-10,2e-10,0.0513,33000000000.0,1960000000.0,11.79,-72.25
2.2e-05,1.6e-05,5e-13,4e-10,1e-10,0.0513,35400000000.0,2080000000.0,11.6,-72.82
2.2e-05,1.6e-05,5e-13,4e-10,5e-11,0.0513,35400000000.0,2070000000.0,11.61,-72.86
2.2e-05,1.6e-05,5e-13,4e-10,1.5e-10,0.0513,35400000000.0,2080000000.0,11.6,-73.45
2.2e-05,1.6e-05,5e-13,4e-10,2e-10,0.0513,35400000000.0,2070000000.0,11.61,-72.78
2.2e-05,1.6e-05,5e-13,4e-10,2.5e-10,0.0513,35400000000.0,2070000000.0,11.61,-72.7
2.2e-05,1.6e-05,5e-13,3e-10,1e-10,0.0513,39300000000.0,2270000000.0,11.33,-73.94
2.2e-05,1.6e-05,5e-13,3e-10,5e-11,0.0513,39300000000.0,2270000000.0,11.33,-73.95
2.2e-05,1.6e-05,5e-13,3e-10,1.5e-10,0.0513,39300000000.0,2280000000.0,11.33,-73.49
2.2e-05,1.6e-05,5e-13,3e-10,2e-10,0.0513,39300000000.0,2270000000.0,11.33,-74.08
2.2e-05,1.6e-05,5e-13,3e-10,2.5e-10,0.0513,39300000000.0,2270000000.0,11.33,-74.17
2.2e-05,1.6e-05,5e-13,3.5e-10,1e-10,0.0513,37100000000.0,2160000000.0,11.49,-73.35
2.2e-05,1.6e-05,5e-13,3.5e-10,5e-11,0.0513,37100000000.0,2150000000.0,11.5,-73.38
2.2e-05,1.6e-05,5e-13,3.5e-10,1.5e-10,0.0513,37100000000.0,2160000000.0,11.5,-73.42
2.2e-05,1.6e-05,5e-13,3.5e-10,2e-10,0.0513,37100000000.0,2160000000.0,11.49,-73.41
2.2e-05,1.6e-05,5e-13,3.5e-10,2.5e-10,0.0513,37100000000.0,2160000000.0,11.5,-73.03
2.2e-05,1.6e-05,5e-13,4.5e-10,1e-10,0.0513,34000000000.0,2010000000.0,11.69,-72.58
2.2e-05,1.6e-05,5e-13,4.5e-10,5e-11,0.0513,34000000000.0,2010000000.0,11.69,-72.47
2.2e-05,1.6e-05,5e-13,4.5e-10,2e-10,0.0513,34000000000.0,2010000000.0,11.68,-72.59
2.2e-05,1.6e-05,5e-13,4.5e-10,2.5e-10,0.0513,34000000000.0,2010000000.0,11.69,-72.48
2.2e-05,1.6e-05,5e-13,5e-10,1e-10,0.0513,32900000000.0,1970000000.0,11.74,-72.26
2.2e-05,1.6e-05,5e-13,5e-10,5e-11,0.0513,32900000000.0,1970000000.0,11.74,-72.25
2.2e-05,1.6e-05,5e-13,5e-10,1.5e-10,0.0513,32900000000.0,1960000000.0,11.74,-72.17
2.2e-05,1.6e-05,5e-13,5e-10,2e-10,0.0513,32900000000.0,1960000000.0,11.74,-72.25
2.2e-05,1.6e-05,5e-13,5e-10,2.5e-10,0.0513,32900000000.0,1970000000.0,11.74,-72.13
2.2e-05,1.6e-05,3e-13,4e-10,1e-10,0.0513,35400000000.0,2080000000.0,11.61,-72.87
2.2e-05,1.6e-05,3e-13,4e-10,5e-11,0.0513,35400000000.0,2080000000.0,11.6,-72.95
2.2e-05,1.6e-05,3e-13,4e-10,1.5e-10,0.0513,35400000000.0,2070000000.0,11.61,-72.92
2.2e-05,1.6e-05,3e-13,4e-10,2e-10,0.0513,35400000000.0,2070000000.0,11.61,-72.72
2.2e-05,1.6e-05,3e-13,4e-10,2.5e-10,0.0513,35400000000.0,2070000000.0,11.61,-73.03
2.2e-05,1.6e-05,3e-13,3e-10,1e-10,0.0513,39300000000.0,2270000000.0,11.33,-73.99
2.2e-05,1.6e-05,3e-13,3e-10,5e-11,0.0513,39300000000.0,2270000000.0,11.33,-74.1
2.2e-05,1.6e-05,3e-13,3e-10,1.5e-10,0.0513,39300000000.0,2280000000.0,11.33,-74.1
2.2e-05,1.6e-05,3e-13,3e-10,2e-10,0.0513,39300000000.0,2270000000.0,11.33,-73.98
2.2e-05,1.6e-05,3e-13,3e-10,2.5e-10,0.0513,39300000000.0,2270000000.0,11.33,-73.91
2.2e-05,1.6e-05,3e-13,3.5e-10,1e-10,0.0513,37100000000.0,2150000000.0,11.5,-73.31
2.2e-05,1.6e-05,3e-13,3.5e-10,5e-11,0.0513,37100000000.0,2170000000.0,11.49,-73.96
2.2e-05,1.6e-05,3e-13,3.5e-10,1.5e-10,0.0513,37100000000.0,2150000000.0,11.5,-73.35
2.2e-05,1.6e-05,3e-13,4.5e-10,1e-10,0.0513,34000000000.0,2010000000.0,11.69,-72.5
2.2e-05,1.6e-05,3e-13,4.5e-10,5e-11,0.0513,34000000000.0,2010000000.0,11.69,-72.53
2.2e-05,1.6e-05,3e-13,4.5e-10,1.5e-10,0.0513,34000000000.0,2020000000.0,11.68,-72.57
2.2e-05,1.6e-05,3e-13,4.5e-10,2e-10,0.0513,34000000000.0,2010000000.0,11.68,-72.54
2.2e-05,1.6e-05,3e-13,5e-10,1e-10,0.0513,32900000000.0,1960000000.0,11.74,-72.15
2.2e-05,1.6e-05,3e-13,5e-10,5e-11,0.0513,32900000000.0,1960000000.0,11.74,-72.26
2.2e-05,1.6e-05,3e-13,5e-10,1.5e-10,0.0513,32900000000.0,1970000000.0,11.74,-72.04
2.2e-05,1.6e-05,3e-13,5e-10,2e-10,0.0513,32900000000.0,1970000000.0,11.74,-72.24
2.2e-05,1.6e-05,3e-13,5e-10,2.5e-10,0.0513,32900000000.0,1960000000.0,11.74,-72.14
2.2e-05,1.6e-05,4e-13,4e-10,1e-10,0.0513,35400000000.0,2070000000.0,11.61,-72.87
2.2e-05,1.6e-05,4e-13,4e-10,1.5e-10,0.0513,35400000000.0,2080000000.0,11.6,-73.46
2.2e-05,1.6e-05,4e-13,4e-10,2.5e-10,0.0513,35400000000.0,2070000000.0,11.61,-72.99
2.2e-05,1.6e-05,4e-13,3e-10,1e-10,0.0513,39300000000.0,2260000000.0,11.33,-73.74
2.2e-05,1.6e-05,4e-13,3e-10,5e-11,0.0513,39300000000.0,2280000000.0,11.33,-74.01
2.2e-05,1.6e-05,4e-13,3e-10,1.5e-10,0.0513,39300000000.0,2280000000.0,11.33,-74.76
2.2e-05,1.6e-05,4e-13,3e-10,2e-10,0.0513,39300000000.0,2260000000.0,11.33,-74.02
2.2e-05,1.6e-05,4e-13,3.5e-10,1e-10,0.0513,37100000000.0,2150000000.0,11.5,-73.9
2.2e-05,1.6e-05,4e-13,3.5e-10,2e-10,0.0513,37100000000.0,2160000000.0,11.49,-73.42
2.2e-05,1.6e-05,4e-13,4.5e-10,5e-11,0.0513,34000000000.0,2010000000.0,11.68,-72.58
2.2e-05,1.6e-05,4e-13,4.5e-10,1.5e-10,0.0513,34000000000.0,2010000000.0,11.68,-72.64
2.2e-05,1.6e-05,4e-13,4.5e-10,2e-10,0.0513,34000000000.0,2010000000.0,11.69,-72.54
2.2e-05,1.6e-05,4e-13,5e-10,1e-10,0.0513,32900000000.0,1960000000.0,11.74,-72.22
2.2e-05,1.6e-05,4e-13,5e-10,5e-11,0.0513,32900000000.0,1970000000.0,11.74,-72.23
2.2e-05,1.6e-05,4e-13,5e-10,1.5e-10,0.0513,32900000000.0,1970000000.0,11.74,-72.15
2.2e-05,1.6e-05,4e-13,5e-10,2e-10,0.0513,32900000000.0,1960000000.0,11.74,-72.13
2.2e-05,1.6e-05,4e-13,5e-10,2.5e-10,0.0513,32900000000.0,1980000000.0,11.74,-72.23
2.2e-05,1.6e-05,6e-13,4e-10,5e-11,0.0513,35400000000.0,2080000000.0,11.6,-72.97
2.2e-05,1.6e-05,6e-13,4e-10,1.5e-10,0.0513,35400000000.0,2080000000.0,11.6,-72.96
2.2e-05,1.6e-05,6e-13,4e-10,2e-10,0.0513,35400000000.0,2080000000.0,11.6,-72.93
2.2e-05,1.6e-05,6e-13,4e-10,2.5e-10,0.0513,35400000000.0,2080000000.0,11.6,-72.85
2.2e-05,1.6e-05,6e-13,3e-10,1e-10,0.0513,39300000000.0,2280000000.0,11.33,-73.48
2.2e-05,1.6e-05,6e-13,3e-10,5e-11,0.0513,39300000000.0,2270000000.0,11.33,-74.03
2.2e-05,1.6e-05,6e-13,3e-10,1.5e-10,0.0513,39300000000.0,2270000000.0,11.33,-74.0
2.2e-05,1.6e-05,6e-13,3e-10,2.5e-10,0.0513,39300000000.0,2270000000.0,11.33,-74.01
2.2e-05,1.6e-05,6e-13,3.5e-10,1e-10,0.0513,37100000000.0,2150000000.0,11.5,-73.34
2.2e-05,1.6e-05,6e-13,3.5e-10,5e-11,0.0513,37100000000.0,2160000000.0,11.5,-73.35
2.2e-05,1.6e-05,6e-13,3.5e-10,1.5e-10,0.0513,37100000000.0,2160000000.0,11.49,-73.43
2.2e-05,1.6e-05,6e-13,3.5e-10,2e-10,0.0513,37100000000.0,2160000000.0,11.5,-73.37
2.2e-05,1.6e-05,6e-13,3.5e-10,2.5e-10,0.0513,37100000000.0,2150000000.0,11.5,-73.39
2.2e-05,1.6e-05,6e-13,4.5e-10,2e-10,0.0513,34000000000.0,2010000000.0,11.69,-71.86
2.2e-05,1.6e-05,6e-13,5e-10,2e-10,0.0513,32900000000.0,1960000000.0,11.74,-72.33
2.2e-05,1.6e-05,6e-13,5e-10,2.5e-10,0.0513,32900000000.0,1960000000.0,11.74,-72.19
2.2e-05,1.6e-05,7e-13,4e-10,1e-10,0.0513,35400000000.0,2070000000.0,11.61,-72.88
2.2e-05,1.6e-05,7e-13,4e-10,5e-11,0.0513,35400000000.0,2080000000.0,11.6,-73.04
2.2e-05,1.6e-05,7e-13,4e-10,2e-10,0.0513,35400000000.0,2070000000.0,11.61,-72.89
2.2e-05,1.6e-05,7e-13,4e-10,2.5e-10,0.0513,35400000000.0,2070000000.0,11.61,-72.93
2.2e-05,1.6e-05,7e-13,3e-10,1e-10,0.0513,39300000000.0,2270000000.0,11.33,-74.02
2.2e-05,1.6e-05,7e-13,3e-10,5e-11,0.0513,39300000000.0,2280000000.0,11.33,-73.99
2.2e-05,1.6e-05,7e-13,3e-10,1.5e-10,0.0513,39300000000.0,2270000000.0,11.33,-72.48
2.2e-05,1.6e-05,7e-13,3e-10,2e-10,0.0513,39300000000.0,2270000000.0,11.33,-74.13
2.2e-05,1.6e-05,7e-13,3e-10,2.5e-10,0.0513,39300000000.0,2260000000.0,11.33,-73.99
2.2e-05,1.6e-05,7e-13,3.5e-10,1e-10,0.0513,37100000000.0,2160000000.0,11.5,-73.34
2.2e-05,1.6e-05,7e-13,3.5e-10,5e-11,0.0513,37100000000.0,2160000000.0,11.5,-73.27
2.2e-05,1.6e-05,7e-13,3.5e-10,1.5e-10,0.0513,37100000000.0,2170000000.0,11.49,-73.43
2.2e-05,1.6e-05,7e-13,3.5e-10,2e-10,0.0513,37100000000.0,2150000000.0,11.5,-73.52
2.2e-05,1.6e-05,7e-13,4.5e-10,1e-10,0.0513,34000000000.0,2010000000.0,11.69,-72.59
2.2e-05,1.6e-05,7e-13,4.5e-10,5e-11,0.0513,34000000000.0,2010000000.0,11.69,-72.89
2.2e-05,1.6e-05,7e-13,4.5e-10,2.5e-10,0.0513,34000000000.0,2010000000.0,11.69,-72.43
2.2e-05,1.7e-05,5e-13,4e-10,1e-10,0.0513,35300000000.0,2060000000.0,11.55,-72.64
2.2e-05,1.7e-05,5e-13,4e-10,5e-11,0.0513,35300000000.0,2060000000.0,11.55,-72.83
2.2e-05,1.7e-05,5e-13,4e-10,1.5e-10,0.0513,35300000000.0,2050000000.0,11.56,-72.83
2.2e-05,1.7e-05,5e-13,4e-10,2e-10,0.0513,35300000000.0,2060000000.0,11.55,-73.37
2.2e-05,1.7e-05,5e-13,4e-10,2.5e-10,0.0513,35300000000.0,2060000000.0,11.56,-72.8
2.2e-05,1.7e-05,5e-13,3e-10,1e-10,0.0513,39200000000.0,2250000000.0,11.27,-73.95
2.2e-05,1.7e-05,5e-13,3e-10,5e-11,0.0513,39200000000.0,2230000000.0,11.27,-73.81
2.2e-05,1.7e-05,5e-13,3e-10,1.5e-10,0.0513,39200000000.0,2240000000.0,11.27,-73.9
2.2e-05,1.7e-05,5e-13,3e-10,2e-10,0.0513,39200000000.0,2240000000.0,11.27,-73.88
2.2e-05,1.7e-05,5e-13,3e-10,2.5e-10,0.0513,39200000000.0,2240000000.0,11.27,-73.79
2.2e-05,1.7e-05,5e-13,3.5e-10,1e-10,0.0513,37000000000.0,2130000000.0,11.44,-73.46
2.2e-05,1.7e-05,5e-13,3.5e-10,5e-11,0.0513,37000000000.0,2140000000.0,11.44,-73.33
2.2e-05,1.7e-05,5e-13,3.5e-10,1.5e-10,0.0513,37000000000.0,2140000000.0,11.44,-73.3
2.2e-05,1.7e-05,5e-13,3.5e-10,2e-10,0.0513,37000000000.0,2130000000.0,11.44,-73.37
2.2e-05,1.7e-05,5e-13,3.5e-10,2.5e-10,0.0513,37000000000.0,2140000000.0,11.44,-73.34
2.2e-05,1.7e-05,5e-13,4.5e-10,1e-10,0.0513,33900000000.0,2000000000.0,11.64,-72.43
2.2e-05,1.7e-05,5e-13,4.5e-10,5e-11,0.0513,33900000000.0,1990000000.0,11.64,-72.44
2.2e-05,1.7e-05,5e-13,4.5e-10,1.5e-10,0.0513,33900000000.0,1990000000.0,11.64,-72.47
2.2e-05,1.7e-05,5e-13,4.5e-10,2e-10,0.0513,33900000000.0,2000000000.0,11.64,-72.48
2.2e-05,1.7e-05,5e-13,4.5e-10,2.5e-10,0.0513,33900000000.0,1990000000.0,11.64,-72.42
2.2e-05,1.7e-05,5e-13,5e-10,1e-10,0.0513,32700000000.0,1950000000.0,11.7,-72.09
2.2e-05,1.7e-05,5e-13,5e-10,5e-11,0.0513,32700000000.0,1940000000.0,11.7,-72.01
2.2e-05,1.7e-05,5e-13,5e-10,1.5e-10,0.0513,32700000000.0,1960000000.0,11.7,-72.2
2.2e-05,1.7e-05,5e-13,5e-10,2e-10,0.0513,32700000000.0,1950000000.0,11.7,-72.11
2.2e-05,1.7e-05,5e-13,5e-10,2.5e-10,0.0513,32700000000.0,1950000000.0,11.7,-72.21
2.2e-05,1.7e-05,3e-13,4e-10,1e-10,0.0513,35300000000.0,2060000000.0,11.55,-72.89
2.2e-05,1.7e-05,3e-13,4e-10,5e-11,0.0513,35300000000.0,2050000000.0,11.56,-72.81
2.2e-05,1.7e-05,3e-13,4e-10,1.5e-10,0.0513,35300000000.0,2060000000.0,11.55,-72.55
2.2e-05,1.7e-05,3e-13,4e-10,2.5e-10,0.0513,35300000000.0,2050000000.0,11.56,-72.8
2.2e-05,1.7e-05,3e-13,3e-10,1e-10,0.0513,39200000000.0,2250000000.0,11.27,-73.91
2.2e-05,1.7e-05,3e-13,3e-10,5e-11,0.0513,39200000000.0,2240000000.0,11.27,-70.84
2.2e-05,1.7e-05,3e-13,3e-10,1.5e-10,0.0513,39200000000.0,2240000000.0,11.27,-73.94
2.2e-05,1.7e-05,3e-13,3e-10,2.5e-10,0.0513,39200000000.0,2240000000.0,11.27,-73.91
2.2e-05,1.7e-05,3e-13,3.5e-10,1e-10,0.0513,37000000000.0,2140000000.0,11.44,-73.27
2.2e-05,1.7e-05,3e-13,3.5e-10,5e-11,0.0513,37000000000.0,2130000000.0,11.44,-73.71
2.2e-05,1.7e-05,3e-13,3.5e-10,2.5e-10,0.0513,37000000000.0,2130000000.0,11.44,-73.3
2.2e-05,1.7e-05,3e-13,4.5e-10,1e-10,0.0513,33900000000.0,1990000000.0,11.64,-72.86
2.2e-05,1.7e-05,3e-13,4.5e-10,5e-11,0.0513,33900000000.0,2000000000.0,11.64,-72.77
2.2e-05,1.7e-05,3e-13,4.5e-10,2e-10,0.0513,33900000000.0,2000000000.0,11.63,-72.49
2.2e-05,1.7e-05,3e-13,4.5e-10,2.5e-10,0.0513,33900000000.0,2000000000.0,11.64,-72.23
2.2e-05,1.7e-05,3e-13,5e-10,1e-10,0.0513,32700000000.0,1940000000.0,11.7,-72.14
2.2e-05,1.7e-05,3e-13,5e-10,1.5e-10,0.0513,32700000000.0,1960000000.0,11.7,-72.16
2.2e-05,1.7e-05,3e-13,5e-10,2e-10,0.0513,32700000000.0,1960000000.0,11.69,-72.15
2.2e-05,1.7e-05,4e-13,4e-10,1e-10,0.0513,35300000000.0,2060000000.0,11.56,-72.89
2.2e-05,1.7e-05,4e-13,4e-10,5e-11,0.0513,35300000000.0,2050000000.0,11.55,-73.41
2.2e-05,1.7e-05,4e-13,4e-10,1.5e-10,0.0513,35300000000.0,2060000000.0,11.56,-72.83
2.2e-05,1.7e-05,4e-13,4e-10,2e-10,0.0513,35300000000.0,2060000000.0,11.55,-72.87
2.2e-05,1.7e-05,4e-13,4e-10,2.5e-10,0.0513,35300000000.0,2050000000.0,11.56,-72.69
2.2e-05,1.7e-05,4e-13,3e-10,1e-10,0.0513,39200000000.0,2250000000.0,11.27,-73.74
2.2e-05,1.7e-05,4e-13,3e-10,5e-11,0.0513,39200000000.0,2240000000.0,11.27,-74.01
2.2e-05,1.7e-05,4e-13,3e-10,2e-10,0.0513,39200000000.0,2250000000.0,11.27,-73.89
2.2e-05,1.7e-05,4e-13,3e-10,2.5e-10,0.0513,39200000000.0,2240000000.0,11.27,-73.93
2.2e-05,1.7e-05,4e-13,3.5e-10,5e-11,0.0513,37000000000.0,2130000000.0,11.44,-73.92
2.2e-05,1.7e-05,4e-13,3.5e-10,1.5e-10,0.0513,37000000000.0,2140000000.0,11.44,-73.23
2.2e-05,1.7e-05,4e-13,3.5e-10,2e-10,0.0513,37000000000.0,2140000000.0,11.44,-73.22
2.2e-05,1.7e-05,4e-13,4.5e-10,1e-10,0.0513,33900000000.0,2000000000.0,11.63,-72.48
2.2e-05,1.7e-05,4e-13,4.5e-10,5e-11,0.0513,33900000000.0,1990000000.0,11.64,-72.3
2.2e-05,1.7e-05,4e-13,4.5e-10,1.5e-10,0.0513,33900000000.0,1990000000.0,11.64,-72.41
2.2e-05,1.7e-05,4e-13,4.5e-10,2.5e-10,0.0513,33900000000.0,2000000000.0,11.64,-72.5
2.2e-05,1.7e-05,4e-13,5e-10,1e-10,0.0513,32700000000.0,1950000000.0,11.7,-72.07
2.2e-05,1.7e-05,4e-13,5e-10,5e-11,0.0513,32700000000.0,1950000000.0,11.7,-72.1
2.2e-05,1.7e-05,4e-13,5e-10,1.5e-10,0.0513,32700000000.0,1950000000.0,11.7,-72.22
2.2e-05,1.7e-05,6e-13,4e-10,1e-10,0.0513,35300000000.0,2060000000.0,11.55,-72.82
2.2e-05,1.7e-05,6e-13,4e-10,5e-11,0.0513,35300000000.0,2060000000.0,11.55,-72.84
2.2e-05,1.7e-05,6e-13,4e-10,1.5e-10,0.0513,35300000000.0,2060000000.0,11.55,-72.8
2.2e-05,1.7e-05,6e-13,4e-10,2e-10,0.0513,35300000000.0,2050000000.0,11.56,-72.67
2.2e-05,1.7e-05,6e-13,4e-10,2.5e-10,0.0513,35300000000.0,2060000000.0,11.55,-72.85
2.2e-05,1.7e-05,6e-13,3e-10,1e-10,0.0513,39200000000.0,2240000000.0,11.27,-73.86
2.2e-05,1.7e-05,6e-13,3e-10,5e-11,0.0513,39200000000.0,2230000000.0,11.27,-73.86
2.2e-05,1.7e-05,6e-13,3e-10,2e-10,0.0513,39200000000.0,2240000000.0,11.27,-73.89
2.2e-05,1.7e-05,6e-13,3e-10,2.5e-10,0.0513,39200000000.0,2240000000.0,11.27,-74.15
2.2e-05,1.7e-05,6e-13,3.5e-10,1e-10,0.0513,37000000000.0,2140000000.0,11.44,-73.37
2.2e-05,1.7e-05,6e-13,3.5e-10,2e-10,0.0513,37000000000.0,2140000000.0,11.44,-73.35
2.2e-05,1.7e-05,6e-13,4.5e-10,1e-10,0.0513,33900000000.0,2000000000.0,11.63,-72.52
2.2e-05,1.7e-05,6e-13,4.5e-10,5e-11,0.0513,33900000000.0,1990000000.0,11.64,-72.45
2.2e-05,1.7e-05,6e-13,4.5e-10,1.5e-10,0.0513,33900000000.0,1990000000.0,11.64,-72.43
2.2e-05,1.7e-05,6e-13,5e-10,1e-10,0.0513,32700000000.0,1960000000.0,11.7,-72.08
2.2e-05,1.7e-05,6e-13,5e-10,5e-11,0.0513,32700000000.0,1940000000.0,11.7,-72.17
2.2e-05,1.7e-05,6e-13,5e-10,1.5e-10,0.0513,32700000000.0,1940000000.0,11.7,-72.04
2.2e-05,1.7e-05,6e-13,5e-10,2e-10,0.0513,32700000000.0,1940000000.0,11.7,-72.16
2.2e-05,1.7e-05,6e-13,5e-10,2.5e-10,0.0513,32700000000.0,1940000000.0,11.7,-72.21
2.2e-05,1.7e-05,7e-13,4e-10,1e-10,0.0513,35300000000.0,2050000000.0,11.56,-72.84
2.2e-05,1.7e-05,7e-13,4e-10,5e-11,0.0513,35300000000.0,2050000000.0,11.55,-72.86
2.2e-05,1.7e-05,7e-13,4e-10,1.5e-10,0.0513,35300000000.0,2050000000.0,11.55,-72.88
2.2e-05,1.7e-05,7e-13,4e-10,2e-10,0.0513,35300000000.0,2060000000.0,11.55,-73.4
2.2e-05,1.7e-05,7e-13,3e-10,1e-10,0.0513,39200000000.0,2250000000.0,11.27,-73.99
2.2e-05,1.7e-05,7e-13,3e-10,1.5e-10,0.0513,39200000000.0,2250000000.0,11.27,-73.9
2.2e-05,1.7e-05,7e-13,3e-10,2.5e-10,0.0513,39200000000.0,2230000000.0,11.27,-73.95
2.2e-05,1.7e-05,7e-13,3.5e-10,1e-10,0.0513,37000000000.0,2140000000.0,11.44,-73.13
2.2e-05,1.7e-05,7e-13,3.5e-10,1.5e-10,0.0513,37000000000.0,2130000000.0,11.44,-73.32
2.2e-05,1.7e-05,7e-13,3.5e-10,2.5e-10,0.0513,37000000000.0,2140000000.0,11.44,-73.97
2.2e-05,1.7e-05,7e-13,4.5e-10,2.5e-10,0.0513,33900000000.0,1990000000.0,11.64,-72.84
2.2e-05,1.7e-05,7e-13,5e-10,1e-10,0.0513,32700000000.0,1950000000.0,11.7,-72.19
2.2e-05,1.7e-05,7e-13,5e-10,1.5e-10,0.0513,32700000000.0,1950000000.0,11.7,-72.62
2.2e-05,1.7e-05,7e-13,5e-10,2.5e-10,0.0513,32700000000.0,1940000000.0,11.7,-72.12
2.2e-05,1.8e-05,5e-13,4e-10,1e-10,0.0513,35100000000.0,2030000000.0,11.5,-72.93
2.2e-05,1.8e-05,5e-13,4e-10,5e-11,0.0513,35100000000.0,2020000000.0,11.5,-72.62
2.2e-05,1.8e-05,5e-13,4e-10,1.5e-10,0.0513,35100000000.0,2010000000.0,11.5,-72.77
2.2e-05,1.8e-05,5e-13,4e-10,2e-10,0.0513,35100000000.0,2010000000.0,11.5,-72.75
2.2e-05,1.8e-05,5e-13,4e-10,2.5e-10,0.0513,35100000000.0,2010000000.0,11.5,-72.93
2.2e-05,1.8e-05,5e-13,3e-10,1e-10,0.0513,39000000000.0,2190000000.0,11.2,-73.75
2.2e-05,1.8e-05,5e-13,3e-10,5e-11,0.0513,39000000000.0,2180000000.0,11.2,-73.82
2.2e-05,1.8e-05,5e-13,3e-10,1.5e-10,0.0513,39000000000.0,2200000000.0,11.2,-71.0
2.2e-05,1.8e-05,5e-13,3e-10,2e-10,0.0513,39000000000.0,2180000000.0,11.2,-73.85
2.2e-05,1.8e-05,5e-13,3e-10,2.5e-10,0.0513,39000000000.0,2200000000.0,11.2,-73.78
2.2e-05,1.8e-05,5e-13,3.5e-10,1e-10,0.0513,36900000000.0,2100000000.0,11.38,-73.32
2.2e-05,1.8e-05,5e-13,3.5e-10,5e-11,0.0513,36900000000.0,2100000000.0,11.38,-73.25
2.2e-05,1.8e-05,5e-13,3.5e-10,1.5e-10,0.0513,36900000000.0,2090000000.0,11.38,-73.22
2.2e-05,1.8e-05,5e-13,3.5e-10,2e-10,0.0513,36900000000.0,2090000000.0,11.38,-73.15
2.2e-05,1.8e-05,5e-13,4.5e-10,1e-10,0.0513,33700000000.0,1960000000.0,11.59,-72.21
2.2e-05,1.8e-05,5e-13,4.5e-10,5e-11,0.0513,33700000000.0,1960000000.0,11.59,-72.4
2.2e-05,1.8e-05,5e-13,4.5e-10,2e-10,0.0513,33700000000.0,1960000000.0,11.59,-72.43
2.2e-05,1.8e-05,5e-13,4.5e-10,2.5e-10,0.0513,33700000000.0,1960000000.0,11.59,-72.36
2.2e-05,1.8e-05,5e-13,5e-10,1e-10,0.0513,32600000000.0,1920000000.0,11.65,-72.05
2.2e-05,1.8e-05,5e-13,5e-10,1.5e-10,0.0513,32600000000.0,1920000000.0,11.65,-72.11
2.2e-05,1.8e-05,5e-13,5e-10,2e-10,0.0513,32600000000.0,1920000000.0,11.65,-72.16
2.2e-05,1.8e-05,5e-13,5e-10,2.5e-10,0.0513,32600000000.0,1910000000.0,11.65,-72.08
2.2e-05,1.8e-05,3e-13,4e-10,1e-10,0.0513,35100000000.0,2010000000.0,11.5,-72.64
2.2e-05,1.8e-05,3e-13,4e-10,1.5e-10,0.0513,35100000000.0,2020000000.0,11.5,-72.73
2.2e-05,1.8e-05,3e-13,4e-10,2e-10,0.0513,35100000000.0,2010000000.0,11.5,-72.81
2.2e-05,1.8e-05,3e-13,4e-10,2.5e-10,0.0513,35100000000.0,2020000000.0,11.5,-72.77
2.2e-05,1.8e-05,3e-13,3e-10,1e-10,0.0513,39000000000.0,2190000000.0,11.2,-73.76
2.2e-05,1.8e-05,3e-13,3e-10,5e-11,0.0513,39000000000.0,2200000000.0,11.2,-73.65
2.2e-05,1.8e-05,3e-13,3e-10,1.5e-10,0.0513,39000000000.0,2190000000.0,11.2,-73.8
2.2e-05,1.8e-05,3e-13,3e-10,2e-10,0.0513,39000000000.0,2190000000.0,11.2,-73.84
2.2e-05,1.8e-05,3e-13,3.5e-10,1e-10,0.0513,36900000000.0,2100000000.0,11.38,-73.14
2.2e-05,1.8e-05,3e-13,3.5e-10,5e-11,0.0513,36900000000.0,2090000000.0,11.38,-70.66
2.2e-05,1.8e-05,3e-13,3.5e-10,1.5e-10,0.0513,36900000000.0,2090000000.0,11.38,-73.19
2.2e-05,1.8e-05,3e-13,3.5e-10,2.5e-10,0.0513,36900000000.0,2100000000.0,11.38,-73.22
2.2e-05,1.8e-05,3e-13,4.5e-10,1e-10,0.0513,33700000000.0,1960000000.0,11.59,-72.41
2.2e-05,1.8e-05,3e-13,4.5e-10,5e-11,0.0513,33700000000.0,1950000000.0,11.59,-72.4
2.2e-05,1.8e-05,3e-13,4.5e-10,1.5e-10,0.0513,33700000000.0,1970000000.0,11.58,-72.36
2.2e-05,1.8e-05,3e-13,4.5e-10,2e-10,0.0513,33700000000.0,1950000000.0,11.59,-72.48
2.2e-05,1.8e-05,3e-13,4.5e-10,2.5e-10,0.0513,33700000000.0,1960000000.0,11.59,-72.39
2.2e-05,1.8e-05,3e-13,5e-10,1e-10,0.0513,32600000000.0,1930000000.0,11.65,-71.87
2.2e-05,1.8e-05,3e-13,5e-10,5e-11,0.0513,32600000000.0,1910000000.0,11.65,-72.04
2.2e-05,1.8e-05,3e-13,5e-10,1.5e-10,0.0513,32600000000.0,1930000000.0,11.65,-72.07
2.2e-05,1.8e-05,3e-13,5e-10,2e-10,0.0513,32600000000.0,1910000000.0,11.65,-72.06
2.2e-05,1.8e-05,3e-13,5e-10,2.5e-10,0.0513,32600000000.0,1930000000.0,11.65,-72.14
2.2e-05,1.8e-05,4e-13,4e-10,1e-10,0.0513,35100000000.0,2010000000.0,11.5,-72.82
2.2e-05,1.8e-05,4e-13,4e-10,5e-11,0.0513,35100000000.0,2020000000.0,11.5,-72.81
2.2e-05,1.8e-05,4e-13,4e-10,1.5e-10,0.0513,35100000000.0,2020000000.0,11.5,-72.86
2.2e-05,1.8e-05,4e-13,4e-10,2e-10,0.0513,35100000000.0,2020000000.0,11.5,-73.2
2.2e-05,1.8e-05,4e-13,4e-10,2.5e-10,0.0513,35100000000.0,2010000000.0,11.5,-73.95
2.2e-05,1.8e-05,4e-13,3e-10,1e-10,0.0513,39000000000.0,2210000000.0,11.2,-73.74
2.2e-05,1.8e-05,4e-13,3e-10,5e-11,0.0513,39000000000.0,2190000000.0,11.2,-73.85
2.2e-05,1.8e-05,4e-13,3e-10,1.5e-10,0.0513,39000000000.0,2200000000.0,11.2,-74.39
2.2e-05,1.8e-05,4e-13,3e-10,2e-10,0.0513,39000000000.0,2200000000.0,11.2,-73.8
2.2e-05,1.8e-05,4e-13,3e-10,2.5e-10,0.0513,39000000000.0,2210000000.0,11.2,-73.82
2.2e-05,1.8e-05,4e-13,3.5e-10,1e-10,0.0513,36900000000.0,2090000000.0,11.38,-73.27
2.2e-05,1.8e-05,4e-13,3.5e-10,1.5e-10,0.0513,36900000000.0,2100000000.0,11.38,-73.24
2.2e-05,1.8e-05,4e-13,4.5e-10,1e-10,0.0513,33700000000.0,1960000000.0,11.59,-72.35
2.2e-05,1.8e-05,4e-13,4.5e-10,5e-11,0.0513,33700000000.0,1950000000.0,11.59,-72.32
2.2e-05,1.8e-05,4e-13,4.5e-10,1.5e-10,0.0513,33700000000.0,1960000000.0,11.59,-72.38
2.2e-05,1.8e-05,4e-13,4.5e-10,2e-10,0.0513,33700000000.0,1970000000.0,11.59,-72.82
2.2e-05,1.8e-05,4e-13,5e-10,5e-11,0.0513,32600000000.0,1920000000.0,11.65,-72.09
2.2e-05,1.8e-05,4e-13,5e-10,1.5e-10,0.0513,32600000000.0,1920000000.0,11.65,-72.06
2.2e-05,1.8e-05,4e-13,5e-10,2.5e-10,0.0513,32600000000.0,1920000000.0,11.65,-71.88
2.2e-05,1.8e-05,6e-13,4e-10,1e-10,0.0513,35100000000.0,2010000000.0,11.5,-72.74
2.2e-05,1.8e-05,6e-13,4e-10,1.5e-10,0.0513,35100000000.0,2020000000.0,11.5,-72.67
2.2e-05,1.8e-05,6e-13,4e-10,2e-10,0.0513,35100000000.0,2010000000.0,11.5,-73.82
2.2e-05,1.8e-05,6e-13,4e-10,2.5e-10,0.0513,35100000000.0,2020000000.0,11.5,-72.74
2.2e-05,1.8e-05,6e-13,3e-10,5e-11,0.0513,39000000000.0,2190000000.0,11.2,-73.81
2.2e-05,1.8e-05,6e-13,3e-10,2e-10,0.0513,39000000000.0,2180000000.0,11.2,-73.45
2.2e-05,1.8e-05,6e-13,3e-10,2.5e-10,0.0513,39000000000.0,2200000000.0,11.2,-73.81
2.2e-05,1.8e-05,6e-13,3.5e-10,1e-10,0.0513,36900000000.0,2090000000.0,11.38,-73.2
2.2e-05,1.8e-05,6e-13,3.5e-10,5e-11,0.0513,36900000000.0,2100000000.0,11.38,-73.26
2.2e-05,1.8e-05,6e-13,3.5e-10,1.5e-10,0.0513,36900000000.0,2090000000.0,11.38,-73.26
2.2e-05,1.8e-05,6e-13,3.5e-10,2.5e-10,0.0513,36900000000.0,2100000000.0,11.38,-73.23
2.2e-05,1.8e-05,6e-13,4.5e-10,5e-11,0.0513,33700000000.0,1970000000.0,11.58,-72.37
2.2e-05,1.8e-05,6e-13,4.5e-10,1.5e-10,0.0513,33700000000.0,1950000000.0,11.59,-72.41
2.2e-05,1.8e-05,6e-13,5e-10,5e-11,0.0513,32600000000.0,1910000000.0,11.65,-72.1
2.2e-05,1.8e-05,6e-13,5e-10,2.5e-10,0.0513,32600000000.0,1920000000.0,11.65,-72.12
2.2e-05,1.8e-05,7e-13,4e-10,5e-11,0.0513,35100000000.0,2010000000.0,11.5,-72.72
2.2e-05,1.8e-05,7e-13,4e-10,1.5e-10,0.0513,35100000000.0,2020000000.0,11.5,-72.76
2.2e-05,1.8e-05,7e-13,4e-10,2e-10,0.0513,35100000000.0,2010000000.0,11.5,-72.52
2.2e-05,1.8e-05,7e-13,3e-10,1e-10,0.0513,39000000000.0,2190000000.0,11.21,-73.84
2.2e-05,1.8e-05,7e-13,3e-10,5e-11,0.0513,39000000000.0,2200000000.0,11.2,-73.82
2.2e-05,1.8e-05,7e-13,3e-10,2e-10,0.0513,39000000000.0,2190000000.0,11.2,-73.82
2.2e-05,1.8e-05,7e-13,3e-10,2.5e-10,0.0513,39000000000.0,2200000000.0,11.2,-73.9
2.2e-05,1.8e-05,7e-13,3.5e-10,1.5e-10,0.0513,36900000000.0,2090000000.0,11.38,-73.25
2.2e-05,1.8e-05,7e-13,3.5e-10,2e-10,0.0513,36900000000.0,2090000000.0,11.38,-73.39
2.2e-05,1.8e-05,7e-13,4.5e-10,2.5e-10,0.0513,33700000000.0,1960000000.0,11.59,-72.52
2.2e-05,1.8e-05,7e-13,5e-10,5e-11,0.0513,32600000000.0,1910000000.0,11.65,-72.0
2.2e-05,1.8e-05,7e-13,5e-10,1.5e-10,0.0513,32600000000.0,1920000000.0,11.65,-72.03
2.2e-05,1.9e-05,5e-13,4e-10,1e-10,0.0513,35000000000.0,1970000000.0,11.44,-72.7
2.2e-05,1.9e-05,5e-13,4e-10,5e-11,0.0513,35000000000.0,1960000000.0,11.45,-72.63
2.2e-05,1.9e-05,5e-13,4e-10,1.5e-10,0.0513,35000000000.0,1960000000.0,11.45,-72.68
2.2e-05,1.9e-05,5e-13,4e-10,2e-10,0.0513,35000000000.0,1960000000.0,11.45,-72.71
2.2e-05,1.9e-05,5e-13,3e-10,1e-10,0.0513,38900000000.0,2120000000.0,11.13,-73.7
2.2e-05,1.9e-05,5e-13,3e-10,5e-11,0.0513,38900000000.0,2130000000.0,11.13,-73.69
2.2e-05,1.9e-05,5e-13,3e-10,1.5e-10,0.0513,38900000000.0,2130000000.0,11.13,-73.72
2.2e-05,1.9e-05,5e-13,3e-10,2.5e-10,0.0513,38900000000.0,2140000000.0,11.13,-73.6
2.2e-05,1.9e-05,5e-13,3.5e-10,1e-10,0.0513,36700000000.0,2050000000.0,11.32,-73.11
2.2e-05,1.9e-05,5e-13,3.5e-10,5e-11,0.0513,36700000000.0,2040000000.0,11.32,-72.78
2.2e-05,1.9e-05,5e-13,3.5e-10,1.5e-10,0.0513,36700000000.0,2040000000.0,11.32,-73.17
2.2e-05,1.9e-05,5e-13,3.5e-10,2e-10,0.0513,36700000000.0,2040000000.0,11.32,-73.19
2.2e-05,1.9e-05,5e-13,3.5e-10,2.5e-10,0.0513,36700000000.0,2040000000.0,11.32,-72.81
2.2e-05,1.9e-05,5e-13,4.5e-10,1e-10,0.0513,33600000000.0,1910000000.0,11.54,-73.41
2.2e-05,1.9e-05,5e-13,4.5e-10,5e-11,0.0513,33600000000.0,1910000000.0,11.54,-73.07
2.2e-05,1.9e-05,5e-13,4.5e-10,1.5e-10,0.0513,33600000000.0,1910000000.0,11.54,-72.42
2.2e-05,1.9e-05,5e-13,4.5e-10,2e-10,0.0513,33600000000.0,1910000000.0,11.53,-72.11
2.2e-05,1.9e-05,5e-13,4.5e-10,2.5e-10,0.0513,33600000000.0,1910000000.0,11.54,-72.32
2.2e-05,1.9e-05,5e-13,5e-10,1e-10,0.0513,32500000000.0,1880000000.0,11.6,-72.07
2.2e-05,1.9e-05,5e-13,5e-10,5e-11,0.0513,32500000000.0,1860000000.0,11.6,-72.08
2.2e-05,1.9e-05,5e-13,5e-10,1.5e-10,0.0513,32500000000.0,1880000000.0,11.6,-72.05
2.2e-05,1.9e-05,5e-13,5e-10,2.5e-10,0.0513,32500000000.0,1870000000.0,11.6,-72.05
2.2e-05,1.9e-05,3e-13,4e-10,5e-11,0.0513,35000000000.0,1960000000.0,11.44,-72.7
2.2e-05,1.9e-05,3e-13,4e-10,1.5e-10,0.0513,35000000000.0,1960000000.0,11.45,-72.65
2.2e-05,1.9e-05,3e-13,4e-10,2e-10,0.0513,35000000000.0,1960000000.0,11.45,-72.56
2.2e-05,1.9e-05,3e-13,4e-10,2.5e-10,0.0513,35000000000.0,1970000000.0,11.44,-72.57
2.2e-05,1.9e-05,3e-13,3e-10,1e-10,0.0513,38900000000.0,2120000000.0,11.13,-73.4
2.2e-05,1.9e-05,3e-13,3e-10,5e-11,0.0513,38900000000.0,2130000000.0,11.13,-73.68
2.2e-05,1.9e-05,3e-13,3e-10,1.5e-10,0.0513,38900000000.0,2120000000.0,11.13,-73.64
2.2e-05,1.9e-05,3e-13,3e-10,2e-10,0.0513,38900000000.0,2120000000.0,11.13,-73.76
2.2e-05,1.9e-05,3e-13,3e-10,2.5e-10,0.0513,38900000000.0,2140000000.0,11.13,-73.73
2.2e-05,1.9e-05,3e-13,3.5e-10,1e-10,0.0513,36700000000.0,2040000000.0,11.32,-72.83
2.2e-05,1.9e-05,3e-13,3.5e-10,5e-11,0.0513,36700000000.0,2040000000.0,11.32,-73.03
2.2e-05,1.9e-05,3e-13,3.5e-10,2e-10,0.0513,36700000000.0,2040000000.0,11.32,-73.12
2.2e-05,1.9e-05,3e-13,4.5e-10,1e-10,0.0513,33600000000.0,1920000000.0,11.53,-72.35
2.2e-05,1.9e-05,3e-13,4.5e-10,5e-11,0.0513,33600000000.0,1920000000.0,11.53,-72.25
2.2e-05,1.9e-05,3e-13,4.5e-10,1.5e-10,0.0513,33600000000.0,1920000000.0,11.53,-72.34
2.2e-05,1.9e-05,3e-13,4.5e-10,2e-10,0.0513,33600000000.0,1910000000.0,11.53,-72.48
2.2e-05,1.9e-05,3e-13,4.5e-10,2.5e-10,0.0513,33600000000.0,1920000000.0,11.53,-72.36
2.2e-05,1.9e-05,3e-13,5e-10,1e-10,0.0513,32500000000.0,1880000000.0,11.6,-72.06
2.2e-05,1.9e-05,3e-13,5e-10,5e-11,0.0513,32500000000.0,1870000000.0,11.6,-72.04
2.2e-05,1.9e-05,3e-13,5e-10,1.5e-10,0.0513,32500000000.0,1870000000.0,11.6,-72.02
2.2e-05,1.9e-05,3e-13,5e-10,2e-10,0.0513,32500000000.0,1870000000.0,11.6,-72.1
2.2e-05,1.9e-05,3e-13,5e-10,2.5e-10,0.0513,32500000000.0,1880000000.0,11.6,-71.99
2.2e-05,1.9e-05,4e-13,4e-10,1e-10,0.0513,35000000000.0,1970000000.0,11.44,-72.66
2.2e-05,1.9e-05,4e-13,4e-10,2e-10,0.0513,35000000000.0,1960000000.0,11.45,-72.7
2.2e-05,1.9e-05,4e-13,3e-10,1e-10,0.0513,38900000000.0,2130000000.0,11.13,-73.76
2.2e-05,1.9e-05,4e-13,3e-10,5e-11,0.0513,38900000000.0,2140000000.0,11.13,-73.71
2.2e-05,1.9e-05,4e-13,3e-10,1.5e-10,0.0513,38900000000.0,2140000000.0,11.13,-73.7
2.2e-05,1.9e-05,4e-13,3e-10,2e-10,0.0513,38900000000.0,2130000000.0,11.13,-73.73
2.2e-05,1.9e-05,4e-13,3e-10,2.5e-10,0.0513,38900000000.0,2120000000.0,11.13,-73.73
2.2e-05,1.9e-05,4e-13,3.5e-10,2e-10,0.0513,36700000000.0,2040000000.0,11.32,-72.82
2.2e-05,1.9e-05,4e-13,4.5e-10,5e-11,0.0513,33600000000.0,1910000000.0,11.53,-72.35
2.2e-05,1.9e-05,4e-13,4.5e-10,1.5e-10,0.0513,33600000000.0,1910000000.0,11.54,-72.28
2.2e-05,1.9e-05,4e-13,4.5e-10,2e-10,0.0513,33600000000.0,1910000000.0,11.54,-73.2
2.2e-05,1.9e-05,4e-13,4.5e-10,2.5e-10,0.0513,33600000000.0,1920000000.0,11.53,-72.31
2.2e-05,1.9e-05,4e-13,5e-10,1e-10,0.0513,32500000000.0,1880000000.0,11.6,-72.49
2.2e-05,1.9e-05,4e-13,5e-10,5e-11,0.0513,32500000000.0,1870000000.0,11.6,-71.99
2.2e-05,1.9e-05,4e-13,5e-10,1.5e-10,0.0513,32500000000.0,1860000000.0,11.6,-72.14
2.2e-05,1.9e-05,6e-13,4e-10,1e-10,0.0513,35000000000.0,1970000000.0,11.44,-72.68
2.2e-05,1.9e-05,6e-13,4e-10,1.5e-10,0.0513,35000000000.0,1970000000.0,11.44,-72.74
2.2e-05,1.9e-05,6e-13,4e-10,2e-10,0.0513,35000000000.0,1970000000.0,11.45,-72.68
2.2e-05,1.9e-05,6e-13,3e-10,1e-10,0.0513,38900000000.0,2130000000.0,11.13,-73.55
2.2e-05,1.9e-05,6e-13,3e-10,5e-11,0.0513,38900000000.0,2120000000.0,11.13,-73.72
2.2e-05,1.9e-05,6e-13,3.5e-10,1e-10,0.0513,36700000000.0,2040000000.0,11.32,-73.13
2.2e-05,1.9e-05,6e-13,3.5e-10,5e-11,0.0513,36700000000.0,2050000000.0,11.32,-73.16
2.2e-05,1.9e-05,6e-13,3.5e-10,1.5e-10,0.0513,36700000000.0,2030000000.0,11.32,-73.11
2.2e-05,1.9e-05,6e-13,3.5e-10,2e-10,0.0513,36700000000.0,2040000000.0,11.32,-73.11
2.2e-05,1.9e-05,6e-13,4.5e-10,5e-11,0.0513,33600000000.0,1910000000.0,11.54,-72.43
2.2e-05,1.9e-05,6e-13,4.5e-10,1.5e-10,0.0513,33600000000.0,1920000000.0,11.53,-72.32
2.2e-05,1.9e-05,6e-13,4.5e-10,2e-10,0.0513,33600000000.0,1910000000.0,11.54,-72.08
2.2e-05,1.9e-05,6e-13,4.5e-10,2.5e-10,0.0513,33600000000.0,1910000000.0,11.54,-72.3
2.2e-05,1.9e-05,6e-13,5e-10,1e-10,0.0513,32500000000.0,1880000000.0,11.6,-71.98
2.2e-05,1.9e-05,6e-13,5e-10,5e-11,0.0513,32500000000.0,1860000000.0,11.6,-72.01
2.2e-05,1.9e-05,6e-13,5e-10,1.5e-10,0.0513,32500000000.0,1870000000.0,11.6,-72.11
2.2e-05,1.9e-05,6e-13,5e-10,2e-10,0.0513,32500000000.0,1880000000.0,11.6,-72.11
2.2e-05,1.9e-05,7e-13,4e-10,5e-11,0.0513,35000000000.0,1960000000.0,11.45,-73.87
2.2e-05,1.9e-05,7e-13,4e-10,1.5e-10,0.0513,35000000000.0,1960000000.0,11.45,-73.73
2.2e-05,1.9e-05,7e-13,3e-10,1e-10,0.0513,38900000000.0,2120000000.0,11.13,-73.71
2.2e-05,1.9e-05,7e-13,3e-10,5e-11,0.0513,38900000000.0,2120000000.0,11.13,-73.65
2.2e-05,1.9e-05,7e-13,3e-10,2e-10,0.0513,38900000000.0,2140000000.0,11.13,-73.64
2.2e-05,1.9e-05,7e-13,3e-10,2.5e-10,0.0513,38900000000.0,2120000000.0,11.13,-73.66
2.2e-05,1.9e-05,7e-13,3.5e-10,5e-11,0.0513,36700000000.0,2040000000.0,11.32,-73.75
2.2e-05,1.9e-05,7e-13,4.5e-10,1e-10,0.0513,33600000000.0,1920000000.0,11.53,-72.47
2.2e-05,1.9e-05,7e-13,4.5e-10,5e-11,0.0513,33600000000.0,1910000000.0,11.53,-72.43
2.2e-05,1.9e-05,7e-13,4.5e-10,1.5e-10,0.0513,33600000000.0,1910000000.0,11.53,-72.39
2.2e-05,1.9e-05,7e-13,4.5e-10,2e-10,0.0513,33600000000.0,1910000000.0,11.53,-72.36
2.2e-05,1.9e-05,7e-13,5e-10,1e-10,0.0513,32500000000.0,1880000000.0,11.6,-72.0
2.2e-05,1.9e-05,7e-13,5e-10,1.5e-10,0.0513,32500000000.0,1860000000.0,11.6,-72.02
2.2e-05,2e-05,5e-13,4e-10,1e-10,0.0513,34900000000.0,1900000000.0,11.39,-72.6
2.2e-05,2e-05,5e-13,4e-10,5e-11,0.0513,34900000000.0,1900000000.0,11.38,-72.65
2.2e-05,2e-05,5e-13,4e-10,1.5e-10,0.0513,34900000000.0,1900000000.0,11.39,-72.64
2.2e-05,2e-05,5e-13,4e-10,2e-10,0.0513,34900000000.0,1910000000.0,11.38,-72.6
2.2e-05,2e-05,5e-13,4e-10,2.5e-10,0.0513,34900000000.0,1900000000.0,11.38,-72.67
2.2e-05,2e-05,5e-13,3e-10,1e-10,0.0513,38800000000.0,2050000000.0,11.05,-73.49
2.2e-05,2e-05,5e-13,3e-10,5e-11,0.0513,38800000000.0,2040000000.0,11.05,-73.5
2.2e-05,2e-05,5e-13,3e-10,1.5e-10,0.0513,38800000000.0,2060000000.0,11.05,-73.51
2.2e-05,2e-05,5e-13,3e-10,2e-10,0.0513,38800000000.0,2050000000.0,11.05,-73.52
2.2e-05,2e-05,5e-13,3.5e-10,1e-10,0.0513,36700000000.0,1960000000.0,11.25,-73.41
2.2e-05,2e-05,5e-13,3.5e-10,5e-11,0.0513,36700000000.0,1970000000.0,11.25,-73.01
2.2e-05,2e-05,5e-13,3.5e-10,1.5e-10,0.0513,36700000000.0,1960000000.0,11.25,-73.18
2.2e-05,2e-05,5e-13,3.5e-10,2e-10,0.0513,36700000000.0,1960000000.0,11.25,-73.17
2.2e-05,2e-05,5e-13,3.5e-10,2.5e-10,0.0513,36700000000.0,1960000000.0,11.25,-73.03
2.2e-05,2e-05,5e-13,4.5e-10,1e-10,0.0513,33500000000.0,1860000000.0,11.48,-72.29
2.2e-05,2e-05,5e-13,4.5e-10,1.5e-10,0.0513,33500000000.0,1860000000.0,11.48,-72.52
2.2e-05,2e-05,5e-13,4.5e-10,2e-10,0.0513,33500000000.0,1850000000.0,11.48,-72.29
2.2e-05,2e-05,5e-13,4.5e-10,2.5e-10,0.0513,33500000000.0,1860000000.0,11.48,-72.04
2.2e-05,2e-05,5e-13,5e-10,1e-10,0.0513,32400000000.0,1820000000.0,11.54,-71.98
2.2e-05,2e-05,5e-13,5e-10,5e-11,0.0513,32400000000.0,1810000000.0,11.54,-72.05
2.2e-05,2e-05,5e-13,5e-10,1.5e-10,0.0513,32400000000.0,1820000000.0,11.55,-71.98
2.2e-05,2e-05,5e-13,5e-10,2e-10,0.0513,32400000000.0,1820000000.0,11.55,-72.0
2.2e-05,2e-05,5e-13,5e-10,2.5e-10,0.0513,32400000000.0,1810000000.0,11.55,-71.74
2.2e-05,2e-05,3e-13,4e-10,1e-10,0.0513,34900000000.0,1890000000.0,11.38,-72.61
2.2e-05,2e-05,3e-13,4e-10,1.5e-10,0.0513,34900000000.0,1900000000.0,11.38,-72.59
2.2e-05,2e-05,3e-13,4e-10,2e-10,0.0513,34900000000.0,1890000000.0,11.39,-72.92
2.2e-05,2e-05,3e-13,4e-10,2.5e-10,0.0513,34900000000.0,1900000000.0,11.38,-72.63
2.2e-05,2e-05,3e-13,3e-10,1e-10,0.0513,38800000000.0,2040000000.0,11.05,-73.54
2.2e-05,2e-05,3e-13,3e-10,5e-11,0.0513,38800000000.0,2040000000.0,11.06,-74.25
2.2e-05,2e-05,3e-13,3e-10,1.5e-10,0.0513,38800000000.0,2050000000.0,11.05,-73.35
2.2e-05,2e-05,3e-13,3.5e-10,1e-10,0.0513,36700000000.0,1960000000.0,11.25,-72.97
2.2e-05,2e-05,3e-13,3.5e-10,5e-11,0.0513,36700000000.0,1960000000.0,11.25,-73.1
2.2e-05,2e-05,3e-13,3.5e-10,2e-10,0.0513,36700000000.0,1950000000.0,11.25,-72.99
2.2e-05,2e-05,3e-13,4.5e-10,1e-10,0.0513,33500000000.0,1860000000.0,11.47,-72.09
2.2e-05,2e-05,3e-13,4.5e-10,5e-11,0.0513,33500000000.0,1860000000.0,11.47,-72.27
2.2e-05,2e-05,3e-13,4.5e-10,1.5e-10,0.0513,33500000000.0,1860000000.0,11.47,-72.53
2.2e-05,2e-05,3e-13,4.5e-10,2e-10,0.0513,33500000000.0,1850000000.0,11.48,-72.32
2.2e-05,2e-05,3e-13,4.5e-10,2.5e-10,0.0513,33500000000.0,1860000000.0,11.48,-72.27
2.2e-05,2e-05,3e-13,5e-10,1e-10,0.0513,32400000000.0,1810000000.0,11.55,-71.95
2.2e-05,2e-05,3e-13,5e-10,5e-11,0.0513,32400000000.0,1810000000.0,11.55,-71.94
2.2e-05,2e-05,3e-13,5e-10,1.5e-10,0.0513,32400000000.0,1810000000.0,11.54,-71.95
2.2e-05,2e-05,3e-13,5e-10,2e-10,0.0513,32400000000.0,1810000000.0,11.54,-71.98
2.2e-05,2e-05,4e-13,4e-10,1e-10,0.0513,34900000000.0,1900000000.0,11.38,-72.37
2.2e-05,2e-05,4e-13,4e-10,5e-11,0.0513,34900000000.0,1890000000.0,11.39,-72.57
2.2e-05,2e-05,4e-13,4e-10,1.5e-10,0.0513,34900000000.0,1900000000.0,11.38,-72.54
2.2e-05,2e-05,4e-13,4e-10,2e-10,0.0513,34900000000.0,1900000000.0,11.38,-72.6
2.2e-05,2e-05,4e-13,3e-10,1e-10,0.0513,38800000000.0,2040000000.0,11.06,-73.52
2.2e-05,2e-05,4e-13,3e-10,5e-11,0.0513,38800000000.0,2050000000.0,11.05,-73.44
2.2e-05,2e-05,4e-13,3e-10,1.5e-10,0.0513,38800000000.0,2040000000.0,11.06,-73.57
2.2e-05,2e-05,4e-13,3e-10,2e-10,0.0513,38800000000.0,2040000000.0,11.06,-73.59
2.2e-05,2e-05,4e-13,3e-10,2.5e-10,0.0513,38800000000.0,2040000000.0,11.06,-73.53
2.2e-05,2e-05,4e-13,3.5e-10,1e-10,0.0513,36700000000.0,1960000000.0,11.25,-73.05
2.2e-05,2e-05,4e-13,3.5e-10,5e-11,0.0513,36700000000.0,1950000000.0,11.25,-73.06
2.2e-05,2e-05,4e-13,3.5e-10,2e-10,0.0513,36700000000.0,1960000000.0,11.25,-72.86
2.2e-05,2e-05,4e-13,3.5e-10,2.5e-10,0.0513,36700000000.0,1960000000.0,11.25,-72.91
2.2e-05,2e-05,4e-13,4.5e-10,1e-10,0.0513,33500000000.0,1850000000.0,11.48,-72.36
2.2e-05,2e-05,4e-13,4.5e-10,5e-11,0.0513,33500000000.0,1850000000.0,11.48,-72.02
2.2e-05,2e-05,4e-13,4.5e-10,1.5e-10,0.0513,33500000000.0,1850000000.0,11.48,-72.2
2.2e-05,2e-05,4e-13,4.5e-10,2e-10,0.0513,33500000000.0,1860000000.0,11.48,-72.25
2.2e-05,2e-05,4e-13,4.5e-10,2.5e-10,0.0513,33500000000.0,1850000000.0,11.48,-72.25
2.2e-05,2e-05,4e-13,5e-10,1e-10,0.0513,32400000000.0,1820000000.0,11.54,-71.95
2.2e-05,2e-05,4e-13,5e-10,5e-11,0.0513,32400000000.0,1810000000.0,11.55,-72.09
2.2e-05,2e-05,4e-13,5e-10,1.5e-10,0.0513,32400000000.0,1810000000.0,11.55,-71.92
2.2e-05,2e-05,4e-13,5e-10,2.5e-10,0.0513,32400000000.0,1810000000.0,11.55,-71.75
2.2e-05,2e-05,6e-13,4e-10,5e-11,0.0513,34900000000.0,1900000000.0,11.38,-72.64
2.2e-05,2e-05,6e-13,4e-10,1.5e-10,0.0513,34900000000.0,1900000000.0,11.38,-72.62
2.2e-05,2e-05,6e-13,4e-10,2.5e-10,0.0513,34900000000.0,1890000000.0,11.39,-72.61
2.2e-05,2e-05,6e-13,3e-10,1e-10,0.0513,38800000000.0,2050000000.0,11.05,-73.5
2.2e-05,2e-05,6e-13,3e-10,5e-11,0.0513,38800000000.0,2040000000.0,11.06,-73.5
2.2e-05,2e-05,6e-13,3e-10,1.5e-10,0.0513,38800000000.0,2040000000.0,11.06,-73.56
2.2e-05,2e-05,6e-13,3e-10,2e-10,0.0513,38800000000.0,2030000000.0,11.06,-73.61
2.2e-05,2e-05,6e-13,3e-10,2.5e-10,0.0513,38800000000.0,2040000000.0,11.06,-73.61
2.2e-05,2e-05,6e-13,3.5e-10,1e-10,0.0513,36700000000.0,1960000000.0,11.25,-73.08
2.2e-05,2e-05,6e-13,3.5e-10,2e-10,0.0513,36700000000.0,1960000000.0,11.25,-73.04
2.2e-05,2e-05,6e-13,4.5e-10,1.5e-10,0.0513,33500000000.0,1860000000.0,11.48,-72.24
2.2e-05,2e-05,6e-13,4.5e-10,2.5e-10,0.0513,33500000000.0,1840000000.0,11.48,-72.3
2.2e-05,2e-05,6e-13,5e-10,1e-10,0.0513,32400000000.0,1810000000.0,11.54,-71.96
2.2e-05,2e-05,6e-13,5e-10,5e-11,0.0513,32400000000.0,1820000000.0,11.55,-71.78
2.2e-05,2e-05,7e-13,4e-10,1e-10,0.0513,34900000000.0,1890000000.0,11.39,-72.58
2.2e-05,2e-05,7e-13,4e-10,5e-11,0.0513,34900000000.0,1900000000.0,11.38,-72.61
2.2e-05,2e-05,7e-13,4e-10,2.5e-10,0.0513,34900000000.0,1900000000.0,11.39,-72.5
2.2e-05,2e-05,7e-13,3e-10,1e-10,0.0513,38800000000.0,2040000000.0,11.06,-73.68
2.2e-05,2e-05,7e-13,3e-10,5e-11,0.0513,38800000000.0,2050000000.0,11.06,-73.61
2.2e-05,2e-05,7e-13,3e-10,1.5e-10,0.0513,38800000000.0,2040000000.0,11.06,-73.63
2.2e-05,2e-05,7e-13,3e-10,2.5e-10,0.0513,38800000000.0,2040000000.0,11.06,-73.62
2.2e-05,2e-05,7e-13,3.5e-10,1e-10,0.0513,36700000000.0,1960000000.0,11.25,-72.96
2.2e-05,2e-05,7e-13,3.5e-10,1.5e-10,0.0513,36700000000.0,1970000000.0,11.25,-73.02
2.2e-05,2e-05,7e-13,3.5e-10,2.5e-10,0.0513,36700000000.0,1950000000.0,11.25,-73.02
2.2e-05,2e-05,7e-13,4.5e-10,1.5e-10,0.0513,33500000000.0,1860000000.0,11.48,-72.26
2.2e-05,2e-05,7e-13,4.5e-10,2e-10,0.0513,33500000000.0,1860000000.0,11.48,-72.03
2.2e-05,2e-05,7e-13,5e-10,2.5e-10,0.0513,32400000000.0,1830000000.0,11.55,-71.98
2.2e-05,2.1e-05,5e-13,4e-10,1e-10,0.0513,34900000000.0,1820000000.0,11.32,-72.53
2.2e-05,2.1e-05,5e-13,4e-10,5e-11,0.0513,34900000000.0,1810000000.0,11.32,-72.94
2.2e-05,2.1e-05,5e-13,4e-10,1.5e-10,0.0513,34900000000.0,1820000000.0,11.32,-72.25
2.2e-05,2.1e-05,5e-13,4e-10,2e-10,0.0513,34900000000.0,1810000000.0,11.32,-72.55
2.2e-05,2.1e-05,5e-13,4e-10,2.5e-10,0.0513,34900000000.0,1820000000.0,11.32,-72.5
2.2e-05,2.1e-05,5e-13,3e-10,1e-10,0.0513,38800000000.0,1950000000.0,10.97,-73.38
2.2e-05,2.1e-05,5e-13,3e-10,5e-11,0.0513,38800000000.0,1950000000.0,10.97,-73.45
2.2e-05,2.1e-05,5e-13,3e-10,2e-10,0.0513,38800000000.0,1940000000.0,10.97,-73.35
2.2e-05,2.1e-05,5e-13,3e-10,2.5e-10,0.0513,38800000000.0,1950000000.0,10.97,-73.37
2.2e-05,2.1e-05,5e-13,3.5e-10,1e-10,0.0513,36600000000.0,1870000000.0,11.18,-72.87
2.2e-05,2.1e-05,5e-13,3.5e-10,5e-11,0.0513,36600000000.0,1860000000.0,11.18,-72.98
2.2e-05,2.1e-05,5e-13,3.5e-10,1.5e-10,0.0513,36600000000.0,1870000000.0,11.18,-73.05
2.2e-05,2.1e-05,5e-13,3.5e-10,2e-10,0.0513,36600000000.0,1870000000.0,11.18,-72.95
2.2e-05,2.1e-05,5e-13,3.5e-10,2.5e-10,0.0513,36600000000.0,1880000000.0,11.18,-72.88
2.2e-05,2.1e-05,5e-13,4.5e-10,1e-10,0.0513,33500000000.0,1770000000.0,11.42,-72.12
2.2e-05,2.1e-05,5e-13,4.5e-10,5e-11,0.0513,33500000000.0,1760000000.0,11.42,-72.15
2.2e-05,2.1e-05,5e-13,4.5e-10,1.5e-10,0.0513,33500000000.0,1770000000.0,11.42,-72.14
2.2e-05,2.1e-05,5e-13,4.5e-10,2e-10,0.0513,33500000000.0,1780000000.0,11.42,-72.19
2.2e-05,2.1e-05,5e-13,4.5e-10,2.5e-10,0.0513,33500000000.0,1780000000.0,11.42,-72.17
2.2e-05,2.1e-05,5e-13,5e-10,1e-10,0.0513,32300000000.0,1740000000.0,11.49,-71.95
2.2e-05,2.1e-05,5e-13,5e-10,5e-11,0.0513,32300000000.0,1740000000.0,11.49,-71.91
2.2e-05,2.1e-05,5e-13,5e-10,1.5e-10,0.0513,32300000000.0,1740000000.0,11.5,-71.98
2.2e-05,2.1e-05,5e-13,5e-10,2e-10,0.0513,32300000000.0,1740000000.0,11.49,-71.89
2.2e-05,2.1e-05,5e-13,5e-10,2.5e-10,0.0513,32300000000.0,1760000000.0,11.49,-71.84
2.2e-05,2.1e-05,3e-13,4e-10,1e-10,0.0513,34900000000.0,1810000000.0,11.32,-72.49
2.2e-05,2.1e-05,3e-13,4e-10,5e-11,0.0513,34900000000.0,1820000000.0,11.32,-72.49
2.2e-05,2.1e-05,3e-13,4e-10,2e-10,0.0513,34900000000.0,1810000000.0,11.32,-73.39
2.2e-05,2.1e-05,3e-13,4e-10,2.5e-10,0.0513,34900000000.0,1820000000.0,11.32,-72.74
2.2e-05,2.1e-05,3e-13,3e-10,1e-10,0.0513,38800000000.0,1940000000.0,10.97,-73.38
2.2e-05,2.1e-05,3e-13,3e-10,1.5e-10,0.0513,38800000000.0,1950000000.0,10.97,-73.35
2.2e-05,2.1e-05,3e-13,3e-10,2e-10,0.0513,38800000000.0,1940000000.0,10.97,-73.37
2.2e-05,2.1e-05,3e-13,3e-10,2.5e-10,0.0513,38800000000.0,1940000000.0,10.97,-73.4
2.2e-05,2.1e-05,3e-13,3.5e-10,1e-10,0.0513,36600000000.0,1860000000.0,11.18,-72.93
2.2e-05,2.1e-05,3e-13,3.5e-10,5e-11,0.0513,36600000000.0,1870000000.0,11.18,-73.03
2.2e-05,2.1e-05,3e-13,3.5e-10,1.5e-10,0.0513,36600000000.0,1860000000.0,11.18,-72.44
2.2e-05,2.1e-05,3e-13,3.5e-10,2e-10,0.0513,36600000000.0,1870000000.0,11.18,-72.92
2.2e-05,2.1e-05,3e-13,3.5e-10,2.5e-10,0.0513,36600000000.0,1870000000.0,11.18,-73.23
2.2e-05,2.1e-05,3e-13,4.5e-10,1e-10,0.0513,33500000000.0,1760000000.0,11.42,-72.21
2.2e-05,2.1e-05,3e-13,4.5e-10,5e-11,0.0513,33500000000.0,1770000000.0,11.42,-72.17
2.2e-05,2.1e-05,3e-13,4.5e-10,1.5e-10,0.0513,33500000000.0,1770000000.0,11.42,-72.03
2.2e-05,2.1e-05,3e-13,4.5e-10,2e-10,0.0513,33500000000.0,1780000000.0,11.42,-72.14
2.2e-05,2.1e-05,3e-13,4.5e-10,2.5e-10,0.0513,33500000000.0,1780000000.0,11.42,-71.99
2.2e-05,2.1e-05,3e-13,5e-10,1e-10,0.0513,32300000000.0,1740000000.0,11.5,-71.89
2.2e-05,2.1e-05,3e-13,5e-10,5e-11,0.0513,32300000000.0,1740000000.0,11.49,-71.88
2.2e-05,2.1e-05,3e-13,5e-10,1.5e-10,0.0513,32300000000.0,1740000000.0,11.5,-71.86
2.2e-05,2.1e-05,3e-13,5e-10,2e-10,0.0513,32300000000.0,1750000000.0,11.49,-71.7
2.2e-05,2.1e-05,4e-13,4e-10,1e-10,0.0513,34900000000.0,1800000000.0,11.32,-72.54
2.2e-05,2.1e-05,4e-13,4e-10,5e-11,0.0513,34900000000.0,1820000000.0,11.32,-72.52
2.2e-05,2.1e-05,4e-13,4e-10,1.5e-10,0.0513,34900000000.0,1810000000.0,11.32,-72.52
2.2e-05,2.1e-05,4e-13,4e-10,2.5e-10,0.0513,34900000000.0,1810000000.0,11.32,-72.45
2.2e-05,2.1e-05,4e-13,3e-10,1e-10,0.0513,38800000000.0,1940000000.0,10.98,-73.45
2.2e-05,2.1e-05,4e-13,3e-10,5e-11,0.0513,38800000000.0,1950000000.0,10.97,-73.39
2.2e-05,2.1e-05,4e-13,3e-10,1.5e-10,0.0513,38800000000.0,1940000000.0,10.98,-73.59
2.2e-05,2.1e-05,4e-13,3e-10,2e-10,0.0513,38800000000.0,1940000000.0,10.98,-73.6
2.2e-05,2.1e-05,4e-13,3.5e-10,1e-10,0.0513,36600000000.0,1870000000.0,11.18,-72.62
2.2e-05,2.1e-05,4e-13,3.5e-10,5e-11,0.0513,36600000000.0,1870000000.0,11.18,-72.94
2.2e-05,2.1e-05,4e-13,3.5e-10,1.5e-10,0.0513,36600000000.0,1880000000.0,11.18,-73.36
2.2e-05,2.1e-05,4e-13,3.5e-10,2.5e-10,0.0513,36600000000.0,1860000000.0,11.18,-72.92
2.2e-05,2.1e-05,4e-13,4.5e-10,1e-10,0.0513,33500000000.0,1780000000.0,11.42,-72.18
2.2e-05,2.1e-05,4e-13,4.5e-10,5e-11,0.0513,33500000000.0,1780000000.0,11.42,-72.05
2.2e-05,2.1e-05,4e-13,4.5e-10,1.5e-10,0.0513,33500000000.0,1770000000.0,11.42,-72.15
2.2e-05,2.1e-05,4e-13,5e-10,1e-10,0.0513,32300000000.0,1740000000.0,11.49,-71.75
2.2e-05,2.1e-05,4e-13,5e-10,5e-11,0.0513,32300000000.0,1740000000.0,11.49,-71.87
2.2e-05,2.1e-05,4e-13,5e-10,1.5e-10,0.0513,32300000000.0,1740000000.0,11.5,-71.85
2.2e-05,2.1e-05,4e-13,5e-10,2e-10,0.0513,32300000000.0,1760000000.0,11.49,-71.83
2.2e-05,2.1e-05,4e-13,5e-10,2.5e-10,0.0513,32300000000.0,1750000000.0,11.49,-71.87
2.2e-05,2.1e-05,6e-13,4e-10,1e-10,0.0513,34900000000.0,1820000000.0,11.32,-72.69
2.2e-05,2.1e-05,6e-13,4e-10,5e-11,0.0513,34900000000.0,1820000000.0,11.32,-72.42
2.2e-05,2.1e-05,6e-13,4e-10,1.5e-10,0.0513,34900000000.0,1810000000.0,11.32,-72.63
2.2e-05,2.1e-05,6e-13,4e-10,2e-10,0.0513,34900000000.0,1810000000.0,11.32,-72.36
2.2e-05,2.1e-05,6e-13,3e-10,1e-10,0.0513,38800000000.0,1950000000.0,10.97,-73.44
2.2e-05,2.1e-05,6e-13,3e-10,5e-11,0.0513,38800000000.0,1940000000.0,10.98,-73.3
2.2e-05,2.1e-05,6e-13,3e-10,1.5e-10,0.0513,38800000000.0,1940000000.0,10.98,-73.41
2.2e-05,2.1e-05,6e-13,3e-10,2.5e-10,0.0513,38800000000.0,1940000000.0,10.98,-73.46
2.2e-05,2.1e-05,6e-13,3.5e-10,1e-10,0.0513,36600000000.0,1870000000.0,11.18,-72.93
2.2e-05,2.1e-05,6e-13,3.5e-10,5e-11,0.0513,36600000000.0,1880000000.0,11.18,-72.89
2.2e-05,2.1e-05,6e-13,3.5e-10,1.5e-10,0.0513,36600000000.0,1860000000.0,11.18,-73.57
2.2e-05,2.1e-05,6e-13,3.5e-10,2e-10,0.0513,36600000000.0,1870000000.0,11.18,-72.89
2.2e-05,2.1e-05,6e-13,3.5e-10,2.5e-10,0.0513,36600000000.0,1880000000.0,11.18,-72.92
2.2e-05,2.1e-05,6e-13,4.5e-10,1.5e-10,0.0513,33500000000.0,1780000000.0,11.42,-72.26
2.2e-05,2.1e-05,6e-13,5e-10,1e-10,0.0513,32300000000.0,1750000000.0,11.49,-71.94
2.2e-05,2.1e-05,6e-13,5e-10,5e-11,0.0513,32300000000.0,1750000000.0,11.49,-71.88
2.2e-05,2.1e-05,6e-13,5e-10,2e-10,0.0513,32300000000.0,1750000000.0,11.49,-71.81
2.2e-05,2.1e-05,6e-13,5e-10,2.5e-10,0.0513,32300000000.0,1740000000.0,11.49,-71.85
2.2e-05,2.1e-05,7e-13,4e-10,1e-10,0.0513,34900000000.0,1810000000.0,11.32,-72.53
2.2e-05,2.1e-05,7e-13,4e-10,5e-11,0.0513,34900000000.0,1810000000.0,11.32,-72.54
2.2e-05,2.1e-05,7e-13,4e-10,2.5e-10,0.0513,34900000000.0,1820000000.0,11.32,-72.44
2.2e-05,2.1e-05,7e-13,3e-10,1e-10,0.0513,38800000000.0,1950000000.0,10.97,-73.49
2.2e-05,2.1e-05,7e-13,3e-10,1.5e-10,0.0513,38800000000.0,1930000000.0,10.98,-73.43
2.2e-05,2.1e-05,7e-13,3e-10,2e-10,0.0513,38800000000.0,1940000000.0,10.98,-73.4
2.2e-05,2.1e-05,7e-13,3e-10,2.5e-10,0.0513,38800000000.0,1950000000.0,10.97,-73.41
2.2e-05,2.1e-05,7e-13,3.5e-10,1e-10,0.0513,36600000000.0,1860000000.0,11.18,-72.89
2.2e-05,2.1e-05,7e-13,3.5e-10,5e-11,0.0513,36600000000.0,1880000000.0,11.18,-72.91
2.2e-05,2.1e-05,7e-13,3.5e-10,2e-10,0.0513,36600000000.0,1880000000.0,11.18,-72.97
2.2e-05,2.1e-05,7e-13,3.5e-10,2.5e-10,0.0513,36600000000.0,1870000000.0,11.18,-72.58
2.2e-05,2.1e-05,7e-13,4.5e-10,1e-10,0.0513,33500000000.0,1770000000.0,11.42,-72.18
2.2e-05,2.1e-05,7e-13,4.5e-10,5e-11,0.0513,33500000000.0,1780000000.0,11.42,-72.12
2.2e-05,2.1e-05,7e-13,4.5e-10,2.5e-10,0.0513,33500000000.0,1770000000.0,11.42,-72.21
2.2e-05,2.1e-05,7e-13,5e-10,5e-11,0.0513,32300000000.0,1740000000.0,11.49,-71.83
2.2e-05,2.1e-05,7e-13,5e-10,1.5e-10,0.0513,32300000000.0,1750000000.0,11.5,-71.86
2.2e-05,2.1e-05,7e-13,5e-10,2e-10,0.0513,32300000000.0,1750000000.0,11.49,-71.86
2.2e-05,2.1e-05,7e-13,5e-10,2.5e-10,0.0513,32300000000.0,1750000000.0,11.49,-71.99
2.2e-05,2.2e-05,5e-13,4e-10,1e-10,0.0513,34800000000.0,1720000000.0,11.25,-72.3
2.2e-05,2.2e-05,5e-13,4e-10,5e-11,0.0513,34800000000.0,1710000000.0,11.25,-72.38
2.2e-05,2.2e-05,5e-13,4e-10,1.5e-10,0.0513,34800000000.0,1720000000.0,11.25,-72.39
2.2e-05,2.2e-05,5e-13,4e-10,2e-10,0.0513,34800000000.0,1720000000.0,11.25,-72.93
2.2e-05,2.2e-05,5e-13,4e-10,2.5e-10,0.0513,34800000000.0,1720000000.0,11.25,-72.44
2.2e-05,2.2e-05,5e-13,3e-10,1e-10,0.0513,38700000000.0,1820000000.0,10.89,-73.3
2.2e-05,2.2e-05,5e-13,3e-10,1.5e-10,0.0513,38700000000.0,1810000000.0,10.89,-73.33
2.2e-05,2.2e-05,5e-13,3e-10,2e-10,0.0513,38700000000.0,1810000000.0,10.89,-73.24
2.2e-05,2.2e-05,5e-13,3e-10,2.5e-10,0.0513,38700000000.0,1820000000.0,10.89,-73.25
2.2e-05,2.2e-05,5e-13,3.5e-10,1e-10,0.0513,36500000000.0,1760000000.0,11.11,-72.79
2.2e-05,2.2e-05,5e-13,3.5e-10,5e-11,0.0513,36500000000.0,1760000000.0,11.11,-72.48
2.2e-05,2.2e-05,5e-13,3.5e-10,1.5e-10,0.0513,36500000000.0,1760000000.0,11.11,-72.75
2.2e-05,2.2e-05,5e-13,3.5e-10,2e-10,0.0513,36500000000.0,1750000000.0,11.11,-72.78
2.2e-05,2.2e-05,5e-13,4.5e-10,1e-10,0.0513,33400000000.0,1680000000.0,11.36,-72.09
2.2e-05,2.2e-05,5e-13,4.5e-10,5e-11,0.0513,33400000000.0,1680000000.0,11.36,-72.51
2.2e-05,2.2e-05,5e-13,4.5e-10,1.5e-10,0.0513,33400000000.0,1680000000.0,11.36,-72.05
2.2e-05,2.2e-05,5e-13,4.5e-10,2e-10,0.0513,33400000000.0,1680000000.0,11.36,-72.52
2.2e-05,2.2e-05,5e-13,4.5e-10,2.5e-10,0.0513,33400000000.0,1680000000.0,11.36,-73.09
2.2e-05,2.2e-05,5e-13,5e-10,1e-10,0.0513,32200000000.0,1660000000.0,11.43,-71.8
2.2e-05,2.2e-05,5e-13,5e-10,5e-11,0.0513,32200000000.0,1660000000.0,11.43,-71.79
2.2e-05,2.2e-05,5e-13,5e-10,1.5e-10,0.0513,32200000000.0,1660000000.0,11.43,-71.78
2.2e-05,2.2e-05,5e-13,5e-10,2e-10,0.0513,32200000000.0,1660000000.0,11.44,-71.79
2.2e-05,2.2e-05,5e-13,5e-10,2.5e-10,0.0513,32200000000.0,1650000000.0,11.44,-71.77
2.2e-05,2.2e-05,3e-13,4e-10,1e-10,0.0513,34800000000.0,1720000000.0,11.25,-72.52
2.2e-05,2.2e-05,3e-13,4e-10,5e-11,0.0513,34800000000.0,1720000000.0,11.25,-72.46
2.2e-05,2.2e-05,3e-13,4e-10,2e-10,0.0513,34800000000.0,1730000000.0,11.25,-72.35
2.2e-05,2.2e-05,3e-13,4e-10,2.5e-10,0.0513,34800000000.0,1720000000.0,11.25,-72.43
2.2e-05,2.2e-05,3e-13,3e-10,5e-11,0.0513,38700000000.0,1820000000.0,10.89,-73.35
2.2e-05,2.2e-05,3e-13,3e-10,1.5e-10,0.0513,38700000000.0,1810000000.0,10.89,-73.28
2.2e-05,2.2e-05,3e-13,3e-10,2e-10,0.0513,38700000000.0,1810000000.0,10.89,-73.76
2.2e-05,2.2e-05,3e-13,3e-10,2.5e-10,0.0513,38700000000.0,1820000000.0,10.89,-73.78
2.2e-05,2.2e-05,3e-13,3.5e-10,1e-10,0.0513,36500000000.0,1760000000.0,11.1,-72.79
2.2e-05,2.2e-05,3e-13,3.5e-10,5e-11,0.0513,36500000000.0,1760000000.0,11.1,-72.82
2.2e-05,2.2e-05,3e-13,3.5e-10,1.5e-10,0.0513,36500000000.0,1750000000.0,11.11,-72.92
2.2e-05,2.2e-05,3e-13,3.5e-10,2e-10,0.0513,36500000000.0,1750000000.0,11.11,-72.83
2.2e-05,2.2e-05,3e-13,3.5e-10,2.5e-10,0.0513,36500000000.0,1770000000.0,11.1,-72.79
2.2e-05,2.2e-05,3e-13,4.5e-10,1e-10,0.0513,33400000000.0,1690000000.0,11.36,-72.05
2.2e-05,2.2e-05,3e-13,4.5e-10,5e-11,0.0513,33400000000.0,1680000000.0,11.36,-71.88
2.2e-05,2.2e-05,3e-13,4.5e-10,1.5e-10,0.0513,33400000000.0,1680000000.0,11.36,-72.53
2.2e-05,2.2e-05,3e-13,4.5e-10,2e-10,0.0513,33400000000.0,1680000000.0,11.35,-72.04
2.2e-05,2.2e-05,3e-13,4.5e-10,2.5e-10,0.0513,33400000000.0,1680000000.0,11.36,-72.04
2.2e-05,2.2e-05,3e-13,5e-10,1e-10,0.0513,32200000000.0,1650000000.0,11.44,-71.79
2.2e-05,2.2e-05,3e-13,5e-10,5e-11,0.0513,32200000000.0,1660000000.0,11.43,-71.81
2.2e-05,2.2e-05,3e-13,5e-10,2e-10,0.0513,32200000000.0,1670000000.0,11.43,-71.8
2.2e-05,2.2e-05,3e-13,5e-10,2.5e-10,0.0513,32200000000.0,1670000000.0,11.43,-71.79
2.2e-05,2.2e-05,4e-13,4e-10,5e-11,0.0513,34800000000.0,1700000000.0,11.25,-72.45
2.2e-05,2.2e-05,4e-13,4e-10,2e-10,0.0513,34800000000.0,1720000000.0,11.25,-72.12
2.2e-05,2.2e-05,4e-13,4e-10,2.5e-10,0.0513,34800000000.0,1720000000.0,11.25,-72.38
2.2e-05,2.2e-05,4e-13,3e-10,1e-10,0.0513,38700000000.0,1810000000.0,10.89,-73.32
2.2e-05,2.2e-05,4e-13,3e-10,5e-11,0.0513,38700000000.0,1820000000.0,10.89,-73.31
2.2e-05,2.2e-05,4e-13,3e-10,2.5e-10,0.0513,38700000000.0,1810000000.0,10.89,-73.31
2.2e-05,2.2e-05,4e-13,3.5e-10,1e-10,0.0513,36500000000.0,1750000000.0,11.11,-72.79
2.2e-05,2.2e-05,4e-13,3.5e-10,5e-11,0.0513,36500000000.0,1760000000.0,11.11,-72.83
2.2e-05,2.2e-05,4e-13,3.5e-10,1.5e-10,0.0513,36500000000.0,1760000000.0,11.11,-72.82
2.2e-05,2.2e-05,4e-13,3.5e-10,2e-10,0.0513,36500000000.0,1750000000.0,11.11,-72.63
2.2e-05,2.2e-05,4e-13,3.5e-10,2.5e-10,0.0513,36500000000.0,1760000000.0,11.1,-72.77
2.2e-05,2.2e-05,4e-13,4.5e-10,1e-10,0.0513,33400000000.0,1680000000.0,11.35,-72.07
2.2e-05,2.2e-05,4e-13,4.5e-10,5e-11,0.0513,33400000000.0,1680000000.0,11.35,-72.16
2.2e-05,2.2e-05,4e-13,4.5e-10,1.5e-10,0.0513,33400000000.0,1680000000.0,11.35,-72.08
2.2e-05,2.2e-05,4e-13,4.5e-10,2.5e-10,0.0513,33400000000.0,1680000000.0,11.36,-73.15
2.2e-05,2.2e-05,4e-13,5e-10,1e-10,0.0513,32200000000.0,1660000000.0,11.43,-71.77
2.2e-05,2.2e-05,4e-13,5e-10,5e-11,0.0513,32200000000.0,1650000000.0,11.43,-71.71
2.2e-05,2.2e-05,4e-13,5e-10,2e-10,0.0513,32200000000.0,1670000000.0,11.44,-71.78
2.2e-05,2.2e-05,6e-13,4e-10,1e-10,0.0513,34800000000.0,1730000000.0,11.25,-72.49
2.2e-05,2.2e-05,6e-13,3e-10,1e-10,0.0513,38700000000.0,1820000000.0,10.89,-72.97
2.2e-05,2.2e-05,6e-13,3e-10,2e-10,0.0513,38700000000.0,1820000000.0,10.89,-73.21
2.2e-05,2.2e-05,6e-13,3e-10,2.5e-10,0.0513,38700000000.0,1810000000.0,10.89,-73.45
2.2e-05,2.2e-05,6e-13,3.5e-10,1e-10,0.0513,36500000000.0,1760000000.0,11.1,-72.78
2.2e-05,2.2e-05,6e-13,3.5e-10,2e-10,0.0513,36500000000.0,1750000000.0,11.11,-73.36
2.2e-05,2.2e-05,6e-13,3.5e-10,2.5e-10,0.0513,36500000000.0,1760000000.0,11.11,-72.78
2.2e-05,2.2e-05,6e-13,4.5e-10,5e-11,0.0513,33400000000.0,1690000000.0,11.35,-72.06
2.2e-05,2.2e-05,6e-13,5e-10,5e-11,0.0513,32200000000.0,1660000000.0,11.43,-71.82
2.2e-05,2.2e-05,6e-13,5e-10,1.5e-10,0.0513,32200000000.0,1650000000.0,11.43,-71.81
2.2e-05,2.2e-05,6e-13,5e-10,2e-10,0.0513,32200000000.0,1660000000.0,11.44,-71.81
2.2e-05,2.2e-05,7e-13,4e-10,1e-10,0.0513,34800000000.0,1710000000.0,11.25,-72.3
2.2e-05,2.2e-05,7e-13,4e-10,1.5e-10,0.0513,34800000000.0,1720000000.0,11.25,-72.42
2.2e-05,2.2e-05,7e-13,3e-10,1e-10,0.0513,38700000000.0,1810000000.0,10.89,-73.47
2.2e-05,2.2e-05,7e-13,3e-10,5e-11,0.0513,38700000000.0,1810000000.0,10.89,-73.4
2.2e-05,2.2e-05,7e-13,3e-10,2e-10,0.0513,38700000000.0,1820000000.0,10.89,-73.27
2.2e-05,2.2e-05,7e-13,3e-10,2.5e-10,0.0513,38700000000.0,1810000000.0,10.89,-73.27
2.2e-05,2.2e-05,7e-13,3.5e-10,1.5e-10,0.0513,36500000000.0,1760000000.0,11.11,-72.84
2.2e-05,2.2e-05,7e-13,3.5e-10,2e-10,0.0513,36500000000.0,1770000000.0,11.11,-72.73
2.2e-05,2.2e-05,7e-13,3.5e-10,2.5e-10,0.0513,36500000000.0,1750000000.0,11.11,-72.82
2.2e-05,2.2e-05,7e-13,4.5e-10,2e-10,0.0513,33400000000.0,1680000000.0,11.36,-72.11
2.2e-05,2.2e-05,7e-13,4.5e-10,2.5e-10,0.0513,33400000000.0,1670000000.0,11.36,-72.1
2.2e-05,2.2e-05,7e-13,5e-10,1e-10,0.0513,32200000000.0,1660000000.0,11.43,-71.69
2.2e-05,2.2e-05,7e-13,5e-10,5e-11,0.0513,32200000000.0,1660000000.0,11.43,-71.75
2.2e-05,2.2e-05,7e-13,5e-10,2e-10,0.0513,32200000000.0,1650000000.0,11.44,-71.81
2.2e-05,2.3e-05,5e-13,4e-10,1e-10,0.0513,34800000000.0,1590000000.0,11.18,-72.24
2.2e-05,2.3e-05,5e-13,4e-10,5e-11,0.0513,34800000000.0,1600000000.0,11.18,-72.47
2.2e-05,2.3e-05,5e-13,4e-10,1.5e-10,0.0513,34800000000.0,1590000000.0,11.18,-72.26
2.2e-05,2.3e-05,5e-13,4e-10,2e-10,0.0513,34800000000.0,1600000000.0,11.18,-72.31
2.2e-05,2.3e-05,5e-13,4e-10,2.5e-10,0.0513,34800000000.0,1600000000.0,11.18,-72.39
2.2e-05,2.3e-05,5e-13,3e-10,1e-10,0.0513,38700000000.0,1660000000.0,10.8,-73.19
2.2e-05,2.3e-05,5e-13,3e-10,5e-11,0.0513,38700000000.0,1670000000.0,10.8,-73.13
2.2e-05,2.3e-05,5e-13,3e-10,1.5e-10,0.0513,38700000000.0,1660000000.0,10.8,-73.15
2.2e-05,2.3e-05,5e-13,3e-10,2e-10,0.0513,38700000000.0,1660000000.0,10.8,-73.3
2.2e-05,2.3e-05,5e-13,3.5e-10,1e-10,0.0513,36500000000.0,1620000000.0,11.03,-72.61
2.2e-05,2.3e-05,5e-13,3.5e-10,5e-11,0.0513,36500000000.0,1620000000.0,11.03,-72.66
2.2e-05,2.3e-05,5e-13,3.5e-10,1.5e-10,0.0513,36500000000.0,1620000000.0,11.03,-73.33
2.2e-05,2.3e-05,5e-13,3.5e-10,2e-10,0.0513,36500000000.0,1620000000.0,11.03,-72.73
2.2e-05,2.3e-05,5e-13,3.5e-10,2.5e-10,0.0513,36500000000.0,1630000000.0,11.03,-72.62
2.2e-05,2.3e-05,5e-13,4.5e-10,1e-10,0.0513,33400000000.0,1580000000.0,11.29,-71.97
2.2e-05,2.3e-05,5e-13,4.5e-10,5e-11,0.0513,33400000000.0,1570000000.0,11.29,-72.0
2.2e-05,2.3e-05,5e-13,4.5e-10,1.5e-10,0.0513,33400000000.0,1580000000.0,11.29,-71.99
2.2e-05,2.3e-05,5e-13,4.5e-10,2e-10,0.0513,33400000000.0,1580000000.0,11.29,-71.95
2.2e-05,2.3e-05,5e-13,4.5e-10,2.5e-10,0.0513,33400000000.0,1570000000.0,11.29,-71.98
2.2e-05,2.3e-05,5e-13,5e-10,1e-10,0.0513,32200000000.0,1560000000.0,11.37,-71.67
2.2e-05,2.3e-05,5e-13,5e-10,5e-11,0.0513,32200000000.0,1550000000.0,11.38,-71.73
2.2e-05,2.3e-05,5e-13,5e-10,1.5e-10,0.0513,32200000000.0,1560000000.0,11.37,-71.72
2.2e-05,2.3e-05,5e-13,5e-10,2e-10,0.0513,32200000000.0,1550000000.0,11.37,-71.7
2.2e-05,2.3e-05,5e-13,5e-10,2.5e-10,0.0513,32200000000.0,1550000000.0,11.38,-71.68
2.2e-05,2.3e-05,3e-13,4e-10,1e-10,0.0513,34800000000.0,1590000000.0,11.18,-72.33
2.2e-05,2.3e-05,3e-13,4e-10,1.5e-10,0.0513,34800000000.0,1600000000.0,11.18,-72.3
2.2e-05,2.3e-05,3e-13,4e-10,2e-10,0.0513,34800000000.0,1600000000.0,11.18,-72.27
2.2e-05,2.3e-05,3e-13,4e-10,2.5e-10,0.0513,34800000000.0,1600000000.0,11.18,-72.24
2.2e-05,2.3e-05,3e-13,3e-10,5e-11,0.0513,38700000000.0,1660000000.0,10.8,-73.18
2.2e-05,2.3e-05,3e-13,3e-10,1.5e-10,0.0513,38700000000.0,1670000000.0,10.8,-73.34
2.2e-05,2.3e-05,3e-13,3e-10,2e-10,0.0513,38700000000.0,1660000000.0,10.8,-75.69
2.2e-05,2.3e-05,3e-13,3e-10,2.5e-10,0.0513,38700000000.0,1660000000.0,10.8,-73.2
2.2e-05,2.3e-05,3e-13,3.5e-10,1e-10,0.0513,36500000000.0,1630000000.0,11.03,-72.69
2.2e-05,2.3e-05,3e-13,3.5e-10,5e-11,0.0513,36500000000.0,1630000000.0,11.03,-73.04
2.2e-05,2.3e-05,3e-13,3.5e-10,1.5e-10,0.0513,36500000000.0,1630000000.0,11.03,-72.64
2.2e-05,2.3e-05,3e-13,3.5e-10,2e-10,0.0513,36500000000.0,1630000000.0,11.03,-72.73
2.2e-05,2.3e-05,3e-13,3.5e-10,2.5e-10,0.0513,36500000000.0,1630000000.0,11.03,-72.7
2.2e-05,2.3e-05,3e-13,4.5e-10,1e-10,0.0513,33400000000.0,1580000000.0,11.29,-72.0
2.2e-05,2.3e-05,3e-13,4.5e-10,5e-11,0.0513,33400000000.0,1580000000.0,11.29,-71.94
2.2e-05,2.3e-05,3e-13,4.5e-10,1.5e-10,0.0513,33400000000.0,1580000000.0,11.29,-72.11
2.2e-05,2.3e-05,3e-13,4.5e-10,2e-10,0.0513,33400000000.0,1580000000.0,11.29,-71.98
2.2e-05,2.3e-05,3e-13,4.5e-10,2.5e-10,0.0513,33400000000.0,1570000000.0,11.29,-72.06
2.2e-05,2.3e-05,3e-13,5e-10,5e-11,0.0513,32200000000.0,1560000000.0,11.37,-71.69
2.2e-05,2.3e-05,3e-13,5e-10,1.5e-10,0.0513,32200000000.0,1560000000.0,11.37,-71.7
2.2e-05,2.3e-05,3e-13,5e-10,2.5e-10,0.0513,32200000000.0,1560000000.0,11.37,-72.55
2.2e-05,2.3e-05,4e-13,4e-10,1e-10,0.0513,34800000000.0,1610000000.0,11.18,-72.22
2.2e-05,2.3e-05,4e-13,4e-10,5e-11,0.0513,34800000000.0,1600000000.0,11.18,-72.32
2.2e-05,2.3e-05,4e-13,4e-10,1.5e-10,0.0513,34800000000.0,1600000000.0,11.18,-72.28
2.2e-05,2.3e-05,4e-13,3e-10,5e-11,0.0513,38700000000.0,1670000000.0,10.8,-73.1
2.2e-05,2.3e-05,4e-13,3e-10,1.5e-10,0.0513,38700000000.0,1660000000.0,10.8,-74.59
2.2e-05,2.3e-05,4e-13,3.5e-10,1e-10,0.0513,36500000000.0,1620000000.0,11.03,-72.68
2.2e-05,2.3e-05,4e-13,3.5e-10,5e-11,0.0513,36500000000.0,1620000000.0,11.03,-72.74
2.2e-05,2.3e-05,4e-13,3.5e-10,2e-10,0.0513,36500000000.0,1620000000.0,11.03,-72.7
2.2e-05,2.3e-05,4e-13,3.5e-10,2.5e-10,0.0513,36500000000.0,1630000000.0,11.03,-72.67
2.2e-05,2.3e-05,4e-13,4.5e-10,1e-10,0.0513,33400000000.0,1580000000.0,11.29,-72.02
2.2e-05,2.3e-05,4e-13,4.5e-10,5e-11,0.0513,33400000000.0,1580000000.0,11.29,-71.96
2.2e-05,2.3e-05,4e-13,4.5e-10,1.5e-10,0.0513,33400000000.0,1580000000.0,11.29,-72.03
2.2e-05,2.3e-05,4e-13,4.5e-10,2.5e-10,0.0513,33400000000.0,1580000000.0,11.29,-71.91
2.2e-05,2.3e-05,4e-13,5e-10,1e-10,0.0513,32200000000.0,1570000000.0,11.37,-71.48
2.2e-05,2.3e-05,4e-13,5e-10,5e-11,0.0513,32200000000.0,1570000000.0,11.37,-71.75
2.2e-05,2.3e-05,4e-13,5e-10,1.5e-10,0.0513,32200000000.0,1560000000.0,11.37,-71.68
2.2e-05,2.3e-05,4e-13,5e-10,2e-10,0.0513,32200000000.0,1570000000.0,11.38,-71.71
2.2e-05,2.3e-05,6e-13,4e-10,1e-10,0.0513,34800000000.0,1600000000.0,11.18,-72.44
2.2e-05,2.3e-05,6e-13,4e-10,5e-11,0.0513,34800000000.0,1600000000.0,11.18,-72.11
2.2e-05,2.3e-05,6e-13,4e-10,1.5e-10,0.0513,34800000000.0,1590000000.0,11.18,-72.3
2.2e-05,2.3e-05,6e-13,4e-10,2e-10,0.0513,34800000000.0,1600000000.0,11.18,-72.19
2.2e-05,2.3e-05,6e-13,3e-10,1e-10,0.0513,38700000000.0,1660000000.0,10.8,-73.12
2.2e-05,2.3e-05,6e-13,3e-10,5e-11,0.0513,38700000000.0,1670000000.0,10.8,-72.94
2.2e-05,2.3e-05,6e-13,3e-10,1.5e-10,0.0513,38700000000.0,1670000000.0,10.8,-74.09
2.2e-05,2.3e-05,6e-13,3e-10,2e-10,0.0513,38700000000.0,1670000000.0,10.8,-73.01
2.2e-05,2.3e-05,6e-13,3e-10,2.5e-10,0.0513,38700000000.0,1670000000.0,10.8,-73.25
2.2e-05,2.3e-05,6e-13,3.5e-10,1e-10,0.0513,36500000000.0,1620000000.0,11.03,-72.67
2.2e-05,2.3e-05,6e-13,3.5e-10,1.5e-10,0.0513,36500000000.0,1630000000.0,11.03,-72.47
2.2e-05,2.3e-05,6e-13,3.5e-10,2e-10,0.0513,36500000000.0,1620000000.0,11.03,-72.72
2.2e-05,2.3e-05,6e-13,3.5e-10,2.5e-10,0.0513,36500000000.0,1630000000.0,11.03,-72.33
2.2e-05,2.3e-05,6e-13,4.5e-10,1e-10,0.0513,33400000000.0,1570000000.0,11.29,-71.97
2.2e-05,2.3e-05,6e-13,4.5e-10,5e-11,0.0513,33400000000.0,1580000000.0,11.29,-71.75
2.2e-05,2.3e-05,6e-13,4.5e-10,1.5e-10,0.0513,33400000000.0,1580000000.0,11.29,-71.79
2.2e-05,2.3e-05,6e-13,4.5e-10,2e-10,0.0513,33400000000.0,1570000000.0,11.29,-72.97
2.2e-05,2.3e-05,6e-13,5e-10,1.5e-10,0.0513,32200000000.0,1560000000.0,11.38,-71.71
2.2e-05,2.3e-05,6e-13,5e-10,2e-10,0.0513,32200000000.0,1560000000.0,11.37,-72.43
2.2e-05,2.3e-05,6e-13,5e-10,2.5e-10,0.0513,32200000000.0,1560000000.0,11.37,-71.48
2.2e-05,2.3e-05,7e-13,4e-10,5e-11,0.0513,34800000000.0,1590000000.0,11.18,-72.28
2.2e-05,2.3e-05,7e-13,4e-10,1.5e-10,0.0513,34800000000.0,1610000000.0,11.18,-72.29
2.2e-05,2.3e-05,7e-13,3e-10,1e-10,0.0513,38700000000.0,1670000000.0,10.8,-73.18
2.2e-05,2.3e-05,7e-13,3e-10,5e-11,0.0513,38700000000.0,1660000000.0,10.8,-73.06
2.2e-05,2.3e-05,7e-13,3e-10,1.5e-10,0.0513,38700000000.0,1670000000.0,10.8,-73.16
2.2e-05,2.3e-05,7e-13,3e-10,2.5e-10,0.0513,38700000000.0,1650000000.0,10.8,-73.2
2.2e-05,2.3e-05,7e-13,3.5e-10,1e-10,0.0513,36500000000.0,1630000000.0,11.03,-72.65
2.2e-05,2.3e-05,7e-13,3.5e-10,5e-11,0.0513,36500000000.0,1630000000.0,11.03,-73.17
2.2e-05,2.3e-05,7e-13,4.5e-10,1e-10,0.0513,33400000000.0,1570000000.0,11.29,-72.46
2.2e-05,2.3e-05,7e-13,4.5e-10,1.5e-10,0.0513,33400000000.0,1570000000.0,11.29,-71.79
2.2e-05,2.3e-05,7e-13,4.5e-10,2e-10,0.0513,33400000000.0,1570000000.0,11.29,-72.02
2.2e-05,2.3e-05,7e-13,4.5e-10,2.5e-10,0.0513,33400000000.0,1560000000.0,11.29,-71.87
2.2e-05,2.3e-05,7e-13,5e-10,5e-11,0.0513,32200000000.0,1560000000.0,11.38,-71.65
2.2e-05,2.3e-05,7e-13,5e-10,1.5e-10,0.0513,32200000000.0,1550000000.0,11.37,-71.63
2.2e-05,2.3e-05,7e-13,5e-10,2e-10,0.0513,32200000000.0,1570000000.0,11.37,-71.68
2.2e-05,2.3e-05,7e-13,5e-10,2.5e-10,0.0513,32200000000.0,1550000000.0,11.38,-71.7
2.2e-05,2.4e-05,5e-13,4e-10,1e-10,0.0513,34800000000.0,1460000000.0,11.11,-72.19
2.2e-05,2.4e-05,5e-13,4e-10,5e-11,0.0513,34800000000.0,1450000000.0,11.11,-72.18
2.2e-05,2.4e-05,5e-13,4e-10,1.5e-10,0.0513,34800000000.0,1470000000.0,11.11,-72.28
2.2e-05,2.4e-05,5e-13,3e-10,1e-10,0.0513,38700000000.0,1490000000.0,10.71,-73.0
2.2e-05,2.4e-05,5e-13,3e-10,5e-11,0.0513,38700000000.0,1480000000.0,10.71,-73.03
2.2e-05,2.4e-05,5e-13,3e-10,1.5e-10,0.0513,38700000000.0,1490000000.0,10.71,-73.14
2.2e-05,2.4e-05,5e-13,3e-10,2e-10,0.0513,38700000000.0,1500000000.0,10.71,-72.92
2.2e-05,2.4e-05,5e-13,3e-10,2.5e-10,0.0513,38700000000.0,1500000000.0,10.71,-72.97
2.2e-05,2.4e-05,5e-13,3.5e-10,1e-10,0.0513,36500000000.0,1460000000.0,10.95,-72.54
2.2e-05,2.4e-05,5e-13,3.5e-10,5e-11,0.0513,36500000000.0,1480000000.0,10.95,-72.52
2.2e-05,2.4e-05,5e-13,3.5e-10,1.5e-10,0.0513,36500000000.0,1470000000.0,10.95,-72.93
2.2e-05,2.4e-05,5e-13,3.5e-10,2e-10,0.0513,36500000000.0,1480000000.0,10.95,-72.45
2.2e-05,2.4e-05,5e-13,3.5e-10,2.5e-10,0.0513,36500000000.0,1480000000.0,10.95,-72.57
2.2e-05,2.4e-05,5e-13,4.5e-10,1e-10,0.0513,33400000000.0,1450000000.0,11.23,-71.86
2.2e-05,2.4e-05,5e-13,4.5e-10,5e-11,0.0513,33400000000.0,1450000000.0,11.22,-71.93
2.2e-05,2.4e-05,5e-13,4.5e-10,1.5e-10,0.0513,33400000000.0,1460000000.0,11.22,-71.92
2.2e-05,2.4e-05,5e-13,4.5e-10,2e-10,0.0513,33400000000.0,1460000000.0,11.22,-72.79
2.2e-05,2.4e-05,5e-13,4.5e-10,2.5e-10,0.0513,33400000000.0,1460000000.0,11.23,-71.94
2.2e-05,2.4e-05,5e-13,5e-10,1e-10,0.0513,32200000000.0,1440000000.0,11.31,-71.5
2.2e-05,2.4e-05,5e-13,5e-10,5e-11,0.0513,32200000000.0,1440000000.0,11.31,-71.6
2.2e-05,2.4e-05,5e-13,5e-10,1.5e-10,0.0513,32200000000.0,1430000000.0,11.31,-71.53
2.2e-05,2.4e-05,5e-13,5e-10,2e-10,0.0513,32200000000.0,1430000000.0,11.31,-71.74
2.2e-05,2.4e-05,3e-13,4e-10,5e-11,0.0513,34800000000.0,1470000000.0,11.11,-71.89
2.2e-05,2.4e-05,3e-13,4e-10,1.5e-10,0.0513,34800000000.0,1460000000.0,11.11,-71.9
2.2e-05,2.4e-05,3e-13,4e-10,2e-10,0.0513,34800000000.0,1470000000.0,11.11,-72.12
2.2e-05,2.4e-05,3e-13,4e-10,2.5e-10,0.0513,34800000000.0,1450000000.0,11.11,-72.19
2.2e-05,2.4e-05,3e-13,3e-10,1e-10,0.0513,38700000000.0,1490000000.0,10.71,-72.88
2.2e-05,2.4e-05,3e-13,3e-10,5e-11,0.0513,38700000000.0,1490000000.0,10.71,-73.03
2.2e-05,2.4e-05,3e-13,3e-10,1.5e-10,0.0513,38700000000.0,1480000000.0,10.71,-72.99
2.2e-05,2.4e-05,3e-13,3e-10,2e-10,0.0513,38700000000.0,1480000000.0,10.71,-72.98
2.2e-05,2.4e-05,3e-13,3.5e-10,5e-11,0.0513,36500000000.0,1470000000.0,10.95,-72.54
2.2e-05,2.4e-05,3e-13,3.5e-10,1.5e-10,0.0513,36500000000.0,1470000000.0,10.95,-73.42
2.2e-05,2.4e-05,3e-13,3.5e-10,2e-10,0.0513,36500000000.0,1480000000.0,10.95,-72.35
2.2e-05,2.4e-05,3e-13,4.5e-10,1e-10,0.0513,33400000000.0,1440000000.0,11.23,-71.58
2.2e-05,2.4e-05,3e-13,4.5e-10,5e-11,0.0513,33400000000.0,1450000000.0,11.23,-72.26
2.2e-05,2.4e-05,3e-13,4.5e-10,1.5e-10,0.0513,33400000000.0,1460000000.0,11.22,-71.79
2.2e-05,2.4e-05,3e-13,4.5e-10,2e-10,0.0513,33400000000.0,1460000000.0,11.23,-71.69
2.2e-05,2.4e-05,3e-13,4.5e-10,2.5e-10,0.0513,33400000000.0,1450000000.0,11.23,-71.88
2.2e-05,2.4e-05,3e-13,5e-10,1e-10,0.0513,32200000000.0,1450000000.0,11.31,-71.61
2.2e-05,2.4e-05,3e-13,5e-10,5e-11,0.0513,32200000000.0,1440000000.0,11.31,-71.63
2.2e-05,2.4e-05,3e-13,5e-10,1.5e-10,0.0513,32200000000.0,1440000000.0,11.31,-71.59
2.2e-05,2.4e-05,3e-13,5e-10,2e-10,0.0513,32200000000.0,1430000000.0,11.31,-71.59
2.2e-05,2.4e-05,3e-13,5e-10,2.5e-10,0.0513,32200000000.0,1450000000.0,11.31,-71.53
2.2e-05,2.4e-05,4e-13,4e-10,1e-10,0.0513,34800000000.0,1470000000.0,11.11,-72.2
2.2e-05,2.4e-05,4e-13,4e-10,1.5e-10,0.0513,34800000000.0,1460000000.0,11.11,-72.06
2.2e-05,2.4e-05,4e-13,4e-10,2e-10,0.0513,34800000000.0,1460000000.0,11.11,-72.16
2.2e-05,2.4e-05,4e-13,4e-10,2.5e-10,0.0513,34800000000.0,1470000000.0,11.11,-71.91
2.2e-05,2.4e-05,4e-13,3e-10,1e-10,0.0513,38700000000.0,1480000000.0,10.71,-72.97
2.2e-05,2.4e-05,4e-13,3e-10,5e-11,0.0513,38700000000.0,1490000000.0,10.71,-73.01
2.2e-05,2.4e-05,4e-13,3e-10,1.5e-10,0.0513,38700000000.0,1490000000.0,10.71,-72.97
2.2e-05,2.4e-05,4e-13,3e-10,2e-10,0.0513,38700000000.0,1480000000.0,10.71,-73.54
2.2e-05,2.4e-05,4e-13,3e-10,2.5e-10,0.0513,38700000000.0,1480000000.0,10.71,-73.06
2.2e-05,2.4e-05,4e-13,3.5e-10,1e-10,0.0513,36500000000.0,1480000000.0,10.95,-72.54
2.2e-05,2.4e-05,4e-13,3.5e-10,5e-11,0.0513,36500000000.0,1470000000.0,10.95,-72.61
2.2e-05,2.4e-05,4e-13,3.5e-10,1.5e-10,0.0513,36500000000.0,1470000000.0,10.95,-72.58
2.2e-05,2.4e-05,4e-13,3.5e-10,2.5e-10,0.0513,36500000000.0,1480000000.0,10.95,-72.3
2.2e-05,2.4e-05,4e-13,4.5e-10,1e-10,0.0513,33400000000.0,1460000000.0,11.23,-71.91
2.2e-05,2.4e-05,4e-13,4.5e-10,5e-11,0.0513,33400000000.0,1450000000.0,11.22,-71.96
2.2e-05,2.4e-05,4e-13,4.5e-10,1.5e-10,0.0513,33400000000.0,1450000000.0,11.22,-71.86
2.2e-05,2.4e-05,4e-13,4.5e-10,2e-10,0.0513,33400000000.0,1450000000.0,11.22,-73.12
2.2e-05,2.4e-05,4e-13,4.5e-10,2.5e-10,0.0513,33400000000.0,1460000000.0,11.22,-71.83
2.2e-05,2.4e-05,4e-13,5e-10,5e-11,0.0513,32200000000.0,1450000000.0,11.31,-71.51
2.2e-05,2.4e-05,4e-13,5e-10,2e-10,0.0513,32200000000.0,1450000000.0,11.31,-71.6
2.2e-05,2.4e-05,6e-13,4e-10,1e-10,0.0513,34800000000.0,1460000000.0,11.11,-72.21
2.2e-05,2.4e-05,6e-13,4e-10,5e-11,0.0513,34800000000.0,1460000000.0,11.11,-72.15
2.2e-05,2.4e-05,6e-13,4e-10,1.5e-10,0.0513,34800000000.0,1460000000.0,11.11,-72.18
2.2e-05,2.4e-05,6e-13,3e-10,1e-10,0.0513,38700000000.0,1480000000.0,10.71,-73.08
2.2e-05,2.4e-05,6e-13,3e-10,5e-11,0.0513,38700000000.0,1490000000.0,10.71,-72.99
2.2e-05,2.4e-05,6e-13,3e-10,1.5e-10,0.0513,38700000000.0,1490000000.0,10.71,-73.02
2.2e-05,2.4e-05,6e-13,3.5e-10,1e-10,0.0513,36500000000.0,1470000000.0,10.95,-73.45
2.2e-05,2.4e-05,6e-13,3.5e-10,5e-11,0.0513,36500000000.0,1460000000.0,10.95,-72.46
2.2e-05,2.4e-05,6e-13,3.5e-10,2e-10,0.0513,36500000000.0,1460000000.0,10.95,-73.12
2.2e-05,2.4e-05,6e-13,4.5e-10,1e-10,0.0513,33400000000.0,1450000000.0,11.22,-72.06
2.2e-05,2.4e-05,6e-13,4.5e-10,5e-11,0.0513,33400000000.0,1450000000.0,11.23,-72.05
2.2e-05,2.4e-05,6e-13,4.5e-10,1.5e-10,0.0513,33400000000.0,1450000000.0,11.23,-71.59
2.2e-05,2.4e-05,6e-13,4.5e-10,2e-10,0.0513,33400000000.0,1440000000.0,11.23,-71.86
2.2e-05,2.4e-05,6e-13,4.5e-10,2.5e-10,0.0513,33400000000.0,1450000000.0,11.22,-71.85
2.2e-05,2.4e-05,6e-13,5e-10,2.5e-10,0.0513,32200000000.0,1450000000.0,11.31,-71.73
2.2e-05,2.4e-05,7e-13,4e-10,5e-11,0.0513,34800000000.0,1470000000.0,11.11,-72.16
2.2e-05,2.4e-05,7e-13,4e-10,1.5e-10,0.0513,34800000000.0,1450000000.0,11.11,-72.29
2.2e-05,2.4e-05,7e-13,4e-10,2e-10,0.0513,34800000000.0,1470000000.0,11.11,-72.23
2.2e-05,2.4e-05,7e-13,4e-10,2.5e-10,0.0513,34800000000.0,1470000000.0,11.11,-72.18
2.2e-05,2.4e-05,7e-13,3e-10,1e-10,0.0513,38700000000.0,1490000000.0,10.71,-72.98
2.2e-05,2.4e-05,7e-13,3e-10,5e-11,0.0513,38700000000.0,1500000000.0,10.71,-72.98
2.2e-05,2.4e-05,7e-13,3e-10,2e-10,0.0513,38700000000.0,1480000000.0,10.71,-72.65
2.2e-05,2.4e-05,7e-13,3e-10,2.5e-10,0.0513,38700000000.0,1480000000.0,10.71,-73.01
2.2e-05,2.4e-05,7e-13,3.5e-10,1e-10,0.0513,36500000000.0,1480000000.0,10.95,-72.53
2.2e-05,2.4e-05,7e-13,3.5e-10,5e-11,0.0513,36500000000.0,1470000000.0,10.95,-72.52
2.2e-05,2.4e-05,7e-13,3.5e-10,1.5e-10,0.0513,36500000000.0,1470000000.0,10.95,-72.53
2.2e-05,2.4e-05,7e-13,4.5e-10,5e-11,0.0513,33400000000.0,1440000000.0,11.23,-71.92
2.2e-05,2.4e-05,7e-13,4.5e-10,1.5e-10,0.0513,33400000000.0,1450000000.0,11.22,-71.87
2.2e-05,2.4e-05,7e-13,4.5e-10,2.5e-10,0.0513,33400000000.0,1450000000.0,11.23,-71.87
2.2e-05,2.4e-05,7e-13,5e-10,1e-10,0.0513,32200000000.0,1440000000.0,11.31,-71.57
2.2e-05,2.4e-05,7e-13,5e-10,1.5e-10,0.0513,32200000000.0,1430000000.0,11.31,-71.65
2.2e-05,2.5e-05,5e-13,4e-10,1e-10,0.0513,34800000000.0,1290000000.0,11.04,-71.93
2.2e-05,2.5e-05,5e-13,4e-10,5e-11,0.0513,34800000000.0,1290000000.0,11.03,-72.25
2.2e-05,2.5e-05,5e-13,4e-10,1.5e-10,0.0513,34800000000.0,1300000000.0,11.03,-72.03
2.2e-05,2.5e-05,5e-13,4e-10,2e-10,0.0513,34800000000.0,1300000000.0,11.04,-72.12
2.2e-05,2.5e-05,5e-13,4e-10,2.5e-10,0.0513,34800000000.0,1300000000.0,11.03,-72.04
2.2e-05,2.5e-05,5e-13,3e-10,1e-10,0.0513,38700000000.0,1270000000.0,10.61,-72.94
2.2e-05,2.5e-05,5e-13,3e-10,5e-11,0.0513,38700000000.0,1280000000.0,10.61,-72.85
2.2e-05,2.5e-05,5e-13,3e-10,1.5e-10,0.0513,38700000000.0,1280000000.0,10.61,-72.91
2.2e-05,2.5e-05,5e-13,3e-10,2e-10,0.0513,38700000000.0,1290000000.0,10.61,-72.88
2.2e-05,2.5e-05,5e-13,3e-10,2.5e-10,0.0513,38700000000.0,1290000000.0,10.61,-72.84
2.2e-05,2.5e-05,5e-13,3.5e-10,1e-10,0.0513,36500000000.0,1290000000.0,10.87,-73.16
2.2e-05,2.5e-05,5e-13,3.5e-10,5e-11,0.0513,36500000000.0,1300000000.0,10.86,-72.39
2.2e-05,2.5e-05,5e-13,3.5e-10,1.5e-10,0.0513,36500000000.0,1290000000.0,10.87,-72.46
2.2e-05,2.5e-05,5e-13,3.5e-10,2e-10,0.0513,36500000000.0,1300000000.0,10.86,-72.52
2.2e-05,2.5e-05,5e-13,3.5e-10,2.5e-10,0.0513,36500000000.0,1290000000.0,10.86,-72.42
2.2e-05,2.5e-05,5e-13,4.5e-10,1e-10,0.0513,33400000000.0,1310000000.0,11.15,-71.75
2.2e-05,2.5e-05,5e-13,4.5e-10,5e-11,0.0513,33400000000.0,1300000000.0,11.15,-71.82
2.2e-05,2.5e-05,5e-13,4.5e-10,1.5e-10,0.0513,33400000000.0,1300000000.0,11.16,-71.61
2.2e-05,2.5e-05,5e-13,4.5e-10,2e-10,0.0513,33400000000.0,1300000000.0,11.15,-71.62
2.2e-05,2.5e-05,5e-13,4.5e-10,2.5e-10,0.0513,33400000000.0,1310000000.0,11.16,-71.84
2.2e-05,2.5e-05,5e-13,5e-10,1e-10,0.0513,32200000000.0,1300000000.0,11.25,-71.44
2.2e-05,2.5e-05,5e-13,5e-10,5e-11,0.0513,32200000000.0,1300000000.0,11.25,-72.19
2.2e-05,2.5e-05,5e-13,5e-10,1.5e-10,0.0513,32200000000.0,1310000000.0,11.25,-71.21
2.2e-05,2.5e-05,5e-13,5e-10,2e-10,0.0513,32200000000.0,1310000000.0,11.25,-71.54
2.2e-05,2.5e-05,5e-13,5e-10,2.5e-10,0.0513,32200000000.0,1310000000.0,11.25,-71.51
2.2e-05,2.5e-05,3e-13,4e-10,1e-10,0.0513,34800000000.0,1290000000.0,11.03,-72.04
2.2e-05,2.5e-05,3e-13,4e-10,5e-11,0.0513,34800000000.0,1300000000.0,11.04,-71.93
2.2e-05,2.5e-05,3e-13,4e-10,2e-10,0.0513,34800000000.0,1300000000.0,11.03,-74.21
2.2e-05,2.5e-05,3e-13,4e-10,2.5e-10,0.0513,34800000000.0,1300000000.0,11.03,-72.12
2.2e-05,2.5e-05,3e-13,3e-10,1e-10,0.0513,38700000000.0,1280000000.0,10.61,-72.86
2.2e-05,2.5e-05,3e-13,3e-10,1.5e-10,0.0513,38700000000.0,1290000000.0,10.61,-72.75
2.2e-05,2.5e-05,3e-13,3e-10,2.5e-10,0.0513,38700000000.0,1290000000.0,10.61,-72.83
2.2e-05,2.5e-05,3e-13,3.5e-10,1e-10,0.0513,36500000000.0,1300000000.0,10.86,-72.45
2.2e-05,2.5e-05,3e-13,3.5e-10,5e-11,0.0513,36500000000.0,1290000000.0,10.87,-72.41
2.2e-05,2.5e-05,3e-13,3.5e-10,1.5e-10,0.0513,36500000000.0,1290000000.0,10.87,-72.59
2.2e-05,2.5e-05,3e-13,3.5e-10,2e-10,0.0513,36500000000.0,1290000000.0,10.87,-72.43
2.2e-05,2.5e-05,3e-13,3.5e-10,2.5e-10,0.0513,36500000000.0,1300000000.0,10.86,-72.36
2.2e-05,2.5e-05,3e-13,4.5e-10,1e-10,0.0513,33400000000.0,1310000000.0,11.15,-71.69
2.2e-05,2.5e-05,3e-13,4.5e-10,5e-11,0.0513,33400000000.0,1300000000.0,11.16,-71.85
2.2e-05,2.5e-05,3e-13,4.5e-10,1.5e-10,0.0513,33400000000.0,1300000000.0,11.16,-71.48
2.2e-05,2.5e-05,3e-13,4.5e-10,2e-10,0.0513,33400000000.0,1300000000.0,11.15,-71.74
2.2e-05,2.5e-05,3e-13,4.5e-10,2.5e-10,0.0513,33400000000.0,1310000000.0,11.15,-71.7
2.2e-05,2.5e-05,3e-13,5e-10,1e-10,0.0513,32200000000.0,1310000000.0,11.24,-71.54
2.2e-05,2.5e-05,3e-13,5e-10,5e-11,0.0513,32200000000.0,1300000000.0,11.24,-71.49
2.2e-05,2.5e-05,3e-13,5e-10,1.5e-10,0.0513,32200000000.0,1320000000.0,11.25,-71.26
2.2e-05,2.5e-05,3e-13,5e-10,2e-10,0.0513,32200000000.0,1300000000.0,11.25,-71.49
2.2e-05,2.5e-05,3e-13,5e-10,2.5e-10,0.0513,32200000000.0,1310000000.0,11.25,-71.19
2.2e-05,2.5e-05,4e-13,4e-10,1e-10,0.0513,34800000000.0,1290000000.0,11.04,-72.08
2.2e-05,2.5e-05,4e-13,4e-10,5e-11,0.0513,34800000000.0,1300000000.0,11.04,-72.08
2.2e-05,2.5e-05,4e-13,4e-10,1.5e-10,0.0513,34800000000.0,1300000000.0,11.03,-73.77
2.2e-05,2.5e-05,4e-13,4e-10,2e-10,0.0513,34800000000.0,1310000000.0,11.03,-72.12
2.2e-05,2.5e-05,4e-13,3e-10,5e-11,0.0513,38700000000.0,1290000000.0,10.61,-72.85
2.2e-05,2.5e-05,4e-13,3e-10,2e-10,0.0513,38700000000.0,1270000000.0,10.61,-72.79
2.2e-05,2.5e-05,4e-13,3e-10,2.5e-10,0.0513,38700000000.0,1290000000.0,10.61,-72.89
2.2e-05,2.5e-05,4e-13,3.5e-10,2e-10,0.0513,36500000000.0,1300000000.0,10.86,-72.35
2.2e-05,2.5e-05,4e-13,4.5e-10,1e-10,0.0513,33400000000.0,1300000000.0,11.16,-71.75
2.2e-05,2.5e-05,4e-13,4.5e-10,5e-11,0.0513,33400000000.0,1300000000.0,11.16,-71.68
2.2e-05,2.5e-05,4e-13,4.5e-10,1.5e-10,0.0513,33400000000.0,1310000000.0,11.15,-73.18
2.2e-05,2.5e-05,4e-13,4.5e-10,2e-10,0.0513,33400000000.0,1300000000.0,11.16,-71.76
2.2e-05,2.5e-05,4e-13,4.5e-10,2.5e-10,0.0513,33400000000.0,1320000000.0,11.15,-71.76
2.2e-05,2.5e-05,4e-13,5e-10,1e-10,0.0513,32200000000.0,1320000000.0,11.24,-71.67
2.2e-05,2.5e-05,4e-13,5e-10,5e-11,0.0513,32200000000.0,1310000000.0,11.25,-71.43
2.2e-05,2.5e-05,4e-13,5e-10,1.5e-10,0.0513,32200000000.0,1300000000.0,11.25,-71.55
2.2e-05,2.5e-05,4e-13,5e-10,2e-10,0.0513,32200000000.0,1320000000.0,11.25,-71.5
2.2e-05,2.5e-05,4e-13,5e-10,2.5e-10,0.0513,32200000000.0,1310000000.0,11.25,-71.68
2.2e-05,2.5e-05,6e-13,4e-10,1e-10,0.0513,34800000000.0,1300000000.0,11.04,-72.09
2.2e-05,2.5e-05,6e-13,4e-10,5e-11,0.0513,34800000000.0,1300000000.0,11.04,-72.28
2.2e-05,2.5e-05,6e-13,4e-10,1.5e-10,0.0513,34800000000.0,1310000000.0,11.03,-71.99
2.2e-05,2.5e-05,6e-13,4e-10,2e-10,0.0513,34800000000.0,1290000000.0,11.04,-71.98
2.2e-05,2.5e-05,6e-13,4e-10,2.5e-10,0.0513,34800000000.0,1300000000.0,11.03,-72.0
2.2e-05,2.5e-05,6e-13,3e-10,1e-10,0.0513,38700000000.0,1280000000.0,10.61,-72.88
2.2e-05,2.5e-05,6e-13,3e-10,5e-11,0.0513,38700000000.0,1280000000.0,10.61,-72.89
2.2e-05,2.5e-05,6e-13,3e-10,2.5e-10,0.0513,38700000000.0,1280000000.0,10.61,-72.75
2.2e-05,2.5e-05,6e-13,3.5e-10,1e-10,0.0513,36500000000.0,1300000000.0,10.86,-72.26
2.2e-05,2.5e-05,6e-13,3.5e-10,5e-11,0.0513,36500000000.0,1290000000.0,10.86,-72.38
2.2e-05,2.5e-05,6e-13,3.5e-10,1.5e-10,0.0513,36500000000.0,1290000000.0,10.86,-72.39
2.2e-05,2.5e-05,6e-13,3.5e-10,2e-10,0.0513,36500000000.0,1300000000.0,10.86,-72.47
2.2e-05,2.5e-05,6e-13,4.5e-10,1e-10,0.0513,33400000000.0,1300000000.0,11.16,-71.74
2.2e-05,2.5e-05,6e-13,4.5e-10,2e-10,0.0513,33400000000.0,1300000000.0,11.16,-71.8
2.2e-05,2.5e-05,6e-13,4.5e-10,2.5e-10,0.0513,33400000000.0,1300000000.0,11.16,-71.73
2.2e-05,2.5e-05,6e-13,5e-10,1e-10,0.0513,32200000000.0,1300000000.0,11.25,-71.38
2.2e-05,2.5e-05,6e-13,5e-10,1.5e-10,0.0513,32200000000.0,1310000000.0,11.24,-71.45
2.2e-05,2.5e-05,6e-13,5e-10,2e-10,0.0513,32200000000.0,1300000000.0,11.25,-71.66
2.2e-05,2.5e-05,6e-13,5e-10,2.5e-10,0.0513,32200000000.0,1320000000.0,11.25,-71.55
2.2e-05,2.5e-05,7e-13,4e-10,1e-10,0.0513,34800000000.0,1300000000.0,11.03,-71.91
2.2e-05,2.5e-05,7e-13,4e-10,5e-11,0.0513,34800000000.0,1300000000.0,11.03,-72.07
2.2e-05,2.5e-05,7e-13,4e-10,1.5e-10,0.0513,34800000000.0,1290000000.0,11.03,-72.07
2.2e-05,2.5e-05,7e-13,4e-10,2e-10,0.0513,34800000000.0,1310000000.0,11.03,-72.02
2.2e-05,2.5e-05,7e-13,4e-10,2.5e-10,0.0513,34800000000.0,1310000000.0,11.03,-72.07
2.2e-05,2.5e-05,7e-13,3e-10,1.5e-10,0.0513,38700000000.0,1290000000.0,10.61,-72.82
2.2e-05,2.5e-05,7e-13,3.5e-10,1e-10,0.0513,36500000000.0,1300000000.0,10.87,-72.46
2.2e-05,2.5e-05,7e-13,3.5e-10,5e-11,0.0513,36500000000.0,1310000000.0,10.86,-72.39
2.2e-05,2.5e-05,7e-13,3.5e-10,1.5e-10,0.0513,36500000000.0,1300000000.0,10.86,-72.4
2.2e-05,2.5e-05,7e-13,3.5e-10,2e-10,0.0513,36500000000.0,1290000000.0,10.87,-72.4
2.2e-05,2.5e-05,7e-13,3.5e-10,2.5e-10,0.0513,36500000000.0,1300000000.0,10.86,-72.42
2.2e-05,2.5e-05,7e-13,4.5e-10,1.5e-10,0.0513,33400000000.0,1310000000.0,11.15,-71.79
2.2e-05,2.5e-05,7e-13,4.5e-10,2e-10,0.0513,33400000000.0,1310000000.0,11.16,-71.76
2.2e-05,2.5e-05,7e-13,4.5e-10,2.5e-10,0.0513,33400000000.0,1300000000.0,11.16,-71.57
2.2e-05,2.5e-05,7e-13,5e-10,5e-11,0.0513,32200000000.0,1310000000.0,11.25,-71.47
2.2e-05,2.5e-05,7e-13,5e-10,1.5e-10,0.0513,32200000000.0,1310000000.0,11.25,-71.48
2.2e-05,2.5e-05,7e-13,5e-10,2.5e-10,0.0513,32200000000.0,1310000000.0,11.25,-72.32
2.3e-05,5e-06,5e-13,4e-10,1e-10,0.0536,37400000000.0,1140000000.0,11.98,-74.22
2.3e-05,5e-06,5e-13,4e-10,5e-11,0.0536,37400000000.0,1140000000.0,11.98,-73.93
2.3e-05,5e-06,5e-13,4e-10,1.5e-10,0.0536,37400000000.0,1150000000.0,11.98,-74.2
2.3e-05,5e-06,5e-13,4e-10,2e-10,0.0536,37400000000.0,1140000000.0,11.98,-74.13
2.3e-05,5e-06,5e-13,4e-10,2.5e-10,0.0536,37400000000.0,1150000000.0,11.98,-74.07
2.3e-05,5e-06,5e-13,3e-10,1e-10,0.0536,41500000000.0,1280000000.0,11.65,-75.91
2.3e-05,5e-06,5e-13,3e-10,5e-11,0.0536,41500000000.0,1280000000.0,11.65,-75.75
2.3e-05,5e-06,5e-13,3e-10,1.5e-10,0.0536,41500000000.0,1280000000.0,11.65,-75.65
2.3e-05,5e-06,5e-13,3e-10,2e-10,0.0536,41500000000.0,1280000000.0,11.65,-75.76
2.3e-05,5e-06,5e-13,3e-10,2.5e-10,0.0536,41500000000.0,1280000000.0,11.65,-75.69
2.3e-05,5e-06,5e-13,3.5e-10,1e-10,0.0536,39200000000.0,1200000000.0,11.85,-74.87
2.3e-05,5e-06,5e-13,3.5e-10,5e-11,0.0536,39200000000.0,1200000000.0,11.86,-74.84
2.3e-05,5e-06,5e-13,3.5e-10,1.5e-10,0.0536,39200000000.0,1200000000.0,11.86,-75.0
2.3e-05,5e-06,5e-13,3.5e-10,2e-10,0.0536,39200000000.0,1200000000.0,11.86,-74.88
2.3e-05,5e-06,5e-13,3.5e-10,2.5e-10,0.0536,39200000000.0,1200000000.0,11.86,-74.9
2.3e-05,5e-06,5e-13,4.5e-10,1e-10,0.0536,36000000000.0,1110000000.0,12.06,-73.16
2.3e-05,5e-06,5e-13,4.5e-10,5e-11,0.0536,36000000000.0,1100000000.0,12.06,-73.79
2.3e-05,5e-06,5e-13,4.5e-10,1.5e-10,0.0536,36000000000.0,1110000000.0,12.06,-73.53
2.3e-05,5e-06,5e-13,4.5e-10,2.5e-10,0.0536,36000000000.0,1100000000.0,12.06,-73.59
2.3e-05,5e-06,5e-13,5e-10,1e-10,0.0536,34700000000.0,1080000000.0,12.12,-73.24
2.3e-05,5e-06,5e-13,5e-10,5e-11,0.0536,34700000000.0,1070000000.0,12.12,-73.1
2.3e-05,5e-06,5e-13,5e-10,1.5e-10,0.0536,34700000000.0,1080000000.0,12.12,-73.43
2.3e-05,5e-06,5e-13,5e-10,2e-10,0.0536,34700000000.0,1080000000.0,12.12,-73.26
2.3e-05,5e-06,5e-13,5e-10,2.5e-10,0.0536,34700000000.0,1070000000.0,12.12,-73.31
2.3e-05,5e-06,3e-13,4e-10,1e-10,0.0536,37400000000.0,1140000000.0,11.98,-74.11
2.3e-05,5e-06,3e-13,4e-10,1.5e-10,0.0536,37400000000.0,1140000000.0,11.98,-74.01
2.3e-05,5e-06,3e-13,4e-10,2e-10,0.0536,37400000000.0,1140000000.0,11.98,-74.29
2.3e-05,5e-06,3e-13,4e-10,2.5e-10,0.0536,37400000000.0,1150000000.0,11.98,-74.25
2.3e-05,5e-06,3e-13,3e-10,1e-10,0.0536,41500000000.0,1280000000.0,11.65,-77.33
2.3e-05,5e-06,3e-13,3e-10,5e-11,0.0536,41500000000.0,1280000000.0,11.65,-75.71
2.3e-05,5e-06,3e-13,3e-10,2e-10,0.0536,41500000000.0,1280000000.0,11.65,-76.16
2.3e-05,5e-06,3e-13,3e-10,2.5e-10,0.0536,41500000000.0,1280000000.0,11.65,-75.98
2.3e-05,5e-06,3e-13,3.5e-10,1e-10,0.0536,39200000000.0,1200000000.0,11.86,-74.8
2.3e-05,5e-06,3e-13,3.5e-10,5e-11,0.0536,39200000000.0,1200000000.0,11.86,-74.83
2.3e-05,5e-06,3e-13,3.5e-10,2e-10,0.0536,39200000000.0,1200000000.0,11.85,-74.88
2.3e-05,5e-06,3e-13,3.5e-10,2.5e-10,0.0536,39200000000.0,1200000000.0,11.85,-74.86
2.3e-05,5e-06,3e-13,4.5e-10,1e-10,0.0536,36000000000.0,1100000000.0,12.06,-73.73
2.3e-05,5e-06,3e-13,4.5e-10,1.5e-10,0.0536,36000000000.0,1110000000.0,12.06,-73.6
2.3e-05,5e-06,3e-13,4.5e-10,2e-10,0.0536,36000000000.0,1110000000.0,12.06,-73.7
2.3e-05,5e-06,3e-13,4.5e-10,2.5e-10,0.0536,36000000000.0,1100000000.0,12.06,-73.8
2.3e-05,5e-06,3e-13,5e-10,5e-11,0.0536,34700000000.0,1080000000.0,12.12,-73.16
2.3e-05,5e-06,3e-13,5e-10,1.5e-10,0.0536,34700000000.0,1060000000.0,12.12,-72.74
2.3e-05,5e-06,3e-13,5e-10,2e-10,0.0536,34700000000.0,1080000000.0,12.12,-73.22
2.3e-05,5e-06,3e-13,5e-10,2.5e-10,0.0536,34700000000.0,1080000000.0,12.12,-73.06
2.3e-05,5e-06,4e-13,4e-10,1e-10,0.0536,37400000000.0,1150000000.0,11.98,-74.33
2.3e-05,5e-06,4e-13,4e-10,5e-11,0.0536,37400000000.0,1140000000.0,11.98,-74.28
2.3e-05,5e-06,4e-13,4e-10,1.5e-10,0.0536,37400000000.0,1150000000.0,11.98,-74.09
2.3e-05,5e-06,4e-13,4e-10,2e-10,0.0536,37400000000.0,1150000000.0,11.98,-74.14
2.3e-05,5e-06,4e-13,3e-10,5e-11,0.0536,41500000000.0,1280000000.0,11.65,-76.01
2.3e-05,5e-06,4e-13,3e-10,2.5e-10,0.0536,41500000000.0,1280000000.0,11.65,-75.84
2.3e-05,5e-06,4e-13,3.5e-10,1e-10,0.0536,39200000000.0,1200000000.0,11.86,-75.27
2.3e-05,5e-06,4e-13,3.5e-10,5e-11,0.0536,39200000000.0,1200000000.0,11.86,-74.78
2.3e-05,5e-06,4e-13,3.5e-10,1.5e-10,0.0536,39200000000.0,1200000000.0,11.85,-74.7
2.3e-05,5e-06,4e-13,3.5e-10,2e-10,0.0536,39200000000.0,1200000000.0,11.86,-74.96
2.3e-05,5e-06,4e-13,3.5e-10,2.5e-10,0.0536,39200000000.0,1200000000.0,11.86,-75.07
2.3e-05,5e-06,4e-13,4.5e-10,1e-10,0.0536,36000000000.0,1100000000.0,12.06,-73.71
2.3e-05,5e-06,4e-13,4.5e-10,5e-11,0.0536,36000000000.0,1110000000.0,12.06,-73.54
2.3e-05,5e-06,4e-13,4.5e-10,2e-10,0.0536,36000000000.0,1100000000.0,12.06,-73.63
2.3e-05,5e-06,4e-13,5e-10,1e-10,0.0536,34700000000.0,1070000000.0,12.12,-73.04
2.3e-05,5e-06,4e-13,5e-10,5e-11,0.0536,34700000000.0,1080000000.0,12.12,-73.08
2.3e-05,5e-06,4e-13,5e-10,1.5e-10,0.0536,34700000000.0,1080000000.0,12.12,-73.28
2.3e-05,5e-06,4e-13,5e-10,2e-10,0.0536,34700000000.0,1070000000.0,12.12,-73.3
2.3e-05,5e-06,4e-13,5e-10,2.5e-10,0.0536,34700000000.0,1080000000.0,12.12,-73.19
2.3e-05,5e-06,6e-13,4e-10,5e-11,0.0536,37400000000.0,1140000000.0,11.98,-74.32
2.3e-05,5e-06,6e-13,4e-10,1.5e-10,0.0536,37400000000.0,1140000000.0,11.98,-74.25
2.3e-05,5e-06,6e-13,4e-10,2.5e-10,0.0536,37400000000.0,1150000000.0,11.98,-74.28
2.3e-05,5e-06,6e-13,3e-10,1e-10,0.0536,41500000000.0,1280000000.0,11.65,-75.83
2.3e-05,5e-06,6e-13,3e-10,5e-11,0.0536,41500000000.0,1280000000.0,11.65,-75.88
2.3e-05,5e-06,6e-13,3e-10,1.5e-10,0.0536,41500000000.0,1280000000.0,11.65,-76.62
2.3e-05,5e-06,6e-13,3e-10,2.5e-10,0.0536,41500000000.0,1280000000.0,11.65,-75.68
2.3e-05,5e-06,6e-13,3.5e-10,1e-10,0.0536,39200000000.0,1200000000.0,11.86,-75.01
2.3e-05,5e-06,6e-13,3.5e-10,5e-11,0.0536,39200000000.0,1200000000.0,11.86,-74.61
2.3e-05,5e-06,6e-13,3.5e-10,2e-10,0.0536,39200000000.0,1200000000.0,11.86,-74.94
2.3e-05,5e-06,6e-13,4.5e-10,1e-10,0.0536,36000000000.0,1100000000.0,12.06,-73.48
2.3e-05,5e-06,6e-13,4.5e-10,5e-11,0.0536,36000000000.0,1100000000.0,12.06,-73.68
2.3e-05,5e-06,6e-13,4.5e-10,1.5e-10,0.0536,36000000000.0,1100000000.0,12.06,-73.75
2.3e-05,5e-06,6e-13,4.5e-10,2.5e-10,0.0536,36000000000.0,1110000000.0,12.06,-73.59
2.3e-05,5e-06,6e-13,5e-10,1.5e-10,0.0536,34700000000.0,1080000000.0,12.12,-73.13
2.3e-05,5e-06,6e-13,5e-10,2e-10,0.0536,34700000000.0,1060000000.0,12.12,-73.24
2.3e-05,5e-06,6e-13,5e-10,2.5e-10,0.0536,34700000000.0,1080000000.0,12.12,-73.44
2.3e-05,5e-06,7e-13,4e-10,1e-10,0.0536,37400000000.0,1140000000.0,11.98,-74.26
2.3e-05,5e-06,7e-13,4e-10,1.5e-10,0.0536,37400000000.0,1140000000.0,11.98,-73.91
2.3e-05,5e-06,7e-13,4e-10,2e-10,0.0536,37400000000.0,1150000000.0,11.98,-74.32
2.3e-05,5e-06,7e-13,4e-10,2.5e-10,0.0536,37400000000.0,1150000000.0,11.98,-74.29
2.3e-05,5e-06,7e-13,3e-10,5e-11,0.0536,41500000000.0,1280000000.0,11.65,-75.7
2.3e-05,5e-06,7e-13,3e-10,1.5e-10,0.0536,41500000000.0,1280000000.0,11.65,-75.87
2.3e-05,5e-06,7e-13,3e-10,2e-10,0.0536,41500000000.0,1280000000.0,11.65,-75.72
2.3e-05,5e-06,7e-13,3e-10,2.5e-10,0.0536,41500000000.0,1280000000.0,11.65,-75.66
2.3e-05,5e-06,7e-13,3.5e-10,1e-10,0.0536,39200000000.0,1200000000.0,11.85,-74.85
2.3e-05,5e-06,7e-13,3.5e-10,5e-11,0.0536,39200000000.0,1200000000.0,11.85,-74.83
2.3e-05,5e-06,7e-13,3.5e-10,1.5e-10,0.0536,39200000000.0,1200000000.0,11.85,-74.9
2.3e-05,5e-06,7e-13,3.5e-10,2e-10,0.0536,39200000000.0,1200000000.0,11.86,-74.98
2.3e-05,5e-06,7e-13,3.5e-10,2.5e-10,0.0536,39200000000.0,1200000000.0,11.86,-75.02
2.3e-05,5e-06,7e-13,4.5e-10,5e-11,0.0536,36000000000.0,1110000000.0,12.06,-73.64
2.3e-05,5e-06,7e-13,4.5e-10,1.5e-10,0.0536,36000000000.0,1100000000.0,12.06,-73.56
2.3e-05,5e-06,7e-13,4.5e-10,2.5e-10,0.0536,36000000000.0,1100000000.0,12.06,-73.57
2.3e-05,5e-06,7e-13,5e-10,1e-10,0.0536,34700000000.0,1070000000.0,12.12,-73.12
2.3e-05,5e-06,7e-13,5e-10,5e-11,0.0536,34700000000.0,1060000000.0,12.12,-73.37
2.3e-05,5e-06,7e-13,5e-10,1.5e-10,0.0536,34700000000.0,1070000000.0,12.12,-73.27
2.3e-05,5e-06,7e-13,5e-10,2e-10,0.0536,34700000000.0,1060000000.0,12.12,-73.29
2.3e-05,5e-06,7e-13,5e-10,2.5e-10,0.0536,34700000000.0,1080000000.0,12.12,-73.1
2.3e-05,6e-06,5e-13,4e-10,1e-10,0.0536,37100000000.0,1310000000.0,11.97,-74.05
2.3e-05,6e-06,5e-13,4e-10,5e-11,0.0536,37100000000.0,1310000000.0,11.97,-74.29
2.3e-05,6e-06,5e-13,4e-10,1.5e-10,0.0536,37100000000.0,1310000000.0,11.97,-74.22
2.3e-05,6e-06,5e-13,4e-10,2e-10,0.0536,37100000000.0,1310000000.0,11.97,-74.09
2.3e-05,6e-06,5e-13,4e-10,2.5e-10,0.0536,37100000000.0,1310000000.0,11.97,-74.25
2.3e-05,6e-06,5e-13,3e-10,1e-10,0.0536,41100000000.0,1460000000.0,11.65,-75.77
2.3e-05,6e-06,5e-13,3e-10,5e-11,0.0536,41100000000.0,1460000000.0,11.65,-75.54
2.3e-05,6e-06,5e-13,3e-10,1.5e-10,0.0536,41100000000.0,1460000000.0,11.65,-75.98
2.3e-05,6e-06,5e-13,3e-10,2e-10,0.0536,41100000000.0,1460000000.0,11.65,-75.74
2.3e-05,6e-06,5e-13,3e-10,2.5e-10,0.0536,41100000000.0,1460000000.0,11.65,-75.69
2.3e-05,6e-06,5e-13,3.5e-10,1e-10,0.0536,38900000000.0,1370000000.0,11.85,-75.0
2.3e-05,6e-06,5e-13,3.5e-10,5e-11,0.0536,38900000000.0,1370000000.0,11.85,-75.19
2.3e-05,6e-06,5e-13,3.5e-10,1.5e-10,0.0536,38900000000.0,1370000000.0,11.85,-74.94
2.3e-05,6e-06,5e-13,3.5e-10,2e-10,0.0536,38900000000.0,1370000000.0,11.85,-74.74
2.3e-05,6e-06,5e-13,3.5e-10,2.5e-10,0.0536,38900000000.0,1370000000.0,11.85,-74.95
2.3e-05,6e-06,5e-13,4.5e-10,1e-10,0.0536,35600000000.0,1260000000.0,12.05,-73.69
2.3e-05,6e-06,5e-13,4.5e-10,5e-11,0.0536,35600000000.0,1270000000.0,12.05,-73.58
2.3e-05,6e-06,5e-13,4.5e-10,2.5e-10,0.0536,35600000000.0,1260000000.0,12.05,-73.66
2.3e-05,6e-06,5e-13,5e-10,1e-10,0.0536,34400000000.0,1240000000.0,12.11,-73.21
2.3e-05,6e-06,5e-13,5e-10,5e-11,0.0536,34400000000.0,1230000000.0,12.11,-73.33
2.3e-05,6e-06,5e-13,5e-10,1.5e-10,0.0536,34400000000.0,1230000000.0,12.1,-73.11
2.3e-05,6e-06,5e-13,5e-10,2e-10,0.0536,34400000000.0,1230000000.0,12.1,-73.06
2.3e-05,6e-06,3e-13,4e-10,1e-10,0.0536,37100000000.0,1310000000.0,11.97,-74.14
2.3e-05,6e-06,3e-13,4e-10,1.5e-10,0.0536,37100000000.0,1310000000.0,11.97,-74.15
2.3e-05,6e-06,3e-13,4e-10,2e-10,0.0536,37100000000.0,1310000000.0,11.97,-74.21
2.3e-05,6e-06,3e-13,3e-10,5e-11,0.0536,41100000000.0,1460000000.0,11.65,-75.6
2.3e-05,6e-06,3e-13,3e-10,1.5e-10,0.0536,41100000000.0,1460000000.0,11.65,-75.71
2.3e-05,6e-06,3e-13,3e-10,2.5e-10,0.0536,41100000000.0,1460000000.0,11.65,-75.7
2.3e-05,6e-06,3e-13,3.5e-10,1e-10,0.0536,38900000000.0,1370000000.0,11.85,-74.8
2.3e-05,6e-06,3e-13,3.5e-10,1.5e-10,0.0536,38900000000.0,1370000000.0,11.85,-76.04
2.3e-05,6e-06,3e-13,3.5e-10,2e-10,0.0536,38900000000.0,1370000000.0,11.85,-74.62
2.3e-05,6e-06,3e-13,3.5e-10,2.5e-10,0.0536,38900000000.0,1370000000.0,11.85,-74.9
2.3e-05,6e-06,3e-13,4.5e-10,1e-10,0.0536,35600000000.0,1260000000.0,12.05,-73.73
2.3e-05,6e-06,3e-13,4.5e-10,5e-11,0.0536,35600000000.0,1260000000.0,12.05,-73.76
2.3e-05,6e-06,3e-13,4.5e-10,1.5e-10,0.0536,35600000000.0,1260000000.0,12.05,-73.75
2.3e-05,6e-06,3e-13,4.5e-10,2e-10,0.0536,35600000000.0,1270000000.0,12.05,-73.61
2.3e-05,6e-06,3e-13,4.5e-10,2.5e-10,0.0536,35600000000.0,1260000000.0,12.05,-73.77
2.3e-05,6e-06,3e-13,5e-10,5e-11,0.0536,34400000000.0,1220000000.0,12.1,-72.95
2.3e-05,6e-06,3e-13,5e-10,1.5e-10,0.0536,34400000000.0,1240000000.0,12.1,-73.12
2.3e-05,6e-06,3e-13,5e-10,2e-10,0.0536,34400000000.0,1220000000.0,12.1,-73.33
2.3e-05,6e-06,4e-13,4e-10,1e-10,0.0536,37100000000.0,1310000000.0,11.97,-74.16
2.3e-05,6e-06,4e-13,4e-10,2e-10,0.0536,37100000000.0,1310000000.0,11.97,-74.33
2.3e-05,6e-06,4e-13,3e-10,1e-10,0.0536,41100000000.0,1460000000.0,11.65,-75.43
2.3e-05,6e-06,4e-13,3e-10,2e-10,0.0536,41100000000.0,1460000000.0,11.65,-75.68
2.3e-05,6e-06,4e-13,3e-10,2.5e-10,0.0536,41100000000.0,1460000000.0,11.65,-75.75
2.3e-05,6e-06,4e-13,3.5e-10,1e-10,0.0536,38900000000.0,1370000000.0,11.85,-75.08
2.3e-05,6e-06,4e-13,3.5e-10,5e-11,0.0536,38900000000.0,1370000000.0,11.85,-74.84
2.3e-05,6e-06,4e-13,3.5e-10,1.5e-10,0.0536,38900000000.0,1370000000.0,11.85,-74.97
2.3e-05,6e-06,4e-13,3.5e-10,2e-10,0.0536,38900000000.0,1370000000.0,11.85,-74.99
2.3e-05,6e-06,4e-13,4.5e-10,1e-10,0.0536,35600000000.0,1270000000.0,12.05,-73.6
2.3e-05,6e-06,4e-13,4.5e-10,5e-11,0.0536,35600000000.0,1260000000.0,12.05,-73.52
2.3e-05,6e-06,4e-13,4.5e-10,2e-10,0.0536,35600000000.0,1270000000.0,12.05,-73.55
2.3e-05,6e-06,4e-13,5e-10,1e-10,0.0536,34400000000.0,1220000000.0,12.1,-73.32
2.3e-05,6e-06,4e-13,5e-10,5e-11,0.0536,34400000000.0,1230000000.0,12.11,-73.23
2.3e-05,6e-06,4e-13,5e-10,1.5e-10,0.0536,34400000000.0,1220000000.0,12.1,-73.38
2.3e-05,6e-06,4e-13,5e-10,2e-10,0.0536,34400000000.0,1240000000.0,12.1,-73.08
2.3e-05,6e-06,4e-13,5e-10,2.5e-10,0.0536,34400000000.0,1230000000.0,12.11,-73.21
2.3e-05,6e-06,6e-13,4e-10,1e-10,0.0536,37100000000.0,1310000000.0,11.97,-74.06
2.3e-05,6e-06,6e-13,4e-10,1.5e-10,0.0536,37100000000.0,1300000000.0,11.97,-74.3
2.3e-05,6e-06,6e-13,4e-10,2e-10,0.0536,37100000000.0,1300000000.0,11.97,-74.11
2.3e-05,6e-06,6e-13,3e-10,1e-10,0.0536,41100000000.0,1460000000.0,11.65,-75.83
2.3e-05,6e-06,6e-13,3e-10,5e-11,0.0536,41100000000.0,1460000000.0,11.65,-75.78
2.3e-05,6e-06,6e-13,3e-10,2e-10,0.0536,41100000000.0,1460000000.0,11.65,-75.81
2.3e-05,6e-06,6e-13,3e-10,2.5e-10,0.0536,41100000000.0,1460000000.0,11.65,-75.91
2.3e-05,6e-06,6e-13,3.5e-10,1e-10,0.0536,38900000000.0,1370000000.0,11.85,-74.82
2.3e-05,6e-06,6e-13,3.5e-10,5e-11,0.0536,38900000000.0,1370000000.0,11.85,-75.01
2.3e-05,6e-06,6e-13,3.5e-10,1.5e-10,0.0536,38900000000.0,1370000000.0,11.85,-74.85
2.3e-05,6e-06,6e-13,3.5e-10,2e-10,0.0536,38900000000.0,1370000000.0,11.85,-74.86
2.3e-05,6e-06,6e-13,3.5e-10,2.5e-10,0.0536,38900000000.0,1370000000.0,11.85,-74.58
2.3e-05,6e-06,6e-13,4.5e-10,5e-11,0.0536,35600000000.0,1260000000.0,12.05,-73.59
2.3e-05,6e-06,6e-13,4.5e-10,1.5e-10,0.0536,35600000000.0,1260000000.0,12.05,-73.58
2.3e-05,6e-06,6e-13,4.5e-10,2e-10,0.0536,35600000000.0,1270000000.0,12.05,-73.64
2.3e-05,6e-06,6e-13,4.5e-10,2.5e-10,0.0536,35600000000.0,1270000000.0,12.05,-73.78
2.3e-05,6e-06,6e-13,5e-10,1e-10,0.0536,34400000000.0,1230000000.0,12.1,-73.14
2.3e-05,6e-06,6e-13,5e-10,5e-11,0.0536,34400000000.0,1220000000.0,12.1,-73.3
2.3e-05,6e-06,6e-13,5e-10,1.5e-10,0.0536,34400000000.0,1220000000.0,12.1,-73.23
2.3e-05,6e-06,6e-13,5e-10,2.5e-10,0.0536,34400000000.0,1220000000.0,12.1,-73.24
2.3e-05,6e-06,7e-13,4e-10,1e-10,0.0536,37100000000.0,1310000000.0,11.97,-74.19
2.3e-05,6e-06,7e-13,4e-10,2e-10,0.0536,37100000000.0,1310000000.0,11.97,-74.32
2.3e-05,6e-06,7e-13,3e-10,1.5e-10,0.0536,41100000000.0,1460000000.0,11.66,-75.68
2.3e-05,6e-06,7e-13,3e-10,2e-10,0.0536,41100000000.0,1460000000.0,11.65,-75.89
2.3e-05,6e-06,7e-13,3.5e-10,2e-10,0.0536,38900000000.0,1370000000.0,11.85,-74.93
2.3e-05,6e-06,7e-13,4.5e-10,2e-10,0.0536,35600000000.0,1260000000.0,12.05,-73.6
2.3e-05,6e-06,7e-13,5e-10,1e-10,0.0536,34400000000.0,1240000000.0,12.1,-73.13
2.3e-05,6e-06,7e-13,5e-10,5e-11,0.0536,34400000000.0,1220000000.0,12.1,-72.86
2.3e-05,6e-06,7e-13,5e-10,2e-10,0.0536,34400000000.0,1220000000.0,12.1,-73.28
2.3e-05,6e-06,7e-13,5e-10,2.5e-10,0.0536,34400000000.0,1230000000.0,12.1,-73.28
2.3e-05,7e-06,5e-13,4e-10,1e-10,0.0536,36800000000.0,1450000000.0,11.96,-74.28
2.3e-05,7e-06,5e-13,4e-10,5e-11,0.0536,36800000000.0,1450000000.0,11.96,-74.3
2.3e-05,7e-06,5e-13,4e-10,1.5e-10,0.0536,36800000000.0,1460000000.0,11.96,-74.09
2.3e-05,7e-06,5e-13,4e-10,2e-10,0.0536,36800000000.0,1450000000.0,11.96,-74.23
2.3e-05,7e-06,5e-13,4e-10,2.5e-10,0.0536,36800000000.0,1460000000.0,11.96,-74.11
2.3e-05,7e-06,5e-13,3e-10,1e-10,0.0536,40800000000.0,1610000000.0,11.65,-75.59
2.3e-05,7e-06,5e-13,3e-10,5e-11,0.0536,40800000000.0,1610000000.0,11.65,-75.93
2.3e-05,7e-06,5e-13,3e-10,2e-10,0.0536,40800000000.0,1620000000.0,11.65,-75.83
2.3e-05,7e-06,5e-13,3e-10,2.5e-10,0.0536,40800000000.0,1610000000.0,11.65,-77.76
2.3e-05,7e-06,5e-13,3.5e-10,1e-10,0.0536,38500000000.0,1520000000.0,11.84,-74.67
2.3e-05,7e-06,5e-13,3.5e-10,5e-11,0.0536,38500000000.0,1520000000.0,11.84,-74.9
2.3e-05,7e-06,5e-13,3.5e-10,1.5e-10,0.0536,38500000000.0,1520000000.0,11.84,-74.91
2.3e-05,7e-06,5e-13,3.5e-10,2.5e-10,0.0536,38500000000.0,1520000000.0,11.84,-74.68
2.3e-05,7e-06,5e-13,4.5e-10,1e-10,0.0536,35300000000.0,1410000000.0,12.03,-73.58
2.3e-05,7e-06,5e-13,4.5e-10,5e-11,0.0536,35300000000.0,1400000000.0,12.03,-73.73
2.3e-05,7e-06,5e-13,4.5e-10,1.5e-10,0.0536,35300000000.0,1400000000.0,12.03,-73.62
2.3e-05,7e-06,5e-13,4.5e-10,2e-10,0.0536,35300000000.0,1400000000.0,12.03,-73.77
2.3e-05,7e-06,5e-13,4.5e-10,2.5e-10,0.0536,35300000000.0,1400000000.0,12.03,-73.75
2.3e-05,7e-06,5e-13,5e-10,1e-10,0.0536,34100000000.0,1360000000.0,12.09,-73.32
2.3e-05,7e-06,5e-13,5e-10,5e-11,0.0536,34100000000.0,1370000000.0,12.09,-73.29
2.3e-05,7e-06,5e-13,5e-10,1.5e-10,0.0536,34100000000.0,1370000000.0,12.08,-73.11
2.3e-05,7e-06,5e-13,5e-10,2e-10,0.0536,34100000000.0,1370000000.0,12.09,-73.17
2.3e-05,7e-06,5e-13,5e-10,2.5e-10,0.0536,34100000000.0,1360000000.0,12.08,-73.18
2.3e-05,7e-06,3e-13,4e-10,1e-10,0.0536,36800000000.0,1450000000.0,11.96,-74.27
2.3e-05,7e-06,3e-13,4e-10,5e-11,0.0536,36800000000.0,1460000000.0,11.96,-74.28
2.3e-05,7e-06,3e-13,4e-10,1.5e-10,0.0536,36800000000.0,1460000000.0,11.96,-74.32
2.3e-05,7e-06,3e-13,3e-10,1e-10,0.0536,40800000000.0,1610000000.0,11.65,-75.68
2.3e-05,7e-06,3e-13,3e-10,1.5e-10,0.0536,40800000000.0,1620000000.0,11.65,-75.55
2.3e-05,7e-06,3e-13,3e-10,2e-10,0.0536,40800000000.0,1620000000.0,11.65,-75.8
2.3e-05,7e-06,3e-13,3e-10,2.5e-10,0.0536,40800000000.0,1610000000.0,11.65,-75.92
2.3e-05,7e-06,3e-13,3.5e-10,1e-10,0.0536,38500000000.0,1520000000.0,11.84,-74.76
2.3e-05,7e-06,3e-13,3.5e-10,5e-11,0.0536,38500000000.0,1520000000.0,11.84,-74.85
2.3e-05,7e-06,3e-13,3.5e-10,1.5e-10,0.0536,38500000000.0,1520000000.0,11.84,-74.87
2.3e-05,7e-06,3e-13,3.5e-10,2.5e-10,0.0536,38500000000.0,1520000000.0,11.84,-74.81
2.3e-05,7e-06,3e-13,4.5e-10,1e-10,0.0536,35300000000.0,1400000000.0,12.03,-73.58
2.3e-05,7e-06,3e-13,4.5e-10,1.5e-10,0.0536,35300000000.0,1410000000.0,12.03,-73.57
2.3e-05,7e-06,3e-13,4.5e-10,2e-10,0.0536,35300000000.0,1410000000.0,12.03,-73.63
2.3e-05,7e-06,3e-13,4.5e-10,2.5e-10,0.0536,35300000000.0,1410000000.0,12.03,-73.59
2.3e-05,7e-06,3e-13,5e-10,1e-10,0.0536,34100000000.0,1370000000.0,12.09,-73.25
2.3e-05,7e-06,3e-13,5e-10,5e-11,0.0536,34100000000.0,1370000000.0,12.08,-73.12
2.3e-05,7e-06,3e-13,5e-10,2e-10,0.0536,34100000000.0,1370000000.0,12.09,-73.32
2.3e-05,7e-06,3e-13,5e-10,2.5e-10,0.0536,34100000000.0,1360000000.0,12.09,-73.33
2.3e-05,7e-06,4e-13,4e-10,1e-10,0.0536,36800000000.0,1460000000.0,11.96,-74.27
2.3e-05,7e-06,4e-13,4e-10,5e-11,0.0536,36800000000.0,1450000000.0,11.95,-74.05
2.3e-05,7e-06,4e-13,4e-10,1.5e-10,0.0536,36800000000.0,1450000000.0,11.96,-74.26
2.3e-05,7e-06,4e-13,4e-10,2e-10,0.0536,36800000000.0,1460000000.0,11.96,-74.19
2.3e-05,7e-06,4e-13,4e-10,2.5e-10,0.0536,36800000000.0,1460000000.0,11.96,-74.12
2.3e-05,7e-06,4e-13,3e-10,1e-10,0.0536,40800000000.0,1610000000.0,11.65,-75.58
2.3e-05,7e-06,4e-13,3e-10,5e-11,0.0536,40800000000.0,1620000000.0,11.65,-75.89
2.3e-05,7e-06,4e-13,3e-10,1.5e-10,0.0536,40800000000.0,1610000000.0,11.65,-77.42
2.3e-05,7e-06,4e-13,3e-10,2e-10,0.0536,40800000000.0,1620000000.0,11.65,-76.2
2.3e-05,7e-06,4e-13,3.5e-10,1e-10,0.0536,38500000000.0,1520000000.0,11.84,-74.89
2.3e-05,7e-06,4e-13,3.5e-10,1.5e-10,0.0536,38500000000.0,1520000000.0,11.84,-74.82
2.3e-05,7e-06,4e-13,3.5e-10,2e-10,0.0536,38500000000.0,1520000000.0,11.84,-74.78
2.3e-05,7e-06,4e-13,3.5e-10,2.5e-10,0.0536,38500000000.0,1520000000.0,11.84,-74.84
2.3e-05,7e-06,4e-13,4.5e-10,1e-10,0.0536,35300000000.0,1400000000.0,12.03,-73.76
2.3e-05,7e-06,4e-13,4.5e-10,5e-11,0.0536,35300000000.0,1400000000.0,12.03,-73.71
2.3e-05,7e-06,4e-13,4.5e-10,2e-10,0.0536,35300000000.0,1400000000.0,12.03,-73.52
2.3e-05,7e-06,4e-13,4.5e-10,2.5e-10,0.0536,35300000000.0,1400000000.0,12.03,-74.21
2.3e-05,7e-06,4e-13,5e-10,1e-10,0.0536,34100000000.0,1370000000.0,12.09,-73.1
2.3e-05,7e-06,4e-13,5e-10,5e-11,0.0536,34100000000.0,1360000000.0,12.08,-73.16
2.3e-05,7e-06,4e-13,5e-10,1.5e-10,0.0536,34100000000.0,1360000000.0,12.08,-73.23
2.3e-05,7e-06,4e-13,5e-10,2e-10,0.0536,34100000000.0,1370000000.0,12.09,-72.72
2.3e-05,7e-06,4e-13,5e-10,2.5e-10,0.0536,34100000000.0,1360000000.0,12.08,-72.99
2.3e-05,7e-06,6e-13,4e-10,1e-10,0.0536,36800000000.0,1460000000.0,11.96,-74.26
2.3e-05,7e-06,6e-13,4e-10,1.5e-10,0.0536,36800000000.0,1450000000.0,11.96,-74.31
2.3e-05,7e-06,6e-13,4e-10,2e-10,0.0536,36800000000.0,1460000000.0,11.96,-74.14
2.3e-05,7e-06,6e-13,3e-10,1e-10,0.0536,40800000000.0,1610000000.0,11.65,-75.8
2.3e-05,7e-06,6e-13,3e-10,5e-11,0.0536,40800000000.0,1620000000.0,11.65,-75.82
2.3e-05,7e-06,6e-13,3e-10,2e-10,0.0536,40800000000.0,1620000000.0,11.65,-75.63
2.3e-05,7e-06,6e-13,3e-10,2.5e-10,0.0536,40800000000.0,1620000000.0,11.65,-75.43
2.3e-05,7e-06,6e-13,3.5e-10,1e-10,0.0536,38500000000.0,1520000000.0,11.84,-74.99
2.3e-05,7e-06,6e-13,3.5e-10,1.5e-10,0.0536,38500000000.0,1520000000.0,11.84,-74.95
2.3e-05,7e-06,6e-13,3.5e-10,2e-10,0.0536,38500000000.0,1520000000.0,11.84,-75.19
2.3e-05,7e-06,6e-13,4.5e-10,1e-10,0.0536,35300000000.0,1400000000.0,12.04,-73.73
2.3e-05,7e-06,6e-13,4.5e-10,5e-11,0.0536,35300000000.0,1410000000.0,12.03,-73.67
2.3e-05,7e-06,6e-13,4.5e-10,1.5e-10,0.0536,35300000000.0,1410000000.0,12.03,-73.61
2.3e-05,7e-06,6e-13,4.5e-10,2e-10,0.0536,35300000000.0,1400000000.0,12.03,-73.72
2.3e-05,7e-06,6e-13,5e-10,5e-11,0.0536,34100000000.0,1360000000.0,12.09,-73.31
2.3e-05,7e-06,7e-13,4e-10,1.5e-10,0.0536,36800000000.0,1450000000.0,11.96,-74.1
2.3e-05,7e-06,7e-13,4e-10,2e-10,0.0536,36800000000.0,1460000000.0,11.96,-74.03
2.3e-05,7e-06,7e-13,4e-10,2.5e-10,0.0536,36800000000.0,1460000000.0,11.96,-73.98
2.3e-05,7e-06,7e-13,3e-10,1e-10,0.0536,40800000000.0,1620000000.0,11.65,-75.66
2.3e-05,7e-06,7e-13,3e-10,1.5e-10,0.0536,40800000000.0,1620000000.0,11.65,-75.84
2.3e-05,7e-06,7e-13,3e-10,2.5e-10,0.0536,40800000000.0,1610000000.0,11.65,-75.69
2.3e-05,7e-06,7e-13,3.5e-10,1e-10,0.0536,38500000000.0,1520000000.0,11.84,-74.92
2.3e-05,7e-06,7e-13,3.5e-10,2e-10,0.0536,38500000000.0,1520000000.0,11.84,-74.79
2.3e-05,7e-06,7e-13,4.5e-10,1e-10,0.0536,35300000000.0,1410000000.0,12.03,-73.56
2.3e-05,7e-06,7e-13,4.5e-10,5e-11,0.0536,35300000000.0,1400000000.0,12.03,-73.53
2.3e-05,7e-06,7e-13,4.5e-10,1.5e-10,0.0536,35300000000.0,1410000000.0,12.03,-73.77
2.3e-05,7e-06,7e-13,5e-10,1e-10,0.0536,34100000000.0,1360000000.0,12.08,-73.27
2.3e-05,7e-06,7e-13,5e-10,5e-11,0.0536,34100000000.0,1370000000.0,12.09,-73.21
2.3e-05,7e-06,7e-13,5e-10,1.5e-10,0.0536,34100000000.0,1360000000.0,12.09,-73.3
2.3e-05,7e-06,7e-13,5e-10,2e-10,0.0536,34100000000.0,1370000000.0,12.09,-73.14
2.3e-05,7e-06,7e-13,5e-10,2.5e-10,0.0536,34100000000.0,1360000000.0,12.09,-73.34
2.3e-05,8e-06,5e-13,4e-10,1e-10,0.0536,36500000000.0,1580000000.0,11.94,-74.18
2.3e-05,8e-06,5e-13,4e-10,5e-11,0.0536,36500000000.0,1580000000.0,11.94,-74.17
2.3e-05,8e-06,5e-13,4e-10,1.5e-10,0.0536,36500000000.0,1570000000.0,11.94,-74.28
2.3e-05,8e-06,5e-13,4e-10,2e-10,0.0536,36500000000.0,1570000000.0,11.94,-74.19
2.3e-05,8e-06,5e-13,4e-10,2.5e-10,0.0536,36500000000.0,1580000000.0,11.94,-74.14
2.3e-05,8e-06,5e-13,3e-10,1e-10,0.0536,40400000000.0,1750000000.0,11.65,-75.78
2.3e-05,8e-06,5e-13,3e-10,5e-11,0.0536,40400000000.0,1750000000.0,11.65,-75.77
2.3e-05,8e-06,5e-13,3e-10,1.5e-10,0.0536,40400000000.0,1750000000.0,11.65,-75.66
2.3e-05,8e-06,5e-13,3e-10,2e-10,0.0536,40400000000.0,1750000000.0,11.65,-75.24
2.3e-05,8e-06,5e-13,3.5e-10,1e-10,0.0536,38200000000.0,1650000000.0,11.83,-74.72
2.3e-05,8e-06,5e-13,3.5e-10,5e-11,0.0536,38200000000.0,1650000000.0,11.83,-74.91
2.3e-05,8e-06,5e-13,3.5e-10,1.5e-10,0.0536,38200000000.0,1650000000.0,11.83,-74.78
2.3e-05,8e-06,5e-13,3.5e-10,2e-10,0.0536,38200000000.0,1650000000.0,11.83,-74.87
2.3e-05,8e-06,5e-13,3.5e-10,2.5e-10,0.0536,38200000000.0,1650000000.0,11.83,-74.82
2.3e-05,8e-06,5e-13,4.5e-10,1e-10,0.0536,35000000000.0,1530000000.0,12.01,-73.58
2.3e-05,8e-06,5e-13,4.5e-10,5e-11,0.0536,35000000000.0,1520000000.0,12.01,-73.75
2.3e-05,8e-06,5e-13,4.5e-10,1.5e-10,0.0536,35000000000.0,1520000000.0,12.01,-73.76
2.3e-05,8e-06,5e-13,5e-10,1e-10,0.0536,33900000000.0,1470000000.0,12.07,-73.13
2.3e-05,8e-06,5e-13,5e-10,5e-11,0.0536,33900000000.0,1470000000.0,12.07,-73.33
2.3e-05,8e-06,5e-13,5e-10,1.5e-10,0.0536,33900000000.0,1470000000.0,12.07,-73.35
2.3e-05,8e-06,5e-13,5e-10,2e-10,0.0536,33900000000.0,1480000000.0,12.06,-73.17
2.3e-05,8e-06,5e-13,5e-10,2.5e-10,0.0536,33900000000.0,1490000000.0,12.07,-73.17
2.3e-05,8e-06,3e-13,4e-10,5e-11,0.0536,36500000000.0,1580000000.0,11.94,-74.2
2.3e-05,8e-06,3e-13,4e-10,1.5e-10,0.0536,36500000000.0,1580000000.0,11.94,-74.16
2.3e-05,8e-06,3e-13,4e-10,2e-10,0.0536,36500000000.0,1580000000.0,11.94,-74.13
2.3e-05,8e-06,3e-13,4e-10,2.5e-10,0.0536,36500000000.0,1580000000.0,11.94,-74.12
2.3e-05,8e-06,3e-13,3e-10,1e-10,0.0536,40400000000.0,1750000000.0,11.65,-75.49
2.3e-05,8e-06,3e-13,3e-10,5e-11,0.0536,40400000000.0,1750000000.0,11.64,-75.66
2.3e-05,8e-06,3e-13,3e-10,1.5e-10,0.0536,40400000000.0,1750000000.0,11.65,-75.65
2.3e-05,8e-06,3e-13,3e-10,2.5e-10,0.0536,40400000000.0,1750000000.0,11.65,-75.76
2.3e-05,8e-06,3e-13,3.5e-10,1e-10,0.0536,38200000000.0,1650000000.0,11.83,-74.79
2.3e-05,8e-06,3e-13,3.5e-10,5e-11,0.0536,38200000000.0,1650000000.0,11.83,-74.84
2.3e-05,8e-06,3e-13,3.5e-10,1.5e-10,0.0536,38200000000.0,1650000000.0,11.83,-74.88
2.3e-05,8e-06,3e-13,3.5e-10,2e-10,0.0536,38200000000.0,1650000000.0,11.83,-74.93
2.3e-05,8e-06,3e-13,3.5e-10,2.5e-10,0.0536,38200000000.0,1650000000.0,11.83,-74.94
2.3e-05,8e-06,3e-13,4.5e-10,1e-10,0.0536,35000000000.0,1530000000.0,12.02,-73.37
2.3e-05,8e-06,3e-13,4.5e-10,5e-11,0.0536,35000000000.0,1530000000.0,12.01,-73.59
2.3e-05,8e-06,3e-13,4.5e-10,1.5e-10,0.0536,35000000000.0,1520000000.0,12.02,-73.76
2.3e-05,8e-06,3e-13,4.5e-10,2e-10,0.0536,35000000000.0,1520000000.0,12.01,-73.74
2.3e-05,8e-06,3e-13,5e-10,1e-10,0.0536,33900000000.0,1490000000.0,12.07,-73.16
2.3e-05,8e-06,3e-13,5e-10,5e-11,0.0536,33900000000.0,1490000000.0,12.07,-73.06
2.3e-05,8e-06,3e-13,5e-10,1.5e-10,0.0536,33900000000.0,1480000000.0,12.07,-73.34
2.3e-05,8e-06,3e-13,5e-10,2e-10,0.0536,33900000000.0,1470000000.0,12.07,-73.29
2.3e-05,8e-06,3e-13,5e-10,2.5e-10,0.0536,33900000000.0,1470000000.0,12.06,-73.29
2.3e-05,8e-06,4e-13,4e-10,1e-10,0.0536,36500000000.0,1570000000.0,11.94,-74.25
2.3e-05,8e-06,4e-13,4e-10,5e-11,0.0536,36500000000.0,1580000000.0,11.94,-74.19
2.3e-05,8e-06,4e-13,4e-10,2e-10,0.0536,36500000000.0,1580000000.0,11.94,-74.15
2.3e-05,8e-06,4e-13,3e-10,1.5e-10,0.0536,40400000000.0,1750000000.0,11.65,-75.57
2.3e-05,8e-06,4e-13,3.5e-10,1e-10,0.0536,38200000000.0,1650000000.0,11.83,-74.96
2.3e-05,8e-06,4e-13,3.5e-10,1.5e-10,0.0536,38200000000.0,1650000000.0,11.83,-74.68
2.3e-05,8e-06,4e-13,3.5e-10,2.5e-10,0.0536,38200000000.0,1650000000.0,11.83,-74.81
2.3e-05,8e-06,4e-13,4.5e-10,5e-11,0.0536,35000000000.0,1530000000.0,12.02,-73.73
2.3e-05,8e-06,4e-13,4.5e-10,1.5e-10,0.0536,35000000000.0,1530000000.0,12.01,-73.61
2.3e-05,8e-06,4e-13,4.5e-10,2.5e-10,0.0536,35000000000.0,1530000000.0,12.01,-73.57
2.3e-05,8e-06,4e-13,5e-10,1e-10,0.0536,33900000000.0,1480000000.0,12.06,-73.27
2.3e-05,8e-06,4e-13,5e-10,5e-11,0.0536,33900000000.0,1480000000.0,12.07,-73.33
2.3e-05,8e-06,4e-13,5e-10,1.5e-10,0.0536,33900000000.0,1480000000.0,12.06,-73.21
2.3e-05,8e-06,6e-13,3e-10,1e-10,0.0536,40400000000.0,1750000000.0,11.65,-76.72
2.3e-05,8e-06,6e-13,3e-10,2e-10,0.0536,40400000000.0,1750000000.0,11.65,-75.56
2.3e-05,8e-06,6e-13,3e-10,2.5e-10,0.0536,40400000000.0,1750000000.0,11.65,-75.72
2.3e-05,8e-06,6e-13,3.5e-10,1e-10,0.0536,38200000000.0,1650000000.0,11.83,-74.52
2.3e-05,8e-06,6e-13,3.5e-10,5e-11,0.0536,38200000000.0,1650000000.0,11.83,-74.8
2.3e-05,8e-06,6e-13,3.5e-10,1.5e-10,0.0536,38200000000.0,1650000000.0,11.83,-74.75
2.3e-05,8e-06,6e-13,3.5e-10,2e-10,0.0536,38200000000.0,1650000000.0,11.83,-74.73
2.3e-05,8e-06,6e-13,4.5e-10,5e-11,0.0536,35000000000.0,1520000000.0,12.01,-73.6
2.3e-05,8e-06,6e-13,4.5e-10,1.5e-10,0.0536,35000000000.0,1520000000.0,12.01,-73.58
2.3e-05,8e-06,6e-13,4.5e-10,2e-10,0.0536,35000000000.0,1520000000.0,12.01,-73.78
2.3e-05,8e-06,6e-13,4.5e-10,2.5e-10,0.0536,35000000000.0,1530000000.0,12.02,-73.64
2.3e-05,8e-06,6e-13,5e-10,1e-10,0.0536,33900000000.0,1470000000.0,12.07,-73.34
2.3e-05,8e-06,6e-13,5e-10,5e-11,0.0536,33900000000.0,1490000000.0,12.07,-73.14
2.3e-05,8e-06,6e-13,5e-10,1.5e-10,0.0536,33900000000.0,1490000000.0,12.07,-73.2
2.3e-05,8e-06,6e-13,5e-10,2.5e-10,0.0536,33900000000.0,1480000000.0,12.06,-73.16
2.3e-05,8e-06,7e-13,3e-10,5e-11,0.0536,40400000000.0,1750000000.0,11.65,-76.08
2.3e-05,8e-06,7e-13,3.5e-10,5e-11,0.0536,38200000000.0,1650000000.0,11.83,-74.83
2.3e-05,8e-06,7e-13,3.5e-10,1.5e-10,0.0536,38200000000.0,1650000000.0,11.83,-74.74
2.3e-05,8e-06,7e-13,4.5e-10,1.5e-10,0.0536,35000000000.0,1530000000.0,12.02,-73.58
2.3e-05,8e-06,7e-13,4.5e-10,2e-10,0.0536,35000000000.0,1520000000.0,12.01,-73.72
2.3e-05,8e-06,7e-13,4.5e-10,2.5e-10,0.0536,35000000000.0,1530000000.0,12.02,-73.4
2.3e-05,8e-06,7e-13,5e-10,1e-10,0.0536,33900000000.0,1490000000.0,12.07,-73.02
2.3e-05,8e-06,7e-13,5e-10,5e-11,0.0536,33900000000.0,1490000000.0,12.07,-72.77
2.3e-05,8e-06,7e-13,5e-10,1.5e-10,0.0536,33900000000.0,1490000000.0,12.07,-73.0
2.3e-05,8e-06,7e-13,5e-10,2e-10,0.0536,33900000000.0,1490000000.0,12.07,-73.15
2.3e-05,9e-06,5e-13,4e-10,1e-10,0.0536,36200000000.0,1680000000.0,11.92,-74.32
2.3e-05,9e-06,5e-13,4e-10,5e-11,0.0536,36200000000.0,1680000000.0,11.92,-74.2
2.3e-05,9e-06,5e-13,4e-10,1.5e-10,0.0536,36200000000.0,1690000000.0,11.92,-74.47
2.3e-05,9e-06,5e-13,4e-10,2e-10,0.0536,36200000000.0,1680000000.0,11.92,-74.46
2.3e-05,9e-06,5e-13,3e-10,1e-10,0.0536,40100000000.0,1860000000.0,11.63,-75.6
2.3e-05,9e-06,5e-13,3e-10,5e-11,0.0536,40100000000.0,1860000000.0,11.63,-75.74
2.3e-05,9e-06,5e-13,3e-10,1.5e-10,0.0536,40100000000.0,1870000000.0,11.63,-75.68
2.3e-05,9e-06,5e-13,3e-10,2e-10,0.0536,40100000000.0,1860000000.0,11.63,-75.61
2.3e-05,9e-06,5e-13,3e-10,2.5e-10,0.0536,40100000000.0,1870000000.0,11.63,-75.78
2.3e-05,9e-06,5e-13,3.5e-10,1e-10,0.0536,37900000000.0,1760000000.0,11.81,-74.89
2.3e-05,9e-06,5e-13,3.5e-10,5e-11,0.0536,37900000000.0,1760000000.0,11.81,-74.54
2.3e-05,9e-06,5e-13,3.5e-10,1.5e-10,0.0536,37900000000.0,1760000000.0,11.81,-73.02
2.3e-05,9e-06,5e-13,3.5e-10,2e-10,0.0536,37900000000.0,1760000000.0,11.81,-74.76
2.3e-05,9e-06,5e-13,4.5e-10,1e-10,0.0536,34800000000.0,1630000000.0,11.99,-73.61
2.3e-05,9e-06,5e-13,4.5e-10,5e-11,0.0536,34800000000.0,1630000000.0,11.99,-73.59
2.3e-05,9e-06,5e-13,4.5e-10,1.5e-10,0.0536,34800000000.0,1630000000.0,11.99,-73.58
2.3e-05,9e-06,5e-13,4.5e-10,2e-10,0.0536,34800000000.0,1630000000.0,11.99,-73.6
2.3e-05,9e-06,5e-13,4.5e-10,2.5e-10,0.0536,34800000000.0,1620000000.0,11.99,-73.74
2.3e-05,9e-06,5e-13,5e-10,1e-10,0.0536,33600000000.0,1580000000.0,12.05,-73.34
2.3e-05,9e-06,5e-13,5e-10,5e-11,0.0536,33600000000.0,1590000000.0,12.05,-73.23
2.3e-05,9e-06,5e-13,5e-10,1.5e-10,0.0536,33600000000.0,1590000000.0,12.05,-73.22
2.3e-05,9e-06,5e-13,5e-10,2e-10,0.0536,33600000000.0,1580000000.0,12.05,-73.28
2.3e-05,9e-06,3e-13,4e-10,1e-10,0.0536,36200000000.0,1690000000.0,11.92,-74.13
2.3e-05,9e-06,3e-13,4e-10,5e-11,0.0536,36200000000.0,1690000000.0,11.92,-74.12
2.3e-05,9e-06,3e-13,4e-10,1.5e-10,0.0536,36200000000.0,1690000000.0,11.92,-74.11
2.3e-05,9e-06,3e-13,4e-10,2e-10,0.0536,36200000000.0,1680000000.0,11.92,-74.16
2.3e-05,9e-06,3e-13,4e-10,2.5e-10,0.0536,36200000000.0,1680000000.0,11.92,-74.21
2.3e-05,9e-06,3e-13,3e-10,1e-10,0.0536,40100000000.0,1870000000.0,11.63,-75.53
2.3e-05,9e-06,3e-13,3e-10,5e-11,0.0536,40100000000.0,1870000000.0,11.63,-75.62
2.3e-05,9e-06,3e-13,3e-10,1.5e-10,0.0536,40100000000.0,1860000000.0,11.63,-75.51
2.3e-05,9e-06,3e-13,3e-10,2e-10,0.0536,40100000000.0,1870000000.0,11.63,-76.73
2.3e-05,9e-06,3e-13,3.5e-10,1e-10,0.0536,37900000000.0,1760000000.0,11.81,-74.5
2.3e-05,9e-06,3e-13,3.5e-10,5e-11,0.0536,37900000000.0,1760000000.0,11.81,-74.82
2.3e-05,9e-06,3e-13,3.5e-10,2e-10,0.0536,37900000000.0,1760000000.0,11.81,-74.78
2.3e-05,9e-06,3e-13,3.5e-10,2.5e-10,0.0536,37900000000.0,1760000000.0,11.81,-74.75
2.3e-05,9e-06,3e-13,4.5e-10,1e-10,0.0536,34800000000.0,1630000000.0,11.99,-73.66
2.3e-05,9e-06,3e-13,4.5e-10,2.5e-10,0.0536,34800000000.0,1630000000.0,11.99,-73.62
2.3e-05,9e-06,3e-13,5e-10,1e-10,0.0536,33600000000.0,1580000000.0,12.04,-73.31
2.3e-05,9e-06,3e-13,5e-10,5e-11,0.0536,33600000000.0,1580000000.0,12.04,-73.33
2.3e-05,9e-06,3e-13,5e-10,1.5e-10,0.0536,33600000000.0,1590000000.0,12.04,-73.19
2.3e-05,9e-06,3e-13,5e-10,2e-10,0.0536,33600000000.0,1580000000.0,12.05,-73.33
2.3e-05,9e-06,4e-13,4e-10,1e-10,0.0536,36200000000.0,1680000000.0,11.92,-74.29
2.3e-05,9e-06,4e-13,4e-10,5e-11,0.0536,36200000000.0,1680000000.0,11.92,-74.15
2.3e-05,9e-06,4e-13,4e-10,1.5e-10,0.0536,36200000000.0,1680000000.0,11.92,-74.18
2.3e-05,9e-06,4e-13,3e-10,5e-11,0.0536,40100000000.0,1870000000.0,11.63,-75.86
2.3e-05,9e-06,4e-13,3e-10,1.5e-10,0.0536,40100000000.0,1870000000.0,11.63,-75.88
2.3e-05,9e-06,4e-13,3e-10,2e-10,0.0536,40100000000.0,1860000000.0,11.63,-75.62
2.3e-05,9e-06,4e-13,3e-10,2.5e-10,0.0536,40100000000.0,1860000000.0,11.63,-75.42
2.3e-05,9e-06,4e-13,3.5e-10,1e-10,0.0536,37900000000.0,1760000000.0,11.81,-74.94
2.3e-05,9e-06,4e-13,3.5e-10,5e-11,0.0536,37900000000.0,1760000000.0,11.81,-73.04
2.3e-05,9e-06,4e-13,3.5e-10,1.5e-10,0.0536,37900000000.0,1760000000.0,11.81,-74.65
2.3e-05,9e-06,4e-13,3.5e-10,2e-10,0.0536,37900000000.0,1760000000.0,11.81,-74.83
2.3e-05,9e-06,4e-13,3.5e-10,2.5e-10,0.0536,37900000000.0,1760000000.0,11.81,-74.8
2.3e-05,9e-06,4e-13,4.5e-10,2.5e-10,0.0536,34800000000.0,1630000000.0,11.99,-73.67
2.3e-05,9e-06,4e-13,5e-10,1e-10,0.0536,33600000000.0,1580000000.0,12.05,-73.32
2.3e-05,9e-06,4e-13,5e-10,5e-11,0.0536,33600000000.0,1580000000.0,12.04,-73.23
2.3e-05,9e-06,4e-13,5e-10,2e-10,0.0536,33600000000.0,1580000000.0,12.04,-73.19
2.3e-05,9e-06,4e-13,5e-10,2.5e-10,0.0536,33600000000.0,1590000000.0,12.04,-73.16
2.3e-05,9e-06,6e-13,4e-10,1e-10,0.0536,36200000000.0,1680000000.0,11.92,-74.09
2.3e-05,9e-06,6e-13,4e-10,2.5e-10,0.0536,36200000000.0,1680000000.0,11.92,-74.28
2.3e-05,9e-06,6e-13,3e-10,1e-10,0.0536,40100000000.0,1870000000.0,11.63,-75.76
2.3e-05,9e-06,6e-13,3e-10,5e-11,0.0536,40100000000.0,1860000000.0,11.63,-75.68
2.3e-05,9e-06,6e-13,3e-10,1.5e-10,0.0536,40100000000.0,1860000000.0,11.64,-75.59
2.3e-05,9e-06,6e-13,3e-10,2e-10,0.0536,40100000000.0,1860000000.0,11.63,-75.73
2.3e-05,9e-06,6e-13,3e-10,2.5e-10,0.0536,40100000000.0,1870000000.0,11.63,-75.95
2.3e-05,9e-06,6e-13,3.5e-10,1.5e-10,0.0536,37900000000.0,1760000000.0,11.81,-74.86
2.3e-05,9e-06,6e-13,3.5e-10,2e-10,0.0536,37900000000.0,1760000000.0,11.81,-74.69
2.3e-05,9e-06,6e-13,3.5e-10,2.5e-10,0.0536,37900000000.0,1760000000.0,11.81,-74.79
2.3e-05,9e-06,6e-13,4.5e-10,1e-10,0.0536,34800000000.0,1630000000.0,11.99,-73.64
2.3e-05,9e-06,6e-13,4.5e-10,1.5e-10,0.0536,34800000000.0,1620000000.0,11.99,-73.76
2.3e-05,9e-06,6e-13,5e-10,5e-11,0.0536,33600000000.0,1590000000.0,12.05,-73.27
2.3e-05,9e-06,6e-13,5e-10,1.5e-10,0.0536,33600000000.0,1580000000.0,12.04,-73.24
2.3e-05,9e-06,6e-13,5e-10,2e-10,0.0536,33600000000.0,1590000000.0,12.05,-73.03
2.3e-05,9e-06,7e-13,4e-10,1.5e-10,0.0536,36200000000.0,1680000000.0,11.92,-74.1
2.3e-05,9e-06,7e-13,4e-10,2e-10,0.0536,36200000000.0,1690000000.0,11.92,-74.1
2.3e-05,9e-06,7e-13,4e-10,2.5e-10,0.0536,36200000000.0,1680000000.0,11.92,-74.22
2.3e-05,9e-06,7e-13,3e-10,1e-10,0.0536,40100000000.0,1860000000.0,11.63,-75.8
2.3e-05,9e-06,7e-13,3e-10,5e-11,0.0536,40100000000.0,1870000000.0,11.63,-75.63
2.3e-05,9e-06,7e-13,3e-10,1.5e-10,0.0536,40100000000.0,1870000000.0,11.63,-76.64
2.3e-05,9e-06,7e-13,3e-10,2e-10,0.0536,40100000000.0,1870000000.0,11.63,-75.65
2.3e-05,9e-06,7e-13,3e-10,2.5e-10,0.0536,40100000000.0,1860000000.0,11.63,-75.57
2.3e-05,9e-06,7e-13,3.5e-10,1e-10,0.0536,37900000000.0,1760000000.0,11.81,-74.73
2.3e-05,9e-06,7e-13,3.5e-10,5e-11,0.0536,37900000000.0,1760000000.0,11.81,-74.9
2.3e-05,9e-06,7e-13,3.5e-10,2e-10,0.0536,37900000000.0,1760000000.0,11.81,-74.91
2.3e-05,9e-06,7e-13,4.5e-10,2e-10,0.0536,34800000000.0,1620000000.0,11.99,-73.75
2.3e-05,9e-06,7e-13,5e-10,1e-10,0.0536,33600000000.0,1590000000.0,12.05,-73.24
2.3e-05,9e-06,7e-13,5e-10,2e-10,0.0536,33600000000.0,1570000000.0,12.04,-73.31
2.3e-05,9e-06,7e-13,5e-10,2.5e-10,0.0536,33600000000.0,1570000000.0,12.05,-73.34
2.3e-05,1e-05,5e-13,4e-10,1e-10,0.0536,35900000000.0,1770000000.0,11.9,-74.07
2.3e-05,1e-05,5e-13,4e-10,5e-11,0.0536,35900000000.0,1770000000.0,11.9,-74.09
2.3e-05,1e-05,5e-13,4e-10,1.5e-10,0.0536,35900000000.0,1770000000.0,11.89,-74.22
2.3e-05,1e-05,5e-13,4e-10,2.5e-10,0.0536,35900000000.0,1770000000.0,11.89,-74.09
2.3e-05,1e-05,5e-13,3e-10,1e-10,0.0536,39800000000.0,1950000000.0,11.62,-75.78
2.3e-05,1e-05,5e-13,3e-10,5e-11,0.0536,39800000000.0,1960000000.0,11.61,-75.58
2.3e-05,1e-05,5e-13,3e-10,1.5e-10,0.0536,39800000000.0,1960000000.0,11.61,-75.09
2.3e-05,1e-05,5e-13,3e-10,2e-10,0.0536,39800000000.0,1960000000.0,11.62,-75.65
2.3e-05,1e-05,5e-13,3e-10,2.5e-10,0.0536,39800000000.0,1950000000.0,11.62,-75.53
2.3e-05,1e-05,5e-13,3.5e-10,1e-10,0.0536,37600000000.0,1850000000.0,11.79,-74.76
2.3e-05,1e-05,5e-13,3.5e-10,5e-11,0.0536,37600000000.0,1850000000.0,11.79,-74.73
2.3e-05,1e-05,5e-13,3.5e-10,1.5e-10,0.0536,37600000000.0,1850000000.0,11.79,-74.75
2.3e-05,1e-05,5e-13,3.5e-10,2.5e-10,0.0536,37600000000.0,1850000000.0,11.79,-74.93
2.3e-05,1e-05,5e-13,4.5e-10,1e-10,0.0536,34500000000.0,1710000000.0,11.97,-73.71
2.3e-05,1e-05,5e-13,4.5e-10,5e-11,0.0536,34500000000.0,1710000000.0,11.97,-73.59
2.3e-05,1e-05,5e-13,4.5e-10,1.5e-10,0.0536,34500000000.0,1710000000.0,11.97,-73.73
2.3e-05,1e-05,5e-13,4.5e-10,2e-10,0.0536,34500000000.0,1720000000.0,11.97,-73.62
2.3e-05,1e-05,5e-13,4.5e-10,2.5e-10,0.0536,34500000000.0,1710000000.0,11.97,-73.68
2.3e-05,1e-05,5e-13,5e-10,1e-10,0.0536,33300000000.0,1660000000.0,12.02,-73.34
2.3e-05,1e-05,5e-13,5e-10,5e-11,0.0536,33300000000.0,1670000000.0,12.02,-73.28
2.3e-05,1e-05,5e-13,5e-10,1.5e-10,0.0536,33300000000.0,1670000000.0,12.02,-73.19
2.3e-05,1e-05,5e-13,5e-10,2e-10,0.0536,33300000000.0,1660000000.0,12.02,-73.33
2.3e-05,1e-05,5e-13,5e-10,2.5e-10,0.0536,33300000000.0,1660000000.0,12.02,-73.28
2.3e-05,1e-05,3e-13,4e-10,1e-10,0.0536,35900000000.0,1770000000.0,11.89,-74.15
2.3e-05,1e-05,3e-13,4e-10,5e-11,0.0536,35900000000.0,1770000000.0,11.9,-73.98
2.3e-05,1e-05,3e-13,4e-10,1.5e-10,0.0536,35900000000.0,1770000000.0,11.89,-74.12
2.3e-05,1e-05,3e-13,4e-10,2.5e-10,0.0536,35900000000.0,1770000000.0,11.9,-74.12
2.3e-05,1e-05,3e-13,3e-10,1e-10,0.0536,39800000000.0,1960000000.0,11.61,-75.28
2.3e-05,1e-05,3e-13,3e-10,5e-11,0.0536,39800000000.0,1950000000.0,11.61,-75.66
2.3e-05,1e-05,3e-13,3e-10,1.5e-10,0.0536,39800000000.0,1960000000.0,11.61,-75.89
2.3e-05,1e-05,3e-13,3e-10,2e-10,0.0536,39800000000.0,1960000000.0,11.61,-75.73
2.3e-05,1e-05,3e-13,3e-10,2.5e-10,0.0536,39800000000.0,1960000000.0,11.61,-75.71
2.3e-05,1e-05,3e-13,3.5e-10,1e-10,0.0536,37600000000.0,1850000000.0,11.78,-74.85
2.3e-05,1e-05,3e-13,3.5e-10,5e-11,0.0536,37600000000.0,1850000000.0,11.79,-74.72
2.3e-05,1e-05,3e-13,3.5e-10,1.5e-10,0.0536,37600000000.0,1850000000.0,11.79,-74.77
2.3e-05,1e-05,3e-13,4.5e-10,1e-10,0.0536,34500000000.0,1710000000.0,11.97,-73.74
2.3e-05,1e-05,3e-13,4.5e-10,1.5e-10,0.0536,34500000000.0,1710000000.0,11.97,-73.61
2.3e-05,1e-05,3e-13,4.5e-10,2.5e-10,0.0536,34500000000.0,1710000000.0,11.97,-73.64
2.3e-05,1e-05,3e-13,5e-10,5e-11,0.0536,33300000000.0,1670000000.0,12.02,-73.18
2.3e-05,1e-05,3e-13,5e-10,1.5e-10,0.0536,33300000000.0,1660000000.0,12.02,-73.35
2.3e-05,1e-05,3e-13,5e-10,2.5e-10,0.0536,33300000000.0,1660000000.0,12.02,-73.29
2.3e-05,1e-05,4e-13,4e-10,1e-10,0.0536,35900000000.0,1770000000.0,11.9,-74.13
2.3e-05,1e-05,4e-13,4e-10,5e-11,0.0536,35900000000.0,1770000000.0,11.9,-74.22
2.3e-05,1e-05,4e-13,4e-10,1.5e-10,0.0536,35900000000.0,1770000000.0,11.9,-74.16
2.3e-05,1e-05,4e-13,4e-10,2e-10,0.0536,35900000000.0,1770000000.0,11.89,-74.17
2.3e-05,1e-05,4e-13,4e-10,2.5e-10,0.0536,35900000000.0,1770000000.0,11.9,-74.23
2.3e-05,1e-05,4e-13,3e-10,1e-10,0.0536,39800000000.0,1960000000.0,11.62,-75.56
2.3e-05,1e-05,4e-13,3e-10,5e-11,0.0536,39800000000.0,1950000000.0,11.62,-75.7
2.3e-05,1e-05,4e-13,3e-10,1.5e-10,0.0536,39800000000.0,1950000000.0,11.62,-75.69
2.3e-05,1e-05,4e-13,3e-10,2e-10,0.0536,39800000000.0,1960000000.0,11.62,-75.64
2.3e-05,1e-05,4e-13,3e-10,2.5e-10,0.0536,39800000000.0,1960000000.0,11.61,-75.46
2.3e-05,1e-05,4e-13,3.5e-10,1e-10,0.0536,37600000000.0,1850000000.0,11.79,-74.86
2.3e-05,1e-05,4e-13,3.5e-10,1.5e-10,0.0536,37600000000.0,1850000000.0,11.79,-74.81
2.3e-05,1e-05,4e-13,3.5e-10,2.5e-10,0.0536,37600000000.0,1850000000.0,11.79,-74.89
2.3e-05,1e-05,4e-13,5e-10,1e-10,0.0536,33300000000.0,1670000000.0,12.02,-73.27
2.3e-05,1e-05,4e-13,5e-10,1.5e-10,0.0536,33300000000.0,1660000000.0,12.02,-73.32
2.3e-05,1e-05,6e-13,4e-10,1e-10,0.0536,35900000000.0,1770000000.0,11.9,-72.93
2.3e-05,1e-05,6e-13,4e-10,5e-11,0.0536,35900000000.0,1770000000.0,11.9,-74.21
2.3e-05,1e-05,6e-13,4e-10,2.5e-10,0.0536,35900000000.0,1770000000.0,11.9,-74.1
2.3e-05,1e-05,6e-13,3e-10,1e-10,0.0536,39800000000.0,1960000000.0,11.61,-76.58
2.3e-05,1e-05,6e-13,3e-10,5e-11,0.0536,39800000000.0,1960000000.0,11.61,-75.61
2.3e-05,1e-05,6e-13,3e-10,2e-10,0.0536,39800000000.0,1960000000.0,11.61,-75.72
2.3e-05,1e-05,6e-13,3e-10,2.5e-10,0.0536,39800000000.0,1960000000.0,11.61,-76.57
2.3e-05,1e-05,6e-13,3.5e-10,5e-11,0.0536,37600000000.0,1850000000.0,11.79,-75.5
2.3e-05,1e-05,6e-13,4.5e-10,1e-10,0.0536,34500000000.0,1710000000.0,11.97,-73.65
2.3e-05,1e-05,6e-13,4.5e-10,1.5e-10,0.0536,34500000000.0,1700000000.0,11.97,-73.74
2.3e-05,1e-05,6e-13,4.5e-10,2e-10,0.0536,34500000000.0,1710000000.0,11.97,-73.58
2.3e-05,1e-05,6e-13,5e-10,1.5e-10,0.0536,33300000000.0,1660000000.0,12.02,-73.3
2.3e-05,1e-05,7e-13,4e-10,1e-10,0.0536,35900000000.0,1770000000.0,11.9,-74.08
2.3e-05,1e-05,7e-13,4e-10,1.5e-10,0.0536,35900000000.0,1770000000.0,11.9,-74.2
2.3e-05,1e-05,7e-13,4e-10,2e-10,0.0536,35900000000.0,1770000000.0,11.9,-74.01
2.3e-05,1e-05,7e-13,3e-10,1.5e-10,0.0536,39800000000.0,1950000000.0,11.62,-75.38
2.3e-05,1e-05,7e-13,3.5e-10,5e-11,0.0536,37600000000.0,1850000000.0,11.79,-75.04
2.3e-05,1e-05,7e-13,3.5e-10,1.5e-10,0.0536,37600000000.0,1850000000.0,11.79,-74.82
2.3e-05,1e-05,7e-13,3.5e-10,2e-10,0.0536,37600000000.0,1840000000.0,11.79,-74.86
2.3e-05,1e-05,7e-13,3.5e-10,2.5e-10,0.0536,37600000000.0,1850000000.0,11.79,-74.65
2.3e-05,1e-05,7e-13,4.5e-10,1e-10,0.0536,34500000000.0,1710000000.0,11.97,-74.07
2.3e-05,1e-05,7e-13,4.5e-10,5e-11,0.0536,34500000000.0,1710000000.0,11.97,-74.08
2.3e-05,1e-05,7e-13,4.5e-10,1.5e-10,0.0536,34500000000.0,1720000000.0,11.97,-73.65
2.3e-05,1e-05,7e-13,5e-10,5e-11,0.0536,33300000000.0,1670000000.0,12.02,-73.17
2.3e-05,1.1e-05,5e-13,4e-10,1e-10,0.0536,35600000000.0,1830000000.0,11.87,-74.23
2.3e-05,1.1e-05,5e-13,4e-10,5e-11,0.0536,35600000000.0,1840000000.0,11.87,-74.22
2.3e-05,1.1e-05,5e-13,4e-10,1.5e-10,0.0536,35600000000.0,1840000000.0,11.87,-74.18
2.3e-05,1.1e-05,5e-13,4e-10,2e-10,0.0536,35600000000.0,1840000000.0,11.87,-74.11
2.3e-05,1.1e-05,5e-13,4e-10,2.5e-10,0.0536,35600000000.0,1840000000.0,11.87,-74.08
2.3e-05,1.1e-05,5e-13,3e-10,1e-10,0.0536,39500000000.0,2030000000.0,11.59,-75.46
2.3e-05,1.1e-05,5e-13,3e-10,5e-11,0.0536,39500000000.0,2030000000.0,11.59,-75.56
2.3e-05,1.1e-05,5e-13,3e-10,1.5e-10,0.0536,39500000000.0,2040000000.0,11.59,-75.49
2.3e-05,1.1e-05,5e-13,3e-10,2e-10,0.0536,39500000000.0,2040000000.0,11.59,-76.41
2.3e-05,1.1e-05,5e-13,3e-10,2.5e-10,0.0536,39500000000.0,2030000000.0,11.59,-75.55
2.3e-05,1.1e-05,5e-13,3.5e-10,1e-10,0.0536,37300000000.0,1920000000.0,11.76,-74.71
2.3e-05,1.1e-05,5e-13,3.5e-10,5e-11,0.0536,37300000000.0,1920000000.0,11.76,-74.73
2.3e-05,1.1e-05,5e-13,3.5e-10,1.5e-10,0.0536,37300000000.0,1920000000.0,11.76,-74.95
2.3e-05,1.1e-05,5e-13,3.5e-10,2e-10,0.0536,37300000000.0,1920000000.0,11.76,-74.65
2.3e-05,1.1e-05,5e-13,3.5e-10,2.5e-10,0.0536,37300000000.0,1920000000.0,11.76,-74.84
2.3e-05,1.1e-05,5e-13,4.5e-10,1e-10,0.0536,34200000000.0,1780000000.0,11.94,-73.66
2.3e-05,1.1e-05,5e-13,4.5e-10,5e-11,0.0536,34200000000.0,1780000000.0,11.94,-73.72
2.3e-05,1.1e-05,5e-13,4.5e-10,1.5e-10,0.0536,34200000000.0,1770000000.0,11.94,-73.87
2.3e-05,1.1e-05,5e-13,4.5e-10,2e-10,0.0536,34200000000.0,1780000000.0,11.94,-73.62
2.3e-05,1.1e-05,5e-13,4.5e-10,2.5e-10,0.0536,34200000000.0,1770000000.0,11.94,-73.71
2.3e-05,1.1e-05,5e-13,5e-10,1e-10,0.0536,33100000000.0,1730000000.0,12.0,-73.3
2.3e-05,1.1e-05,5e-13,5e-10,5e-11,0.0536,33100000000.0,1730000000.0,11.99,-73.29
2.3e-05,1.1e-05,5e-13,5e-10,1.5e-10,0.0536,33100000000.0,1740000000.0,11.99,-73.18
2.3e-05,1.1e-05,5e-13,5e-10,2.5e-10,0.0536,33100000000.0,1730000000.0,12.0,-73.25
2.3e-05,1.1e-05,3e-13,4e-10,1e-10,0.0536,35600000000.0,1840000000.0,11.87,-74.23
2.3e-05,1.1e-05,3e-13,4e-10,5e-11,0.0536,35600000000.0,1840000000.0,11.87,-74.24
2.3e-05,1.1e-05,3e-13,4e-10,1.5e-10,0.0536,35600000000.0,1840000000.0,11.87,-74.17
2.3e-05,1.1e-05,3e-13,4e-10,2e-10,0.0536,35600000000.0,1840000000.0,11.87,-74.01
2.3e-05,1.1e-05,3e-13,3e-10,1e-10,0.0536,39500000000.0,2030000000.0,11.59,-78.21
2.3e-05,1.1e-05,3e-13,3e-10,5e-11,0.0536,39500000000.0,2030000000.0,11.59,-75.58
2.3e-05,1.1e-05,3e-13,3e-10,1.5e-10,0.0536,39500000000.0,2030000000.0,11.59,-75.12
2.3e-05,1.1e-05,3e-13,3e-10,2e-10,0.0536,39500000000.0,2030000000.0,11.59,-74.43
2.3e-05,1.1e-05,3e-13,3e-10,2.5e-10,0.0536,39500000000.0,2040000000.0,11.59,-75.47
2.3e-05,1.1e-05,3e-13,3.5e-10,1.5e-10,0.0536,37300000000.0,1920000000.0,11.76,-74.72
2.3e-05,1.1e-05,3e-13,3.5e-10,2e-10,0.0536,37300000000.0,1920000000.0,11.76,-74.7
2.3e-05,1.1e-05,3e-13,3.5e-10,2.5e-10,0.0536,37300000000.0,1920000000.0,11.76,-74.68
2.3e-05,1.1e-05,3e-13,4.5e-10,1e-10,0.0536,34200000000.0,1770000000.0,11.94,-73.66
2.3e-05,1.1e-05,3e-13,4.5e-10,2e-10,0.0536,34200000000.0,1770000000.0,11.94,-73.72
2.3e-05,1.1e-05,3e-13,4.5e-10,2.5e-10,0.0536,34200000000.0,1780000000.0,11.94,-73.69
2.3e-05,1.1e-05,3e-13,5e-10,1e-10,0.0536,33100000000.0,1730000000.0,11.99,-73.27
2.3e-05,1.1e-05,3e-13,5e-10,5e-11,0.0536,33100000000.0,1730000000.0,11.99,-73.26
2.3e-05,1.1e-05,3e-13,5e-10,2e-10,0.0536,33100000000.0,1730000000.0,11.99,-73.28
2.3e-05,1.1e-05,4e-13,4e-10,1e-10,0.0536,35600000000.0,1840000000.0,11.87,-74.09
2.3e-05,1.1e-05,4e-13,4e-10,5e-11,0.0536,35600000000.0,1840000000.0,11.87,-74.12
2.3e-05,1.1e-05,4e-13,4e-10,2e-10,0.0536,35600000000.0,1830000000.0,11.87,-74.22
2.3e-05,1.1e-05,4e-13,4e-10,2.5e-10,0.0536,35600000000.0,1840000000.0,11.87,-74.15
2.3e-05,1.1e-05,4e-13,3e-10,1e-10,0.0536,39500000000.0,2030000000.0,11.59,-73.83
2.3e-05,1.1e-05,4e-13,3e-10,5e-11,0.0536,39500000000.0,2040000000.0,11.59,-75.38
2.3e-05,1.1e-05,4e-13,3e-10,1.5e-10,0.0536,39500000000.0,2040000000.0,11.59,-75.53
2.3e-05,1.1e-05,4e-13,3e-10,2e-10,0.0536,39500000000.0,2020000000.0,11.59,-75.49
2.3e-05,1.1e-05,4e-13,3e-10,2.5e-10,0.0536,39500000000.0,2030000000.0,11.59,-75.61
2.3e-05,1.1e-05,4e-13,3.5e-10,1.5e-10,0.0536,37300000000.0,1920000000.0,11.76,-74.76
2.3e-05,1.1e-05,4e-13,4.5e-10,5e-11,0.0536,34200000000.0,1780000000.0,11.94,-73.65
2.3e-05,1.1e-05,4e-13,4.5e-10,2.5e-10,0.0536,34200000000.0,1780000000.0,11.94,-73.59
2.3e-05,1.1e-05,4e-13,5e-10,1e-10,0.0536,33100000000.0,1730000000.0,11.99,-73.37
2.3e-05,1.1e-05,4e-13,5e-10,5e-11,0.0536,33100000000.0,1730000000.0,11.99,-73.3
2.3e-05,1.1e-05,4e-13,5e-10,2.5e-10,0.0536,33100000000.0,1730000000.0,12.0,-73.31
2.3e-05,1.1e-05,6e-13,4e-10,1e-10,0.0536,35600000000.0,1840000000.0,11.87,-74.1
2.3e-05,1.1e-05,6e-13,4e-10,5e-11,0.0536,35600000000.0,1840000000.0,11.87,-74.28
2.3e-05,1.1e-05,6e-13,3e-10,1e-10,0.0536,39500000000.0,2040000000.0,11.59,-75.59
2.3e-05,1.1e-05,6e-13,3e-10,5e-11,0.0536,39500000000.0,2030000000.0,11.59,-75.5
2.3e-05,1.1e-05,6e-13,3e-10,2.5e-10,0.0536,39500000000.0,2030000000.0,11.59,-75.53
2.3e-05,1.1e-05,6e-13,3.5e-10,1e-10,0.0536,37300000000.0,1920000000.0,11.76,-74.9
2.3e-05,1.1e-05,6e-13,3.5e-10,1.5e-10,0.0536,37300000000.0,1920000000.0,11.76,-74.96
2.3e-05,1.1e-05,6e-13,4.5e-10,1e-10,0.0536,34200000000.0,1780000000.0,11.94,-73.7
2.3e-05,1.1e-05,6e-13,4.5e-10,1.5e-10,0.0536,34200000000.0,1770000000.0,11.94,-73.69
2.3e-05,1.1e-05,6e-13,4.5e-10,2e-10,0.0536,34200000000.0,1780000000.0,11.94,-73.68
2.3e-05,1.1e-05,6e-13,5e-10,1e-10,0.0536,33100000000.0,1730000000.0,12.0,-73.27
2.3e-05,1.1e-05,6e-13,5e-10,5e-11,0.0536,33100000000.0,1720000000.0,12.0,-73.33
2.3e-05,1.1e-05,7e-13,4e-10,2e-10,0.0536,35600000000.0,1840000000.0,11.87,-74.19
2.3e-05,1.1e-05,7e-13,4e-10,2.5e-10,0.0536,35600000000.0,1840000000.0,11.87,-75.0
2.3e-05,1.1e-05,7e-13,3e-10,1e-10,0.0536,39500000000.0,2030000000.0,11.59,-77.26
2.3e-05,1.1e-05,7e-13,3e-10,1.5e-10,0.0536,39500000000.0,2020000000.0,11.59,-75.5
2.3e-05,1.1e-05,7e-13,3e-10,2e-10,0.0536,39500000000.0,2030000000.0,11.59,-75.54
2.3e-05,1.1e-05,7e-13,3.5e-10,1e-10,0.0536,37300000000.0,1920000000.0,11.76,-74.67
2.3e-05,1.1e-05,7e-13,4.5e-10,5e-11,0.0536,34200000000.0,1770000000.0,11.94,-73.68
2.3e-05,1.1e-05,7e-13,4.5e-10,1.5e-10,0.0536,34200000000.0,1780000000.0,11.94,-73.61
2.3e-05,1.1e-05,7e-13,4.5e-10,2.5e-10,0.0536,34200000000.0,1770000000.0,11.94,-73.67
2.3e-05,1.1e-05,7e-13,5e-10,2e-10,0.0536,33100000000.0,1730000000.0,11.99,-73.22
2.3e-05,1.2e-05,5e-13,4e-10,1e-10,0.0536,35400000000.0,1890000000.0,11.84,-75.6
2.3e-05,1.2e-05,5e-13,4e-10,5e-11,0.0536,35400000000.0,1890000000.0,11.84,-74.18
2.3e-05,1.2e-05,5e-13,4e-10,1.5e-10,0.0536,35400000000.0,1890000000.0,11.84,-74.48
2.3e-05,1.2e-05,5e-13,4e-10,2.5e-10,0.0536,35400000000.0,1890000000.0,11.84,-74.15
2.3e-05,1.2e-05,5e-13,3e-10,1e-10,0.0536,39300000000.0,2090000000.0,11.56,-75.54
2.3e-05,1.2e-05,5e-13,3e-10,5e-11,0.0536,39300000000.0,2090000000.0,11.56,-75.66
2.3e-05,1.2e-05,5e-13,3e-10,1.5e-10,0.0536,39300000000.0,2090000000.0,11.56,-75.59
2.3e-05,1.2e-05,5e-13,3e-10,2e-10,0.0536,39300000000.0,2090000000.0,11.56,-75.57
2.3e-05,1.2e-05,5e-13,3e-10,2.5e-10,0.0536,39300000000.0,2090000000.0,11.56,-75.49
2.3e-05,1.2e-05,5e-13,3.5e-10,1e-10,0.0536,37100000000.0,1980000000.0,11.73,-74.8
2.3e-05,1.2e-05,5e-13,3.5e-10,5e-11,0.0536,37100000000.0,1970000000.0,11.73,-74.78
2.3e-05,1.2e-05,5e-13,3.5e-10,1.5e-10,0.0536,37100000000.0,1980000000.0,11.73,-74.79
2.3e-05,1.2e-05,5e-13,3.5e-10,2e-10,0.0536,37100000000.0,1970000000.0,11.73,-74.79
2.3e-05,1.2e-05,5e-13,3.5e-10,2.5e-10,0.0536,37100000000.0,1970000000.0,11.73,-74.66
2.3e-05,1.2e-05,5e-13,4.5e-10,1e-10,0.0536,34000000000.0,1830000000.0,11.91,-73.65
2.3e-05,1.2e-05,5e-13,4.5e-10,5e-11,0.0536,34000000000.0,1830000000.0,11.91,-73.52
2.3e-05,1.2e-05,5e-13,4.5e-10,1.5e-10,0.0536,34000000000.0,1830000000.0,11.91,-73.64
2.3e-05,1.2e-05,5e-13,4.5e-10,2e-10,0.0536,34000000000.0,1830000000.0,11.91,-73.58
2.3e-05,1.2e-05,5e-13,4.5e-10,2.5e-10,0.0536,34000000000.0,1830000000.0,11.91,-73.83
2.3e-05,1.2e-05,5e-13,5e-10,1e-10,0.0536,32900000000.0,1790000000.0,11.96,-73.2
2.3e-05,1.2e-05,5e-13,5e-10,5e-11,0.0536,32900000000.0,1790000000.0,11.97,-73.18
2.3e-05,1.2e-05,5e-13,5e-10,1.5e-10,0.0536,32900000000.0,1780000000.0,11.96,-73.24
2.3e-05,1.2e-05,5e-13,5e-10,2e-10,0.0536,32900000000.0,1780000000.0,11.97,-73.33
2.3e-05,1.2e-05,5e-13,5e-10,2.5e-10,0.0536,32900000000.0,1780000000.0,11.97,-73.29
2.3e-05,1.2e-05,3e-13,4e-10,1e-10,0.0536,35400000000.0,1890000000.0,11.84,-74.27
2.3e-05,1.2e-05,3e-13,4e-10,5e-11,0.0536,35400000000.0,1890000000.0,11.84,-74.23
2.3e-05,1.2e-05,3e-13,4e-10,1.5e-10,0.0536,35400000000.0,1890000000.0,11.84,-74.16
2.3e-05,1.2e-05,3e-13,4e-10,2e-10,0.0536,35400000000.0,1890000000.0,11.84,-74.05
2.3e-05,1.2e-05,3e-13,3e-10,1e-10,0.0536,39300000000.0,2080000000.0,11.56,-75.53
2.3e-05,1.2e-05,3e-13,3e-10,5e-11,0.0536,39300000000.0,2090000000.0,11.56,-75.11
2.3e-05,1.2e-05,3e-13,3e-10,1.5e-10,0.0536,39300000000.0,2090000000.0,11.56,-75.03
2.3e-05,1.2e-05,3e-13,3e-10,2e-10,0.0536,39300000000.0,2100000000.0,11.56,-75.57
2.3e-05,1.2e-05,3e-13,3e-10,2.5e-10,0.0536,39300000000.0,2080000000.0,11.56,-76.39
2.3e-05,1.2e-05,3e-13,3.5e-10,5e-11,0.0536,37100000000.0,1980000000.0,11.73,-74.68
2.3e-05,1.2e-05,3e-13,3.5e-10,1.5e-10,0.0536,37100000000.0,1970000000.0,11.73,-74.6
2.3e-05,1.2e-05,3e-13,3.5e-10,2e-10,0.0536,37100000000.0,1970000000.0,11.73,-74.75
2.3e-05,1.2e-05,3e-13,4.5e-10,1e-10,0.0536,34000000000.0,1830000000.0,11.91,-73.66
2.3e-05,1.2e-05,3e-13,4.5e-10,5e-11,0.0536,34000000000.0,1840000000.0,11.91,-73.58
2.3e-05,1.2e-05,3e-13,4.5e-10,2e-10,0.0536,34000000000.0,1830000000.0,11.91,-73.57
2.3e-05,1.2e-05,3e-13,5e-10,1e-10,0.0536,32900000000.0,1790000000.0,11.96,-73.18
2.3e-05,1.2e-05,3e-13,5e-10,5e-11,0.0536,32900000000.0,1790000000.0,11.96,-73.17
2.3e-05,1.2e-05,3e-13,5e-10,1.5e-10,0.0536,32900000000.0,1790000000.0,11.96,-73.15
2.3e-05,1.2e-05,3e-13,5e-10,2.5e-10,0.0536,32900000000.0,1780000000.0,11.97,-73.32
2.3e-05,1.2e-05,4e-13,4e-10,1e-10,0.0536,35400000000.0,1890000000.0,11.84,-74.14
2.3e-05,1.2e-05,4e-13,4e-10,5e-11,0.0536,35400000000.0,1890000000.0,11.84,-74.1
2.3e-05,1.2e-05,4e-13,4e-10,2e-10,0.0536,35400000000.0,1890000000.0,11.84,-74.06
2.3e-05,1.2e-05,4e-13,3e-10,1e-10,0.0536,39300000000.0,2080000000.0,11.56,-75.49
2.3e-05,1.2e-05,4e-13,3e-10,5e-11,0.0536,39300000000.0,2090000000.0,11.56,-75.53
2.3e-05,1.2e-05,4e-13,3e-10,2.5e-10,0.0536,39300000000.0,2080000000.0,11.56,-75.15
2.3e-05,1.2e-05,4e-13,3.5e-10,2e-10,0.0536,37100000000.0,1970000000.0,11.73,-74.59
2.3e-05,1.2e-05,4e-13,3.5e-10,2.5e-10,0.0536,37100000000.0,1980000000.0,11.73,-74.78
2.3e-05,1.2e-05,4e-13,4.5e-10,1e-10,0.0536,34000000000.0,1830000000.0,11.91,-73.68
2.3e-05,1.2e-05,4e-13,4.5e-10,5e-11,0.0536,34000000000.0,1840000000.0,11.91,-73.57
2.3e-05,1.2e-05,4e-13,4.5e-10,1.5e-10,0.0536,34000000000.0,1830000000.0,11.91,-73.71
2.3e-05,1.2e-05,4e-13,4.5e-10,2e-10,0.0536,34000000000.0,1830000000.0,11.91,-73.59
2.3e-05,1.2e-05,4e-13,4.5e-10,2.5e-10,0.0536,34000000000.0,1830000000.0,11.92,-73.65
2.3e-05,1.2e-05,4e-13,5e-10,2.5e-10,0.0536,32900000000.0,1780000000.0,11.97,-73.27
2.3e-05,1.2e-05,6e-13,4e-10,1.5e-10,0.0536,35400000000.0,1890000000.0,11.84,-75.42
2.3e-05,1.2e-05,6e-13,3e-10,1e-10,0.0536,39300000000.0,2090000000.0,11.56,-75.32
2.3e-05,1.2e-05,6e-13,3e-10,5e-11,0.0536,39300000000.0,2100000000.0,11.56,-75.51
2.3e-05,1.2e-05,6e-13,3e-10,1.5e-10,0.0536,39300000000.0,2080000000.0,11.56,-75.5
2.3e-05,1.2e-05,6e-13,3e-10,2e-10,0.0536,39300000000.0,2080000000.0,11.56,-75.43
2.3e-05,1.2e-05,6e-13,3.5e-10,1e-10,0.0536,37100000000.0,1970000000.0,11.73,-74.73
2.3e-05,1.2e-05,6e-13,3.5e-10,1.5e-10,0.0536,37100000000.0,1970000000.0,11.73,-74.8
2.3e-05,1.2e-05,6e-13,3.5e-10,2e-10,0.0536,37100000000.0,1980000000.0,11.73,-74.71
2.3e-05,1.2e-05,6e-13,3.5e-10,2.5e-10,0.0536,37100000000.0,1970000000.0,11.73,-74.72
2.3e-05,1.2e-05,6e-13,4.5e-10,5e-11,0.0536,34000000000.0,1830000000.0,11.91,-73.63
2.3e-05,1.2e-05,6e-13,4.5e-10,1.5e-10,0.0536,34000000000.0,1830000000.0,11.91,-73.61
2.3e-05,1.2e-05,6e-13,4.5e-10,2.5e-10,0.0536,34000000000.0,1830000000.0,11.91,-73.69
2.3e-05,1.2e-05,6e-13,5e-10,5e-11,0.0536,32900000000.0,1780000000.0,11.97,-73.3
2.3e-05,1.2e-05,6e-13,5e-10,1.5e-10,0.0536,32900000000.0,1780000000.0,11.96,-73.21
2.3e-05,1.2e-05,6e-13,5e-10,2e-10,0.0536,32900000000.0,1780000000.0,11.96,-73.25
2.3e-05,1.2e-05,6e-13,5e-10,2.5e-10,0.0536,32900000000.0,1790000000.0,11.97,-73.21
2.3e-05,1.2e-05,7e-13,4e-10,1e-10,0.0536,35400000000.0,1890000000.0,11.84,-74.11
2.3e-05,1.2e-05,7e-13,4e-10,2.5e-10,0.0536,35400000000.0,1890000000.0,11.84,-74.2
2.3e-05,1.2e-05,7e-13,3e-10,5e-11,0.0536,39300000000.0,2080000000.0,11.56,-76.33
2.3e-05,1.2e-05,7e-13,3e-10,1.5e-10,0.0536,39300000000.0,2090000000.0,11.56,-75.13
2.3e-05,1.2e-05,7e-13,3e-10,2e-10,0.0536,39300000000.0,2090000000.0,11.56,-75.51
2.3e-05,1.2e-05,7e-13,3.5e-10,5e-11,0.0536,37100000000.0,1970000000.0,11.73,-74.96
2.3e-05,1.2e-05,7e-13,3.5e-10,2e-10,0.0536,37100000000.0,1970000000.0,11.73,-74.54
2.3e-05,1.2e-05,7e-13,4.5e-10,2e-10,0.0536,34000000000.0,1830000000.0,11.91,-73.7
2.3e-05,1.2e-05,7e-13,5e-10,1e-10,0.0536,32900000000.0,1790000000.0,11.97,-73.2
2.3e-05,1.3e-05,5e-13,4e-10,1e-10,0.0536,35200000000.0,1930000000.0,11.81,-74.08
2.3e-05,1.3e-05,5e-13,4e-10,5e-11,0.0536,35200000000.0,1930000000.0,11.8,-74.09
2.3e-05,1.3e-05,5e-13,4e-10,1.5e-10,0.0536,35200000000.0,1930000000.0,11.81,-74.1
2.3e-05,1.3e-05,5e-13,4e-10,2e-10,0.0536,35200000000.0,1930000000.0,11.81,-74.02
2.3e-05,1.3e-05,5e-13,4e-10,2.5e-10,0.0536,35200000000.0,1930000000.0,11.8,-74.44
2.3e-05,1.3e-05,5e-13,3e-10,1e-10,0.0536,39000000000.0,2130000000.0,11.52,-75.41
2.3e-05,1.3e-05,5e-13,3e-10,5e-11,0.0536,39000000000.0,2140000000.0,11.52,-75.49
2.3e-05,1.3e-05,5e-13,3e-10,1.5e-10,0.0536,39000000000.0,2130000000.0,11.52,-75.26
2.3e-05,1.3e-05,5e-13,3e-10,2e-10,0.0536,39000000000.0,2130000000.0,11.52,-75.47
2.3e-05,1.3e-05,5e-13,3e-10,2.5e-10,0.0536,39000000000.0,2130000000.0,11.52,-75.97
2.3e-05,1.3e-05,5e-13,3.5e-10,1e-10,0.0536,36900000000.0,2020000000.0,11.69,-74.71
2.3e-05,1.3e-05,5e-13,3.5e-10,5e-11,0.0536,36900000000.0,2020000000.0,11.69,-74.76
2.3e-05,1.3e-05,5e-13,3.5e-10,1.5e-10,0.0536,36900000000.0,2010000000.0,11.7,-74.9
2.3e-05,1.3e-05,5e-13,3.5e-10,2e-10,0.0536,36900000000.0,2010000000.0,11.69,-74.68
2.3e-05,1.3e-05,5e-13,3.5e-10,2.5e-10,0.0536,36900000000.0,2020000000.0,11.69,-74.82
2.3e-05,1.3e-05,5e-13,4.5e-10,1e-10,0.0536,33800000000.0,1870000000.0,11.88,-73.59
2.3e-05,1.3e-05,5e-13,4.5e-10,5e-11,0.0536,33800000000.0,1870000000.0,11.88,-73.62
2.3e-05,1.3e-05,5e-13,4.5e-10,1.5e-10,0.0536,33800000000.0,1860000000.0,11.88,-73.23
2.3e-05,1.3e-05,5e-13,4.5e-10,2e-10,0.0536,33800000000.0,1860000000.0,11.88,-73.69
2.3e-05,1.3e-05,5e-13,5e-10,1e-10,0.0536,32600000000.0,1810000000.0,11.94,-73.33
2.3e-05,1.3e-05,5e-13,5e-10,5e-11,0.0536,32600000000.0,1820000000.0,11.93,-73.23
2.3e-05,1.3e-05,5e-13,5e-10,1.5e-10,0.0536,32600000000.0,1810000000.0,11.94,-73.29
2.3e-05,1.3e-05,5e-13,5e-10,2e-10,0.0536,32600000000.0,1820000000.0,11.94,-73.17
2.3e-05,1.3e-05,5e-13,5e-10,2.5e-10,0.0536,32600000000.0,1820000000.0,11.94,-73.28
2.3e-05,1.3e-05,3e-13,4e-10,1e-10,0.0536,35200000000.0,1930000000.0,11.81,-74.14
2.3e-05,1.3e-05,3e-13,4e-10,5e-11,0.0536,35200000000.0,1930000000.0,11.8,-74.18
2.3e-05,1.3e-05,3e-13,4e-10,1.5e-10,0.0536,35200000000.0,1930000000.0,11.8,-74.16
2.3e-05,1.3e-05,3e-13,4e-10,2e-10,0.0536,35200000000.0,1930000000.0,11.8,-74.04
2.3e-05,1.3e-05,3e-13,4e-10,2.5e-10,0.0536,35200000000.0,1930000000.0,11.81,-74.07
2.3e-05,1.3e-05,3e-13,3e-10,1e-10,0.0536,39000000000.0,2130000000.0,11.52,-75.69
2.3e-05,1.3e-05,3e-13,3e-10,5e-11,0.0536,39000000000.0,2120000000.0,11.52,-75.39
2.3e-05,1.3e-05,3e-13,3e-10,1.5e-10,0.0536,39000000000.0,2130000000.0,11.52,-75.39
2.3e-05,1.3e-05,3e-13,3e-10,2e-10,0.0536,39000000000.0,2120000000.0,11.52,-75.42
2.3e-05,1.3e-05,3e-13,3e-10,2.5e-10,0.0536,39000000000.0,2130000000.0,11.52,-75.45
2.3e-05,1.3e-05,3e-13,3.5e-10,5e-11,0.0536,36900000000.0,2010000000.0,11.7,-74.6
2.3e-05,1.3e-05,3e-13,3.5e-10,1.5e-10,0.0536,36900000000.0,2010000000.0,11.69,-74.74
2.3e-05,1.3e-05,3e-13,3.5e-10,2e-10,0.0536,36900000000.0,2010000000.0,11.7,-74.69
2.3e-05,1.3e-05,3e-13,3.5e-10,2.5e-10,0.0536,36900000000.0,2010000000.0,11.7,-74.66
2.3e-05,1.3e-05,3e-13,4.5e-10,1e-10,0.0536,33800000000.0,1870000000.0,11.88,-73.55
2.3e-05,1.3e-05,3e-13,4.5e-10,5e-11,0.0536,33800000000.0,1860000000.0,11.88,-73.66
2.3e-05,1.3e-05,3e-13,4.5e-10,1.5e-10,0.0536,33800000000.0,1870000000.0,11.88,-73.53
2.3e-05,1.3e-05,3e-13,4.5e-10,2e-10,0.0536,33800000000.0,1870000000.0,11.88,-73.64
2.3e-05,1.3e-05,3e-13,4.5e-10,2.5e-10,0.0536,33800000000.0,1860000000.0,11.88,-72.72
2.3e-05,1.3e-05,3e-13,5e-10,1e-10,0.0536,32600000000.0,1820000000.0,11.94,-73.19
2.3e-05,1.3e-05,3e-13,5e-10,5e-11,0.0536,32600000000.0,1820000000.0,11.94,-73.26
2.3e-05,1.3e-05,3e-13,5e-10,1.5e-10,0.0536,32600000000.0,1820000000.0,11.93,-73.2
2.3e-05,1.3e-05,3e-13,5e-10,2e-10,0.0536,32600000000.0,1830000000.0,11.94,-73.17
2.3e-05,1.3e-05,3e-13,5e-10,2.5e-10,0.0536,32600000000.0,1810000000.0,11.94,-73.21
2.3e-05,1.3e-05,4e-13,4e-10,5e-11,0.0536,35200000000.0,1930000000.0,11.8,-74.02
2.3e-05,1.3e-05,4e-13,4e-10,2e-10,0.0536,35200000000.0,1930000000.0,11.81,-74.03
2.3e-05,1.3e-05,4e-13,4e-10,2.5e-10,0.0536,35200000000.0,1930000000.0,11.8,-74.0
2.3e-05,1.3e-05,4e-13,3e-10,1e-10,0.0536,39000000000.0,2140000000.0,11.52,-75.38
2.3e-05,1.3e-05,4e-13,3e-10,5e-11,0.0536,39000000000.0,2130000000.0,11.52,-75.4
2.3e-05,1.3e-05,4e-13,3e-10,2e-10,0.0536,39000000000.0,2130000000.0,11.52,-75.49
2.3e-05,1.3e-05,4e-13,3.5e-10,1e-10,0.0536,36900000000.0,2010000000.0,11.7,-74.74
2.3e-05,1.3e-05,4e-13,3.5e-10,5e-11,0.0536,36900000000.0,2010000000.0,11.69,-74.64
2.3e-05,1.3e-05,4e-13,3.5e-10,1.5e-10,0.0536,36900000000.0,2020000000.0,11.69,-74.61
2.3e-05,1.3e-05,4e-13,3.5e-10,2e-10,0.0536,36900000000.0,2020000000.0,11.69,-74.52
2.3e-05,1.3e-05,4e-13,4.5e-10,5e-11,0.0536,33800000000.0,1870000000.0,11.88,-73.66
2.3e-05,1.3e-05,4e-13,4.5e-10,1.5e-10,0.0536,33800000000.0,1870000000.0,11.88,-73.56
2.3e-05,1.3e-05,4e-13,4.5e-10,2.5e-10,0.0536,33800000000.0,1870000000.0,11.88,-73.58
2.3e-05,1.3e-05,4e-13,5e-10,1e-10,0.0536,32600000000.0,1820000000.0,11.93,-73.24
2.3e-05,1.3e-05,4e-13,5e-10,5e-11,0.0536,32600000000.0,1820000000.0,11.93,-73.18
2.3e-05,1.3e-05,4e-13,5e-10,1.5e-10,0.0536,32600000000.0,1820000000.0,11.93,-73.12
2.3e-05,1.3e-05,4e-13,5e-10,2e-10,0.0536,32600000000.0,1820000000.0,11.93,-73.26
2.3e-05,1.3e-05,6e-13,4e-10,5e-11,0.0536,35200000000.0,1930000000.0,11.81,-74.01
2.3e-05,1.3e-05,6e-13,4e-10,1.5e-10,0.0536,35200000000.0,1930000000.0,11.8,-74.13
2.3e-05,1.3e-05,6e-13,3e-10,1e-10,0.0536,39000000000.0,2130000000.0,11.52,-75.34
2.3e-05,1.3e-05,6e-13,3e-10,1.5e-10,0.0536,39000000000.0,2130000000.0,11.52,-75.65
2.3e-05,1.3e-05,6e-13,3e-10,2e-10,0.0536,39000000000.0,2130000000.0,11.52,-75.38
2.3e-05,1.3e-05,6e-13,3.5e-10,5e-11,0.0536,36900000000.0,2010000000.0,11.69,-74.67
2.3e-05,1.3e-05,6e-13,3.5e-10,1.5e-10,0.0536,36900000000.0,2010000000.0,11.69,-74.73
2.3e-05,1.3e-05,6e-13,3.5e-10,2e-10,0.0536,36900000000.0,2010000000.0,11.69,-74.59
2.3e-05,1.3e-05,6e-13,3.5e-10,2.5e-10,0.0536,36900000000.0,2010000000.0,11.69,-74.82
2.3e-05,1.3e-05,6e-13,4.5e-10,1e-10,0.0536,33800000000.0,1870000000.0,11.88,-73.57
2.3e-05,1.3e-05,6e-13,4.5e-10,1.5e-10,0.0536,33800000000.0,1860000000.0,11.88,-73.67
2.3e-05,1.3e-05,6e-13,4.5e-10,2e-10,0.0536,33800000000.0,1870000000.0,11.88,-73.47
2.3e-05,1.3e-05,6e-13,4.5e-10,2.5e-10,0.0536,33800000000.0,1870000000.0,11.88,-73.87
2.3e-05,1.3e-05,6e-13,5e-10,5e-11,0.0536,32600000000.0,1820000000.0,11.93,-73.25
2.3e-05,1.3e-05,6e-13,5e-10,2.5e-10,0.0536,32600000000.0,1810000000.0,11.94,-73.28
2.3e-05,1.3e-05,7e-13,4e-10,1.5e-10,0.0536,35200000000.0,1930000000.0,11.81,-74.13
2.3e-05,1.3e-05,7e-13,3e-10,1e-10,0.0536,39000000000.0,2130000000.0,11.52,-75.46
2.3e-05,1.3e-05,7e-13,3.5e-10,1e-10,0.0536,36900000000.0,2010000000.0,11.7,-76.05
2.3e-05,1.3e-05,7e-13,3.5e-10,5e-11,0.0536,36900000000.0,2010000000.0,11.7,-74.63
2.3e-05,1.3e-05,7e-13,3.5e-10,2e-10,0.0536,36900000000.0,2010000000.0,11.7,-74.62
2.3e-05,1.3e-05,7e-13,3.5e-10,2.5e-10,0.0536,36900000000.0,2010000000.0,11.69,-74.62
2.3e-05,1.3e-05,7e-13,4.5e-10,1.5e-10,0.0536,33800000000.0,1870000000.0,11.88,-73.79
2.3e-05,1.3e-05,7e-13,4.5e-10,2.5e-10,0.0536,33800000000.0,1870000000.0,11.88,-73.73
2.3e-05,1.3e-05,7e-13,5e-10,1e-10,0.0536,32600000000.0,1820000000.0,11.94,-73.25
2.3e-05,1.3e-05,7e-13,5e-10,1.5e-10,0.0536,32600000000.0,1810000000.0,11.94,-73.27
2.3e-05,1.3e-05,7e-13,5e-10,2e-10,0.0536,32600000000.0,1830000000.0,11.93,-73.16
2.3e-05,1.4e-05,5e-13,4e-10,1e-10,0.0536,35000000000.0,1950000000.0,11.77,-74.08
2.3e-05,1.4e-05,5e-13,4e-10,5e-11,0.0536,35000000000.0,1960000000.0,11.77,-74.0
2.3e-05,1.4e-05,5e-13,4e-10,1.5e-10,0.0536,35000000000.0,1960000000.0,11.77,-74.08
2.3e-05,1.4e-05,5e-13,4e-10,2e-10,0.0536,35000000000.0,1950000000.0,11.77,-74.0
2.3e-05,1.4e-05,5e-13,3e-10,1e-10,0.0536,38800000000.0,2150000000.0,11.48,-75.4
2.3e-05,1.4e-05,5e-13,3e-10,5e-11,0.0536,38800000000.0,2150000000.0,11.48,-75.38
2.3e-05,1.4e-05,5e-13,3e-10,1.5e-10,0.0536,38800000000.0,2160000000.0,11.48,-75.48
2.3e-05,1.4e-05,5e-13,3e-10,2e-10,0.0536,38800000000.0,2150000000.0,11.48,-75.18
2.3e-05,1.4e-05,5e-13,3.5e-10,1e-10,0.0536,36600000000.0,2040000000.0,11.65,-74.83
2.3e-05,1.4e-05,5e-13,3.5e-10,5e-11,0.0536,36600000000.0,2030000000.0,11.66,-74.66
2.3e-05,1.4e-05,5e-13,3.5e-10,1.5e-10,0.0536,36600000000.0,2040000000.0,11.65,-74.68
2.3e-05,1.4e-05,5e-13,3.5e-10,2e-10,0.0536,36600000000.0,2040000000.0,11.65,-74.67
2.3e-05,1.4e-05,5e-13,4.5e-10,1e-10,0.0536,33600000000.0,1900000000.0,11.84,-73.51
2.3e-05,1.4e-05,5e-13,4.5e-10,5e-11,0.0536,33600000000.0,1890000000.0,11.85,-73.62
2.3e-05,1.4e-05,5e-13,4.5e-10,1.5e-10,0.0536,33600000000.0,1890000000.0,11.85,-73.52
2.3e-05,1.4e-05,5e-13,4.5e-10,2e-10,0.0536,33600000000.0,1890000000.0,11.84,-73.63
2.3e-05,1.4e-05,5e-13,4.5e-10,2.5e-10,0.0536,33600000000.0,1890000000.0,11.85,-73.6
2.3e-05,1.4e-05,5e-13,5e-10,1e-10,0.0536,32400000000.0,1840000000.0,11.9,-73.16
2.3e-05,1.4e-05,5e-13,5e-10,5e-11,0.0536,32400000000.0,1840000000.0,11.9,-73.24
2.3e-05,1.4e-05,5e-13,5e-10,1.5e-10,0.0536,32400000000.0,1840000000.0,11.9,-73.19
2.3e-05,1.4e-05,5e-13,5e-10,2.5e-10,0.0536,32400000000.0,1840000000.0,11.9,-73.21
2.3e-05,1.4e-05,3e-13,4e-10,1e-10,0.0536,35000000000.0,1960000000.0,11.77,-74.06
2.3e-05,1.4e-05,3e-13,4e-10,2e-10,0.0536,35000000000.0,1950000000.0,11.77,-75.35
2.3e-05,1.4e-05,3e-13,4e-10,2.5e-10,0.0536,35000000000.0,1950000000.0,11.77,-74.13
2.3e-05,1.4e-05,3e-13,3e-10,1e-10,0.0536,38800000000.0,2150000000.0,11.48,-75.35
2.3e-05,1.4e-05,3e-13,3e-10,5e-11,0.0536,38800000000.0,2150000000.0,11.48,-75.34
2.3e-05,1.4e-05,3e-13,3e-10,2e-10,0.0536,38800000000.0,2150000000.0,11.48,-75.68
2.3e-05,1.4e-05,3e-13,3.5e-10,1e-10,0.0536,36600000000.0,2040000000.0,11.65,-74.84
2.3e-05,1.4e-05,3e-13,3.5e-10,5e-11,0.0536,36600000000.0,2040000000.0,11.65,-74.62
2.3e-05,1.4e-05,3e-13,3.5e-10,1.5e-10,0.0536,36600000000.0,2030000000.0,11.66,-74.58
2.3e-05,1.4e-05,3e-13,3.5e-10,2e-10,0.0536,36600000000.0,2030000000.0,11.66,-74.59
2.3e-05,1.4e-05,3e-13,3.5e-10,2.5e-10,0.0536,36600000000.0,2030000000.0,11.66,-75.56
2.3e-05,1.4e-05,3e-13,4.5e-10,1e-10,0.0536,33600000000.0,1890000000.0,11.85,-73.59
2.3e-05,1.4e-05,3e-13,4.5e-10,5e-11,0.0536,33600000000.0,1890000000.0,11.84,-73.51
2.3e-05,1.4e-05,3e-13,4.5e-10,1.5e-10,0.0536,33600000000.0,1890000000.0,11.85,-73.77
2.3e-05,1.4e-05,3e-13,4.5e-10,2e-10,0.0536,33600000000.0,1890000000.0,11.85,-73.67
2.3e-05,1.4e-05,3e-13,4.5e-10,2.5e-10,0.0536,33600000000.0,1900000000.0,11.84,-73.52
2.3e-05,1.4e-05,3e-13,5e-10,1e-10,0.0536,32400000000.0,1850000000.0,11.9,-73.16
2.3e-05,1.4e-05,3e-13,5e-10,5e-11,0.0536,32400000000.0,1850000000.0,11.9,-73.13
2.3e-05,1.4e-05,3e-13,5e-10,1.5e-10,0.0536,32400000000.0,1840000000.0,11.9,-73.27
2.3e-05,1.4e-05,3e-13,5e-10,2e-10,0.0536,32400000000.0,1850000000.0,11.9,-73.18
2.3e-05,1.4e-05,4e-13,4e-10,1e-10,0.0536,35000000000.0,1960000000.0,11.77,-74.12
2.3e-05,1.4e-05,4e-13,4e-10,5e-11,0.0536,35000000000.0,1950000000.0,11.77,-74.11
2.3e-05,1.4e-05,4e-13,4e-10,1.5e-10,0.0536,35000000000.0,1950000000.0,11.77,-74.06
2.3e-05,1.4e-05,4e-13,4e-10,2e-10,0.0536,35000000000.0,1950000000.0,11.77,-73.7
2.3e-05,1.4e-05,4e-13,4e-10,2.5e-10,0.0536,35000000000.0,1950000000.0,11.77,-73.98
2.3e-05,1.4e-05,4e-13,3e-10,1e-10,0.0536,38800000000.0,2150000000.0,11.48,-75.24
2.3e-05,1.4e-05,4e-13,3e-10,5e-11,0.0536,38800000000.0,2160000000.0,11.48,-75.41
2.3e-05,1.4e-05,4e-13,3e-10,1.5e-10,0.0536,38800000000.0,2140000000.0,11.48,-75.03
2.3e-05,1.4e-05,4e-13,3e-10,2e-10,0.0536,38800000000.0,2150000000.0,11.48,-75.41
2.3e-05,1.4e-05,4e-13,3e-10,2.5e-10,0.0536,38800000000.0,2160000000.0,11.48,-75.4
2.3e-05,1.4e-05,4e-13,3.5e-10,5e-11,0.0536,36600000000.0,2030000000.0,11.66,-74.43
2.3e-05,1.4e-05,4e-13,3.5e-10,1.5e-10,0.0536,36600000000.0,2040000000.0,11.65,-74.71
2.3e-05,1.4e-05,4e-13,3.5e-10,2.5e-10,0.0536,36600000000.0,2030000000.0,11.66,-74.78
2.3e-05,1.4e-05,4e-13,4.5e-10,5e-11,0.0536,33600000000.0,1890000000.0,11.84,-73.58
2.3e-05,1.4e-05,4e-13,5e-10,1e-10,0.0536,32400000000.0,1850000000.0,11.9,-73.21
2.3e-05,1.4e-05,4e-13,5e-10,5e-11,0.0536,32400000000.0,1850000000.0,11.9,-73.15
2.3e-05,1.4e-05,4e-13,5e-10,1.5e-10,0.0536,32400000000.0,1840000000.0,11.9,-73.26
2.3e-05,1.4e-05,6e-13,4e-10,1.5e-10,0.0536,35000000000.0,1950000000.0,11.77,-74.09
2.3e-05,1.4e-05,6e-13,4e-10,2e-10,0.0536,35000000000.0,1960000000.0,11.77,-74.34
2.3e-05,1.4e-05,6e-13,3e-10,5e-11,0.0536,38800000000.0,2150000000.0,11.48,-75.46
2.3e-05,1.4e-05,6e-13,3e-10,1.5e-10,0.0536,38800000000.0,2150000000.0,11.48,-75.21
2.3e-05,1.4e-05,6e-13,3e-10,2.5e-10,0.0536,38800000000.0,2150000000.0,11.48,-75.5
2.3e-05,1.4e-05,6e-13,3.5e-10,2e-10,0.0536,36600000000.0,2040000000.0,11.65,-74.36
2.3e-05,1.4e-05,6e-13,4.5e-10,1.5e-10,0.0536,33600000000.0,1900000000.0,11.84,-73.63
2.3e-05,1.4e-05,6e-13,4.5e-10,2e-10,0.0536,33600000000.0,1890000000.0,11.84,-73.52
2.3e-05,1.4e-05,6e-13,4.5e-10,2.5e-10,0.0536,33600000000.0,1890000000.0,11.84,-73.53
2.3e-05,1.4e-05,6e-13,5e-10,1.5e-10,0.0536,32400000000.0,1840000000.0,11.9,-73.25
2.3e-05,1.4e-05,6e-13,5e-10,2e-10,0.0536,32400000000.0,1840000000.0,11.9,-72.36
2.3e-05,1.4e-05,7e-13,4e-10,5e-11,0.0536,35000000000.0,1950000000.0,11.77,-75.06
2.3e-05,1.4e-05,7e-13,4e-10,2e-10,0.0536,35000000000.0,1960000000.0,11.77,-73.98
2.3e-05,1.4e-05,7e-13,4e-10,2.5e-10,0.0536,35000000000.0,1950000000.0,11.77,-73.99
2.3e-05,1.4e-05,7e-13,3e-10,5e-11,0.0536,38800000000.0,2150000000.0,11.48,-75.31
2.3e-05,1.4e-05,7e-13,3e-10,2e-10,0.0536,38800000000.0,2150000000.0,11.48,-75.3
2.3e-05,1.4e-05,7e-13,3.5e-10,1.5e-10,0.0536,36600000000.0,2030000000.0,11.66,-74.55
2.3e-05,1.4e-05,7e-13,4.5e-10,1e-10,0.0536,33600000000.0,1890000000.0,11.84,-73.59
2.3e-05,1.4e-05,7e-13,5e-10,1.5e-10,0.0536,32400000000.0,1840000000.0,11.9,-73.29
2.3e-05,1.4e-05,7e-13,5e-10,2e-10,0.0536,32400000000.0,1840000000.0,11.9,-73.23
2.3e-05,1.5e-05,5e-13,4e-10,1e-10,0.0536,34800000000.0,1970000000.0,11.73,-74.02
2.3e-05,1.5e-05,5e-13,4e-10,5e-11,0.0536,34800000000.0,1960000000.0,11.73,-73.97
2.3e-05,1.5e-05,5e-13,4e-10,1.5e-10,0.0536,34800000000.0,1970000000.0,11.73,-74.23
2.3e-05,1.5e-05,5e-13,4e-10,2e-10,0.0536,34800000000.0,1960000000.0,11.73,-73.96
2.3e-05,1.5e-05,5e-13,4e-10,2.5e-10,0.0536,34800000000.0,1960000000.0,11.73,-73.93
2.3e-05,1.5e-05,5e-13,3e-10,1e-10,0.0536,38600000000.0,2160000000.0,11.43,-75.6
2.3e-05,1.5e-05,5e-13,3e-10,5e-11,0.0536,38600000000.0,2160000000.0,11.43,-74.68
2.3e-05,1.5e-05,5e-13,3e-10,1.5e-10,0.0536,38600000000.0,2160000000.0,11.43,-75.32
2.3e-05,1.5e-05,5e-13,3e-10,2e-10,0.0536,38600000000.0,2160000000.0,11.43,-75.24
2.3e-05,1.5e-05,5e-13,3e-10,2.5e-10,0.0536,38600000000.0,2170000000.0,11.43,-75.85
2.3e-05,1.5e-05,5e-13,3.5e-10,1e-10,0.0536,36500000000.0,2040000000.0,11.61,-74.5
2.3e-05,1.5e-05,5e-13,3.5e-10,5e-11,0.0536,36500000000.0,2040000000.0,11.61,-74.63
2.3e-05,1.5e-05,5e-13,3.5e-10,1.5e-10,0.0536,36400000000.0,2050000000.0,11.61,-74.62
2.3e-05,1.5e-05,5e-13,3.5e-10,2e-10,0.0536,36400000000.0,2040000000.0,11.61,-74.5
2.3e-05,1.5e-05,5e-13,3.5e-10,2.5e-10,0.0536,36400000000.0,2040000000.0,11.61,-74.62
2.3e-05,1.5e-05,5e-13,4.5e-10,1e-10,0.0536,33400000000.0,1910000000.0,11.81,-73.51
2.3e-05,1.5e-05,5e-13,4.5e-10,5e-11,0.0536,33400000000.0,1900000000.0,11.81,-73.63
2.3e-05,1.5e-05,5e-13,4.5e-10,1.5e-10,0.0536,33400000000.0,1900000000.0,11.81,-73.49
2.3e-05,1.5e-05,5e-13,4.5e-10,2e-10,0.0536,33400000000.0,1900000000.0,11.81,-73.48
2.3e-05,1.5e-05,5e-13,4.5e-10,2.5e-10,0.0536,33400000000.0,1910000000.0,11.81,-73.64
2.3e-05,1.5e-05,5e-13,5e-10,1e-10,0.0536,32300000000.0,1850000000.0,11.87,-73.25
2.3e-05,1.5e-05,5e-13,5e-10,5e-11,0.0536,32300000000.0,1860000000.0,11.86,-73.18
2.3e-05,1.5e-05,5e-13,5e-10,1.5e-10,0.0536,32300000000.0,1860000000.0,11.86,-73.1
2.3e-05,1.5e-05,5e-13,5e-10,2e-10,0.0536,32300000000.0,1850000000.0,11.87,-73.16
2.3e-05,1.5e-05,5e-13,5e-10,2.5e-10,0.0536,32300000000.0,1860000000.0,11.87,-73.1
2.3e-05,1.5e-05,3e-13,4e-10,1e-10,0.0536,34800000000.0,1970000000.0,11.72,-74.04
2.3e-05,1.5e-05,3e-13,4e-10,5e-11,0.0536,34800000000.0,1960000000.0,11.73,-74.05
2.3e-05,1.5e-05,3e-13,4e-10,1.5e-10,0.0536,34800000000.0,1970000000.0,11.73,-73.91
2.3e-05,1.5e-05,3e-13,4e-10,2e-10,0.0536,34800000000.0,1960000000.0,11.73,-73.94
2.3e-05,1.5e-05,3e-13,4e-10,2.5e-10,0.0536,34800000000.0,1960000000.0,11.73,-73.95
2.3e-05,1.5e-05,3e-13,3e-10,1e-10,0.0536,38600000000.0,2160000000.0,11.43,-75.28
2.3e-05,1.5e-05,3e-13,3e-10,5e-11,0.0536,38600000000.0,2170000000.0,11.43,-75.9
2.3e-05,1.5e-05,3e-13,3e-10,1.5e-10,0.0536,38600000000.0,2160000000.0,11.43,-75.62
2.3e-05,1.5e-05,3e-13,3e-10,2e-10,0.0536,38600000000.0,2160000000.0,11.43,-75.23
2.3e-05,1.5e-05,3e-13,3e-10,2.5e-10,0.0536,38600000000.0,2160000000.0,11.43,-75.26
2.3e-05,1.5e-05,3e-13,3.5e-10,1e-10,0.0536,36500000000.0,2050000000.0,11.61,-74.86
2.3e-05,1.5e-05,3e-13,3.5e-10,5e-11,0.0536,36500000000.0,2040000000.0,11.61,-74.54
2.3e-05,1.5e-05,3e-13,3.5e-10,2e-10,0.0536,36500000000.0,2040000000.0,11.61,-74.52
2.3e-05,1.5e-05,3e-13,4.5e-10,1e-10,0.0536,33400000000.0,1900000000.0,11.81,-73.62
2.3e-05,1.5e-05,3e-13,4.5e-10,5e-11,0.0536,33400000000.0,1900000000.0,11.81,-73.57
2.3e-05,1.5e-05,3e-13,4.5e-10,1.5e-10,0.0536,33400000000.0,1900000000.0,11.81,-73.47
2.3e-05,1.5e-05,3e-13,4.5e-10,2e-10,0.0536,33400000000.0,1900000000.0,11.81,-73.7
2.3e-05,1.5e-05,3e-13,4.5e-10,2.5e-10,0.0536,33400000000.0,1900000000.0,11.81,-73.6
2.3e-05,1.5e-05,3e-13,5e-10,5e-11,0.0536,32300000000.0,1850000000.0,11.87,-73.14
2.3e-05,1.5e-05,3e-13,5e-10,1.5e-10,0.0536,32300000000.0,1850000000.0,11.87,-73.23
2.3e-05,1.5e-05,3e-13,5e-10,2e-10,0.0536,32300000000.0,1850000000.0,11.87,-73.24
2.3e-05,1.5e-05,3e-13,5e-10,2.5e-10,0.0536,32300000000.0,1850000000.0,11.86,-73.21
2.3e-05,1.5e-05,4e-13,4e-10,1e-10,0.0536,34800000000.0,1960000000.0,11.73,-73.98
2.3e-05,1.5e-05,4e-13,4e-10,5e-11,0.0536,34800000000.0,1960000000.0,11.73,-74.44
2.3e-05,1.5e-05,4e-13,4e-10,2e-10,0.0536,34800000000.0,1960000000.0,11.73,-74.0
2.3e-05,1.5e-05,4e-13,3e-10,1e-10,0.0536,38600000000.0,2160000000.0,11.43,-75.47
2.3e-05,1.5e-05,4e-13,3e-10,5e-11,0.0536,38600000000.0,2170000000.0,11.43,-75.24
2.3e-05,1.5e-05,4e-13,3e-10,2e-10,0.0536,38600000000.0,2170000000.0,11.43,-75.33
2.3e-05,1.5e-05,4e-13,3e-10,2.5e-10,0.0536,38600000000.0,2180000000.0,11.43,-75.31
2.3e-05,1.5e-05,4e-13,3.5e-10,1e-10,0.0536,36500000000.0,2050000000.0,11.61,-74.62
2.3e-05,1.5e-05,4e-13,3.5e-10,5e-11,0.0536,36500000000.0,2050000000.0,11.61,-74.5
2.3e-05,1.5e-05,4e-13,3.5e-10,1.5e-10,0.0536,36500000000.0,2040000000.0,11.61,-75.3
2.3e-05,1.5e-05,4e-13,3.5e-10,2e-10,0.0536,36500000000.0,2040000000.0,11.61,-75.46
2.3e-05,1.5e-05,4e-13,4.5e-10,1e-10,0.0536,33400000000.0,1900000000.0,11.81,-73.97
2.3e-05,1.5e-05,4e-13,4.5e-10,1.5e-10,0.0536,33400000000.0,1900000000.0,11.81,-73.59
2.3e-05,1.5e-05,4e-13,5e-10,1e-10,0.0536,32300000000.0,1860000000.0,11.86,-73.16
2.3e-05,1.5e-05,4e-13,5e-10,5e-11,0.0536,32300000000.0,1860000000.0,11.86,-73.12
2.3e-05,1.5e-05,4e-13,5e-10,1.5e-10,0.0536,32300000000.0,1860000000.0,11.86,-73.08
2.3e-05,1.5e-05,4e-13,5e-10,2e-10,0.0536,32300000000.0,1850000000.0,11.87,-73.2
2.3e-05,1.5e-05,6e-13,4e-10,5e-11,0.0536,34800000000.0,1960000000.0,11.73,-73.92
2.3e-05,1.5e-05,6e-13,3e-10,5e-11,0.0536,38600000000.0,2160000000.0,11.43,-75.25
2.3e-05,1.5e-05,6e-13,3e-10,1.5e-10,0.0536,38600000000.0,2160000000.0,11.43,-75.22
2.3e-05,1.5e-05,6e-13,3e-10,2e-10,0.0536,38600000000.0,2150000000.0,11.43,-75.09
2.3e-05,1.5e-05,6e-13,3e-10,2.5e-10,0.0536,38600000000.0,2160000000.0,11.43,-75.18
2.3e-05,1.5e-05,6e-13,3.5e-10,1e-10,0.0536,36400000000.0,2050000000.0,11.61,-74.67
2.3e-05,1.5e-05,6e-13,3.5e-10,5e-11,0.0536,36400000000.0,2040000000.0,11.61,-74.63
2.3e-05,1.5e-05,6e-13,3.5e-10,1.5e-10,0.0536,36400000000.0,2050000000.0,11.61,-74.59
2.3e-05,1.5e-05,6e-13,3.5e-10,2e-10,0.0536,36400000000.0,2040000000.0,11.61,-74.47
2.3e-05,1.5e-05,6e-13,4.5e-10,1e-10,0.0536,33400000000.0,1900000000.0,11.81,-73.5
2.3e-05,1.5e-05,6e-13,4.5e-10,5e-11,0.0536,33400000000.0,1900000000.0,11.81,-73.61
2.3e-05,1.5e-05,6e-13,4.5e-10,1.5e-10,0.0536,33400000000.0,1900000000.0,11.81,-73.53
2.3e-05,1.5e-05,6e-13,5e-10,5e-11,0.0536,32300000000.0,1850000000.0,11.86,-73.2
2.3e-05,1.5e-05,6e-13,5e-10,1.5e-10,0.0536,32300000000.0,1860000000.0,11.87,-73.11
2.3e-05,1.5e-05,6e-13,5e-10,2e-10,0.0536,32300000000.0,1850000000.0,11.87,-73.17
2.3e-05,1.5e-05,7e-13,4e-10,5e-11,0.0536,34800000000.0,1960000000.0,11.73,-74.07
2.3e-05,1.5e-05,7e-13,4e-10,1.5e-10,0.0536,34800000000.0,1970000000.0,11.73,-74.22
2.3e-05,1.5e-05,7e-13,4e-10,2e-10,0.0536,34800000000.0,1970000000.0,11.73,-74.01
2.3e-05,1.5e-05,7e-13,4e-10,2.5e-10,0.0536,34800000000.0,1960000000.0,11.73,-74.01
2.3e-05,1.5e-05,7e-13,3e-10,1e-10,0.0536,38600000000.0,2160000000.0,11.43,-75.4
2.3e-05,1.5e-05,7e-13,3e-10,5e-11,0.0536,38600000000.0,2160000000.0,11.43,-75.53
2.3e-05,1.5e-05,7e-13,3e-10,2e-10,0.0536,38600000000.0,2170000000.0,11.43,-75.3
2.3e-05,1.5e-05,7e-13,3.5e-10,1e-10,0.0536,36400000000.0,2040000000.0,11.61,-74.38
2.3e-05,1.5e-05,7e-13,3.5e-10,5e-11,0.0536,36400000000.0,2050000000.0,11.61,-74.57
2.3e-05,1.5e-05,7e-13,3.5e-10,2.5e-10,0.0536,36400000000.0,2040000000.0,11.61,-74.75
2.3e-05,1.5e-05,7e-13,4.5e-10,5e-11,0.0536,33400000000.0,1900000000.0,11.81,-73.55
2.3e-05,1.5e-05,7e-13,4.5e-10,2e-10,0.0536,33400000000.0,1910000000.0,11.81,-73.52
2.3e-05,1.5e-05,7e-13,5e-10,1e-10,0.0536,32300000000.0,1860000000.0,11.86,-73.17
2.3e-05,1.5e-05,7e-13,5e-10,5e-11,0.0536,32300000000.0,1860000000.0,11.86,-73.11
2.3e-05,1.5e-05,7e-13,5e-10,2.5e-10,0.0536,32300000000.0,1850000000.0,11.87,-73.11
2.3e-05,1.6e-05,5e-13,4e-10,1e-10,0.0536,34600000000.0,1960000000.0,11.68,-74.01
2.3e-05,1.6e-05,5e-13,4e-10,5e-11,0.0536,34600000000.0,1960000000.0,11.68,-74.0
2.3e-05,1.6e-05,5e-13,4e-10,2e-10,0.0536,34600000000.0,1960000000.0,11.68,-73.87
2.3e-05,1.6e-05,5e-13,4e-10,2.5e-10,0.0536,34600000000.0,1960000000.0,11.68,-74.05
2.3e-05,1.6e-05,5e-13,3e-10,1e-10,0.0536,38400000000.0,2150000000.0,11.38,-75.05
2.3e-05,1.6e-05,5e-13,3e-10,5e-11,0.0536,38400000000.0,2150000000.0,11.38,-75.17
2.3e-05,1.6e-05,5e-13,3e-10,1.5e-10,0.0536,38400000000.0,2160000000.0,11.38,-75.31
2.3e-05,1.6e-05,5e-13,3e-10,2e-10,0.0536,38400000000.0,2150000000.0,11.38,-75.67
2.3e-05,1.6e-05,5e-13,3.5e-10,1e-10,0.0536,36300000000.0,2040000000.0,11.56,-74.47
2.3e-05,1.6e-05,5e-13,3.5e-10,5e-11,0.0536,36300000000.0,2030000000.0,11.57,-74.5
2.3e-05,1.6e-05,5e-13,3.5e-10,1.5e-10,0.0536,36300000000.0,2040000000.0,11.56,-74.54
2.3e-05,1.6e-05,5e-13,3.5e-10,2e-10,0.0536,36300000000.0,2030000000.0,11.57,-74.43
2.3e-05,1.6e-05,5e-13,3.5e-10,2.5e-10,0.0536,36300000000.0,2030000000.0,11.57,-75.41
2.3e-05,1.6e-05,5e-13,4.5e-10,1e-10,0.0536,33200000000.0,1900000000.0,11.77,-73.43
2.3e-05,1.6e-05,5e-13,4.5e-10,5e-11,0.0536,33200000000.0,1900000000.0,11.76,-73.45
2.3e-05,1.6e-05,5e-13,4.5e-10,1.5e-10,0.0536,33200000000.0,1900000000.0,11.76,-73.49
2.3e-05,1.6e-05,5e-13,4.5e-10,2.5e-10,0.0536,33200000000.0,1900000000.0,11.77,-73.41
2.3e-05,1.6e-05,5e-13,5e-10,1e-10,0.0536,32100000000.0,1850000000.0,11.83,-73.09
2.3e-05,1.6e-05,5e-13,5e-10,5e-11,0.0536,32100000000.0,1860000000.0,11.82,-73.13
2.3e-05,1.6e-05,5e-13,5e-10,1.5e-10,0.0536,32100000000.0,1850000000.0,11.83,-73.2
2.3e-05,1.6e-05,5e-13,5e-10,2e-10,0.0536,32100000000.0,1850000000.0,11.82,-73.28
2.3e-05,1.6e-05,5e-13,5e-10,2.5e-10,0.0536,32100000000.0,1850000000.0,11.83,-73.06
2.3e-05,1.6e-05,3e-13,4e-10,1e-10,0.0536,34600000000.0,1960000000.0,11.68,-73.95
2.3e-05,1.6e-05,3e-13,4e-10,1.5e-10,0.0536,34600000000.0,1960000000.0,11.68,-73.94
2.3e-05,1.6e-05,3e-13,4e-10,2e-10,0.0536,34600000000.0,1950000000.0,11.68,-73.92
2.3e-05,1.6e-05,3e-13,3e-10,1e-10,0.0536,38400000000.0,2160000000.0,11.38,-75.22
2.3e-05,1.6e-05,3e-13,3e-10,5e-11,0.0536,38400000000.0,2170000000.0,11.38,-75.36
2.3e-05,1.6e-05,3e-13,3e-10,1.5e-10,0.0536,38400000000.0,2150000000.0,11.38,-75.22
2.3e-05,1.6e-05,3e-13,3e-10,2e-10,0.0536,38400000000.0,2150000000.0,11.38,-73.78
2.3e-05,1.6e-05,3e-13,3e-10,2.5e-10,0.0536,38400000000.0,2150000000.0,11.38,-75.11
2.3e-05,1.6e-05,3e-13,3.5e-10,1e-10,0.0536,36300000000.0,2030000000.0,11.57,-74.4
2.3e-05,1.6e-05,3e-13,3.5e-10,5e-11,0.0536,36300000000.0,2030000000.0,11.56,-74.51
2.3e-05,1.6e-05,3e-13,3.5e-10,2e-10,0.0536,36300000000.0,2040000000.0,11.56,-74.36
2.3e-05,1.6e-05,3e-13,3.5e-10,2.5e-10,0.0536,36300000000.0,2050000000.0,11.56,-74.45
2.3e-05,1.6e-05,3e-13,4.5e-10,5e-11,0.0536,33200000000.0,1900000000.0,11.76,-73.36
2.3e-05,1.6e-05,3e-13,4.5e-10,1.5e-10,0.0536,33200000000.0,1900000000.0,11.76,-73.52
2.3e-05,1.6e-05,3e-13,4.5e-10,2.5e-10,0.0536,33200000000.0,1900000000.0,11.77,-73.56
2.3e-05,1.6e-05,3e-13,5e-10,1e-10,0.0536,32100000000.0,1860000000.0,11.82,-73.1
2.3e-05,1.6e-05,3e-13,5e-10,1.5e-10,0.0536,32100000000.0,1850000000.0,11.83,-73.21
2.3e-05,1.6e-05,3e-13,5e-10,2.5e-10,0.0536,32100000000.0,1850000000.0,11.83,-73.07
2.3e-05,1.6e-05,4e-13,4e-10,1e-10,0.0536,34600000000.0,1960000000.0,11.68,-73.93
2.3e-05,1.6e-05,4e-13,4e-10,1.5e-10,0.0536,34600000000.0,1960000000.0,11.68,-73.97
2.3e-05,1.6e-05,4e-13,4e-10,2e-10,0.0536,34600000000.0,1960000000.0,11.68,-73.86
2.3e-05,1.6e-05,4e-13,3e-10,1e-10,0.0536,38400000000.0,2160000000.0,11.38,-75.14
2.3e-05,1.6e-05,4e-13,3e-10,5e-11,0.0536,38400000000.0,2150000000.0,11.38,-73.9
2.3e-05,1.6e-05,4e-13,3e-10,1.5e-10,0.0536,38400000000.0,2150000000.0,11.38,-75.5
2.3e-05,1.6e-05,4e-13,3.5e-10,1e-10,0.0536,36300000000.0,2040000000.0,11.57,-74.41
2.3e-05,1.6e-05,4e-13,3.5e-10,5e-11,0.0536,36300000000.0,2050000000.0,11.56,-74.3
2.3e-05,1.6e-05,4e-13,3.5e-10,1.5e-10,0.0536,36300000000.0,2050000000.0,11.56,-74.4
2.3e-05,1.6e-05,4e-13,3.5e-10,2e-10,0.0536,36300000000.0,2050000000.0,11.56,-74.5
2.3e-05,1.6e-05,4e-13,4.5e-10,1e-10,0.0536,33200000000.0,1900000000.0,11.76,-73.44
2.3e-05,1.6e-05,4e-13,4.5e-10,1.5e-10,0.0536,33200000000.0,1900000000.0,11.77,-73.55
2.3e-05,1.6e-05,4e-13,4.5e-10,2e-10,0.0536,33200000000.0,1900000000.0,11.77,-73.57
2.3e-05,1.6e-05,4e-13,4.5e-10,2.5e-10,0.0536,33200000000.0,1890000000.0,11.77,-73.55
2.3e-05,1.6e-05,4e-13,5e-10,1e-10,0.0536,32100000000.0,1860000000.0,11.82,-73.14
2.3e-05,1.6e-05,4e-13,5e-10,5e-11,0.0536,32100000000.0,1840000000.0,11.83,-73.2
2.3e-05,1.6e-05,4e-13,5e-10,1.5e-10,0.0536,32100000000.0,1850000000.0,11.83,-73.19
2.3e-05,1.6e-05,4e-13,5e-10,2e-10,0.0536,32100000000.0,1860000000.0,11.82,-73.16
2.3e-05,1.6e-05,4e-13,5e-10,2.5e-10,0.0536,32100000000.0,1850000000.0,11.83,-73.08
2.3e-05,1.6e-05,6e-13,4e-10,1e-10,0.0536,34600000000.0,1950000000.0,11.68,-73.84
2.3e-05,1.6e-05,6e-13,4e-10,1.5e-10,0.0536,34600000000.0,1960000000.0,11.68,-73.98
2.3e-05,1.6e-05,6e-13,3e-10,1.5e-10,0.0536,38400000000.0,2150000000.0,11.38,-75.14
2.3e-05,1.6e-05,6e-13,3e-10,2e-10,0.0536,38400000000.0,2150000000.0,11.38,-75.2
2.3e-05,1.6e-05,6e-13,3.5e-10,1e-10,0.0536,36300000000.0,2040000000.0,11.56,-74.75
2.3e-05,1.6e-05,6e-13,3.5e-10,5e-11,0.0536,36300000000.0,2040000000.0,11.57,-74.3
2.3e-05,1.6e-05,6e-13,3.5e-10,1.5e-10,0.0536,36300000000.0,2030000000.0,11.57,-74.33
2.3e-05,1.6e-05,6e-13,3.5e-10,2.5e-10,0.0536,36300000000.0,2030000000.0,11.57,-74.28
2.3e-05,1.6e-05,6e-13,4.5e-10,1e-10,0.0536,33200000000.0,1900000000.0,11.77,-73.42
2.3e-05,1.6e-05,6e-13,4.5e-10,5e-11,0.0536,33200000000.0,1890000000.0,11.77,-73.46
2.3e-05,1.6e-05,6e-13,4.5e-10,1.5e-10,0.0536,33200000000.0,1890000000.0,11.77,-73.61
2.3e-05,1.6e-05,6e-13,4.5e-10,2e-10,0.0536,33200000000.0,1890000000.0,11.77,-73.49
2.3e-05,1.6e-05,6e-13,5e-10,1e-10,0.0536,32100000000.0,1850000000.0,11.82,-73.16
2.3e-05,1.6e-05,6e-13,5e-10,5e-11,0.0536,32100000000.0,1850000000.0,11.83,-73.15
2.3e-05,1.6e-05,6e-13,5e-10,2.5e-10,0.0536,32100000000.0,1850000000.0,11.83,-73.17
2.3e-05,1.6e-05,7e-13,4e-10,1.5e-10,0.0536,34600000000.0,1960000000.0,11.68,-73.99
2.3e-05,1.6e-05,7e-13,3e-10,1.5e-10,0.0536,38400000000.0,2150000000.0,11.38,-73.86
2.3e-05,1.6e-05,7e-13,3.5e-10,1e-10,0.0536,36300000000.0,2030000000.0,11.57,-74.68
2.3e-05,1.6e-05,7e-13,3.5e-10,5e-11,0.0536,36300000000.0,2050000000.0,11.56,-74.51
2.3e-05,1.6e-05,7e-13,3.5e-10,1.5e-10,0.0536,36300000000.0,2030000000.0,11.57,-74.41
2.3e-05,1.6e-05,7e-13,3.5e-10,2.5e-10,0.0536,36300000000.0,2030000000.0,11.57,-74.45
2.3e-05,1.6e-05,7e-13,4.5e-10,1e-10,0.0536,33200000000.0,1890000000.0,11.77,-73.51
2.3e-05,1.6e-05,7e-13,4.5e-10,5e-11,0.0536,33200000000.0,1900000000.0,11.76,-73.5
2.3e-05,1.6e-05,7e-13,4.5e-10,1.5e-10,0.0536,33200000000.0,1900000000.0,11.77,-73.45
2.3e-05,1.6e-05,7e-13,5e-10,1e-10,0.0536,32100000000.0,1850000000.0,11.83,-73.23
2.3e-05,1.6e-05,7e-13,5e-10,1.5e-10,0.0536,32100000000.0,1850000000.0,11.83,-73.22
2.3e-05,1.7e-05,5e-13,4e-10,1e-10,0.0536,34500000000.0,1950000000.0,11.63,-73.82
2.3e-05,1.7e-05,5e-13,4e-10,5e-11,0.0536,34500000000.0,1930000000.0,11.64,-73.66
2.3e-05,1.7e-05,5e-13,4e-10,1.5e-10,0.0536,34500000000.0,1940000000.0,11.64,-73.83
2.3e-05,1.7e-05,5e-13,4e-10,2e-10,0.0536,34500000000.0,1940000000.0,11.64,-73.82
2.3e-05,1.7e-05,5e-13,4e-10,2.5e-10,0.0536,34500000000.0,1940000000.0,11.64,-73.65
2.3e-05,1.7e-05,5e-13,3e-10,1e-10,0.0536,38300000000.0,2130000000.0,11.32,-75.02
2.3e-05,1.7e-05,5e-13,3e-10,5e-11,0.0536,38300000000.0,2120000000.0,11.32,-74.71
2.3e-05,1.7e-05,5e-13,3e-10,1.5e-10,0.0536,38300000000.0,2140000000.0,11.32,-75.16
2.3e-05,1.7e-05,5e-13,3e-10,2e-10,0.0536,38300000000.0,2130000000.0,11.33,-75.07
2.3e-05,1.7e-05,5e-13,3e-10,2.5e-10,0.0536,38300000000.0,2130000000.0,11.33,-75.03
2.3e-05,1.7e-05,5e-13,3.5e-10,1e-10,0.0536,36100000000.0,2010000000.0,11.51,-74.34
2.3e-05,1.7e-05,5e-13,3.5e-10,5e-11,0.0536,36100000000.0,2020000000.0,11.51,-74.35
2.3e-05,1.7e-05,5e-13,3.5e-10,1.5e-10,0.0536,36100000000.0,2010000000.0,11.51,-74.29
2.3e-05,1.7e-05,5e-13,3.5e-10,2e-10,0.0536,36100000000.0,2020000000.0,11.51,-74.36
2.3e-05,1.7e-05,5e-13,3.5e-10,2.5e-10,0.0536,36100000000.0,2020000000.0,11.51,-74.39
2.3e-05,1.7e-05,5e-13,4.5e-10,1e-10,0.0536,33100000000.0,1880000000.0,11.72,-73.51
2.3e-05,1.7e-05,5e-13,4.5e-10,5e-11,0.0536,33100000000.0,1880000000.0,11.72,-73.44
2.3e-05,1.7e-05,5e-13,4.5e-10,1.5e-10,0.0536,33100000000.0,1890000000.0,11.72,-73.41
2.3e-05,1.7e-05,5e-13,4.5e-10,2e-10,0.0536,33100000000.0,1890000000.0,11.72,-73.46
2.3e-05,1.7e-05,5e-13,4.5e-10,2.5e-10,0.0536,33100000000.0,1880000000.0,11.72,-73.35
2.3e-05,1.7e-05,5e-13,5e-10,1e-10,0.0536,32000000000.0,1830000000.0,11.79,-73.09
2.3e-05,1.7e-05,5e-13,5e-10,5e-11,0.0536,32000000000.0,1830000000.0,11.79,-73.16
2.3e-05,1.7e-05,5e-13,5e-10,2e-10,0.0536,32000000000.0,1840000000.0,11.78,-72.95
2.3e-05,1.7e-05,5e-13,5e-10,2.5e-10,0.0536,32000000000.0,1850000000.0,11.78,-73.02
2.3e-05,1.7e-05,3e-13,4e-10,1e-10,0.0536,34500000000.0,1940000000.0,11.64,-73.8
2.3e-05,1.7e-05,3e-13,4e-10,5e-11,0.0536,34500000000.0,1940000000.0,11.64,-73.91
2.3e-05,1.7e-05,3e-13,4e-10,1.5e-10,0.0536,34500000000.0,1940000000.0,11.64,-73.77
2.3e-05,1.7e-05,3e-13,4e-10,2e-10,0.0536,34500000000.0,1930000000.0,11.64,-73.83
2.3e-05,1.7e-05,3e-13,4e-10,2.5e-10,0.0536,34500000000.0,1940000000.0,11.64,-73.79
2.3e-05,1.7e-05,3e-13,3e-10,1e-10,0.0536,38300000000.0,2130000000.0,11.32,-74.78
2.3e-05,1.7e-05,3e-13,3e-10,5e-11,0.0536,38300000000.0,2120000000.0,11.33,-75.04
2.3e-05,1.7e-05,3e-13,3e-10,1.5e-10,0.0536,38300000000.0,2120000000.0,11.32,-75.07
2.3e-05,1.7e-05,3e-13,3e-10,2e-10,0.0536,38300000000.0,2140000000.0,11.32,-75.08
2.3e-05,1.7e-05,3e-13,3e-10,2.5e-10,0.0536,38300000000.0,2120000000.0,11.33,-75.05
2.3e-05,1.7e-05,3e-13,3.5e-10,1e-10,0.0536,36100000000.0,2030000000.0,11.51,-74.44
2.3e-05,1.7e-05,3e-13,3.5e-10,5e-11,0.0536,36100000000.0,2010000000.0,11.51,-74.49
2.3e-05,1.7e-05,3e-13,3.5e-10,1.5e-10,0.0536,36100000000.0,2020000000.0,11.51,-74.5
2.3e-05,1.7e-05,3e-13,3.5e-10,2e-10,0.0536,36100000000.0,2010000000.0,11.51,-74.89
2.3e-05,1.7e-05,3e-13,3.5e-10,2.5e-10,0.0536,36100000000.0,2020000000.0,11.51,-75.05
2.3e-05,1.7e-05,3e-13,4.5e-10,1e-10,0.0536,33100000000.0,1890000000.0,11.72,-73.31
2.3e-05,1.7e-05,3e-13,4.5e-10,5e-11,0.0536,33100000000.0,1880000000.0,11.72,-73.5
2.3e-05,1.7e-05,3e-13,4.5e-10,1.5e-10,0.0536,33100000000.0,1890000000.0,11.72,-73.48
2.3e-05,1.7e-05,3e-13,4.5e-10,2e-10,0.0536,33100000000.0,1890000000.0,11.72,-73.44
2.3e-05,1.7e-05,3e-13,4.5e-10,2.5e-10,0.0536,33100000000.0,1880000000.0,11.72,-73.3
2.3e-05,1.7e-05,3e-13,5e-10,1e-10,0.0536,32000000000.0,1840000000.0,11.78,-73.07
2.3e-05,1.7e-05,3e-13,5e-10,5e-11,0.0536,32000000000.0,1830000000.0,11.79,-73.3
2.3e-05,1.7e-05,3e-13,5e-10,1.5e-10,0.0536,32000000000.0,1850000000.0,11.78,-73.06
2.3e-05,1.7e-05,3e-13,5e-10,2e-10,0.0536,32000000000.0,1830000000.0,11.79,-73.12
2.3e-05,1.7e-05,4e-13,4e-10,5e-11,0.0536,34500000000.0,1930000000.0,11.64,-73.96
2.3e-05,1.7e-05,4e-13,4e-10,1.5e-10,0.0536,34500000000.0,1950000000.0,11.63,-73.9
2.3e-05,1.7e-05,4e-13,4e-10,2e-10,0.0536,34500000000.0,1950000000.0,11.64,-73.85
2.3e-05,1.7e-05,4e-13,4e-10,2.5e-10,0.0536,34500000000.0,1940000000.0,11.63,-73.92
2.3e-05,1.7e-05,4e-13,3e-10,1e-10,0.0536,38300000000.0,2140000000.0,11.32,-75.8
2.3e-05,1.7e-05,4e-13,3e-10,1.5e-10,0.0536,38300000000.0,2130000000.0,11.32,-75.09
2.3e-05,1.7e-05,4e-13,3e-10,2e-10,0.0536,38300000000.0,2130000000.0,11.32,-75.13
2.3e-05,1.7e-05,4e-13,3e-10,2.5e-10,0.0536,38300000000.0,2120000000.0,11.33,-75.0
2.3e-05,1.7e-05,4e-13,3.5e-10,1e-10,0.0536,36100000000.0,2030000000.0,11.51,-74.04
2.3e-05,1.7e-05,4e-13,3.5e-10,5e-11,0.0536,36100000000.0,2010000000.0,11.51,-74.17
2.3e-05,1.7e-05,4e-13,3.5e-10,1.5e-10,0.0536,36100000000.0,2010000000.0,11.51,-74.26
2.3e-05,1.7e-05,4e-13,3.5e-10,2e-10,0.0536,36100000000.0,2020000000.0,11.51,-74.91
2.3e-05,1.7e-05,4e-13,3.5e-10,2.5e-10,0.0536,36100000000.0,2030000000.0,11.51,-74.46
2.3e-05,1.7e-05,4e-13,4.5e-10,1e-10,0.0536,33100000000.0,1880000000.0,11.72,-73.38
2.3e-05,1.7e-05,4e-13,4.5e-10,1.5e-10,0.0536,33100000000.0,1890000000.0,11.72,-73.45
2.3e-05,1.7e-05,4e-13,4.5e-10,2e-10,0.0536,33100000000.0,1890000000.0,11.72,-73.49
2.3e-05,1.7e-05,4e-13,4.5e-10,2.5e-10,0.0536,33100000000.0,1880000000.0,11.72,-73.48
2.3e-05,1.7e-05,4e-13,5e-10,1e-10,0.0536,32000000000.0,1840000000.0,11.79,-73.01
2.3e-05,1.7e-05,4e-13,5e-10,5e-11,0.0536,32000000000.0,1850000000.0,11.78,-73.14
2.3e-05,1.7e-05,4e-13,5e-10,2e-10,0.0536,32000000000.0,1850000000.0,11.78,-73.05
2.3e-05,1.7e-05,4e-13,5e-10,2.5e-10,0.0536,32000000000.0,1830000000.0,11.79,-73.11
2.3e-05,1.7e-05,6e-13,4e-10,1e-10,0.0536,34400000000.0,1940000000.0,11.63,-73.9
2.3e-05,1.7e-05,6e-13,4e-10,5e-11,0.0536,34500000000.0,1950000000.0,11.63,-73.88
2.3e-05,1.7e-05,6e-13,4e-10,1.5e-10,0.0536,34500000000.0,1940000000.0,11.64,-74.27
2.3e-05,1.7e-05,6e-13,4e-10,2e-10,0.0536,34500000000.0,1950000000.0,11.63,-73.81
2.3e-05,1.7e-05,6e-13,4e-10,2.5e-10,0.0536,34400000000.0,1950000000.0,11.63,-73.86
2.3e-05,1.7e-05,6e-13,3e-10,1e-10,0.0536,38300000000.0,2130000000.0,11.32,-75.1
2.3e-05,1.7e-05,6e-13,3e-10,5e-11,0.0536,38300000000.0,2130000000.0,11.32,-74.97
2.3e-05,1.7e-05,6e-13,3e-10,1.5e-10,0.0536,38300000000.0,2120000000.0,11.33,-75.11
2.3e-05,1.7e-05,6e-13,3e-10,2e-10,0.0536,38300000000.0,2140000000.0,11.32,-75.21
2.3e-05,1.7e-05,6e-13,3e-10,2.5e-10,0.0536,38300000000.0,2130000000.0,11.33,-75.22
2.3e-05,1.7e-05,6e-13,3.5e-10,1e-10,0.0536,36100000000.0,2020000000.0,11.51,-74.44
2.3e-05,1.7e-05,6e-13,3.5e-10,1.5e-10,0.0536,36100000000.0,2020000000.0,11.51,-74.34
2.3e-05,1.7e-05,6e-13,3.5e-10,2.5e-10,0.0536,36100000000.0,2020000000.0,11.51,-74.29
2.3e-05,1.7e-05,6e-13,4.5e-10,1e-10,0.0536,33100000000.0,1890000000.0,11.72,-73.5
2.3e-05,1.7e-05,6e-13,4.5e-10,1.5e-10,0.0536,33100000000.0,1880000000.0,11.72,-73.54
2.3e-05,1.7e-05,6e-13,5e-10,1e-10,0.0536,32000000000.0,1840000000.0,11.78,-73.04
2.3e-05,1.7e-05,6e-13,5e-10,5e-11,0.0536,32000000000.0,1850000000.0,11.78,-73.09
2.3e-05,1.7e-05,6e-13,5e-10,2.5e-10,0.0536,32000000000.0,1840000000.0,11.78,-73.13
2.3e-05,1.7e-05,7e-13,4e-10,1e-10,0.0536,34500000000.0,1950000000.0,11.63,-73.94
2.3e-05,1.7e-05,7e-13,4e-10,5e-11,0.0536,34400000000.0,1930000000.0,11.64,-73.67
2.3e-05,1.7e-05,7e-13,4e-10,1.5e-10,0.0536,34400000000.0,1940000000.0,11.63,-73.94
2.3e-05,1.7e-05,7e-13,4e-10,2.5e-10,0.0536,34400000000.0,1940000000.0,11.64,-73.94
2.3e-05,1.7e-05,7e-13,3e-10,1e-10,0.0536,38300000000.0,2120000000.0,11.33,-75.13
2.3e-05,1.7e-05,7e-13,3e-10,5e-11,0.0536,38300000000.0,2130000000.0,11.32,-75.16
2.3e-05,1.7e-05,7e-13,3e-10,2e-10,0.0536,38300000000.0,2130000000.0,11.32,-75.08
2.3e-05,1.7e-05,7e-13,3e-10,2.5e-10,0.0536,38300000000.0,2130000000.0,11.33,-75.11
2.3e-05,1.7e-05,7e-13,3.5e-10,1e-10,0.0536,36100000000.0,2010000000.0,11.51,-74.42
2.3e-05,1.7e-05,7e-13,3.5e-10,5e-11,0.0536,36100000000.0,2020000000.0,11.51,-74.46
2.3e-05,1.7e-05,7e-13,3.5e-10,2e-10,0.0536,36100000000.0,2030000000.0,11.51,-74.34
2.3e-05,1.7e-05,7e-13,5e-10,2.5e-10,0.0536,32000000000.0,1840000000.0,11.78,-73.06
2.3e-05,1.8e-05,5e-13,4e-10,1e-10,0.0536,34300000000.0,1920000000.0,11.58,-73.82
2.3e-05,1.8e-05,5e-13,4e-10,5e-11,0.0536,34300000000.0,1920000000.0,11.58,-73.5
2.3e-05,1.8e-05,5e-13,4e-10,1.5e-10,0.0536,34300000000.0,1910000000.0,11.59,-73.75
2.3e-05,1.8e-05,5e-13,4e-10,2e-10,0.0536,34300000000.0,1900000000.0,11.59,-73.86
2.3e-05,1.8e-05,5e-13,4e-10,2.5e-10,0.0536,34300000000.0,1920000000.0,11.58,-73.78
2.3e-05,1.8e-05,5e-13,3e-10,1e-10,0.0536,38100000000.0,2090000000.0,11.26,-74.97
2.3e-05,1.8e-05,5e-13,3e-10,5e-11,0.0536,38100000000.0,2090000000.0,11.26,-74.93
2.3e-05,1.8e-05,5e-13,3e-10,1.5e-10,0.0536,38100000000.0,2100000000.0,11.26,-75.56
2.3e-05,1.8e-05,5e-13,3e-10,2e-10,0.0536,38100000000.0,2100000000.0,11.26,-75.04
2.3e-05,1.8e-05,5e-13,3e-10,2.5e-10,0.0536,38100000000.0,2090000000.0,11.26,-74.54
2.3e-05,1.8e-05,5e-13,3.5e-10,1e-10,0.0536,36000000000.0,1990000000.0,11.46,-74.18
2.3e-05,1.8e-05,5e-13,3.5e-10,5e-11,0.0536,36000000000.0,1990000000.0,11.46,-74.92
2.3e-05,1.8e-05,5e-13,3.5e-10,1.5e-10,0.0536,36000000000.0,2000000000.0,11.46,-74.46
2.3e-05,1.8e-05,5e-13,3.5e-10,2.5e-10,0.0536,36000000000.0,1990000000.0,11.46,-74.36
2.3e-05,1.8e-05,5e-13,4.5e-10,1e-10,0.0536,33000000000.0,1860000000.0,11.67,-73.38
2.3e-05,1.8e-05,5e-13,4.5e-10,5e-11,0.0536,33000000000.0,1850000000.0,11.68,-73.4
2.3e-05,1.8e-05,5e-13,4.5e-10,1.5e-10,0.0536,33000000000.0,1850000000.0,11.68,-73.34
2.3e-05,1.8e-05,5e-13,4.5e-10,2e-10,0.0536,33000000000.0,1860000000.0,11.67,-73.34
2.3e-05,1.8e-05,5e-13,5e-10,1e-10,0.0536,31800000000.0,1810000000.0,11.74,-73.1
2.3e-05,1.8e-05,5e-13,5e-10,5e-11,0.0536,31800000000.0,1810000000.0,11.74,-73.09
2.3e-05,1.8e-05,5e-13,5e-10,1.5e-10,0.0536,31800000000.0,1820000000.0,11.74,-73.0
2.3e-05,1.8e-05,5e-13,5e-10,2e-10,0.0536,31800000000.0,1810000000.0,11.74,-73.06
2.3e-05,1.8e-05,3e-13,4e-10,1e-10,0.0536,34300000000.0,1920000000.0,11.58,-74.23
2.3e-05,1.8e-05,3e-13,4e-10,5e-11,0.0536,34300000000.0,1910000000.0,11.59,-73.94
2.3e-05,1.8e-05,3e-13,4e-10,1.5e-10,0.0536,34300000000.0,1910000000.0,11.59,-73.74
2.3e-05,1.8e-05,3e-13,4e-10,2.5e-10,0.0536,34300000000.0,1910000000.0,11.59,-73.82
2.3e-05,1.8e-05,3e-13,3e-10,1e-10,0.0536,38100000000.0,2100000000.0,11.26,-74.95
2.3e-05,1.8e-05,3e-13,3e-10,5e-11,0.0536,38100000000.0,2090000000.0,11.26,-74.34
2.3e-05,1.8e-05,3e-13,3e-10,1.5e-10,0.0536,38100000000.0,2090000000.0,11.26,-70.49
2.3e-05,1.8e-05,3e-13,3e-10,2e-10,0.0536,38100000000.0,2080000000.0,11.26,-74.93
2.3e-05,1.8e-05,3e-13,3e-10,2.5e-10,0.0536,38100000000.0,2090000000.0,11.26,-74.95
2.3e-05,1.8e-05,3e-13,3.5e-10,1e-10,0.0536,36000000000.0,1990000000.0,11.46,-74.49
2.3e-05,1.8e-05,3e-13,3.5e-10,5e-11,0.0536,36000000000.0,1980000000.0,11.46,-74.3
2.3e-05,1.8e-05,3e-13,3.5e-10,1.5e-10,0.0536,36000000000.0,1990000000.0,11.46,-74.31
2.3e-05,1.8e-05,3e-13,3.5e-10,2e-10,0.0536,36000000000.0,1990000000.0,11.46,-74.5
2.3e-05,1.8e-05,3e-13,3.5e-10,2.5e-10,0.0536,36000000000.0,2000000000.0,11.46,-74.3
2.3e-05,1.8e-05,3e-13,4.5e-10,1e-10,0.0536,33000000000.0,1850000000.0,11.67,-73.42
2.3e-05,1.8e-05,3e-13,4.5e-10,5e-11,0.0536,33000000000.0,1860000000.0,11.67,-73.77
2.3e-05,1.8e-05,3e-13,4.5e-10,1.5e-10,0.0536,33000000000.0,1860000000.0,11.67,-73.37
2.3e-05,1.8e-05,3e-13,4.5e-10,2e-10,0.0536,33000000000.0,1850000000.0,11.68,-73.3
2.3e-05,1.8e-05,3e-13,5e-10,5e-11,0.0536,31800000000.0,1820000000.0,11.74,-72.99
2.3e-05,1.8e-05,3e-13,5e-10,1.5e-10,0.0536,31800000000.0,1820000000.0,11.74,-72.97
2.3e-05,1.8e-05,3e-13,5e-10,2e-10,0.0536,31800000000.0,1810000000.0,11.74,-72.95
2.3e-05,1.8e-05,3e-13,5e-10,2.5e-10,0.0536,31800000000.0,1810000000.0,11.74,-73.08
2.3e-05,1.8e-05,4e-13,4e-10,1e-10,0.0536,34300000000.0,1920000000.0,11.58,-73.79
2.3e-05,1.8e-05,4e-13,4e-10,5e-11,0.0536,34300000000.0,1920000000.0,11.58,-74.21
2.3e-05,1.8e-05,4e-13,4e-10,1.5e-10,0.0536,34300000000.0,1920000000.0,11.58,-73.74
2.3e-05,1.8e-05,4e-13,4e-10,2.5e-10,0.0536,34300000000.0,1910000000.0,11.59,-73.77
2.3e-05,1.8e-05,4e-13,3e-10,1e-10,0.0536,38100000000.0,2090000000.0,11.26,-75.01
2.3e-05,1.8e-05,4e-13,3e-10,5e-11,0.0536,38100000000.0,2080000000.0,11.26,-74.97
2.3e-05,1.8e-05,4e-13,3e-10,1.5e-10,0.0536,38100000000.0,2080000000.0,11.26,-74.95
2.3e-05,1.8e-05,4e-13,3e-10,2e-10,0.0536,38100000000.0,2080000000.0,11.26,-74.9
2.3e-05,1.8e-05,4e-13,3e-10,2.5e-10,0.0536,38100000000.0,2090000000.0,11.26,-75.0
2.3e-05,1.8e-05,4e-13,3.5e-10,5e-11,0.0536,36000000000.0,2000000000.0,11.46,-74.35
2.3e-05,1.8e-05,4e-13,3.5e-10,1.5e-10,0.0536,36000000000.0,1990000000.0,11.46,-74.4
2.3e-05,1.8e-05,4e-13,3.5e-10,2e-10,0.0536,36000000000.0,1990000000.0,11.46,-74.3
2.3e-05,1.8e-05,4e-13,4.5e-10,2e-10,0.0536,33000000000.0,1860000000.0,11.67,-73.64
2.3e-05,1.8e-05,4e-13,4.5e-10,2.5e-10,0.0536,33000000000.0,1850000000.0,11.68,-73.36
2.3e-05,1.8e-05,4e-13,5e-10,5e-11,0.0536,31800000000.0,1810000000.0,11.74,-72.97
2.3e-05,1.8e-05,4e-13,5e-10,1.5e-10,0.0536,31800000000.0,1820000000.0,11.74,-73.03
2.3e-05,1.8e-05,4e-13,5e-10,2e-10,0.0536,31800000000.0,1820000000.0,11.74,-73.04
2.3e-05,1.8e-05,4e-13,5e-10,2.5e-10,0.0536,31800000000.0,1810000000.0,11.74,-73.05
2.3e-05,1.8e-05,6e-13,4e-10,1e-10,0.0536,34300000000.0,1920000000.0,11.58,-73.84
2.3e-05,1.8e-05,6e-13,4e-10,5e-11,0.0536,34300000000.0,1910000000.0,11.59,-73.79
2.3e-05,1.8e-05,6e-13,4e-10,2e-10,0.0536,34300000000.0,1910000000.0,11.59,-73.76
2.3e-05,1.8e-05,6e-13,3e-10,1e-10,0.0536,38100000000.0,2090000000.0,11.26,-75.05
2.3e-05,1.8e-05,6e-13,3e-10,5e-11,0.0536,38100000000.0,2080000000.0,11.26,-76.85
2.3e-05,1.8e-05,6e-13,3e-10,2e-10,0.0536,38100000000.0,2100000000.0,11.26,-74.94
2.3e-05,1.8e-05,6e-13,3e-10,2.5e-10,0.0536,38100000000.0,2100000000.0,11.26,-74.8
2.3e-05,1.8e-05,6e-13,3.5e-10,5e-11,0.0536,36000000000.0,1990000000.0,11.46,-74.24
2.3e-05,1.8e-05,6e-13,4.5e-10,1e-10,0.0536,33000000000.0,1850000000.0,11.68,-73.44
2.3e-05,1.8e-05,6e-13,4.5e-10,5e-11,0.0536,33000000000.0,1860000000.0,11.67,-73.41
2.3e-05,1.8e-05,6e-13,4.5e-10,1.5e-10,0.0536,33000000000.0,1850000000.0,11.68,-73.45
2.3e-05,1.8e-05,6e-13,4.5e-10,2e-10,0.0536,33000000000.0,1850000000.0,11.68,-73.21
2.3e-05,1.8e-05,6e-13,4.5e-10,2.5e-10,0.0536,33000000000.0,1850000000.0,11.68,-73.31
2.3e-05,1.8e-05,6e-13,5e-10,5e-11,0.0536,31800000000.0,1800000000.0,11.74,-73.13
2.3e-05,1.8e-05,6e-13,5e-10,2e-10,0.0536,31800000000.0,1810000000.0,11.74,-72.99
2.3e-05,1.8e-05,6e-13,5e-10,2.5e-10,0.0536,31800000000.0,1810000000.0,11.74,-73.01
2.3e-05,1.8e-05,7e-13,4e-10,1e-10,0.0536,34300000000.0,1920000000.0,11.58,-73.8
2.3e-05,1.8e-05,7e-13,4e-10,5e-11,0.0536,34300000000.0,1900000000.0,11.59,-73.79
2.3e-05,1.8e-05,7e-13,4e-10,1.5e-10,0.0536,34300000000.0,1910000000.0,11.58,-73.76
2.3e-05,1.8e-05,7e-13,3e-10,5e-11,0.0536,38100000000.0,2100000000.0,11.26,-74.9
2.3e-05,1.8e-05,7e-13,3e-10,1.5e-10,0.0536,38100000000.0,2090000000.0,11.26,-74.96
2.3e-05,1.8e-05,7e-13,3e-10,2e-10,0.0536,38100000000.0,2090000000.0,11.26,-75.07
2.3e-05,1.8e-05,7e-13,3.5e-10,1e-10,0.0536,36000000000.0,1990000000.0,11.46,-74.93
2.3e-05,1.8e-05,7e-13,3.5e-10,5e-11,0.0536,36000000000.0,1990000000.0,11.46,-74.32
2.3e-05,1.8e-05,7e-13,3.5e-10,1.5e-10,0.0536,36000000000.0,1990000000.0,11.46,-74.37
2.3e-05,1.8e-05,7e-13,4.5e-10,1e-10,0.0536,33000000000.0,1850000000.0,11.68,-73.42
2.3e-05,1.8e-05,7e-13,4.5e-10,2e-10,0.0536,33000000000.0,1860000000.0,11.67,-73.33
2.3e-05,1.8e-05,7e-13,4.5e-10,2.5e-10,0.0536,33000000000.0,1860000000.0,11.67,-73.28
2.3e-05,1.8e-05,7e-13,5e-10,5e-11,0.0536,31800000000.0,1800000000.0,11.74,-73.06
2.3e-05,1.8e-05,7e-13,5e-10,1.5e-10,0.0536,31800000000.0,1820000000.0,11.74,-72.96
2.3e-05,1.8e-05,7e-13,5e-10,2.5e-10,0.0536,31800000000.0,1810000000.0,11.74,-72.86
2.3e-05,1.9e-05,5e-13,4e-10,1e-10,0.0536,34200000000.0,1860000000.0,11.53,-75.28
2.3e-05,1.9e-05,5e-13,4e-10,5e-11,0.0536,34200000000.0,1870000000.0,11.53,-73.69
2.3e-05,1.9e-05,5e-13,4e-10,1.5e-10,0.0536,34200000000.0,1870000000.0,11.53,-73.73
2.3e-05,1.9e-05,5e-13,4e-10,2e-10,0.0536,34200000000.0,1870000000.0,11.53,-73.66
2.3e-05,1.9e-05,5e-13,4e-10,2.5e-10,0.0536,34200000000.0,1860000000.0,11.53,-73.61
2.3e-05,1.9e-05,5e-13,3e-10,1e-10,0.0536,38000000000.0,2050000000.0,11.19,-74.82
2.3e-05,1.9e-05,5e-13,3e-10,5e-11,0.0536,38000000000.0,2040000000.0,11.2,-74.28
2.3e-05,1.9e-05,5e-13,3e-10,1.5e-10,0.0536,38000000000.0,2030000000.0,11.19,-74.82
2.3e-05,1.9e-05,5e-13,3e-10,2e-10,0.0536,38000000000.0,2030000000.0,11.19,-74.83
2.3e-05,1.9e-05,5e-13,3e-10,2.5e-10,0.0536,38000000000.0,2040000000.0,11.19,-74.82
2.3e-05,1.9e-05,5e-13,3.5e-10,1e-10,0.0536,35900000000.0,1940000000.0,11.4,-74.19
2.3e-05,1.9e-05,5e-13,3.5e-10,5e-11,0.0536,35900000000.0,1940000000.0,11.4,-74.29
2.3e-05,1.9e-05,5e-13,3.5e-10,1.5e-10,0.0536,35900000000.0,1940000000.0,11.4,-74.16
2.3e-05,1.9e-05,5e-13,3.5e-10,2e-10,0.0536,35900000000.0,1940000000.0,11.4,-74.13
2.3e-05,1.9e-05,5e-13,3.5e-10,2.5e-10,0.0536,35900000000.0,1940000000.0,11.4,-74.39
2.3e-05,1.9e-05,5e-13,4.5e-10,1e-10,0.0536,32800000000.0,1820000000.0,11.63,-73.26
2.3e-05,1.9e-05,5e-13,4.5e-10,5e-11,0.0536,32800000000.0,1820000000.0,11.62,-73.34
2.3e-05,1.9e-05,5e-13,4.5e-10,1.5e-10,0.0536,32800000000.0,1810000000.0,11.63,-73.24
2.3e-05,1.9e-05,5e-13,4.5e-10,2e-10,0.0536,32800000000.0,1810000000.0,11.63,-73.15
2.3e-05,1.9e-05,5e-13,5e-10,1e-10,0.0536,31700000000.0,1770000000.0,11.7,-72.97
2.3e-05,1.9e-05,5e-13,5e-10,5e-11,0.0536,31700000000.0,1780000000.0,11.69,-72.94
2.3e-05,1.9e-05,5e-13,5e-10,1.5e-10,0.0536,31700000000.0,1770000000.0,11.7,-72.88
2.3e-05,1.9e-05,5e-13,5e-10,2e-10,0.0536,31700000000.0,1780000000.0,11.69,-73.0
2.3e-05,1.9e-05,5e-13,5e-10,2.5e-10,0.0536,31700000000.0,1780000000.0,11.69,-73.03
2.3e-05,1.9e-05,3e-13,4e-10,1e-10,0.0536,34200000000.0,1870000000.0,11.53,-73.67
2.3e-05,1.9e-05,3e-13,4e-10,5e-11,0.0536,34200000000.0,1860000000.0,11.53,-74.08
2.3e-05,1.9e-05,3e-13,4e-10,1.5e-10,0.0536,34200000000.0,1860000000.0,11.53,-73.63
2.3e-05,1.9e-05,3e-13,4e-10,2e-10,0.0536,34200000000.0,1860000000.0,11.53,-73.68
2.3e-05,1.9e-05,3e-13,4e-10,2.5e-10,0.0536,34200000000.0,1870000000.0,11.53,-73.75
2.3e-05,1.9e-05,3e-13,3e-10,1e-10,0.0536,38000000000.0,2040000000.0,11.19,-75.01
2.3e-05,1.9e-05,3e-13,3e-10,5e-11,0.0536,38000000000.0,2040000000.0,11.19,-75.44
2.3e-05,1.9e-05,3e-13,3e-10,1.5e-10,0.0536,38000000000.0,2030000000.0,11.19,-75.54
2.3e-05,1.9e-05,3e-13,3e-10,2e-10,0.0536,38000000000.0,2040000000.0,11.19,-74.75
2.3e-05,1.9e-05,3e-13,3e-10,2.5e-10,0.0536,38000000000.0,2040000000.0,11.19,-74.88
2.3e-05,1.9e-05,3e-13,3.5e-10,1e-10,0.0536,35900000000.0,1940000000.0,11.4,-74.21
2.3e-05,1.9e-05,3e-13,3.5e-10,5e-11,0.0536,35900000000.0,1940000000.0,11.4,-74.2
2.3e-05,1.9e-05,3e-13,3.5e-10,1.5e-10,0.0536,35900000000.0,1940000000.0,11.4,-74.24
2.3e-05,1.9e-05,3e-13,4.5e-10,1e-10,0.0536,32900000000.0,1820000000.0,11.62,-73.68
2.3e-05,1.9e-05,3e-13,4.5e-10,5e-11,0.0536,32900000000.0,1810000000.0,11.63,-73.29
2.3e-05,1.9e-05,3e-13,4.5e-10,1.5e-10,0.0536,32900000000.0,1820000000.0,11.63,-73.27
2.3e-05,1.9e-05,3e-13,4.5e-10,2e-10,0.0536,32900000000.0,1810000000.0,11.63,-73.24
2.3e-05,1.9e-05,3e-13,4.5e-10,2.5e-10,0.0536,32900000000.0,1820000000.0,11.62,-73.7
2.3e-05,1.9e-05,3e-13,5e-10,1e-10,0.0536,31700000000.0,1770000000.0,11.7,-70.27
2.3e-05,1.9e-05,3e-13,5e-10,5e-11,0.0536,31700000000.0,1770000000.0,11.69,-72.98
2.3e-05,1.9e-05,3e-13,5e-10,1.5e-10,0.0536,31700000000.0,1780000000.0,11.69,-73.04
2.3e-05,1.9e-05,3e-13,5e-10,2e-10,0.0536,31700000000.0,1770000000.0,11.69,-73.0
2.3e-05,1.9e-05,3e-13,5e-10,2.5e-10,0.0536,31700000000.0,1780000000.0,11.69,-72.91
2.3e-05,1.9e-05,4e-13,4e-10,1e-10,0.0536,34200000000.0,1870000000.0,11.53,-73.74
2.3e-05,1.9e-05,4e-13,4e-10,5e-11,0.0536,34200000000.0,1860000000.0,11.53,-73.66
2.3e-05,1.9e-05,4e-13,4e-10,1.5e-10,0.0536,34200000000.0,1860000000.0,11.53,-73.58
2.3e-05,1.9e-05,4e-13,3e-10,1e-10,0.0536,38000000000.0,2050000000.0,11.19,-74.81
2.3e-05,1.9e-05,4e-13,3e-10,5e-11,0.0536,38000000000.0,2030000000.0,11.2,-74.85
2.3e-05,1.9e-05,4e-13,3e-10,1.5e-10,0.0536,38000000000.0,2050000000.0,11.19,-74.8
2.3e-05,1.9e-05,4e-13,3e-10,2.5e-10,0.0536,38000000000.0,2040000000.0,11.2,-75.3
2.3e-05,1.9e-05,4e-13,3.5e-10,1e-10,0.0536,35900000000.0,1940000000.0,11.4,-74.22
2.3e-05,1.9e-05,4e-13,3.5e-10,5e-11,0.0536,35900000000.0,1940000000.0,11.4,-74.28
2.3e-05,1.9e-05,4e-13,3.5e-10,2e-10,0.0536,35900000000.0,1940000000.0,11.4,-74.15
2.3e-05,1.9e-05,4e-13,4.5e-10,1e-10,0.0536,32800000000.0,1810000000.0,11.63,-73.34
2.3e-05,1.9e-05,4e-13,4.5e-10,5e-11,0.0536,32900000000.0,1810000000.0,11.63,-73.34
2.3e-05,1.9e-05,4e-13,4.5e-10,1.5e-10,0.0536,32800000000.0,1820000000.0,11.63,-73.3
2.3e-05,1.9e-05,4e-13,4.5e-10,2.5e-10,0.0536,32900000000.0,1810000000.0,11.63,-73.21
2.3e-05,1.9e-05,4e-13,5e-10,1e-10,0.0536,31700000000.0,1770000000.0,11.69,-73.01
2.3e-05,1.9e-05,4e-13,5e-10,1.5e-10,0.0536,31700000000.0,1780000000.0,11.69,-72.78
2.3e-05,1.9e-05,4e-13,5e-10,2.5e-10,0.0536,31700000000.0,1770000000.0,11.7,-72.91
2.3e-05,1.9e-05,6e-13,4e-10,2e-10,0.0536,34200000000.0,1860000000.0,11.53,-73.43
2.3e-05,1.9e-05,6e-13,4e-10,2.5e-10,0.0536,34200000000.0,1870000000.0,11.53,-73.61
2.3e-05,1.9e-05,6e-13,3e-10,1e-10,0.0536,38000000000.0,2030000000.0,11.2,-74.86
2.3e-05,1.9e-05,6e-13,3e-10,5e-11,0.0536,38000000000.0,2040000000.0,11.2,-74.86
2.3e-05,1.9e-05,6e-13,3e-10,2e-10,0.0536,38000000000.0,2040000000.0,11.2,-74.8
2.3e-05,1.9e-05,6e-13,3e-10,2.5e-10,0.0536,38000000000.0,2040000000.0,11.19,-74.78
2.3e-05,1.9e-05,6e-13,3.5e-10,1.5e-10,0.0536,35900000000.0,1940000000.0,11.4,-74.23
2.3e-05,1.9e-05,6e-13,4.5e-10,1e-10,0.0536,32800000000.0,1810000000.0,11.63,-73.25
2.3e-05,1.9e-05,6e-13,4.5e-10,1.5e-10,0.0536,32800000000.0,1820000000.0,11.62,-73.3
2.3e-05,1.9e-05,6e-13,4.5e-10,2e-10,0.0536,32800000000.0,1810000000.0,11.63,-73.21
2.3e-05,1.9e-05,6e-13,5e-10,1e-10,0.0536,31700000000.0,1770000000.0,11.69,-72.94
2.3e-05,1.9e-05,6e-13,5e-10,5e-11,0.0536,31700000000.0,1780000000.0,11.69,-72.99
2.3e-05,1.9e-05,6e-13,5e-10,1.5e-10,0.0536,31700000000.0,1780000000.0,11.69,-72.88
2.3e-05,1.9e-05,6e-13,5e-10,2e-10,0.0536,31700000000.0,1770000000.0,11.7,-72.96
2.3e-05,1.9e-05,7e-13,4e-10,1e-10,0.0536,34200000000.0,1860000000.0,11.53,-73.57
2.3e-05,1.9e-05,7e-13,4e-10,5e-11,0.0536,34200000000.0,1860000000.0,11.53,-73.71
2.3e-05,1.9e-05,7e-13,4e-10,1.5e-10,0.0536,34200000000.0,1870000000.0,11.53,-73.85
2.3e-05,1.9e-05,7e-13,4e-10,2e-10,0.0536,34200000000.0,1860000000.0,11.53,-73.65
2.3e-05,1.9e-05,7e-13,4e-10,2.5e-10,0.0536,34200000000.0,1860000000.0,11.53,-73.64
2.3e-05,1.9e-05,7e-13,3e-10,1e-10,0.0536,38000000000.0,2030000000.0,11.19,-75.48
2.3e-05,1.9e-05,7e-13,3e-10,5e-11,0.0536,38000000000.0,2040000000.0,11.19,-74.6
2.3e-05,1.9e-05,7e-13,3e-10,1.5e-10,0.0536,38000000000.0,2040000000.0,11.19,-74.77
2.3e-05,1.9e-05,7e-13,3e-10,2e-10,0.0536,38000000000.0,2030000000.0,11.2,-74.88
2.3e-05,1.9e-05,7e-13,3e-10,2.5e-10,0.0536,38000000000.0,2030000000.0,11.2,-74.73
2.3e-05,1.9e-05,7e-13,3.5e-10,1e-10,0.0536,35900000000.0,1940000000.0,11.4,-74.3
2.3e-05,1.9e-05,7e-13,3.5e-10,5e-11,0.0536,35900000000.0,1940000000.0,11.4,-74.4
2.3e-05,1.9e-05,7e-13,3.5e-10,1.5e-10,0.0536,35900000000.0,1930000000.0,11.4,-74.26
2.3e-05,1.9e-05,7e-13,3.5e-10,2.5e-10,0.0536,35900000000.0,1930000000.0,11.4,-74.19
2.3e-05,1.9e-05,7e-13,4.5e-10,5e-11,0.0536,32800000000.0,1820000000.0,11.62,-73.09
2.3e-05,1.9e-05,7e-13,4.5e-10,1.5e-10,0.0536,32800000000.0,1810000000.0,11.63,-73.17
2.3e-05,1.9e-05,7e-13,4.5e-10,2.5e-10,0.0536,32800000000.0,1820000000.0,11.63,-73.09
2.3e-05,1.9e-05,7e-13,5e-10,5e-11,0.0536,31700000000.0,1770000000.0,11.7,-72.86
2.3e-05,1.9e-05,7e-13,5e-10,1.5e-10,0.0536,31700000000.0,1780000000.0,11.69,-72.81
2.3e-05,2e-05,5e-13,4e-10,1e-10,0.0536,34100000000.0,1810000000.0,11.47,-73.64
2.3e-05,2e-05,5e-13,4e-10,5e-11,0.0536,34100000000.0,1810000000.0,11.48,-73.62
2.3e-05,2e-05,5e-13,4e-10,1.5e-10,0.0536,34100000000.0,1810000000.0,11.47,-73.76
2.3e-05,2e-05,5e-13,4e-10,2e-10,0.0536,34100000000.0,1820000000.0,11.47,-73.39
2.3e-05,2e-05,5e-13,4e-10,2.5e-10,0.0536,34100000000.0,1810000000.0,11.48,-73.61
2.3e-05,2e-05,5e-13,3e-10,1e-10,0.0536,37900000000.0,1960000000.0,11.13,-74.83
2.3e-05,2e-05,5e-13,3e-10,5e-11,0.0536,37900000000.0,1970000000.0,11.12,-74.65
2.3e-05,2e-05,5e-13,3e-10,1.5e-10,0.0536,37900000000.0,1970000000.0,11.12,-74.7
2.3e-05,2e-05,5e-13,3e-10,2.5e-10,0.0536,37900000000.0,1960000000.0,11.13,-74.74
2.3e-05,2e-05,5e-13,3.5e-10,1e-10,0.0536,35800000000.0,1870000000.0,11.33,-74.28
2.3e-05,2e-05,5e-13,3.5e-10,5e-11,0.0536,35800000000.0,1880000000.0,11.33,-73.98
2.3e-05,2e-05,5e-13,3.5e-10,1.5e-10,0.0536,35800000000.0,1880000000.0,11.33,-74.11
2.3e-05,2e-05,5e-13,3.5e-10,2e-10,0.0536,35800000000.0,1880000000.0,11.33,-74.08
2.3e-05,2e-05,5e-13,4.5e-10,1e-10,0.0536,32800000000.0,1770000000.0,11.57,-73.23
2.3e-05,2e-05,5e-13,4.5e-10,5e-11,0.0536,32800000000.0,1760000000.0,11.57,-73.25
2.3e-05,2e-05,5e-13,4.5e-10,1.5e-10,0.0536,32800000000.0,1760000000.0,11.57,-73.26
2.3e-05,2e-05,5e-13,4.5e-10,2e-10,0.0536,32800000000.0,1760000000.0,11.57,-73.22
2.3e-05,2e-05,5e-13,4.5e-10,2.5e-10,0.0536,32800000000.0,1760000000.0,11.57,-73.23
2.3e-05,2e-05,5e-13,5e-10,1e-10,0.0536,31600000000.0,1720000000.0,11.65,-72.72
2.3e-05,2e-05,5e-13,5e-10,5e-11,0.0536,31600000000.0,1730000000.0,11.65,-72.85
2.3e-05,2e-05,5e-13,5e-10,1.5e-10,0.0536,31600000000.0,1720000000.0,11.64,-72.91
2.3e-05,2e-05,5e-13,5e-10,2e-10,0.0536,31600000000.0,1730000000.0,11.65,-72.97
2.3e-05,2e-05,5e-13,5e-10,2.5e-10,0.0536,31600000000.0,1730000000.0,11.64,-72.71
2.3e-05,2e-05,3e-13,4e-10,1e-10,0.0536,34100000000.0,1820000000.0,11.47,-73.38
2.3e-05,2e-05,3e-13,4e-10,5e-11,0.0536,34100000000.0,1800000000.0,11.48,-73.53
2.3e-05,2e-05,3e-13,4e-10,2e-10,0.0536,34100000000.0,1810000000.0,11.47,-73.6
2.3e-05,2e-05,3e-13,4e-10,2.5e-10,0.0536,34100000000.0,1810000000.0,11.48,-73.57
2.3e-05,2e-05,3e-13,3e-10,1e-10,0.0536,37900000000.0,1980000000.0,11.12,-74.73
2.3e-05,2e-05,3e-13,3e-10,5e-11,0.0536,37900000000.0,1960000000.0,11.13,-75.0
2.3e-05,2e-05,3e-13,3e-10,1.5e-10,0.0536,37900000000.0,1970000000.0,11.12,-74.66
2.3e-05,2e-05,3e-13,3e-10,2e-10,0.0536,37900000000.0,1960000000.0,11.13,-74.68
2.3e-05,2e-05,3e-13,3e-10,2.5e-10,0.0536,37900000000.0,1970000000.0,11.12,-74.71
2.3e-05,2e-05,3e-13,3.5e-10,1e-10,0.0536,35800000000.0,1880000000.0,11.33,-74.19
2.3e-05,2e-05,3e-13,3.5e-10,5e-11,0.0536,35800000000.0,1860000000.0,11.34,-75.28
2.3e-05,2e-05,3e-13,3.5e-10,1.5e-10,0.0536,35800000000.0,1880000000.0,11.33,-74.1
2.3e-05,2e-05,3e-13,3.5e-10,2e-10,0.0536,35800000000.0,1880000000.0,11.33,-74.14
2.3e-05,2e-05,3e-13,3.5e-10,2.5e-10,0.0536,35800000000.0,1870000000.0,11.34,-74.11
2.3e-05,2e-05,3e-13,4.5e-10,1e-10,0.0536,32800000000.0,1760000000.0,11.57,-73.19
2.3e-05,2e-05,3e-13,4.5e-10,2e-10,0.0536,32800000000.0,1760000000.0,11.58,-73.01
2.3e-05,2e-05,3e-13,4.5e-10,2.5e-10,0.0536,32800000000.0,1760000000.0,11.57,-73.32
2.3e-05,2e-05,3e-13,5e-10,1e-10,0.0536,31600000000.0,1720000000.0,11.64,-72.86
2.3e-05,2e-05,3e-13,5e-10,5e-11,0.0536,31600000000.0,1730000000.0,11.65,-72.8
2.3e-05,2e-05,3e-13,5e-10,1.5e-10,0.0536,31600000000.0,1730000000.0,11.64,-72.92
2.3e-05,2e-05,3e-13,5e-10,2e-10,0.0536,31600000000.0,1730000000.0,11.64,-72.97
2.3e-05,2e-05,3e-13,5e-10,2.5e-10,0.0536,31600000000.0,1730000000.0,11.64,-72.9
2.3e-05,2e-05,4e-13,4e-10,5e-11,0.0536,34100000000.0,1810000000.0,11.47,-73.57
2.3e-05,2e-05,4e-13,4e-10,1.5e-10,0.0536,34100000000.0,1820000000.0,11.47,-73.68
2.3e-05,2e-05,4e-13,3e-10,1e-10,0.0536,37900000000.0,1970000000.0,11.12,-74.54
2.3e-05,2e-05,4e-13,3e-10,2.5e-10,0.0536,37900000000.0,1960000000.0,11.12,-74.68
2.3e-05,2e-05,4e-13,3.5e-10,5e-11,0.0536,35800000000.0,1880000000.0,11.33,-73.78
2.3e-05,2e-05,4e-13,3.5e-10,2e-10,0.0536,35800000000.0,1870000000.0,11.34,-74.05
2.3e-05,2e-05,4e-13,4.5e-10,1e-10,0.0536,32800000000.0,1750000000.0,11.57,-73.11
2.3e-05,2e-05,4e-13,4.5e-10,5e-11,0.0536,32800000000.0,1760000000.0,11.58,-72.98
2.3e-05,2e-05,4e-13,4.5e-10,1.5e-10,0.0536,32800000000.0,1760000000.0,11.58,-73.24
2.3e-05,2e-05,4e-13,4.5e-10,2e-10,0.0536,32800000000.0,1760000000.0,11.58,-73.19
2.3e-05,2e-05,4e-13,4.5e-10,2.5e-10,0.0536,32800000000.0,1760000000.0,11.57,-73.27
2.3e-05,2e-05,4e-13,5e-10,1e-10,0.0536,31600000000.0,1720000000.0,11.65,-72.71
2.3e-05,2e-05,4e-13,5e-10,5e-11,0.0536,31600000000.0,1720000000.0,11.65,-71.6
2.3e-05,2e-05,4e-13,5e-10,1.5e-10,0.0536,31600000000.0,1730000000.0,11.64,-72.86
2.3e-05,2e-05,4e-13,5e-10,2e-10,0.0536,31600000000.0,1720000000.0,11.65,-72.82
2.3e-05,2e-05,4e-13,5e-10,2.5e-10,0.0536,31600000000.0,1720000000.0,11.65,-72.84
2.3e-05,2e-05,6e-13,4e-10,1e-10,0.0536,34100000000.0,1810000000.0,11.47,-73.62
2.3e-05,2e-05,6e-13,4e-10,2e-10,0.0536,34100000000.0,1810000000.0,11.48,-73.6
2.3e-05,2e-05,6e-13,4e-10,2.5e-10,0.0536,34100000000.0,1820000000.0,11.47,-73.62
2.3e-05,2e-05,6e-13,3e-10,1e-10,0.0536,37900000000.0,1960000000.0,11.12,-74.66
2.3e-05,2e-05,6e-13,3e-10,1.5e-10,0.0536,37900000000.0,1960000000.0,11.13,-74.73
2.3e-05,2e-05,6e-13,3e-10,2e-10,0.0536,37900000000.0,1960000000.0,11.12,-74.17
2.3e-05,2e-05,6e-13,3e-10,2.5e-10,0.0536,37900000000.0,1960000000.0,11.12,-74.69
2.3e-05,2e-05,6e-13,3.5e-10,1e-10,0.0536,35800000000.0,1880000000.0,11.33,-74.16
2.3e-05,2e-05,6e-13,3.5e-10,1.5e-10,0.0536,35800000000.0,1880000000.0,11.33,-74.09
2.3e-05,2e-05,6e-13,3.5e-10,2e-10,0.0536,35800000000.0,1870000000.0,11.34,-74.12
2.3e-05,2e-05,6e-13,4.5e-10,1e-10,0.0536,32800000000.0,1770000000.0,11.57,-73.28
2.3e-05,2e-05,6e-13,4.5e-10,5e-11,0.0536,32800000000.0,1750000000.0,11.57,-73.26
2.3e-05,2e-05,6e-13,4.5e-10,1.5e-10,0.0536,32800000000.0,1760000000.0,11.57,-73.16
2.3e-05,2e-05,6e-13,4.5e-10,2e-10,0.0536,32800000000.0,1770000000.0,11.57,-73.22
2.3e-05,2e-05,6e-13,5e-10,1e-10,0.0536,31600000000.0,1720000000.0,11.65,-72.83
2.3e-05,2e-05,6e-13,5e-10,5e-11,0.0536,31600000000.0,1730000000.0,11.64,-72.94
2.3e-05,2e-05,6e-13,5e-10,1.5e-10,0.0536,31600000000.0,1720000000.0,11.64,-72.92
2.3e-05,2e-05,7e-13,4e-10,1e-10,0.0536,34100000000.0,1810000000.0,11.47,-73.74
2.3e-05,2e-05,7e-13,4e-10,5e-11,0.0536,34100000000.0,1810000000.0,11.48,-73.59
2.3e-05,2e-05,7e-13,4e-10,1.5e-10,0.0536,34100000000.0,1810000000.0,11.47,-72.58
2.3e-05,2e-05,7e-13,4e-10,2e-10,0.0536,34100000000.0,1810000000.0,11.47,-73.65
2.3e-05,2e-05,7e-13,3e-10,1e-10,0.0536,37900000000.0,1970000000.0,11.12,-74.17
2.3e-05,2e-05,7e-13,3e-10,5e-11,0.0536,37900000000.0,1970000000.0,11.12,-75.36
2.3e-05,2e-05,7e-13,3e-10,1.5e-10,0.0536,37900000000.0,1970000000.0,11.12,-74.78
2.3e-05,2e-05,7e-13,3e-10,2e-10,0.0536,37900000000.0,1950000000.0,11.13,-75.16
2.3e-05,2e-05,7e-13,3e-10,2.5e-10,0.0536,37900000000.0,1960000000.0,11.12,-74.72
2.3e-05,2e-05,7e-13,3.5e-10,5e-11,0.0536,35800000000.0,1880000000.0,11.33,-74.15
2.3e-05,2e-05,7e-13,3.5e-10,1.5e-10,0.0536,35800000000.0,1870000000.0,11.33,-74.13
2.3e-05,2e-05,7e-13,3.5e-10,2e-10,0.0536,35800000000.0,1870000000.0,11.34,-74.19
2.3e-05,2e-05,7e-13,3.5e-10,2.5e-10,0.0536,35800000000.0,1880000000.0,11.33,-74.04
2.3e-05,2e-05,7e-13,4.5e-10,5e-11,0.0536,32800000000.0,1760000000.0,11.58,-73.18
2.3e-05,2e-05,7e-13,4.5e-10,1.5e-10,0.0536,32800000000.0,1760000000.0,11.57,-73.18
2.3e-05,2e-05,7e-13,4.5e-10,2e-10,0.0536,32800000000.0,1750000000.0,11.58,-73.2
2.3e-05,2e-05,7e-13,5e-10,1e-10,0.0536,31600000000.0,1720000000.0,11.65,-72.88
2.3e-05,2e-05,7e-13,5e-10,1.5e-10,0.0536,31600000000.0,1730000000.0,11.64,-72.96
2.3e-05,2.1e-05,5e-13,4e-10,1e-10,0.0536,34000000000.0,1740000000.0,11.42,-73.53
2.3e-05,2.1e-05,5e-13,4e-10,5e-11,0.0536,34000000000.0,1740000000.0,11.41,-73.51
2.3e-05,2.1e-05,5e-13,4e-10,1.5e-10,0.0536,34000000000.0,1740000000.0,11.41,-73.53
2.3e-05,2.1e-05,5e-13,4e-10,2e-10,0.0536,34000000000.0,1740000000.0,11.41,-73.47
2.3e-05,2.1e-05,5e-13,4e-10,2.5e-10,0.0536,34000000000.0,1730000000.0,11.41,-73.51
2.3e-05,2.1e-05,5e-13,3e-10,1e-10,0.0536,37900000000.0,1870000000.0,11.05,-74.62
2.3e-05,2.1e-05,5e-13,3e-10,5e-11,0.0536,37900000000.0,1880000000.0,11.05,-74.74
2.3e-05,2.1e-05,5e-13,3e-10,1.5e-10,0.0536,37900000000.0,1880000000.0,11.05,-74.55
2.3e-05,2.1e-05,5e-13,3e-10,2e-10,0.0536,37900000000.0,1870000000.0,11.05,-74.52
2.3e-05,2.1e-05,5e-13,3e-10,2.5e-10,0.0536,37900000000.0,1870000000.0,11.05,-74.59
2.3e-05,2.1e-05,5e-13,3.5e-10,1e-10,0.0536,35700000000.0,1800000000.0,11.27,-74.04
2.3e-05,2.1e-05,5e-13,3.5e-10,5e-11,0.0536,35700000000.0,1790000000.0,11.27,-73.99
2.3e-05,2.1e-05,5e-13,3.5e-10,1.5e-10,0.0536,35700000000.0,1790000000.0,11.27,-74.01
2.3e-05,2.1e-05,5e-13,3.5e-10,2e-10,0.0536,35700000000.0,1790000000.0,11.27,-73.97
2.3e-05,2.1e-05,5e-13,3.5e-10,2.5e-10,0.0536,35700000000.0,1800000000.0,11.27,-73.89
2.3e-05,2.1e-05,5e-13,4.5e-10,1e-10,0.0536,32700000000.0,1700000000.0,11.52,-73.13
2.3e-05,2.1e-05,5e-13,4.5e-10,5e-11,0.0536,32700000000.0,1690000000.0,11.52,-73.11
2.3e-05,2.1e-05,5e-13,4.5e-10,1.5e-10,0.0536,32700000000.0,1700000000.0,11.51,-73.14
2.3e-05,2.1e-05,5e-13,4.5e-10,2e-10,0.0536,32700000000.0,1690000000.0,11.52,-73.1
2.3e-05,2.1e-05,5e-13,4.5e-10,2.5e-10,0.0536,32700000000.0,1690000000.0,11.52,-73.15
2.3e-05,2.1e-05,5e-13,5e-10,1e-10,0.0536,31500000000.0,1670000000.0,11.59,-72.84
2.3e-05,2.1e-05,5e-13,5e-10,5e-11,0.0536,31500000000.0,1670000000.0,11.59,-72.77
2.3e-05,2.1e-05,5e-13,5e-10,1.5e-10,0.0536,31500000000.0,1650000000.0,11.59,-72.69
2.3e-05,2.1e-05,5e-13,5e-10,2e-10,0.0536,31500000000.0,1660000000.0,11.6,-72.79
2.3e-05,2.1e-05,5e-13,5e-10,2.5e-10,0.0536,31500000000.0,1670000000.0,11.59,-72.81
2.3e-05,2.1e-05,3e-13,4e-10,1e-10,0.0536,34100000000.0,1740000000.0,11.41,-73.53
2.3e-05,2.1e-05,3e-13,4e-10,5e-11,0.0536,34100000000.0,1730000000.0,11.42,-73.51
2.3e-05,2.1e-05,3e-13,4e-10,1.5e-10,0.0536,34100000000.0,1730000000.0,11.41,-73.56
2.3e-05,2.1e-05,3e-13,4e-10,2e-10,0.0536,34100000000.0,1740000000.0,11.41,-73.52
2.3e-05,2.1e-05,3e-13,4e-10,2.5e-10,0.0536,34100000000.0,1740000000.0,11.42,-73.51
2.3e-05,2.1e-05,3e-13,3e-10,1e-10,0.0536,37900000000.0,1880000000.0,11.05,-74.68
2.3e-05,2.1e-05,3e-13,3e-10,1.5e-10,0.0536,37900000000.0,1870000000.0,11.05,-74.6
2.3e-05,2.1e-05,3e-13,3.5e-10,1e-10,0.0536,35700000000.0,1790000000.0,11.27,-73.91
2.3e-05,2.1e-05,3e-13,3.5e-10,5e-11,0.0536,35700000000.0,1790000000.0,11.27,-73.93
2.3e-05,2.1e-05,3e-13,3.5e-10,1.5e-10,0.0536,35700000000.0,1790000000.0,11.27,-74.06
2.3e-05,2.1e-05,3e-13,3.5e-10,2e-10,0.0536,35700000000.0,1790000000.0,11.27,-74.0
2.3e-05,2.1e-05,3e-13,4.5e-10,5e-11,0.0536,32700000000.0,1690000000.0,11.51,-73.11
2.3e-05,2.1e-05,3e-13,4.5e-10,1.5e-10,0.0536,32700000000.0,1700000000.0,11.52,-73.12
2.3e-05,2.1e-05,3e-13,4.5e-10,2.5e-10,0.0536,32700000000.0,1690000000.0,11.52,-72.93
2.3e-05,2.1e-05,3e-13,5e-10,1e-10,0.0536,31500000000.0,1670000000.0,11.59,-72.76
2.3e-05,2.1e-05,3e-13,5e-10,1.5e-10,0.0536,31500000000.0,1660000000.0,11.6,-72.8
2.3e-05,2.1e-05,3e-13,5e-10,2e-10,0.0536,31500000000.0,1650000000.0,11.59,-72.84
2.3e-05,2.1e-05,3e-13,5e-10,2.5e-10,0.0536,31500000000.0,1670000000.0,11.59,-73.28
2.3e-05,2.1e-05,4e-13,4e-10,1e-10,0.0536,34000000000.0,1730000000.0,11.42,-73.49
2.3e-05,2.1e-05,4e-13,4e-10,5e-11,0.0536,34100000000.0,1740000000.0,11.41,-73.51
2.3e-05,2.1e-05,4e-13,4e-10,2e-10,0.0536,34000000000.0,1740000000.0,11.41,-73.43
2.3e-05,2.1e-05,4e-13,4e-10,2.5e-10,0.0536,34100000000.0,1740000000.0,11.42,-73.5
2.3e-05,2.1e-05,4e-13,3e-10,1e-10,0.0536,37900000000.0,1870000000.0,11.05,-74.63
2.3e-05,2.1e-05,4e-13,3e-10,1.5e-10,0.0536,37900000000.0,1880000000.0,11.05,-74.61
2.3e-05,2.1e-05,4e-13,3e-10,2e-10,0.0536,37900000000.0,1880000000.0,11.05,-74.72
2.3e-05,2.1e-05,4e-13,3e-10,2.5e-10,0.0536,37900000000.0,1880000000.0,11.04,-74.54
2.3e-05,2.1e-05,4e-13,3.5e-10,1e-10,0.0536,35700000000.0,1800000000.0,11.27,-73.96
2.3e-05,2.1e-05,4e-13,3.5e-10,5e-11,0.0536,35700000000.0,1800000000.0,11.27,-73.98
2.3e-05,2.1e-05,4e-13,3.5e-10,2e-10,0.0536,35700000000.0,1790000000.0,11.27,-73.98
2.3e-05,2.1e-05,4e-13,3.5e-10,2.5e-10,0.0536,35700000000.0,1800000000.0,11.27,-73.97
2.3e-05,2.1e-05,4e-13,4.5e-10,1e-10,0.0536,32700000000.0,1700000000.0,11.52,-73.14
2.3e-05,2.1e-05,4e-13,4.5e-10,5e-11,0.0536,32700000000.0,1700000000.0,11.52,-73.24
2.3e-05,2.1e-05,4e-13,4.5e-10,1.5e-10,0.0536,32700000000.0,1700000000.0,11.52,-73.26
2.3e-05,2.1e-05,4e-13,5e-10,5e-11,0.0536,31500000000.0,1660000000.0,11.6,-72.78
2.3e-05,2.1e-05,4e-13,5e-10,2e-10,0.0536,31500000000.0,1650000000.0,11.6,-72.72
2.3e-05,2.1e-05,6e-13,4e-10,1e-10,0.0536,34000000000.0,1730000000.0,11.41,-73.58
2.3e-05,2.1e-05,6e-13,4e-10,5e-11,0.0536,34000000000.0,1730000000.0,11.42,-73.48
2.3e-05,2.1e-05,6e-13,4e-10,2e-10,0.0536,34000000000.0,1740000000.0,11.41,-73.64
2.3e-05,2.1e-05,6e-13,3e-10,1e-10,0.0536,37900000000.0,1880000000.0,11.05,-74.44
2.3e-05,2.1e-05,6e-13,3e-10,1.5e-10,0.0536,37900000000.0,1870000000.0,11.05,-74.61
2.3e-05,2.1e-05,6e-13,3.5e-10,1e-10,0.0536,35700000000.0,1790000000.0,11.27,-73.92
2.3e-05,2.1e-05,6e-13,3.5e-10,5e-11,0.0536,35700000000.0,1780000000.0,11.27,-73.98
2.3e-05,2.1e-05,6e-13,3.5e-10,2.5e-10,0.0536,35700000000.0,1790000000.0,11.27,-74.15
2.3e-05,2.1e-05,6e-13,4.5e-10,5e-11,0.0536,32700000000.0,1700000000.0,11.52,-73.22
2.3e-05,2.1e-05,6e-13,4.5e-10,1.5e-10,0.0536,32700000000.0,1690000000.0,11.52,-73.17
2.3e-05,2.1e-05,6e-13,4.5e-10,2e-10,0.0536,32700000000.0,1690000000.0,11.52,-73.14
2.3e-05,2.1e-05,6e-13,4.5e-10,2.5e-10,0.0536,32700000000.0,1700000000.0,11.52,-73.16
2.3e-05,2.1e-05,6e-13,5e-10,1e-10,0.0536,31500000000.0,1660000000.0,11.59,-72.78
2.3e-05,2.1e-05,6e-13,5e-10,5e-11,0.0536,31500000000.0,1670000000.0,11.59,-73.25
2.3e-05,2.1e-05,6e-13,5e-10,1.5e-10,0.0536,31500000000.0,1650000000.0,11.6,-72.83
2.3e-05,2.1e-05,6e-13,5e-10,2e-10,0.0536,31500000000.0,1670000000.0,11.59,-72.79
2.3e-05,2.1e-05,6e-13,5e-10,2.5e-10,0.0536,31500000000.0,1670000000.0,11.59,-72.87
2.3e-05,2.1e-05,7e-13,4e-10,1e-10,0.0536,34000000000.0,1730000000.0,11.42,-73.41
2.3e-05,2.1e-05,7e-13,4e-10,5e-11,0.0536,34000000000.0,1730000000.0,11.42,-73.42
2.3e-05,2.1e-05,7e-13,4e-10,2.5e-10,0.0536,34000000000.0,1740000000.0,11.42,-73.3
2.3e-05,2.1e-05,7e-13,3e-10,1e-10,0.0536,37900000000.0,1880000000.0,11.05,-74.36
2.3e-05,2.1e-05,7e-13,3e-10,1.5e-10,0.0536,37900000000.0,1880000000.0,11.05,-74.75
2.3e-05,2.1e-05,7e-13,3e-10,2.5e-10,0.0536,37900000000.0,1870000000.0,11.05,-74.55
2.3e-05,2.1e-05,7e-13,3.5e-10,1e-10,0.0536,35700000000.0,1800000000.0,11.27,-74.02
2.3e-05,2.1e-05,7e-13,3.5e-10,5e-11,0.0536,35700000000.0,1800000000.0,11.27,-74.05
2.3e-05,2.1e-05,7e-13,3.5e-10,1.5e-10,0.0536,35700000000.0,1790000000.0,11.27,-73.95
2.3e-05,2.1e-05,7e-13,4.5e-10,5e-11,0.0536,32700000000.0,1700000000.0,11.52,-72.99
2.3e-05,2.1e-05,7e-13,4.5e-10,1.5e-10,0.0536,32700000000.0,1700000000.0,11.52,-73.28
2.3e-05,2.1e-05,7e-13,4.5e-10,2.5e-10,0.0536,32700000000.0,1700000000.0,11.52,-73.2
2.3e-05,2.1e-05,7e-13,5e-10,5e-11,0.0536,31500000000.0,1650000000.0,11.6,-72.78
2.3e-05,2.2e-05,5e-13,4e-10,1e-10,0.0536,34000000000.0,1660000000.0,11.35,-73.39
2.3e-05,2.2e-05,5e-13,4e-10,5e-11,0.0536,34000000000.0,1650000000.0,11.35,-73.49
2.3e-05,2.2e-05,5e-13,4e-10,1.5e-10,0.0536,34000000000.0,1640000000.0,11.35,-74.7
2.3e-05,2.2e-05,5e-13,4e-10,2e-10,0.0536,34000000000.0,1650000000.0,11.35,-73.4
2.3e-05,2.2e-05,5e-13,4e-10,2.5e-10,0.0536,34000000000.0,1650000000.0,11.35,-73.55
2.3e-05,2.2e-05,5e-13,3e-10,1e-10,0.0536,37800000000.0,1760000000.0,10.97,-74.45
2.3e-05,2.2e-05,5e-13,3e-10,5e-11,0.0536,37800000000.0,1750000000.0,10.97,-74.2
2.3e-05,2.2e-05,5e-13,3e-10,1.5e-10,0.0536,37800000000.0,1770000000.0,10.96,-74.44
2.3e-05,2.2e-05,5e-13,3e-10,2e-10,0.0536,37800000000.0,1750000000.0,10.97,-74.47
2.3e-05,2.2e-05,5e-13,3e-10,2.5e-10,0.0536,37800000000.0,1760000000.0,10.97,-74.4
2.3e-05,2.2e-05,5e-13,3.5e-10,1e-10,0.0536,35700000000.0,1700000000.0,11.2,-73.87
2.3e-05,2.2e-05,5e-13,3.5e-10,5e-11,0.0536,35700000000.0,1690000000.0,11.2,-73.86
2.3e-05,2.2e-05,5e-13,3.5e-10,1.5e-10,0.0536,35700000000.0,1690000000.0,11.2,-74.08
2.3e-05,2.2e-05,5e-13,3.5e-10,2e-10,0.0536,35700000000.0,1700000000.0,11.2,-73.81
2.3e-05,2.2e-05,5e-13,3.5e-10,2.5e-10,0.0536,35700000000.0,1710000000.0,11.2,-74.39
2.3e-05,2.2e-05,5e-13,4.5e-10,1e-10,0.0536,32600000000.0,1610000000.0,11.46,-73.04
2.3e-05,2.2e-05,5e-13,4.5e-10,5e-11,0.0536,32600000000.0,1610000000.0,11.46,-73.07
2.3e-05,2.2e-05,5e-13,4.5e-10,1.5e-10,0.0536,32600000000.0,1620000000.0,11.46,-72.95
2.3e-05,2.2e-05,5e-13,4.5e-10,2e-10,0.0536,32600000000.0,1600000000.0,11.46,-72.95
2.3e-05,2.2e-05,5e-13,4.5e-10,2.5e-10,0.0536,32600000000.0,1620000000.0,11.46,-73.03
2.3e-05,2.2e-05,5e-13,5e-10,1e-10,0.0536,31500000000.0,1590000000.0,11.54,-72.72
2.3e-05,2.2e-05,5e-13,5e-10,5e-11,0.0536,31500000000.0,1580000000.0,11.54,-72.69
2.3e-05,2.2e-05,5e-13,5e-10,1.5e-10,0.0536,31500000000.0,1580000000.0,11.54,-72.75
2.3e-05,2.2e-05,5e-13,5e-10,2e-10,0.0536,31500000000.0,1580000000.0,11.54,-72.72
2.3e-05,2.2e-05,5e-13,5e-10,2.5e-10,0.0536,31500000000.0,1580000000.0,11.54,-72.71
2.3e-05,2.2e-05,3e-13,4e-10,1e-10,0.0536,34000000000.0,1650000000.0,11.35,-73.35
2.3e-05,2.2e-05,3e-13,4e-10,5e-11,0.0536,34000000000.0,1660000000.0,11.35,-73.41
2.3e-05,2.2e-05,3e-13,4e-10,1.5e-10,0.0536,34000000000.0,1650000000.0,11.35,-73.31
2.3e-05,2.2e-05,3e-13,4e-10,2e-10,0.0536,34000000000.0,1650000000.0,11.35,-73.38
2.3e-05,2.2e-05,3e-13,4e-10,2.5e-10,0.0536,34000000000.0,1650000000.0,11.35,-73.15
2.3e-05,2.2e-05,3e-13,3e-10,1e-10,0.0536,37800000000.0,1760000000.0,10.96,-74.4
2.3e-05,2.2e-05,3e-13,3e-10,5e-11,0.0536,37800000000.0,1770000000.0,10.97,-74.34
2.3e-05,2.2e-05,3e-13,3e-10,1.5e-10,0.0536,37800000000.0,1760000000.0,10.97,-74.58
2.3e-05,2.2e-05,3e-13,3e-10,2e-10,0.0536,37800000000.0,1760000000.0,10.97,-74.48
2.3e-05,2.2e-05,3e-13,3e-10,2.5e-10,0.0536,37800000000.0,1770000000.0,10.97,-75.27
2.3e-05,2.2e-05,3e-13,3.5e-10,1e-10,0.0536,35700000000.0,1700000000.0,11.2,-73.84
2.3e-05,2.2e-05,3e-13,3.5e-10,5e-11,0.0536,35700000000.0,1700000000.0,11.2,-73.8
2.3e-05,2.2e-05,3e-13,3.5e-10,1.5e-10,0.0536,35700000000.0,1690000000.0,11.2,-73.92
2.3e-05,2.2e-05,3e-13,3.5e-10,2e-10,0.0536,35700000000.0,1690000000.0,11.2,-73.82
2.3e-05,2.2e-05,3e-13,3.5e-10,2.5e-10,0.0536,35700000000.0,1700000000.0,11.2,-73.74
2.3e-05,2.2e-05,3e-13,4.5e-10,1e-10,0.0536,32600000000.0,1620000000.0,11.46,-72.96
2.3e-05,2.2e-05,3e-13,4.5e-10,5e-11,0.0536,32600000000.0,1620000000.0,11.46,-73.1
2.3e-05,2.2e-05,3e-13,4.5e-10,1.5e-10,0.0536,32600000000.0,1620000000.0,11.46,-73.02
2.3e-05,2.2e-05,3e-13,4.5e-10,2e-10,0.0536,32600000000.0,1610000000.0,11.46,-72.9
2.3e-05,2.2e-05,3e-13,4.5e-10,2.5e-10,0.0536,32600000000.0,1620000000.0,11.46,-72.85
2.3e-05,2.2e-05,3e-13,5e-10,1e-10,0.0536,31500000000.0,1580000000.0,11.54,-72.7
2.3e-05,2.2e-05,3e-13,5e-10,5e-11,0.0536,31500000000.0,1580000000.0,11.54,-72.74
2.3e-05,2.2e-05,3e-13,5e-10,1.5e-10,0.0536,31500000000.0,1580000000.0,11.54,-72.68
2.3e-05,2.2e-05,3e-13,5e-10,2e-10,0.0536,31500000000.0,1580000000.0,11.54,-72.73
2.3e-05,2.2e-05,3e-13,5e-10,2.5e-10,0.0536,31500000000.0,1590000000.0,11.54,-72.62
2.3e-05,2.2e-05,4e-13,4e-10,1e-10,0.0536,34000000000.0,1640000000.0,11.35,-73.4
2.3e-05,2.2e-05,4e-13,4e-10,5e-11,0.0536,34000000000.0,1650000000.0,11.35,-73.44
2.3e-05,2.2e-05,4e-13,4e-10,1.5e-10,0.0536,34000000000.0,1650000000.0,11.35,-73.34
2.3e-05,2.2e-05,4e-13,4e-10,2.5e-10,0.0536,34000000000.0,1660000000.0,11.35,-73.38
2.3e-05,2.2e-05,4e-13,3e-10,1e-10,0.0536,37800000000.0,1760000000.0,10.97,-74.39
2.3e-05,2.2e-05,4e-13,3e-10,5e-11,0.0536,37800000000.0,1770000000.0,10.97,-74.4
2.3e-05,2.2e-05,4e-13,3e-10,1.5e-10,0.0536,37800000000.0,1760000000.0,10.97,-74.49
2.3e-05,2.2e-05,4e-13,3e-10,2e-10,0.0536,37800000000.0,1760000000.0,10.97,-74.22
2.3e-05,2.2e-05,4e-13,3.5e-10,5e-11,0.0536,35700000000.0,1690000000.0,11.2,-73.87
2.3e-05,2.2e-05,4e-13,3.5e-10,1.5e-10,0.0536,35700000000.0,1690000000.0,11.2,-73.9
2.3e-05,2.2e-05,4e-13,3.5e-10,2e-10,0.0536,35700000000.0,1690000000.0,11.2,-73.79
2.3e-05,2.2e-05,4e-13,3.5e-10,2.5e-10,0.0536,35700000000.0,1690000000.0,11.2,-73.67
2.3e-05,2.2e-05,4e-13,4.5e-10,1e-10,0.0536,32600000000.0,1620000000.0,11.46,-73.06
2.3e-05,2.2e-05,4e-13,4.5e-10,5e-11,0.0536,32600000000.0,1600000000.0,11.46,-73.02
2.3e-05,2.2e-05,4e-13,4.5e-10,1.5e-10,0.0536,32600000000.0,1610000000.0,11.46,-73.01
2.3e-05,2.2e-05,4e-13,4.5e-10,2e-10,0.0536,32600000000.0,1610000000.0,11.46,-72.98
2.3e-05,2.2e-05,4e-13,4.5e-10,2.5e-10,0.0536,32600000000.0,1600000000.0,11.46,-73.09
2.3e-05,2.2e-05,4e-13,5e-10,2e-10,0.0536,31500000000.0,1590000000.0,11.54,-72.71
2.3e-05,2.2e-05,6e-13,4e-10,1e-10,0.0536,34000000000.0,1640000000.0,11.35,-73.47
2.3e-05,2.2e-05,6e-13,4e-10,5e-11,0.0536,34000000000.0,1660000000.0,11.35,-73.45
2.3e-05,2.2e-05,6e-13,4e-10,1.5e-10,0.0536,34000000000.0,1650000000.0,11.35,-73.37
2.3e-05,2.2e-05,6e-13,3e-10,1e-10,0.0536,37800000000.0,1770000000.0,10.96,-74.4
2.3e-05,2.2e-05,6e-13,3e-10,5e-11,0.0536,37800000000.0,1750000000.0,10.97,-74.25
2.3e-05,2.2e-05,6e-13,3e-10,1.5e-10,0.0536,37800000000.0,1770000000.0,10.97,-74.0
2.3e-05,2.2e-05,6e-13,3.5e-10,1e-10,0.0536,35700000000.0,1710000000.0,11.2,-73.98
2.3e-05,2.2e-05,6e-13,3.5e-10,5e-11,0.0536,35700000000.0,1700000000.0,11.2,-74.02
2.3e-05,2.2e-05,6e-13,3.5e-10,1.5e-10,0.0536,35700000000.0,1690000000.0,11.2,-75.32
2.3e-05,2.2e-05,6e-13,3.5e-10,2.5e-10,0.0536,35700000000.0,1700000000.0,11.2,-73.85
2.3e-05,2.2e-05,6e-13,4.5e-10,1e-10,0.0536,32600000000.0,1620000000.0,11.46,-73.01
2.3e-05,2.2e-05,6e-13,4.5e-10,5e-11,0.0536,32600000000.0,1610000000.0,11.46,-73.52
2.3e-05,2.2e-05,6e-13,4.5e-10,1.5e-10,0.0536,32600000000.0,1620000000.0,11.46,-73.15
2.3e-05,2.2e-05,6e-13,4.5e-10,2e-10,0.0536,32600000000.0,1620000000.0,11.46,-72.84
2.3e-05,2.2e-05,6e-13,5e-10,5e-11,0.0536,31500000000.0,1590000000.0,11.54,-72.7
2.3e-05,2.2e-05,7e-13,4e-10,1e-10,0.0536,34000000000.0,1650000000.0,11.35,-73.2
2.3e-05,2.2e-05,7e-13,4e-10,5e-11,0.0536,34000000000.0,1640000000.0,11.35,-73.41
2.3e-05,2.2e-05,7e-13,4e-10,1.5e-10,0.0536,34000000000.0,1650000000.0,11.35,-73.45
2.3e-05,2.2e-05,7e-13,4e-10,2e-10,0.0536,34000000000.0,1650000000.0,11.35,-73.59
2.3e-05,2.2e-05,7e-13,3e-10,1e-10,0.0536,37800000000.0,1770000000.0,10.96,-74.35
2.3e-05,2.2e-05,7e-13,3e-10,5e-11,0.0536,37800000000.0,1760000000.0,10.97,-74.42
2.3e-05,2.2e-05,7e-13,3e-10,2e-10,0.0536,37800000000.0,1770000000.0,10.97,-74.41
2.3e-05,2.2e-05,7e-13,3.5e-10,1e-10,0.0536,35700000000.0,1690000000.0,11.2,-73.88
2.3e-05,2.2e-05,7e-13,3.5e-10,5e-11,0.0536,35700000000.0,1690000000.0,11.2,-73.85
2.3e-05,2.2e-05,7e-13,3.5e-10,1.5e-10,0.0536,35700000000.0,1700000000.0,11.2,-73.9
2.3e-05,2.2e-05,7e-13,3.5e-10,2e-10,0.0536,35700000000.0,1710000000.0,11.2,-74.18
2.3e-05,2.2e-05,7e-13,3.5e-10,2.5e-10,0.0536,35700000000.0,1700000000.0,11.2,-73.83
2.3e-05,2.2e-05,7e-13,4.5e-10,1e-10,0.0536,32600000000.0,1610000000.0,11.46,-73.0
2.3e-05,2.2e-05,7e-13,4.5e-10,5e-11,0.0536,32600000000.0,1600000000.0,11.46,-73.01
2.3e-05,2.2e-05,7e-13,4.5e-10,1.5e-10,0.0536,32600000000.0,1620000000.0,11.46,-73.05
2.3e-05,2.2e-05,7e-13,4.5e-10,2e-10,0.0536,32600000000.0,1610000000.0,11.46,-73.02
2.3e-05,2.3e-05,5e-13,4e-10,1e-10,0.0536,34000000000.0,1550000000.0,11.29,-73.19
2.3e-05,2.3e-05,5e-13,4e-10,1.5e-10,0.0536,34000000000.0,1540000000.0,11.29,-73.51
2.3e-05,2.3e-05,5e-13,4e-10,2e-10,0.0536,34000000000.0,1540000000.0,11.29,-73.32
2.3e-05,2.3e-05,5e-13,4e-10,2.5e-10,0.0536,34000000000.0,1550000000.0,11.29,-73.3
2.3e-05,2.3e-05,5e-13,3e-10,1e-10,0.0536,37800000000.0,1630000000.0,10.88,-74.34
2.3e-05,2.3e-05,5e-13,3e-10,5e-11,0.0536,37800000000.0,1640000000.0,10.88,-74.26
2.3e-05,2.3e-05,5e-13,3e-10,1.5e-10,0.0536,37800000000.0,1640000000.0,10.88,-74.23
2.3e-05,2.3e-05,5e-13,3e-10,2e-10,0.0536,37800000000.0,1620000000.0,10.88,-74.24
2.3e-05,2.3e-05,5e-13,3e-10,2.5e-10,0.0536,37800000000.0,1620000000.0,10.88,-74.29
2.3e-05,2.3e-05,5e-13,3.5e-10,1e-10,0.0536,35600000000.0,1580000000.0,11.13,-73.34
2.3e-05,2.3e-05,5e-13,3.5e-10,5e-11,0.0536,35600000000.0,1580000000.0,11.13,-73.7
2.3e-05,2.3e-05,5e-13,3.5e-10,1.5e-10,0.0536,35600000000.0,1590000000.0,11.12,-73.69
2.3e-05,2.3e-05,5e-13,3.5e-10,2e-10,0.0536,35600000000.0,1570000000.0,11.13,-73.65
2.3e-05,2.3e-05,5e-13,3.5e-10,2.5e-10,0.0536,35600000000.0,1580000000.0,11.13,-73.57
2.3e-05,2.3e-05,5e-13,4.5e-10,1e-10,0.0536,32600000000.0,1520000000.0,11.4,-72.85
2.3e-05,2.3e-05,5e-13,4.5e-10,5e-11,0.0536,32600000000.0,1520000000.0,11.4,-72.93
2.3e-05,2.3e-05,5e-13,4.5e-10,1.5e-10,0.0536,32600000000.0,1520000000.0,11.4,-72.9
2.3e-05,2.3e-05,5e-13,4.5e-10,2e-10,0.0536,32600000000.0,1510000000.0,11.4,-72.9
2.3e-05,2.3e-05,5e-13,4.5e-10,2.5e-10,0.0536,32600000000.0,1530000000.0,11.4,-72.92
2.3e-05,2.3e-05,5e-13,5e-10,1e-10,0.0536,31400000000.0,1510000000.0,11.48,-72.61
2.3e-05,2.3e-05,5e-13,5e-10,5e-11,0.0536,31400000000.0,1490000000.0,11.49,-72.62
2.3e-05,2.3e-05,5e-13,5e-10,1.5e-10,0.0536,31400000000.0,1500000000.0,11.48,-72.71
2.3e-05,2.3e-05,5e-13,5e-10,2e-10,0.0536,31400000000.0,1500000000.0,11.48,-72.6
2.3e-05,2.3e-05,5e-13,5e-10,2.5e-10,0.0536,31400000000.0,1500000000.0,11.48,-72.63
2.3e-05,2.3e-05,3e-13,4e-10,1e-10,0.0536,34000000000.0,1540000000.0,11.29,-73.24
2.3e-05,2.3e-05,3e-13,4e-10,5e-11,0.0536,34000000000.0,1540000000.0,11.29,-73.23
2.3e-05,2.3e-05,3e-13,4e-10,2e-10,0.0536,34000000000.0,1540000000.0,11.29,-73.11
2.3e-05,2.3e-05,3e-13,4e-10,2.5e-10,0.0536,34000000000.0,1540000000.0,11.29,-73.31
2.3e-05,2.3e-05,3e-13,3e-10,1e-10,0.0536,37800000000.0,1620000000.0,10.88,-74.34
2.3e-05,2.3e-05,3e-13,3e-10,5e-11,0.0536,37800000000.0,1630000000.0,10.88,-74.24
2.3e-05,2.3e-05,3e-13,3e-10,2e-10,0.0536,37800000000.0,1630000000.0,10.88,-74.25
2.3e-05,2.3e-05,3e-13,3e-10,2.5e-10,0.0536,37800000000.0,1630000000.0,10.88,-74.33
2.3e-05,2.3e-05,3e-13,3.5e-10,1e-10,0.0536,35700000000.0,1590000000.0,11.12,-73.72
2.3e-05,2.3e-05,3e-13,3.5e-10,5e-11,0.0536,35700000000.0,1570000000.0,11.13,-73.76
2.3e-05,2.3e-05,3e-13,3.5e-10,1.5e-10,0.0536,35700000000.0,1580000000.0,11.13,-73.75
2.3e-05,2.3e-05,3e-13,3.5e-10,2e-10,0.0536,35700000000.0,1580000000.0,11.13,-73.79
2.3e-05,2.3e-05,3e-13,3.5e-10,2.5e-10,0.0536,35700000000.0,1580000000.0,11.13,-73.86
2.3e-05,2.3e-05,3e-13,4.5e-10,1e-10,0.0536,32600000000.0,1520000000.0,11.4,-72.89
2.3e-05,2.3e-05,3e-13,4.5e-10,5e-11,0.0536,32600000000.0,1520000000.0,11.4,-73.04
2.3e-05,2.3e-05,3e-13,4.5e-10,2e-10,0.0536,32600000000.0,1520000000.0,11.4,-72.97
2.3e-05,2.3e-05,3e-13,5e-10,1e-10,0.0536,31400000000.0,1500000000.0,11.48,-72.54
2.3e-05,2.3e-05,3e-13,5e-10,5e-11,0.0536,31400000000.0,1490000000.0,11.48,-72.64
2.3e-05,2.3e-05,3e-13,5e-10,1.5e-10,0.0536,31400000000.0,1500000000.0,11.48,-72.58
2.3e-05,2.3e-05,3e-13,5e-10,2.5e-10,0.0536,31400000000.0,1490000000.0,11.48,-72.69
2.3e-05,2.3e-05,4e-13,4e-10,5e-11,0.0536,34000000000.0,1540000000.0,11.28,-73.63
2.3e-05,2.3e-05,4e-13,4e-10,2e-10,0.0536,34000000000.0,1540000000.0,11.29,-73.49
2.3e-05,2.3e-05,4e-13,4e-10,2.5e-10,0.0536,34000000000.0,1550000000.0,11.29,-73.29
2.3e-05,2.3e-05,4e-13,3e-10,1e-10,0.0536,37800000000.0,1620000000.0,10.88,-74.31
2.3e-05,2.3e-05,4e-13,3e-10,5e-11,0.0536,37800000000.0,1640000000.0,10.88,-74.24
2.3e-05,2.3e-05,4e-13,3e-10,1.5e-10,0.0536,37800000000.0,1620000000.0,10.88,-75.99
2.3e-05,2.3e-05,4e-13,3e-10,2e-10,0.0536,37800000000.0,1620000000.0,10.88,-74.43
2.3e-05,2.3e-05,4e-13,3.5e-10,1e-10,0.0536,35600000000.0,1590000000.0,11.12,-73.66
2.3e-05,2.3e-05,4e-13,3.5e-10,5e-11,0.0536,35600000000.0,1570000000.0,11.12,-73.74
2.3e-05,2.3e-05,4e-13,3.5e-10,1.5e-10,0.0536,35600000000.0,1580000000.0,11.13,-73.76
2.3e-05,2.3e-05,4e-13,3.5e-10,2e-10,0.0536,35600000000.0,1580000000.0,11.12,-73.76
2.3e-05,2.3e-05,4e-13,3.5e-10,2.5e-10,0.0536,35600000000.0,1580000000.0,11.13,-73.72
2.3e-05,2.3e-05,4e-13,4.5e-10,1e-10,0.0536,32600000000.0,1510000000.0,11.4,-72.95
2.3e-05,2.3e-05,4e-13,4.5e-10,2e-10,0.0536,32600000000.0,1520000000.0,11.4,-72.94
2.3e-05,2.3e-05,4e-13,5e-10,1e-10,0.0536,31400000000.0,1500000000.0,11.48,-72.48
2.3e-05,2.3e-05,4e-13,5e-10,1.5e-10,0.0536,31400000000.0,1500000000.0,11.48,-72.59
2.3e-05,2.3e-05,4e-13,5e-10,2e-10,0.0536,31400000000.0,1490000000.0,11.48,-72.66
2.3e-05,2.3e-05,4e-13,5e-10,2.5e-10,0.0536,31400000000.0,1500000000.0,11.48,-72.61
2.3e-05,2.3e-05,6e-13,4e-10,1e-10,0.0536,34000000000.0,1540000000.0,11.28,-73.3
2.3e-05,2.3e-05,6e-13,4e-10,1.5e-10,0.0536,34000000000.0,1540000000.0,11.29,-73.26
2.3e-05,2.3e-05,6e-13,3e-10,2e-10,0.0536,37800000000.0,1630000000.0,10.88,-74.26
2.3e-05,2.3e-05,6e-13,3e-10,2.5e-10,0.0536,37800000000.0,1630000000.0,10.88,-74.03
2.3e-05,2.3e-05,6e-13,3.5e-10,1e-10,0.0536,35600000000.0,1580000000.0,11.13,-73.92
2.3e-05,2.3e-05,6e-13,3.5e-10,5e-11,0.0536,35600000000.0,1580000000.0,11.13,-73.74
2.3e-05,2.3e-05,6e-13,3.5e-10,1.5e-10,0.0536,35600000000.0,1590000000.0,11.12,-73.71
2.3e-05,2.3e-05,6e-13,3.5e-10,2e-10,0.0536,35600000000.0,1580000000.0,11.13,-73.78
2.3e-05,2.3e-05,6e-13,4.5e-10,1e-10,0.0536,32600000000.0,1520000000.0,11.4,-73.17
2.3e-05,2.3e-05,6e-13,4.5e-10,5e-11,0.0536,32600000000.0,1520000000.0,11.4,-72.84
2.3e-05,2.3e-05,6e-13,4.5e-10,2e-10,0.0536,32600000000.0,1530000000.0,11.4,-72.89
2.3e-05,2.3e-05,6e-13,5e-10,1e-10,0.0536,31400000000.0,1490000000.0,11.48,-72.65
2.3e-05,2.3e-05,6e-13,5e-10,1.5e-10,0.0536,31400000000.0,1500000000.0,11.48,-72.64
2.3e-05,2.3e-05,6e-13,5e-10,2.5e-10,0.0536,31400000000.0,1510000000.0,11.48,-72.63
2.3e-05,2.3e-05,7e-13,4e-10,2e-10,0.0536,34000000000.0,1540000000.0,11.29,-73.34
2.3e-05,2.3e-05,7e-13,4e-10,2.5e-10,0.0536,34000000000.0,1540000000.0,11.29,-73.47
2.3e-05,2.3e-05,7e-13,3e-10,1e-10,0.0536,37800000000.0,1630000000.0,10.88,-74.31
2.3e-05,2.3e-05,7e-13,3e-10,5e-11,0.0536,37800000000.0,1640000000.0,10.88,-74.06
2.3e-05,2.3e-05,7e-13,3e-10,1.5e-10,0.0536,37800000000.0,1620000000.0,10.88,-74.35
2.3e-05,2.3e-05,7e-13,3e-10,2.5e-10,0.0536,37800000000.0,1630000000.0,10.88,-74.39
2.3e-05,2.3e-05,7e-13,3.5e-10,1e-10,0.0536,35600000000.0,1580000000.0,11.13,-73.75
2.3e-05,2.3e-05,7e-13,3.5e-10,5e-11,0.0536,35600000000.0,1590000000.0,11.12,-73.72
2.3e-05,2.3e-05,7e-13,3.5e-10,1.5e-10,0.0536,35600000000.0,1580000000.0,11.13,-73.77
2.3e-05,2.3e-05,7e-13,3.5e-10,2e-10,0.0536,35600000000.0,1570000000.0,11.13,-73.76
2.3e-05,2.3e-05,7e-13,3.5e-10,2.5e-10,0.0536,35600000000.0,1580000000.0,11.12,-73.72
2.3e-05,2.3e-05,7e-13,4.5e-10,1e-10,0.0536,32600000000.0,1520000000.0,11.4,-73.0
2.3e-05,2.3e-05,7e-13,4.5e-10,5e-11,0.0536,32600000000.0,1520000000.0,11.4,-72.72
2.3e-05,2.3e-05,7e-13,4.5e-10,2e-10,0.0536,32600000000.0,1510000000.0,11.4,-72.94
2.3e-05,2.3e-05,7e-13,4.5e-10,2.5e-10,0.0536,32600000000.0,1520000000.0,11.4,-72.77
2.3e-05,2.3e-05,7e-13,5e-10,1e-10,0.0536,31400000000.0,1490000000.0,11.49,-72.58
2.3e-05,2.3e-05,7e-13,5e-10,5e-11,0.0536,31400000000.0,1510000000.0,11.49,-72.62
2.3e-05,2.3e-05,7e-13,5e-10,1.5e-10,0.0536,31400000000.0,1500000000.0,11.48,-72.62
2.3e-05,2.4e-05,5e-13,4e-10,1e-10,0.0536,33900000000.0,1420000000.0,11.22,-73.19
2.3e-05,2.4e-05,5e-13,4e-10,5e-11,0.0536,33900000000.0,1430000000.0,11.22,-73.27
2.3e-05,2.4e-05,5e-13,4e-10,1.5e-10,0.0536,33900000000.0,1430000000.0,11.22,-73.18
2.3e-05,2.4e-05,5e-13,4e-10,2.5e-10,0.0536,33900000000.0,1420000000.0,11.22,-73.31
2.3e-05,2.4e-05,5e-13,3e-10,1e-10,0.0536,37800000000.0,1470000000.0,10.79,-74.17
2.3e-05,2.4e-05,5e-13,3e-10,5e-11,0.0536,37800000000.0,1480000000.0,10.79,-74.21
2.3e-05,2.4e-05,5e-13,3e-10,1.5e-10,0.0536,37800000000.0,1470000000.0,10.79,-74.2
2.3e-05,2.4e-05,5e-13,3e-10,2e-10,0.0536,37800000000.0,1480000000.0,10.79,-74.01
2.3e-05,2.4e-05,5e-13,3e-10,2.5e-10,0.0536,37800000000.0,1480000000.0,10.79,-73.72
2.3e-05,2.4e-05,5e-13,3.5e-10,1e-10,0.0536,35600000000.0,1440000000.0,11.05,-74.43
2.3e-05,2.4e-05,5e-13,3.5e-10,5e-11,0.0536,35600000000.0,1440000000.0,11.05,-73.56
2.3e-05,2.4e-05,5e-13,3.5e-10,1.5e-10,0.0536,35600000000.0,1440000000.0,11.05,-73.62
2.3e-05,2.4e-05,5e-13,3.5e-10,2e-10,0.0536,35600000000.0,1450000000.0,11.05,-73.55
2.3e-05,2.4e-05,5e-13,3.5e-10,2.5e-10,0.0536,35600000000.0,1450000000.0,11.05,-73.71
2.3e-05,2.4e-05,5e-13,4.5e-10,1e-10,0.0536,32600000000.0,1410000000.0,11.34,-72.84
2.3e-05,2.4e-05,5e-13,4.5e-10,5e-11,0.0536,32600000000.0,1410000000.0,11.34,-72.87
2.3e-05,2.4e-05,5e-13,4.5e-10,1.5e-10,0.0536,32600000000.0,1410000000.0,11.33,-72.83
2.3e-05,2.4e-05,5e-13,4.5e-10,2e-10,0.0536,32600000000.0,1400000000.0,11.33,-72.81
2.3e-05,2.4e-05,5e-13,4.5e-10,2.5e-10,0.0536,32600000000.0,1410000000.0,11.34,-72.92
2.3e-05,2.4e-05,5e-13,5e-10,1e-10,0.0536,31400000000.0,1400000000.0,11.42,-72.37
2.3e-05,2.4e-05,5e-13,5e-10,5e-11,0.0536,31400000000.0,1390000000.0,11.43,-72.7
2.3e-05,2.4e-05,5e-13,5e-10,1.5e-10,0.0536,31400000000.0,1390000000.0,11.42,-72.52
2.3e-05,2.4e-05,5e-13,5e-10,2e-10,0.0536,31400000000.0,1400000000.0,11.43,-72.58
2.3e-05,2.4e-05,5e-13,5e-10,2.5e-10,0.0536,31400000000.0,1400000000.0,11.43,-72.52
2.3e-05,2.4e-05,3e-13,4e-10,1e-10,0.0536,33900000000.0,1420000000.0,11.22,-73.35
2.3e-05,2.4e-05,3e-13,4e-10,2e-10,0.0536,33900000000.0,1420000000.0,11.22,-73.12
2.3e-05,2.4e-05,3e-13,4e-10,2.5e-10,0.0536,33900000000.0,1430000000.0,11.22,-70.53
2.3e-05,2.4e-05,3e-13,3e-10,1e-10,0.0536,37800000000.0,1480000000.0,10.79,-74.18
2.3e-05,2.4e-05,3e-13,3e-10,5e-11,0.0536,37800000000.0,1470000000.0,10.79,-76.29
2.3e-05,2.4e-05,3e-13,3e-10,1.5e-10,0.0536,37800000000.0,1480000000.0,10.79,-74.08
2.3e-05,2.4e-05,3e-13,3e-10,2e-10,0.0536,37800000000.0,1470000000.0,10.8,-74.18
2.3e-05,2.4e-05,3e-13,3e-10,2.5e-10,0.0536,37800000000.0,1470000000.0,10.8,-74.24
2.3e-05,2.4e-05,3e-13,3.5e-10,1e-10,0.0536,35600000000.0,1440000000.0,11.05,-73.6
2.3e-05,2.4e-05,3e-13,3.5e-10,5e-11,0.0536,35600000000.0,1450000000.0,11.05,-73.59
2.3e-05,2.4e-05,3e-13,3.5e-10,1.5e-10,0.0536,35600000000.0,1440000000.0,11.05,-73.61
2.3e-05,2.4e-05,3e-13,3.5e-10,2e-10,0.0536,35600000000.0,1450000000.0,11.05,-73.18
2.3e-05,2.4e-05,3e-13,3.5e-10,2.5e-10,0.0536,35600000000.0,1450000000.0,11.05,-73.65
2.3e-05,2.4e-05,3e-13,4.5e-10,1e-10,0.0536,32600000000.0,1400000000.0,11.34,-73.64
2.3e-05,2.4e-05,3e-13,4.5e-10,5e-11,0.0536,32600000000.0,1410000000.0,11.33,-72.84
2.3e-05,2.4e-05,3e-13,4.5e-10,1.5e-10,0.0536,32600000000.0,1410000000.0,11.33,-73.6
2.3e-05,2.4e-05,3e-13,4.5e-10,2e-10,0.0536,32600000000.0,1400000000.0,11.34,-72.83
2.3e-05,2.4e-05,3e-13,4.5e-10,2.5e-10,0.0536,32600000000.0,1410000000.0,11.34,-72.83
2.3e-05,2.4e-05,3e-13,5e-10,1e-10,0.0536,31400000000.0,1400000000.0,11.42,-72.58
2.3e-05,2.4e-05,3e-13,5e-10,5e-11,0.0536,31400000000.0,1390000000.0,11.42,-72.45
2.3e-05,2.4e-05,3e-13,5e-10,2e-10,0.0536,31400000000.0,1400000000.0,11.42,-72.49
2.3e-05,2.4e-05,3e-13,5e-10,2.5e-10,0.0536,31400000000.0,1400000000.0,11.42,-72.43
2.3e-05,2.4e-05,4e-13,4e-10,1e-10,0.0536,33900000000.0,1430000000.0,11.22,-73.16
2.3e-05,2.4e-05,4e-13,4e-10,5e-11,0.0536,33900000000.0,1420000000.0,11.22,-73.21
2.3e-05,2.4e-05,4e-13,4e-10,1.5e-10,0.0536,33900000000.0,1430000000.0,11.22,-73.2
2.3e-05,2.4e-05,4e-13,4e-10,2e-10,0.0536,33900000000.0,1420000000.0,11.22,-73.24
2.3e-05,2.4e-05,4e-13,4e-10,2.5e-10,0.0536,33900000000.0,1420000000.0,11.22,-73.14
2.3e-05,2.4e-05,4e-13,3e-10,1e-10,0.0536,37800000000.0,1480000000.0,10.79,-74.09
2.3e-05,2.4e-05,4e-13,3e-10,5e-11,0.0536,37800000000.0,1470000000.0,10.79,-74.12
2.3e-05,2.4e-05,4e-13,3e-10,1.5e-10,0.0536,37800000000.0,1480000000.0,10.79,-74.11
2.3e-05,2.4e-05,4e-13,3e-10,2e-10,0.0536,37800000000.0,1470000000.0,10.79,-74.06
2.3e-05,2.4e-05,4e-13,3.5e-10,1e-10,0.0536,35600000000.0,1450000000.0,11.05,-73.57
2.3e-05,2.4e-05,4e-13,3.5e-10,1.5e-10,0.0536,35600000000.0,1450000000.0,11.05,-73.64
2.3e-05,2.4e-05,4e-13,3.5e-10,2e-10,0.0536,35600000000.0,1440000000.0,11.05,-73.8
2.3e-05,2.4e-05,4e-13,3.5e-10,2.5e-10,0.0536,35600000000.0,1450000000.0,11.05,-74.68
2.3e-05,2.4e-05,4e-13,4.5e-10,1e-10,0.0536,32600000000.0,1400000000.0,11.33,-72.84
2.3e-05,2.4e-05,4e-13,4.5e-10,5e-11,0.0536,32600000000.0,1410000000.0,11.34,-72.9
2.3e-05,2.4e-05,4e-13,4.5e-10,1.5e-10,0.0536,32600000000.0,1410000000.0,11.34,-73.03
2.3e-05,2.4e-05,4e-13,4.5e-10,2e-10,0.0536,32600000000.0,1420000000.0,11.33,-73.47
2.3e-05,2.4e-05,4e-13,4.5e-10,2.5e-10,0.0536,32600000000.0,1410000000.0,11.34,-72.82
2.3e-05,2.4e-05,4e-13,5e-10,1e-10,0.0536,31400000000.0,1410000000.0,11.42,-72.65
2.3e-05,2.4e-05,4e-13,5e-10,5e-11,0.0536,31400000000.0,1400000000.0,11.43,-72.54
2.3e-05,2.4e-05,4e-13,5e-10,1.5e-10,0.0536,31400000000.0,1390000000.0,11.42,-72.62
2.3e-05,2.4e-05,4e-13,5e-10,2e-10,0.0536,31400000000.0,1390000000.0,11.42,-72.59
2.3e-05,2.4e-05,4e-13,5e-10,2.5e-10,0.0536,31400000000.0,1390000000.0,11.42,-72.54
2.3e-05,2.4e-05,6e-13,4e-10,5e-11,0.0536,33900000000.0,1420000000.0,11.22,-73.17
2.3e-05,2.4e-05,6e-13,4e-10,2e-10,0.0536,33900000000.0,1420000000.0,11.22,-73.16
2.3e-05,2.4e-05,6e-13,3e-10,1e-10,0.0536,37800000000.0,1470000000.0,10.79,-74.36
2.3e-05,2.4e-05,6e-13,3e-10,5e-11,0.0536,37800000000.0,1480000000.0,10.79,-73.73
2.3e-05,2.4e-05,6e-13,3e-10,1.5e-10,0.0536,37800000000.0,1470000000.0,10.8,-74.2
2.3e-05,2.4e-05,6e-13,3e-10,2.5e-10,0.0536,37800000000.0,1480000000.0,10.79,-74.16
2.3e-05,2.4e-05,6e-13,3.5e-10,1e-10,0.0536,35600000000.0,1450000000.0,11.05,-73.6
2.3e-05,2.4e-05,6e-13,3.5e-10,5e-11,0.0536,35600000000.0,1450000000.0,11.05,-73.63
2.3e-05,2.4e-05,6e-13,3.5e-10,1.5e-10,0.0536,35600000000.0,1450000000.0,11.05,-73.58
2.3e-05,2.4e-05,6e-13,3.5e-10,2.5e-10,0.0536,35600000000.0,1440000000.0,11.05,-73.65
2.3e-05,2.4e-05,6e-13,4.5e-10,1.5e-10,0.0536,32600000000.0,1400000000.0,11.34,-72.74
2.3e-05,2.4e-05,6e-13,4.5e-10,2e-10,0.0536,32600000000.0,1410000000.0,11.34,-72.85
2.3e-05,2.4e-05,6e-13,5e-10,5e-11,0.0536,31400000000.0,1390000000.0,11.42,-72.53
2.3e-05,2.4e-05,6e-13,5e-10,1.5e-10,0.0536,31400000000.0,1390000000.0,11.43,-72.55
2.3e-05,2.4e-05,6e-13,5e-10,2e-10,0.0536,31400000000.0,1390000000.0,11.43,-72.54
2.3e-05,2.4e-05,6e-13,5e-10,2.5e-10,0.0536,31400000000.0,1400000000.0,11.43,-72.28
2.3e-05,2.4e-05,7e-13,4e-10,2e-10,0.0536,33900000000.0,1430000000.0,11.22,-73.21
2.3e-05,2.4e-05,7e-13,4e-10,2.5e-10,0.0536,33900000000.0,1420000000.0,11.22,-73.36
2.3e-05,2.4e-05,7e-13,3e-10,5e-11,0.0536,37800000000.0,1480000000.0,10.79,-73.63
2.3e-05,2.4e-05,7e-13,3e-10,1.5e-10,0.0536,37800000000.0,1480000000.0,10.79,-72.17
2.3e-05,2.4e-05,7e-13,3e-10,2.5e-10,0.0536,37800000000.0,1480000000.0,10.79,-74.56
2.3e-05,2.4e-05,7e-13,3.5e-10,5e-11,0.0536,35600000000.0,1450000000.0,11.05,-73.69
2.3e-05,2.4e-05,7e-13,3.5e-10,2.5e-10,0.0536,35600000000.0,1440000000.0,11.05,-73.53
2.3e-05,2.4e-05,7e-13,4.5e-10,1e-10,0.0536,32600000000.0,1400000000.0,11.34,-72.88
2.3e-05,2.4e-05,7e-13,4.5e-10,5e-11,0.0536,32600000000.0,1400000000.0,11.34,-72.84
2.3e-05,2.4e-05,7e-13,4.5e-10,2.5e-10,0.0536,32600000000.0,1400000000.0,11.33,-72.8
2.3e-05,2.4e-05,7e-13,5e-10,1e-10,0.0536,31400000000.0,1390000000.0,11.43,-72.58
2.3e-05,2.4e-05,7e-13,5e-10,5e-11,0.0536,31400000000.0,1400000000.0,11.42,-72.39
2.3e-05,2.4e-05,7e-13,5e-10,2e-10,0.0536,31400000000.0,1400000000.0,11.42,-72.75
2.3e-05,2.4e-05,7e-13,5e-10,2.5e-10,0.0536,31400000000.0,1400000000.0,11.42,-72.48
2.3e-05,2.5e-05,5e-13,4e-10,1e-10,0.0536,33900000000.0,1290000000.0,11.15,-73.09
2.3e-05,2.5e-05,5e-13,4e-10,5e-11,0.0536,33900000000.0,1290000000.0,11.14,-72.86
2.3e-05,2.5e-05,5e-13,4e-10,1.5e-10,0.0536,33900000000.0,1280000000.0,11.15,-73.11
2.3e-05,2.5e-05,5e-13,4e-10,2e-10,0.0536,33900000000.0,1280000000.0,11.15,-73.03
2.3e-05,2.5e-05,5e-13,4e-10,2.5e-10,0.0536,33900000000.0,1290000000.0,11.14,-73.05
2.3e-05,2.5e-05,5e-13,3e-10,1e-10,0.0536,37800000000.0,1300000000.0,10.7,-73.83
2.3e-05,2.5e-05,5e-13,3e-10,5e-11,0.0536,37800000000.0,1300000000.0,10.7,-74.03
2.3e-05,2.5e-05,5e-13,3e-10,1.5e-10,0.0536,37800000000.0,1290000000.0,10.7,-73.96
2.3e-05,2.5e-05,5e-13,3e-10,2e-10,0.0536,37800000000.0,1300000000.0,10.7,-73.95
2.3e-05,2.5e-05,5e-13,3e-10,2.5e-10,0.0536,37800000000.0,1300000000.0,10.7,-74.0
2.3e-05,2.5e-05,5e-13,3.5e-10,1e-10,0.0536,35600000000.0,1300000000.0,10.97,-73.24
2.3e-05,2.5e-05,5e-13,3.5e-10,5e-11,0.0536,35600000000.0,1290000000.0,10.97,-73.47
2.3e-05,2.5e-05,5e-13,3.5e-10,1.5e-10,0.0536,35600000000.0,1300000000.0,10.97,-73.53
2.3e-05,2.5e-05,5e-13,3.5e-10,2e-10,0.0536,35600000000.0,1300000000.0,10.97,-73.67
2.3e-05,2.5e-05,5e-13,3.5e-10,2.5e-10,0.0536,35600000000.0,1300000000.0,10.97,-74.97
2.3e-05,2.5e-05,5e-13,4.5e-10,1e-10,0.0536,32600000000.0,1280000000.0,11.27,-72.76
2.3e-05,2.5e-05,5e-13,4.5e-10,5e-11,0.0536,32600000000.0,1290000000.0,11.27,-72.68
2.3e-05,2.5e-05,5e-13,4.5e-10,1.5e-10,0.0536,32600000000.0,1280000000.0,11.27,-72.66
2.3e-05,2.5e-05,5e-13,4.5e-10,2e-10,0.0536,32600000000.0,1280000000.0,11.27,-72.79
2.3e-05,2.5e-05,5e-13,4.5e-10,2.5e-10,0.0536,32600000000.0,1280000000.0,11.27,-72.67
2.3e-05,2.5e-05,5e-13,5e-10,1e-10,0.0536,31400000000.0,1280000000.0,11.36,-72.42
2.3e-05,2.5e-05,5e-13,5e-10,5e-11,0.0536,31400000000.0,1270000000.0,11.36,-72.44
2.3e-05,2.5e-05,5e-13,5e-10,1.5e-10,0.0536,31400000000.0,1270000000.0,11.36,-72.47
2.3e-05,2.5e-05,5e-13,5e-10,2e-10,0.0536,31400000000.0,1270000000.0,11.36,-72.43
2.3e-05,2.5e-05,3e-13,4e-10,1e-10,0.0536,33900000000.0,1280000000.0,11.15,-74.38
2.3e-05,2.5e-05,3e-13,4e-10,5e-11,0.0536,33900000000.0,1290000000.0,11.14,-73.02
2.3e-05,2.5e-05,3e-13,4e-10,1.5e-10,0.0536,33900000000.0,1290000000.0,11.14,-73.07
2.3e-05,2.5e-05,3e-13,4e-10,2e-10,0.0536,33900000000.0,1280000000.0,11.15,-75.3
2.3e-05,2.5e-05,3e-13,3e-10,1e-10,0.0536,37800000000.0,1280000000.0,10.7,-74.41
2.3e-05,2.5e-05,3e-13,3e-10,5e-11,0.0536,37800000000.0,1300000000.0,10.7,-73.98
2.3e-05,2.5e-05,3e-13,3e-10,1.5e-10,0.0536,37800000000.0,1290000000.0,10.7,-74.06
2.3e-05,2.5e-05,3e-13,3e-10,2e-10,0.0536,37800000000.0,1300000000.0,10.7,-74.04
2.3e-05,2.5e-05,3e-13,3e-10,2.5e-10,0.0536,37800000000.0,1300000000.0,10.7,-73.9
2.3e-05,2.5e-05,3e-13,3.5e-10,1e-10,0.0536,35600000000.0,1290000000.0,10.97,-73.5
2.3e-05,2.5e-05,3e-13,3.5e-10,5e-11,0.0536,35600000000.0,1300000000.0,10.97,-74.17
2.3e-05,2.5e-05,3e-13,3.5e-10,1.5e-10,0.0536,35600000000.0,1300000000.0,10.97,-73.61
2.3e-05,2.5e-05,3e-13,3.5e-10,2e-10,0.0536,35600000000.0,1300000000.0,10.97,-73.47
2.3e-05,2.5e-05,3e-13,3.5e-10,2.5e-10,0.0536,35600000000.0,1290000000.0,10.97,-73.48
2.3e-05,2.5e-05,3e-13,4.5e-10,1e-10,0.0536,32600000000.0,1280000000.0,11.27,-72.73
2.3e-05,2.5e-05,3e-13,4.5e-10,5e-11,0.0536,32600000000.0,1290000000.0,11.27,-72.72
2.3e-05,2.5e-05,3e-13,4.5e-10,1.5e-10,0.0536,32600000000.0,1270000000.0,11.27,-72.74
2.3e-05,2.5e-05,3e-13,5e-10,5e-11,0.0536,31400000000.0,1280000000.0,11.36,-72.45
2.3e-05,2.5e-05,3e-13,5e-10,2e-10,0.0536,31400000000.0,1290000000.0,11.37,-72.41
2.3e-05,2.5e-05,3e-13,5e-10,2.5e-10,0.0536,31400000000.0,1290000000.0,11.37,-72.25
2.3e-05,2.5e-05,4e-13,4e-10,1e-10,0.0536,33900000000.0,1290000000.0,11.14,-73.11
2.3e-05,2.5e-05,4e-13,3e-10,1e-10,0.0536,37800000000.0,1300000000.0,10.7,-73.99
2.3e-05,2.5e-05,4e-13,3e-10,5e-11,0.0536,37800000000.0,1300000000.0,10.7,-74.53
2.3e-05,2.5e-05,4e-13,3e-10,1.5e-10,0.0536,37800000000.0,1290000000.0,10.7,-74.01
2.3e-05,2.5e-05,4e-13,3e-10,2e-10,0.0536,37800000000.0,1290000000.0,10.7,-74.04
2.3e-05,2.5e-05,4e-13,3e-10,2.5e-10,0.0536,37800000000.0,1300000000.0,10.7,-73.97
2.3e-05,2.5e-05,4e-13,3.5e-10,1e-10,0.0536,35600000000.0,1300000000.0,10.97,-73.36
2.3e-05,2.5e-05,4e-13,3.5e-10,5e-11,0.0536,35600000000.0,1300000000.0,10.97,-73.45
2.3e-05,2.5e-05,4e-13,3.5e-10,2.5e-10,0.0536,35600000000.0,1280000000.0,10.97,-73.43
2.3e-05,2.5e-05,4e-13,4.5e-10,1e-10,0.0536,32600000000.0,1290000000.0,11.27,-72.74
2.3e-05,2.5e-05,4e-13,4.5e-10,2.5e-10,0.0536,32600000000.0,1290000000.0,11.27,-72.47
2.3e-05,2.5e-05,4e-13,5e-10,1e-10,0.0536,31400000000.0,1280000000.0,11.36,-73.31
2.3e-05,2.5e-05,4e-13,5e-10,5e-11,0.0536,31400000000.0,1270000000.0,11.36,-72.37
2.3e-05,2.5e-05,4e-13,5e-10,1.5e-10,0.0536,31400000000.0,1280000000.0,11.36,-72.34
2.3e-05,2.5e-05,4e-13,5e-10,2e-10,0.0536,31400000000.0,1280000000.0,11.36,-72.59
2.3e-05,2.5e-05,4e-13,5e-10,2.5e-10,0.0536,31400000000.0,1270000000.0,11.36,-72.49
2.3e-05,2.5e-05,6e-13,4e-10,1e-10,0.0536,33900000000.0,1290000000.0,11.15,-73.0
2.3e-05,2.5e-05,6e-13,4e-10,1.5e-10,0.0536,33900000000.0,1290000000.0,11.15,-73.07
2.3e-05,2.5e-05,6e-13,4e-10,2e-10,0.0536,33900000000.0,1290000000.0,11.15,-73.18
2.3e-05,2.5e-05,6e-13,3e-10,1e-10,0.0536,37800000000.0,1290000000.0,10.7,-74.07
2.3e-05,2.5e-05,6e-13,3e-10,5e-11,0.0536,37800000000.0,1300000000.0,10.7,-74.54
2.3e-05,2.5e-05,6e-13,3e-10,1.5e-10,0.0536,37800000000.0,1290000000.0,10.7,-73.87
2.3e-05,2.5e-05,6e-13,3.5e-10,1e-10,0.0536,35600000000.0,1290000000.0,10.97,-73.52
2.3e-05,2.5e-05,6e-13,3.5e-10,1.5e-10,0.0536,35600000000.0,1290000000.0,10.97,-73.33
2.3e-05,2.5e-05,6e-13,3.5e-10,2.5e-10,0.0536,35600000000.0,1280000000.0,10.97,-73.22
2.3e-05,2.5e-05,6e-13,4.5e-10,1e-10,0.0536,32600000000.0,1270000000.0,11.27,-73.27
2.3e-05,2.5e-05,6e-13,4.5e-10,5e-11,0.0536,32600000000.0,1280000000.0,11.27,-72.74
2.3e-05,2.5e-05,6e-13,4.5e-10,2e-10,0.0536,32600000000.0,1280000000.0,11.27,-72.81
2.3e-05,2.5e-05,6e-13,4.5e-10,2.5e-10,0.0536,32600000000.0,1280000000.0,11.27,-72.69
2.3e-05,2.5e-05,6e-13,5e-10,1e-10,0.0536,31400000000.0,1270000000.0,11.36,-72.56
2.3e-05,2.5e-05,6e-13,5e-10,5e-11,0.0536,31400000000.0,1270000000.0,11.37,-72.81
2.3e-05,2.5e-05,6e-13,5e-10,1.5e-10,0.0536,31400000000.0,1280000000.0,11.36,-72.41
2.3e-05,2.5e-05,6e-13,5e-10,2e-10,0.0536,31400000000.0,1280000000.0,11.36,-72.46
2.3e-05,2.5e-05,6e-13,5e-10,2.5e-10,0.0536,31400000000.0,1270000000.0,11.36,-72.42
2.3e-05,2.5e-05,7e-13,4e-10,1e-10,0.0536,33900000000.0,1280000000.0,11.15,-74.53
2.3e-05,2.5e-05,7e-13,4e-10,2e-10,0.0536,33900000000.0,1280000000.0,11.15,-72.93
2.3e-05,2.5e-05,7e-13,3e-10,1.5e-10,0.0536,37800000000.0,1290000000.0,10.7,-73.83
2.3e-05,2.5e-05,7e-13,3e-10,2e-10,0.0536,37800000000.0,1290000000.0,10.7,-74.54
2.3e-05,2.5e-05,7e-13,3.5e-10,1e-10,0.0536,35600000000.0,1290000000.0,10.97,-73.45
2.3e-05,2.5e-05,7e-13,3.5e-10,5e-11,0.0536,35600000000.0,1300000000.0,10.97,-73.57
2.3e-05,2.5e-05,7e-13,3.5e-10,2e-10,0.0536,35600000000.0,1290000000.0,10.97,-73.32
2.3e-05,2.5e-05,7e-13,3.5e-10,2.5e-10,0.0536,35600000000.0,1290000000.0,10.97,-73.53
2.3e-05,2.5e-05,7e-13,4.5e-10,1e-10,0.0536,32600000000.0,1280000000.0,11.27,-72.75
2.3e-05,2.5e-05,7e-13,4.5e-10,5e-11,0.0536,32600000000.0,1280000000.0,11.27,-72.72
2.3e-05,2.5e-05,7e-13,4.5e-10,2.5e-10,0.0536,32600000000.0,1270000000.0,11.27,-73.24
2.3e-05,2.5e-05,7e-13,5e-10,1e-10,0.0536,31400000000.0,1280000000.0,11.36,-73.24
2.3e-05,2.5e-05,7e-13,5e-10,5e-11,0.0536,31400000000.0,1280000000.0,11.37,-72.43
2.3e-05,2.5e-05,7e-13,5e-10,2e-10,0.0536,31400000000.0,1280000000.0,11.36,-72.62
2.3e-05,2.5e-05,7e-13,5e-10,2.5e-10,0.0536,31400000000.0,1280000000.0,11.37,-72.32
2.4e-05,5e-06,5e-13,4e-10,1e-10,0.0559,36400000000.0,1060000000.0,12.01,-75.0
2.4e-05,5e-06,5e-13,4e-10,5e-11,0.0559,36400000000.0,1070000000.0,12.01,-75.31
2.4e-05,5e-06,5e-13,4e-10,1.5e-10,0.0559,36400000000.0,1070000000.0,12.01,-75.34
2.4e-05,5e-06,5e-13,4e-10,2e-10,0.0559,36400000000.0,1060000000.0,12.01,-75.46
2.4e-05,5e-06,5e-13,4e-10,2.5e-10,0.0559,36400000000.0,1070000000.0,12.01,-75.5
2.4e-05,5e-06,5e-13,3e-10,1e-10,0.0559,40500000000.0,1210000000.0,11.59,-77.09
2.4e-05,5e-06,5e-13,3e-10,5e-11,0.0559,40500000000.0,1210000000.0,11.58,-77.23
2.4e-05,5e-06,5e-13,3e-10,1.5e-10,0.0559,40500000000.0,1210000000.0,11.58,-77.47
2.4e-05,5e-06,5e-13,3e-10,2e-10,0.0559,40500000000.0,1210000000.0,11.59,-77.18
2.4e-05,5e-06,5e-13,3e-10,2.5e-10,0.0559,40500000000.0,1210000000.0,11.58,-78.09
2.4e-05,5e-06,5e-13,3.5e-10,1e-10,0.0559,38200000000.0,1120000000.0,11.85,-76.36
2.4e-05,5e-06,5e-13,3.5e-10,5e-11,0.0559,38200000000.0,1120000000.0,11.85,-76.61
2.4e-05,5e-06,5e-13,3.5e-10,1.5e-10,0.0559,38200000000.0,1120000000.0,11.85,-76.08
2.4e-05,5e-06,5e-13,3.5e-10,2.5e-10,0.0559,38200000000.0,1120000000.0,11.85,-76.29
2.4e-05,5e-06,5e-13,4.5e-10,1e-10,0.0559,35000000000.0,1020000000.0,12.11,-74.45
2.4e-05,5e-06,5e-13,4.5e-10,5e-11,0.0559,35000000000.0,1030000000.0,12.11,-74.73
2.4e-05,5e-06,5e-13,4.5e-10,1.5e-10,0.0559,35000000000.0,1030000000.0,12.11,-74.72
2.4e-05,5e-06,5e-13,4.5e-10,2e-10,0.0559,35000000000.0,1030000000.0,12.11,-74.85
2.4e-05,5e-06,5e-13,4.5e-10,2.5e-10,0.0559,35000000000.0,1030000000.0,12.11,-74.71
2.4e-05,5e-06,5e-13,5e-10,1e-10,0.0559,33800000000.0,995000000.0,12.17,-74.17
2.4e-05,5e-06,5e-13,5e-10,5e-11,0.0559,33800000000.0,998000000.0,12.18,-74.22
2.4e-05,5e-06,5e-13,5e-10,1.5e-10,0.0559,33800000000.0,986000000.0,12.18,-74.39
2.4e-05,5e-06,5e-13,5e-10,2e-10,0.0559,33800000000.0,986000000.0,12.18,-74.4
2.4e-05,5e-06,3e-13,4e-10,1e-10,0.0559,36500000000.0,1060000000.0,12.01,-75.57
2.4e-05,5e-06,3e-13,4e-10,5e-11,0.0559,36500000000.0,1060000000.0,12.01,-75.54
2.4e-05,5e-06,3e-13,4e-10,1.5e-10,0.0559,36500000000.0,1060000000.0,12.01,-75.53
2.4e-05,5e-06,3e-13,4e-10,2e-10,0.0559,36500000000.0,1060000000.0,12.01,-75.56
2.4e-05,5e-06,3e-13,4e-10,2.5e-10,0.0559,36500000000.0,1070000000.0,12.01,-75.27
2.4e-05,5e-06,3e-13,3e-10,1e-10,0.0559,40500000000.0,1210000000.0,11.59,-77.14
2.4e-05,5e-06,3e-13,3e-10,5e-11,0.0559,40500000000.0,1210000000.0,11.59,-77.1
2.4e-05,5e-06,3e-13,3e-10,1.5e-10,0.0559,40500000000.0,1210000000.0,11.59,-77.11
2.4e-05,5e-06,3e-13,3e-10,2e-10,0.0559,40500000000.0,1210000000.0,11.59,-77.32
2.4e-05,5e-06,3e-13,3e-10,2.5e-10,0.0559,40500000000.0,1210000000.0,11.58,-77.26
2.4e-05,5e-06,3e-13,3.5e-10,1e-10,0.0559,38200000000.0,1120000000.0,11.85,-76.35
2.4e-05,5e-06,3e-13,3.5e-10,5e-11,0.0559,38200000000.0,1120000000.0,11.85,-76.04
2.4e-05,5e-06,3e-13,3.5e-10,1.5e-10,0.0559,38200000000.0,1120000000.0,11.85,-76.06
2.4e-05,5e-06,3e-13,3.5e-10,2.5e-10,0.0559,38200000000.0,1120000000.0,11.85,-76.26
2.4e-05,5e-06,3e-13,4.5e-10,5e-11,0.0559,35000000000.0,1020000000.0,12.11,-74.79
2.4e-05,5e-06,3e-13,4.5e-10,1.5e-10,0.0559,35000000000.0,1020000000.0,12.11,-74.93
2.4e-05,5e-06,3e-13,4.5e-10,2e-10,0.0559,35000000000.0,1020000000.0,12.11,-75.02
2.4e-05,5e-06,3e-13,5e-10,1e-10,0.0559,33800000000.0,988000000.0,12.18,-73.95
2.4e-05,5e-06,3e-13,5e-10,5e-11,0.0559,33800000000.0,1000000000.0,12.18,-74.47
2.4e-05,5e-06,3e-13,5e-10,1.5e-10,0.0559,33800000000.0,987000000.0,12.18,-74.29
2.4e-05,5e-06,3e-13,5e-10,2e-10,0.0559,33800000000.0,986000000.0,12.18,-74.34
2.4e-05,5e-06,3e-13,5e-10,2.5e-10,0.0559,33800000000.0,988000000.0,12.18,-74.42
2.4e-05,5e-06,4e-13,4e-10,1e-10,0.0559,36400000000.0,1060000000.0,12.01,-75.08
2.4e-05,5e-06,4e-13,4e-10,5e-11,0.0559,36400000000.0,1070000000.0,12.01,-75.49
2.4e-05,5e-06,4e-13,4e-10,1.5e-10,0.0559,36400000000.0,1070000000.0,12.01,-75.27
2.4e-05,5e-06,4e-13,4e-10,2e-10,0.0559,36400000000.0,1070000000.0,12.01,-75.56
2.4e-05,5e-06,4e-13,4e-10,2.5e-10,0.0559,36400000000.0,1070000000.0,12.01,-75.59
2.4e-05,5e-06,4e-13,3e-10,1e-10,0.0559,40500000000.0,1210000000.0,11.59,-77.23
2.4e-05,5e-06,4e-13,3e-10,5e-11,0.0559,40500000000.0,1210000000.0,11.59,-76.97
2.4e-05,5e-06,4e-13,3e-10,1.5e-10,0.0559,40500000000.0,1210000000.0,11.59,-77.26
2.4e-05,5e-06,4e-13,3e-10,2e-10,0.0559,40500000000.0,1210000000.0,11.59,-77.08
2.4e-05,5e-06,4e-13,3e-10,2.5e-10,0.0559,40500000000.0,1210000000.0,11.59,-77.12
2.4e-05,5e-06,4e-13,3.5e-10,1e-10,0.0559,38200000000.0,1120000000.0,11.85,-76.09
2.4e-05,5e-06,4e-13,3.5e-10,5e-11,0.0559,38200000000.0,1120000000.0,11.85,-77.54
2.4e-05,5e-06,4e-13,3.5e-10,1.5e-10,0.0559,38200000000.0,1120000000.0,11.85,-76.16
2.4e-05,5e-06,4e-13,3.5e-10,2.5e-10,0.0559,38200000000.0,1120000000.0,11.85,-76.32
2.4e-05,5e-06,4e-13,4.5e-10,5e-11,0.0559,35000000000.0,1020000000.0,12.11,-74.94
2.4e-05,5e-06,4e-13,4.5e-10,1.5e-10,0.0559,35000000000.0,1030000000.0,12.11,-74.91
2.4e-05,5e-06,4e-13,4.5e-10,2.5e-10,0.0559,35000000000.0,1020000000.0,12.11,-76.44
2.4e-05,5e-06,4e-13,5e-10,1e-10,0.0559,33800000000.0,1000000000.0,12.18,-74.23
2.4e-05,5e-06,4e-13,5e-10,5e-11,0.0559,33800000000.0,986000000.0,12.18,-74.26
2.4e-05,5e-06,4e-13,5e-10,1.5e-10,0.0559,33800000000.0,993000000.0,12.17,-73.94
2.4e-05,5e-06,4e-13,5e-10,2.5e-10,0.0559,33800000000.0,988000000.0,12.18,-74.0
2.4e-05,5e-06,6e-13,4e-10,1e-10,0.0559,36400000000.0,1060000000.0,12.01,-75.09
2.4e-05,5e-06,6e-13,4e-10,5e-11,0.0559,36400000000.0,1070000000.0,12.01,-75.23
2.4e-05,5e-06,6e-13,4e-10,1.5e-10,0.0559,36400000000.0,1060000000.0,12.01,-75.48
2.4e-05,5e-06,6e-13,4e-10,2e-10,0.0559,36400000000.0,1060000000.0,12.01,-75.56
2.4e-05,5e-06,6e-13,4e-10,2.5e-10,0.0559,36400000000.0,1060000000.0,12.01,-75.47
2.4e-05,5e-06,6e-13,3e-10,1e-10,0.0559,40500000000.0,1210000000.0,11.59,-77.21
2.4e-05,5e-06,6e-13,3e-10,1.5e-10,0.0559,40500000000.0,1210000000.0,11.59,-77.03
2.4e-05,5e-06,6e-13,3.5e-10,1e-10,0.0559,38200000000.0,1120000000.0,11.85,-76.38
2.4e-05,5e-06,6e-13,3.5e-10,5e-11,0.0559,38200000000.0,1120000000.0,11.85,-76.33
2.4e-05,5e-06,6e-13,3.5e-10,1.5e-10,0.0559,38200000000.0,1120000000.0,11.85,-76.12
2.4e-05,5e-06,6e-13,3.5e-10,2.5e-10,0.0559,38200000000.0,1120000000.0,11.85,-76.13
2.4e-05,5e-06,6e-13,4.5e-10,1e-10,0.0559,35000000000.0,1030000000.0,12.11,-71.65
2.4e-05,5e-06,6e-13,4.5e-10,5e-11,0.0559,35000000000.0,1030000000.0,12.11,-74.67
2.4e-05,5e-06,6e-13,4.5e-10,1.5e-10,0.0559,35000000000.0,1030000000.0,12.11,-74.93
2.4e-05,5e-06,6e-13,4.5e-10,2e-10,0.0559,35000000000.0,1030000000.0,12.11,-74.81
2.4e-05,5e-06,6e-13,4.5e-10,2.5e-10,0.0559,35000000000.0,1030000000.0,12.11,-74.92
2.4e-05,5e-06,6e-13,5e-10,1e-10,0.0559,33800000000.0,998000000.0,12.18,-74.2
2.4e-05,5e-06,6e-13,5e-10,5e-11,0.0559,33800000000.0,998000000.0,12.18,-74.14
2.4e-05,5e-06,6e-13,5e-10,1.5e-10,0.0559,33800000000.0,998000000.0,12.18,-71.57
2.4e-05,5e-06,6e-13,5e-10,2e-10,0.0559,33800000000.0,986000000.0,12.18,-74.29
2.4e-05,5e-06,6e-13,5e-10,2.5e-10,0.0559,33800000000.0,986000000.0,12.18,-74.42
2.4e-05,5e-06,7e-13,4e-10,1e-10,0.0559,36400000000.0,1070000000.0,12.01,-75.74
2.4e-05,5e-06,7e-13,4e-10,5e-11,0.0559,36400000000.0,1070000000.0,12.01,-75.3
2.4e-05,5e-06,7e-13,4e-10,1.5e-10,0.0559,36400000000.0,1060000000.0,12.01,-75.45
2.4e-05,5e-06,7e-13,3e-10,1e-10,0.0559,40500000000.0,1210000000.0,11.59,-77.13
2.4e-05,5e-06,7e-13,3e-10,2e-10,0.0559,40500000000.0,1210000000.0,11.59,-75.75
2.4e-05,5e-06,7e-13,3e-10,2.5e-10,0.0559,40500000000.0,1210000000.0,11.59,-78.12
2.4e-05,5e-06,7e-13,3.5e-10,1e-10,0.0559,38200000000.0,1120000000.0,11.85,-76.11
2.4e-05,5e-06,7e-13,3.5e-10,5e-11,0.0559,38200000000.0,1120000000.0,11.85,-76.45
2.4e-05,5e-06,7e-13,3.5e-10,1.5e-10,0.0559,38200000000.0,1120000000.0,11.85,-75.84
2.4e-05,5e-06,7e-13,3.5e-10,2e-10,0.0559,38200000000.0,1120000000.0,11.85,-76.07
2.4e-05,5e-06,7e-13,3.5e-10,2.5e-10,0.0559,38200000000.0,1130000000.0,11.85,-76.21
2.4e-05,5e-06,7e-13,4.5e-10,1e-10,0.0559,35000000000.0,1020000000.0,12.11,-74.9
2.4e-05,5e-06,7e-13,4.5e-10,1.5e-10,0.0559,35000000000.0,1030000000.0,12.11,-74.7
2.4e-05,5e-06,7e-13,4.5e-10,2e-10,0.0559,35000000000.0,1030000000.0,12.11,-74.76
2.4e-05,5e-06,7e-13,4.5e-10,2.5e-10,0.0559,35000000000.0,1030000000.0,12.11,-74.68
2.4e-05,5e-06,7e-13,5e-10,1e-10,0.0559,33800000000.0,988000000.0,12.18,-74.34
2.4e-05,5e-06,7e-13,5e-10,5e-11,0.0559,33800000000.0,998000000.0,12.18,-74.23
2.4e-05,5e-06,7e-13,5e-10,2e-10,0.0559,33800000000.0,986000000.0,12.18,-74.45
2.4e-05,5e-06,7e-13,5e-10,2.5e-10,0.0559,33800000000.0,986000000.0,12.18,-74.32
2.4e-05,6e-06,5e-13,4e-10,1e-10,0.0559,36100000000.0,1220000000.0,12.01,-75.62
2.4e-05,6e-06,5e-13,4e-10,5e-11,0.0559,36100000000.0,1220000000.0,12.0,-75.44
2.4e-05,6e-06,5e-13,4e-10,1.5e-10,0.0559,36100000000.0,1220000000.0,12.01,-76.89
2.4e-05,6e-06,5e-13,4e-10,2e-10,0.0559,36100000000.0,1220000000.0,12.0,-75.51
2.4e-05,6e-06,5e-13,4e-10,2.5e-10,0.0559,36100000000.0,1220000000.0,12.0,-75.35
2.4e-05,6e-06,5e-13,3e-10,1e-10,0.0559,40100000000.0,1380000000.0,11.6,-77.11
2.4e-05,6e-06,5e-13,3e-10,5e-11,0.0559,40100000000.0,1380000000.0,11.61,-76.79
2.4e-05,6e-06,5e-13,3e-10,1.5e-10,0.0559,40100000000.0,1380000000.0,11.6,-77.2
2.4e-05,6e-06,5e-13,3e-10,2.5e-10,0.0559,40100000000.0,1380000000.0,11.61,-77.0
2.4e-05,6e-06,5e-13,3.5e-10,1e-10,0.0559,37900000000.0,1290000000.0,11.86,-75.93
2.4e-05,6e-06,5e-13,3.5e-10,5e-11,0.0559,37900000000.0,1280000000.0,11.85,-76.1
2.4e-05,6e-06,5e-13,3.5e-10,1.5e-10,0.0559,37900000000.0,1290000000.0,11.86,-76.12
2.4e-05,6e-06,5e-13,3.5e-10,2e-10,0.0559,37900000000.0,1290000000.0,11.86,-76.06
2.4e-05,6e-06,5e-13,3.5e-10,2.5e-10,0.0559,37900000000.0,1280000000.0,11.86,-76.27
2.4e-05,6e-06,5e-13,4.5e-10,1e-10,0.0559,34700000000.0,1170000000.0,12.1,-74.95
2.4e-05,6e-06,5e-13,4.5e-10,5e-11,0.0559,34700000000.0,1180000000.0,12.1,-74.7
2.4e-05,6e-06,5e-13,4.5e-10,1.5e-10,0.0559,34700000000.0,1170000000.0,12.1,-74.98
2.4e-05,6e-06,5e-13,4.5e-10,2e-10,0.0559,34700000000.0,1170000000.0,12.1,-74.76
2.4e-05,6e-06,5e-13,4.5e-10,2.5e-10,0.0559,34700000000.0,1170000000.0,12.1,-75.29
2.4e-05,6e-06,5e-13,5e-10,1e-10,0.0559,33500000000.0,1130000000.0,12.17,-74.44
2.4e-05,6e-06,5e-13,5e-10,5e-11,0.0559,33500000000.0,1140000000.0,12.17,-74.63
2.4e-05,6e-06,5e-13,5e-10,1.5e-10,0.0559,33500000000.0,1140000000.0,12.16,-74.21
2.4e-05,6e-06,5e-13,5e-10,2.5e-10,0.0559,33500000000.0,1130000000.0,12.16,-74.6
2.4e-05,6e-06,3e-13,4e-10,1e-10,0.0559,36100000000.0,1220000000.0,12.0,-75.27
2.4e-05,6e-06,3e-13,4e-10,5e-11,0.0559,36100000000.0,1220000000.0,12.0,-75.5
2.4e-05,6e-06,3e-13,4e-10,1.5e-10,0.0559,36100000000.0,1220000000.0,12.0,-75.53
2.4e-05,6e-06,3e-13,4e-10,2.5e-10,0.0559,36100000000.0,1220000000.0,12.0,-75.34
2.4e-05,6e-06,3e-13,3e-10,1e-10,0.0559,40100000000.0,1380000000.0,11.6,-77.28
2.4e-05,6e-06,3e-13,3e-10,5e-11,0.0559,40100000000.0,1380000000.0,11.6,-77.23
2.4e-05,6e-06,3e-13,3e-10,1.5e-10,0.0559,40100000000.0,1380000000.0,11.6,-77.42
2.4e-05,6e-06,3e-13,3e-10,2e-10,0.0559,40100000000.0,1380000000.0,11.6,-77.19
2.4e-05,6e-06,3e-13,3.5e-10,1e-10,0.0559,37900000000.0,1280000000.0,11.85,-76.09
2.4e-05,6e-06,3e-13,3.5e-10,5e-11,0.0559,37900000000.0,1290000000.0,11.86,-76.05
2.4e-05,6e-06,3e-13,3.5e-10,1.5e-10,0.0559,37900000000.0,1280000000.0,11.85,-76.12
2.4e-05,6e-06,3e-13,3.5e-10,2e-10,0.0559,37900000000.0,1280000000.0,11.85,-76.15
2.4e-05,6e-06,3e-13,3.5e-10,2.5e-10,0.0559,37900000000.0,1290000000.0,11.86,-76.11
2.4e-05,6e-06,3e-13,4.5e-10,1e-10,0.0559,34700000000.0,1170000000.0,12.1,-74.37
2.4e-05,6e-06,3e-13,4.5e-10,1.5e-10,0.0559,34700000000.0,1170000000.0,12.1,-74.92
2.4e-05,6e-06,3e-13,4.5e-10,2.5e-10,0.0559,34700000000.0,1170000000.0,12.1,-74.91
2.4e-05,6e-06,3e-13,5e-10,1e-10,0.0559,33500000000.0,1130000000.0,12.16,-74.58
2.4e-05,6e-06,3e-13,5e-10,5e-11,0.0559,33500000000.0,1140000000.0,12.16,-73.77
2.4e-05,6e-06,3e-13,5e-10,1.5e-10,0.0559,33500000000.0,1140000000.0,12.17,-74.43
2.4e-05,6e-06,3e-13,5e-10,2e-10,0.0559,33500000000.0,1150000000.0,12.16,-74.22
2.4e-05,6e-06,3e-13,5e-10,2.5e-10,0.0559,33500000000.0,1140000000.0,12.16,-74.19
2.4e-05,6e-06,4e-13,4e-10,1e-10,0.0559,36100000000.0,1220000000.0,12.01,-75.57
2.4e-05,6e-06,4e-13,4e-10,5e-11,0.0559,36100000000.0,1220000000.0,12.0,-75.49
2.4e-05,6e-06,4e-13,4e-10,1.5e-10,0.0559,36100000000.0,1220000000.0,12.01,-75.52
2.4e-05,6e-06,4e-13,4e-10,2e-10,0.0559,36100000000.0,1220000000.0,12.01,-75.45
2.4e-05,6e-06,4e-13,4e-10,2.5e-10,0.0559,36100000000.0,1220000000.0,12.0,-75.36
2.4e-05,6e-06,4e-13,3e-10,1e-10,0.0559,40100000000.0,1380000000.0,11.6,-77.22
2.4e-05,6e-06,4e-13,3e-10,5e-11,0.0559,40100000000.0,1380000000.0,11.6,-76.77
2.4e-05,6e-06,4e-13,3e-10,1.5e-10,0.0559,40100000000.0,1380000000.0,11.6,-77.09
2.4e-05,6e-06,4e-13,3e-10,2e-10,0.0559,40100000000.0,1380000000.0,11.6,-77.1
2.4e-05,6e-06,4e-13,3e-10,2.5e-10,0.0559,40100000000.0,1380000000.0,11.6,-77.79
2.4e-05,6e-06,4e-13,3.5e-10,1e-10,0.0559,37900000000.0,1290000000.0,11.86,-76.16
2.4e-05,6e-06,4e-13,3.5e-10,5e-11,0.0559,37900000000.0,1290000000.0,11.86,-76.13
2.4e-05,6e-06,4e-13,3.5e-10,1.5e-10,0.0559,37900000000.0,1280000000.0,11.86,-76.42
2.4e-05,6e-06,4e-13,3.5e-10,2e-10,0.0559,37900000000.0,1280000000.0,11.86,-76.33
2.4e-05,6e-06,4e-13,3.5e-10,2.5e-10,0.0559,37900000000.0,1290000000.0,11.86,-76.07
2.4e-05,6e-06,4e-13,4.5e-10,1e-10,0.0559,34700000000.0,1170000000.0,12.1,-74.9
2.4e-05,6e-06,4e-13,4.5e-10,5e-11,0.0559,34700000000.0,1180000000.0,12.1,-74.69
2.4e-05,6e-06,4e-13,4.5e-10,1.5e-10,0.0559,34700000000.0,1180000000.0,12.1,-73.8
2.4e-05,6e-06,4e-13,4.5e-10,2.5e-10,0.0559,34700000000.0,1180000000.0,12.1,-74.79
2.4e-05,6e-06,4e-13,5e-10,5e-11,0.0559,33500000000.0,1140000000.0,12.17,-74.52
2.4e-05,6e-06,4e-13,5e-10,1.5e-10,0.0559,33500000000.0,1130000000.0,12.17,-74.4
2.4e-05,6e-06,4e-13,5e-10,2e-10,0.0559,33500000000.0,1150000000.0,12.17,-72.4
2.4e-05,6e-06,4e-13,5e-10,2.5e-10,0.0559,33500000000.0,1140000000.0,12.16,-74.18
2.4e-05,6e-06,6e-13,4e-10,1e-10,0.0559,36100000000.0,1220000000.0,12.01,-75.51
2.4e-05,6e-06,6e-13,4e-10,5e-11,0.0559,36100000000.0,1220000000.0,12.0,-75.42
2.4e-05,6e-06,6e-13,4e-10,1.5e-10,0.0559,36100000000.0,1220000000.0,12.0,-75.37
2.4e-05,6e-06,6e-13,4e-10,2.5e-10,0.0559,36100000000.0,1220000000.0,12.0,-75.31
2.4e-05,6e-06,6e-13,3e-10,1e-10,0.0559,40100000000.0,1380000000.0,11.61,-77.23
2.4e-05,6e-06,6e-13,3e-10,5e-11,0.0559,40100000000.0,1380000000.0,11.61,-77.07
2.4e-05,6e-06,6e-13,3e-10,1.5e-10,0.0559,40100000000.0,1380000000.0,11.6,-77.34
2.4e-05,6e-06,6e-13,3e-10,2.5e-10,0.0559,40100000000.0,1380000000.0,11.6,-77.12
2.4e-05,6e-06,6e-13,3.5e-10,1e-10,0.0559,37900000000.0,1280000000.0,11.86,-76.29
2.4e-05,6e-06,6e-13,3.5e-10,5e-11,0.0559,37900000000.0,1290000000.0,11.86,-76.33
2.4e-05,6e-06,6e-13,3.5e-10,1.5e-10,0.0559,37900000000.0,1280000000.0,11.86,-76.34
2.4e-05,6e-06,6e-13,3.5e-10,2.5e-10,0.0559,37900000000.0,1280000000.0,11.85,-76.13
2.4e-05,6e-06,6e-13,4.5e-10,1e-10,0.0559,34700000000.0,1170000000.0,12.1,-74.93
2.4e-05,6e-06,6e-13,4.5e-10,5e-11,0.0559,34700000000.0,1180000000.0,12.1,-74.75
2.4e-05,6e-06,6e-13,4.5e-10,2e-10,0.0559,34700000000.0,1170000000.0,12.1,-75.01
2.4e-05,6e-06,6e-13,4.5e-10,2.5e-10,0.0559,34700000000.0,1180000000.0,12.1,-73.64
2.4e-05,6e-06,6e-13,5e-10,5e-11,0.0559,33500000000.0,1130000000.0,12.17,-74.37
2.4e-05,6e-06,6e-13,5e-10,1.5e-10,0.0559,33500000000.0,1150000000.0,12.17,-74.3
2.4e-05,6e-06,6e-13,5e-10,2e-10,0.0559,33500000000.0,1130000000.0,12.16,-74.46
2.4e-05,6e-06,7e-13,4e-10,1e-10,0.0559,36100000000.0,1220000000.0,12.01,-75.5
2.4e-05,6e-06,7e-13,4e-10,5e-11,0.0559,36100000000.0,1220000000.0,12.01,-75.33
2.4e-05,6e-06,7e-13,4e-10,1.5e-10,0.0559,36100000000.0,1220000000.0,12.0,-75.26
2.4e-05,6e-06,7e-13,4e-10,2e-10,0.0559,36100000000.0,1220000000.0,12.01,-75.53
2.4e-05,6e-06,7e-13,4e-10,2.5e-10,0.0559,36100000000.0,1220000000.0,12.0,-75.67
2.4e-05,6e-06,7e-13,3e-10,1e-10,0.0559,40100000000.0,1380000000.0,11.6,-77.13
2.4e-05,6e-06,7e-13,3e-10,5e-11,0.0559,40100000000.0,1380000000.0,11.61,-77.22
2.4e-05,6e-06,7e-13,3.5e-10,1e-10,0.0559,37900000000.0,1280000000.0,11.86,-76.01
2.4e-05,6e-06,7e-13,3.5e-10,5e-11,0.0559,37900000000.0,1280000000.0,11.86,-76.31
2.4e-05,6e-06,7e-13,3.5e-10,1.5e-10,0.0559,37900000000.0,1280000000.0,11.85,-76.16
2.4e-05,6e-06,7e-13,3.5e-10,2e-10,0.0559,37900000000.0,1280000000.0,11.86,-76.32
2.4e-05,6e-06,7e-13,3.5e-10,2.5e-10,0.0559,37900000000.0,1280000000.0,11.86,-76.18
2.4e-05,6e-06,7e-13,4.5e-10,1e-10,0.0559,34700000000.0,1180000000.0,12.1,-74.9
2.4e-05,6e-06,7e-13,4.5e-10,5e-11,0.0559,34700000000.0,1170000000.0,12.1,-75.08
2.4e-05,6e-06,7e-13,4.5e-10,1.5e-10,0.0559,34700000000.0,1180000000.0,12.1,-74.77
2.4e-05,6e-06,7e-13,4.5e-10,2e-10,0.0559,34700000000.0,1180000000.0,12.1,-74.91
2.4e-05,6e-06,7e-13,4.5e-10,2.5e-10,0.0559,34700000000.0,1170000000.0,12.1,-74.8
2.4e-05,6e-06,7e-13,5e-10,1e-10,0.0559,33500000000.0,1140000000.0,12.16,-74.23
2.4e-05,6e-06,7e-13,5e-10,5e-11,0.0559,33500000000.0,1130000000.0,12.16,-74.37
2.4e-05,6e-06,7e-13,5e-10,1.5e-10,0.0559,33500000000.0,1140000000.0,12.17,-74.62
2.4e-05,6e-06,7e-13,5e-10,2e-10,0.0559,33500000000.0,1150000000.0,12.17,-74.59
2.4e-05,6e-06,7e-13,5e-10,2.5e-10,0.0559,33500000000.0,1150000000.0,12.16,-74.37
2.4e-05,7e-06,5e-13,4e-10,1e-10,0.0559,35800000000.0,1360000000.0,12.0,-75.57
2.4e-05,7e-06,5e-13,4e-10,5e-11,0.0559,35800000000.0,1350000000.0,12.0,-75.5
2.4e-05,7e-06,5e-13,4e-10,1.5e-10,0.0559,35800000000.0,1350000000.0,11.99,-75.36
2.4e-05,7e-06,5e-13,4e-10,2e-10,0.0559,35800000000.0,1360000000.0,11.99,-75.27
2.4e-05,7e-06,5e-13,4e-10,2.5e-10,0.0559,35800000000.0,1360000000.0,12.0,-75.44
2.4e-05,7e-06,5e-13,3e-10,1e-10,0.0559,39800000000.0,1530000000.0,11.62,-76.94
2.4e-05,7e-06,5e-13,3e-10,5e-11,0.0559,39800000000.0,1530000000.0,11.62,-77.21
2.4e-05,7e-06,5e-13,3e-10,1.5e-10,0.0559,39800000000.0,1530000000.0,11.62,-76.95
2.4e-05,7e-06,5e-13,3e-10,2e-10,0.0559,39800000000.0,1530000000.0,11.61,-77.23
2.4e-05,7e-06,5e-13,3e-10,2.5e-10,0.0559,39800000000.0,1530000000.0,11.62,-77.23
2.4e-05,7e-06,5e-13,3.5e-10,1e-10,0.0559,37600000000.0,1420000000.0,11.85,-76.21
2.4e-05,7e-06,5e-13,3.5e-10,5e-11,0.0559,37600000000.0,1430000000.0,11.86,-76.38
2.4e-05,7e-06,5e-13,3.5e-10,1.5e-10,0.0559,37600000000.0,1430000000.0,11.85,-76.03
2.4e-05,7e-06,5e-13,3.5e-10,2e-10,0.0559,37600000000.0,1430000000.0,11.86,-76.14
2.4e-05,7e-06,5e-13,4.5e-10,1e-10,0.0559,34400000000.0,1300000000.0,12.08,-74.75
2.4e-05,7e-06,5e-13,4.5e-10,5e-11,0.0559,34400000000.0,1300000000.0,12.09,-74.92
2.4e-05,7e-06,5e-13,4.5e-10,1.5e-10,0.0559,34400000000.0,1310000000.0,12.09,-74.76
2.4e-05,7e-06,5e-13,4.5e-10,2e-10,0.0559,34400000000.0,1310000000.0,12.09,-74.84
2.4e-05,7e-06,5e-13,4.5e-10,2.5e-10,0.0559,34400000000.0,1310000000.0,12.09,-74.75
2.4e-05,7e-06,5e-13,5e-10,1e-10,0.0559,33300000000.0,1270000000.0,12.15,-74.2
2.4e-05,7e-06,5e-13,5e-10,5e-11,0.0559,33300000000.0,1270000000.0,12.15,-74.45
2.4e-05,7e-06,5e-13,5e-10,1.5e-10,0.0559,33300000000.0,1260000000.0,12.15,-74.55
2.4e-05,7e-06,5e-13,5e-10,2e-10,0.0559,33300000000.0,1270000000.0,12.15,-74.41
2.4e-05,7e-06,5e-13,5e-10,2.5e-10,0.0559,33300000000.0,1280000000.0,12.15,-74.23
2.4e-05,7e-06,3e-13,4e-10,5e-11,0.0559,35800000000.0,1360000000.0,12.0,-75.31
2.4e-05,7e-06,3e-13,4e-10,2e-10,0.0559,35800000000.0,1360000000.0,11.99,-75.31
2.4e-05,7e-06,3e-13,4e-10,2.5e-10,0.0559,35800000000.0,1360000000.0,11.99,-75.36
2.4e-05,7e-06,3e-13,3e-10,1e-10,0.0559,39800000000.0,1530000000.0,11.62,-77.05
2.4e-05,7e-06,3e-13,3e-10,5e-11,0.0559,39800000000.0,1530000000.0,11.61,-77.17
2.4e-05,7e-06,3e-13,3e-10,1.5e-10,0.0559,39800000000.0,1530000000.0,11.62,-77.06
2.4e-05,7e-06,3e-13,3e-10,2e-10,0.0559,39800000000.0,1530000000.0,11.61,-77.09
2.4e-05,7e-06,3e-13,3e-10,2.5e-10,0.0559,39800000000.0,1530000000.0,11.62,-80.77
2.4e-05,7e-06,3e-13,3.5e-10,5e-11,0.0559,37600000000.0,1430000000.0,11.85,-76.1
2.4e-05,7e-06,3e-13,3.5e-10,1.5e-10,0.0559,37600000000.0,1420000000.0,11.85,-76.26
2.4e-05,7e-06,3e-13,3.5e-10,2e-10,0.0559,37600000000.0,1420000000.0,11.85,-76.8
2.4e-05,7e-06,3e-13,3.5e-10,2.5e-10,0.0559,37600000000.0,1430000000.0,11.85,-76.0
2.4e-05,7e-06,3e-13,4.5e-10,1e-10,0.0559,34400000000.0,1300000000.0,12.08,-74.77
2.4e-05,7e-06,3e-13,4.5e-10,1.5e-10,0.0559,34400000000.0,1320000000.0,12.09,-74.82
2.4e-05,7e-06,3e-13,4.5e-10,2e-10,0.0559,34400000000.0,1310000000.0,12.08,-74.69
2.4e-05,7e-06,3e-13,4.5e-10,2.5e-10,0.0559,34400000000.0,1310000000.0,12.09,-74.85
2.4e-05,7e-06,3e-13,5e-10,1e-10,0.0559,33300000000.0,1280000000.0,12.15,-74.24
2.4e-05,7e-06,3e-13,5e-10,1.5e-10,0.0559,33300000000.0,1270000000.0,12.15,-74.18
2.4e-05,7e-06,3e-13,5e-10,2e-10,0.0559,33300000000.0,1270000000.0,12.15,-74.16
2.4e-05,7e-06,4e-13,4e-10,5e-11,0.0559,35800000000.0,1360000000.0,12.0,-75.32
2.4e-05,7e-06,4e-13,4e-10,1.5e-10,0.0559,35800000000.0,1360000000.0,12.0,-75.42
2.4e-05,7e-06,4e-13,4e-10,2e-10,0.0559,35800000000.0,1360000000.0,12.0,-75.4
2.4e-05,7e-06,4e-13,3e-10,2e-10,0.0559,39800000000.0,1530000000.0,11.61,-77.87
2.4e-05,7e-06,4e-13,3e-10,2.5e-10,0.0559,39800000000.0,1530000000.0,11.62,-77.2
2.4e-05,7e-06,4e-13,3.5e-10,1e-10,0.0559,37600000000.0,1420000000.0,11.85,-76.04
2.4e-05,7e-06,4e-13,3.5e-10,5e-11,0.0559,37600000000.0,1420000000.0,11.85,-76.22
2.4e-05,7e-06,4e-13,3.5e-10,1.5e-10,0.0559,37600000000.0,1430000000.0,11.85,-76.08
2.4e-05,7e-06,4e-13,3.5e-10,2e-10,0.0559,37600000000.0,1430000000.0,11.86,-77.26
2.4e-05,7e-06,4e-13,3.5e-10,2.5e-10,0.0559,37600000000.0,1430000000.0,11.85,-76.09
2.4e-05,7e-06,4e-13,4.5e-10,1e-10,0.0559,34400000000.0,1310000000.0,12.09,-74.68
2.4e-05,7e-06,4e-13,4.5e-10,5e-11,0.0559,34400000000.0,1300000000.0,12.09,-74.45
2.4e-05,7e-06,4e-13,4.5e-10,1.5e-10,0.0559,34400000000.0,1310000000.0,12.09,-74.74
2.4e-05,7e-06,4e-13,4.5e-10,2e-10,0.0559,34400000000.0,1310000000.0,12.09,-74.89
2.4e-05,7e-06,4e-13,4.5e-10,2.5e-10,0.0559,34400000000.0,1300000000.0,12.09,-74.78
2.4e-05,7e-06,4e-13,5e-10,1e-10,0.0559,33300000000.0,1260000000.0,12.15,-74.32
2.4e-05,7e-06,4e-13,5e-10,5e-11,0.0559,33300000000.0,1280000000.0,12.15,-74.36
2.4e-05,7e-06,4e-13,5e-10,1.5e-10,0.0559,33300000000.0,1280000000.0,12.15,-74.35
2.4e-05,7e-06,4e-13,5e-10,2e-10,0.0559,33300000000.0,1260000000.0,12.15,-74.44
2.4e-05,7e-06,6e-13,4e-10,1e-10,0.0559,35800000000.0,1350000000.0,12.0,-75.63
2.4e-05,7e-06,6e-13,4e-10,5e-11,0.0559,35800000000.0,1360000000.0,12.0,-75.18
2.4e-05,7e-06,6e-13,4e-10,1.5e-10,0.0559,35800000000.0,1360000000.0,12.0,-75.29
2.4e-05,7e-06,6e-13,4e-10,2e-10,0.0559,35800000000.0,1360000000.0,12.0,-75.34
2.4e-05,7e-06,6e-13,3e-10,1.5e-10,0.0559,39800000000.0,1530000000.0,11.62,-80.02
2.4e-05,7e-06,6e-13,3e-10,2e-10,0.0559,39800000000.0,1530000000.0,11.62,-77.07
2.4e-05,7e-06,6e-13,3e-10,2.5e-10,0.0559,39800000000.0,1530000000.0,11.62,-77.25
2.4e-05,7e-06,6e-13,3.5e-10,1e-10,0.0559,37600000000.0,1420000000.0,11.86,-76.27
2.4e-05,7e-06,6e-13,3.5e-10,5e-11,0.0559,37600000000.0,1430000000.0,11.85,-75.81
2.4e-05,7e-06,6e-13,3.5e-10,1.5e-10,0.0559,37600000000.0,1420000000.0,11.86,-77.59
2.4e-05,7e-06,6e-13,3.5e-10,2e-10,0.0559,37600000000.0,1420000000.0,11.85,-76.31
2.4e-05,7e-06,6e-13,3.5e-10,2.5e-10,0.0559,37600000000.0,1420000000.0,11.85,-76.16
2.4e-05,7e-06,6e-13,4.5e-10,1e-10,0.0559,34400000000.0,1300000000.0,12.09,-74.82
2.4e-05,7e-06,6e-13,4.5e-10,5e-11,0.0559,34400000000.0,1300000000.0,12.09,-74.83
2.4e-05,7e-06,6e-13,4.5e-10,1.5e-10,0.0559,34400000000.0,1310000000.0,12.09,-74.95
2.4e-05,7e-06,6e-13,4.5e-10,2e-10,0.0559,34400000000.0,1300000000.0,12.08,-74.83
2.4e-05,7e-06,6e-13,4.5e-10,2.5e-10,0.0559,34400000000.0,1300000000.0,12.09,-75.01
2.4e-05,7e-06,6e-13,5e-10,1e-10,0.0559,33300000000.0,1260000000.0,12.15,-74.37
2.4e-05,7e-06,6e-13,5e-10,5e-11,0.0559,33300000000.0,1280000000.0,12.15,-74.46
2.4e-05,7e-06,6e-13,5e-10,1.5e-10,0.0559,33300000000.0,1280000000.0,12.15,-74.22
2.4e-05,7e-06,6e-13,5e-10,2e-10,0.0559,33300000000.0,1270000000.0,12.15,-74.58
2.4e-05,7e-06,6e-13,5e-10,2.5e-10,0.0559,33300000000.0,1270000000.0,12.15,-74.37
2.4e-05,7e-06,7e-13,4e-10,5e-11,0.0559,35800000000.0,1350000000.0,11.99,-75.44
2.4e-05,7e-06,7e-13,4e-10,1.5e-10,0.0559,35800000000.0,1350000000.0,11.99,-75.42
2.4e-05,7e-06,7e-13,4e-10,2e-10,0.0559,35800000000.0,1350000000.0,12.0,-75.49
2.4e-05,7e-06,7e-13,4e-10,2.5e-10,0.0559,35800000000.0,1350000000.0,11.99,-75.57
2.4e-05,7e-06,7e-13,3e-10,1e-10,0.0559,39800000000.0,1530000000.0,11.62,-76.78
2.4e-05,7e-06,7e-13,3e-10,2e-10,0.0559,39800000000.0,1530000000.0,11.62,-77.01
2.4e-05,7e-06,7e-13,3e-10,2.5e-10,0.0559,39800000000.0,1530000000.0,11.62,-76.77
2.4e-05,7e-06,7e-13,3.5e-10,1e-10,0.0559,37600000000.0,1420000000.0,11.85,-76.27
2.4e-05,7e-06,7e-13,3.5e-10,5e-11,0.0559,37600000000.0,1430000000.0,11.85,-76.11
2.4e-05,7e-06,7e-13,3.5e-10,1.5e-10,0.0559,37600000000.0,1420000000.0,11.85,-76.88
2.4e-05,7e-06,7e-13,3.5e-10,2.5e-10,0.0559,37600000000.0,1430000000.0,11.86,-76.17
2.4e-05,7e-06,7e-13,4.5e-10,1e-10,0.0559,34400000000.0,1300000000.0,12.09,-74.76
2.4e-05,7e-06,7e-13,4.5e-10,1.5e-10,0.0559,34400000000.0,1300000000.0,12.09,-74.88
2.4e-05,7e-06,7e-13,5e-10,1e-10,0.0559,33300000000.0,1280000000.0,12.15,-74.15
2.4e-05,7e-06,7e-13,5e-10,5e-11,0.0559,33300000000.0,1260000000.0,12.15,-74.28
2.4e-05,7e-06,7e-13,5e-10,1.5e-10,0.0559,33300000000.0,1270000000.0,12.15,-74.48
2.4e-05,7e-06,7e-13,5e-10,2e-10,0.0559,33300000000.0,1260000000.0,12.15,-74.35
2.4e-05,7e-06,7e-13,5e-10,2.5e-10,0.0559,33300000000.0,1260000000.0,12.15,-74.38
2.4e-05,8e-06,5e-13,4e-10,1e-10,0.0559,35500000000.0,1480000000.0,11.98,-75.48
2.4e-05,8e-06,5e-13,4e-10,5e-11,0.0559,35500000000.0,1470000000.0,11.98,-75.4
2.4e-05,8e-06,5e-13,4e-10,1.5e-10,0.0559,35500000000.0,1480000000.0,11.98,-75.39
2.4e-05,8e-06,5e-13,4e-10,2e-10,0.0559,35500000000.0,1480000000.0,11.98,-75.3
2.4e-05,8e-06,5e-13,4e-10,2.5e-10,0.0559,35500000000.0,1470000000.0,11.98,-75.31
2.4e-05,8e-06,5e-13,3e-10,1e-10,0.0559,39500000000.0,1660000000.0,11.62,-76.95
2.4e-05,8e-06,5e-13,3e-10,5e-11,0.0559,39500000000.0,1650000000.0,11.62,-77.11
2.4e-05,8e-06,5e-13,3e-10,1.5e-10,0.0559,39500000000.0,1650000000.0,11.62,-73.21
2.4e-05,8e-06,5e-13,3e-10,2e-10,0.0559,39500000000.0,1660000000.0,11.62,-77.6
2.4e-05,8e-06,5e-13,3e-10,2.5e-10,0.0559,39500000000.0,1660000000.0,11.62,-77.25
2.4e-05,8e-06,5e-13,3.5e-10,1e-10,0.0559,37300000000.0,1550000000.0,11.85,-75.82
2.4e-05,8e-06,5e-13,3.5e-10,5e-11,0.0559,37300000000.0,1550000000.0,11.85,-76.28
2.4e-05,8e-06,5e-13,3.5e-10,1.5e-10,0.0559,37300000000.0,1550000000.0,11.85,-76.19
2.4e-05,8e-06,5e-13,3.5e-10,2e-10,0.0559,37300000000.0,1550000000.0,11.85,-76.0
2.4e-05,8e-06,5e-13,3.5e-10,2.5e-10,0.0559,37300000000.0,1540000000.0,11.85,-76.25
2.4e-05,8e-06,5e-13,4.5e-10,1e-10,0.0559,34200000000.0,1430000000.0,12.07,-74.73
2.4e-05,8e-06,5e-13,4.5e-10,5e-11,0.0559,34200000000.0,1420000000.0,12.07,-74.71
2.4e-05,8e-06,5e-13,4.5e-10,1.5e-10,0.0559,34200000000.0,1410000000.0,12.07,-74.95
2.4e-05,8e-06,5e-13,4.5e-10,2e-10,0.0559,34200000000.0,1420000000.0,12.07,-74.76
2.4e-05,8e-06,5e-13,4.5e-10,2.5e-10,0.0559,34200000000.0,1410000000.0,12.07,-74.83
2.4e-05,8e-06,5e-13,5e-10,1e-10,0.0559,33000000000.0,1390000000.0,12.13,-74.36
2.4e-05,8e-06,5e-13,5e-10,5e-11,0.0559,33000000000.0,1370000000.0,12.13,-74.38
2.4e-05,8e-06,5e-13,5e-10,1.5e-10,0.0559,33000000000.0,1370000000.0,12.13,-74.39
2.4e-05,8e-06,5e-13,5e-10,2e-10,0.0559,33000000000.0,1390000000.0,12.13,-74.21
2.4e-05,8e-06,5e-13,5e-10,2.5e-10,0.0559,33000000000.0,1390000000.0,12.13,-74.18
2.4e-05,8e-06,3e-13,4e-10,1e-10,0.0559,35600000000.0,1470000000.0,11.98,-76.25
2.4e-05,8e-06,3e-13,4e-10,5e-11,0.0559,35500000000.0,1470000000.0,11.98,-75.08
2.4e-05,8e-06,3e-13,4e-10,1.5e-10,0.0559,35600000000.0,1480000000.0,11.98,-75.57
2.4e-05,8e-06,3e-13,4e-10,2e-10,0.0559,35600000000.0,1470000000.0,11.98,-75.49
2.4e-05,8e-06,3e-13,4e-10,2.5e-10,0.0559,35600000000.0,1470000000.0,11.98,-75.51
2.4e-05,8e-06,3e-13,3e-10,1e-10,0.0559,39500000000.0,1650000000.0,11.62,-77.03
2.4e-05,8e-06,3e-13,3e-10,5e-11,0.0559,39500000000.0,1660000000.0,11.62,-77.11
2.4e-05,8e-06,3e-13,3e-10,1.5e-10,0.0559,39500000000.0,1650000000.0,11.62,-76.73
2.4e-05,8e-06,3e-13,3e-10,2e-10,0.0559,39500000000.0,1660000000.0,11.62,-77.0
2.4e-05,8e-06,3e-13,3e-10,2.5e-10,0.0559,39500000000.0,1660000000.0,11.62,-77.19
2.4e-05,8e-06,3e-13,3.5e-10,1e-10,0.0559,37300000000.0,1550000000.0,11.85,-75.95
2.4e-05,8e-06,3e-13,3.5e-10,5e-11,0.0559,37300000000.0,1550000000.0,11.85,-76.06
2.4e-05,8e-06,3e-13,3.5e-10,1.5e-10,0.0559,37300000000.0,1550000000.0,11.85,-75.96
2.4e-05,8e-06,3e-13,3.5e-10,2.5e-10,0.0559,37300000000.0,1550000000.0,11.85,-75.93
2.4e-05,8e-06,3e-13,4.5e-10,1e-10,0.0559,34200000000.0,1430000000.0,12.07,-74.76
2.4e-05,8e-06,3e-13,4.5e-10,5e-11,0.0559,34200000000.0,1410000000.0,12.07,-74.88
2.4e-05,8e-06,3e-13,4.5e-10,1.5e-10,0.0559,34200000000.0,1430000000.0,12.07,-74.75
2.4e-05,8e-06,3e-13,4.5e-10,2.5e-10,0.0559,34200000000.0,1420000000.0,12.07,-74.83
2.4e-05,8e-06,3e-13,5e-10,1e-10,0.0559,33000000000.0,1370000000.0,12.13,-74.42
2.4e-05,8e-06,3e-13,5e-10,5e-11,0.0559,33000000000.0,1380000000.0,12.13,-74.08
2.4e-05,8e-06,3e-13,5e-10,1.5e-10,0.0559,33000000000.0,1390000000.0,12.13,-74.23
2.4e-05,8e-06,3e-13,5e-10,2.5e-10,0.0559,33000000000.0,1380000000.0,12.13,-74.19
2.4e-05,8e-06,4e-13,4e-10,1e-10,0.0559,35500000000.0,1480000000.0,11.98,-75.31
2.4e-05,8e-06,4e-13,4e-10,5e-11,0.0559,35600000000.0,1470000000.0,11.98,-75.24
2.4e-05,8e-06,4e-13,4e-10,1.5e-10,0.0559,35500000000.0,1470000000.0,11.98,-75.33
2.4e-05,8e-06,4e-13,4e-10,2e-10,0.0559,35600000000.0,1470000000.0,11.98,-75.48
2.4e-05,8e-06,4e-13,4e-10,2.5e-10,0.0559,35500000000.0,1470000000.0,11.98,-75.37
2.4e-05,8e-06,4e-13,3e-10,1.5e-10,0.0559,39500000000.0,1650000000.0,11.62,-76.77
2.4e-05,8e-06,4e-13,3e-10,2e-10,0.0559,39500000000.0,1660000000.0,11.62,-77.22
2.4e-05,8e-06,4e-13,3.5e-10,1e-10,0.0559,37300000000.0,1550000000.0,11.85,-76.2
2.4e-05,8e-06,4e-13,3.5e-10,5e-11,0.0559,37300000000.0,1550000000.0,11.85,-76.11
2.4e-05,8e-06,4e-13,3.5e-10,1.5e-10,0.0559,37300000000.0,1550000000.0,11.85,-76.1
2.4e-05,8e-06,4e-13,3.5e-10,2.5e-10,0.0559,37300000000.0,1550000000.0,11.85,-76.22
2.4e-05,8e-06,4e-13,4.5e-10,5e-11,0.0559,34200000000.0,1420000000.0,12.07,-74.5
2.4e-05,8e-06,4e-13,4.5e-10,1.5e-10,0.0559,34200000000.0,1420000000.0,12.07,-74.69
2.4e-05,8e-06,4e-13,4.5e-10,2e-10,0.0559,34200000000.0,1410000000.0,12.07,-74.85
2.4e-05,8e-06,4e-13,4.5e-10,2.5e-10,0.0559,34200000000.0,1420000000.0,12.07,-74.75
2.4e-05,8e-06,4e-13,5e-10,1e-10,0.0559,33000000000.0,1370000000.0,12.13,-74.34
2.4e-05,8e-06,4e-13,5e-10,5e-11,0.0559,33000000000.0,1370000000.0,12.13,-74.43
2.4e-05,8e-06,4e-13,5e-10,1.5e-10,0.0559,33000000000.0,1380000000.0,12.13,-74.45
2.4e-05,8e-06,4e-13,5e-10,2e-10,0.0559,33000000000.0,1380000000.0,12.13,-74.25
2.4e-05,8e-06,4e-13,5e-10,2.5e-10,0.0559,33000000000.0,1380000000.0,12.13,-74.27
2.4e-05,8e-06,6e-13,4e-10,1e-10,0.0559,35500000000.0,1470000000.0,11.98,-75.42
2.4e-05,8e-06,6e-13,4e-10,5e-11,0.0559,35500000000.0,1480000000.0,11.98,-75.49
2.4e-05,8e-06,6e-13,4e-10,1.5e-10,0.0559,35500000000.0,1470000000.0,11.98,-75.47
2.4e-05,8e-06,6e-13,4e-10,2e-10,0.0559,35500000000.0,1480000000.0,11.98,-75.28
2.4e-05,8e-06,6e-13,4e-10,2.5e-10,0.0559,35500000000.0,1480000000.0,11.99,-75.49
2.4e-05,8e-06,6e-13,3e-10,5e-11,0.0559,39500000000.0,1660000000.0,11.62,-76.97
2.4e-05,8e-06,6e-13,3e-10,1.5e-10,0.0559,39500000000.0,1650000000.0,11.62,-77.45
2.4e-05,8e-06,6e-13,3e-10,2e-10,0.0559,39500000000.0,1660000000.0,11.62,-77.04
2.4e-05,8e-06,6e-13,3.5e-10,5e-11,0.0559,37300000000.0,1550000000.0,11.85,-76.05
2.4e-05,8e-06,6e-13,3.5e-10,2e-10,0.0559,37300000000.0,1550000000.0,11.85,-76.09
2.4e-05,8e-06,6e-13,3.5e-10,2.5e-10,0.0559,37300000000.0,1550000000.0,11.85,-76.24
2.4e-05,8e-06,6e-13,4.5e-10,5e-11,0.0559,34200000000.0,1410000000.0,12.07,-74.91
2.4e-05,8e-06,6e-13,4.5e-10,1.5e-10,0.0559,34200000000.0,1410000000.0,12.07,-74.84
2.4e-05,8e-06,6e-13,4.5e-10,2.5e-10,0.0559,34200000000.0,1420000000.0,12.07,-74.87
2.4e-05,8e-06,6e-13,5e-10,5e-11,0.0559,33000000000.0,1380000000.0,12.13,-74.24
2.4e-05,8e-06,6e-13,5e-10,1.5e-10,0.0559,33000000000.0,1380000000.0,12.13,-74.34
2.4e-05,8e-06,6e-13,5e-10,2.5e-10,0.0559,33000000000.0,1370000000.0,12.13,-74.53
2.4e-05,8e-06,7e-13,4e-10,1e-10,0.0559,35500000000.0,1470000000.0,11.99,-75.41
2.4e-05,8e-06,7e-13,4e-10,5e-11,0.0559,35500000000.0,1470000000.0,11.98,-75.39
2.4e-05,8e-06,7e-13,4e-10,1.5e-10,0.0559,35500000000.0,1480000000.0,11.98,-75.18
2.4e-05,8e-06,7e-13,4e-10,2e-10,0.0559,35500000000.0,1480000000.0,11.98,-75.34
2.4e-05,8e-06,7e-13,4e-10,2.5e-10,0.0559,35500000000.0,1470000000.0,11.99,-75.54
2.4e-05,8e-06,7e-13,3e-10,1e-10,0.0559,39500000000.0,1650000000.0,11.62,-77.14
2.4e-05,8e-06,7e-13,3e-10,1.5e-10,0.0559,39500000000.0,1660000000.0,11.62,-76.61
2.4e-05,8e-06,7e-13,3e-10,2e-10,0.0559,39500000000.0,1650000000.0,11.62,-77.41
2.4e-05,8e-06,7e-13,3e-10,2.5e-10,0.0559,39500000000.0,1660000000.0,11.62,-77.07
2.4e-05,8e-06,7e-13,3.5e-10,1e-10,0.0559,37300000000.0,1550000000.0,11.85,-77.35
2.4e-05,8e-06,7e-13,3.5e-10,5e-11,0.0559,37300000000.0,1550000000.0,11.85,-76.52
2.4e-05,8e-06,7e-13,3.5e-10,1.5e-10,0.0559,37300000000.0,1540000000.0,11.85,-76.19
2.4e-05,8e-06,7e-13,4.5e-10,5e-11,0.0559,34200000000.0,1430000000.0,12.07,-74.71
2.4e-05,8e-06,7e-13,4.5e-10,2e-10,0.0559,34200000000.0,1410000000.0,12.07,-74.86
2.4e-05,8e-06,7e-13,5e-10,1e-10,0.0559,33000000000.0,1390000000.0,12.13,-74.22
2.4e-05,8e-06,7e-13,5e-10,1.5e-10,0.0559,33000000000.0,1380000000.0,12.13,-74.38
2.4e-05,9e-06,5e-13,4e-10,1e-10,0.0559,35300000000.0,1580000000.0,11.97,-75.53
2.4e-05,9e-06,5e-13,4e-10,5e-11,0.0559,35300000000.0,1570000000.0,11.97,-75.45
2.4e-05,9e-06,5e-13,4e-10,1.5e-10,0.0559,35300000000.0,1570000000.0,11.96,-75.35
2.4e-05,9e-06,5e-13,4e-10,2e-10,0.0559,35300000000.0,1580000000.0,11.97,-75.29
2.4e-05,9e-06,5e-13,4e-10,2.5e-10,0.0559,35300000000.0,1580000000.0,11.97,-75.22
2.4e-05,9e-06,5e-13,3e-10,1e-10,0.0559,39200000000.0,1760000000.0,11.61,-77.14
2.4e-05,9e-06,5e-13,3e-10,5e-11,0.0559,39200000000.0,1760000000.0,11.62,-76.51
2.4e-05,9e-06,5e-13,3e-10,2e-10,0.0559,39200000000.0,1760000000.0,11.62,-76.99
2.4e-05,9e-06,5e-13,3e-10,2.5e-10,0.0559,39200000000.0,1770000000.0,11.61,-77.12
2.4e-05,9e-06,5e-13,3.5e-10,1e-10,0.0559,37000000000.0,1650000000.0,11.83,-76.35
2.4e-05,9e-06,5e-13,3.5e-10,5e-11,0.0559,37000000000.0,1650000000.0,11.84,-76.17
2.4e-05,9e-06,5e-13,3.5e-10,1.5e-10,0.0559,37000000000.0,1650000000.0,11.84,-76.21
2.4e-05,9e-06,5e-13,3.5e-10,2e-10,0.0559,37000000000.0,1650000000.0,11.83,-75.99
2.4e-05,9e-06,5e-13,3.5e-10,2.5e-10,0.0559,37000000000.0,1650000000.0,11.83,-76.22
2.4e-05,9e-06,5e-13,4.5e-10,1e-10,0.0559,33900000000.0,1520000000.0,12.05,-74.76
2.4e-05,9e-06,5e-13,4.5e-10,5e-11,0.0559,33900000000.0,1520000000.0,12.05,-74.88
2.4e-05,9e-06,5e-13,4.5e-10,1.5e-10,0.0559,33900000000.0,1520000000.0,12.05,-74.71
2.4e-05,9e-06,5e-13,4.5e-10,2e-10,0.0559,33900000000.0,1510000000.0,12.05,-74.88
2.4e-05,9e-06,5e-13,4.5e-10,2.5e-10,0.0559,33900000000.0,1520000000.0,12.05,-74.92
2.4e-05,9e-06,5e-13,5e-10,1e-10,0.0559,32700000000.0,1470000000.0,12.11,-74.27
2.4e-05,9e-06,5e-13,5e-10,5e-11,0.0559,32700000000.0,1470000000.0,12.11,-74.29
2.4e-05,9e-06,5e-13,5e-10,1.5e-10,0.0559,32700000000.0,1470000000.0,12.11,-74.42
2.4e-05,9e-06,5e-13,5e-10,2e-10,0.0559,32700000000.0,1490000000.0,12.11,-74.27
2.4e-05,9e-06,5e-13,5e-10,2.5e-10,0.0559,32700000000.0,1480000000.0,12.11,-74.35
2.4e-05,9e-06,3e-13,4e-10,1e-10,0.0559,35300000000.0,1580000000.0,11.97,-75.27
2.4e-05,9e-06,3e-13,4e-10,5e-11,0.0559,35300000000.0,1570000000.0,11.96,-75.28
2.4e-05,9e-06,3e-13,4e-10,1.5e-10,0.0559,35300000000.0,1570000000.0,11.97,-75.54
2.4e-05,9e-06,3e-13,4e-10,2e-10,0.0559,35300000000.0,1580000000.0,11.97,-75.3
2.4e-05,9e-06,3e-13,4e-10,2.5e-10,0.0559,35300000000.0,1580000000.0,11.97,-75.24
2.4e-05,9e-06,3e-13,3e-10,1e-10,0.0559,39200000000.0,1770000000.0,11.61,-77.74
2.4e-05,9e-06,3e-13,3e-10,5e-11,0.0559,39200000000.0,1770000000.0,11.61,-76.5
2.4e-05,9e-06,3e-13,3e-10,1.5e-10,0.0559,39200000000.0,1760000000.0,11.62,-70.75
2.4e-05,9e-06,3e-13,3e-10,2e-10,0.0559,39200000000.0,1770000000.0,11.61,-76.46
2.4e-05,9e-06,3e-13,3.5e-10,1e-10,0.0559,37000000000.0,1650000000.0,11.84,-76.05
2.4e-05,9e-06,3e-13,3.5e-10,5e-11,0.0559,37000000000.0,1650000000.0,11.83,-76.16
2.4e-05,9e-06,3e-13,3.5e-10,1.5e-10,0.0559,37000000000.0,1650000000.0,11.83,-76.36
2.4e-05,9e-06,3e-13,3.5e-10,2e-10,0.0559,37000000000.0,1650000000.0,11.83,-76.15
2.4e-05,9e-06,3e-13,3.5e-10,2.5e-10,0.0559,37000000000.0,1650000000.0,11.83,-76.12
2.4e-05,9e-06,3e-13,4.5e-10,1e-10,0.0559,33900000000.0,1510000000.0,12.05,-74.85
2.4e-05,9e-06,3e-13,4.5e-10,5e-11,0.0559,33900000000.0,1520000000.0,12.05,-74.67
2.4e-05,9e-06,3e-13,4.5e-10,1.5e-10,0.0559,33900000000.0,1520000000.0,12.05,-74.79
2.4e-05,9e-06,3e-13,4.5e-10,2e-10,0.0559,33900000000.0,1520000000.0,12.05,-74.81
2.4e-05,9e-06,3e-13,4.5e-10,2.5e-10,0.0559,33900000000.0,1510000000.0,12.05,-74.81
2.4e-05,9e-06,3e-13,5e-10,1e-10,0.0559,32700000000.0,1470000000.0,12.11,-74.22
2.4e-05,9e-06,3e-13,5e-10,5e-11,0.0559,32700000000.0,1480000000.0,12.11,-74.43
2.4e-05,9e-06,3e-13,5e-10,1.5e-10,0.0559,32700000000.0,1480000000.0,12.11,-74.21
2.4e-05,9e-06,3e-13,5e-10,2e-10,0.0559,32700000000.0,1470000000.0,12.11,-74.39
2.4e-05,9e-06,3e-13,5e-10,2.5e-10,0.0559,32700000000.0,1480000000.0,12.11,-74.22
2.4e-05,9e-06,4e-13,4e-10,1e-10,0.0559,35300000000.0,1580000000.0,11.97,-75.2
2.4e-05,9e-06,4e-13,4e-10,5e-11,0.0559,35300000000.0,1570000000.0,11.97,-75.48
2.4e-05,9e-06,4e-13,4e-10,1.5e-10,0.0559,35300000000.0,1580000000.0,11.97,-75.28
2.4e-05,9e-06,4e-13,4e-10,2e-10,0.0559,35300000000.0,1570000000.0,11.96,-75.34
2.4e-05,9e-06,4e-13,4e-10,2.5e-10,0.0559,35300000000.0,1580000000.0,11.97,-75.32
2.4e-05,9e-06,4e-13,3e-10,1e-10,0.0559,39200000000.0,1760000000.0,11.62,-78.11
2.4e-05,9e-06,4e-13,3e-10,5e-11,0.0559,39200000000.0,1770000000.0,11.62,-76.96
2.4e-05,9e-06,4e-13,3e-10,1.5e-10,0.0559,39200000000.0,1760000000.0,11.62,-76.93
2.4e-05,9e-06,4e-13,3e-10,2e-10,0.0559,39200000000.0,1770000000.0,11.61,-77.15
2.4e-05,9e-06,4e-13,3e-10,2.5e-10,0.0559,39200000000.0,1760000000.0,11.61,-77.13
2.4e-05,9e-06,4e-13,3.5e-10,1e-10,0.0559,37000000000.0,1650000000.0,11.83,-76.11
2.4e-05,9e-06,4e-13,3.5e-10,5e-11,0.0559,37000000000.0,1650000000.0,11.83,-76.2
2.4e-05,9e-06,4e-13,3.5e-10,1.5e-10,0.0559,37000000000.0,1650000000.0,11.83,-75.88
2.4e-05,9e-06,4e-13,3.5e-10,2e-10,0.0559,37000000000.0,1650000000.0,11.84,-76.18
2.4e-05,9e-06,4e-13,4.5e-10,1.5e-10,0.0559,33900000000.0,1520000000.0,12.05,-74.74
2.4e-05,9e-06,4e-13,4.5e-10,2e-10,0.0559,33900000000.0,1520000000.0,12.05,-74.86
2.4e-05,9e-06,4e-13,4.5e-10,2.5e-10,0.0559,33900000000.0,1520000000.0,12.05,-74.8
2.4e-05,9e-06,4e-13,5e-10,5e-11,0.0559,32700000000.0,1470000000.0,12.11,-74.33
2.4e-05,9e-06,4e-13,5e-10,1.5e-10,0.0559,32700000000.0,1470000000.0,12.11,-74.43
2.4e-05,9e-06,4e-13,5e-10,2e-10,0.0559,32700000000.0,1480000000.0,12.11,-74.39
2.4e-05,9e-06,4e-13,5e-10,2.5e-10,0.0559,32700000000.0,1480000000.0,12.11,-74.34
2.4e-05,9e-06,6e-13,4e-10,1.5e-10,0.0559,35300000000.0,1570000000.0,11.96,-75.33
2.4e-05,9e-06,6e-13,4e-10,2.5e-10,0.0559,35300000000.0,1580000000.0,11.97,-75.23
2.4e-05,9e-06,6e-13,3e-10,1e-10,0.0559,39200000000.0,1760000000.0,11.62,-77.03
2.4e-05,9e-06,6e-13,3e-10,1.5e-10,0.0559,39200000000.0,1760000000.0,11.62,-77.08
2.4e-05,9e-06,6e-13,3e-10,2e-10,0.0559,39200000000.0,1760000000.0,11.62,-77.0
2.4e-05,9e-06,6e-13,3e-10,2.5e-10,0.0559,39200000000.0,1760000000.0,11.62,-76.96
2.4e-05,9e-06,6e-13,3.5e-10,1e-10,0.0559,37000000000.0,1650000000.0,11.83,-76.05
2.4e-05,9e-06,6e-13,3.5e-10,1.5e-10,0.0559,37000000000.0,1650000000.0,11.84,-76.1
2.4e-05,9e-06,6e-13,3.5e-10,2e-10,0.0559,37000000000.0,1650000000.0,11.84,-76.07
2.4e-05,9e-06,6e-13,4.5e-10,1e-10,0.0559,33900000000.0,1520000000.0,12.05,-74.68
2.4e-05,9e-06,6e-13,4.5e-10,5e-11,0.0559,33900000000.0,1520000000.0,12.05,-74.95
2.4e-05,9e-06,6e-13,4.5e-10,1.5e-10,0.0559,33900000000.0,1530000000.0,12.05,-74.7
2.4e-05,9e-06,6e-13,5e-10,5e-11,0.0559,32700000000.0,1480000000.0,12.11,-74.37
2.4e-05,9e-06,6e-13,5e-10,1.5e-10,0.0559,32700000000.0,1480000000.0,12.11,-74.27
2.4e-05,9e-06,7e-13,4e-10,5e-11,0.0559,35300000000.0,1580000000.0,11.97,-75.44
2.4e-05,9e-06,7e-13,3e-10,1e-10,0.0559,39200000000.0,1770000000.0,11.61,-77.77
2.4e-05,9e-06,7e-13,3e-10,5e-11,0.0559,39200000000.0,1770000000.0,11.62,-77.06
2.4e-05,9e-06,7e-13,3e-10,2e-10,0.0559,39200000000.0,1760000000.0,11.62,-77.04
2.4e-05,9e-06,7e-13,3e-10,2.5e-10,0.0559,39200000000.0,1760000000.0,11.62,-76.98
2.4e-05,9e-06,7e-13,3.5e-10,1e-10,0.0559,37000000000.0,1650000000.0,11.84,-76.03
2.4e-05,9e-06,7e-13,3.5e-10,1.5e-10,0.0559,37000000000.0,1650000000.0,11.84,-77.05
2.4e-05,9e-06,7e-13,3.5e-10,2e-10,0.0559,37000000000.0,1650000000.0,11.84,-76.15
2.4e-05,9e-06,7e-13,4.5e-10,1.5e-10,0.0559,33900000000.0,1520000000.0,12.05,-74.7
2.4e-05,9e-06,7e-13,4.5e-10,2e-10,0.0559,33900000000.0,1510000000.0,12.05,-74.61
2.4e-05,9e-06,7e-13,4.5e-10,2.5e-10,0.0559,33900000000.0,1510000000.0,12.05,-74.9
2.4e-05,9e-06,7e-13,5e-10,5e-11,0.0559,32700000000.0,1470000000.0,12.11,-74.41
2.4e-05,9e-06,7e-13,5e-10,1.5e-10,0.0559,32700000000.0,1490000000.0,12.11,-74.28
2.4e-05,9e-06,7e-13,5e-10,2e-10,0.0559,32700000000.0,1470000000.0,12.11,-74.4
2.4e-05,9e-06,7e-13,5e-10,2.5e-10,0.0559,32700000000.0,1490000000.0,12.11,-74.3
2.4e-05,1e-05,5e-13,4e-10,1e-10,0.0559,35000000000.0,1660000000.0,11.95,-75.25
2.4e-05,1e-05,5e-13,4e-10,5e-11,0.0559,35000000000.0,1660000000.0,11.95,-75.33
2.4e-05,1e-05,5e-13,4e-10,1.5e-10,0.0559,35000000000.0,1660000000.0,11.95,-75.27
2.4e-05,1e-05,5e-13,4e-10,2e-10,0.0559,35000000000.0,1660000000.0,11.95,-75.24
2.4e-05,1e-05,5e-13,4e-10,2.5e-10,0.0559,35000000000.0,1660000000.0,11.95,-75.29
2.4e-05,1e-05,5e-13,3e-10,1e-10,0.0559,38900000000.0,1850000000.0,11.61,-77.08
2.4e-05,1e-05,5e-13,3e-10,5e-11,0.0559,38900000000.0,1850000000.0,11.6,-77.01
2.4e-05,1e-05,5e-13,3e-10,1.5e-10,0.0559,38900000000.0,1850000000.0,11.61,-77.11
2.4e-05,1e-05,5e-13,3e-10,2e-10,0.0559,38900000000.0,1850000000.0,11.61,-76.85
2.4e-05,1e-05,5e-13,3e-10,2.5e-10,0.0559,38900000000.0,1850000000.0,11.61,-76.96
2.4e-05,1e-05,5e-13,3.5e-10,1e-10,0.0559,36700000000.0,1730000000.0,11.82,-76.18
2.4e-05,1e-05,5e-13,3.5e-10,5e-11,0.0559,36700000000.0,1740000000.0,11.82,-76.02
2.4e-05,1e-05,5e-13,3.5e-10,1.5e-10,0.0559,36700000000.0,1740000000.0,11.82,-76.0
2.4e-05,1e-05,5e-13,3.5e-10,2.5e-10,0.0559,36700000000.0,1740000000.0,11.82,-76.1
2.4e-05,1e-05,5e-13,4.5e-10,1e-10,0.0559,33600000000.0,1610000000.0,12.03,-74.7
2.4e-05,1e-05,5e-13,4.5e-10,5e-11,0.0559,33600000000.0,1590000000.0,12.03,-74.78
2.4e-05,1e-05,5e-13,4.5e-10,1.5e-10,0.0559,33600000000.0,1610000000.0,12.03,-74.68
2.4e-05,1e-05,5e-13,4.5e-10,2e-10,0.0559,33600000000.0,1600000000.0,12.03,-74.87
2.4e-05,1e-05,5e-13,4.5e-10,2.5e-10,0.0559,33600000000.0,1590000000.0,12.03,-74.86
2.4e-05,1e-05,5e-13,5e-10,1e-10,0.0559,32500000000.0,1550000000.0,12.09,-74.39
2.4e-05,1e-05,5e-13,5e-10,1.5e-10,0.0559,32500000000.0,1560000000.0,12.09,-74.23
2.4e-05,1e-05,5e-13,5e-10,2e-10,0.0559,32500000000.0,1570000000.0,12.09,-74.26
2.4e-05,1e-05,5e-13,5e-10,2.5e-10,0.0559,32500000000.0,1550000000.0,12.09,-74.2
2.4e-05,1e-05,3e-13,4e-10,5e-11,0.0559,35000000000.0,1660000000.0,11.95,-75.35
2.4e-05,1e-05,3e-13,4e-10,1.5e-10,0.0559,35000000000.0,1650000000.0,11.94,-75.42
2.4e-05,1e-05,3e-13,4e-10,2e-10,0.0559,35000000000.0,1660000000.0,11.95,-75.57
2.4e-05,1e-05,3e-13,4e-10,2.5e-10,0.0559,35000000000.0,1660000000.0,11.95,-75.21
2.4e-05,1e-05,3e-13,3e-10,1e-10,0.0559,38900000000.0,1850000000.0,11.6,-76.93
2.4e-05,1e-05,3e-13,3e-10,5e-11,0.0559,38900000000.0,1850000000.0,11.6,-77.06
2.4e-05,1e-05,3e-13,3e-10,1.5e-10,0.0559,38900000000.0,1860000000.0,11.6,-77.1
2.4e-05,1e-05,3e-13,3e-10,2e-10,0.0559,38900000000.0,1850000000.0,11.61,-76.94
2.4e-05,1e-05,3e-13,3e-10,2.5e-10,0.0559,38900000000.0,1850000000.0,11.6,-77.34
2.4e-05,1e-05,3e-13,3.5e-10,1e-10,0.0559,36700000000.0,1740000000.0,11.81,-76.02
2.4e-05,1e-05,3e-13,3.5e-10,5e-11,0.0559,36700000000.0,1740000000.0,11.82,-75.96
2.4e-05,1e-05,3e-13,3.5e-10,1.5e-10,0.0559,36700000000.0,1740000000.0,11.81,-76.14
2.4e-05,1e-05,3e-13,3.5e-10,2e-10,0.0559,36700000000.0,1730000000.0,11.82,-76.19
2.4e-05,1e-05,3e-13,3.5e-10,2.5e-10,0.0559,36700000000.0,1730000000.0,11.82,-76.14
2.4e-05,1e-05,3e-13,4.5e-10,1e-10,0.0559,33600000000.0,1590000000.0,12.03,-74.85
2.4e-05,1e-05,3e-13,4.5e-10,5e-11,0.0559,33600000000.0,1600000000.0,12.03,-74.82
2.4e-05,1e-05,3e-13,4.5e-10,1.5e-10,0.0559,33600000000.0,1600000000.0,12.03,-74.75
2.4e-05,1e-05,3e-13,4.5e-10,2e-10,0.0559,33600000000.0,1600000000.0,12.03,-74.84
2.4e-05,1e-05,3e-13,5e-10,1e-10,0.0559,32500000000.0,1560000000.0,12.09,-74.19
2.4e-05,1e-05,3e-13,5e-10,5e-11,0.0559,32500000000.0,1570000000.0,12.09,-74.2
2.4e-05,1e-05,3e-13,5e-10,1.5e-10,0.0559,32500000000.0,1560000000.0,12.09,-74.21
2.4e-05,1e-05,3e-13,5e-10,2e-10,0.0559,32500000000.0,1570000000.0,12.09,-74.29
2.4e-05,1e-05,3e-13,5e-10,2.5e-10,0.0559,32500000000.0,1550000000.0,12.09,-74.21
2.4e-05,1e-05,4e-13,4e-10,1e-10,0.0559,35000000000.0,1650000000.0,11.95,-75.43
2.4e-05,1e-05,4e-13,4e-10,5e-11,0.0559,35000000000.0,1660000000.0,11.95,-75.26
2.4e-05,1e-05,4e-13,4e-10,2e-10,0.0559,35000000000.0,1660000000.0,11.95,-75.4
2.4e-05,1e-05,4e-13,4e-10,2.5e-10,0.0559,35000000000.0,1660000000.0,11.94,-75.29
2.4e-05,1e-05,4e-13,3e-10,1e-10,0.0559,38900000000.0,1850000000.0,11.61,-76.86
2.4e-05,1e-05,4e-13,3e-10,5e-11,0.0559,38900000000.0,1850000000.0,11.61,-77.0
2.4e-05,1e-05,4e-13,3e-10,1.5e-10,0.0559,38900000000.0,1850000000.0,11.6,-77.07
2.4e-05,1e-05,4e-13,3e-10,2e-10,0.0559,38900000000.0,1850000000.0,11.61,-76.97
2.4e-05,1e-05,4e-13,3e-10,2.5e-10,0.0559,38900000000.0,1860000000.0,11.6,-76.98
2.4e-05,1e-05,4e-13,3.5e-10,1e-10,0.0559,36700000000.0,1740000000.0,11.82,-76.12
2.4e-05,1e-05,4e-13,3.5e-10,5e-11,0.0559,36700000000.0,1740000000.0,11.82,-75.84
2.4e-05,1e-05,4e-13,3.5e-10,1.5e-10,0.0559,36700000000.0,1730000000.0,11.82,-76.12
2.4e-05,1e-05,4e-13,3.5e-10,2e-10,0.0559,36700000000.0,1730000000.0,11.82,-76.15
2.4e-05,1e-05,4e-13,3.5e-10,2.5e-10,0.0559,36700000000.0,1740000000.0,11.82,-76.13
2.4e-05,1e-05,4e-13,4.5e-10,1e-10,0.0559,33600000000.0,1600000000.0,12.03,-74.8
2.4e-05,1e-05,4e-13,4.5e-10,5e-11,0.0559,33600000000.0,1600000000.0,12.03,-74.86
2.4e-05,1e-05,4e-13,4.5e-10,2.5e-10,0.0559,33600000000.0,1600000000.0,12.03,-74.77
2.4e-05,1e-05,4e-13,5e-10,1e-10,0.0559,32500000000.0,1550000000.0,12.09,-74.25
2.4e-05,1e-05,4e-13,5e-10,2.5e-10,0.0559,32500000000.0,1550000000.0,12.09,-74.41
2.4e-05,1e-05,6e-13,3e-10,5e-11,0.0559,38900000000.0,1860000000.0,11.6,-76.38
2.4e-05,1e-05,6e-13,3e-10,1.5e-10,0.0559,38900000000.0,1850000000.0,11.6,-77.15
2.4e-05,1e-05,6e-13,3e-10,2.5e-10,0.0559,38900000000.0,1850000000.0,11.61,-76.87
2.4e-05,1e-05,6e-13,3.5e-10,5e-11,0.0559,36700000000.0,1740000000.0,11.82,-76.38
2.4e-05,1e-05,6e-13,4.5e-10,5e-11,0.0559,33600000000.0,1590000000.0,12.03,-74.79
2.4e-05,1e-05,6e-13,4.5e-10,2.5e-10,0.0559,33600000000.0,1610000000.0,12.03,-74.64
2.4e-05,1e-05,6e-13,5e-10,1e-10,0.0559,32500000000.0,1550000000.0,12.09,-74.28
2.4e-05,1e-05,6e-13,5e-10,5e-11,0.0559,32500000000.0,1550000000.0,12.09,-74.4
2.4e-05,1e-05,6e-13,5e-10,1.5e-10,0.0559,32500000000.0,1560000000.0,12.09,-74.4
2.4e-05,1e-05,6e-13,5e-10,2e-10,0.0559,32500000000.0,1560000000.0,12.09,-74.29
2.4e-05,1e-05,7e-13,4e-10,1e-10,0.0559,35000000000.0,1650000000.0,11.95,-75.44
2.4e-05,1e-05,7e-13,4e-10,5e-11,0.0559,35000000000.0,1660000000.0,11.94,-75.31
2.4e-05,1e-05,7e-13,4e-10,1.5e-10,0.0559,35000000000.0,1660000000.0,11.94,-75.3
2.4e-05,1e-05,7e-13,4e-10,2e-10,0.0559,35000000000.0,1650000000.0,11.95,-75.4
2.4e-05,1e-05,7e-13,3e-10,1e-10,0.0559,38900000000.0,1850000000.0,11.61,-77.02
2.4e-05,1e-05,7e-13,3e-10,5e-11,0.0559,38900000000.0,1850000000.0,11.61,-76.92
2.4e-05,1e-05,7e-13,3e-10,1.5e-10,0.0559,38900000000.0,1850000000.0,11.6,-75.85
2.4e-05,1e-05,7e-13,3e-10,2e-10,0.0559,38900000000.0,1840000000.0,11.61,-76.44
2.4e-05,1e-05,7e-13,3.5e-10,5e-11,0.0559,36700000000.0,1740000000.0,11.82,-76.09
2.4e-05,1e-05,7e-13,3.5e-10,1.5e-10,0.0559,36700000000.0,1730000000.0,11.82,-76.73
2.4e-05,1e-05,7e-13,3.5e-10,2e-10,0.0559,36700000000.0,1730000000.0,11.82,-76.03
2.4e-05,1e-05,7e-13,4.5e-10,1e-10,0.0559,33600000000.0,1590000000.0,12.03,-74.83
2.4e-05,1e-05,7e-13,4.5e-10,2e-10,0.0559,33600000000.0,1600000000.0,12.03,-74.6
2.4e-05,1e-05,7e-13,5e-10,5e-11,0.0559,32500000000.0,1550000000.0,12.09,-74.29
2.4e-05,1e-05,7e-13,5e-10,1.5e-10,0.0559,32500000000.0,1560000000.0,12.09,-74.33
2.4e-05,1e-05,7e-13,5e-10,2e-10,0.0559,32500000000.0,1560000000.0,12.09,-74.22
2.4e-05,1.1e-05,5e-13,4e-10,1e-10,0.0559,34800000000.0,1730000000.0,11.92,-75.23
2.4e-05,1.1e-05,5e-13,4e-10,5e-11,0.0559,34800000000.0,1730000000.0,11.92,-75.27
2.4e-05,1.1e-05,5e-13,4e-10,1.5e-10,0.0559,34800000000.0,1730000000.0,11.92,-75.22
2.4e-05,1.1e-05,5e-13,4e-10,2e-10,0.0559,34800000000.0,1720000000.0,11.92,-75.39
2.4e-05,1.1e-05,5e-13,3e-10,1e-10,0.0559,38600000000.0,1930000000.0,11.59,-76.89
2.4e-05,1.1e-05,5e-13,3e-10,5e-11,0.0559,38600000000.0,1930000000.0,11.59,-76.3
2.4e-05,1.1e-05,5e-13,3e-10,1.5e-10,0.0559,38600000000.0,1920000000.0,11.59,-76.84
2.4e-05,1.1e-05,5e-13,3e-10,2e-10,0.0559,38600000000.0,1930000000.0,11.59,-77.02
2.4e-05,1.1e-05,5e-13,3e-10,2.5e-10,0.0559,38600000000.0,1930000000.0,11.59,-76.83
2.4e-05,1.1e-05,5e-13,3.5e-10,1e-10,0.0559,36500000000.0,1800000000.0,11.79,-76.08
2.4e-05,1.1e-05,5e-13,3.5e-10,5e-11,0.0559,36500000000.0,1810000000.0,11.8,-75.93
2.4e-05,1.1e-05,5e-13,3.5e-10,1.5e-10,0.0559,36500000000.0,1800000000.0,11.79,-76.11
2.4e-05,1.1e-05,5e-13,3.5e-10,2e-10,0.0559,36500000000.0,1810000000.0,11.79,-76.04
2.4e-05,1.1e-05,5e-13,3.5e-10,2.5e-10,0.0559,36500000000.0,1810000000.0,11.79,-75.96
2.4e-05,1.1e-05,5e-13,4.5e-10,1e-10,0.0559,33400000000.0,1660000000.0,12.0,-74.7
2.4e-05,1.1e-05,5e-13,4.5e-10,5e-11,0.0559,33400000000.0,1660000000.0,12.01,-74.81
2.4e-05,1.1e-05,5e-13,4.5e-10,1.5e-10,0.0559,33400000000.0,1670000000.0,12.01,-74.65
2.4e-05,1.1e-05,5e-13,4.5e-10,2.5e-10,0.0559,33400000000.0,1660000000.0,12.0,-74.67
2.4e-05,1.1e-05,5e-13,5e-10,1e-10,0.0559,32300000000.0,1630000000.0,12.06,-74.21
2.4e-05,1.1e-05,5e-13,5e-10,5e-11,0.0559,32300000000.0,1630000000.0,12.07,-74.0
2.4e-05,1.1e-05,5e-13,5e-10,1.5e-10,0.0559,32300000000.0,1620000000.0,12.07,-74.35
2.4e-05,1.1e-05,5e-13,5e-10,2.5e-10,0.0559,32300000000.0,1630000000.0,12.06,-74.2
2.4e-05,1.1e-05,3e-13,4e-10,1e-10,0.0559,34800000000.0,1730000000.0,11.92,-75.21
2.4e-05,1.1e-05,3e-13,4e-10,5e-11,0.0559,34800000000.0,1730000000.0,11.92,-75.3
2.4e-05,1.1e-05,3e-13,4e-10,1.5e-10,0.0559,34800000000.0,1720000000.0,11.92,-75.35
2.4e-05,1.1e-05,3e-13,4e-10,2e-10,0.0559,34800000000.0,1720000000.0,11.92,-75.28
2.4e-05,1.1e-05,3e-13,4e-10,2.5e-10,0.0559,34800000000.0,1720000000.0,11.92,-75.31
2.4e-05,1.1e-05,3e-13,3e-10,1e-10,0.0559,38600000000.0,1930000000.0,11.58,-76.88
2.4e-05,1.1e-05,3e-13,3e-10,5e-11,0.0559,38600000000.0,1930000000.0,11.59,-76.71
2.4e-05,1.1e-05,3e-13,3e-10,1.5e-10,0.0559,38600000000.0,1920000000.0,11.59,-76.94
2.4e-05,1.1e-05,3e-13,3e-10,2e-10,0.0559,38600000000.0,1920000000.0,11.59,-76.92
2.4e-05,1.1e-05,3e-13,3e-10,2.5e-10,0.0559,38600000000.0,1930000000.0,11.59,-76.52
2.4e-05,1.1e-05,3e-13,3.5e-10,1e-10,0.0559,36500000000.0,1810000000.0,11.8,-75.91
2.4e-05,1.1e-05,3e-13,3.5e-10,5e-11,0.0559,36500000000.0,1810000000.0,11.79,-76.11
2.4e-05,1.1e-05,3e-13,3.5e-10,1.5e-10,0.0559,36500000000.0,1800000000.0,11.79,-76.09
2.4e-05,1.1e-05,3e-13,3.5e-10,2e-10,0.0559,36500000000.0,1800000000.0,11.79,-76.21
2.4e-05,1.1e-05,3e-13,3.5e-10,2.5e-10,0.0559,36500000000.0,1810000000.0,11.79,-76.0
2.4e-05,1.1e-05,3e-13,4.5e-10,1e-10,0.0559,33400000000.0,1670000000.0,12.0,-74.66
2.4e-05,1.1e-05,3e-13,4.5e-10,5e-11,0.0559,33400000000.0,1670000000.0,12.01,-74.72
2.4e-05,1.1e-05,3e-13,4.5e-10,1.5e-10,0.0559,33400000000.0,1660000000.0,12.0,-74.69
2.4e-05,1.1e-05,3e-13,4.5e-10,2e-10,0.0559,33400000000.0,1670000000.0,12.0,-74.64
2.4e-05,1.1e-05,3e-13,4.5e-10,2.5e-10,0.0559,33400000000.0,1670000000.0,12.01,-74.69
2.4e-05,1.1e-05,3e-13,5e-10,1e-10,0.0559,32300000000.0,1620000000.0,12.06,-74.22
2.4e-05,1.1e-05,3e-13,5e-10,5e-11,0.0559,32300000000.0,1630000000.0,12.07,-74.26
2.4e-05,1.1e-05,3e-13,5e-10,2e-10,0.0559,32300000000.0,1620000000.0,12.06,-74.21
2.4e-05,1.1e-05,3e-13,5e-10,2.5e-10,0.0559,32300000000.0,1630000000.0,12.07,-74.29
2.4e-05,1.1e-05,4e-13,4e-10,5e-11,0.0559,34800000000.0,1720000000.0,11.92,-75.48
2.4e-05,1.1e-05,4e-13,4e-10,2e-10,0.0559,34800000000.0,1730000000.0,11.92,-75.24
2.4e-05,1.1e-05,4e-13,4e-10,2.5e-10,0.0559,34800000000.0,1720000000.0,11.92,-75.3
2.4e-05,1.1e-05,4e-13,3e-10,1e-10,0.0559,38600000000.0,1920000000.0,11.59,-79.27
2.4e-05,1.1e-05,4e-13,3e-10,5e-11,0.0559,38600000000.0,1920000000.0,11.59,-76.38
2.4e-05,1.1e-05,4e-13,3e-10,1.5e-10,0.0559,38600000000.0,1920000000.0,11.59,-76.86
2.4e-05,1.1e-05,4e-13,3e-10,2.5e-10,0.0559,38600000000.0,1920000000.0,11.59,-76.55
2.4e-05,1.1e-05,4e-13,3.5e-10,5e-11,0.0559,36500000000.0,1810000000.0,11.8,-75.84
2.4e-05,1.1e-05,4e-13,3.5e-10,1.5e-10,0.0559,36500000000.0,1800000000.0,11.8,-76.13
2.4e-05,1.1e-05,4e-13,3.5e-10,2e-10,0.0559,36500000000.0,1810000000.0,11.79,-76.03
2.4e-05,1.1e-05,4e-13,3.5e-10,2.5e-10,0.0559,36500000000.0,1800000000.0,11.8,-76.03
2.4e-05,1.1e-05,4e-13,4.5e-10,1e-10,0.0559,33400000000.0,1670000000.0,12.0,-74.61
2.4e-05,1.1e-05,4e-13,5e-10,5e-11,0.0559,32300000000.0,1620000000.0,12.06,-74.24
2.4e-05,1.1e-05,4e-13,5e-10,2e-10,0.0559,32300000000.0,1630000000.0,12.07,-74.23
2.4e-05,1.1e-05,4e-13,5e-10,2.5e-10,0.0559,32300000000.0,1630000000.0,12.07,-74.27
2.4e-05,1.1e-05,6e-13,4e-10,1e-10,0.0559,34800000000.0,1720000000.0,11.92,-75.4
2.4e-05,1.1e-05,6e-13,4e-10,2e-10,0.0559,34800000000.0,1720000000.0,11.92,-75.41
2.4e-05,1.1e-05,6e-13,3e-10,1e-10,0.0559,38600000000.0,1920000000.0,11.59,-76.8
2.4e-05,1.1e-05,6e-13,3e-10,5e-11,0.0559,38600000000.0,1920000000.0,11.59,-76.79
2.4e-05,1.1e-05,6e-13,3e-10,2e-10,0.0559,38600000000.0,1920000000.0,11.59,-77.03
2.4e-05,1.1e-05,6e-13,3e-10,2.5e-10,0.0559,38600000000.0,1920000000.0,11.59,-79.36
2.4e-05,1.1e-05,6e-13,3.5e-10,1e-10,0.0559,36500000000.0,1800000000.0,11.8,-75.89
2.4e-05,1.1e-05,6e-13,3.5e-10,5e-11,0.0559,36500000000.0,1800000000.0,11.8,-76.09
2.4e-05,1.1e-05,6e-13,3.5e-10,1.5e-10,0.0559,36500000000.0,1800000000.0,11.79,-76.0
2.4e-05,1.1e-05,6e-13,3.5e-10,2.5e-10,0.0559,36500000000.0,1810000000.0,11.79,-76.02
2.4e-05,1.1e-05,6e-13,4.5e-10,5e-11,0.0559,33400000000.0,1670000000.0,12.01,-74.75
2.4e-05,1.1e-05,6e-13,4.5e-10,1.5e-10,0.0559,33400000000.0,1670000000.0,12.01,-74.66
2.4e-05,1.1e-05,6e-13,4.5e-10,2e-10,0.0559,33400000000.0,1670000000.0,12.0,-74.7
2.4e-05,1.1e-05,6e-13,5e-10,1e-10,0.0559,32300000000.0,1630000000.0,12.07,-74.3
2.4e-05,1.1e-05,6e-13,5e-10,5e-11,0.0559,32300000000.0,1610000000.0,12.07,-74.37
2.4e-05,1.1e-05,6e-13,5e-10,2e-10,0.0559,32300000000.0,1610000000.0,12.06,-74.32
2.4e-05,1.1e-05,6e-13,5e-10,2.5e-10,0.0559,32300000000.0,1630000000.0,12.06,-74.22
2.4e-05,1.1e-05,7e-13,4e-10,5e-11,0.0559,34800000000.0,1720000000.0,11.92,-75.25
2.4e-05,1.1e-05,7e-13,4e-10,2e-10,0.0559,34800000000.0,1730000000.0,11.92,-75.16
2.4e-05,1.1e-05,7e-13,4e-10,2.5e-10,0.0559,34800000000.0,1720000000.0,11.92,-75.32
2.4e-05,1.1e-05,7e-13,3e-10,1e-10,0.0559,38600000000.0,1920000000.0,11.59,-77.05
2.4e-05,1.1e-05,7e-13,3e-10,5e-11,0.0559,38600000000.0,1920000000.0,11.59,-77.04
2.4e-05,1.1e-05,7e-13,3e-10,2e-10,0.0559,38600000000.0,1920000000.0,11.59,-76.43
2.4e-05,1.1e-05,7e-13,3e-10,2.5e-10,0.0559,38600000000.0,1920000000.0,11.59,-76.85
2.4e-05,1.1e-05,7e-13,3.5e-10,1e-10,0.0559,36500000000.0,1800000000.0,11.79,-76.1
2.4e-05,1.1e-05,7e-13,3.5e-10,2e-10,0.0559,36400000000.0,1800000000.0,11.8,-76.05
2.4e-05,1.1e-05,7e-13,4.5e-10,5e-11,0.0559,33400000000.0,1660000000.0,12.01,-74.83
2.4e-05,1.1e-05,7e-13,4.5e-10,1.5e-10,0.0559,33400000000.0,1660000000.0,12.0,-74.71
2.4e-05,1.1e-05,7e-13,4.5e-10,2e-10,0.0559,33400000000.0,1670000000.0,12.01,-74.77
2.4e-05,1.1e-05,7e-13,5e-10,1e-10,0.0559,32300000000.0,1610000000.0,12.06,-74.3
2.4e-05,1.1e-05,7e-13,5e-10,5e-11,0.0559,32300000000.0,1610000000.0,12.06,-74.34
2.4e-05,1.1e-05,7e-13,5e-10,2e-10,0.0559,32300000000.0,1630000000.0,12.07,-74.24
2.4e-05,1.2e-05,5e-13,4e-10,1e-10,0.0559,34500000000.0,1770000000.0,11.89,-75.26
2.4e-05,1.2e-05,5e-13,4e-10,5e-11,0.0559,34500000000.0,1780000000.0,11.9,-75.22
2.4e-05,1.2e-05,5e-13,4e-10,1.5e-10,0.0559,34500000000.0,1770000000.0,11.9,-75.37
2.4e-05,1.2e-05,5e-13,4e-10,2e-10,0.0559,34500000000.0,1780000000.0,11.89,-75.32
2.4e-05,1.2e-05,5e-13,4e-10,2.5e-10,0.0559,34500000000.0,1780000000.0,11.9,-75.2
2.4e-05,1.2e-05,5e-13,3e-10,1e-10,0.0559,38300000000.0,1980000000.0,11.56,-77.17
2.4e-05,1.2e-05,5e-13,3e-10,5e-11,0.0559,38300000000.0,1980000000.0,11.56,-76.84
2.4e-05,1.2e-05,5e-13,3e-10,1.5e-10,0.0559,38300000000.0,1980000000.0,11.56,-76.87
2.4e-05,1.2e-05,5e-13,3e-10,2e-10,0.0559,38300000000.0,1980000000.0,11.56,-76.78
2.4e-05,1.2e-05,5e-13,3e-10,2.5e-10,0.0559,38300000000.0,1980000000.0,11.56,-76.93
2.4e-05,1.2e-05,5e-13,3.5e-10,1e-10,0.0559,36200000000.0,1860000000.0,11.77,-75.95
2.4e-05,1.2e-05,5e-13,3.5e-10,5e-11,0.0559,36200000000.0,1860000000.0,11.77,-75.62
2.4e-05,1.2e-05,5e-13,3.5e-10,1.5e-10,0.0559,36200000000.0,1860000000.0,11.77,-75.9
2.4e-05,1.2e-05,5e-13,3.5e-10,2e-10,0.0559,36200000000.0,1860000000.0,11.77,-75.88
2.4e-05,1.2e-05,5e-13,3.5e-10,2.5e-10,0.0559,36200000000.0,1860000000.0,11.77,-75.85
2.4e-05,1.2e-05,5e-13,4.5e-10,1e-10,0.0559,33200000000.0,1710000000.0,11.98,-74.77
2.4e-05,1.2e-05,5e-13,4.5e-10,5e-11,0.0559,33200000000.0,1710000000.0,11.98,-74.78
2.4e-05,1.2e-05,5e-13,4.5e-10,1.5e-10,0.0559,33200000000.0,1710000000.0,11.98,-74.8
2.4e-05,1.2e-05,5e-13,4.5e-10,2e-10,0.0559,33200000000.0,1720000000.0,11.98,-74.66
2.4e-05,1.2e-05,5e-13,4.5e-10,2.5e-10,0.0559,33200000000.0,1720000000.0,11.98,-74.64
2.4e-05,1.2e-05,5e-13,5e-10,1e-10,0.0559,32100000000.0,1680000000.0,12.04,-74.2
2.4e-05,1.2e-05,5e-13,5e-10,5e-11,0.0559,32100000000.0,1660000000.0,12.04,-74.35
2.4e-05,1.2e-05,5e-13,5e-10,1.5e-10,0.0559,32100000000.0,1660000000.0,12.04,-74.4
2.4e-05,1.2e-05,5e-13,5e-10,2e-10,0.0559,32100000000.0,1680000000.0,12.04,-74.16
2.4e-05,1.2e-05,5e-13,5e-10,2.5e-10,0.0559,32100000000.0,1670000000.0,12.04,-74.32
2.4e-05,1.2e-05,3e-13,4e-10,1e-10,0.0559,34500000000.0,1780000000.0,11.9,-75.21
2.4e-05,1.2e-05,3e-13,4e-10,5e-11,0.0559,34500000000.0,1780000000.0,11.9,-75.19
2.4e-05,1.2e-05,3e-13,4e-10,1.5e-10,0.0559,34500000000.0,1780000000.0,11.89,-75.18
2.4e-05,1.2e-05,3e-13,4e-10,2e-10,0.0559,34500000000.0,1780000000.0,11.89,-75.19
2.4e-05,1.2e-05,3e-13,3e-10,1e-10,0.0559,38300000000.0,1980000000.0,11.56,-76.92
2.4e-05,1.2e-05,3e-13,3e-10,5e-11,0.0559,38300000000.0,1980000000.0,11.56,-76.82
2.4e-05,1.2e-05,3e-13,3e-10,1.5e-10,0.0559,38300000000.0,1980000000.0,11.56,-76.89
2.4e-05,1.2e-05,3e-13,3e-10,2e-10,0.0559,38300000000.0,1990000000.0,11.56,-77.91
2.4e-05,1.2e-05,3e-13,3e-10,2.5e-10,0.0559,38300000000.0,1980000000.0,11.56,-76.83
2.4e-05,1.2e-05,3e-13,3.5e-10,1e-10,0.0559,36200000000.0,1860000000.0,11.77,-75.86
2.4e-05,1.2e-05,3e-13,3.5e-10,5e-11,0.0559,36200000000.0,1860000000.0,11.77,-75.87
2.4e-05,1.2e-05,3e-13,3.5e-10,1.5e-10,0.0559,36200000000.0,1860000000.0,11.77,-75.93
2.4e-05,1.2e-05,3e-13,3.5e-10,2e-10,0.0559,36200000000.0,1860000000.0,11.77,-76.02
2.4e-05,1.2e-05,3e-13,4.5e-10,1e-10,0.0559,33200000000.0,1710000000.0,11.98,-74.71
2.4e-05,1.2e-05,3e-13,4.5e-10,5e-11,0.0559,33200000000.0,1710000000.0,11.98,-74.72
2.4e-05,1.2e-05,3e-13,4.5e-10,2.5e-10,0.0559,33200000000.0,1720000000.0,11.98,-74.8
2.4e-05,1.2e-05,3e-13,5e-10,1e-10,0.0559,32100000000.0,1660000000.0,12.04,-74.28
2.4e-05,1.2e-05,3e-13,5e-10,5e-11,0.0559,32100000000.0,1670000000.0,12.03,-74.22
2.4e-05,1.2e-05,3e-13,5e-10,2e-10,0.0559,32100000000.0,1670000000.0,12.03,-74.26
2.4e-05,1.2e-05,4e-13,4e-10,1.5e-10,0.0559,34500000000.0,1780000000.0,11.89,-75.42
2.4e-05,1.2e-05,4e-13,4e-10,2e-10,0.0559,34500000000.0,1780000000.0,11.9,-75.31
2.4e-05,1.2e-05,4e-13,3e-10,1e-10,0.0559,38300000000.0,1980000000.0,11.56,-76.98
2.4e-05,1.2e-05,4e-13,3e-10,5e-11,0.0559,38300000000.0,1970000000.0,11.57,-76.76
2.4e-05,1.2e-05,4e-13,3e-10,1.5e-10,0.0559,38300000000.0,1990000000.0,11.56,-77.58
2.4e-05,1.2e-05,4e-13,3e-10,2e-10,0.0559,38300000000.0,1990000000.0,11.56,-76.78
2.4e-05,1.2e-05,4e-13,3.5e-10,1e-10,0.0559,36200000000.0,1860000000.0,11.77,-75.98
2.4e-05,1.2e-05,4e-13,3.5e-10,5e-11,0.0559,36200000000.0,1860000000.0,11.77,-75.96
2.4e-05,1.2e-05,4e-13,3.5e-10,2.5e-10,0.0559,36200000000.0,1860000000.0,11.77,-76.1
2.4e-05,1.2e-05,4e-13,4.5e-10,1e-10,0.0559,33200000000.0,1720000000.0,11.98,-74.67
2.4e-05,1.2e-05,4e-13,4.5e-10,5e-11,0.0559,33200000000.0,1720000000.0,11.98,-74.63
2.4e-05,1.2e-05,4e-13,5e-10,1e-10,0.0559,32100000000.0,1660000000.0,12.04,-74.37
2.4e-05,1.2e-05,4e-13,5e-10,1.5e-10,0.0559,32100000000.0,1660000000.0,12.04,-74.32
2.4e-05,1.2e-05,4e-13,5e-10,2.5e-10,0.0559,32100000000.0,1670000000.0,12.04,-74.19
2.4e-05,1.2e-05,6e-13,4e-10,1e-10,0.0559,34500000000.0,1780000000.0,11.89,-75.15
2.4e-05,1.2e-05,6e-13,4e-10,5e-11,0.0559,34500000000.0,1780000000.0,11.89,-75.21
2.4e-05,1.2e-05,6e-13,4e-10,2.5e-10,0.0559,34500000000.0,1780000000.0,11.9,-75.34
2.4e-05,1.2e-05,6e-13,3e-10,5e-11,0.0559,38300000000.0,1970000000.0,11.57,-76.82
2.4e-05,1.2e-05,6e-13,3e-10,1.5e-10,0.0559,38300000000.0,1980000000.0,11.56,-77.06
2.4e-05,1.2e-05,6e-13,3e-10,2e-10,0.0559,38300000000.0,1980000000.0,11.56,-75.41
2.4e-05,1.2e-05,6e-13,3e-10,2.5e-10,0.0559,38300000000.0,1980000000.0,11.56,-76.88
2.4e-05,1.2e-05,6e-13,3.5e-10,1e-10,0.0559,36200000000.0,1860000000.0,11.77,-75.91
2.4e-05,1.2e-05,6e-13,3.5e-10,5e-11,0.0559,36200000000.0,1860000000.0,11.77,-76.04
2.4e-05,1.2e-05,6e-13,3.5e-10,2e-10,0.0559,36200000000.0,1860000000.0,11.77,-76.3
2.4e-05,1.2e-05,6e-13,4.5e-10,1.5e-10,0.0559,33200000000.0,1710000000.0,11.98,-74.79
2.4e-05,1.2e-05,6e-13,4.5e-10,2.5e-10,0.0559,33200000000.0,1710000000.0,11.98,-74.03
2.4e-05,1.2e-05,6e-13,5e-10,2e-10,0.0559,32100000000.0,1670000000.0,12.04,-74.2
2.4e-05,1.2e-05,6e-13,5e-10,2.5e-10,0.0559,32100000000.0,1660000000.0,12.04,-74.33
2.4e-05,1.2e-05,7e-13,4e-10,1.5e-10,0.0559,34500000000.0,1770000000.0,11.89,-75.27
2.4e-05,1.2e-05,7e-13,4e-10,2e-10,0.0559,34500000000.0,1780000000.0,11.89,-75.27
2.4e-05,1.2e-05,7e-13,3e-10,1e-10,0.0559,38300000000.0,1970000000.0,11.56,-74.56
2.4e-05,1.2e-05,7e-13,3e-10,5e-11,0.0559,38300000000.0,1980000000.0,11.56,-76.85
2.4e-05,1.2e-05,7e-13,3e-10,1.5e-10,0.0559,38300000000.0,1970000000.0,11.57,-76.71
2.4e-05,1.2e-05,7e-13,3e-10,2e-10,0.0559,38300000000.0,1980000000.0,11.56,-77.47
2.4e-05,1.2e-05,7e-13,3e-10,2.5e-10,0.0559,38300000000.0,1980000000.0,11.56,-74.64
2.4e-05,1.2e-05,7e-13,3.5e-10,1e-10,0.0559,36200000000.0,1860000000.0,11.77,-76.0
2.4e-05,1.2e-05,7e-13,3.5e-10,1.5e-10,0.0559,36200000000.0,1860000000.0,11.77,-76.03
2.4e-05,1.2e-05,7e-13,4.5e-10,2.5e-10,0.0559,33200000000.0,1710000000.0,11.98,-74.74
2.4e-05,1.2e-05,7e-13,5e-10,1e-10,0.0559,32100000000.0,1660000000.0,12.04,-74.36
2.4e-05,1.2e-05,7e-13,5e-10,1.5e-10,0.0559,32100000000.0,1660000000.0,12.04,-74.31
2.4e-05,1.2e-05,7e-13,5e-10,2e-10,0.0559,32100000000.0,1670000000.0,12.04,-74.15
2.4e-05,1.3e-05,5e-13,4e-10,1e-10,0.0559,34300000000.0,1810000000.0,11.87,-75.36
2.4e-05,1.3e-05,5e-13,4e-10,5e-11,0.0559,34300000000.0,1810000000.0,11.87,-75.28
2.4e-05,1.3e-05,5e-13,4e-10,1.5e-10,0.0559,34300000000.0,1810000000.0,11.87,-75.23
2.4e-05,1.3e-05,5e-13,4e-10,2e-10,0.0559,34300000000.0,1810000000.0,11.86,-75.29
2.4e-05,1.3e-05,5e-13,4e-10,2.5e-10,0.0559,34300000000.0,1820000000.0,11.86,-75.14
2.4e-05,1.3e-05,5e-13,3e-10,1e-10,0.0559,38100000000.0,2020000000.0,11.53,-76.79
2.4e-05,1.3e-05,5e-13,3e-10,5e-11,0.0559,38100000000.0,2030000000.0,11.53,-76.77
2.4e-05,1.3e-05,5e-13,3e-10,1.5e-10,0.0559,38100000000.0,2010000000.0,11.54,-76.72
2.4e-05,1.3e-05,5e-13,3e-10,2e-10,0.0559,38100000000.0,2020000000.0,11.53,-76.78
2.4e-05,1.3e-05,5e-13,3e-10,2.5e-10,0.0559,38100000000.0,2010000000.0,11.54,-76.7
2.4e-05,1.3e-05,5e-13,3.5e-10,1e-10,0.0559,36000000000.0,1890000000.0,11.74,-75.82
2.4e-05,1.3e-05,5e-13,3.5e-10,5e-11,0.0559,36000000000.0,1900000000.0,11.74,-75.94
2.4e-05,1.3e-05,5e-13,3.5e-10,1.5e-10,0.0559,36000000000.0,1900000000.0,11.74,-75.85
2.4e-05,1.3e-05,5e-13,3.5e-10,2e-10,0.0559,36000000000.0,1890000000.0,11.74,-75.84
2.4e-05,1.3e-05,5e-13,3.5e-10,2.5e-10,0.0559,36000000000.0,1890000000.0,11.74,-75.83
2.4e-05,1.3e-05,5e-13,4.5e-10,1e-10,0.0559,33000000000.0,1760000000.0,11.95,-74.59
2.4e-05,1.3e-05,5e-13,4.5e-10,5e-11,0.0559,33000000000.0,1750000000.0,11.95,-73.84
2.4e-05,1.3e-05,5e-13,4.5e-10,1.5e-10,0.0559,33000000000.0,1750000000.0,11.95,-74.73
2.4e-05,1.3e-05,5e-13,4.5e-10,2e-10,0.0559,33000000000.0,1750000000.0,11.95,-74.65
2.4e-05,1.3e-05,5e-13,4.5e-10,2.5e-10,0.0559,33000000000.0,1760000000.0,11.95,-74.6
2.4e-05,1.3e-05,5e-13,5e-10,1e-10,0.0559,31900000000.0,1700000000.0,12.01,-74.28
2.4e-05,1.3e-05,5e-13,5e-10,5e-11,0.0559,31900000000.0,1710000000.0,12.01,-74.21
2.4e-05,1.3e-05,5e-13,5e-10,1.5e-10,0.0559,31900000000.0,1700000000.0,12.01,-74.26
2.4e-05,1.3e-05,5e-13,5e-10,2e-10,0.0559,31900000000.0,1710000000.0,12.01,-74.34
2.4e-05,1.3e-05,5e-13,5e-10,2.5e-10,0.0559,31900000000.0,1710000000.0,12.01,-74.36
2.4e-05,1.3e-05,3e-13,4e-10,1e-10,0.0559,34300000000.0,1810000000.0,11.87,-75.27
2.4e-05,1.3e-05,3e-13,4e-10,5e-11,0.0559,34300000000.0,1810000000.0,11.87,-72.77
2.4e-05,1.3e-05,3e-13,4e-10,1.5e-10,0.0559,34300000000.0,1810000000.0,11.86,-75.25
2.4e-05,1.3e-05,3e-13,4e-10,2e-10,0.0559,34300000000.0,1810000000.0,11.86,-75.24
2.4e-05,1.3e-05,3e-13,4e-10,2.5e-10,0.0559,34300000000.0,1810000000.0,11.87,-75.2
2.4e-05,1.3e-05,3e-13,3e-10,1e-10,0.0559,38100000000.0,2030000000.0,11.53,-76.79
2.4e-05,1.3e-05,3e-13,3e-10,5e-11,0.0559,38100000000.0,2010000000.0,11.54,-76.68
2.4e-05,1.3e-05,3e-13,3e-10,1.5e-10,0.0559,38100000000.0,2020000000.0,11.53,-76.71
2.4e-05,1.3e-05,3e-13,3e-10,2e-10,0.0559,38100000000.0,2030000000.0,11.53,-76.76
2.4e-05,1.3e-05,3e-13,3e-10,2.5e-10,0.0559,38100000000.0,2010000000.0,11.54,-76.67
2.4e-05,1.3e-05,3e-13,3.5e-10,1e-10,0.0559,36000000000.0,1890000000.0,11.74,-75.7
2.4e-05,1.3e-05,3e-13,3.5e-10,5e-11,0.0559,36000000000.0,1900000000.0,11.74,-75.96
2.4e-05,1.3e-05,3e-13,3.5e-10,1.5e-10,0.0559,36000000000.0,1900000000.0,11.74,-76.05
2.4e-05,1.3e-05,3e-13,3.5e-10,2e-10,0.0559,36000000000.0,1900000000.0,11.74,-75.81
2.4e-05,1.3e-05,3e-13,3.5e-10,2.5e-10,0.0559,36000000000.0,1900000000.0,11.74,-75.68
2.4e-05,1.3e-05,3e-13,4.5e-10,1e-10,0.0559,33000000000.0,1750000000.0,11.95,-74.6
2.4e-05,1.3e-05,3e-13,4.5e-10,5e-11,0.0559,33000000000.0,1760000000.0,11.95,-74.61
2.4e-05,1.3e-05,3e-13,4.5e-10,1.5e-10,0.0559,33000000000.0,1750000000.0,11.95,-74.72
2.4e-05,1.3e-05,3e-13,4.5e-10,2e-10,0.0559,33000000000.0,1760000000.0,11.95,-74.58
2.4e-05,1.3e-05,3e-13,4.5e-10,2.5e-10,0.0559,33000000000.0,1760000000.0,11.95,-74.7
2.4e-05,1.3e-05,3e-13,5e-10,1e-10,0.0559,31900000000.0,1710000000.0,12.01,-74.17
2.4e-05,1.3e-05,3e-13,5e-10,5e-11,0.0559,31900000000.0,1700000000.0,12.01,-74.34
2.4e-05,1.3e-05,3e-13,5e-10,2e-10,0.0559,31900000000.0,1710000000.0,12.01,-74.2
2.4e-05,1.3e-05,4e-13,4e-10,5e-11,0.0559,34300000000.0,1810000000.0,11.86,-75.21
2.4e-05,1.3e-05,4e-13,4e-10,2e-10,0.0559,34300000000.0,1810000000.0,11.86,-75.28
2.4e-05,1.3e-05,4e-13,4e-10,2.5e-10,0.0559,34300000000.0,1810000000.0,11.86,-75.26
2.4e-05,1.3e-05,4e-13,3e-10,1e-10,0.0559,38100000000.0,2020000000.0,11.54,-76.59
2.4e-05,1.3e-05,4e-13,3e-10,5e-11,0.0559,38100000000.0,2010000000.0,11.54,-77.63
2.4e-05,1.3e-05,4e-13,3e-10,2e-10,0.0559,38100000000.0,2020000000.0,11.53,-76.83
2.4e-05,1.3e-05,4e-13,3.5e-10,1e-10,0.0559,36000000000.0,1900000000.0,11.74,-75.82
2.4e-05,1.3e-05,4e-13,3.5e-10,2e-10,0.0559,36000000000.0,1900000000.0,11.74,-75.98
2.4e-05,1.3e-05,4e-13,4.5e-10,1.5e-10,0.0559,33000000000.0,1750000000.0,11.95,-74.68
2.4e-05,1.3e-05,4e-13,4.5e-10,2e-10,0.0559,33000000000.0,1750000000.0,11.95,-74.63
2.4e-05,1.3e-05,4e-13,4.5e-10,2.5e-10,0.0559,33000000000.0,1760000000.0,11.95,-74.46
2.4e-05,1.3e-05,4e-13,5e-10,5e-11,0.0559,31900000000.0,1710000000.0,12.01,-74.25
2.4e-05,1.3e-05,4e-13,5e-10,1.5e-10,0.0559,31900000000.0,1700000000.0,12.01,-74.35
2.4e-05,1.3e-05,4e-13,5e-10,2e-10,0.0559,31900000000.0,1700000000.0,12.01,-74.32
2.4e-05,1.3e-05,4e-13,5e-10,2.5e-10,0.0559,31900000000.0,1700000000.0,12.01,-74.23
2.4e-05,1.3e-05,6e-13,4e-10,1e-10,0.0559,34300000000.0,1810000000.0,11.86,-75.2
2.4e-05,1.3e-05,6e-13,4e-10,5e-11,0.0559,34300000000.0,1810000000.0,11.87,-75.3
2.4e-05,1.3e-05,6e-13,4e-10,1.5e-10,0.0559,34300000000.0,1820000000.0,11.87,-75.15
2.4e-05,1.3e-05,6e-13,4e-10,2.5e-10,0.0559,34300000000.0,1810000000.0,11.86,-75.13
2.4e-05,1.3e-05,6e-13,3e-10,1e-10,0.0559,38100000000.0,2030000000.0,11.53,-76.8
2.4e-05,1.3e-05,6e-13,3e-10,5e-11,0.0559,38100000000.0,2020000000.0,11.53,-76.82
2.4e-05,1.3e-05,6e-13,3e-10,1.5e-10,0.0559,38100000000.0,2020000000.0,11.53,-76.92
2.4e-05,1.3e-05,6e-13,3e-10,2e-10,0.0559,38100000000.0,2020000000.0,11.53,-76.72
2.4e-05,1.3e-05,6e-13,3e-10,2.5e-10,0.0559,38100000000.0,2020000000.0,11.53,-76.8
2.4e-05,1.3e-05,6e-13,3.5e-10,1e-10,0.0559,36000000000.0,1900000000.0,11.74,-75.83
2.4e-05,1.3e-05,6e-13,3.5e-10,5e-11,0.0559,36000000000.0,1900000000.0,11.74,-75.99
2.4e-05,1.3e-05,6e-13,3.5e-10,1.5e-10,0.0559,36000000000.0,1890000000.0,11.74,-75.98
2.4e-05,1.3e-05,6e-13,3.5e-10,2.5e-10,0.0559,36000000000.0,1890000000.0,11.74,-75.88
2.4e-05,1.3e-05,6e-13,4.5e-10,2.5e-10,0.0559,33000000000.0,1750000000.0,11.95,-74.66
2.4e-05,1.3e-05,6e-13,5e-10,2.5e-10,0.0559,31900000000.0,1710000000.0,12.01,-74.27
2.4e-05,1.3e-05,7e-13,4e-10,5e-11,0.0559,34300000000.0,1810000000.0,11.86,-75.22
2.4e-05,1.3e-05,7e-13,4e-10,1.5e-10,0.0559,34300000000.0,1810000000.0,11.86,-75.18
2.4e-05,1.3e-05,7e-13,4e-10,2e-10,0.0559,34300000000.0,1810000000.0,11.86,-75.31
2.4e-05,1.3e-05,7e-13,3e-10,1e-10,0.0559,38100000000.0,2010000000.0,11.54,-76.86
2.4e-05,1.3e-05,7e-13,3e-10,1.5e-10,0.0559,38100000000.0,2030000000.0,11.53,-76.85
2.4e-05,1.3e-05,7e-13,3e-10,2e-10,0.0559,38100000000.0,2030000000.0,11.53,-76.81
2.4e-05,1.3e-05,7e-13,3.5e-10,1e-10,0.0559,36000000000.0,1900000000.0,11.74,-76.06
2.4e-05,1.3e-05,7e-13,3.5e-10,1.5e-10,0.0559,36000000000.0,1890000000.0,11.74,-77.05
2.4e-05,1.3e-05,7e-13,4.5e-10,1e-10,0.0559,33000000000.0,1760000000.0,11.95,-74.71
2.4e-05,1.3e-05,7e-13,4.5e-10,1.5e-10,0.0559,33000000000.0,1760000000.0,11.95,-74.62
2.4e-05,1.3e-05,7e-13,4.5e-10,2e-10,0.0559,33000000000.0,1750000000.0,11.95,-74.64
2.4e-05,1.3e-05,7e-13,4.5e-10,2.5e-10,0.0559,33000000000.0,1760000000.0,11.95,-74.67
2.4e-05,1.3e-05,7e-13,5e-10,1.5e-10,0.0559,31900000000.0,1700000000.0,12.01,-74.22
2.4e-05,1.3e-05,7e-13,5e-10,2e-10,0.0559,31900000000.0,1710000000.0,12.01,-74.18
2.4e-05,1.3e-05,7e-13,5e-10,2.5e-10,0.0559,31900000000.0,1700000000.0,12.01,-74.21
2.4e-05,1.4e-05,5e-13,4e-10,1e-10,0.0559,34100000000.0,1840000000.0,11.83,-75.15
2.4e-05,1.4e-05,5e-13,4e-10,5e-11,0.0559,34100000000.0,1840000000.0,11.83,-75.16
2.4e-05,1.4e-05,5e-13,4e-10,2e-10,0.0559,34100000000.0,1840000000.0,11.83,-75.17
2.4e-05,1.4e-05,5e-13,4e-10,2.5e-10,0.0559,34100000000.0,1840000000.0,11.83,-75.22
2.4e-05,1.4e-05,5e-13,3e-10,1e-10,0.0559,37900000000.0,2040000000.0,11.5,-77.05
2.4e-05,1.4e-05,5e-13,3e-10,5e-11,0.0559,37900000000.0,2040000000.0,11.5,-76.59
2.4e-05,1.4e-05,5e-13,3e-10,1.5e-10,0.0559,37900000000.0,2030000000.0,11.5,-79.08
2.4e-05,1.4e-05,5e-13,3e-10,2e-10,0.0559,37900000000.0,2030000000.0,11.5,-76.3
2.4e-05,1.4e-05,5e-13,3e-10,2.5e-10,0.0559,37900000000.0,2030000000.0,11.5,-76.62
2.4e-05,1.4e-05,5e-13,3.5e-10,1e-10,0.0559,35800000000.0,1920000000.0,11.7,-72.46
2.4e-05,1.4e-05,5e-13,3.5e-10,5e-11,0.0559,35800000000.0,1920000000.0,11.7,-75.87
2.4e-05,1.4e-05,5e-13,3.5e-10,1.5e-10,0.0559,35800000000.0,1920000000.0,11.7,-75.88
2.4e-05,1.4e-05,5e-13,3.5e-10,2e-10,0.0559,35800000000.0,1920000000.0,11.7,-75.74
2.4e-05,1.4e-05,5e-13,3.5e-10,2.5e-10,0.0559,35800000000.0,1920000000.0,11.7,-75.77
2.4e-05,1.4e-05,5e-13,4.5e-10,1e-10,0.0559,32800000000.0,1770000000.0,11.92,-74.28
2.4e-05,1.4e-05,5e-13,4.5e-10,5e-11,0.0559,32800000000.0,1780000000.0,11.91,-74.56
2.4e-05,1.4e-05,5e-13,4.5e-10,1.5e-10,0.0559,32800000000.0,1780000000.0,11.92,-74.68
2.4e-05,1.4e-05,5e-13,4.5e-10,2e-10,0.0559,32800000000.0,1770000000.0,11.92,-74.67
2.4e-05,1.4e-05,5e-13,4.5e-10,2.5e-10,0.0559,32800000000.0,1770000000.0,11.92,-74.75
2.4e-05,1.4e-05,5e-13,5e-10,1e-10,0.0559,31700000000.0,1730000000.0,11.97,-74.15
2.4e-05,1.4e-05,5e-13,5e-10,5e-11,0.0559,31700000000.0,1720000000.0,11.98,-74.27
2.4e-05,1.4e-05,5e-13,5e-10,1.5e-10,0.0559,31700000000.0,1740000000.0,11.98,-74.11
2.4e-05,1.4e-05,5e-13,5e-10,2e-10,0.0559,31700000000.0,1730000000.0,11.97,-74.17
2.4e-05,1.4e-05,5e-13,5e-10,2.5e-10,0.0559,31700000000.0,1720000000.0,11.98,-74.26
2.4e-05,1.4e-05,3e-13,4e-10,1.5e-10,0.0559,34100000000.0,1840000000.0,11.83,-75.05
2.4e-05,1.4e-05,3e-13,4e-10,2.5e-10,0.0559,34100000000.0,1840000000.0,11.83,-75.19
2.4e-05,1.4e-05,3e-13,3e-10,1e-10,0.0559,37900000000.0,2040000000.0,11.5,-76.76
2.4e-05,1.4e-05,3e-13,3e-10,5e-11,0.0559,37900000000.0,2060000000.0,11.5,-76.58
2.4e-05,1.4e-05,3e-13,3e-10,1.5e-10,0.0559,37900000000.0,2050000000.0,11.5,-76.08
2.4e-05,1.4e-05,3e-13,3e-10,2e-10,0.0559,37900000000.0,2050000000.0,11.5,-76.52
2.4e-05,1.4e-05,3e-13,3e-10,2.5e-10,0.0559,37900000000.0,2050000000.0,11.5,-76.69
2.4e-05,1.4e-05,3e-13,3.5e-10,1e-10,0.0559,35800000000.0,1920000000.0,11.7,-75.72
2.4e-05,1.4e-05,3e-13,3.5e-10,5e-11,0.0559,35800000000.0,1920000000.0,11.7,-75.84
2.4e-05,1.4e-05,3e-13,3.5e-10,2e-10,0.0559,35800000000.0,1920000000.0,11.7,-75.82
2.4e-05,1.4e-05,3e-13,3.5e-10,2.5e-10,0.0559,35800000000.0,1920000000.0,11.7,-75.86
2.4e-05,1.4e-05,3e-13,4.5e-10,5e-11,0.0559,32800000000.0,1780000000.0,11.91,-74.54
2.4e-05,1.4e-05,3e-13,4.5e-10,1.5e-10,0.0559,32800000000.0,1780000000.0,11.92,-74.59
2.4e-05,1.4e-05,3e-13,4.5e-10,2e-10,0.0559,32800000000.0,1780000000.0,11.92,-74.72
2.4e-05,1.4e-05,3e-13,4.5e-10,2.5e-10,0.0559,32800000000.0,1770000000.0,11.91,-74.66
2.4e-05,1.4e-05,3e-13,5e-10,1e-10,0.0559,31700000000.0,1730000000.0,11.98,-74.26
2.4e-05,1.4e-05,3e-13,5e-10,1.5e-10,0.0559,31700000000.0,1740000000.0,11.98,-74.12
2.4e-05,1.4e-05,3e-13,5e-10,2e-10,0.0559,31700000000.0,1720000000.0,11.98,-74.3
2.4e-05,1.4e-05,3e-13,5e-10,2.5e-10,0.0559,31700000000.0,1730000000.0,11.98,-74.29
2.4e-05,1.4e-05,4e-13,4e-10,1.5e-10,0.0559,34100000000.0,1840000000.0,11.83,-75.27
2.4e-05,1.4e-05,4e-13,4e-10,2e-10,0.0559,34100000000.0,1840000000.0,11.83,-75.06
2.4e-05,1.4e-05,4e-13,4e-10,2.5e-10,0.0559,34100000000.0,1840000000.0,11.83,-75.09
2.4e-05,1.4e-05,4e-13,3e-10,1e-10,0.0559,37900000000.0,2050000000.0,11.5,-76.53
2.4e-05,1.4e-05,4e-13,3e-10,2.5e-10,0.0559,37900000000.0,2050000000.0,11.5,-76.8
2.4e-05,1.4e-05,4e-13,3.5e-10,1e-10,0.0559,35800000000.0,1920000000.0,11.7,-75.89
2.4e-05,1.4e-05,4e-13,3.5e-10,5e-11,0.0559,35800000000.0,1920000000.0,11.7,-75.68
2.4e-05,1.4e-05,4e-13,3.5e-10,1.5e-10,0.0559,35800000000.0,1920000000.0,11.7,-75.79
2.4e-05,1.4e-05,4e-13,4.5e-10,1e-10,0.0559,32800000000.0,1780000000.0,11.92,-74.57
2.4e-05,1.4e-05,4e-13,4.5e-10,5e-11,0.0559,32800000000.0,1780000000.0,11.91,-74.62
2.4e-05,1.4e-05,4e-13,4.5e-10,1.5e-10,0.0559,32800000000.0,1770000000.0,11.92,-74.72
2.4e-05,1.4e-05,4e-13,4.5e-10,2e-10,0.0559,32800000000.0,1780000000.0,11.92,-74.64
2.4e-05,1.4e-05,4e-13,4.5e-10,2.5e-10,0.0559,32800000000.0,1780000000.0,11.91,-74.61
2.4e-05,1.4e-05,4e-13,5e-10,5e-11,0.0559,31700000000.0,1730000000.0,11.97,-74.16
2.4e-05,1.4e-05,4e-13,5e-10,1.5e-10,0.0559,31700000000.0,1730000000.0,11.97,-74.14
2.4e-05,1.4e-05,4e-13,5e-10,2e-10,0.0559,31700000000.0,1740000000.0,11.98,-74.13
2.4e-05,1.4e-05,4e-13,5e-10,2.5e-10,0.0559,31700000000.0,1730000000.0,11.98,-74.21
2.4e-05,1.4e-05,6e-13,4e-10,1e-10,0.0559,34100000000.0,1840000000.0,11.83,-75.08
2.4e-05,1.4e-05,6e-13,4e-10,5e-11,0.0559,34100000000.0,1840000000.0,11.83,-75.14
2.4e-05,1.4e-05,6e-13,3e-10,1e-10,0.0559,37900000000.0,2030000000.0,11.5,-79.01
2.4e-05,1.4e-05,6e-13,3e-10,5e-11,0.0559,37900000000.0,2050000000.0,11.5,-76.72
2.4e-05,1.4e-05,6e-13,3e-10,1.5e-10,0.0559,37900000000.0,2050000000.0,11.5,-76.81
2.4e-05,1.4e-05,6e-13,3e-10,2e-10,0.0559,37900000000.0,2040000000.0,11.5,-76.65
2.4e-05,1.4e-05,6e-13,3e-10,2.5e-10,0.0559,37900000000.0,2050000000.0,11.5,-76.54
2.4e-05,1.4e-05,6e-13,3.5e-10,1e-10,0.0559,35800000000.0,1920000000.0,11.7,-75.8
2.4e-05,1.4e-05,6e-13,4.5e-10,1e-10,0.0559,32800000000.0,1770000000.0,11.92,-74.68
2.4e-05,1.4e-05,6e-13,4.5e-10,5e-11,0.0559,32800000000.0,1780000000.0,11.92,-74.63
2.4e-05,1.4e-05,6e-13,4.5e-10,1.5e-10,0.0559,32800000000.0,1770000000.0,11.92,-74.69
2.4e-05,1.4e-05,6e-13,5e-10,5e-11,0.0559,31700000000.0,1730000000.0,11.98,-74.23
2.4e-05,1.4e-05,6e-13,5e-10,1.5e-10,0.0559,31700000000.0,1730000000.0,11.98,-74.18
2.4e-05,1.4e-05,6e-13,5e-10,2e-10,0.0559,31700000000.0,1730000000.0,11.98,-74.15
2.4e-05,1.4e-05,6e-13,5e-10,2.5e-10,0.0559,31700000000.0,1730000000.0,11.98,-74.27
2.4e-05,1.4e-05,7e-13,4e-10,5e-11,0.0559,34100000000.0,1840000000.0,11.83,-75.07
2.4e-05,1.4e-05,7e-13,4e-10,1.5e-10,0.0559,34100000000.0,1840000000.0,11.83,-75.23
2.4e-05,1.4e-05,7e-13,3e-10,1e-10,0.0559,37900000000.0,2050000000.0,11.5,-76.7
2.4e-05,1.4e-05,7e-13,3e-10,1.5e-10,0.0559,37900000000.0,2050000000.0,11.5,-76.0
2.4e-05,1.4e-05,7e-13,3e-10,2.5e-10,0.0559,37900000000.0,2040000000.0,11.5,-76.62
2.4e-05,1.4e-05,7e-13,3.5e-10,5e-11,0.0559,35800000000.0,1920000000.0,11.7,-75.83
2.4e-05,1.4e-05,7e-13,3.5e-10,1.5e-10,0.0559,35800000000.0,1920000000.0,11.7,-75.9
2.4e-05,1.4e-05,7e-13,3.5e-10,2e-10,0.0559,35800000000.0,1920000000.0,11.7,-75.92
2.4e-05,1.4e-05,7e-13,4.5e-10,5e-11,0.0559,32800000000.0,1780000000.0,11.91,-74.59
2.4e-05,1.4e-05,7e-13,4.5e-10,1.5e-10,0.0559,32800000000.0,1770000000.0,11.92,-74.73
2.4e-05,1.4e-05,7e-13,4.5e-10,2.5e-10,0.0559,32800000000.0,1780000000.0,11.92,-74.56
2.4e-05,1.4e-05,7e-13,5e-10,5e-11,0.0559,31700000000.0,1720000000.0,11.98,-73.88
2.4e-05,1.4e-05,7e-13,5e-10,1.5e-10,0.0559,31700000000.0,1730000000.0,11.98,-71.15
2.4e-05,1.4e-05,7e-13,5e-10,2.5e-10,0.0559,31700000000.0,1730000000.0,11.98,-74.28
2.4e-05,1.5e-05,5e-13,4e-10,1e-10,0.0559,34000000000.0,1850000000.0,11.79,-75.18
2.4e-05,1.5e-05,5e-13,4e-10,5e-11,0.0559,34000000000.0,1850000000.0,11.79,-75.19
2.4e-05,1.5e-05,5e-13,4e-10,1.5e-10,0.0559,34000000000.0,1850000000.0,11.79,-75.06
2.4e-05,1.5e-05,5e-13,4e-10,2.5e-10,0.0559,34000000000.0,1850000000.0,11.79,-75.33
2.4e-05,1.5e-05,5e-13,3e-10,1e-10,0.0559,37700000000.0,2050000000.0,11.46,-76.52
2.4e-05,1.5e-05,5e-13,3e-10,5e-11,0.0559,37700000000.0,2040000000.0,11.46,-76.49
2.4e-05,1.5e-05,5e-13,3e-10,1.5e-10,0.0559,37700000000.0,2040000000.0,11.46,-76.21
2.4e-05,1.5e-05,5e-13,3e-10,2e-10,0.0559,37700000000.0,2050000000.0,11.46,-76.67
2.4e-05,1.5e-05,5e-13,3e-10,2.5e-10,0.0559,37700000000.0,2050000000.0,11.46,-76.39
2.4e-05,1.5e-05,5e-13,3.5e-10,1e-10,0.0559,35600000000.0,1930000000.0,11.66,-75.83
2.4e-05,1.5e-05,5e-13,3.5e-10,5e-11,0.0559,35600000000.0,1920000000.0,11.66,-75.68
2.4e-05,1.5e-05,5e-13,3.5e-10,1.5e-10,0.0559,35600000000.0,1920000000.0,11.66,-75.67
2.4e-05,1.5e-05,5e-13,3.5e-10,2e-10,0.0559,35600000000.0,1930000000.0,11.66,-75.9
2.4e-05,1.5e-05,5e-13,3.5e-10,2.5e-10,0.0559,35600000000.0,1930000000.0,11.66,-75.77
2.4e-05,1.5e-05,5e-13,4.5e-10,1e-10,0.0559,32600000000.0,1790000000.0,11.88,-74.67
2.4e-05,1.5e-05,5e-13,4.5e-10,5e-11,0.0559,32600000000.0,1780000000.0,11.88,-74.66
2.4e-05,1.5e-05,5e-13,4.5e-10,1.5e-10,0.0559,32600000000.0,1790000000.0,11.88,-74.52
2.4e-05,1.5e-05,5e-13,4.5e-10,2e-10,0.0559,32600000000.0,1790000000.0,11.88,-74.62
2.4e-05,1.5e-05,5e-13,4.5e-10,2.5e-10,0.0559,32600000000.0,1790000000.0,11.88,-74.51
2.4e-05,1.5e-05,5e-13,5e-10,1e-10,0.0559,31500000000.0,1740000000.0,11.94,-74.22
2.4e-05,1.5e-05,5e-13,5e-10,5e-11,0.0559,31500000000.0,1740000000.0,11.95,-74.19
2.4e-05,1.5e-05,5e-13,5e-10,2e-10,0.0559,31500000000.0,1740000000.0,11.94,-74.13
2.4e-05,1.5e-05,5e-13,5e-10,2.5e-10,0.0559,31500000000.0,1740000000.0,11.94,-74.2
2.4e-05,1.5e-05,3e-13,4e-10,1e-10,0.0559,34000000000.0,1850000000.0,11.79,-75.16
2.4e-05,1.5e-05,3e-13,4e-10,5e-11,0.0559,34000000000.0,1850000000.0,11.79,-75.08
2.4e-05,1.5e-05,3e-13,4e-10,1.5e-10,0.0559,34000000000.0,1850000000.0,11.79,-75.32
2.4e-05,1.5e-05,3e-13,3e-10,1e-10,0.0559,37700000000.0,2050000000.0,11.46,-76.51
2.4e-05,1.5e-05,3e-13,3e-10,5e-11,0.0559,37700000000.0,2070000000.0,11.45,-76.48
2.4e-05,1.5e-05,3e-13,3e-10,1.5e-10,0.0559,37700000000.0,2050000000.0,11.46,-76.5
2.4e-05,1.5e-05,3e-13,3e-10,2e-10,0.0559,37700000000.0,2050000000.0,11.46,-76.32
2.4e-05,1.5e-05,3e-13,3e-10,2.5e-10,0.0559,37700000000.0,2050000000.0,11.46,-76.53
2.4e-05,1.5e-05,3e-13,3.5e-10,1e-10,0.0559,35600000000.0,1940000000.0,11.66,-75.66
2.4e-05,1.5e-05,3e-13,3.5e-10,5e-11,0.0559,35600000000.0,1930000000.0,11.66,-75.81
2.4e-05,1.5e-05,3e-13,3.5e-10,2e-10,0.0559,35600000000.0,1930000000.0,11.66,-75.64
2.4e-05,1.5e-05,3e-13,3.5e-10,2.5e-10,0.0559,35600000000.0,1930000000.0,11.66,-75.36
2.4e-05,1.5e-05,3e-13,4.5e-10,1e-10,0.0559,32600000000.0,1790000000.0,11.88,-74.5
2.4e-05,1.5e-05,3e-13,4.5e-10,1.5e-10,0.0559,32600000000.0,1790000000.0,11.88,-74.54
2.4e-05,1.5e-05,3e-13,4.5e-10,2e-10,0.0559,32600000000.0,1790000000.0,11.88,-74.57
2.4e-05,1.5e-05,3e-13,5e-10,1e-10,0.0559,31500000000.0,1740000000.0,11.94,-74.27
2.4e-05,1.5e-05,3e-13,5e-10,5e-11,0.0559,31500000000.0,1750000000.0,11.94,-74.1
2.4e-05,1.5e-05,3e-13,5e-10,1.5e-10,0.0559,31500000000.0,1750000000.0,11.94,-74.08
2.4e-05,1.5e-05,3e-13,5e-10,2e-10,0.0559,31500000000.0,1740000000.0,11.95,-74.2
2.4e-05,1.5e-05,3e-13,5e-10,2.5e-10,0.0559,31500000000.0,1740000000.0,11.95,-74.18
2.4e-05,1.5e-05,4e-13,4e-10,1e-10,0.0559,34000000000.0,1850000000.0,11.79,-74.92
2.4e-05,1.5e-05,4e-13,4e-10,1.5e-10,0.0559,34000000000.0,1850000000.0,11.79,-75.04
2.4e-05,1.5e-05,4e-13,4e-10,2e-10,0.0559,34000000000.0,1850000000.0,11.79,-75.07
2.4e-05,1.5e-05,4e-13,3e-10,1e-10,0.0559,37700000000.0,2050000000.0,11.46,-76.19
2.4e-05,1.5e-05,4e-13,3e-10,1.5e-10,0.0559,37700000000.0,2040000000.0,11.46,-77.62
2.4e-05,1.5e-05,4e-13,3.5e-10,5e-11,0.0559,35600000000.0,1930000000.0,11.66,-75.65
2.4e-05,1.5e-05,4e-13,3.5e-10,1.5e-10,0.0559,35600000000.0,1930000000.0,11.66,-75.74
2.4e-05,1.5e-05,4e-13,3.5e-10,2e-10,0.0559,35600000000.0,1930000000.0,11.66,-75.82
2.4e-05,1.5e-05,4e-13,3.5e-10,2.5e-10,0.0559,35600000000.0,1940000000.0,11.66,-75.83
2.4e-05,1.5e-05,4e-13,4.5e-10,1e-10,0.0559,32600000000.0,1790000000.0,11.88,-74.44
2.4e-05,1.5e-05,4e-13,4.5e-10,2.5e-10,0.0559,32600000000.0,1790000000.0,11.88,-74.6
2.4e-05,1.5e-05,4e-13,5e-10,5e-11,0.0559,31500000000.0,1740000000.0,11.95,-74.14
2.4e-05,1.5e-05,4e-13,5e-10,1.5e-10,0.0559,31500000000.0,1740000000.0,11.95,-74.22
2.4e-05,1.5e-05,4e-13,5e-10,2.5e-10,0.0559,31500000000.0,1740000000.0,11.95,-74.24
2.4e-05,1.5e-05,6e-13,4e-10,1.5e-10,0.0559,34000000000.0,1850000000.0,11.79,-75.03
2.4e-05,1.5e-05,6e-13,4e-10,2e-10,0.0559,34000000000.0,1850000000.0,11.79,-75.1
2.4e-05,1.5e-05,6e-13,3e-10,5e-11,0.0559,37700000000.0,2040000000.0,11.46,-77.58
2.4e-05,1.5e-05,6e-13,3e-10,1.5e-10,0.0559,37700000000.0,2050000000.0,11.46,-76.91
2.4e-05,1.5e-05,6e-13,3e-10,2e-10,0.0559,37700000000.0,2050000000.0,11.46,-76.41
2.4e-05,1.5e-05,6e-13,3e-10,2.5e-10,0.0559,37700000000.0,2050000000.0,11.46,-76.24
2.4e-05,1.5e-05,6e-13,3.5e-10,1e-10,0.0559,35600000000.0,1930000000.0,11.66,-75.76
2.4e-05,1.5e-05,6e-13,3.5e-10,5e-11,0.0559,35600000000.0,1930000000.0,11.66,-75.78
2.4e-05,1.5e-05,6e-13,3.5e-10,2e-10,0.0559,35600000000.0,1930000000.0,11.66,-75.7
2.4e-05,1.5e-05,6e-13,4.5e-10,5e-11,0.0559,32600000000.0,1780000000.0,11.88,-74.64
2.4e-05,1.5e-05,6e-13,4.5e-10,2e-10,0.0559,32600000000.0,1790000000.0,11.88,-74.56
2.4e-05,1.5e-05,6e-13,5e-10,1e-10,0.0559,31500000000.0,1740000000.0,11.94,-74.12
2.4e-05,1.5e-05,6e-13,5e-10,1.5e-10,0.0559,31500000000.0,1740000000.0,11.94,-74.11
2.4e-05,1.5e-05,7e-13,4e-10,1e-10,0.0559,34000000000.0,1850000000.0,11.79,-75.22
2.4e-05,1.5e-05,7e-13,4e-10,5e-11,0.0559,34000000000.0,1850000000.0,11.8,-75.14
2.4e-05,1.5e-05,7e-13,4e-10,1.5e-10,0.0559,33900000000.0,1850000000.0,11.79,-75.01
2.4e-05,1.5e-05,7e-13,4e-10,2e-10,0.0559,34000000000.0,1850000000.0,11.79,-74.93
2.4e-05,1.5e-05,7e-13,3e-10,1e-10,0.0559,37700000000.0,2050000000.0,11.46,-76.54
2.4e-05,1.5e-05,7e-13,3e-10,5e-11,0.0559,37700000000.0,2040000000.0,11.46,-76.52
2.4e-05,1.5e-05,7e-13,3e-10,2.5e-10,0.0559,37700000000.0,2040000000.0,11.46,-76.6
2.4e-05,1.5e-05,7e-13,3.5e-10,1e-10,0.0559,35600000000.0,1930000000.0,11.67,-76.96
2.4e-05,1.5e-05,7e-13,3.5e-10,1.5e-10,0.0559,35600000000.0,1930000000.0,11.66,-75.72
2.4e-05,1.5e-05,7e-13,3.5e-10,2.5e-10,0.0559,35600000000.0,1930000000.0,11.67,-75.67
2.4e-05,1.5e-05,7e-13,4.5e-10,1e-10,0.0559,32600000000.0,1790000000.0,11.88,-74.59
2.4e-05,1.5e-05,7e-13,4.5e-10,5e-11,0.0559,32600000000.0,1790000000.0,11.88,-74.55
2.4e-05,1.5e-05,7e-13,4.5e-10,1.5e-10,0.0559,32600000000.0,1790000000.0,11.88,-74.58
2.4e-05,1.5e-05,7e-13,4.5e-10,2.5e-10,0.0559,32600000000.0,1790000000.0,11.88,-74.65
2.4e-05,1.5e-05,7e-13,5e-10,1e-10,0.0559,31500000000.0,1740000000.0,11.94,-74.18
2.4e-05,1.5e-05,7e-13,5e-10,5e-11,0.0559,31500000000.0,1740000000.0,11.94,-74.16
2.4e-05,1.5e-05,7e-13,5e-10,1.5e-10,0.0559,31500000000.0,1740000000.0,11.94,-74.15
2.4e-05,1.6e-05,5e-13,4e-10,1e-10,0.0559,33800000000.0,1850000000.0,11.75,-74.94
2.4e-05,1.6e-05,5e-13,4e-10,1.5e-10,0.0559,33800000000.0,1850000000.0,11.75,-75.07
2.4e-05,1.6e-05,5e-13,4e-10,2e-10,0.0559,33800000000.0,1850000000.0,11.75,-75.01
2.4e-05,1.6e-05,5e-13,4e-10,2.5e-10,0.0559,33800000000.0,1850000000.0,11.75,-74.96
2.4e-05,1.6e-05,5e-13,3e-10,1e-10,0.0559,37500000000.0,2050000000.0,11.41,-76.28
2.4e-05,1.6e-05,5e-13,3e-10,5e-11,0.0559,37500000000.0,2050000000.0,11.41,-76.57
2.4e-05,1.6e-05,5e-13,3e-10,1.5e-10,0.0559,37500000000.0,2050000000.0,11.41,-76.64
2.4e-05,1.6e-05,5e-13,3e-10,2e-10,0.0559,37500000000.0,2050000000.0,11.41,-77.08
2.4e-05,1.6e-05,5e-13,3e-10,2.5e-10,0.0559,37500000000.0,2050000000.0,11.41,-76.5
2.4e-05,1.6e-05,5e-13,3.5e-10,1e-10,0.0559,35400000000.0,1930000000.0,11.62,-75.72
2.4e-05,1.6e-05,5e-13,3.5e-10,5e-11,0.0559,35400000000.0,1940000000.0,11.62,-75.7
2.4e-05,1.6e-05,5e-13,3.5e-10,1.5e-10,0.0559,35400000000.0,1940000000.0,11.62,-75.68
2.4e-05,1.6e-05,5e-13,3.5e-10,2e-10,0.0559,35400000000.0,1920000000.0,11.62,-75.58
2.4e-05,1.6e-05,5e-13,3.5e-10,2.5e-10,0.0559,35400000000.0,1930000000.0,11.62,-75.7
2.4e-05,1.6e-05,5e-13,4.5e-10,1e-10,0.0559,32500000000.0,1790000000.0,11.84,-74.44
2.4e-05,1.6e-05,5e-13,4.5e-10,5e-11,0.0559,32500000000.0,1790000000.0,11.84,-74.42
2.4e-05,1.6e-05,5e-13,4.5e-10,1.5e-10,0.0559,32500000000.0,1790000000.0,11.84,-74.48
2.4e-05,1.6e-05,5e-13,4.5e-10,2e-10,0.0559,32500000000.0,1790000000.0,11.84,-74.49
2.4e-05,1.6e-05,5e-13,4.5e-10,2.5e-10,0.0559,32500000000.0,1790000000.0,11.84,-74.52
2.4e-05,1.6e-05,5e-13,5e-10,1e-10,0.0559,31300000000.0,1740000000.0,11.91,-74.11
2.4e-05,1.6e-05,5e-13,5e-10,5e-11,0.0559,31300000000.0,1740000000.0,11.91,-74.14
2.4e-05,1.6e-05,5e-13,5e-10,1.5e-10,0.0559,31300000000.0,1740000000.0,11.91,-74.12
2.4e-05,1.6e-05,5e-13,5e-10,2e-10,0.0559,31300000000.0,1740000000.0,11.91,-74.19
2.4e-05,1.6e-05,5e-13,5e-10,2.5e-10,0.0559,31300000000.0,1740000000.0,11.91,-74.2
2.4e-05,1.6e-05,3e-13,4e-10,1e-10,0.0559,33800000000.0,1850000000.0,11.75,-75.1
2.4e-05,1.6e-05,3e-13,4e-10,1.5e-10,0.0559,33800000000.0,1850000000.0,11.75,-75.47
2.4e-05,1.6e-05,3e-13,4e-10,2.5e-10,0.0559,33800000000.0,1850000000.0,11.75,-75.08
2.4e-05,1.6e-05,3e-13,3e-10,1e-10,0.0559,37500000000.0,2060000000.0,11.41,-76.53
2.4e-05,1.6e-05,3e-13,3e-10,5e-11,0.0559,37500000000.0,2050000000.0,11.41,-76.37
2.4e-05,1.6e-05,3e-13,3e-10,2e-10,0.0559,37500000000.0,2060000000.0,11.41,-76.29
2.4e-05,1.6e-05,3e-13,3e-10,2.5e-10,0.0559,37500000000.0,2050000000.0,11.41,-76.48
2.4e-05,1.6e-05,3e-13,3.5e-10,1e-10,0.0559,35400000000.0,1920000000.0,11.62,-75.54
2.4e-05,1.6e-05,3e-13,3.5e-10,5e-11,0.0559,35400000000.0,1920000000.0,11.62,-75.57
2.4e-05,1.6e-05,3e-13,3.5e-10,2e-10,0.0559,35400000000.0,1930000000.0,11.62,-75.55
2.4e-05,1.6e-05,3e-13,3.5e-10,2.5e-10,0.0559,35400000000.0,1930000000.0,11.62,-75.32
2.4e-05,1.6e-05,3e-13,4.5e-10,1e-10,0.0559,32500000000.0,1790000000.0,11.84,-74.51
2.4e-05,1.6e-05,3e-13,4.5e-10,5e-11,0.0559,32500000000.0,1790000000.0,11.84,-74.62
2.4e-05,1.6e-05,3e-13,4.5e-10,2.5e-10,0.0559,32500000000.0,1790000000.0,11.84,-74.6
2.4e-05,1.6e-05,3e-13,5e-10,1e-10,0.0559,31300000000.0,1740000000.0,11.91,-74.06
2.4e-05,1.6e-05,3e-13,5e-10,5e-11,0.0559,31300000000.0,1740000000.0,11.91,-74.09
2.4e-05,1.6e-05,3e-13,5e-10,2e-10,0.0559,31300000000.0,1750000000.0,11.9,-74.05
2.4e-05,1.6e-05,3e-13,5e-10,2.5e-10,0.0559,31300000000.0,1740000000.0,11.91,-74.13
2.4e-05,1.6e-05,4e-13,4e-10,1e-10,0.0559,33800000000.0,1850000000.0,11.75,-75.04
2.4e-05,1.6e-05,4e-13,4e-10,1.5e-10,0.0559,33800000000.0,1850000000.0,11.75,-74.95
2.4e-05,1.6e-05,4e-13,4e-10,2.5e-10,0.0559,33800000000.0,1850000000.0,11.75,-74.98
2.4e-05,1.6e-05,4e-13,3e-10,1e-10,0.0559,37500000000.0,2060000000.0,11.41,-76.49
2.4e-05,1.6e-05,4e-13,3e-10,1.5e-10,0.0559,37500000000.0,2050000000.0,11.41,-77.1
2.4e-05,1.6e-05,4e-13,3e-10,2.5e-10,0.0559,37500000000.0,2050000000.0,11.41,-76.49
2.4e-05,1.6e-05,4e-13,3.5e-10,1e-10,0.0559,35400000000.0,1930000000.0,11.62,-75.73
2.4e-05,1.6e-05,4e-13,3.5e-10,5e-11,0.0559,35400000000.0,1930000000.0,11.62,-73.73
2.4e-05,1.6e-05,4e-13,3.5e-10,1.5e-10,0.0559,35400000000.0,1930000000.0,11.62,-75.59
2.4e-05,1.6e-05,4e-13,3.5e-10,2e-10,0.0559,35400000000.0,1920000000.0,11.62,-76.03
2.4e-05,1.6e-05,4e-13,3.5e-10,2.5e-10,0.0559,35400000000.0,1920000000.0,11.62,-75.51
2.4e-05,1.6e-05,4e-13,4.5e-10,1e-10,0.0559,32500000000.0,1790000000.0,11.84,-74.46
2.4e-05,1.6e-05,4e-13,5e-10,5e-11,0.0559,31300000000.0,1750000000.0,11.91,-74.03
2.4e-05,1.6e-05,4e-13,5e-10,2e-10,0.0559,31300000000.0,1740000000.0,11.91,-74.01
2.4e-05,1.6e-05,4e-13,5e-10,2.5e-10,0.0559,31300000000.0,1750000000.0,11.91,-74.04
2.4e-05,1.6e-05,6e-13,4e-10,5e-11,0.0559,33800000000.0,1850000000.0,11.75,-75.12
2.4e-05,1.6e-05,6e-13,4e-10,1.5e-10,0.0559,33800000000.0,1840000000.0,11.75,-74.96
2.4e-05,1.6e-05,6e-13,4e-10,2.5e-10,0.0559,33800000000.0,1850000000.0,11.75,-74.99
2.4e-05,1.6e-05,6e-13,3e-10,1e-10,0.0559,37500000000.0,2050000000.0,11.41,-76.54
2.4e-05,1.6e-05,6e-13,3e-10,5e-11,0.0559,37500000000.0,2050000000.0,11.41,-76.62
2.4e-05,1.6e-05,6e-13,3e-10,1.5e-10,0.0559,37500000000.0,2050000000.0,11.41,-76.67
2.4e-05,1.6e-05,6e-13,3e-10,2e-10,0.0559,37500000000.0,2050000000.0,11.41,-76.47
2.4e-05,1.6e-05,6e-13,3e-10,2.5e-10,0.0559,37500000000.0,2060000000.0,11.41,-76.6
2.4e-05,1.6e-05,6e-13,3.5e-10,1e-10,0.0559,35400000000.0,1930000000.0,11.62,-75.76
2.4e-05,1.6e-05,6e-13,3.5e-10,5e-11,0.0559,35400000000.0,1920000000.0,11.62,-75.65
2.4e-05,1.6e-05,6e-13,3.5e-10,2e-10,0.0559,35400000000.0,1930000000.0,11.62,-75.64
2.4e-05,1.6e-05,6e-13,4.5e-10,5e-11,0.0559,32500000000.0,1790000000.0,11.85,-74.58
2.4e-05,1.6e-05,6e-13,4.5e-10,1.5e-10,0.0559,32500000000.0,1790000000.0,11.84,-74.5
2.4e-05,1.6e-05,6e-13,5e-10,1.5e-10,0.0559,31300000000.0,1740000000.0,11.91,-74.1
2.4e-05,1.6e-05,6e-13,5e-10,2.5e-10,0.0559,31300000000.0,1740000000.0,11.91,-74.16
2.4e-05,1.6e-05,7e-13,4e-10,1e-10,0.0559,33800000000.0,1840000000.0,11.75,-75.04
2.4e-05,1.6e-05,7e-13,4e-10,5e-11,0.0559,33800000000.0,1850000000.0,11.75,-75.0
2.4e-05,1.6e-05,7e-13,4e-10,2.5e-10,0.0559,33800000000.0,1850000000.0,11.75,-74.85
2.4e-05,1.6e-05,7e-13,3e-10,1e-10,0.0559,37500000000.0,2060000000.0,11.41,-76.45
2.4e-05,1.6e-05,7e-13,3e-10,2.5e-10,0.0559,37500000000.0,2050000000.0,11.41,-76.51
2.4e-05,1.6e-05,7e-13,3.5e-10,1e-10,0.0559,35400000000.0,1930000000.0,11.62,-75.57
2.4e-05,1.6e-05,7e-13,3.5e-10,5e-11,0.0559,35400000000.0,1920000000.0,11.62,-75.61
2.4e-05,1.6e-05,7e-13,3.5e-10,1.5e-10,0.0559,35400000000.0,1930000000.0,11.62,-75.75
2.4e-05,1.6e-05,7e-13,3.5e-10,2e-10,0.0559,35400000000.0,1920000000.0,11.62,-75.55
2.4e-05,1.6e-05,7e-13,4.5e-10,1e-10,0.0559,32500000000.0,1790000000.0,11.84,-74.75
2.4e-05,1.6e-05,7e-13,4.5e-10,5e-11,0.0559,32500000000.0,1790000000.0,11.84,-74.54
2.4e-05,1.6e-05,7e-13,5e-10,1e-10,0.0559,31300000000.0,1740000000.0,11.91,-74.08
2.4e-05,1.6e-05,7e-13,5e-10,1.5e-10,0.0559,31300000000.0,1740000000.0,11.91,-74.18
2.4e-05,1.6e-05,7e-13,5e-10,2e-10,0.0559,31300000000.0,1740000000.0,11.91,-74.17
2.4e-05,1.6e-05,7e-13,5e-10,2.5e-10,0.0559,31300000000.0,1740000000.0,11.91,-74.07
2.4e-05,1.7e-05,5e-13,4e-10,1e-10,0.0559,33600000000.0,1830000000.0,11.71,-74.99
2.4e-05,1.7e-05,5e-13,4e-10,5e-11,0.0559,33600000000.0,1840000000.0,11.71,-74.91
2.4e-05,1.7e-05,5e-13,4e-10,1.5e-10,0.0559,33600000000.0,1830000000.0,11.71,-74.89
2.4e-05,1.7e-05,5e-13,4e-10,2e-10,0.0559,33600000000.0,1830000000.0,11.71,-74.87
2.4e-05,1.7e-05,5e-13,4e-10,2.5e-10,0.0559,33600000000.0,1840000000.0,11.71,-74.93
2.4e-05,1.7e-05,5e-13,3e-10,1e-10,0.0559,37400000000.0,2030000000.0,11.36,-76.34
2.4e-05,1.7e-05,5e-13,3e-10,1.5e-10,0.0559,37400000000.0,2030000000.0,11.35,-76.36
2.4e-05,1.7e-05,5e-13,3e-10,2.5e-10,0.0559,37400000000.0,2030000000.0,11.36,-76.4
2.4e-05,1.7e-05,5e-13,3.5e-10,1e-10,0.0559,35300000000.0,1920000000.0,11.57,-76.01
2.4e-05,1.7e-05,5e-13,3.5e-10,5e-11,0.0559,35300000000.0,1910000000.0,11.57,-75.5
2.4e-05,1.7e-05,5e-13,3.5e-10,1.5e-10,0.0559,35300000000.0,1920000000.0,11.57,-75.47
2.4e-05,1.7e-05,5e-13,3.5e-10,2e-10,0.0559,35300000000.0,1910000000.0,11.57,-75.62
2.4e-05,1.7e-05,5e-13,4.5e-10,1e-10,0.0559,32300000000.0,1780000000.0,11.8,-74.48
2.4e-05,1.7e-05,5e-13,4.5e-10,5e-11,0.0559,32300000000.0,1780000000.0,11.8,-74.53
2.4e-05,1.7e-05,5e-13,4.5e-10,1.5e-10,0.0559,32300000000.0,1780000000.0,11.8,-74.45
2.4e-05,1.7e-05,5e-13,4.5e-10,2e-10,0.0559,32300000000.0,1770000000.0,11.8,-74.54
2.4e-05,1.7e-05,5e-13,4.5e-10,2.5e-10,0.0559,32300000000.0,1770000000.0,11.8,-74.55
2.4e-05,1.7e-05,5e-13,5e-10,1e-10,0.0559,31200000000.0,1730000000.0,11.87,-74.01
2.4e-05,1.7e-05,5e-13,5e-10,5e-11,0.0559,31200000000.0,1730000000.0,11.87,-74.16
2.4e-05,1.7e-05,5e-13,5e-10,1.5e-10,0.0559,31200000000.0,1730000000.0,11.87,-74.13
2.4e-05,1.7e-05,5e-13,5e-10,2e-10,0.0559,31200000000.0,1730000000.0,11.87,-73.98
2.4e-05,1.7e-05,5e-13,5e-10,2.5e-10,0.0559,31200000000.0,1730000000.0,11.87,-74.14
2.4e-05,1.7e-05,3e-13,4e-10,1e-10,0.0559,33700000000.0,1830000000.0,11.71,-75.02
2.4e-05,1.7e-05,3e-13,4e-10,5e-11,0.0559,33700000000.0,1840000000.0,11.71,-74.83
2.4e-05,1.7e-05,3e-13,4e-10,1.5e-10,0.0559,33600000000.0,1840000000.0,11.71,-75.05
2.4e-05,1.7e-05,3e-13,4e-10,2e-10,0.0559,33700000000.0,1840000000.0,11.71,-74.92
2.4e-05,1.7e-05,3e-13,4e-10,2.5e-10,0.0559,33700000000.0,1840000000.0,11.71,-74.98
2.4e-05,1.7e-05,3e-13,3e-10,5e-11,0.0559,37400000000.0,2020000000.0,11.36,-76.27
2.4e-05,1.7e-05,3e-13,3e-10,1.5e-10,0.0559,37400000000.0,2020000000.0,11.36,-76.24
2.4e-05,1.7e-05,3e-13,3e-10,2e-10,0.0559,37400000000.0,2030000000.0,11.35,-76.3
2.4e-05,1.7e-05,3e-13,3e-10,2.5e-10,0.0559,37400000000.0,2030000000.0,11.35,-76.29
2.4e-05,1.7e-05,3e-13,3.5e-10,1e-10,0.0559,35300000000.0,1910000000.0,11.57,-75.53
2.4e-05,1.7e-05,3e-13,3.5e-10,5e-11,0.0559,35300000000.0,1920000000.0,11.57,-75.6
2.4e-05,1.7e-05,3e-13,3.5e-10,1.5e-10,0.0559,35300000000.0,1920000000.0,11.57,-75.49
2.4e-05,1.7e-05,3e-13,3.5e-10,2e-10,0.0559,35300000000.0,1910000000.0,11.57,-75.54
2.4e-05,1.7e-05,3e-13,3.5e-10,2.5e-10,0.0559,35300000000.0,1920000000.0,11.57,-75.71
2.4e-05,1.7e-05,3e-13,4.5e-10,1e-10,0.0559,32300000000.0,1770000000.0,11.8,-74.46
2.4e-05,1.7e-05,3e-13,4.5e-10,1.5e-10,0.0559,32300000000.0,1780000000.0,11.8,-74.39
2.4e-05,1.7e-05,3e-13,4.5e-10,2e-10,0.0559,32300000000.0,1780000000.0,11.8,-74.38
2.4e-05,1.7e-05,3e-13,5e-10,5e-11,0.0559,31200000000.0,1740000000.0,11.87,-74.0
2.4e-05,1.7e-05,3e-13,5e-10,1.5e-10,0.0559,31200000000.0,1740000000.0,11.87,-73.97
2.4e-05,1.7e-05,4e-13,4e-10,1e-10,0.0559,33600000000.0,1830000000.0,11.71,-75.01
2.4e-05,1.7e-05,4e-13,4e-10,2e-10,0.0559,33600000000.0,1840000000.0,11.71,-75.01
2.4e-05,1.7e-05,4e-13,4e-10,2.5e-10,0.0559,33600000000.0,1840000000.0,11.71,-74.96
2.4e-05,1.7e-05,4e-13,3e-10,1e-10,0.0559,37400000000.0,2030000000.0,11.35,-76.23
2.4e-05,1.7e-05,4e-13,3.5e-10,1e-10,0.0559,35300000000.0,1910000000.0,11.57,-75.64
2.4e-05,1.7e-05,4e-13,3.5e-10,5e-11,0.0559,35300000000.0,1920000000.0,11.57,-75.64
2.4e-05,1.7e-05,4e-13,3.5e-10,1.5e-10,0.0559,35300000000.0,1910000000.0,11.57,-75.48
2.4e-05,1.7e-05,4e-13,3.5e-10,2.5e-10,0.0559,35300000000.0,1910000000.0,11.57,-75.6
2.4e-05,1.7e-05,4e-13,4.5e-10,1e-10,0.0559,32300000000.0,1780000000.0,11.8,-74.5
2.4e-05,1.7e-05,4e-13,4.5e-10,1.5e-10,0.0559,32300000000.0,1780000000.0,11.8,-74.42
2.4e-05,1.7e-05,4e-13,4.5e-10,2e-10,0.0559,32300000000.0,1780000000.0,11.8,-74.37
2.4e-05,1.7e-05,4e-13,4.5e-10,2.5e-10,0.0559,32300000000.0,1780000000.0,11.8,-74.4
2.4e-05,1.7e-05,4e-13,5e-10,5e-11,0.0559,31200000000.0,1730000000.0,11.87,-73.99
2.4e-05,1.7e-05,4e-13,5e-10,1.5e-10,0.0559,31200000000.0,1740000000.0,11.87,-73.98
2.4e-05,1.7e-05,4e-13,5e-10,2.5e-10,0.0559,31200000000.0,1730000000.0,11.87,-74.04
2.4e-05,1.7e-05,6e-13,4e-10,1e-10,0.0559,33600000000.0,1840000000.0,11.71,-74.97
2.4e-05,1.7e-05,6e-13,4e-10,1.5e-10,0.0559,33600000000.0,1840000000.0,11.71,-75.06
2.4e-05,1.7e-05,6e-13,4e-10,2e-10,0.0559,33600000000.0,1840000000.0,11.71,-74.9
2.4e-05,1.7e-05,6e-13,3e-10,1e-10,0.0559,37400000000.0,2030000000.0,11.36,-76.31
2.4e-05,1.7e-05,6e-13,3e-10,1.5e-10,0.0559,37400000000.0,2030000000.0,11.36,-76.41
2.4e-05,1.7e-05,6e-13,3e-10,2.5e-10,0.0559,37400000000.0,2020000000.0,11.36,-76.34
2.4e-05,1.7e-05,6e-13,3.5e-10,1e-10,0.0559,35300000000.0,1910000000.0,11.57,-75.58
2.4e-05,1.7e-05,6e-13,3.5e-10,5e-11,0.0559,35300000000.0,1920000000.0,11.57,-75.62
2.4e-05,1.7e-05,6e-13,3.5e-10,1.5e-10,0.0559,35300000000.0,1920000000.0,11.57,-75.54
2.4e-05,1.7e-05,6e-13,3.5e-10,2.5e-10,0.0559,35300000000.0,1920000000.0,11.57,-75.72
2.4e-05,1.7e-05,6e-13,4.5e-10,1e-10,0.0559,32300000000.0,1780000000.0,11.8,-74.44
2.4e-05,1.7e-05,6e-13,4.5e-10,1.5e-10,0.0559,32300000000.0,1780000000.0,11.8,-74.72
2.4e-05,1.7e-05,6e-13,4.5e-10,2e-10,0.0559,32300000000.0,1780000000.0,11.8,-74.52
2.4e-05,1.7e-05,6e-13,5e-10,1e-10,0.0559,31200000000.0,1730000000.0,11.87,-74.08
2.4e-05,1.7e-05,6e-13,5e-10,2e-10,0.0559,31200000000.0,1730000000.0,11.87,-74.09
2.4e-05,1.7e-05,6e-13,5e-10,2.5e-10,0.0559,31200000000.0,1730000000.0,11.87,-74.0
2.4e-05,1.7e-05,7e-13,4e-10,1e-10,0.0559,33600000000.0,1830000000.0,11.71,-75.08
2.4e-05,1.7e-05,7e-13,4e-10,5e-11,0.0559,33600000000.0,1830000000.0,11.71,-75.04
2.4e-05,1.7e-05,7e-13,4e-10,1.5e-10,0.0559,33600000000.0,1840000000.0,11.71,-74.92
2.4e-05,1.7e-05,7e-13,4e-10,2.5e-10,0.0559,33600000000.0,1840000000.0,11.71,-75.16
2.4e-05,1.7e-05,7e-13,3e-10,2e-10,0.0559,37400000000.0,2020000000.0,11.36,-78.18
2.4e-05,1.7e-05,7e-13,3.5e-10,1e-10,0.0559,35300000000.0,1910000000.0,11.57,-75.66
2.4e-05,1.7e-05,7e-13,3.5e-10,1.5e-10,0.0559,35300000000.0,1910000000.0,11.57,-75.55
2.4e-05,1.7e-05,7e-13,3.5e-10,2e-10,0.0559,35300000000.0,1910000000.0,11.57,-75.69
2.4e-05,1.7e-05,7e-13,3.5e-10,2.5e-10,0.0559,35300000000.0,1910000000.0,11.57,-75.28
2.4e-05,1.7e-05,7e-13,4.5e-10,1e-10,0.0559,32300000000.0,1780000000.0,11.8,-74.43
2.4e-05,1.7e-05,7e-13,4.5e-10,1.5e-10,0.0559,32300000000.0,1770000000.0,11.8,-74.48
2.4e-05,1.7e-05,7e-13,4.5e-10,2.5e-10,0.0559,32300000000.0,1770000000.0,11.8,-74.51
2.4e-05,1.7e-05,7e-13,5e-10,1e-10,0.0559,31200000000.0,1730000000.0,11.87,-74.15
2.4e-05,1.7e-05,7e-13,5e-10,1.5e-10,0.0559,31200000000.0,1720000000.0,11.87,-74.09
2.4e-05,1.8e-05,5e-13,4e-10,1e-10,0.0559,33500000000.0,1820000000.0,11.66,-75.02
2.4e-05,1.8e-05,5e-13,4e-10,5e-11,0.0559,33500000000.0,1800000000.0,11.66,-74.85
2.4e-05,1.8e-05,5e-13,4e-10,1.5e-10,0.0559,33500000000.0,1810000000.0,11.66,-74.86
2.4e-05,1.8e-05,5e-13,4e-10,2e-10,0.0559,33500000000.0,1800000000.0,11.66,-75.0
2.4e-05,1.8e-05,5e-13,4e-10,2.5e-10,0.0559,33500000000.0,1800000000.0,11.66,-74.9
2.4e-05,1.8e-05,5e-13,3e-10,1e-10,0.0559,37300000000.0,1990000000.0,11.3,-76.18
2.4e-05,1.8e-05,5e-13,3e-10,5e-11,0.0559,37300000000.0,2000000000.0,11.3,-76.0
2.4e-05,1.8e-05,5e-13,3e-10,1.5e-10,0.0559,37300000000.0,2000000000.0,11.3,-76.21
2.4e-05,1.8e-05,5e-13,3e-10,2.5e-10,0.0559,37300000000.0,2010000000.0,11.3,-76.19
2.4e-05,1.8e-05,5e-13,3.5e-10,1e-10,0.0559,35200000000.0,1890000000.0,11.52,-75.49
2.4e-05,1.8e-05,5e-13,3.5e-10,5e-11,0.0559,35200000000.0,1890000000.0,11.52,-75.44
2.4e-05,1.8e-05,5e-13,3.5e-10,1.5e-10,0.0559,35200000000.0,1890000000.0,11.52,-75.05
2.4e-05,1.8e-05,5e-13,3.5e-10,2e-10,0.0559,35200000000.0,1880000000.0,11.52,-75.54
2.4e-05,1.8e-05,5e-13,3.5e-10,2.5e-10,0.0559,35200000000.0,1890000000.0,11.52,-75.48
2.4e-05,1.8e-05,5e-13,4.5e-10,1e-10,0.0559,32200000000.0,1760000000.0,11.76,-74.42
2.4e-05,1.8e-05,5e-13,4.5e-10,5e-11,0.0559,32200000000.0,1750000000.0,11.76,-74.35
2.4e-05,1.8e-05,5e-13,4.5e-10,1.5e-10,0.0559,32200000000.0,1760000000.0,11.76,-74.45
2.4e-05,1.8e-05,5e-13,4.5e-10,2e-10,0.0559,32200000000.0,1750000000.0,11.76,-74.4
2.4e-05,1.8e-05,5e-13,5e-10,1e-10,0.0559,31100000000.0,1710000000.0,11.83,-73.97
2.4e-05,1.8e-05,5e-13,5e-10,5e-11,0.0559,31100000000.0,1720000000.0,11.83,-73.92
2.4e-05,1.8e-05,5e-13,5e-10,1.5e-10,0.0559,31100000000.0,1720000000.0,11.82,-73.98
2.4e-05,1.8e-05,5e-13,5e-10,2e-10,0.0559,31100000000.0,1710000000.0,11.83,-74.12
2.4e-05,1.8e-05,5e-13,5e-10,2.5e-10,0.0559,31100000000.0,1710000000.0,11.83,-73.98
2.4e-05,1.8e-05,3e-13,4e-10,1e-10,0.0559,33500000000.0,1810000000.0,11.66,-74.78
2.4e-05,1.8e-05,3e-13,4e-10,1.5e-10,0.0559,33500000000.0,1800000000.0,11.66,-74.79
2.4e-05,1.8e-05,3e-13,4e-10,2e-10,0.0559,33500000000.0,1810000000.0,11.66,-74.88
2.4e-05,1.8e-05,3e-13,4e-10,2.5e-10,0.0559,33500000000.0,1810000000.0,11.66,-74.99
2.4e-05,1.8e-05,3e-13,3e-10,1e-10,0.0559,37300000000.0,1990000000.0,11.3,-77.84
2.4e-05,1.8e-05,3e-13,3e-10,5e-11,0.0559,37300000000.0,2000000000.0,11.3,-75.99
2.4e-05,1.8e-05,3e-13,3e-10,1.5e-10,0.0559,37300000000.0,2000000000.0,11.3,-76.15
2.4e-05,1.8e-05,3e-13,3e-10,2e-10,0.0559,37300000000.0,1990000000.0,11.3,-76.25
2.4e-05,1.8e-05,3e-13,3e-10,2.5e-10,0.0559,37300000000.0,2000000000.0,11.3,-76.23
2.4e-05,1.8e-05,3e-13,3.5e-10,1e-10,0.0559,35200000000.0,1890000000.0,11.52,-75.52
2.4e-05,1.8e-05,3e-13,3.5e-10,5e-11,0.0559,35200000000.0,1890000000.0,11.52,-75.39
2.4e-05,1.8e-05,3e-13,3.5e-10,1.5e-10,0.0559,35200000000.0,1880000000.0,11.52,-75.39
2.4e-05,1.8e-05,3e-13,3.5e-10,2e-10,0.0559,35200000000.0,1890000000.0,11.52,-75.42
2.4e-05,1.8e-05,3e-13,3.5e-10,2.5e-10,0.0559,35200000000.0,1890000000.0,11.52,-75.79
2.4e-05,1.8e-05,3e-13,4.5e-10,1e-10,0.0559,32200000000.0,1760000000.0,11.76,-74.31
2.4e-05,1.8e-05,3e-13,4.5e-10,5e-11,0.0559,32200000000.0,1760000000.0,11.75,-74.39
2.4e-05,1.8e-05,3e-13,4.5e-10,1.5e-10,0.0559,32200000000.0,1750000000.0,11.76,-74.43
2.4e-05,1.8e-05,3e-13,4.5e-10,2e-10,0.0559,32200000000.0,1750000000.0,11.76,-74.41
2.4e-05,1.8e-05,3e-13,4.5e-10,2.5e-10,0.0559,32200000000.0,1760000000.0,11.76,-74.51
2.4e-05,1.8e-05,3e-13,5e-10,1e-10,0.0559,31100000000.0,1710000000.0,11.83,-74.07
2.4e-05,1.8e-05,3e-13,5e-10,5e-11,0.0559,31100000000.0,1710000000.0,11.82,-73.96
2.4e-05,1.8e-05,3e-13,5e-10,1.5e-10,0.0559,31100000000.0,1710000000.0,11.83,-73.95
2.4e-05,1.8e-05,3e-13,5e-10,2e-10,0.0559,31100000000.0,1710000000.0,11.83,-74.02
2.4e-05,1.8e-05,4e-13,4e-10,1e-10,0.0559,33500000000.0,1810000000.0,11.66,-74.92
2.4e-05,1.8e-05,4e-13,4e-10,5e-11,0.0559,33500000000.0,1810000000.0,11.66,-74.73
2.4e-05,1.8e-05,4e-13,4e-10,1.5e-10,0.0559,33500000000.0,1810000000.0,11.66,-74.89
2.4e-05,1.8e-05,4e-13,4e-10,2e-10,0.0559,33500000000.0,1810000000.0,11.66,-75.34
2.4e-05,1.8e-05,4e-13,4e-10,2.5e-10,0.0559,33500000000.0,1810000000.0,11.66,-74.95
2.4e-05,1.8e-05,4e-13,3e-10,1e-10,0.0559,37300000000.0,2000000000.0,11.3,-76.14
2.4e-05,1.8e-05,4e-13,3e-10,5e-11,0.0559,37300000000.0,2000000000.0,11.3,-76.27
2.4e-05,1.8e-05,4e-13,3e-10,1.5e-10,0.0559,37300000000.0,2000000000.0,11.3,-76.17
2.4e-05,1.8e-05,4e-13,3e-10,2e-10,0.0559,37300000000.0,2010000000.0,11.3,-77.04
2.4e-05,1.8e-05,4e-13,3e-10,2.5e-10,0.0559,37300000000.0,1990000000.0,11.3,-76.21
2.4e-05,1.8e-05,4e-13,3.5e-10,1e-10,0.0559,35200000000.0,1890000000.0,11.52,-75.53
2.4e-05,1.8e-05,4e-13,3.5e-10,5e-11,0.0559,35200000000.0,1890000000.0,11.52,-75.46
2.4e-05,1.8e-05,4e-13,3.5e-10,1.5e-10,0.0559,35200000000.0,1890000000.0,11.52,-75.55
2.4e-05,1.8e-05,4e-13,4.5e-10,1e-10,0.0559,32200000000.0,1760000000.0,11.76,-74.4
2.4e-05,1.8e-05,4e-13,4.5e-10,5e-11,0.0559,32200000000.0,1760000000.0,11.76,-74.37
2.4e-05,1.8e-05,4e-13,4.5e-10,1.5e-10,0.0559,32200000000.0,1750000000.0,11.76,-74.31
2.4e-05,1.8e-05,4e-13,4.5e-10,2e-10,0.0559,32200000000.0,1760000000.0,11.76,-74.59
2.4e-05,1.8e-05,4e-13,4.5e-10,2.5e-10,0.0559,32200000000.0,1760000000.0,11.76,-74.33
2.4e-05,1.8e-05,4e-13,5e-10,1e-10,0.0559,31100000000.0,1710000000.0,11.83,-74.05
2.4e-05,1.8e-05,4e-13,5e-10,5e-11,0.0559,31100000000.0,1710000000.0,11.83,-73.92
2.4e-05,1.8e-05,4e-13,5e-10,1.5e-10,0.0559,31100000000.0,1700000000.0,11.83,-74.03
2.4e-05,1.8e-05,4e-13,5e-10,2e-10,0.0559,31100000000.0,1720000000.0,11.83,-73.91
2.4e-05,1.8e-05,4e-13,5e-10,2.5e-10,0.0559,31100000000.0,1700000000.0,11.83,-74.05
2.4e-05,1.8e-05,6e-13,4e-10,1e-10,0.0559,33500000000.0,1810000000.0,11.66,-74.84
2.4e-05,1.8e-05,6e-13,4e-10,5e-11,0.0559,33500000000.0,1800000000.0,11.66,-74.89
2.4e-05,1.8e-05,6e-13,4e-10,2e-10,0.0559,33500000000.0,1810000000.0,11.66,-74.82
2.4e-05,1.8e-05,6e-13,3e-10,1e-10,0.0559,37200000000.0,2000000000.0,11.3,-76.12
2.4e-05,1.8e-05,6e-13,3e-10,5e-11,0.0559,37300000000.0,2000000000.0,11.3,-76.43
2.4e-05,1.8e-05,6e-13,3e-10,1.5e-10,0.0559,37200000000.0,2000000000.0,11.3,-76.28
2.4e-05,1.8e-05,6e-13,3e-10,2e-10,0.0559,37200000000.0,2000000000.0,11.3,-76.76
2.4e-05,1.8e-05,6e-13,3e-10,2.5e-10,0.0559,37200000000.0,2000000000.0,11.3,-76.25
2.4e-05,1.8e-05,6e-13,3.5e-10,1e-10,0.0559,35200000000.0,1880000000.0,11.52,-75.42
2.4e-05,1.8e-05,6e-13,3.5e-10,5e-11,0.0559,35200000000.0,1880000000.0,11.52,-75.51
2.4e-05,1.8e-05,6e-13,3.5e-10,2e-10,0.0559,35200000000.0,1880000000.0,11.52,-75.34
2.4e-05,1.8e-05,6e-13,3.5e-10,2.5e-10,0.0559,35200000000.0,1890000000.0,11.52,-75.66
2.4e-05,1.8e-05,6e-13,4.5e-10,1e-10,0.0559,32200000000.0,1750000000.0,11.76,-74.3
2.4e-05,1.8e-05,6e-13,4.5e-10,5e-11,0.0559,32200000000.0,1750000000.0,11.76,-74.49
2.4e-05,1.8e-05,6e-13,4.5e-10,2e-10,0.0559,32200000000.0,1760000000.0,11.76,-74.29
2.4e-05,1.8e-05,6e-13,4.5e-10,2.5e-10,0.0559,32200000000.0,1750000000.0,11.76,-74.47
2.4e-05,1.8e-05,6e-13,5e-10,1e-10,0.0559,31100000000.0,1710000000.0,11.82,-73.97
2.4e-05,1.8e-05,6e-13,5e-10,1.5e-10,0.0559,31100000000.0,1710000000.0,11.83,-74.08
2.4e-05,1.8e-05,6e-13,5e-10,2e-10,0.0559,31100000000.0,1710000000.0,11.83,-74.09
2.4e-05,1.8e-05,6e-13,5e-10,2.5e-10,0.0559,31100000000.0,1700000000.0,11.83,-74.0
2.4e-05,1.8e-05,7e-13,4e-10,1e-10,0.0559,33500000000.0,1810000000.0,11.66,-74.94
2.4e-05,1.8e-05,7e-13,4e-10,2e-10,0.0559,33500000000.0,1810000000.0,11.66,-74.9
2.4e-05,1.8e-05,7e-13,3e-10,5e-11,0.0559,37200000000.0,1990000000.0,11.3,-76.18
2.4e-05,1.8e-05,7e-13,3e-10,1.5e-10,0.0559,37200000000.0,1990000000.0,11.3,-76.11
2.4e-05,1.8e-05,7e-13,3e-10,2e-10,0.0559,37200000000.0,2000000000.0,11.3,-76.0
2.4e-05,1.8e-05,7e-13,3e-10,2.5e-10,0.0559,37200000000.0,1990000000.0,11.3,-76.3
2.4e-05,1.8e-05,7e-13,3.5e-10,1e-10,0.0559,35200000000.0,1880000000.0,11.52,-75.2
2.4e-05,1.8e-05,7e-13,3.5e-10,1.5e-10,0.0559,35200000000.0,1880000000.0,11.52,-75.4
2.4e-05,1.8e-05,7e-13,4.5e-10,2.5e-10,0.0559,32200000000.0,1750000000.0,11.76,-74.28
2.4e-05,1.8e-05,7e-13,5e-10,1e-10,0.0559,31100000000.0,1720000000.0,11.82,-73.95
2.4e-05,1.8e-05,7e-13,5e-10,5e-11,0.0559,31100000000.0,1710000000.0,11.83,-73.93
2.4e-05,1.8e-05,7e-13,5e-10,2e-10,0.0559,31100000000.0,1720000000.0,11.83,-73.93
2.4e-05,1.8e-05,7e-13,5e-10,2.5e-10,0.0559,31100000000.0,1700000000.0,11.83,-74.01
2.4e-05,1.9e-05,5e-13,4e-10,1e-10,0.0559,33400000000.0,1760000000.0,11.61,-74.63
2.4e-05,1.9e-05,5e-13,4e-10,5e-11,0.0559,33400000000.0,1770000000.0,11.61,-74.73
2.4e-05,1.9e-05,5e-13,4e-10,1.5e-10,0.0559,33400000000.0,1770000000.0,11.61,-74.76
2.4e-05,1.9e-05,5e-13,4e-10,2.5e-10,0.0559,33400000000.0,1780000000.0,11.61,-74.77
2.4e-05,1.9e-05,5e-13,3e-10,1e-10,0.0559,37100000000.0,1960000000.0,11.23,-75.45
2.4e-05,1.9e-05,5e-13,3e-10,5e-11,0.0559,37100000000.0,1960000000.0,11.23,-75.57
2.4e-05,1.9e-05,5e-13,3e-10,1.5e-10,0.0559,37100000000.0,1960000000.0,11.23,-76.04
2.4e-05,1.9e-05,5e-13,3e-10,2e-10,0.0559,37100000000.0,1960000000.0,11.23,-76.06
2.4e-05,1.9e-05,5e-13,3.5e-10,1e-10,0.0559,35100000000.0,1840000000.0,11.46,-75.35
2.4e-05,1.9e-05,5e-13,3.5e-10,5e-11,0.0559,35100000000.0,1850000000.0,11.46,-75.41
2.4e-05,1.9e-05,5e-13,3.5e-10,1.5e-10,0.0559,35100000000.0,1840000000.0,11.47,-75.0
2.4e-05,1.9e-05,5e-13,3.5e-10,2e-10,0.0559,35100000000.0,1840000000.0,11.47,-75.34
2.4e-05,1.9e-05,5e-13,3.5e-10,2.5e-10,0.0559,35100000000.0,1840000000.0,11.46,-75.21
2.4e-05,1.9e-05,5e-13,4.5e-10,1e-10,0.0559,32100000000.0,1730000000.0,11.71,-74.37
2.4e-05,1.9e-05,5e-13,4.5e-10,5e-11,0.0559,32100000000.0,1720000000.0,11.71,-74.36
2.4e-05,1.9e-05,5e-13,4.5e-10,1.5e-10,0.0559,32100000000.0,1730000000.0,11.71,-74.33
2.4e-05,1.9e-05,5e-13,4.5e-10,2e-10,0.0559,32100000000.0,1720000000.0,11.71,-74.4
2.4e-05,1.9e-05,5e-13,4.5e-10,2.5e-10,0.0559,32100000000.0,1720000000.0,11.71,-74.29
2.4e-05,1.9e-05,5e-13,5e-10,1e-10,0.0559,31000000000.0,1690000000.0,11.78,-73.98
2.4e-05,1.9e-05,5e-13,5e-10,5e-11,0.0559,31000000000.0,1680000000.0,11.78,-73.89
2.4e-05,1.9e-05,5e-13,5e-10,1.5e-10,0.0559,31000000000.0,1690000000.0,11.78,-73.95
2.4e-05,1.9e-05,5e-13,5e-10,2e-10,0.0559,31000000000.0,1680000000.0,11.79,-73.9
2.4e-05,1.9e-05,3e-13,4e-10,1e-10,0.0559,33400000000.0,1780000000.0,11.61,-74.92
2.4e-05,1.9e-05,3e-13,4e-10,5e-11,0.0559,33400000000.0,1780000000.0,11.61,-74.73
2.4e-05,1.9e-05,3e-13,4e-10,1.5e-10,0.0559,33400000000.0,1770000000.0,11.61,-74.72
2.4e-05,1.9e-05,3e-13,4e-10,2e-10,0.0559,33400000000.0,1770000000.0,11.61,-74.74
2.4e-05,1.9e-05,3e-13,4e-10,2.5e-10,0.0559,33400000000.0,1770000000.0,11.61,-74.64
2.4e-05,1.9e-05,3e-13,3e-10,1e-10,0.0559,37100000000.0,1950000000.0,11.23,-75.86
2.4e-05,1.9e-05,3e-13,3e-10,5e-11,0.0559,37100000000.0,1950000000.0,11.24,-76.14
2.4e-05,1.9e-05,3e-13,3e-10,1.5e-10,0.0559,37100000000.0,1960000000.0,11.23,-75.63
2.4e-05,1.9e-05,3e-13,3e-10,2e-10,0.0559,37100000000.0,1950000000.0,11.23,-76.1
2.4e-05,1.9e-05,3e-13,3e-10,2.5e-10,0.0559,37100000000.0,1940000000.0,11.24,-76.05
2.4e-05,1.9e-05,3e-13,3.5e-10,1e-10,0.0559,35100000000.0,1850000000.0,11.46,-75.38
2.4e-05,1.9e-05,3e-13,3.5e-10,5e-11,0.0559,35100000000.0,1840000000.0,11.46,-75.34
2.4e-05,1.9e-05,3e-13,3.5e-10,1.5e-10,0.0559,35100000000.0,1840000000.0,11.46,-75.37
2.4e-05,1.9e-05,3e-13,3.5e-10,2e-10,0.0559,35100000000.0,1840000000.0,11.46,-75.33
2.4e-05,1.9e-05,3e-13,3.5e-10,2.5e-10,0.0559,35100000000.0,1850000000.0,11.46,-75.35
2.4e-05,1.9e-05,3e-13,4.5e-10,1e-10,0.0559,32100000000.0,1720000000.0,11.71,-74.25
2.4e-05,1.9e-05,3e-13,4.5e-10,5e-11,0.0559,32100000000.0,1720000000.0,11.71,-74.27
2.4e-05,1.9e-05,3e-13,4.5e-10,1.5e-10,0.0559,32100000000.0,1720000000.0,11.71,-74.3
2.4e-05,1.9e-05,3e-13,4.5e-10,2e-10,0.0559,32100000000.0,1720000000.0,11.71,-74.26
2.4e-05,1.9e-05,3e-13,4.5e-10,2.5e-10,0.0559,32100000000.0,1720000000.0,11.71,-74.16
2.4e-05,1.9e-05,3e-13,5e-10,1e-10,0.0559,31000000000.0,1680000000.0,11.78,-73.82
2.4e-05,1.9e-05,3e-13,5e-10,1.5e-10,0.0559,31000000000.0,1690000000.0,11.78,-73.88
2.4e-05,1.9e-05,3e-13,5e-10,2e-10,0.0559,31000000000.0,1680000000.0,11.78,-74.2
2.4e-05,1.9e-05,3e-13,5e-10,2.5e-10,0.0559,31000000000.0,1680000000.0,11.78,-73.85
2.4e-05,1.9e-05,4e-13,4e-10,1e-10,0.0559,33400000000.0,1780000000.0,11.61,-74.81
2.4e-05,1.9e-05,4e-13,4e-10,5e-11,0.0559,33400000000.0,1770000000.0,11.61,-74.8
2.4e-05,1.9e-05,4e-13,4e-10,1.5e-10,0.0559,33400000000.0,1770000000.0,11.61,-75.3
2.4e-05,1.9e-05,4e-13,4e-10,2e-10,0.0559,33400000000.0,1780000000.0,11.61,-74.82
2.4e-05,1.9e-05,4e-13,3e-10,5e-11,0.0559,37100000000.0,1960000000.0,11.23,-76.62
2.4e-05,1.9e-05,4e-13,3e-10,1.5e-10,0.0559,37100000000.0,1940000000.0,11.24,-76.36
2.4e-05,1.9e-05,4e-13,3e-10,2.5e-10,0.0559,37100000000.0,1940000000.0,11.24,-76.14
2.4e-05,1.9e-05,4e-13,3.5e-10,1e-10,0.0559,35100000000.0,1850000000.0,11.46,-75.22
2.4e-05,1.9e-05,4e-13,3.5e-10,5e-11,0.0559,35100000000.0,1840000000.0,11.47,-75.35
2.4e-05,1.9e-05,4e-13,3.5e-10,1.5e-10,0.0559,35100000000.0,1850000000.0,11.46,-75.39
2.4e-05,1.9e-05,4e-13,3.5e-10,2e-10,0.0559,35100000000.0,1840000000.0,11.46,-75.38
2.4e-05,1.9e-05,4e-13,3.5e-10,2.5e-10,0.0559,35100000000.0,1850000000.0,11.46,-75.4
2.4e-05,1.9e-05,4e-13,4.5e-10,1.5e-10,0.0559,32100000000.0,1720000000.0,11.71,-74.35
2.4e-05,1.9e-05,4e-13,5e-10,5e-11,0.0559,31000000000.0,1680000000.0,11.78,-73.99
2.4e-05,1.9e-05,4e-13,5e-10,1.5e-10,0.0559,31000000000.0,1680000000.0,11.78,-73.83
2.4e-05,1.9e-05,4e-13,5e-10,2e-10,0.0559,31000000000.0,1680000000.0,11.78,-74.0
2.4e-05,1.9e-05,4e-13,5e-10,2.5e-10,0.0559,31000000000.0,1690000000.0,11.78,-73.86
2.4e-05,1.9e-05,6e-13,4e-10,1.5e-10,0.0559,33400000000.0,1780000000.0,11.61,-74.79
2.4e-05,1.9e-05,6e-13,4e-10,2e-10,0.0559,33400000000.0,1770000000.0,11.61,-74.66
2.4e-05,1.9e-05,6e-13,3e-10,1e-10,0.0559,37100000000.0,1940000000.0,11.24,-75.99
2.4e-05,1.9e-05,6e-13,3e-10,5e-11,0.0559,37100000000.0,1950000000.0,11.23,-75.17
2.4e-05,1.9e-05,6e-13,3e-10,1.5e-10,0.0559,37100000000.0,1950000000.0,11.23,-75.72
2.4e-05,1.9e-05,6e-13,3e-10,2e-10,0.0559,37100000000.0,1960000000.0,11.23,-76.23
2.4e-05,1.9e-05,6e-13,3e-10,2.5e-10,0.0559,37100000000.0,1950000000.0,11.24,-76.08
2.4e-05,1.9e-05,6e-13,3.5e-10,5e-11,0.0559,35100000000.0,1850000000.0,11.46,-75.33
2.4e-05,1.9e-05,6e-13,3.5e-10,1.5e-10,0.0559,35100000000.0,1840000000.0,11.46,-75.36
2.4e-05,1.9e-05,6e-13,3.5e-10,2.5e-10,0.0559,35100000000.0,1840000000.0,11.47,-75.38
2.4e-05,1.9e-05,6e-13,4.5e-10,5e-11,0.0559,32100000000.0,1720000000.0,11.71,-74.34
2.4e-05,1.9e-05,6e-13,4.5e-10,1.5e-10,0.0559,32100000000.0,1720000000.0,11.71,-74.23
2.4e-05,1.9e-05,6e-13,4.5e-10,2.5e-10,0.0559,32100000000.0,1730000000.0,11.71,-74.31
2.4e-05,1.9e-05,6e-13,5e-10,1e-10,0.0559,31000000000.0,1670000000.0,11.79,-73.93
2.4e-05,1.9e-05,6e-13,5e-10,2e-10,0.0559,31000000000.0,1680000000.0,11.78,-73.87
2.4e-05,1.9e-05,7e-13,4e-10,5e-11,0.0559,33400000000.0,1780000000.0,11.61,-74.75
2.4e-05,1.9e-05,7e-13,4e-10,2e-10,0.0559,33400000000.0,1780000000.0,11.61,-74.78
2.4e-05,1.9e-05,7e-13,4e-10,2.5e-10,0.0559,33400000000.0,1770000000.0,11.61,-74.69
2.4e-05,1.9e-05,7e-13,3e-10,1e-10,0.0559,37100000000.0,1950000000.0,11.23,-75.89
2.4e-05,1.9e-05,7e-13,3e-10,5e-11,0.0559,37100000000.0,1950000000.0,11.24,-76.06
2.4e-05,1.9e-05,7e-13,3e-10,1.5e-10,0.0559,37100000000.0,1950000000.0,11.24,-75.88
2.4e-05,1.9e-05,7e-13,3e-10,2e-10,0.0559,37100000000.0,1950000000.0,11.23,-75.68
2.4e-05,1.9e-05,7e-13,3e-10,2.5e-10,0.0559,37100000000.0,1950000000.0,11.23,-76.02
2.4e-05,1.9e-05,7e-13,3.5e-10,1e-10,0.0559,35100000000.0,1850000000.0,11.46,-75.21
2.4e-05,1.9e-05,7e-13,3.5e-10,5e-11,0.0559,35100000000.0,1830000000.0,11.47,-75.27
2.4e-05,1.9e-05,7e-13,3.5e-10,2e-10,0.0559,35100000000.0,1850000000.0,11.46,-75.23
2.4e-05,1.9e-05,7e-13,3.5e-10,2.5e-10,0.0559,35100000000.0,1840000000.0,11.46,-75.47
2.4e-05,1.9e-05,7e-13,4.5e-10,1.5e-10,0.0559,32100000000.0,1730000000.0,11.71,-74.36
2.4e-05,1.9e-05,7e-13,5e-10,1e-10,0.0559,31000000000.0,1670000000.0,11.78,-73.99
2.4e-05,1.9e-05,7e-13,5e-10,5e-11,0.0559,31000000000.0,1690000000.0,11.78,-73.97
2.4e-05,1.9e-05,7e-13,5e-10,1.5e-10,0.0559,31000000000.0,1680000000.0,11.78,-73.84
2.4e-05,1.9e-05,7e-13,5e-10,2e-10,0.0559,31000000000.0,1690000000.0,11.78,-73.87
2.4e-05,1.9e-05,7e-13,5e-10,2.5e-10,0.0559,31000000000.0,1690000000.0,11.78,-73.91
2.4e-05,2e-05,5e-13,4e-10,1e-10,0.0559,33300000000.0,1730000000.0,11.56,-74.72
2.4e-05,2e-05,5e-13,4e-10,5e-11,0.0559,33300000000.0,1720000000.0,11.56,-74.64
2.4e-05,2e-05,5e-13,4e-10,1.5e-10,0.0559,33300000000.0,1720000000.0,11.56,-74.65
2.4e-05,2e-05,5e-13,4e-10,2e-10,0.0559,33300000000.0,1730000000.0,11.55,-75.13
2.4e-05,2e-05,5e-13,4e-10,2.5e-10,0.0559,33300000000.0,1720000000.0,11.55,-74.73
2.4e-05,2e-05,5e-13,3e-10,1e-10,0.0559,37100000000.0,1880000000.0,11.17,-75.96
2.4e-05,2e-05,5e-13,3e-10,5e-11,0.0559,37100000000.0,1890000000.0,11.17,-75.98
2.4e-05,2e-05,5e-13,3e-10,1.5e-10,0.0559,37100000000.0,1880000000.0,11.17,-75.95
2.4e-05,2e-05,5e-13,3e-10,2.5e-10,0.0559,37100000000.0,1900000000.0,11.17,-75.93
2.4e-05,2e-05,5e-13,3.5e-10,1e-10,0.0559,35000000000.0,1790000000.0,11.41,-75.2
2.4e-05,2e-05,5e-13,3.5e-10,1.5e-10,0.0559,35000000000.0,1800000000.0,11.4,-75.43
2.4e-05,2e-05,5e-13,3.5e-10,2.5e-10,0.0559,35000000000.0,1800000000.0,11.4,-75.27
2.4e-05,2e-05,5e-13,4.5e-10,1e-10,0.0559,32000000000.0,1680000000.0,11.66,-74.06
2.4e-05,2e-05,5e-13,4.5e-10,5e-11,0.0559,32000000000.0,1680000000.0,11.66,-74.33
2.4e-05,2e-05,5e-13,4.5e-10,1.5e-10,0.0559,32000000000.0,1680000000.0,11.66,-74.22
2.4e-05,2e-05,5e-13,4.5e-10,2e-10,0.0559,32000000000.0,1680000000.0,11.66,-74.35
2.4e-05,2e-05,5e-13,4.5e-10,2.5e-10,0.0559,32000000000.0,1680000000.0,11.66,-74.6
2.4e-05,2e-05,5e-13,5e-10,1e-10,0.0559,30900000000.0,1630000000.0,11.74,-73.66
2.4e-05,2e-05,5e-13,5e-10,5e-11,0.0559,30900000000.0,1640000000.0,11.73,-73.83
2.4e-05,2e-05,5e-13,5e-10,1.5e-10,0.0559,30900000000.0,1630000000.0,11.74,-73.9
2.4e-05,2e-05,5e-13,5e-10,2.5e-10,0.0559,30900000000.0,1640000000.0,11.74,-73.8
2.4e-05,2e-05,3e-13,4e-10,1e-10,0.0559,33300000000.0,1720000000.0,11.56,-74.68
2.4e-05,2e-05,3e-13,4e-10,5e-11,0.0559,33300000000.0,1720000000.0,11.56,-74.7
2.4e-05,2e-05,3e-13,4e-10,1.5e-10,0.0559,33300000000.0,1730000000.0,11.56,-74.64
2.4e-05,2e-05,3e-13,4e-10,2.5e-10,0.0559,33300000000.0,1730000000.0,11.55,-74.69
2.4e-05,2e-05,3e-13,3e-10,1e-10,0.0559,37100000000.0,1890000000.0,11.17,-75.95
2.4e-05,2e-05,3e-13,3e-10,5e-11,0.0559,37100000000.0,1890000000.0,11.17,-75.86
2.4e-05,2e-05,3e-13,3e-10,2e-10,0.0559,37100000000.0,1890000000.0,11.17,-75.8
2.4e-05,2e-05,3e-13,3e-10,2.5e-10,0.0559,37100000000.0,1890000000.0,11.17,-75.9
2.4e-05,2e-05,3e-13,3.5e-10,1e-10,0.0559,35000000000.0,1790000000.0,11.4,-75.46
2.4e-05,2e-05,3e-13,3.5e-10,5e-11,0.0559,35000000000.0,1790000000.0,11.41,-75.23
2.4e-05,2e-05,3e-13,3.5e-10,1.5e-10,0.0559,35000000000.0,1790000000.0,11.4,-75.24
2.4e-05,2e-05,3e-13,3.5e-10,2e-10,0.0559,35000000000.0,1800000000.0,11.4,-75.17
2.4e-05,2e-05,3e-13,3.5e-10,2.5e-10,0.0559,35000000000.0,1800000000.0,11.4,-75.26
2.4e-05,2e-05,3e-13,4.5e-10,1e-10,0.0559,32000000000.0,1670000000.0,11.66,-74.19
2.4e-05,2e-05,3e-13,4.5e-10,5e-11,0.0559,32000000000.0,1670000000.0,11.66,-74.2
2.4e-05,2e-05,3e-13,4.5e-10,1.5e-10,0.0559,32000000000.0,1670000000.0,11.66,-74.28
2.4e-05,2e-05,3e-13,4.5e-10,2e-10,0.0559,32000000000.0,1680000000.0,11.66,-74.23
2.4e-05,2e-05,3e-13,4.5e-10,2.5e-10,0.0559,32000000000.0,1680000000.0,11.66,-74.28
2.4e-05,2e-05,3e-13,5e-10,1e-10,0.0559,30900000000.0,1640000000.0,11.74,-73.76
2.4e-05,2e-05,3e-13,5e-10,5e-11,0.0559,30900000000.0,1630000000.0,11.74,-73.85
2.4e-05,2e-05,3e-13,5e-10,1.5e-10,0.0559,30900000000.0,1640000000.0,11.74,-73.82
2.4e-05,2e-05,3e-13,5e-10,2e-10,0.0559,30900000000.0,1640000000.0,11.73,-73.89
2.4e-05,2e-05,3e-13,5e-10,2.5e-10,0.0559,30900000000.0,1640000000.0,11.74,-73.78
2.4e-05,2e-05,4e-13,4e-10,1e-10,0.0559,33300000000.0,1730000000.0,11.55,-74.7
2.4e-05,2e-05,4e-13,4e-10,5e-11,0.0559,33300000000.0,1720000000.0,11.56,-74.58
2.4e-05,2e-05,4e-13,4e-10,1.5e-10,0.0559,33300000000.0,1730000000.0,11.56,-74.71
2.4e-05,2e-05,4e-13,4e-10,2e-10,0.0559,33300000000.0,1720000000.0,11.56,-74.75
2.4e-05,2e-05,4e-13,4e-10,2.5e-10,0.0559,33300000000.0,1730000000.0,11.55,-74.6
2.4e-05,2e-05,4e-13,3e-10,1e-10,0.0559,37100000000.0,1890000000.0,11.17,-75.84
2.4e-05,2e-05,4e-13,3e-10,5e-11,0.0559,37100000000.0,1890000000.0,11.17,-75.91
2.4e-05,2e-05,4e-13,3e-10,1.5e-10,0.0559,37100000000.0,1880000000.0,11.17,-76.21
2.4e-05,2e-05,4e-13,3e-10,2e-10,0.0559,37100000000.0,1890000000.0,11.17,-76.36
2.4e-05,2e-05,4e-13,3e-10,2.5e-10,0.0559,37100000000.0,1880000000.0,11.17,-75.81
2.4e-05,2e-05,4e-13,3.5e-10,1e-10,0.0559,35000000000.0,1790000000.0,11.41,-75.25
2.4e-05,2e-05,4e-13,3.5e-10,1.5e-10,0.0559,35000000000.0,1790000000.0,11.41,-75.21
2.4e-05,2e-05,4e-13,3.5e-10,2e-10,0.0559,35000000000.0,1790000000.0,11.41,-74.86
2.4e-05,2e-05,4e-13,4.5e-10,1e-10,0.0559,32000000000.0,1670000000.0,11.66,-74.34
2.4e-05,2e-05,4e-13,4.5e-10,5e-11,0.0559,32000000000.0,1670000000.0,11.66,-74.16
2.4e-05,2e-05,4e-13,4.5e-10,2e-10,0.0559,32000000000.0,1670000000.0,11.66,-74.84
2.4e-05,2e-05,4e-13,5e-10,1e-10,0.0559,30900000000.0,1640000000.0,11.74,-73.88
2.4e-05,2e-05,4e-13,5e-10,5e-11,0.0559,30900000000.0,1640000000.0,11.73,-73.87
2.4e-05,2e-05,4e-13,5e-10,1.5e-10,0.0559,30900000000.0,1640000000.0,11.73,-73.96
2.4e-05,2e-05,4e-13,5e-10,2.5e-10,0.0559,30900000000.0,1630000000.0,11.74,-73.78
2.4e-05,2e-05,6e-13,4e-10,1e-10,0.0559,33300000000.0,1720000000.0,11.56,-74.61
2.4e-05,2e-05,6e-13,4e-10,2e-10,0.0559,33300000000.0,1720000000.0,11.56,-74.74
2.4e-05,2e-05,6e-13,3e-10,5e-11,0.0559,37100000000.0,1880000000.0,11.17,-75.94
2.4e-05,2e-05,6e-13,3e-10,1.5e-10,0.0559,37100000000.0,1900000000.0,11.17,-71.44
2.4e-05,2e-05,6e-13,3e-10,2.5e-10,0.0559,37100000000.0,1880000000.0,11.17,-76.27
2.4e-05,2e-05,6e-13,3.5e-10,1.5e-10,0.0559,35000000000.0,1790000000.0,11.41,-75.4
2.4e-05,2e-05,6e-13,4.5e-10,1.5e-10,0.0559,32000000000.0,1670000000.0,11.66,-74.18
2.4e-05,2e-05,6e-13,5e-10,1e-10,0.0559,30900000000.0,1640000000.0,11.74,-73.84
2.4e-05,2e-05,6e-13,5e-10,5e-11,0.0559,30900000000.0,1630000000.0,11.74,-73.81
2.4e-05,2e-05,6e-13,5e-10,1.5e-10,0.0559,30900000000.0,1630000000.0,11.74,-73.92
2.4e-05,2e-05,6e-13,5e-10,2e-10,0.0559,30900000000.0,1630000000.0,11.74,-71.65
2.4e-05,2e-05,7e-13,4e-10,1e-10,0.0559,33300000000.0,1720000000.0,11.55,-75.21
2.4e-05,2e-05,7e-13,4e-10,5e-11,0.0559,33300000000.0,1720000000.0,11.55,-74.79
2.4e-05,2e-05,7e-13,4e-10,2.5e-10,0.0559,33300000000.0,1730000000.0,11.56,-74.74
2.4e-05,2e-05,7e-13,3e-10,1.5e-10,0.0559,37100000000.0,1890000000.0,11.17,-75.92
2.4e-05,2e-05,7e-13,3e-10,2e-10,0.0559,37100000000.0,1890000000.0,11.17,-75.96
2.4e-05,2e-05,7e-13,3.5e-10,5e-11,0.0559,35000000000.0,1790000000.0,11.41,-75.26
2.4e-05,2e-05,7e-13,3.5e-10,2.5e-10,0.0559,35000000000.0,1780000000.0,11.41,-75.15
2.4e-05,2e-05,7e-13,4.5e-10,5e-11,0.0559,32000000000.0,1680000000.0,11.66,-74.62
2.4e-05,2e-05,7e-13,4.5e-10,2.5e-10,0.0559,32000000000.0,1670000000.0,11.66,-74.17
2.4e-05,2e-05,7e-13,5e-10,1e-10,0.0559,30900000000.0,1640000000.0,11.73,-73.9
2.4e-05,2e-05,7e-13,5e-10,5e-11,0.0559,30900000000.0,1630000000.0,11.74,-73.89
2.4e-05,2e-05,7e-13,5e-10,1.5e-10,0.0559,30900000000.0,1640000000.0,11.74,-73.9
2.4e-05,2e-05,7e-13,5e-10,2.5e-10,0.0559,30900000000.0,1640000000.0,11.74,-73.83
2.4e-05,2.1e-05,5e-13,4e-10,1e-10,0.0559,33300000000.0,1660000000.0,11.5,-74.72
2.4e-05,2.1e-05,5e-13,4e-10,5e-11,0.0559,33300000000.0,1660000000.0,11.5,-74.63
2.4e-05,2.1e-05,5e-13,4e-10,2e-10,0.0559,33300000000.0,1660000000.0,11.5,-74.46
2.4e-05,2.1e-05,5e-13,4e-10,2.5e-10,0.0559,33300000000.0,1650000000.0,11.5,-74.53
2.4e-05,2.1e-05,5e-13,3e-10,1e-10,0.0559,37000000000.0,1800000000.0,11.1,-75.81
2.4e-05,2.1e-05,5e-13,3e-10,5e-11,0.0559,37000000000.0,1810000000.0,11.09,-75.78
2.4e-05,2.1e-05,5e-13,3e-10,1.5e-10,0.0559,37000000000.0,1810000000.0,11.09,-75.73
2.4e-05,2.1e-05,5e-13,3e-10,2e-10,0.0559,37000000000.0,1800000000.0,11.1,-75.83
2.4e-05,2.1e-05,5e-13,3e-10,2.5e-10,0.0559,37000000000.0,1810000000.0,11.1,-76.05
2.4e-05,2.1e-05,5e-13,3.5e-10,1e-10,0.0559,34900000000.0,1720000000.0,11.34,-75.15
2.4e-05,2.1e-05,5e-13,3.5e-10,5e-11,0.0559,34900000000.0,1730000000.0,11.34,-75.05
2.4e-05,2.1e-05,5e-13,3.5e-10,1.5e-10,0.0559,34900000000.0,1720000000.0,11.34,-75.13
2.4e-05,2.1e-05,5e-13,4.5e-10,1e-10,0.0559,31900000000.0,1610000000.0,11.61,-74.6
2.4e-05,2.1e-05,5e-13,4.5e-10,5e-11,0.0559,31900000000.0,1620000000.0,11.61,-74.01
2.4e-05,2.1e-05,5e-13,4.5e-10,1.5e-10,0.0559,31900000000.0,1620000000.0,11.61,-73.96
2.4e-05,2.1e-05,5e-13,4.5e-10,2e-10,0.0559,31900000000.0,1620000000.0,11.61,-73.94
2.4e-05,2.1e-05,5e-13,4.5e-10,2.5e-10,0.0559,31900000000.0,1620000000.0,11.61,-74.25
2.4e-05,2.1e-05,5e-13,5e-10,1e-10,0.0559,30800000000.0,1580000000.0,11.69,-73.73
2.4e-05,2.1e-05,5e-13,5e-10,5e-11,0.0559,30800000000.0,1590000000.0,11.69,-73.81
2.4e-05,2.1e-05,5e-13,5e-10,1.5e-10,0.0559,30800000000.0,1580000000.0,11.69,-73.74
2.4e-05,2.1e-05,5e-13,5e-10,2e-10,0.0559,30800000000.0,1590000000.0,11.69,-73.69
2.4e-05,2.1e-05,5e-13,5e-10,2.5e-10,0.0559,30800000000.0,1570000000.0,11.69,-73.79
2.4e-05,2.1e-05,3e-13,4e-10,1e-10,0.0559,33300000000.0,1660000000.0,11.5,-74.56
2.4e-05,2.1e-05,3e-13,4e-10,5e-11,0.0559,33300000000.0,1650000000.0,11.5,-74.56
2.4e-05,2.1e-05,3e-13,4e-10,1.5e-10,0.0559,33300000000.0,1670000000.0,11.5,-74.59
2.4e-05,2.1e-05,3e-13,4e-10,2e-10,0.0559,33300000000.0,1660000000.0,11.5,-74.69
2.4e-05,2.1e-05,3e-13,4e-10,2.5e-10,0.0559,33300000000.0,1670000000.0,11.5,-74.33
2.4e-05,2.1e-05,3e-13,3e-10,1e-10,0.0559,37000000000.0,1820000000.0,11.1,-75.65
2.4e-05,2.1e-05,3e-13,3e-10,5e-11,0.0559,37000000000.0,1800000000.0,11.1,-75.64
2.4e-05,2.1e-05,3e-13,3e-10,1.5e-10,0.0559,37000000000.0,1810000000.0,11.09,-75.75
2.4e-05,2.1e-05,3e-13,3e-10,2e-10,0.0559,37000000000.0,1820000000.0,11.09,-75.96
2.4e-05,2.1e-05,3e-13,3e-10,2.5e-10,0.0559,37000000000.0,1810000000.0,11.1,-75.7
2.4e-05,2.1e-05,3e-13,3.5e-10,5e-11,0.0559,34900000000.0,1720000000.0,11.34,-75.05
2.4e-05,2.1e-05,3e-13,3.5e-10,1.5e-10,0.0559,34900000000.0,1720000000.0,11.34,-75.12
2.4e-05,2.1e-05,3e-13,3.5e-10,2.5e-10,0.0559,34900000000.0,1720000000.0,11.34,-75.09
2.4e-05,2.1e-05,3e-13,4.5e-10,1e-10,0.0559,31900000000.0,1610000000.0,11.61,-74.04
2.4e-05,2.1e-05,3e-13,4.5e-10,5e-11,0.0559,31900000000.0,1620000000.0,11.61,-74.15
2.4e-05,2.1e-05,3e-13,4.5e-10,1.5e-10,0.0559,31900000000.0,1620000000.0,11.61,-74.19
2.4e-05,2.1e-05,3e-13,4.5e-10,2e-10,0.0559,31900000000.0,1620000000.0,11.61,-74.13
2.4e-05,2.1e-05,3e-13,4.5e-10,2.5e-10,0.0559,31900000000.0,1610000000.0,11.61,-74.21
2.4e-05,2.1e-05,3e-13,5e-10,1e-10,0.0559,30800000000.0,1580000000.0,11.69,-73.82
2.4e-05,2.1e-05,3e-13,5e-10,5e-11,0.0559,30800000000.0,1590000000.0,11.69,-73.83
2.4e-05,2.1e-05,3e-13,5e-10,2.5e-10,0.0559,30800000000.0,1590000000.0,11.69,-73.78
2.4e-05,2.1e-05,4e-13,4e-10,1e-10,0.0559,33300000000.0,1660000000.0,11.5,-74.53
2.4e-05,2.1e-05,4e-13,4e-10,1.5e-10,0.0559,33300000000.0,1660000000.0,11.5,-74.57
2.4e-05,2.1e-05,4e-13,4e-10,2e-10,0.0559,33300000000.0,1660000000.0,11.5,-74.54
2.4e-05,2.1e-05,4e-13,3e-10,1e-10,0.0559,37000000000.0,1810000000.0,11.09,-75.54
2.4e-05,2.1e-05,4e-13,3e-10,5e-11,0.0559,37000000000.0,1810000000.0,11.1,-75.79
2.4e-05,2.1e-05,4e-13,3e-10,1.5e-10,0.0559,37000000000.0,1810000000.0,11.1,-75.75
2.4e-05,2.1e-05,4e-13,3e-10,2e-10,0.0559,37000000000.0,1810000000.0,11.1,-75.86
2.4e-05,2.1e-05,4e-13,3e-10,2.5e-10,0.0559,37000000000.0,1820000000.0,11.09,-76.09
2.4e-05,2.1e-05,4e-13,3.5e-10,1e-10,0.0559,34900000000.0,1720000000.0,11.34,-75.19
2.4e-05,2.1e-05,4e-13,3.5e-10,5e-11,0.0559,34900000000.0,1720000000.0,11.34,-75.1
2.4e-05,2.1e-05,4e-13,3.5e-10,1.5e-10,0.0559,34900000000.0,1730000000.0,11.34,-75.31
2.4e-05,2.1e-05,4e-13,3.5e-10,2e-10,0.0559,34900000000.0,1720000000.0,11.34,-75.08
2.4e-05,2.1e-05,4e-13,3.5e-10,2.5e-10,0.0559,34900000000.0,1720000000.0,11.34,-75.11
2.4e-05,2.1e-05,4e-13,4.5e-10,1e-10,0.0559,31900000000.0,1610000000.0,11.61,-74.18
2.4e-05,2.1e-05,4e-13,4.5e-10,5e-11,0.0559,31900000000.0,1620000000.0,11.61,-74.08
2.4e-05,2.1e-05,4e-13,4.5e-10,1.5e-10,0.0559,31900000000.0,1620000000.0,11.61,-74.17
2.4e-05,2.1e-05,4e-13,4.5e-10,2e-10,0.0559,31900000000.0,1610000000.0,11.61,-74.14
2.4e-05,2.1e-05,4e-13,5e-10,1e-10,0.0559,30800000000.0,1580000000.0,11.69,-73.76
2.4e-05,2.1e-05,4e-13,5e-10,1.5e-10,0.0559,30800000000.0,1580000000.0,11.69,-73.81
2.4e-05,2.1e-05,4e-13,5e-10,2.5e-10,0.0559,30800000000.0,1580000000.0,11.69,-73.8
2.4e-05,2.1e-05,6e-13,4e-10,1e-10,0.0559,33300000000.0,1670000000.0,11.5,-74.54
2.4e-05,2.1e-05,6e-13,4e-10,5e-11,0.0559,33300000000.0,1660000000.0,11.5,-74.55
2.4e-05,2.1e-05,6e-13,4e-10,1.5e-10,0.0559,33300000000.0,1650000000.0,11.5,-74.55
2.4e-05,2.1e-05,6e-13,4e-10,2.5e-10,0.0559,33300000000.0,1650000000.0,11.5,-74.58
2.4e-05,2.1e-05,6e-13,3e-10,1e-10,0.0559,37000000000.0,1810000000.0,11.1,-75.84
2.4e-05,2.1e-05,6e-13,3e-10,5e-11,0.0559,37000000000.0,1810000000.0,11.09,-75.83
2.4e-05,2.1e-05,6e-13,3e-10,1.5e-10,0.0559,37000000000.0,1820000000.0,11.1,-75.82
2.4e-05,2.1e-05,6e-13,3e-10,2e-10,0.0559,37000000000.0,1800000000.0,11.1,-75.99
2.4e-05,2.1e-05,6e-13,3.5e-10,1.5e-10,0.0559,34900000000.0,1730000000.0,11.34,-75.15
2.4e-05,2.1e-05,6e-13,4.5e-10,1e-10,0.0559,31900000000.0,1620000000.0,11.61,-74.53
2.4e-05,2.1e-05,6e-13,4.5e-10,5e-11,0.0559,31900000000.0,1620000000.0,11.61,-74.09
2.4e-05,2.1e-05,6e-13,4.5e-10,1.5e-10,0.0559,31900000000.0,1610000000.0,11.61,-74.1
2.4e-05,2.1e-05,6e-13,4.5e-10,2.5e-10,0.0559,31900000000.0,1610000000.0,11.61,-74.11
2.4e-05,2.1e-05,6e-13,5e-10,1e-10,0.0559,30800000000.0,1570000000.0,11.69,-73.82
2.4e-05,2.1e-05,7e-13,4e-10,5e-11,0.0559,33300000000.0,1660000000.0,11.5,-74.51
2.4e-05,2.1e-05,7e-13,4e-10,2e-10,0.0559,33300000000.0,1660000000.0,11.5,-74.48
2.4e-05,2.1e-05,7e-13,3e-10,1e-10,0.0559,37000000000.0,1810000000.0,11.1,-75.72
2.4e-05,2.1e-05,7e-13,3e-10,5e-11,0.0559,37000000000.0,1800000000.0,11.1,-75.76
2.4e-05,2.1e-05,7e-13,3e-10,1.5e-10,0.0559,37000000000.0,1820000000.0,11.1,-75.75
2.4e-05,2.1e-05,7e-13,3e-10,2e-10,0.0559,37000000000.0,1820000000.0,11.09,-75.75
2.4e-05,2.1e-05,7e-13,3e-10,2.5e-10,0.0559,37000000000.0,1810000000.0,11.1,-75.67
2.4e-05,2.1e-05,7e-13,3.5e-10,2.5e-10,0.0559,34900000000.0,1720000000.0,11.34,-74.94
2.4e-05,2.1e-05,7e-13,4.5e-10,1e-10,0.0559,31900000000.0,1620000000.0,11.61,-74.24
2.4e-05,2.1e-05,7e-13,4.5e-10,1.5e-10,0.0559,31900000000.0,1620000000.0,11.61,-74.18
2.4e-05,2.1e-05,7e-13,4.5e-10,2.5e-10,0.0559,31900000000.0,1620000000.0,11.61,-74.1
2.4e-05,2.1e-05,7e-13,5e-10,1e-10,0.0559,30800000000.0,1580000000.0,11.69,-74.04
2.4e-05,2.1e-05,7e-13,5e-10,5e-11,0.0559,30800000000.0,1580000000.0,11.69,-73.72
2.4e-05,2.1e-05,7e-13,5e-10,1.5e-10,0.0559,30800000000.0,1590000000.0,11.69,-73.73
2.4e-05,2.1e-05,7e-13,5e-10,2e-10,0.0559,30800000000.0,1590000000.0,11.69,-73.64
2.4e-05,2.2e-05,5e-13,4e-10,1e-10,0.0559,33200000000.0,1580000000.0,11.44,-74.56
2.4e-05,2.2e-05,5e-13,4e-10,5e-11,0.0559,33200000000.0,1590000000.0,11.44,-74.56
2.4e-05,2.2e-05,5e-13,4e-10,1.5e-10,0.0559,33200000000.0,1590000000.0,11.44,-74.33
2.4e-05,2.2e-05,5e-13,4e-10,2e-10,0.0559,33200000000.0,1590000000.0,11.44,-74.48
2.4e-05,2.2e-05,5e-13,4e-10,2.5e-10,0.0559,33200000000.0,1580000000.0,11.44,-74.45
2.4e-05,2.2e-05,5e-13,3e-10,1e-10,0.0559,36900000000.0,1710000000.0,11.02,-75.59
2.4e-05,2.2e-05,5e-13,3e-10,5e-11,0.0559,36900000000.0,1720000000.0,11.02,-75.63
2.4e-05,2.2e-05,5e-13,3e-10,1.5e-10,0.0559,36900000000.0,1700000000.0,11.02,-75.58
2.4e-05,2.2e-05,5e-13,3e-10,2e-10,0.0559,36900000000.0,1720000000.0,11.02,-75.69
2.4e-05,2.2e-05,5e-13,3e-10,2.5e-10,0.0559,36900000000.0,1710000000.0,11.02,-75.76
2.4e-05,2.2e-05,5e-13,3.5e-10,1e-10,0.0559,34800000000.0,1640000000.0,11.28,-75.09
2.4e-05,2.2e-05,5e-13,3.5e-10,5e-11,0.0559,34800000000.0,1630000000.0,11.28,-75.02
2.4e-05,2.2e-05,5e-13,3.5e-10,1.5e-10,0.0559,34800000000.0,1630000000.0,11.28,-74.8
2.4e-05,2.2e-05,5e-13,3.5e-10,2e-10,0.0559,34800000000.0,1630000000.0,11.27,-74.97
2.4e-05,2.2e-05,5e-13,3.5e-10,2.5e-10,0.0559,34800000000.0,1630000000.0,11.28,-75.21
2.4e-05,2.2e-05,5e-13,4.5e-10,1e-10,0.0559,31900000000.0,1540000000.0,11.55,-74.04
2.4e-05,2.2e-05,5e-13,4.5e-10,5e-11,0.0559,31900000000.0,1550000000.0,11.56,-74.05
2.4e-05,2.2e-05,5e-13,4.5e-10,1.5e-10,0.0559,31900000000.0,1540000000.0,11.56,-75.18
2.4e-05,2.2e-05,5e-13,4.5e-10,2e-10,0.0559,31900000000.0,1550000000.0,11.55,-74.08
2.4e-05,2.2e-05,5e-13,4.5e-10,2.5e-10,0.0559,31900000000.0,1550000000.0,11.55,-74.03
2.4e-05,2.2e-05,5e-13,5e-10,1e-10,0.0559,30700000000.0,1520000000.0,11.63,-73.74
2.4e-05,2.2e-05,5e-13,5e-10,5e-11,0.0559,30700000000.0,1520000000.0,11.63,-73.79
2.4e-05,2.2e-05,5e-13,5e-10,1.5e-10,0.0559,30700000000.0,1510000000.0,11.64,-73.66
2.4e-05,2.2e-05,5e-13,5e-10,2e-10,0.0559,30700000000.0,1530000000.0,11.64,-73.65
2.4e-05,2.2e-05,3e-13,4e-10,1e-10,0.0559,33200000000.0,1580000000.0,11.44,-74.44
2.4e-05,2.2e-05,3e-13,4e-10,5e-11,0.0559,33200000000.0,1580000000.0,11.44,-74.46
2.4e-05,2.2e-05,3e-13,4e-10,1.5e-10,0.0559,33200000000.0,1590000000.0,11.44,-74.13
2.4e-05,2.2e-05,3e-13,4e-10,2e-10,0.0559,33200000000.0,1590000000.0,11.44,-74.45
2.4e-05,2.2e-05,3e-13,3e-10,1e-10,0.0559,36900000000.0,1710000000.0,11.02,-75.69
2.4e-05,2.2e-05,3e-13,3e-10,5e-11,0.0559,36900000000.0,1720000000.0,11.02,-75.58
2.4e-05,2.2e-05,3e-13,3e-10,1.5e-10,0.0559,36900000000.0,1720000000.0,11.02,-75.55
2.4e-05,2.2e-05,3e-13,3e-10,2.5e-10,0.0559,36900000000.0,1720000000.0,11.02,-75.39
2.4e-05,2.2e-05,3e-13,3.5e-10,1e-10,0.0559,34800000000.0,1630000000.0,11.28,-74.94
2.4e-05,2.2e-05,3e-13,3.5e-10,5e-11,0.0559,34800000000.0,1650000000.0,11.27,-75.48
2.4e-05,2.2e-05,3e-13,3.5e-10,1.5e-10,0.0559,34800000000.0,1640000000.0,11.28,-74.86
2.4e-05,2.2e-05,3e-13,3.5e-10,2e-10,0.0559,34800000000.0,1640000000.0,11.28,-74.97
2.4e-05,2.2e-05,3e-13,3.5e-10,2.5e-10,0.0559,34800000000.0,1630000000.0,11.28,-74.79
2.4e-05,2.2e-05,3e-13,4.5e-10,1e-10,0.0559,31900000000.0,1540000000.0,11.56,-74.12
2.4e-05,2.2e-05,3e-13,4.5e-10,5e-11,0.0559,31900000000.0,1550000000.0,11.55,-73.97
2.4e-05,2.2e-05,3e-13,4.5e-10,1.5e-10,0.0559,31900000000.0,1550000000.0,11.56,-73.97
2.4e-05,2.2e-05,3e-13,4.5e-10,2e-10,0.0559,31900000000.0,1550000000.0,11.55,-74.42
2.4e-05,2.2e-05,3e-13,4.5e-10,2.5e-10,0.0559,31900000000.0,1550000000.0,11.56,-74.02
2.4e-05,2.2e-05,3e-13,5e-10,1e-10,0.0559,30800000000.0,1510000000.0,11.64,-73.65
2.4e-05,2.2e-05,3e-13,5e-10,5e-11,0.0559,30800000000.0,1520000000.0,11.63,-73.76
2.4e-05,2.2e-05,3e-13,5e-10,1.5e-10,0.0559,30800000000.0,1520000000.0,11.63,-73.68
2.4e-05,2.2e-05,3e-13,5e-10,2.5e-10,0.0559,30800000000.0,1520000000.0,11.63,-73.73
2.4e-05,2.2e-05,4e-13,4e-10,1e-10,0.0559,33200000000.0,1580000000.0,11.44,-74.47
2.4e-05,2.2e-05,4e-13,4e-10,5e-11,0.0559,33200000000.0,1590000000.0,11.44,-74.46
2.4e-05,2.2e-05,4e-13,4e-10,2.5e-10,0.0559,33200000000.0,1590000000.0,11.44,-74.47
2.4e-05,2.2e-05,4e-13,3e-10,1e-10,0.0559,36900000000.0,1700000000.0,11.02,-76.25
2.4e-05,2.2e-05,4e-13,3e-10,5e-11,0.0559,36900000000.0,1720000000.0,11.02,-75.57
2.4e-05,2.2e-05,4e-13,3e-10,1.5e-10,0.0559,36900000000.0,1720000000.0,11.02,-75.53
2.4e-05,2.2e-05,4e-13,3e-10,2e-10,0.0559,36900000000.0,1720000000.0,11.02,-75.62
2.4e-05,2.2e-05,4e-13,3e-10,2.5e-10,0.0559,36900000000.0,1720000000.0,11.02,-76.24
2.4e-05,2.2e-05,4e-13,3.5e-10,1e-10,0.0559,34800000000.0,1630000000.0,11.28,-78.98
2.4e-05,2.2e-05,4e-13,3.5e-10,2.5e-10,0.0559,34800000000.0,1630000000.0,11.28,-75.03
2.4e-05,2.2e-05,4e-13,4.5e-10,1e-10,0.0559,31900000000.0,1540000000.0,11.56,-74.04
2.4e-05,2.2e-05,4e-13,4.5e-10,5e-11,0.0559,31900000000.0,1550000000.0,11.55,-73.96
2.4e-05,2.2e-05,4e-13,4.5e-10,1.5e-10,0.0559,31900000000.0,1540000000.0,11.56,-74.08
2.4e-05,2.2e-05,4e-13,4.5e-10,2e-10,0.0559,31900000000.0,1550000000.0,11.55,-74.12
2.4e-05,2.2e-05,4e-13,5e-10,1e-10,0.0559,30700000000.0,1520000000.0,11.64,-73.56
2.4e-05,2.2e-05,4e-13,5e-10,5e-11,0.0559,30700000000.0,1520000000.0,11.64,-73.66
2.4e-05,2.2e-05,4e-13,5e-10,1.5e-10,0.0559,30700000000.0,1510000000.0,11.64,-73.69
2.4e-05,2.2e-05,4e-13,5e-10,2.5e-10,0.0559,30700000000.0,1510000000.0,11.64,-73.65
2.4e-05,2.2e-05,6e-13,4e-10,1e-10,0.0559,33200000000.0,1590000000.0,11.44,-75.01
2.4e-05,2.2e-05,6e-13,4e-10,5e-11,0.0559,33200000000.0,1590000000.0,11.44,-74.49
2.4e-05,2.2e-05,6e-13,4e-10,2.5e-10,0.0559,33200000000.0,1580000000.0,11.44,-74.49
2.4e-05,2.2e-05,6e-13,3e-10,1e-10,0.0559,36900000000.0,1720000000.0,11.02,-75.6
2.4e-05,2.2e-05,6e-13,3e-10,5e-11,0.0559,36900000000.0,1710000000.0,11.02,-75.7
2.4e-05,2.2e-05,6e-13,3e-10,1.5e-10,0.0559,36900000000.0,1700000000.0,11.02,-75.4
2.4e-05,2.2e-05,6e-13,3e-10,2.5e-10,0.0559,36900000000.0,1720000000.0,11.02,-75.59
2.4e-05,2.2e-05,6e-13,3.5e-10,1e-10,0.0559,34800000000.0,1630000000.0,11.28,-74.91
2.4e-05,2.2e-05,6e-13,3.5e-10,5e-11,0.0559,34800000000.0,1630000000.0,11.28,-75.0
2.4e-05,2.2e-05,6e-13,3.5e-10,1.5e-10,0.0559,34800000000.0,1630000000.0,11.27,-74.98
2.4e-05,2.2e-05,6e-13,3.5e-10,2.5e-10,0.0559,34800000000.0,1620000000.0,11.28,-74.8
2.4e-05,2.2e-05,6e-13,4.5e-10,1e-10,0.0559,31900000000.0,1550000000.0,11.55,-74.46
2.4e-05,2.2e-05,6e-13,4.5e-10,5e-11,0.0559,31900000000.0,1550000000.0,11.55,-74.36
2.4e-05,2.2e-05,6e-13,4.5e-10,1.5e-10,0.0559,31900000000.0,1540000000.0,11.56,-74.06
2.4e-05,2.2e-05,6e-13,4.5e-10,2.5e-10,0.0559,31900000000.0,1550000000.0,11.55,-74.07
2.4e-05,2.2e-05,6e-13,5e-10,1e-10,0.0559,30700000000.0,1520000000.0,11.64,-73.63
2.4e-05,2.2e-05,6e-13,5e-10,5e-11,0.0559,30700000000.0,1520000000.0,11.64,-73.7
2.4e-05,2.2e-05,6e-13,5e-10,1.5e-10,0.0559,30700000000.0,1510000000.0,11.64,-73.68
2.4e-05,2.2e-05,6e-13,5e-10,2e-10,0.0559,30700000000.0,1520000000.0,11.64,-73.62
2.4e-05,2.2e-05,7e-13,4e-10,1e-10,0.0559,33200000000.0,1580000000.0,11.44,-74.54
2.4e-05,2.2e-05,7e-13,4e-10,2e-10,0.0559,33200000000.0,1580000000.0,11.44,-74.51
2.4e-05,2.2e-05,7e-13,3e-10,1.5e-10,0.0559,36900000000.0,1720000000.0,11.02,-75.61
2.4e-05,2.2e-05,7e-13,3e-10,2e-10,0.0559,36900000000.0,1720000000.0,11.02,-75.45
2.4e-05,2.2e-05,7e-13,3e-10,2.5e-10,0.0559,36900000000.0,1700000000.0,11.02,-75.82
2.4e-05,2.2e-05,7e-13,3.5e-10,1e-10,0.0559,34800000000.0,1620000000.0,11.28,-75.03
2.4e-05,2.2e-05,7e-13,3.5e-10,5e-11,0.0559,34800000000.0,1630000000.0,11.28,-74.99
2.4e-05,2.2e-05,7e-13,3.5e-10,2.5e-10,0.0559,34800000000.0,1640000000.0,11.28,-75.49
2.4e-05,2.2e-05,7e-13,4.5e-10,1e-10,0.0559,31900000000.0,1540000000.0,11.56,-72.82
2.4e-05,2.2e-05,7e-13,4.5e-10,5e-11,0.0559,31900000000.0,1550000000.0,11.55,-74.11
2.4e-05,2.2e-05,7e-13,4.5e-10,1.5e-10,0.0559,31900000000.0,1540000000.0,11.55,-74.1
2.4e-05,2.2e-05,7e-13,4.5e-10,2e-10,0.0559,31900000000.0,1550000000.0,11.55,-74.06
2.4e-05,2.2e-05,7e-13,4.5e-10,2.5e-10,0.0559,31900000000.0,1540000000.0,11.56,-74.02
2.4e-05,2.2e-05,7e-13,5e-10,1e-10,0.0559,30700000000.0,1510000000.0,11.64,-73.67
2.4e-05,2.2e-05,7e-13,5e-10,5e-11,0.0559,30700000000.0,1520000000.0,11.63,-73.65
2.4e-05,2.2e-05,7e-13,5e-10,1.5e-10,0.0559,30700000000.0,1520000000.0,11.64,-73.75
2.4e-05,2.2e-05,7e-13,5e-10,2.5e-10,0.0559,30700000000.0,1520000000.0,11.64,-74.08
2.4e-05,2.3e-05,5e-13,4e-10,1e-10,0.0559,33200000000.0,1490000000.0,11.38,-74.39
2.4e-05,2.3e-05,5e-13,4e-10,5e-11,0.0559,33200000000.0,1500000000.0,11.38,-73.99
2.4e-05,2.3e-05,5e-13,4e-10,1.5e-10,0.0559,33200000000.0,1500000000.0,11.38,-74.84
2.4e-05,2.3e-05,5e-13,4e-10,2e-10,0.0559,33200000000.0,1490000000.0,11.38,-74.46
2.4e-05,2.3e-05,5e-13,4e-10,2.5e-10,0.0559,33200000000.0,1490000000.0,11.38,-74.45
2.4e-05,2.3e-05,5e-13,3e-10,1e-10,0.0559,36900000000.0,1600000000.0,10.94,-75.03
2.4e-05,2.3e-05,5e-13,3e-10,5e-11,0.0559,36900000000.0,1590000000.0,10.94,-75.4
2.4e-05,2.3e-05,5e-13,3e-10,1.5e-10,0.0559,36900000000.0,1600000000.0,10.94,-75.45
2.4e-05,2.3e-05,5e-13,3e-10,2e-10,0.0559,36900000000.0,1600000000.0,10.94,-75.56
2.4e-05,2.3e-05,5e-13,3.5e-10,1e-10,0.0559,34800000000.0,1540000000.0,11.21,-74.85
2.4e-05,2.3e-05,5e-13,3.5e-10,5e-11,0.0559,34800000000.0,1540000000.0,11.21,-74.98
2.4e-05,2.3e-05,5e-13,3.5e-10,1.5e-10,0.0559,34800000000.0,1530000000.0,11.21,-74.9
2.4e-05,2.3e-05,5e-13,3.5e-10,2e-10,0.0559,34800000000.0,1540000000.0,11.21,-74.84
2.4e-05,2.3e-05,5e-13,3.5e-10,2.5e-10,0.0559,34800000000.0,1540000000.0,11.21,-74.86
2.4e-05,2.3e-05,5e-13,4.5e-10,1e-10,0.0559,31800000000.0,1460000000.0,11.5,-74.17
2.4e-05,2.3e-05,5e-13,4.5e-10,5e-11,0.0559,31800000000.0,1470000000.0,11.5,-73.96
2.4e-05,2.3e-05,5e-13,4.5e-10,1.5e-10,0.0559,31800000000.0,1460000000.0,11.5,-73.9
2.4e-05,2.3e-05,5e-13,4.5e-10,2e-10,0.0559,31800000000.0,1460000000.0,11.5,-73.96
2.4e-05,2.3e-05,5e-13,5e-10,1e-10,0.0559,30700000000.0,1440000000.0,11.58,-73.53
2.4e-05,2.3e-05,5e-13,5e-10,5e-11,0.0559,30700000000.0,1450000000.0,11.58,-73.41
2.4e-05,2.3e-05,5e-13,5e-10,1.5e-10,0.0559,30700000000.0,1430000000.0,11.58,-73.62
2.4e-05,2.3e-05,5e-13,5e-10,2e-10,0.0559,30700000000.0,1430000000.0,11.59,-73.58
2.4e-05,2.3e-05,5e-13,5e-10,2.5e-10,0.0559,30700000000.0,1440000000.0,11.58,-73.62
2.4e-05,2.3e-05,3e-13,4e-10,1e-10,0.0559,33200000000.0,1490000000.0,11.38,-74.34
2.4e-05,2.3e-05,3e-13,4e-10,5e-11,0.0559,33200000000.0,1490000000.0,11.38,-74.37
2.4e-05,2.3e-05,3e-13,4e-10,1.5e-10,0.0559,33200000000.0,1490000000.0,11.38,-74.31
2.4e-05,2.3e-05,3e-13,4e-10,2e-10,0.0559,33200000000.0,1500000000.0,11.38,-74.41
2.4e-05,2.3e-05,3e-13,3e-10,1e-10,0.0559,36900000000.0,1590000000.0,10.94,-75.28
2.4e-05,2.3e-05,3e-13,3e-10,5e-11,0.0559,36900000000.0,1600000000.0,10.94,-75.55
2.4e-05,2.3e-05,3e-13,3e-10,1.5e-10,0.0559,36900000000.0,1600000000.0,10.94,-75.46
2.4e-05,2.3e-05,3e-13,3e-10,2.5e-10,0.0559,36900000000.0,1590000000.0,10.94,-75.15
2.4e-05,2.3e-05,3e-13,3.5e-10,1e-10,0.0559,34800000000.0,1540000000.0,11.2,-71.67
2.4e-05,2.3e-05,3e-13,3.5e-10,5e-11,0.0559,34800000000.0,1540000000.0,11.2,-74.85
2.4e-05,2.3e-05,3e-13,3.5e-10,1.5e-10,0.0559,34800000000.0,1540000000.0,11.2,-73.46
2.4e-05,2.3e-05,3e-13,3.5e-10,2e-10,0.0559,34800000000.0,1540000000.0,11.21,-74.74
2.4e-05,2.3e-05,3e-13,3.5e-10,2.5e-10,0.0559,34800000000.0,1530000000.0,11.21,-74.56
2.4e-05,2.3e-05,3e-13,4.5e-10,1e-10,0.0559,31800000000.0,1460000000.0,11.5,-73.95
2.4e-05,2.3e-05,3e-13,4.5e-10,5e-11,0.0559,31800000000.0,1450000000.0,11.5,-73.72
2.4e-05,2.3e-05,3e-13,4.5e-10,1.5e-10,0.0559,31800000000.0,1470000000.0,11.5,-74.01
2.4e-05,2.3e-05,3e-13,4.5e-10,2e-10,0.0559,31800000000.0,1470000000.0,11.5,-73.91
2.4e-05,2.3e-05,3e-13,4.5e-10,2.5e-10,0.0559,31800000000.0,1460000000.0,11.5,-73.88
2.4e-05,2.3e-05,3e-13,5e-10,1e-10,0.0559,30700000000.0,1430000000.0,11.59,-73.59
2.4e-05,2.3e-05,3e-13,5e-10,5e-11,0.0559,30700000000.0,1440000000.0,11.58,-73.56
2.4e-05,2.3e-05,3e-13,5e-10,1.5e-10,0.0559,30700000000.0,1440000000.0,11.58,-73.57
2.4e-05,2.3e-05,3e-13,5e-10,2.5e-10,0.0559,30700000000.0,1430000000.0,11.58,-73.6
2.4e-05,2.3e-05,4e-13,4e-10,1e-10,0.0559,33200000000.0,1490000000.0,11.38,-74.12
2.4e-05,2.3e-05,4e-13,4e-10,5e-11,0.0559,33200000000.0,1500000000.0,11.38,-74.32
2.4e-05,2.3e-05,4e-13,4e-10,1.5e-10,0.0559,33200000000.0,1490000000.0,11.38,-74.36
2.4e-05,2.3e-05,4e-13,4e-10,2e-10,0.0559,33200000000.0,1500000000.0,11.38,-74.09
2.4e-05,2.3e-05,4e-13,3e-10,1e-10,0.0559,36900000000.0,1590000000.0,10.94,-75.52
2.4e-05,2.3e-05,4e-13,3e-10,5e-11,0.0559,36900000000.0,1600000000.0,10.94,-75.79
2.4e-05,2.3e-05,4e-13,3e-10,2e-10,0.0559,36900000000.0,1600000000.0,10.94,-75.53
2.4e-05,2.3e-05,4e-13,3e-10,2.5e-10,0.0559,36900000000.0,1590000000.0,10.94,-75.47
2.4e-05,2.3e-05,4e-13,3.5e-10,1e-10,0.0559,34800000000.0,1530000000.0,11.21,-74.88
2.4e-05,2.3e-05,4e-13,3.5e-10,5e-11,0.0559,34800000000.0,1540000000.0,11.21,-74.77
2.4e-05,2.3e-05,4e-13,3.5e-10,1.5e-10,0.0559,34800000000.0,1540000000.0,11.2,-74.84
2.4e-05,2.3e-05,4e-13,3.5e-10,2e-10,0.0559,34800000000.0,1530000000.0,11.21,-74.97
2.4e-05,2.3e-05,4e-13,3.5e-10,2.5e-10,0.0559,34800000000.0,1530000000.0,11.21,-74.89
2.4e-05,2.3e-05,4e-13,4.5e-10,5e-11,0.0559,31800000000.0,1460000000.0,11.5,-73.93
2.4e-05,2.3e-05,4e-13,4.5e-10,2e-10,0.0559,31800000000.0,1470000000.0,11.5,-74.34
2.4e-05,2.3e-05,4e-13,4.5e-10,2.5e-10,0.0559,31800000000.0,1460000000.0,11.5,-73.97
2.4e-05,2.3e-05,4e-13,5e-10,5e-11,0.0559,30700000000.0,1450000000.0,11.58,-73.57
2.4e-05,2.3e-05,4e-13,5e-10,1.5e-10,0.0559,30700000000.0,1450000000.0,11.58,-73.58
2.4e-05,2.3e-05,6e-13,4e-10,1e-10,0.0559,33200000000.0,1490000000.0,11.38,-74.29
2.4e-05,2.3e-05,6e-13,4e-10,5e-11,0.0559,33200000000.0,1500000000.0,11.38,-74.35
2.4e-05,2.3e-05,6e-13,4e-10,2.5e-10,0.0559,33200000000.0,1490000000.0,11.38,-74.52
2.4e-05,2.3e-05,6e-13,3e-10,1e-10,0.0559,36900000000.0,1600000000.0,10.94,-75.54
2.4e-05,2.3e-05,6e-13,3e-10,1.5e-10,0.0559,36900000000.0,1600000000.0,10.94,-75.44
2.4e-05,2.3e-05,6e-13,3.5e-10,1e-10,0.0559,34800000000.0,1540000000.0,11.21,-74.9
2.4e-05,2.3e-05,6e-13,3.5e-10,1.5e-10,0.0559,34800000000.0,1540000000.0,11.2,-74.74
2.4e-05,2.3e-05,6e-13,3.5e-10,2.5e-10,0.0559,34800000000.0,1530000000.0,11.21,-70.19
2.4e-05,2.3e-05,6e-13,4.5e-10,1e-10,0.0559,31800000000.0,1450000000.0,11.5,-73.92
2.4e-05,2.3e-05,6e-13,4.5e-10,2e-10,0.0559,31800000000.0,1470000000.0,11.5,-73.93
2.4e-05,2.3e-05,6e-13,4.5e-10,2.5e-10,0.0559,31800000000.0,1460000000.0,11.5,-75.27
2.4e-05,2.3e-05,6e-13,5e-10,1e-10,0.0559,30700000000.0,1450000000.0,11.58,-73.59
2.4e-05,2.3e-05,6e-13,5e-10,1.5e-10,0.0559,30700000000.0,1440000000.0,11.58,-73.64
2.4e-05,2.3e-05,6e-13,5e-10,2.5e-10,0.0559,30700000000.0,1450000000.0,11.58,-73.76
2.4e-05,2.3e-05,7e-13,4e-10,5e-11,0.0559,33200000000.0,1490000000.0,11.38,-74.24
2.4e-05,2.3e-05,7e-13,3e-10,1e-10,0.0559,36900000000.0,1590000000.0,10.94,-75.57
2.4e-05,2.3e-05,7e-13,3e-10,5e-11,0.0559,36900000000.0,1590000000.0,10.94,-75.66
2.4e-05,2.3e-05,7e-13,3e-10,1.5e-10,0.0559,36900000000.0,1600000000.0,10.94,-75.47
2.4e-05,2.3e-05,7e-13,3e-10,2.5e-10,0.0559,36900000000.0,1600000000.0,10.94,-75.41
2.4e-05,2.3e-05,7e-13,3.5e-10,2e-10,0.0559,34800000000.0,1530000000.0,11.21,-74.57
2.4e-05,2.3e-05,7e-13,3.5e-10,2.5e-10,0.0559,34800000000.0,1530000000.0,11.2,-74.87
2.4e-05,2.3e-05,7e-13,4.5e-10,1e-10,0.0559,31800000000.0,1460000000.0,11.5,-74.01
2.4e-05,2.3e-05,7e-13,4.5e-10,5e-11,0.0559,31800000000.0,1470000000.0,11.5,-73.97
2.4e-05,2.3e-05,7e-13,4.5e-10,1.5e-10,0.0559,31800000000.0,1470000000.0,11.5,-73.92
2.4e-05,2.3e-05,7e-13,4.5e-10,2e-10,0.0559,31800000000.0,1460000000.0,11.5,-73.8
2.4e-05,2.3e-05,7e-13,5e-10,2e-10,0.0559,30700000000.0,1430000000.0,11.59,-73.62
2.4e-05,2.4e-05,5e-13,4e-10,1e-10,0.0559,33100000000.0,1380000000.0,11.32,-74.28
2.4e-05,2.4e-05,5e-13,4e-10,5e-11,0.0559,33100000000.0,1390000000.0,11.31,-74.41
2.4e-05,2.4e-05,5e-13,4e-10,1.5e-10,0.0559,33100000000.0,1390000000.0,11.31,-74.24
2.4e-05,2.4e-05,5e-13,4e-10,2e-10,0.0559,33100000000.0,1390000000.0,11.32,-74.29
2.4e-05,2.4e-05,5e-13,4e-10,2.5e-10,0.0559,33100000000.0,1380000000.0,11.32,-74.37
2.4e-05,2.4e-05,5e-13,3e-10,1e-10,0.0559,36900000000.0,1460000000.0,10.85,-75.28
2.4e-05,2.4e-05,5e-13,3e-10,5e-11,0.0559,36900000000.0,1460000000.0,10.85,-75.32
2.4e-05,2.4e-05,5e-13,3e-10,1.5e-10,0.0559,36900000000.0,1470000000.0,10.85,-75.3
2.4e-05,2.4e-05,5e-13,3e-10,2e-10,0.0559,36900000000.0,1460000000.0,10.85,-75.34
2.4e-05,2.4e-05,5e-13,3e-10,2.5e-10,0.0559,36900000000.0,1450000000.0,10.85,-75.43
2.4e-05,2.4e-05,5e-13,3.5e-10,1e-10,0.0559,34800000000.0,1420000000.0,11.13,-74.69
2.4e-05,2.4e-05,5e-13,3.5e-10,5e-11,0.0559,34800000000.0,1420000000.0,11.13,-74.72
2.4e-05,2.4e-05,5e-13,3.5e-10,1.5e-10,0.0559,34800000000.0,1420000000.0,11.13,-75.15
2.4e-05,2.4e-05,5e-13,3.5e-10,2e-10,0.0559,34800000000.0,1430000000.0,11.13,-75.38
2.4e-05,2.4e-05,5e-13,4.5e-10,1e-10,0.0559,31800000000.0,1370000000.0,11.44,-73.79
2.4e-05,2.4e-05,5e-13,4.5e-10,5e-11,0.0559,31800000000.0,1370000000.0,11.44,-73.88
2.4e-05,2.4e-05,5e-13,4.5e-10,1.5e-10,0.0559,31800000000.0,1360000000.0,11.44,-73.7
2.4e-05,2.4e-05,5e-13,4.5e-10,2e-10,0.0559,31800000000.0,1350000000.0,11.44,-73.83
2.4e-05,2.4e-05,5e-13,4.5e-10,2.5e-10,0.0559,31800000000.0,1360000000.0,11.44,-73.82
2.4e-05,2.4e-05,5e-13,5e-10,1e-10,0.0559,30700000000.0,1340000000.0,11.53,-73.4
2.4e-05,2.4e-05,5e-13,5e-10,5e-11,0.0559,30700000000.0,1340000000.0,11.53,-73.65
2.4e-05,2.4e-05,5e-13,5e-10,1.5e-10,0.0559,30700000000.0,1350000000.0,11.53,-73.54
2.4e-05,2.4e-05,5e-13,5e-10,2e-10,0.0559,30700000000.0,1340000000.0,11.53,-73.52
2.4e-05,2.4e-05,5e-13,5e-10,2.5e-10,0.0559,30700000000.0,1350000000.0,11.53,-73.48
2.4e-05,2.4e-05,3e-13,4e-10,1e-10,0.0559,33100000000.0,1390000000.0,11.31,-74.31
2.4e-05,2.4e-05,3e-13,4e-10,5e-11,0.0559,33100000000.0,1400000000.0,11.31,-74.41
2.4e-05,2.4e-05,3e-13,4e-10,1.5e-10,0.0559,33100000000.0,1390000000.0,11.31,-74.22
2.4e-05,2.4e-05,3e-13,4e-10,2e-10,0.0559,33100000000.0,1380000000.0,11.31,-74.22
2.4e-05,2.4e-05,3e-13,4e-10,2.5e-10,0.0559,33100000000.0,1390000000.0,11.31,-74.25
2.4e-05,2.4e-05,3e-13,3e-10,1e-10,0.0559,36900000000.0,1450000000.0,10.85,-75.27
2.4e-05,2.4e-05,3e-13,3e-10,5e-11,0.0559,36900000000.0,1450000000.0,10.85,-75.94
2.4e-05,2.4e-05,3e-13,3e-10,1.5e-10,0.0559,36900000000.0,1450000000.0,10.85,-75.37
2.4e-05,2.4e-05,3e-13,3.5e-10,5e-11,0.0559,34800000000.0,1410000000.0,11.13,-74.68
2.4e-05,2.4e-05,3e-13,3.5e-10,1.5e-10,0.0559,34800000000.0,1420000000.0,11.13,-72.86
2.4e-05,2.4e-05,3e-13,3.5e-10,2e-10,0.0559,34800000000.0,1420000000.0,11.13,-74.7
2.4e-05,2.4e-05,3e-13,3.5e-10,2.5e-10,0.0559,34800000000.0,1420000000.0,11.13,-74.31
2.4e-05,2.4e-05,3e-13,4.5e-10,1e-10,0.0559,31800000000.0,1360000000.0,11.44,-73.86
2.4e-05,2.4e-05,3e-13,4.5e-10,5e-11,0.0559,31800000000.0,1370000000.0,11.44,-73.59
2.4e-05,2.4e-05,3e-13,4.5e-10,1.5e-10,0.0559,31800000000.0,1360000000.0,11.44,-73.81
2.4e-05,2.4e-05,3e-13,4.5e-10,2.5e-10,0.0559,31800000000.0,1360000000.0,11.44,-73.91
2.4e-05,2.4e-05,3e-13,5e-10,1e-10,0.0559,30700000000.0,1350000000.0,11.53,-73.46
2.4e-05,2.4e-05,3e-13,5e-10,5e-11,0.0559,30700000000.0,1340000000.0,11.53,-73.47
2.4e-05,2.4e-05,3e-13,5e-10,1.5e-10,0.0559,30700000000.0,1340000000.0,11.53,-73.55
2.4e-05,2.4e-05,3e-13,5e-10,2e-10,0.0559,30700000000.0,1350000000.0,11.53,-73.56
2.4e-05,2.4e-05,3e-13,5e-10,2.5e-10,0.0559,30700000000.0,1350000000.0,11.53,-73.45
2.4e-05,2.4e-05,4e-13,4e-10,1e-10,0.0559,33100000000.0,1380000000.0,11.31,-74.26
2.4e-05,2.4e-05,4e-13,4e-10,5e-11,0.0559,33100000000.0,1400000000.0,11.31,-74.28
2.4e-05,2.4e-05,4e-13,4e-10,1.5e-10,0.0559,33100000000.0,1390000000.0,11.31,-73.86
2.4e-05,2.4e-05,4e-13,4e-10,2e-10,0.0559,33100000000.0,1380000000.0,11.31,-74.24
2.4e-05,2.4e-05,4e-13,4e-10,2.5e-10,0.0559,33100000000.0,1380000000.0,11.32,-74.41
2.4e-05,2.4e-05,4e-13,3e-10,1e-10,0.0559,36900000000.0,1470000000.0,10.85,-75.49
2.4e-05,2.4e-05,4e-13,3e-10,5e-11,0.0559,36900000000.0,1450000000.0,10.85,-75.41
2.4e-05,2.4e-05,4e-13,3e-10,1.5e-10,0.0559,36900000000.0,1470000000.0,10.85,-75.32
2.4e-05,2.4e-05,4e-13,3e-10,2.5e-10,0.0559,36900000000.0,1460000000.0,10.85,-75.39
2.4e-05,2.4e-05,4e-13,3.5e-10,1.5e-10,0.0559,34800000000.0,1420000000.0,11.13,-74.29
2.4e-05,2.4e-05,4e-13,3.5e-10,2e-10,0.0559,34800000000.0,1410000000.0,11.13,-74.75
2.4e-05,2.4e-05,4e-13,4.5e-10,1e-10,0.0559,31800000000.0,1370000000.0,11.44,-73.83
2.4e-05,2.4e-05,4e-13,4.5e-10,1.5e-10,0.0559,31800000000.0,1360000000.0,11.44,-73.79
2.4e-05,2.4e-05,4e-13,4.5e-10,2e-10,0.0559,31800000000.0,1360000000.0,11.44,-73.9
2.4e-05,2.4e-05,4e-13,4.5e-10,2.5e-10,0.0559,31800000000.0,1360000000.0,11.44,-73.84
2.4e-05,2.4e-05,4e-13,5e-10,1e-10,0.0559,30700000000.0,1340000000.0,11.53,-73.57
2.4e-05,2.4e-05,4e-13,5e-10,1.5e-10,0.0559,30700000000.0,1340000000.0,11.53,-73.46
2.4e-05,2.4e-05,4e-13,5e-10,2e-10,0.0559,30700000000.0,1350000000.0,11.53,-73.3
2.4e-05,2.4e-05,6e-13,4e-10,1e-10,0.0559,33100000000.0,1390000000.0,11.32,-74.23
2.4e-05,2.4e-05,6e-13,4e-10,1.5e-10,0.0559,33100000000.0,1390000000.0,11.31,-74.3
2.4e-05,2.4e-05,6e-13,4e-10,2e-10,0.0559,33100000000.0,1390000000.0,11.32,-73.96
2.4e-05,2.4e-05,6e-13,3e-10,1e-10,0.0559,36900000000.0,1450000000.0,10.85,-75.38
2.4e-05,2.4e-05,6e-13,3e-10,5e-11,0.0559,36900000000.0,1450000000.0,10.85,-75.83
2.4e-05,2.4e-05,6e-13,3e-10,1.5e-10,0.0559,36900000000.0,1450000000.0,10.85,-75.35
2.4e-05,2.4e-05,6e-13,3e-10,2e-10,0.0559,36900000000.0,1450000000.0,10.85,-75.42
2.4e-05,2.4e-05,6e-13,3e-10,2.5e-10,0.0559,36900000000.0,1450000000.0,10.85,-75.39
2.4e-05,2.4e-05,6e-13,3.5e-10,1e-10,0.0559,34800000000.0,1430000000.0,11.13,-74.7
2.4e-05,2.4e-05,6e-13,3.5e-10,5e-11,0.0559,34800000000.0,1410000000.0,11.14,-74.81
2.4e-05,2.4e-05,6e-13,3.5e-10,1.5e-10,0.0559,34800000000.0,1410000000.0,11.14,-74.76
2.4e-05,2.4e-05,6e-13,3.5e-10,2e-10,0.0559,34800000000.0,1420000000.0,11.13,-75.4
2.4e-05,2.4e-05,6e-13,3.5e-10,2.5e-10,0.0559,34800000000.0,1430000000.0,11.13,-74.9
2.4e-05,2.4e-05,6e-13,4.5e-10,1e-10,0.0559,31800000000.0,1370000000.0,11.44,-73.87
2.4e-05,2.4e-05,6e-13,4.5e-10,5e-11,0.0559,31800000000.0,1360000000.0,11.44,-73.98
2.4e-05,2.4e-05,6e-13,4.5e-10,1.5e-10,0.0559,31800000000.0,1370000000.0,11.44,-73.84
2.4e-05,2.4e-05,6e-13,4.5e-10,2e-10,0.0559,31800000000.0,1360000000.0,11.44,-73.8
2.4e-05,2.4e-05,6e-13,4.5e-10,2.5e-10,0.0559,31800000000.0,1360000000.0,11.44,-74.0
2.4e-05,2.4e-05,6e-13,5e-10,1e-10,0.0559,30700000000.0,1340000000.0,11.53,-73.38
2.4e-05,2.4e-05,6e-13,5e-10,1.5e-10,0.0559,30700000000.0,1360000000.0,11.53,-73.38
2.4e-05,2.4e-05,7e-13,4e-10,1e-10,0.0559,33100000000.0,1380000000.0,11.32,-74.25
2.4e-05,2.4e-05,7e-13,4e-10,1.5e-10,0.0559,33100000000.0,1390000000.0,11.31,-74.18
2.4e-05,2.4e-05,7e-13,4e-10,2e-10,0.0559,33100000000.0,1380000000.0,11.31,-74.27
2.4e-05,2.4e-05,7e-13,4e-10,2.5e-10,0.0559,33100000000.0,1390000000.0,11.31,-74.34
2.4e-05,2.4e-05,7e-13,3e-10,5e-11,0.0559,36900000000.0,1450000000.0,10.86,-75.41
2.4e-05,2.4e-05,7e-13,3e-10,1.5e-10,0.0559,36900000000.0,1450000000.0,10.85,-75.96
2.4e-05,2.4e-05,7e-13,3e-10,2e-10,0.0559,36900000000.0,1460000000.0,10.85,-75.46
2.4e-05,2.4e-05,7e-13,3e-10,2.5e-10,0.0559,36900000000.0,1450000000.0,10.85,-75.32
2.4e-05,2.4e-05,7e-13,3.5e-10,1e-10,0.0559,34800000000.0,1420000000.0,11.14,-74.77
2.4e-05,2.4e-05,7e-13,3.5e-10,5e-11,0.0559,34800000000.0,1410000000.0,11.13,-75.24
2.4e-05,2.4e-05,7e-13,3.5e-10,1.5e-10,0.0559,34800000000.0,1420000000.0,11.13,-74.73
2.4e-05,2.4e-05,7e-13,3.5e-10,2.5e-10,0.0559,34800000000.0,1420000000.0,11.13,-74.8
2.4e-05,2.4e-05,7e-13,4.5e-10,1e-10,0.0559,31800000000.0,1370000000.0,11.44,-73.85
2.4e-05,2.4e-05,7e-13,4.5e-10,5e-11,0.0559,31800000000.0,1360000000.0,11.44,-74.3
2.4e-05,2.4e-05,7e-13,4.5e-10,1.5e-10,0.0559,31800000000.0,1370000000.0,11.44,-73.55
2.4e-05,2.4e-05,7e-13,4.5e-10,2.5e-10,0.0559,31800000000.0,1360000000.0,11.44,-73.75
2.4e-05,2.5e-05,5e-13,4e-10,1e-10,0.0559,33100000000.0,1270000000.0,11.25,-74.92
2.4e-05,2.5e-05,5e-13,4e-10,5e-11,0.0559,33100000000.0,1260000000.0,11.25,-74.31
2.4e-05,2.5e-05,5e-13,4e-10,1.5e-10,0.0559,33100000000.0,1260000000.0,11.25,-74.08
2.4e-05,2.5e-05,5e-13,4e-10,2e-10,0.0559,33100000000.0,1260000000.0,11.25,-74.05
2.4e-05,2.5e-05,5e-13,4e-10,2.5e-10,0.0559,33100000000.0,1260000000.0,11.25,-74.34
2.4e-05,2.5e-05,5e-13,3e-10,1e-10,0.0559,36900000000.0,1300000000.0,10.76,-75.29
2.4e-05,2.5e-05,5e-13,3e-10,5e-11,0.0559,36900000000.0,1300000000.0,10.76,-75.24
2.4e-05,2.5e-05,5e-13,3e-10,1.5e-10,0.0559,36900000000.0,1300000000.0,10.76,-75.17
2.4e-05,2.5e-05,5e-13,3e-10,2.5e-10,0.0559,36900000000.0,1300000000.0,10.77,-75.54
2.4e-05,2.5e-05,5e-13,3.5e-10,1e-10,0.0559,34800000000.0,1280000000.0,11.06,-74.17
2.4e-05,2.5e-05,5e-13,3.5e-10,5e-11,0.0559,34800000000.0,1280000000.0,11.06,-74.59
2.4e-05,2.5e-05,5e-13,3.5e-10,2e-10,0.0559,34800000000.0,1290000000.0,11.06,-74.64
2.4e-05,2.5e-05,5e-13,3.5e-10,2.5e-10,0.0559,34800000000.0,1280000000.0,11.06,-74.73
2.4e-05,2.5e-05,5e-13,4.5e-10,1e-10,0.0559,31800000000.0,1250000000.0,11.38,-73.76
2.4e-05,2.5e-05,5e-13,4.5e-10,1.5e-10,0.0559,31800000000.0,1260000000.0,11.38,-73.71
2.4e-05,2.5e-05,5e-13,4.5e-10,2e-10,0.0559,31800000000.0,1250000000.0,11.38,-73.69
2.4e-05,2.5e-05,5e-13,4.5e-10,2.5e-10,0.0559,31800000000.0,1250000000.0,11.38,-73.82
2.4e-05,2.5e-05,5e-13,5e-10,1e-10,0.0559,30700000000.0,1250000000.0,11.47,-73.44
2.4e-05,2.5e-05,5e-13,5e-10,5e-11,0.0559,30700000000.0,1250000000.0,11.47,-73.54
2.4e-05,2.5e-05,5e-13,5e-10,1.5e-10,0.0559,30700000000.0,1250000000.0,11.47,-73.41
2.4e-05,2.5e-05,5e-13,5e-10,2e-10,0.0559,30700000000.0,1240000000.0,11.47,-73.38
2.4e-05,2.5e-05,5e-13,5e-10,2.5e-10,0.0559,30700000000.0,1250000000.0,11.47,-73.4
2.4e-05,2.5e-05,3e-13,4e-10,1e-10,0.0559,33100000000.0,1270000000.0,11.25,-73.99
2.4e-05,2.5e-05,3e-13,4e-10,5e-11,0.0559,33100000000.0,1270000000.0,11.24,-74.08
2.4e-05,2.5e-05,3e-13,4e-10,1.5e-10,0.0559,33100000000.0,1270000000.0,11.25,-73.89
2.4e-05,2.5e-05,3e-13,4e-10,2.5e-10,0.0559,33100000000.0,1260000000.0,11.25,-74.32
2.4e-05,2.5e-05,3e-13,3e-10,1e-10,0.0559,36900000000.0,1310000000.0,10.76,-75.05
2.4e-05,2.5e-05,3e-13,3e-10,5e-11,0.0559,36900000000.0,1310000000.0,10.76,-75.3
2.4e-05,2.5e-05,3e-13,3e-10,1.5e-10,0.0559,36900000000.0,1300000000.0,10.76,-75.46
2.4e-05,2.5e-05,3e-13,3e-10,2e-10,0.0559,36900000000.0,1300000000.0,10.76,-75.23
2.4e-05,2.5e-05,3e-13,3e-10,2.5e-10,0.0559,36900000000.0,1300000000.0,10.76,-75.26
2.4e-05,2.5e-05,3e-13,3.5e-10,1e-10,0.0559,34800000000.0,1280000000.0,11.06,-74.41
2.4e-05,2.5e-05,3e-13,3.5e-10,5e-11,0.0559,34800000000.0,1280000000.0,11.06,-74.64
2.4e-05,2.5e-05,3e-13,3.5e-10,1.5e-10,0.0559,34800000000.0,1280000000.0,11.06,-74.6
2.4e-05,2.5e-05,3e-13,3.5e-10,2.5e-10,0.0559,34800000000.0,1290000000.0,11.06,-74.6
2.4e-05,2.5e-05,3e-13,4.5e-10,1e-10,0.0559,31800000000.0,1250000000.0,11.37,-73.72
2.4e-05,2.5e-05,3e-13,4.5e-10,5e-11,0.0559,31800000000.0,1250000000.0,11.38,-73.87
2.4e-05,2.5e-05,3e-13,4.5e-10,1.5e-10,0.0559,31800000000.0,1260000000.0,11.38,-73.72
2.4e-05,2.5e-05,3e-13,4.5e-10,2e-10,0.0559,31800000000.0,1250000000.0,11.38,-73.66
2.4e-05,2.5e-05,3e-13,4.5e-10,2.5e-10,0.0559,31800000000.0,1250000000.0,11.37,-73.76
2.4e-05,2.5e-05,3e-13,5e-10,1e-10,0.0559,30700000000.0,1240000000.0,11.47,-73.42
2.4e-05,2.5e-05,3e-13,5e-10,1.5e-10,0.0559,30700000000.0,1250000000.0,11.47,-73.23
2.4e-05,2.5e-05,3e-13,5e-10,2e-10,0.0559,30700000000.0,1240000000.0,11.47,-73.36
2.4e-05,2.5e-05,3e-13,5e-10,2.5e-10,0.0559,30700000000.0,1240000000.0,11.47,-73.29
2.4e-05,2.5e-05,4e-13,4e-10,1e-10,0.0559,33100000000.0,1260000000.0,11.25,-74.09
2.4e-05,2.5e-05,4e-13,4e-10,5e-11,0.0559,33100000000.0,1270000000.0,11.25,-74.11
2.4e-05,2.5e-05,4e-13,4e-10,1.5e-10,0.0559,33100000000.0,1270000000.0,11.25,-73.86
2.4e-05,2.5e-05,4e-13,4e-10,2e-10,0.0559,33100000000.0,1270000000.0,11.24,-74.09
2.4e-05,2.5e-05,4e-13,3e-10,2.5e-10,0.0559,36900000000.0,1300000000.0,10.76,-75.16
2.4e-05,2.5e-05,4e-13,3.5e-10,1e-10,0.0559,34800000000.0,1290000000.0,11.06,-74.65
2.4e-05,2.5e-05,4e-13,3.5e-10,5e-11,0.0559,34800000000.0,1280000000.0,11.06,-74.61
2.4e-05,2.5e-05,4e-13,3.5e-10,1.5e-10,0.0559,34800000000.0,1290000000.0,11.06,-74.58
2.4e-05,2.5e-05,4e-13,3.5e-10,2.5e-10,0.0559,34800000000.0,1290000000.0,11.06,-74.3
2.4e-05,2.5e-05,4e-13,4.5e-10,1e-10,0.0559,31800000000.0,1250000000.0,11.38,-73.85
2.4e-05,2.5e-05,4e-13,4.5e-10,5e-11,0.0559,31800000000.0,1240000000.0,11.38,-74.43
2.4e-05,2.5e-05,4e-13,4.5e-10,1.5e-10,0.0559,31800000000.0,1250000000.0,11.38,-73.92
2.4e-05,2.5e-05,4e-13,4.5e-10,2.5e-10,0.0559,31800000000.0,1260000000.0,11.38,-73.8
2.4e-05,2.5e-05,4e-13,5e-10,1e-10,0.0559,30700000000.0,1250000000.0,11.47,-73.39
2.4e-05,2.5e-05,4e-13,5e-10,5e-11,0.0559,30700000000.0,1240000000.0,11.47,-73.49
2.4e-05,2.5e-05,4e-13,5e-10,1.5e-10,0.0559,30700000000.0,1250000000.0,11.47,-73.38
2.4e-05,2.5e-05,6e-13,4e-10,5e-11,0.0559,33100000000.0,1260000000.0,11.25,-74.07
2.4e-05,2.5e-05,6e-13,4e-10,1.5e-10,0.0559,33100000000.0,1260000000.0,11.24,-74.63
2.4e-05,2.5e-05,6e-13,4e-10,2.5e-10,0.0559,33100000000.0,1260000000.0,11.24,-74.24
2.4e-05,2.5e-05,6e-13,3e-10,2.5e-10,0.0559,36900000000.0,1300000000.0,10.76,-75.22
2.4e-05,2.5e-05,6e-13,3.5e-10,1e-10,0.0559,34800000000.0,1280000000.0,11.06,-74.04
2.4e-05,2.5e-05,6e-13,3.5e-10,5e-11,0.0559,34800000000.0,1280000000.0,11.06,-74.68
2.4e-05,2.5e-05,6e-13,3.5e-10,2e-10,0.0559,34800000000.0,1280000000.0,11.06,-74.18
2.4e-05,2.5e-05,6e-13,3.5e-10,2.5e-10,0.0559,34800000000.0,1290000000.0,11.06,-74.7
2.4e-05,2.5e-05,6e-13,4.5e-10,1e-10,0.0559,31800000000.0,1260000000.0,11.38,-73.73
2.4e-05,2.5e-05,6e-13,4.5e-10,5e-11,0.0559,31800000000.0,1250000000.0,11.38,-73.74
2.4e-05,2.5e-05,6e-13,4.5e-10,1.5e-10,0.0559,31800000000.0,1260000000.0,11.38,-73.68
2.4e-05,2.5e-05,6e-13,4.5e-10,2e-10,0.0559,31800000000.0,1260000000.0,11.38,-73.78
2.4e-05,2.5e-05,6e-13,4.5e-10,2.5e-10,0.0559,31800000000.0,1260000000.0,11.38,-73.76
2.4e-05,2.5e-05,6e-13,5e-10,1.5e-10,0.0559,30700000000.0,1250000000.0,11.47,-73.3
2.4e-05,2.5e-05,6e-13,5e-10,2.5e-10,0.0559,30700000000.0,1240000000.0,11.47,-73.41
2.4e-05,2.5e-05,7e-13,4e-10,1e-10,0.0559,33100000000.0,1270000000.0,11.25,-74.2
2.4e-05,2.5e-05,7e-13,4e-10,5e-11,0.0559,33100000000.0,1270000000.0,11.25,-74.29
2.4e-05,2.5e-05,7e-13,4e-10,1.5e-10,0.0559,33100000000.0,1260000000.0,11.25,-74.15
2.4e-05,2.5e-05,7e-13,4e-10,2e-10,0.0559,33100000000.0,1270000000.0,11.25,-74.13
2.4e-05,2.5e-05,7e-13,4e-10,2.5e-10,0.0559,33100000000.0,1260000000.0,11.25,-74.33
2.4e-05,2.5e-05,7e-13,3e-10,5e-11,0.0559,36900000000.0,1290000000.0,10.77,-75.28
2.4e-05,2.5e-05,7e-13,3e-10,2.5e-10,0.0559,36900000000.0,1300000000.0,10.76,-75.11
2.4e-05,2.5e-05,7e-13,3.5e-10,1e-10,0.0559,34800000000.0,1290000000.0,11.06,-74.56
2.4e-05,2.5e-05,7e-13,3.5e-10,5e-11,0.0559,34800000000.0,1280000000.0,11.06,-74.4
2.4e-05,2.5e-05,7e-13,3.5e-10,1.5e-10,0.0559,34800000000.0,1290000000.0,11.06,-75.28
2.4e-05,2.5e-05,7e-13,3.5e-10,2e-10,0.0559,34800000000.0,1280000000.0,11.06,-74.81
2.4e-05,2.5e-05,7e-13,4.5e-10,1e-10,0.0559,31800000000.0,1250000000.0,11.38,-73.61
2.4e-05,2.5e-05,7e-13,4.5e-10,2e-10,0.0559,31800000000.0,1260000000.0,11.38,-73.67
2.4e-05,2.5e-05,7e-13,5e-10,5e-11,0.0559,30700000000.0,1240000000.0,11.47,-73.44
2.4e-05,2.5e-05,7e-13,5e-10,1.5e-10,0.0559,30700000000.0,1250000000.0,11.47,-73.35
2.4e-05,2.5e-05,7e-13,5e-10,2e-10,0.0559,30700000000.0,1240000000.0,11.47,-73.43
2.4e-05,2.5e-05,7e-13,5e-10,2.5e-10,0.0559,30700000000.0,1240000000.0,11.47,-73.57
2.5e-05,5e-06,5e-13,4e-10,1e-10,0.0582,35500000000.0,1000000000.0,12.01,-76.61
2.5e-05,5e-06,5e-13,4e-10,5e-11,0.0582,35500000000.0,997000000.0,12.01,-76.99
2.5e-05,5e-06,5e-13,4e-10,1.5e-10,0.0582,35500000000.0,997000000.0,12.01,-76.68
2.5e-05,5e-06,5e-13,4e-10,2e-10,0.0582,35500000000.0,996000000.0,12.01,-76.83
2.5e-05,5e-06,5e-13,3e-10,1e-10,0.0582,39500000000.0,1150000000.0,11.47,-78.72
2.5e-05,5e-06,5e-13,3e-10,5e-11,0.0582,39500000000.0,1150000000.0,11.47,-78.76
2.5e-05,5e-06,5e-13,3e-10,1.5e-10,0.0582,39500000000.0,1150000000.0,11.48,-78.35
2.5e-05,5e-06,5e-13,3e-10,2e-10,0.0582,39500000000.0,1150000000.0,11.47,-78.59
2.5e-05,5e-06,5e-13,3e-10,2.5e-10,0.0582,39500000000.0,1150000000.0,11.47,-78.74
2.5e-05,5e-06,5e-13,3.5e-10,1e-10,0.0582,37300000000.0,1060000000.0,11.81,-77.71
2.5e-05,5e-06,5e-13,3.5e-10,5e-11,0.0582,37300000000.0,1060000000.0,11.81,-77.64
2.5e-05,5e-06,5e-13,3.5e-10,1.5e-10,0.0582,37300000000.0,1060000000.0,11.8,-77.32
2.5e-05,5e-06,5e-13,3.5e-10,2e-10,0.0582,37300000000.0,1060000000.0,11.8,-77.41
2.5e-05,5e-06,5e-13,3.5e-10,2.5e-10,0.0582,37300000000.0,1060000000.0,11.81,-77.69
2.5e-05,5e-06,5e-13,4.5e-10,1e-10,0.0582,34100000000.0,955000000.0,12.14,-76.08
2.5e-05,5e-06,5e-13,4.5e-10,5e-11,0.0582,34100000000.0,952000000.0,12.14,-76.2
2.5e-05,5e-06,5e-13,4.5e-10,1.5e-10,0.0582,34100000000.0,950000000.0,12.14,-76.11
2.5e-05,5e-06,5e-13,4.5e-10,2.5e-10,0.0582,34100000000.0,958000000.0,12.14,-76.09
2.5e-05,5e-06,5e-13,5e-10,1e-10,0.0582,32900000000.0,918000000.0,12.22,-75.82
2.5e-05,5e-06,5e-13,5e-10,5e-11,0.0582,32900000000.0,920000000.0,12.22,-75.37
2.5e-05,5e-06,5e-13,5e-10,1.5e-10,0.0582,32900000000.0,926000000.0,12.22,-75.72
2.5e-05,5e-06,5e-13,5e-10,2e-10,0.0582,32900000000.0,926000000.0,12.23,-75.55
2.5e-05,5e-06,5e-13,5e-10,2.5e-10,0.0582,32900000000.0,919000000.0,12.22,-75.52
2.5e-05,5e-06,3e-13,4e-10,1e-10,0.0582,35500000000.0,998000000.0,12.01,-77.19
2.5e-05,5e-06,3e-13,4e-10,5e-11,0.0582,35500000000.0,998000000.0,12.01,-76.64
2.5e-05,5e-06,3e-13,4e-10,1.5e-10,0.0582,35500000000.0,999000000.0,12.01,-76.82
2.5e-05,5e-06,3e-13,4e-10,2e-10,0.0582,35500000000.0,999000000.0,12.01,-76.58
2.5e-05,5e-06,3e-13,3e-10,1e-10,0.0582,39500000000.0,1150000000.0,11.47,-78.57
2.5e-05,5e-06,3e-13,3e-10,5e-11,0.0582,39500000000.0,1150000000.0,11.47,-78.79
2.5e-05,5e-06,3e-13,3e-10,1.5e-10,0.0582,39500000000.0,1150000000.0,11.47,-78.25
2.5e-05,5e-06,3e-13,3e-10,2e-10,0.0582,39500000000.0,1150000000.0,11.48,-78.5
2.5e-05,5e-06,3e-13,3e-10,2.5e-10,0.0582,39500000000.0,1150000000.0,11.47,-78.7
2.5e-05,5e-06,3e-13,3.5e-10,1e-10,0.0582,37300000000.0,1060000000.0,11.8,-77.44
2.5e-05,5e-06,3e-13,3.5e-10,5e-11,0.0582,37300000000.0,1060000000.0,11.8,-77.61
2.5e-05,5e-06,3e-13,3.5e-10,1.5e-10,0.0582,37300000000.0,1060000000.0,11.81,-77.76
2.5e-05,5e-06,3e-13,3.5e-10,2e-10,0.0582,37300000000.0,1060000000.0,11.8,-77.39
2.5e-05,5e-06,3e-13,3.5e-10,2.5e-10,0.0582,37300000000.0,1060000000.0,11.8,-77.55
2.5e-05,5e-06,3e-13,4.5e-10,1e-10,0.0582,34100000000.0,954000000.0,12.14,-75.99
2.5e-05,5e-06,3e-13,4.5e-10,5e-11,0.0582,34100000000.0,959000000.0,12.14,-75.79
2.5e-05,5e-06,3e-13,4.5e-10,1.5e-10,0.0582,34100000000.0,955000000.0,12.14,-75.98
2.5e-05,5e-06,3e-13,4.5e-10,2e-10,0.0582,34100000000.0,956000000.0,12.14,-76.19
2.5e-05,5e-06,3e-13,4.5e-10,2.5e-10,0.0582,34100000000.0,955000000.0,12.14,-75.36
2.5e-05,5e-06,3e-13,5e-10,1e-10,0.0582,32900000000.0,918000000.0,12.22,-75.55
2.5e-05,5e-06,3e-13,5e-10,5e-11,0.0582,32900000000.0,929000000.0,12.22,-75.48
2.5e-05,5e-06,3e-13,5e-10,2e-10,0.0582,32900000000.0,920000000.0,12.22,-75.62
2.5e-05,5e-06,3e-13,5e-10,2.5e-10,0.0582,32900000000.0,922000000.0,12.22,-75.38
2.5e-05,5e-06,4e-13,4e-10,1e-10,0.0582,35500000000.0,1000000000.0,12.01,-76.65
2.5e-05,5e-06,4e-13,4e-10,5e-11,0.0582,35500000000.0,997000000.0,12.01,-76.73
2.5e-05,5e-06,4e-13,4e-10,1.5e-10,0.0582,35500000000.0,1000000000.0,12.01,-76.84
2.5e-05,5e-06,4e-13,4e-10,2e-10,0.0582,35500000000.0,998000000.0,12.01,-76.76
2.5e-05,5e-06,4e-13,4e-10,2.5e-10,0.0582,35500000000.0,996000000.0,12.01,-76.89
2.5e-05,5e-06,4e-13,3e-10,1e-10,0.0582,39500000000.0,1150000000.0,11.47,-78.78
2.5e-05,5e-06,4e-13,3e-10,5e-11,0.0582,39500000000.0,1150000000.0,11.47,-78.26
2.5e-05,5e-06,4e-13,3e-10,1.5e-10,0.0582,39500000000.0,1150000000.0,11.47,-78.66
2.5e-05,5e-06,4e-13,3e-10,2e-10,0.0582,39500000000.0,1150000000.0,11.47,-79.71
2.5e-05,5e-06,4e-13,3e-10,2.5e-10,0.0582,39500000000.0,1150000000.0,11.47,-78.69
2.5e-05,5e-06,4e-13,3.5e-10,1e-10,0.0582,37300000000.0,1060000000.0,11.81,-77.53
2.5e-05,5e-06,4e-13,3.5e-10,1.5e-10,0.0582,37300000000.0,1060000000.0,11.8,-77.18
2.5e-05,5e-06,4e-13,3.5e-10,2e-10,0.0582,37300000000.0,1060000000.0,11.81,-77.58
2.5e-05,5e-06,4e-13,3.5e-10,2.5e-10,0.0582,37300000000.0,1060000000.0,11.8,-77.6
2.5e-05,5e-06,4e-13,4.5e-10,1e-10,0.0582,34100000000.0,959000000.0,12.14,-76.04
2.5e-05,5e-06,4e-13,4.5e-10,5e-11,0.0582,34100000000.0,954000000.0,12.14,-75.55
2.5e-05,5e-06,4e-13,4.5e-10,1.5e-10,0.0582,34100000000.0,951000000.0,12.14,-76.05
2.5e-05,5e-06,4e-13,4.5e-10,2e-10,0.0582,34100000000.0,954000000.0,12.14,-75.93
2.5e-05,5e-06,4e-13,4.5e-10,2.5e-10,0.0582,34100000000.0,955000000.0,12.14,-76.45
2.5e-05,5e-06,4e-13,5e-10,1e-10,0.0582,32900000000.0,927000000.0,12.22,-75.42
2.5e-05,5e-06,4e-13,5e-10,1.5e-10,0.0582,32900000000.0,922000000.0,12.22,-75.44
2.5e-05,5e-06,4e-13,5e-10,2e-10,0.0582,32900000000.0,921000000.0,12.22,-74.93
2.5e-05,5e-06,6e-13,4e-10,1e-10,0.0582,35500000000.0,1000000000.0,12.01,-76.8
2.5e-05,5e-06,6e-13,4e-10,5e-11,0.0582,35500000000.0,997000000.0,12.01,-76.61
2.5e-05,5e-06,6e-13,4e-10,1.5e-10,0.0582,35500000000.0,996000000.0,12.01,-76.85
2.5e-05,5e-06,6e-13,4e-10,2e-10,0.0582,35500000000.0,998000000.0,12.01,-76.58
2.5e-05,5e-06,6e-13,4e-10,2.5e-10,0.0582,35500000000.0,1000000000.0,12.01,-76.66
2.5e-05,5e-06,6e-13,3e-10,1e-10,0.0582,39500000000.0,1150000000.0,11.48,-78.53
2.5e-05,5e-06,6e-13,3e-10,5e-11,0.0582,39500000000.0,1150000000.0,11.47,-78.28
2.5e-05,5e-06,6e-13,3e-10,1.5e-10,0.0582,39500000000.0,1150000000.0,11.47,-78.82
2.5e-05,5e-06,6e-13,3e-10,2.5e-10,0.0582,39500000000.0,1150000000.0,11.47,-78.68
2.5e-05,5e-06,6e-13,3.5e-10,1e-10,0.0582,37300000000.0,1060000000.0,11.81,-77.45
2.5e-05,5e-06,6e-13,3.5e-10,1.5e-10,0.0582,37300000000.0,1060000000.0,11.81,-77.38
2.5e-05,5e-06,6e-13,4.5e-10,1e-10,0.0582,34100000000.0,952000000.0,12.14,-75.99
2.5e-05,5e-06,6e-13,4.5e-10,2e-10,0.0582,34100000000.0,956000000.0,12.14,-75.96
2.5e-05,5e-06,6e-13,4.5e-10,2.5e-10,0.0582,34100000000.0,951000000.0,12.14,-75.99
2.5e-05,5e-06,6e-13,5e-10,1e-10,0.0582,32900000000.0,923000000.0,12.22,-74.91
2.5e-05,5e-06,6e-13,5e-10,1.5e-10,0.0582,32900000000.0,921000000.0,12.22,-74.92
2.5e-05,5e-06,6e-13,5e-10,2e-10,0.0582,32900000000.0,917000000.0,12.22,-75.6
2.5e-05,5e-06,7e-13,4e-10,5e-11,0.0582,35500000000.0,1000000000.0,12.01,-76.67
2.5e-05,5e-06,7e-13,4e-10,1.5e-10,0.0582,35500000000.0,997000000.0,12.01,-76.88
2.5e-05,5e-06,7e-13,4e-10,2e-10,0.0582,35500000000.0,996000000.0,12.01,-76.88
2.5e-05,5e-06,7e-13,4e-10,2.5e-10,0.0582,35500000000.0,1000000000.0,12.01,-76.54
2.5e-05,5e-06,7e-13,3e-10,1e-10,0.0582,39500000000.0,1150000000.0,11.48,-78.13
2.5e-05,5e-06,7e-13,3e-10,5e-11,0.0582,39500000000.0,1150000000.0,11.47,-78.52
2.5e-05,5e-06,7e-13,3e-10,1.5e-10,0.0582,39500000000.0,1150000000.0,11.47,-78.55
2.5e-05,5e-06,7e-13,3e-10,2e-10,0.0582,39500000000.0,1150000000.0,11.47,-76.51
2.5e-05,5e-06,7e-13,3e-10,2.5e-10,0.0582,39500000000.0,1150000000.0,11.47,-79.69
2.5e-05,5e-06,7e-13,3.5e-10,1e-10,0.0582,37300000000.0,1060000000.0,11.81,-77.62
2.5e-05,5e-06,7e-13,3.5e-10,5e-11,0.0582,37300000000.0,1060000000.0,11.8,-77.75
2.5e-05,5e-06,7e-13,3.5e-10,1.5e-10,0.0582,37300000000.0,1060000000.0,11.8,-77.7
2.5e-05,5e-06,7e-13,3.5e-10,2.5e-10,0.0582,37300000000.0,1060000000.0,11.8,-77.54
2.5e-05,5e-06,7e-13,4.5e-10,1e-10,0.0582,34100000000.0,955000000.0,12.14,-76.03
2.5e-05,5e-06,7e-13,4.5e-10,5e-11,0.0582,34100000000.0,952000000.0,12.14,-76.18
2.5e-05,5e-06,7e-13,4.5e-10,1.5e-10,0.0582,34100000000.0,957000000.0,12.14,-75.82
2.5e-05,5e-06,7e-13,4.5e-10,2.5e-10,0.0582,34100000000.0,957000000.0,12.14,-75.96
2.5e-05,5e-06,7e-13,5e-10,1e-10,0.0582,32900000000.0,918000000.0,12.22,-75.61
2.5e-05,5e-06,7e-13,5e-10,1.5e-10,0.0582,32900000000.0,926000000.0,12.22,-75.55
2.5e-05,5e-06,7e-13,5e-10,2e-10,0.0582,32900000000.0,928000000.0,12.22,-73.29
2.5e-05,5e-06,7e-13,5e-10,2.5e-10,0.0582,32900000000.0,921000000.0,12.22,-75.46
2.5e-05,6e-06,5e-13,4e-10,1e-10,0.0582,35200000000.0,1150000000.0,12.01,-76.29
2.5e-05,6e-06,5e-13,4e-10,5e-11,0.0582,35200000000.0,1150000000.0,12.01,-76.66
2.5e-05,6e-06,5e-13,4e-10,1.5e-10,0.0582,35200000000.0,1150000000.0,12.01,-76.48
2.5e-05,6e-06,5e-13,4e-10,2e-10,0.0582,35200000000.0,1140000000.0,12.01,-76.83
2.5e-05,6e-06,5e-13,4e-10,2.5e-10,0.0582,35200000000.0,1140000000.0,12.02,-76.95
2.5e-05,6e-06,5e-13,3e-10,1e-10,0.0582,39200000000.0,1310000000.0,11.51,-78.58
2.5e-05,6e-06,5e-13,3e-10,5e-11,0.0582,39200000000.0,1310000000.0,11.51,-78.45
2.5e-05,6e-06,5e-13,3e-10,1.5e-10,0.0582,39200000000.0,1310000000.0,11.51,-78.4
2.5e-05,6e-06,5e-13,3e-10,2e-10,0.0582,39200000000.0,1310000000.0,11.51,-78.48
2.5e-05,6e-06,5e-13,3e-10,2.5e-10,0.0582,39200000000.0,1310000000.0,11.51,-78.55
2.5e-05,6e-06,5e-13,3.5e-10,1e-10,0.0582,37000000000.0,1210000000.0,11.82,-77.67
2.5e-05,6e-06,5e-13,3.5e-10,5e-11,0.0582,37000000000.0,1210000000.0,11.82,-77.92
2.5e-05,6e-06,5e-13,3.5e-10,1.5e-10,0.0582,37000000000.0,1210000000.0,11.82,-77.86
2.5e-05,6e-06,5e-13,3.5e-10,2e-10,0.0582,37000000000.0,1210000000.0,11.82,-77.48
2.5e-05,6e-06,5e-13,3.5e-10,2.5e-10,0.0582,37000000000.0,1210000000.0,11.82,-77.52
2.5e-05,6e-06,5e-13,4.5e-10,1e-10,0.0582,33800000000.0,1090000000.0,12.13,-76.22
2.5e-05,6e-06,5e-13,4.5e-10,5e-11,0.0582,33800000000.0,1090000000.0,12.13,-76.08
2.5e-05,6e-06,5e-13,4.5e-10,1.5e-10,0.0582,33800000000.0,1100000000.0,12.14,-76.18
2.5e-05,6e-06,5e-13,4.5e-10,2e-10,0.0582,33800000000.0,1090000000.0,12.13,-75.97
2.5e-05,6e-06,5e-13,4.5e-10,2.5e-10,0.0582,33800000000.0,1100000000.0,12.14,-75.95
2.5e-05,6e-06,5e-13,5e-10,1e-10,0.0582,32700000000.0,1070000000.0,12.21,-75.44
2.5e-05,6e-06,5e-13,5e-10,5e-11,0.0582,32700000000.0,1070000000.0,12.21,-75.45
2.5e-05,6e-06,5e-13,5e-10,1.5e-10,0.0582,32700000000.0,1050000000.0,12.21,-74.73
2.5e-05,6e-06,5e-13,5e-10,2e-10,0.0582,32700000000.0,1050000000.0,12.21,-74.72
2.5e-05,6e-06,5e-13,5e-10,2.5e-10,0.0582,32700000000.0,1050000000.0,12.21,-75.58
2.5e-05,6e-06,3e-13,4e-10,1e-10,0.0582,35200000000.0,1150000000.0,12.01,-76.75
2.5e-05,6e-06,3e-13,4e-10,5e-11,0.0582,35200000000.0,1140000000.0,12.01,-76.72
2.5e-05,6e-06,3e-13,4e-10,2e-10,0.0582,35200000000.0,1150000000.0,12.02,-77.03
2.5e-05,6e-06,3e-13,4e-10,2.5e-10,0.0582,35200000000.0,1140000000.0,12.01,-76.78
2.5e-05,6e-06,3e-13,3e-10,1e-10,0.0582,39200000000.0,1320000000.0,11.51,-78.47
2.5e-05,6e-06,3e-13,3e-10,5e-11,0.0582,39200000000.0,1310000000.0,11.51,-78.54
2.5e-05,6e-06,3e-13,3e-10,1.5e-10,0.0582,39200000000.0,1310000000.0,11.5,-78.9
2.5e-05,6e-06,3e-13,3e-10,2e-10,0.0582,39200000000.0,1310000000.0,11.51,-78.36
2.5e-05,6e-06,3e-13,3e-10,2.5e-10,0.0582,39200000000.0,1310000000.0,11.51,-78.88
2.5e-05,6e-06,3e-13,3.5e-10,1e-10,0.0582,37000000000.0,1210000000.0,11.82,-77.34
2.5e-05,6e-06,3e-13,3.5e-10,5e-11,0.0582,37000000000.0,1210000000.0,11.82,-77.68
2.5e-05,6e-06,3e-13,3.5e-10,1.5e-10,0.0582,37000000000.0,1210000000.0,11.82,-77.44
2.5e-05,6e-06,3e-13,3.5e-10,2e-10,0.0582,37000000000.0,1210000000.0,11.82,-77.7
2.5e-05,6e-06,3e-13,3.5e-10,2.5e-10,0.0582,37000000000.0,1210000000.0,11.82,-77.42
2.5e-05,6e-06,3e-13,4.5e-10,1e-10,0.0582,33800000000.0,1100000000.0,12.13,-75.92
2.5e-05,6e-06,3e-13,4.5e-10,5e-11,0.0582,33800000000.0,1100000000.0,12.13,-75.98
2.5e-05,6e-06,3e-13,4.5e-10,1.5e-10,0.0582,33800000000.0,1100000000.0,12.13,-76.07
2.5e-05,6e-06,3e-13,4.5e-10,2.5e-10,0.0582,33800000000.0,1100000000.0,12.13,-76.03
2.5e-05,6e-06,3e-13,5e-10,1e-10,0.0582,32700000000.0,1060000000.0,12.22,-75.72
2.5e-05,6e-06,3e-13,5e-10,5e-11,0.0582,32700000000.0,1070000000.0,12.21,-74.39
2.5e-05,6e-06,3e-13,5e-10,1.5e-10,0.0582,32700000000.0,1070000000.0,12.21,-75.37
2.5e-05,6e-06,3e-13,5e-10,2e-10,0.0582,32700000000.0,1050000000.0,12.21,-75.53
2.5e-05,6e-06,3e-13,5e-10,2.5e-10,0.0582,32700000000.0,1060000000.0,12.21,-75.31
2.5e-05,6e-06,4e-13,4e-10,1e-10,0.0582,35200000000.0,1140000000.0,12.01,-76.76
2.5e-05,6e-06,4e-13,4e-10,5e-11,0.0582,35200000000.0,1140000000.0,12.01,-76.81
2.5e-05,6e-06,4e-13,4e-10,1.5e-10,0.0582,35200000000.0,1150000000.0,12.01,-76.62
2.5e-05,6e-06,4e-13,4e-10,2e-10,0.0582,35200000000.0,1150000000.0,12.02,-76.86
2.5e-05,6e-06,4e-13,4e-10,2.5e-10,0.0582,35200000000.0,1150000000.0,12.01,-76.61
2.5e-05,6e-06,4e-13,3e-10,1e-10,0.0582,39200000000.0,1310000000.0,11.5,-78.78
2.5e-05,6e-06,4e-13,3e-10,5e-11,0.0582,39200000000.0,1310000000.0,11.5,-78.76
2.5e-05,6e-06,4e-13,3e-10,1.5e-10,0.0582,39200000000.0,1310000000.0,11.5,-78.7
2.5e-05,6e-06,4e-13,3e-10,2e-10,0.0582,39200000000.0,1310000000.0,11.5,-78.73
2.5e-05,6e-06,4e-13,3e-10,2.5e-10,0.0582,39200000000.0,1310000000.0,11.5,-78.6
2.5e-05,6e-06,4e-13,3.5e-10,1e-10,0.0582,37000000000.0,1210000000.0,11.82,-77.57
2.5e-05,6e-06,4e-13,3.5e-10,5e-11,0.0582,37000000000.0,1210000000.0,11.82,-79.5
2.5e-05,6e-06,4e-13,3.5e-10,1.5e-10,0.0582,37000000000.0,1210000000.0,11.82,-77.76
2.5e-05,6e-06,4e-13,3.5e-10,2e-10,0.0582,37000000000.0,1210000000.0,11.82,-77.63
2.5e-05,6e-06,4e-13,3.5e-10,2.5e-10,0.0582,37000000000.0,1210000000.0,11.82,-77.85
2.5e-05,6e-06,4e-13,4.5e-10,1e-10,0.0582,33800000000.0,1090000000.0,12.13,-76.06
2.5e-05,6e-06,4e-13,4.5e-10,5e-11,0.0582,33800000000.0,1090000000.0,12.13,-76.47
2.5e-05,6e-06,4e-13,4.5e-10,1.5e-10,0.0582,33800000000.0,1100000000.0,12.13,-75.94
2.5e-05,6e-06,4e-13,4.5e-10,2e-10,0.0582,33800000000.0,1100000000.0,12.13,-76.28
2.5e-05,6e-06,4e-13,4.5e-10,2.5e-10,0.0582,33800000000.0,1100000000.0,12.13,-75.97
2.5e-05,6e-06,4e-13,5e-10,1e-10,0.0582,32700000000.0,1060000000.0,12.22,-75.62
2.5e-05,6e-06,4e-13,5e-10,5e-11,0.0582,32700000000.0,1070000000.0,12.21,-75.4
2.5e-05,6e-06,4e-13,5e-10,1.5e-10,0.0582,32700000000.0,1070000000.0,12.22,-75.52
2.5e-05,6e-06,4e-13,5e-10,2e-10,0.0582,32700000000.0,1060000000.0,12.22,-75.57
2.5e-05,6e-06,4e-13,5e-10,2.5e-10,0.0582,32700000000.0,1050000000.0,12.21,-75.92
2.5e-05,6e-06,6e-13,4e-10,1e-10,0.0582,35200000000.0,1150000000.0,12.01,-76.63
2.5e-05,6e-06,6e-13,4e-10,5e-11,0.0582,35200000000.0,1150000000.0,12.02,-76.67
2.5e-05,6e-06,6e-13,4e-10,2e-10,0.0582,35200000000.0,1140000000.0,12.02,-76.85
2.5e-05,6e-06,6e-13,3e-10,5e-11,0.0582,39200000000.0,1310000000.0,11.5,-78.72
2.5e-05,6e-06,6e-13,3e-10,2e-10,0.0582,39200000000.0,1310000000.0,11.51,-78.72
2.5e-05,6e-06,6e-13,3.5e-10,5e-11,0.0582,37000000000.0,1210000000.0,11.82,-77.66
2.5e-05,6e-06,6e-13,3.5e-10,1.5e-10,0.0582,37000000000.0,1210000000.0,11.82,-78.14
2.5e-05,6e-06,6e-13,3.5e-10,2e-10,0.0582,37000000000.0,1210000000.0,11.82,-77.43
2.5e-05,6e-06,6e-13,3.5e-10,2.5e-10,0.0582,37000000000.0,1210000000.0,11.82,-77.51
2.5e-05,6e-06,6e-13,4.5e-10,1e-10,0.0582,33800000000.0,1090000000.0,12.14,-76.18
2.5e-05,6e-06,6e-13,4.5e-10,5e-11,0.0582,33800000000.0,1090000000.0,12.13,-75.88
2.5e-05,6e-06,6e-13,4.5e-10,1.5e-10,0.0582,33800000000.0,1090000000.0,12.14,-76.19
2.5e-05,6e-06,6e-13,4.5e-10,2e-10,0.0582,33800000000.0,1100000000.0,12.13,-75.95
2.5e-05,6e-06,6e-13,4.5e-10,2.5e-10,0.0582,33800000000.0,1090000000.0,12.13,-76.07
2.5e-05,6e-06,6e-13,5e-10,1.5e-10,0.0582,32700000000.0,1070000000.0,12.21,-75.36
2.5e-05,6e-06,6e-13,5e-10,2e-10,0.0582,32700000000.0,1050000000.0,12.21,-75.51
2.5e-05,6e-06,6e-13,5e-10,2.5e-10,0.0582,32700000000.0,1060000000.0,12.22,-75.53
2.5e-05,6e-06,7e-13,4e-10,1e-10,0.0582,35200000000.0,1140000000.0,12.01,-76.82
2.5e-05,6e-06,7e-13,4e-10,5e-11,0.0582,35200000000.0,1140000000.0,12.02,-76.8
2.5e-05,6e-06,7e-13,4e-10,1.5e-10,0.0582,35200000000.0,1140000000.0,12.01,-76.85
2.5e-05,6e-06,7e-13,4e-10,2e-10,0.0582,35200000000.0,1150000000.0,12.01,-76.26
2.5e-05,6e-06,7e-13,4e-10,2.5e-10,0.0582,35200000000.0,1150000000.0,12.02,-76.76
2.5e-05,6e-06,7e-13,3e-10,1e-10,0.0582,39200000000.0,1310000000.0,11.51,-78.56
2.5e-05,6e-06,7e-13,3e-10,5e-11,0.0582,39200000000.0,1310000000.0,11.5,-78.71
2.5e-05,6e-06,7e-13,3e-10,1.5e-10,0.0582,39200000000.0,1310000000.0,11.5,-79.0
2.5e-05,6e-06,7e-13,3.5e-10,1e-10,0.0582,37000000000.0,1210000000.0,11.82,-77.5
2.5e-05,6e-06,7e-13,4.5e-10,2e-10,0.0582,33800000000.0,1090000000.0,12.13,-75.81
2.5e-05,6e-06,7e-13,4.5e-10,2.5e-10,0.0582,33800000000.0,1090000000.0,12.14,-76.17
2.5e-05,6e-06,7e-13,5e-10,5e-11,0.0582,32700000000.0,1050000000.0,12.21,-75.45
2.5e-05,6e-06,7e-13,5e-10,2e-10,0.0582,32700000000.0,1050000000.0,12.21,-75.55
2.5e-05,6e-06,7e-13,5e-10,2.5e-10,0.0582,32700000000.0,1050000000.0,12.21,-75.32
2.5e-05,7e-06,5e-13,4e-10,1e-10,0.0582,34900000000.0,1280000000.0,12.01,-76.75
2.5e-05,7e-06,5e-13,4e-10,5e-11,0.0582,34900000000.0,1280000000.0,12.01,-76.59
2.5e-05,7e-06,5e-13,4e-10,1.5e-10,0.0582,34900000000.0,1280000000.0,12.01,-76.54
2.5e-05,7e-06,5e-13,4e-10,2.5e-10,0.0582,34900000000.0,1270000000.0,12.01,-76.62
2.5e-05,7e-06,5e-13,3e-10,1e-10,0.0582,38900000000.0,1450000000.0,11.53,-78.16
2.5e-05,7e-06,5e-13,3e-10,1.5e-10,0.0582,38900000000.0,1460000000.0,11.53,-78.67
2.5e-05,7e-06,5e-13,3e-10,2.5e-10,0.0582,38900000000.0,1460000000.0,11.53,-78.63
2.5e-05,7e-06,5e-13,3.5e-10,1e-10,0.0582,36700000000.0,1340000000.0,11.83,-77.69
2.5e-05,7e-06,5e-13,3.5e-10,5e-11,0.0582,36700000000.0,1350000000.0,11.83,-77.37
2.5e-05,7e-06,5e-13,3.5e-10,1.5e-10,0.0582,36700000000.0,1350000000.0,11.83,-77.53
2.5e-05,7e-06,5e-13,3.5e-10,2e-10,0.0582,36700000000.0,1340000000.0,11.83,-77.5
2.5e-05,7e-06,5e-13,3.5e-10,2.5e-10,0.0582,36700000000.0,1350000000.0,11.83,-77.46
2.5e-05,7e-06,5e-13,4.5e-10,1e-10,0.0582,33600000000.0,1230000000.0,12.12,-75.95
2.5e-05,7e-06,5e-13,4.5e-10,5e-11,0.0582,33600000000.0,1220000000.0,12.12,-75.91
2.5e-05,7e-06,5e-13,4.5e-10,1.5e-10,0.0582,33600000000.0,1220000000.0,12.13,-76.14
2.5e-05,7e-06,5e-13,4.5e-10,2e-10,0.0582,33600000000.0,1220000000.0,12.13,-76.15
2.5e-05,7e-06,5e-13,4.5e-10,2.5e-10,0.0582,33600000000.0,1220000000.0,12.13,-76.31
2.5e-05,7e-06,5e-13,5e-10,1e-10,0.0582,32400000000.0,1170000000.0,12.2,-75.42
2.5e-05,7e-06,5e-13,5e-10,5e-11,0.0582,32400000000.0,1180000000.0,12.2,-74.87
2.5e-05,7e-06,5e-13,5e-10,1.5e-10,0.0582,32400000000.0,1190000000.0,12.2,-75.54
2.5e-05,7e-06,5e-13,5e-10,2e-10,0.0582,32400000000.0,1170000000.0,12.2,-75.59
2.5e-05,7e-06,5e-13,5e-10,2.5e-10,0.0582,32400000000.0,1190000000.0,12.2,-75.35
2.5e-05,7e-06,3e-13,4e-10,1e-10,0.0582,34900000000.0,1280000000.0,12.01,-76.91
2.5e-05,7e-06,3e-13,4e-10,5e-11,0.0582,34900000000.0,1270000000.0,12.01,-76.74
2.5e-05,7e-06,3e-13,4e-10,1.5e-10,0.0582,34900000000.0,1270000000.0,12.01,-77.18
2.5e-05,7e-06,3e-13,4e-10,2e-10,0.0582,34900000000.0,1270000000.0,12.01,-76.83
2.5e-05,7e-06,3e-13,4e-10,2.5e-10,0.0582,34900000000.0,1270000000.0,12.01,-76.81
2.5e-05,7e-06,3e-13,3e-10,1e-10,0.0582,38900000000.0,1460000000.0,11.53,-78.72
2.5e-05,7e-06,3e-13,3e-10,5e-11,0.0582,38900000000.0,1460000000.0,11.53,-78.69
2.5e-05,7e-06,3e-13,3e-10,1.5e-10,0.0582,38900000000.0,1460000000.0,11.53,-78.75
2.5e-05,7e-06,3e-13,3e-10,2e-10,0.0582,38900000000.0,1460000000.0,11.53,-79.8
2.5e-05,7e-06,3e-13,3e-10,2.5e-10,0.0582,38900000000.0,1460000000.0,11.53,-78.65
2.5e-05,7e-06,3e-13,3.5e-10,1e-10,0.0582,36700000000.0,1340000000.0,11.83,-77.61
2.5e-05,7e-06,3e-13,3.5e-10,5e-11,0.0582,36700000000.0,1350000000.0,11.83,-77.69
2.5e-05,7e-06,3e-13,3.5e-10,1.5e-10,0.0582,36700000000.0,1340000000.0,11.83,-77.62
2.5e-05,7e-06,3e-13,3.5e-10,2e-10,0.0582,36700000000.0,1340000000.0,11.83,-77.54
2.5e-05,7e-06,3e-13,3.5e-10,2.5e-10,0.0582,36700000000.0,1350000000.0,11.83,-77.43
2.5e-05,7e-06,3e-13,4.5e-10,1e-10,0.0582,33600000000.0,1230000000.0,12.13,-76.01
2.5e-05,7e-06,3e-13,4.5e-10,1.5e-10,0.0582,33600000000.0,1230000000.0,12.13,-76.0
2.5e-05,7e-06,3e-13,4.5e-10,2e-10,0.0582,33600000000.0,1220000000.0,12.13,-76.13
2.5e-05,7e-06,3e-13,4.5e-10,2.5e-10,0.0582,33600000000.0,1230000000.0,12.13,-75.96
2.5e-05,7e-06,3e-13,5e-10,1e-10,0.0582,32400000000.0,1170000000.0,12.2,-75.28
2.5e-05,7e-06,3e-13,5e-10,5e-11,0.0582,32400000000.0,1180000000.0,12.2,-75.51
2.5e-05,7e-06,3e-13,5e-10,1.5e-10,0.0582,32400000000.0,1170000000.0,12.2,-75.58
2.5e-05,7e-06,3e-13,5e-10,2e-10,0.0582,32400000000.0,1190000000.0,12.2,-75.36
2.5e-05,7e-06,3e-13,5e-10,2.5e-10,0.0582,32400000000.0,1190000000.0,12.2,-75.64
2.5e-05,7e-06,4e-13,4e-10,1e-10,0.0582,34900000000.0,1270000000.0,12.01,-76.84
2.5e-05,7e-06,4e-13,4e-10,5e-11,0.0582,34900000000.0,1270000000.0,12.01,-76.77
2.5e-05,7e-06,4e-13,4e-10,1.5e-10,0.0582,34900000000.0,1280000000.0,12.01,-76.57
2.5e-05,7e-06,4e-13,4e-10,2e-10,0.0582,34900000000.0,1270000000.0,12.01,-76.68
2.5e-05,7e-06,4e-13,3e-10,1e-10,0.0582,38900000000.0,1460000000.0,11.53,-78.5
2.5e-05,7e-06,4e-13,3e-10,5e-11,0.0582,38900000000.0,1450000000.0,11.53,-78.66
2.5e-05,7e-06,4e-13,3e-10,1.5e-10,0.0582,38900000000.0,1460000000.0,11.53,-78.79
2.5e-05,7e-06,4e-13,3e-10,2e-10,0.0582,38900000000.0,1460000000.0,11.53,-78.62
2.5e-05,7e-06,4e-13,3.5e-10,1e-10,0.0582,36700000000.0,1350000000.0,11.83,-77.82
2.5e-05,7e-06,4e-13,3.5e-10,5e-11,0.0582,36700000000.0,1350000000.0,11.83,-77.49
2.5e-05,7e-06,4e-13,3.5e-10,2e-10,0.0582,36700000000.0,1340000000.0,11.83,-77.68
2.5e-05,7e-06,4e-13,3.5e-10,2.5e-10,0.0582,36700000000.0,1340000000.0,11.83,-77.6
2.5e-05,7e-06,4e-13,4.5e-10,1e-10,0.0582,33600000000.0,1210000000.0,12.12,-76.04
2.5e-05,7e-06,4e-13,4.5e-10,1.5e-10,0.0582,33600000000.0,1230000000.0,12.13,-75.85
2.5e-05,7e-06,4e-13,4.5e-10,2e-10,0.0582,33600000000.0,1230000000.0,12.13,-75.81
2.5e-05,7e-06,4e-13,4.5e-10,2.5e-10,0.0582,33600000000.0,1230000000.0,12.12,-75.93
2.5e-05,7e-06,4e-13,5e-10,1e-10,0.0582,32400000000.0,1170000000.0,12.2,-75.56
2.5e-05,7e-06,4e-13,5e-10,5e-11,0.0582,32400000000.0,1170000000.0,12.2,-75.81
2.5e-05,7e-06,4e-13,5e-10,1.5e-10,0.0582,32400000000.0,1180000000.0,12.2,-75.59
2.5e-05,7e-06,4e-13,5e-10,2e-10,0.0582,32400000000.0,1190000000.0,12.2,-75.51
2.5e-05,7e-06,4e-13,5e-10,2.5e-10,0.0582,32400000000.0,1190000000.0,12.2,-75.83
2.5e-05,7e-06,6e-13,4e-10,1e-10,0.0582,34900000000.0,1270000000.0,12.01,-76.82
2.5e-05,7e-06,6e-13,4e-10,1.5e-10,0.0582,34900000000.0,1280000000.0,12.01,-76.9
2.5e-05,7e-06,6e-13,4e-10,2.5e-10,0.0582,34900000000.0,1270000000.0,12.01,-76.63
2.5e-05,7e-06,6e-13,3e-10,1e-10,0.0582,38900000000.0,1460000000.0,11.53,-78.03
2.5e-05,7e-06,6e-13,3e-10,1.5e-10,0.0582,38900000000.0,1460000000.0,11.53,-79.47
2.5e-05,7e-06,6e-13,3e-10,2e-10,0.0582,38900000000.0,1450000000.0,11.53,-79.51
2.5e-05,7e-06,6e-13,3e-10,2.5e-10,0.0582,38900000000.0,1450000000.0,11.53,-78.8
2.5e-05,7e-06,6e-13,3.5e-10,1.5e-10,0.0582,36700000000.0,1340000000.0,11.83,-77.26
2.5e-05,7e-06,6e-13,3.5e-10,2e-10,0.0582,36700000000.0,1340000000.0,11.83,-77.65
2.5e-05,7e-06,6e-13,3.5e-10,2.5e-10,0.0582,36700000000.0,1350000000.0,11.83,-77.39
2.5e-05,7e-06,6e-13,4.5e-10,1.5e-10,0.0582,33600000000.0,1230000000.0,12.13,-76.02
2.5e-05,7e-06,6e-13,5e-10,1e-10,0.0582,32400000000.0,1190000000.0,12.2,-75.62
2.5e-05,7e-06,6e-13,5e-10,5e-11,0.0582,32400000000.0,1190000000.0,12.2,-75.79
2.5e-05,7e-06,6e-13,5e-10,1.5e-10,0.0582,32400000000.0,1170000000.0,12.2,-75.54
2.5e-05,7e-06,6e-13,5e-10,2e-10,0.0582,32400000000.0,1170000000.0,12.2,-75.48
2.5e-05,7e-06,6e-13,5e-10,2.5e-10,0.0582,32400000000.0,1170000000.0,12.2,-75.4
2.5e-05,7e-06,7e-13,4e-10,1e-10,0.0582,34900000000.0,1270000000.0,12.01,-76.73
2.5e-05,7e-06,7e-13,4e-10,5e-11,0.0582,34900000000.0,1270000000.0,12.01,-76.57
2.5e-05,7e-06,7e-13,3e-10,1e-10,0.0582,38900000000.0,1450000000.0,11.53,-78.6
2.5e-05,7e-06,7e-13,3e-10,2e-10,0.0582,38900000000.0,1460000000.0,11.53,-78.8
2.5e-05,7e-06,7e-13,3.5e-10,1.5e-10,0.0582,36700000000.0,1350000000.0,11.83,-77.5
2.5e-05,7e-06,7e-13,3.5e-10,2.5e-10,0.0582,36700000000.0,1350000000.0,11.83,-77.55
2.5e-05,7e-06,7e-13,4.5e-10,5e-11,0.0582,33600000000.0,1220000000.0,12.12,-76.4
2.5e-05,7e-06,7e-13,4.5e-10,2e-10,0.0582,33600000000.0,1220000000.0,12.12,-75.99
2.5e-05,7e-06,7e-13,4.5e-10,2.5e-10,0.0582,33600000000.0,1220000000.0,12.13,-76.19
2.5e-05,7e-06,7e-13,5e-10,5e-11,0.0582,32400000000.0,1180000000.0,12.2,-75.4
2.5e-05,7e-06,7e-13,5e-10,1.5e-10,0.0582,32400000000.0,1170000000.0,12.2,-75.82
2.5e-05,7e-06,7e-13,5e-10,2e-10,0.0582,32400000000.0,1180000000.0,12.2,-75.46
2.5e-05,8e-06,5e-13,4e-10,1e-10,0.0582,34700000000.0,1380000000.0,12.0,-76.68
2.5e-05,8e-06,5e-13,4e-10,5e-11,0.0582,34700000000.0,1390000000.0,12.0,-76.54
2.5e-05,8e-06,5e-13,4e-10,1.5e-10,0.0582,34700000000.0,1390000000.0,12.01,-76.67
2.5e-05,8e-06,5e-13,4e-10,2e-10,0.0582,34700000000.0,1390000000.0,12.0,-76.53
2.5e-05,8e-06,5e-13,4e-10,2.5e-10,0.0582,34700000000.0,1380000000.0,12.01,-76.83
2.5e-05,8e-06,5e-13,3e-10,1e-10,0.0582,38500000000.0,1580000000.0,11.54,-78.8
2.5e-05,8e-06,5e-13,3e-10,5e-11,0.0582,38500000000.0,1570000000.0,11.54,-77.07
2.5e-05,8e-06,5e-13,3e-10,1.5e-10,0.0582,38500000000.0,1580000000.0,11.54,-79.21
2.5e-05,8e-06,5e-13,3e-10,2e-10,0.0582,38500000000.0,1580000000.0,11.54,-78.62
2.5e-05,8e-06,5e-13,3e-10,2.5e-10,0.0582,38500000000.0,1580000000.0,11.54,-78.38
2.5e-05,8e-06,5e-13,3.5e-10,1e-10,0.0582,36400000000.0,1460000000.0,11.83,-77.56
2.5e-05,8e-06,5e-13,3.5e-10,5e-11,0.0582,36400000000.0,1460000000.0,11.83,-77.4
2.5e-05,8e-06,5e-13,3.5e-10,1.5e-10,0.0582,36400000000.0,1460000000.0,11.83,-77.43
2.5e-05,8e-06,5e-13,3.5e-10,2e-10,0.0582,36400000000.0,1460000000.0,11.83,-78.64
2.5e-05,8e-06,5e-13,3.5e-10,2.5e-10,0.0582,36400000000.0,1460000000.0,11.83,-78.89
2.5e-05,8e-06,5e-13,4.5e-10,1e-10,0.0582,33300000000.0,1330000000.0,12.11,-76.05
2.5e-05,8e-06,5e-13,4.5e-10,5e-11,0.0582,33300000000.0,1330000000.0,12.12,-76.17
2.5e-05,8e-06,5e-13,4.5e-10,1.5e-10,0.0582,33300000000.0,1340000000.0,12.12,-76.0
2.5e-05,8e-06,5e-13,4.5e-10,2e-10,0.0582,33300000000.0,1330000000.0,12.11,-75.79
2.5e-05,8e-06,5e-13,4.5e-10,2.5e-10,0.0582,33300000000.0,1330000000.0,12.12,-76.05
2.5e-05,8e-06,5e-13,5e-10,1e-10,0.0582,32200000000.0,1280000000.0,12.19,-75.72
2.5e-05,8e-06,5e-13,5e-10,5e-11,0.0582,32200000000.0,1280000000.0,12.19,-75.58
2.5e-05,8e-06,5e-13,5e-10,1.5e-10,0.0582,32200000000.0,1280000000.0,12.19,-75.78
2.5e-05,8e-06,5e-13,5e-10,2e-10,0.0582,32200000000.0,1280000000.0,12.19,-75.51
2.5e-05,8e-06,5e-13,5e-10,2.5e-10,0.0582,32200000000.0,1290000000.0,12.19,-75.36
2.5e-05,8e-06,3e-13,4e-10,1e-10,0.0582,34700000000.0,1380000000.0,12.0,-76.77
2.5e-05,8e-06,3e-13,4e-10,5e-11,0.0582,34700000000.0,1390000000.0,12.0,-76.55
2.5e-05,8e-06,3e-13,4e-10,1.5e-10,0.0582,34700000000.0,1380000000.0,12.0,-77.01
2.5e-05,8e-06,3e-13,4e-10,2e-10,0.0582,34700000000.0,1380000000.0,12.01,-77.78
2.5e-05,8e-06,3e-13,4e-10,2.5e-10,0.0582,34700000000.0,1380000000.0,12.01,-76.78
2.5e-05,8e-06,3e-13,3e-10,1e-10,0.0582,38600000000.0,1580000000.0,11.54,-78.59
2.5e-05,8e-06,3e-13,3e-10,5e-11,0.0582,38600000000.0,1570000000.0,11.54,-72.01
2.5e-05,8e-06,3e-13,3e-10,1.5e-10,0.0582,38600000000.0,1580000000.0,11.55,-77.95
2.5e-05,8e-06,3e-13,3e-10,2e-10,0.0582,38600000000.0,1580000000.0,11.54,-78.7
2.5e-05,8e-06,3e-13,3e-10,2.5e-10,0.0582,38600000000.0,1580000000.0,11.54,-79.47
2.5e-05,8e-06,3e-13,3.5e-10,1e-10,0.0582,36400000000.0,1460000000.0,11.83,-77.37
2.5e-05,8e-06,3e-13,3.5e-10,5e-11,0.0582,36400000000.0,1460000000.0,11.83,-78.96
2.5e-05,8e-06,3e-13,3.5e-10,1.5e-10,0.0582,36400000000.0,1460000000.0,11.83,-77.6
2.5e-05,8e-06,3e-13,3.5e-10,2e-10,0.0582,36400000000.0,1460000000.0,11.83,-77.71
2.5e-05,8e-06,3e-13,4.5e-10,1e-10,0.0582,33300000000.0,1320000000.0,12.11,-75.99
2.5e-05,8e-06,3e-13,4.5e-10,5e-11,0.0582,33300000000.0,1330000000.0,12.11,-75.95
2.5e-05,8e-06,3e-13,4.5e-10,1.5e-10,0.0582,33300000000.0,1340000000.0,12.11,-75.89
2.5e-05,8e-06,3e-13,4.5e-10,2e-10,0.0582,33300000000.0,1330000000.0,12.12,-76.11
2.5e-05,8e-06,3e-13,4.5e-10,2.5e-10,0.0582,33300000000.0,1330000000.0,12.11,-75.87
2.5e-05,8e-06,3e-13,5e-10,1e-10,0.0582,32200000000.0,1300000000.0,12.19,-75.3
2.5e-05,8e-06,3e-13,5e-10,5e-11,0.0582,32200000000.0,1280000000.0,12.18,-75.34
2.5e-05,8e-06,3e-13,5e-10,1.5e-10,0.0582,32200000000.0,1290000000.0,12.19,-75.37
2.5e-05,8e-06,3e-13,5e-10,2e-10,0.0582,32200000000.0,1290000000.0,12.18,-75.35
2.5e-05,8e-06,3e-13,5e-10,2.5e-10,0.0582,32200000000.0,1280000000.0,12.18,-75.27
2.5e-05,8e-06,4e-13,4e-10,1e-10,0.0582,34700000000.0,1380000000.0,12.0,-76.76
2.5e-05,8e-06,4e-13,4e-10,5e-11,0.0582,34700000000.0,1380000000.0,12.0,-76.56
2.5e-05,8e-06,4e-13,4e-10,1.5e-10,0.0582,34700000000.0,1390000000.0,12.01,-76.86
2.5e-05,8e-06,4e-13,4e-10,2e-10,0.0582,34700000000.0,1380000000.0,12.01,-76.76
2.5e-05,8e-06,4e-13,4e-10,2.5e-10,0.0582,34700000000.0,1380000000.0,12.0,-76.58
2.5e-05,8e-06,4e-13,3e-10,1e-10,0.0582,38600000000.0,1580000000.0,11.54,-77.98
2.5e-05,8e-06,4e-13,3e-10,5e-11,0.0582,38600000000.0,1580000000.0,11.54,-78.63
2.5e-05,8e-06,4e-13,3e-10,1.5e-10,0.0582,38500000000.0,1580000000.0,11.54,-78.55
2.5e-05,8e-06,4e-13,3e-10,2e-10,0.0582,38500000000.0,1580000000.0,11.54,-78.56
2.5e-05,8e-06,4e-13,3e-10,2.5e-10,0.0582,38500000000.0,1580000000.0,11.54,-78.01
2.5e-05,8e-06,4e-13,3.5e-10,1e-10,0.0582,36400000000.0,1460000000.0,11.83,-77.36
2.5e-05,8e-06,4e-13,3.5e-10,1.5e-10,0.0582,36400000000.0,1460000000.0,11.83,-78.54
2.5e-05,8e-06,4e-13,3.5e-10,2.5e-10,0.0582,36400000000.0,1460000000.0,11.83,-77.35
2.5e-05,8e-06,4e-13,4.5e-10,1e-10,0.0582,33300000000.0,1330000000.0,12.12,-76.01
2.5e-05,8e-06,4e-13,4.5e-10,5e-11,0.0582,33300000000.0,1330000000.0,12.11,-75.53
2.5e-05,8e-06,4e-13,5e-10,1e-10,0.0582,32200000000.0,1280000000.0,12.18,-75.26
2.5e-05,8e-06,4e-13,5e-10,5e-11,0.0582,32200000000.0,1280000000.0,12.18,-75.48
2.5e-05,8e-06,4e-13,5e-10,1.5e-10,0.0582,32200000000.0,1300000000.0,12.19,-75.63
2.5e-05,8e-06,4e-13,5e-10,2e-10,0.0582,32200000000.0,1280000000.0,12.19,-75.08
2.5e-05,8e-06,4e-13,5e-10,2.5e-10,0.0582,32200000000.0,1280000000.0,12.19,-75.44
2.5e-05,8e-06,6e-13,4e-10,1e-10,0.0582,34700000000.0,1380000000.0,12.01,-76.81
2.5e-05,8e-06,6e-13,4e-10,5e-11,0.0582,34700000000.0,1380000000.0,12.0,-76.29
2.5e-05,8e-06,6e-13,4e-10,1.5e-10,0.0582,34700000000.0,1390000000.0,12.0,-76.48
2.5e-05,8e-06,6e-13,4e-10,2e-10,0.0582,34700000000.0,1390000000.0,12.01,-76.58
2.5e-05,8e-06,6e-13,4e-10,2.5e-10,0.0582,34700000000.0,1390000000.0,12.01,-76.57
2.5e-05,8e-06,6e-13,3e-10,1e-10,0.0582,38500000000.0,1580000000.0,11.54,-79.44
2.5e-05,8e-06,6e-13,3e-10,5e-11,0.0582,38500000000.0,1580000000.0,11.54,-78.65
2.5e-05,8e-06,6e-13,3e-10,1.5e-10,0.0582,38500000000.0,1570000000.0,11.54,-78.6
2.5e-05,8e-06,6e-13,3e-10,2e-10,0.0582,38500000000.0,1580000000.0,11.54,-78.57
2.5e-05,8e-06,6e-13,3e-10,2.5e-10,0.0582,38500000000.0,1580000000.0,11.54,-78.6
2.5e-05,8e-06,6e-13,3.5e-10,5e-11,0.0582,36400000000.0,1460000000.0,11.83,-77.33
2.5e-05,8e-06,6e-13,3.5e-10,1.5e-10,0.0582,36400000000.0,1460000000.0,11.83,-77.41
2.5e-05,8e-06,6e-13,3.5e-10,2e-10,0.0582,36400000000.0,1460000000.0,11.83,-77.31
2.5e-05,8e-06,6e-13,3.5e-10,2.5e-10,0.0582,36400000000.0,1460000000.0,11.83,-77.65
2.5e-05,8e-06,6e-13,4.5e-10,1e-10,0.0582,33300000000.0,1330000000.0,12.11,-75.94
2.5e-05,8e-06,6e-13,4.5e-10,5e-11,0.0582,33300000000.0,1320000000.0,12.11,-76.02
2.5e-05,8e-06,6e-13,4.5e-10,1.5e-10,0.0582,33300000000.0,1330000000.0,12.11,-75.88
2.5e-05,8e-06,6e-13,4.5e-10,2e-10,0.0582,33300000000.0,1330000000.0,12.11,-75.92
2.5e-05,8e-06,6e-13,4.5e-10,2.5e-10,0.0582,33300000000.0,1320000000.0,12.12,-76.12
2.5e-05,8e-06,6e-13,5e-10,1e-10,0.0582,32200000000.0,1280000000.0,12.19,-75.56
2.5e-05,8e-06,6e-13,5e-10,1.5e-10,0.0582,32200000000.0,1300000000.0,12.19,-75.52
2.5e-05,8e-06,6e-13,5e-10,2e-10,0.0582,32200000000.0,1290000000.0,12.18,-75.34
2.5e-05,8e-06,6e-13,5e-10,2.5e-10,0.0582,32200000000.0,1280000000.0,12.19,-75.5
2.5e-05,8e-06,7e-13,4e-10,1e-10,0.0582,34700000000.0,1380000000.0,12.01,-76.8
2.5e-05,8e-06,7e-13,4e-10,5e-11,0.0582,34700000000.0,1390000000.0,12.0,-76.6
2.5e-05,8e-06,7e-13,4e-10,2e-10,0.0582,34700000000.0,1380000000.0,12.01,-77.98
2.5e-05,8e-06,7e-13,3e-10,1e-10,0.0582,38500000000.0,1570000000.0,11.54,-78.57
2.5e-05,8e-06,7e-13,3e-10,5e-11,0.0582,38500000000.0,1580000000.0,11.54,-78.64
2.5e-05,8e-06,7e-13,3e-10,2e-10,0.0582,38500000000.0,1580000000.0,11.55,-78.4
2.5e-05,8e-06,7e-13,3e-10,2.5e-10,0.0582,38500000000.0,1570000000.0,11.54,-76.43
2.5e-05,8e-06,7e-13,3.5e-10,5e-11,0.0582,36400000000.0,1460000000.0,11.83,-77.57
2.5e-05,8e-06,7e-13,3.5e-10,1.5e-10,0.0582,36400000000.0,1460000000.0,11.83,-77.58
2.5e-05,8e-06,7e-13,3.5e-10,2.5e-10,0.0582,36400000000.0,1460000000.0,11.83,-77.53
2.5e-05,8e-06,7e-13,4.5e-10,1e-10,0.0582,33300000000.0,1320000000.0,12.11,-76.01
2.5e-05,8e-06,7e-13,4.5e-10,5e-11,0.0582,33300000000.0,1320000000.0,12.12,-76.23
2.5e-05,8e-06,7e-13,4.5e-10,1.5e-10,0.0582,33300000000.0,1330000000.0,12.12,-75.97
2.5e-05,8e-06,7e-13,5e-10,1e-10,0.0582,32200000000.0,1280000000.0,12.18,-75.46
2.5e-05,8e-06,7e-13,5e-10,2e-10,0.0582,32200000000.0,1280000000.0,12.19,-75.57
2.5e-05,8e-06,7e-13,5e-10,2.5e-10,0.0582,32200000000.0,1300000000.0,12.19,-75.42
2.5e-05,9e-06,5e-13,4e-10,1e-10,0.0582,34400000000.0,1480000000.0,11.99,-76.42
2.5e-05,9e-06,5e-13,4e-10,5e-11,0.0582,34400000000.0,1480000000.0,12.0,-76.64
2.5e-05,9e-06,5e-13,4e-10,1.5e-10,0.0582,34400000000.0,1470000000.0,11.99,-76.72
2.5e-05,9e-06,5e-13,4e-10,2.5e-10,0.0582,34400000000.0,1480000000.0,11.99,-76.27
2.5e-05,9e-06,5e-13,3e-10,1e-10,0.0582,38300000000.0,1680000000.0,11.55,-79.37
2.5e-05,9e-06,5e-13,3e-10,5e-11,0.0582,38300000000.0,1680000000.0,11.55,-78.63
2.5e-05,9e-06,5e-13,3e-10,1.5e-10,0.0582,38300000000.0,1680000000.0,11.55,-78.39
2.5e-05,9e-06,5e-13,3e-10,2e-10,0.0582,38300000000.0,1680000000.0,11.55,-74.44
2.5e-05,9e-06,5e-13,3e-10,2.5e-10,0.0582,38300000000.0,1680000000.0,11.55,-78.61
2.5e-05,9e-06,5e-13,3.5e-10,1e-10,0.0582,36100000000.0,1560000000.0,11.83,-77.19
2.5e-05,9e-06,5e-13,3.5e-10,5e-11,0.0582,36100000000.0,1560000000.0,11.83,-77.24
2.5e-05,9e-06,5e-13,3.5e-10,1.5e-10,0.0582,36100000000.0,1560000000.0,11.83,-77.92
2.5e-05,9e-06,5e-13,3.5e-10,2e-10,0.0582,36100000000.0,1560000000.0,11.83,-77.71
2.5e-05,9e-06,5e-13,3.5e-10,2.5e-10,0.0582,36100000000.0,1560000000.0,11.83,-77.35
2.5e-05,9e-06,5e-13,4.5e-10,1e-10,0.0582,33100000000.0,1420000000.0,12.1,-76.21
2.5e-05,9e-06,5e-13,4.5e-10,5e-11,0.0582,33000000000.0,1410000000.0,12.1,-76.08
2.5e-05,9e-06,5e-13,4.5e-10,1.5e-10,0.0582,33100000000.0,1410000000.0,12.1,-75.85
2.5e-05,9e-06,5e-13,4.5e-10,2.5e-10,0.0582,33100000000.0,1430000000.0,12.1,-75.92
2.5e-05,9e-06,5e-13,5e-10,1e-10,0.0582,31900000000.0,1380000000.0,12.17,-75.31
2.5e-05,9e-06,5e-13,5e-10,5e-11,0.0582,31900000000.0,1370000000.0,12.17,-75.59
2.5e-05,9e-06,5e-13,5e-10,1.5e-10,0.0582,31900000000.0,1370000000.0,12.17,-75.28
2.5e-05,9e-06,5e-13,5e-10,2e-10,0.0582,31900000000.0,1390000000.0,12.17,-75.38
2.5e-05,9e-06,5e-13,5e-10,2.5e-10,0.0582,31900000000.0,1370000000.0,12.17,-75.58
2.5e-05,9e-06,3e-13,4e-10,1e-10,0.0582,34400000000.0,1480000000.0,11.99,-76.73
2.5e-05,9e-06,3e-13,4e-10,5e-11,0.0582,34400000000.0,1490000000.0,11.99,-76.56
2.5e-05,9e-06,3e-13,4e-10,1.5e-10,0.0582,34400000000.0,1480000000.0,11.99,-76.74
2.5e-05,9e-06,3e-13,4e-10,2e-10,0.0582,34400000000.0,1480000000.0,11.99,-76.49
2.5e-05,9e-06,3e-13,4e-10,2.5e-10,0.0582,34400000000.0,1470000000.0,11.99,-76.39
2.5e-05,9e-06,3e-13,3e-10,1e-10,0.0582,38300000000.0,1680000000.0,11.55,-78.43
2.5e-05,9e-06,3e-13,3e-10,5e-11,0.0582,38300000000.0,1680000000.0,11.55,-78.42
2.5e-05,9e-06,3e-13,3e-10,1.5e-10,0.0582,38300000000.0,1680000000.0,11.55,-78.6
2.5e-05,9e-06,3e-13,3e-10,2e-10,0.0582,38300000000.0,1680000000.0,11.55,-79.42
2.5e-05,9e-06,3e-13,3e-10,2.5e-10,0.0582,38300000000.0,1680000000.0,11.55,-78.81
2.5e-05,9e-06,3e-13,3.5e-10,1e-10,0.0582,36100000000.0,1560000000.0,11.83,-77.53
2.5e-05,9e-06,3e-13,3.5e-10,5e-11,0.0582,36100000000.0,1560000000.0,11.83,-77.34
2.5e-05,9e-06,3e-13,3.5e-10,1.5e-10,0.0582,36100000000.0,1560000000.0,11.83,-77.52
2.5e-05,9e-06,3e-13,3.5e-10,2e-10,0.0582,36100000000.0,1560000000.0,11.83,-77.29
2.5e-05,9e-06,3e-13,3.5e-10,2.5e-10,0.0582,36100000000.0,1560000000.0,11.83,-77.62
2.5e-05,9e-06,3e-13,4.5e-10,1e-10,0.0582,33100000000.0,1410000000.0,12.1,-75.95
2.5e-05,9e-06,3e-13,4.5e-10,5e-11,0.0582,33100000000.0,1420000000.0,12.1,-76.19
2.5e-05,9e-06,3e-13,4.5e-10,1.5e-10,0.0582,33100000000.0,1430000000.0,12.1,-75.82
2.5e-05,9e-06,3e-13,4.5e-10,2e-10,0.0582,33000000000.0,1430000000.0,12.1,-74.65
2.5e-05,9e-06,3e-13,4.5e-10,2.5e-10,0.0582,33100000000.0,1410000000.0,12.1,-75.81
2.5e-05,9e-06,3e-13,5e-10,1e-10,0.0582,31900000000.0,1370000000.0,12.17,-75.55
2.5e-05,9e-06,3e-13,5e-10,5e-11,0.0582,31900000000.0,1380000000.0,12.17,-75.33
2.5e-05,9e-06,3e-13,5e-10,1.5e-10,0.0582,31900000000.0,1370000000.0,12.17,-75.53
2.5e-05,9e-06,3e-13,5e-10,2e-10,0.0582,31900000000.0,1390000000.0,12.17,-75.32
2.5e-05,9e-06,3e-13,5e-10,2.5e-10,0.0582,31900000000.0,1380000000.0,12.17,-75.51
2.5e-05,9e-06,4e-13,4e-10,1e-10,0.0582,34400000000.0,1470000000.0,11.99,-76.74
2.5e-05,9e-06,4e-13,4e-10,5e-11,0.0582,34400000000.0,1470000000.0,11.99,-76.77
2.5e-05,9e-06,4e-13,4e-10,2e-10,0.0582,34400000000.0,1480000000.0,12.0,-76.74
2.5e-05,9e-06,4e-13,3e-10,1e-10,0.0582,38300000000.0,1680000000.0,11.55,-78.34
2.5e-05,9e-06,4e-13,3e-10,2e-10,0.0582,38300000000.0,1680000000.0,11.55,-78.65
2.5e-05,9e-06,4e-13,3e-10,2.5e-10,0.0582,38300000000.0,1670000000.0,11.55,-78.51
2.5e-05,9e-06,4e-13,3.5e-10,5e-11,0.0582,36100000000.0,1560000000.0,11.83,-77.2
2.5e-05,9e-06,4e-13,3.5e-10,2e-10,0.0582,36100000000.0,1560000000.0,11.83,-77.31
2.5e-05,9e-06,4e-13,4.5e-10,1e-10,0.0582,33100000000.0,1420000000.0,12.1,-76.06
2.5e-05,9e-06,4e-13,4.5e-10,5e-11,0.0582,33100000000.0,1430000000.0,12.1,-75.94
2.5e-05,9e-06,4e-13,4.5e-10,1.5e-10,0.0582,33000000000.0,1420000000.0,12.1,-75.82
2.5e-05,9e-06,4e-13,4.5e-10,2e-10,0.0582,33000000000.0,1430000000.0,12.1,-75.97
2.5e-05,9e-06,4e-13,4.5e-10,2.5e-10,0.0582,33000000000.0,1420000000.0,12.1,-75.85
2.5e-05,9e-06,4e-13,5e-10,1e-10,0.0582,31900000000.0,1390000000.0,12.17,-75.52
2.5e-05,9e-06,4e-13,5e-10,5e-11,0.0582,31900000000.0,1370000000.0,12.17,-75.38
2.5e-05,9e-06,4e-13,5e-10,1.5e-10,0.0582,31900000000.0,1390000000.0,12.17,-75.45
2.5e-05,9e-06,4e-13,5e-10,2e-10,0.0582,31900000000.0,1370000000.0,12.17,-75.49
2.5e-05,9e-06,6e-13,4e-10,5e-11,0.0582,34400000000.0,1480000000.0,12.0,-76.59
2.5e-05,9e-06,6e-13,4e-10,1.5e-10,0.0582,34400000000.0,1470000000.0,11.99,-76.62
2.5e-05,9e-06,6e-13,4e-10,2.5e-10,0.0582,34400000000.0,1470000000.0,11.99,-76.58
2.5e-05,9e-06,6e-13,3e-10,5e-11,0.0582,38300000000.0,1680000000.0,11.55,-78.92
2.5e-05,9e-06,6e-13,3e-10,1.5e-10,0.0582,38300000000.0,1680000000.0,11.55,-78.23
2.5e-05,9e-06,6e-13,3e-10,2e-10,0.0582,38300000000.0,1680000000.0,11.55,-78.45
2.5e-05,9e-06,6e-13,3e-10,2.5e-10,0.0582,38300000000.0,1680000000.0,11.55,-78.52
2.5e-05,9e-06,6e-13,3.5e-10,1e-10,0.0582,36100000000.0,1560000000.0,11.83,-77.38
2.5e-05,9e-06,6e-13,3.5e-10,5e-11,0.0582,36100000000.0,1560000000.0,11.83,-77.54
2.5e-05,9e-06,6e-13,3.5e-10,2e-10,0.0582,36100000000.0,1560000000.0,11.83,-77.21
2.5e-05,9e-06,6e-13,4.5e-10,1e-10,0.0582,33000000000.0,1410000000.0,12.1,-76.07
2.5e-05,9e-06,6e-13,4.5e-10,5e-11,0.0582,33000000000.0,1420000000.0,12.1,-76.09
2.5e-05,9e-06,6e-13,4.5e-10,1.5e-10,0.0582,33000000000.0,1420000000.0,12.1,-76.05
2.5e-05,9e-06,6e-13,4.5e-10,2e-10,0.0582,33000000000.0,1430000000.0,12.1,-75.92
2.5e-05,9e-06,6e-13,4.5e-10,2.5e-10,0.0582,33100000000.0,1420000000.0,12.1,-76.18
2.5e-05,9e-06,6e-13,5e-10,1e-10,0.0582,31900000000.0,1380000000.0,12.17,-75.36
2.5e-05,9e-06,6e-13,5e-10,1.5e-10,0.0582,31900000000.0,1380000000.0,12.17,-75.34
2.5e-05,9e-06,6e-13,5e-10,2e-10,0.0582,31900000000.0,1370000000.0,12.17,-75.47
2.5e-05,9e-06,6e-13,5e-10,2.5e-10,0.0582,31900000000.0,1370000000.0,12.17,-75.57
2.5e-05,9e-06,7e-13,4e-10,1e-10,0.0582,34400000000.0,1480000000.0,11.99,-76.54
2.5e-05,9e-06,7e-13,4e-10,5e-11,0.0582,34400000000.0,1480000000.0,12.0,-76.75
2.5e-05,9e-06,7e-13,4e-10,2e-10,0.0582,34400000000.0,1470000000.0,11.99,-76.9
2.5e-05,9e-06,7e-13,4e-10,2.5e-10,0.0582,34400000000.0,1480000000.0,11.99,-76.5
2.5e-05,9e-06,7e-13,3e-10,1e-10,0.0582,38300000000.0,1680000000.0,11.55,-78.62
2.5e-05,9e-06,7e-13,3e-10,5e-11,0.0582,38300000000.0,1670000000.0,11.55,-78.34
2.5e-05,9e-06,7e-13,3e-10,2e-10,0.0582,38300000000.0,1680000000.0,11.55,-78.32
2.5e-05,9e-06,7e-13,3e-10,2.5e-10,0.0582,38300000000.0,1680000000.0,11.55,-78.85
2.5e-05,9e-06,7e-13,3.5e-10,5e-11,0.0582,36100000000.0,1560000000.0,11.83,-77.93
2.5e-05,9e-06,7e-13,3.5e-10,1.5e-10,0.0582,36100000000.0,1560000000.0,11.83,-77.48
2.5e-05,9e-06,7e-13,4.5e-10,1e-10,0.0582,33000000000.0,1420000000.0,12.1,-75.81
2.5e-05,9e-06,7e-13,4.5e-10,1.5e-10,0.0582,33000000000.0,1430000000.0,12.1,-74.69
2.5e-05,9e-06,7e-13,5e-10,5e-11,0.0582,31900000000.0,1380000000.0,12.17,-75.55
2.5e-05,9e-06,7e-13,5e-10,2e-10,0.0582,31900000000.0,1390000000.0,12.17,-75.33
2.5e-05,9e-06,7e-13,5e-10,2.5e-10,0.0582,31900000000.0,1380000000.0,12.17,-75.59
2.5e-05,1e-05,5e-13,4e-10,1e-10,0.0582,34200000000.0,1560000000.0,11.98,-76.71
2.5e-05,1e-05,5e-13,4e-10,5e-11,0.0582,34200000000.0,1560000000.0,11.98,-76.41
2.5e-05,1e-05,5e-13,4e-10,1.5e-10,0.0582,34200000000.0,1550000000.0,11.98,-76.65
2.5e-05,1e-05,5e-13,4e-10,2e-10,0.0582,34200000000.0,1550000000.0,11.98,-76.66
2.5e-05,1e-05,5e-13,4e-10,2.5e-10,0.0582,34200000000.0,1550000000.0,11.98,-76.72
2.5e-05,1e-05,5e-13,3e-10,1e-10,0.0582,38000000000.0,1760000000.0,11.55,-78.47
2.5e-05,1e-05,5e-13,3e-10,5e-11,0.0582,38000000000.0,1760000000.0,11.55,-78.46
2.5e-05,1e-05,5e-13,3e-10,1.5e-10,0.0582,38000000000.0,1760000000.0,11.55,-78.53
2.5e-05,1e-05,5e-13,3e-10,2.5e-10,0.0582,38000000000.0,1770000000.0,11.55,-79.77
2.5e-05,1e-05,5e-13,3.5e-10,1e-10,0.0582,35800000000.0,1640000000.0,11.82,-77.25
2.5e-05,1e-05,5e-13,3.5e-10,5e-11,0.0582,35800000000.0,1640000000.0,11.82,-77.17
2.5e-05,1e-05,5e-13,3.5e-10,1.5e-10,0.0582,35800000000.0,1640000000.0,11.82,-77.37
2.5e-05,1e-05,5e-13,3.5e-10,2e-10,0.0582,35800000000.0,1640000000.0,11.82,-77.19
2.5e-05,1e-05,5e-13,3.5e-10,2.5e-10,0.0582,35800000000.0,1640000000.0,11.82,-77.39
2.5e-05,1e-05,5e-13,4.5e-10,1e-10,0.0582,32800000000.0,1500000000.0,12.08,-75.83
2.5e-05,1e-05,5e-13,4.5e-10,5e-11,0.0582,32800000000.0,1500000000.0,12.08,-75.81
2.5e-05,1e-05,5e-13,4.5e-10,1.5e-10,0.0582,32800000000.0,1490000000.0,12.08,-75.75
2.5e-05,1e-05,5e-13,4.5e-10,2e-10,0.0582,32800000000.0,1510000000.0,12.08,-75.93
2.5e-05,1e-05,5e-13,5e-10,1e-10,0.0582,31700000000.0,1450000000.0,12.15,-75.27
2.5e-05,1e-05,5e-13,5e-10,5e-11,0.0582,31700000000.0,1460000000.0,12.15,-75.32
2.5e-05,1e-05,5e-13,5e-10,1.5e-10,0.0582,31700000000.0,1440000000.0,12.15,-75.47
2.5e-05,1e-05,5e-13,5e-10,2e-10,0.0582,31700000000.0,1450000000.0,12.15,-75.37
2.5e-05,1e-05,5e-13,5e-10,2.5e-10,0.0582,31700000000.0,1450000000.0,12.15,-75.34
2.5e-05,1e-05,3e-13,4e-10,1e-10,0.0582,34200000000.0,1560000000.0,11.98,-76.74
2.5e-05,1e-05,3e-13,4e-10,5e-11,0.0582,34200000000.0,1550000000.0,11.98,-76.49
2.5e-05,1e-05,3e-13,4e-10,1.5e-10,0.0582,34200000000.0,1560000000.0,11.98,-76.61
2.5e-05,1e-05,3e-13,4e-10,2e-10,0.0582,34200000000.0,1560000000.0,11.98,-76.64
2.5e-05,1e-05,3e-13,4e-10,2.5e-10,0.0582,34200000000.0,1550000000.0,11.98,-76.6
2.5e-05,1e-05,3e-13,3e-10,1e-10,0.0582,38000000000.0,1760000000.0,11.55,-78.22
2.5e-05,1e-05,3e-13,3e-10,5e-11,0.0582,38000000000.0,1770000000.0,11.55,-78.34
2.5e-05,1e-05,3e-13,3e-10,1.5e-10,0.0582,38000000000.0,1760000000.0,11.55,-78.49
2.5e-05,1e-05,3e-13,3e-10,2e-10,0.0582,38000000000.0,1760000000.0,11.55,-78.57
2.5e-05,1e-05,3e-13,3e-10,2.5e-10,0.0582,38000000000.0,1770000000.0,11.55,-77.98
2.5e-05,1e-05,3e-13,3.5e-10,1e-10,0.0582,35800000000.0,1640000000.0,11.82,-77.54
2.5e-05,1e-05,3e-13,3.5e-10,5e-11,0.0582,35800000000.0,1640000000.0,11.82,-77.23
2.5e-05,1e-05,3e-13,3.5e-10,1.5e-10,0.0582,35800000000.0,1640000000.0,11.82,-77.29
2.5e-05,1e-05,3e-13,3.5e-10,2e-10,0.0582,35800000000.0,1640000000.0,11.82,-77.41
2.5e-05,1e-05,3e-13,3.5e-10,2.5e-10,0.0582,35800000000.0,1640000000.0,11.82,-77.48
2.5e-05,1e-05,3e-13,4.5e-10,1e-10,0.0582,32800000000.0,1490000000.0,12.08,-76.03
2.5e-05,1e-05,3e-13,4.5e-10,1.5e-10,0.0582,32800000000.0,1500000000.0,12.08,-76.05
2.5e-05,1e-05,3e-13,4.5e-10,2e-10,0.0582,32800000000.0,1500000000.0,12.08,-75.85
2.5e-05,1e-05,3e-13,4.5e-10,2.5e-10,0.0582,32800000000.0,1510000000.0,12.08,-75.87
2.5e-05,1e-05,3e-13,5e-10,1e-10,0.0582,31700000000.0,1450000000.0,12.15,-75.51
2.5e-05,1e-05,3e-13,5e-10,5e-11,0.0582,31700000000.0,1450000000.0,12.15,-75.31
2.5e-05,1e-05,3e-13,5e-10,1.5e-10,0.0582,31700000000.0,1460000000.0,12.15,-75.24
2.5e-05,1e-05,3e-13,5e-10,2e-10,0.0582,31700000000.0,1440000000.0,12.15,-75.51
2.5e-05,1e-05,3e-13,5e-10,2.5e-10,0.0582,31700000000.0,1440000000.0,12.15,-75.53
2.5e-05,1e-05,4e-13,4e-10,1e-10,0.0582,34200000000.0,1550000000.0,11.98,-76.64
2.5e-05,1e-05,4e-13,4e-10,5e-11,0.0582,34200000000.0,1550000000.0,11.98,-76.67
2.5e-05,1e-05,4e-13,4e-10,1.5e-10,0.0582,34200000000.0,1550000000.0,11.98,-76.61
2.5e-05,1e-05,4e-13,4e-10,2e-10,0.0582,34200000000.0,1560000000.0,11.98,-76.49
2.5e-05,1e-05,4e-13,4e-10,2.5e-10,0.0582,34200000000.0,1560000000.0,11.98,-76.48
2.5e-05,1e-05,4e-13,3e-10,1e-10,0.0582,38000000000.0,1770000000.0,11.55,-78.39
2.5e-05,1e-05,4e-13,3e-10,5e-11,0.0582,38000000000.0,1760000000.0,11.55,-78.42
2.5e-05,1e-05,4e-13,3e-10,2e-10,0.0582,38000000000.0,1770000000.0,11.55,-78.45
2.5e-05,1e-05,4e-13,3e-10,2.5e-10,0.0582,38000000000.0,1760000000.0,11.55,-78.5
2.5e-05,1e-05,4e-13,3.5e-10,1e-10,0.0582,35800000000.0,1640000000.0,11.82,-77.18
2.5e-05,1e-05,4e-13,3.5e-10,5e-11,0.0582,35800000000.0,1640000000.0,11.82,-77.34
2.5e-05,1e-05,4e-13,3.5e-10,1.5e-10,0.0582,35800000000.0,1640000000.0,11.82,-77.49
2.5e-05,1e-05,4e-13,3.5e-10,2e-10,0.0582,35800000000.0,1640000000.0,11.82,-77.26
2.5e-05,1e-05,4e-13,4.5e-10,1e-10,0.0582,32800000000.0,1500000000.0,12.08,-75.82
2.5e-05,1e-05,4e-13,4.5e-10,5e-11,0.0582,32800000000.0,1510000000.0,12.08,-75.85
2.5e-05,1e-05,4e-13,4.5e-10,2e-10,0.0582,32800000000.0,1500000000.0,12.08,-76.02
2.5e-05,1e-05,4e-13,4.5e-10,2.5e-10,0.0582,32800000000.0,1510000000.0,12.08,-75.88
2.5e-05,1e-05,4e-13,5e-10,1e-10,0.0582,31700000000.0,1440000000.0,12.15,-75.24
2.5e-05,1e-05,4e-13,5e-10,5e-11,0.0582,31700000000.0,1450000000.0,12.15,-75.35
2.5e-05,1e-05,4e-13,5e-10,1.5e-10,0.0582,31700000000.0,1460000000.0,12.15,-75.35
2.5e-05,1e-05,4e-13,5e-10,2e-10,0.0582,31700000000.0,1450000000.0,12.15,-75.62
2.5e-05,1e-05,4e-13,5e-10,2.5e-10,0.0582,31700000000.0,1460000000.0,12.15,-75.52
2.5e-05,1e-05,6e-13,4e-10,1e-10,0.0582,34200000000.0,1550000000.0,11.98,-76.69
2.5e-05,1e-05,6e-13,4e-10,5e-11,0.0582,34200000000.0,1560000000.0,11.98,-76.45
2.5e-05,1e-05,6e-13,4e-10,2e-10,0.0582,34200000000.0,1550000000.0,11.98,-76.53
2.5e-05,1e-05,6e-13,4e-10,2.5e-10,0.0582,34200000000.0,1560000000.0,11.98,-76.55
2.5e-05,1e-05,6e-13,3e-10,1e-10,0.0582,38000000000.0,1760000000.0,11.55,-77.87
2.5e-05,1e-05,6e-13,3e-10,5e-11,0.0582,38000000000.0,1770000000.0,11.55,-79.76
2.5e-05,1e-05,6e-13,3e-10,1.5e-10,0.0582,38000000000.0,1760000000.0,11.55,-78.3
2.5e-05,1e-05,6e-13,3e-10,2e-10,0.0582,38000000000.0,1770000000.0,11.55,-78.52
2.5e-05,1e-05,6e-13,3e-10,2.5e-10,0.0582,38000000000.0,1760000000.0,11.55,-78.45
2.5e-05,1e-05,6e-13,3.5e-10,5e-11,0.0582,35800000000.0,1640000000.0,11.82,-77.99
2.5e-05,1e-05,6e-13,3.5e-10,2e-10,0.0582,35800000000.0,1640000000.0,11.82,-77.28
2.5e-05,1e-05,6e-13,4.5e-10,1e-10,0.0582,32800000000.0,1490000000.0,12.08,-76.0
2.5e-05,1e-05,6e-13,4.5e-10,5e-11,0.0582,32800000000.0,1510000000.0,12.08,-75.95
2.5e-05,1e-05,6e-13,4.5e-10,1.5e-10,0.0582,32800000000.0,1500000000.0,12.08,-75.87
2.5e-05,1e-05,6e-13,4.5e-10,2e-10,0.0582,32800000000.0,1490000000.0,12.08,-76.04
2.5e-05,1e-05,6e-13,4.5e-10,2.5e-10,0.0582,32800000000.0,1490000000.0,12.08,-76.05
2.5e-05,1e-05,6e-13,5e-10,1e-10,0.0582,31700000000.0,1440000000.0,12.15,-75.42
2.5e-05,1e-05,6e-13,5e-10,5e-11,0.0582,31700000000.0,1450000000.0,12.15,-75.4
2.5e-05,1e-05,6e-13,5e-10,1.5e-10,0.0582,31700000000.0,1440000000.0,12.15,-75.07
2.5e-05,1e-05,6e-13,5e-10,2.5e-10,0.0582,31700000000.0,1450000000.0,12.15,-75.33
2.5e-05,1e-05,7e-13,4e-10,5e-11,0.0582,34200000000.0,1550000000.0,11.98,-76.5
2.5e-05,1e-05,7e-13,4e-10,1.5e-10,0.0582,34200000000.0,1550000000.0,11.98,-76.7
2.5e-05,1e-05,7e-13,3e-10,1e-10,0.0582,38000000000.0,1760000000.0,11.55,-78.38
2.5e-05,1e-05,7e-13,3e-10,5e-11,0.0582,38000000000.0,1760000000.0,11.55,-78.51
2.5e-05,1e-05,7e-13,3e-10,1.5e-10,0.0582,38000000000.0,1760000000.0,11.55,-78.28
2.5e-05,1e-05,7e-13,3.5e-10,1e-10,0.0582,35800000000.0,1640000000.0,11.82,-77.32
2.5e-05,1e-05,7e-13,3.5e-10,2e-10,0.0582,35800000000.0,1640000000.0,11.82,-77.33
2.5e-05,1e-05,7e-13,3.5e-10,2.5e-10,0.0582,35800000000.0,1640000000.0,11.82,-77.51
2.5e-05,1e-05,7e-13,4.5e-10,2.5e-10,0.0582,32800000000.0,1500000000.0,12.08,-75.66
2.5e-05,1e-05,7e-13,5e-10,1e-10,0.0582,31700000000.0,1450000000.0,12.15,-75.49
2.5e-05,1e-05,7e-13,5e-10,5e-11,0.0582,31700000000.0,1440000000.0,12.15,-75.43
2.5e-05,1e-05,7e-13,5e-10,2e-10,0.0582,31700000000.0,1450000000.0,12.15,-75.52
2.5e-05,1e-05,7e-13,5e-10,2.5e-10,0.0582,31700000000.0,1460000000.0,12.15,-75.48
2.5e-05,1.1e-05,5e-13,4e-10,1e-10,0.0582,33900000000.0,1630000000.0,11.96,-76.47
2.5e-05,1.1e-05,5e-13,4e-10,5e-11,0.0582,33900000000.0,1620000000.0,11.96,-76.52
2.5e-05,1.1e-05,5e-13,4e-10,1.5e-10,0.0582,33900000000.0,1620000000.0,11.96,-76.62
2.5e-05,1.1e-05,5e-13,4e-10,2e-10,0.0582,33900000000.0,1630000000.0,11.96,-76.46
2.5e-05,1.1e-05,5e-13,4e-10,2.5e-10,0.0582,33900000000.0,1620000000.0,11.96,-76.55
2.5e-05,1.1e-05,5e-13,3e-10,1e-10,0.0582,37700000000.0,1830000000.0,11.55,-78.18
2.5e-05,1.1e-05,5e-13,3e-10,5e-11,0.0582,37700000000.0,1840000000.0,11.54,-78.57
2.5e-05,1.1e-05,5e-13,3e-10,1.5e-10,0.0582,37700000000.0,1840000000.0,11.54,-78.46
2.5e-05,1.1e-05,5e-13,3e-10,2e-10,0.0582,37700000000.0,1830000000.0,11.54,-78.41
2.5e-05,1.1e-05,5e-13,3e-10,2.5e-10,0.0582,37700000000.0,1840000000.0,11.54,-78.3
2.5e-05,1.1e-05,5e-13,3.5e-10,1e-10,0.0582,35600000000.0,1710000000.0,11.8,-77.49
2.5e-05,1.1e-05,5e-13,3.5e-10,5e-11,0.0582,35600000000.0,1710000000.0,11.8,-77.26
2.5e-05,1.1e-05,5e-13,3.5e-10,1.5e-10,0.0582,35600000000.0,1710000000.0,11.81,-77.36
2.5e-05,1.1e-05,5e-13,3.5e-10,2e-10,0.0582,35600000000.0,1700000000.0,11.8,-77.42
2.5e-05,1.1e-05,5e-13,3.5e-10,2.5e-10,0.0582,35600000000.0,1700000000.0,11.8,-77.44
2.5e-05,1.1e-05,5e-13,4.5e-10,1e-10,0.0582,32600000000.0,1560000000.0,12.06,-76.03
2.5e-05,1.1e-05,5e-13,4.5e-10,5e-11,0.0582,32600000000.0,1550000000.0,12.06,-76.0
2.5e-05,1.1e-05,5e-13,4.5e-10,1.5e-10,0.0582,32600000000.0,1560000000.0,12.06,-75.81
2.5e-05,1.1e-05,5e-13,4.5e-10,2e-10,0.0582,32600000000.0,1570000000.0,12.06,-75.92
2.5e-05,1.1e-05,5e-13,4.5e-10,2.5e-10,0.0582,32600000000.0,1560000000.0,12.06,-75.94
2.5e-05,1.1e-05,5e-13,5e-10,1e-10,0.0582,31500000000.0,1510000000.0,12.13,-75.4
2.5e-05,1.1e-05,5e-13,5e-10,5e-11,0.0582,31500000000.0,1520000000.0,12.13,-75.3
2.5e-05,1.1e-05,5e-13,5e-10,1.5e-10,0.0582,31500000000.0,1510000000.0,12.13,-75.28
2.5e-05,1.1e-05,5e-13,5e-10,2.5e-10,0.0582,31500000000.0,1530000000.0,12.13,-74.23
2.5e-05,1.1e-05,3e-13,4e-10,1e-10,0.0582,33900000000.0,1620000000.0,11.96,-76.59
2.5e-05,1.1e-05,3e-13,4e-10,5e-11,0.0582,33900000000.0,1630000000.0,11.96,-76.48
2.5e-05,1.1e-05,3e-13,4e-10,1.5e-10,0.0582,33900000000.0,1620000000.0,11.96,-76.47
2.5e-05,1.1e-05,3e-13,4e-10,2e-10,0.0582,33900000000.0,1620000000.0,11.96,-76.43
2.5e-05,1.1e-05,3e-13,4e-10,2.5e-10,0.0582,33900000000.0,1620000000.0,11.96,-76.53
2.5e-05,1.1e-05,3e-13,3e-10,1e-10,0.0582,37700000000.0,1830000000.0,11.55,-78.24
2.5e-05,1.1e-05,3e-13,3e-10,5e-11,0.0582,37700000000.0,1830000000.0,11.55,-78.22
2.5e-05,1.1e-05,3e-13,3e-10,1.5e-10,0.0582,37700000000.0,1830000000.0,11.55,-78.17
2.5e-05,1.1e-05,3e-13,3e-10,2e-10,0.0582,37700000000.0,1840000000.0,11.54,-78.35
2.5e-05,1.1e-05,3e-13,3.5e-10,1e-10,0.0582,35600000000.0,1710000000.0,11.8,-77.23
2.5e-05,1.1e-05,3e-13,3.5e-10,5e-11,0.0582,35600000000.0,1710000000.0,11.8,-77.24
2.5e-05,1.1e-05,3e-13,3.5e-10,2.5e-10,0.0582,35600000000.0,1700000000.0,11.8,-77.21
2.5e-05,1.1e-05,3e-13,4.5e-10,1e-10,0.0582,32600000000.0,1560000000.0,12.06,-75.89
2.5e-05,1.1e-05,3e-13,4.5e-10,1.5e-10,0.0582,32600000000.0,1570000000.0,12.06,-75.88
2.5e-05,1.1e-05,3e-13,4.5e-10,2e-10,0.0582,32600000000.0,1560000000.0,12.06,-75.93
2.5e-05,1.1e-05,3e-13,4.5e-10,2.5e-10,0.0582,32600000000.0,1560000000.0,12.06,-75.85
2.5e-05,1.1e-05,3e-13,5e-10,1e-10,0.0582,31500000000.0,1520000000.0,12.13,-75.32
2.5e-05,1.1e-05,3e-13,5e-10,5e-11,0.0582,31500000000.0,1510000000.0,12.13,-75.47
2.5e-05,1.1e-05,3e-13,5e-10,2.5e-10,0.0582,31500000000.0,1510000000.0,12.12,-75.48
2.5e-05,1.1e-05,4e-13,4e-10,1e-10,0.0582,33900000000.0,1620000000.0,11.96,-76.46
2.5e-05,1.1e-05,4e-13,4e-10,5e-11,0.0582,33900000000.0,1630000000.0,11.96,-76.45
2.5e-05,1.1e-05,4e-13,4e-10,1.5e-10,0.0582,33900000000.0,1620000000.0,11.96,-76.64
2.5e-05,1.1e-05,4e-13,4e-10,2e-10,0.0582,33900000000.0,1620000000.0,11.96,-76.42
2.5e-05,1.1e-05,4e-13,4e-10,2.5e-10,0.0582,33900000000.0,1620000000.0,11.96,-76.57
2.5e-05,1.1e-05,4e-13,3e-10,1e-10,0.0582,37700000000.0,1830000000.0,11.55,-78.26
2.5e-05,1.1e-05,4e-13,3e-10,5e-11,0.0582,37700000000.0,1830000000.0,11.55,-78.44
2.5e-05,1.1e-05,4e-13,3e-10,1.5e-10,0.0582,37700000000.0,1830000000.0,11.54,-78.44
2.5e-05,1.1e-05,4e-13,3e-10,2.5e-10,0.0582,37700000000.0,1840000000.0,11.54,-78.37
2.5e-05,1.1e-05,4e-13,3.5e-10,1e-10,0.0582,35600000000.0,1700000000.0,11.8,-77.22
2.5e-05,1.1e-05,4e-13,3.5e-10,5e-11,0.0582,35600000000.0,1710000000.0,11.81,-77.26
2.5e-05,1.1e-05,4e-13,3.5e-10,1.5e-10,0.0582,35600000000.0,1710000000.0,11.8,-77.69
2.5e-05,1.1e-05,4e-13,3.5e-10,2.5e-10,0.0582,35600000000.0,1710000000.0,11.8,-77.3
2.5e-05,1.1e-05,4e-13,4.5e-10,1e-10,0.0582,32600000000.0,1560000000.0,12.06,-75.98
2.5e-05,1.1e-05,4e-13,4.5e-10,2.5e-10,0.0582,32600000000.0,1560000000.0,12.06,-75.97
2.5e-05,1.1e-05,4e-13,5e-10,1e-10,0.0582,31500000000.0,1510000000.0,12.13,-75.45
2.5e-05,1.1e-05,4e-13,5e-10,2e-10,0.0582,31500000000.0,1520000000.0,12.13,-75.29
2.5e-05,1.1e-05,4e-13,5e-10,2.5e-10,0.0582,31500000000.0,1510000000.0,12.13,-75.16
2.5e-05,1.1e-05,6e-13,4e-10,5e-11,0.0582,33900000000.0,1620000000.0,11.96,-76.58
2.5e-05,1.1e-05,6e-13,4e-10,2e-10,0.0582,33900000000.0,1630000000.0,11.96,-76.6
2.5e-05,1.1e-05,6e-13,3e-10,5e-11,0.0582,37700000000.0,1840000000.0,11.54,-78.34
2.5e-05,1.1e-05,6e-13,3e-10,2e-10,0.0582,37700000000.0,1830000000.0,11.55,-78.54
2.5e-05,1.1e-05,6e-13,3e-10,2.5e-10,0.0582,37700000000.0,1830000000.0,11.55,-78.62
2.5e-05,1.1e-05,6e-13,3.5e-10,1e-10,0.0582,35600000000.0,1710000000.0,11.81,-77.16
2.5e-05,1.1e-05,6e-13,3.5e-10,1.5e-10,0.0582,35600000000.0,1710000000.0,11.8,-77.36
2.5e-05,1.1e-05,6e-13,3.5e-10,2e-10,0.0582,35600000000.0,1700000000.0,11.8,-77.47
2.5e-05,1.1e-05,6e-13,4.5e-10,1e-10,0.0582,32600000000.0,1570000000.0,12.06,-75.82
2.5e-05,1.1e-05,6e-13,4.5e-10,1.5e-10,0.0582,32600000000.0,1560000000.0,12.06,-75.99
2.5e-05,1.1e-05,6e-13,4.5e-10,2.5e-10,0.0582,32600000000.0,1560000000.0,12.06,-76.74
2.5e-05,1.1e-05,6e-13,5e-10,1.5e-10,0.0582,31500000000.0,1510000000.0,12.13,-75.48
2.5e-05,1.1e-05,6e-13,5e-10,2e-10,0.0582,31500000000.0,1510000000.0,12.13,-75.35
2.5e-05,1.1e-05,7e-13,4e-10,5e-11,0.0582,33900000000.0,1620000000.0,11.96,-76.44
2.5e-05,1.1e-05,7e-13,3e-10,1e-10,0.0582,37700000000.0,1840000000.0,11.54,-79.65
2.5e-05,1.1e-05,7e-13,3e-10,5e-11,0.0582,37700000000.0,1830000000.0,11.54,-78.46
2.5e-05,1.1e-05,7e-13,3e-10,2e-10,0.0582,37700000000.0,1830000000.0,11.54,-78.65
2.5e-05,1.1e-05,7e-13,3e-10,2.5e-10,0.0582,37700000000.0,1830000000.0,11.55,-78.27
2.5e-05,1.1e-05,7e-13,3.5e-10,1.5e-10,0.0582,35600000000.0,1700000000.0,11.8,-77.45
2.5e-05,1.1e-05,7e-13,3.5e-10,2e-10,0.0582,35600000000.0,1710000000.0,11.8,-77.7
2.5e-05,1.1e-05,7e-13,4.5e-10,1.5e-10,0.0582,32600000000.0,1570000000.0,12.06,-75.8
2.5e-05,1.1e-05,7e-13,4.5e-10,2e-10,0.0582,32600000000.0,1550000000.0,12.06,-75.88
2.5e-05,1.1e-05,7e-13,4.5e-10,2.5e-10,0.0582,32600000000.0,1550000000.0,12.06,-76.01
2.5e-05,1.1e-05,7e-13,5e-10,1.5e-10,0.0582,31500000000.0,1520000000.0,12.13,-75.37
2.5e-05,1.1e-05,7e-13,5e-10,2e-10,0.0582,31500000000.0,1510000000.0,12.13,-75.41
2.5e-05,1.1e-05,7e-13,5e-10,2.5e-10,0.0582,31500000000.0,1510000000.0,12.13,-75.44
2.5e-05,1.2e-05,5e-13,4e-10,1e-10,0.0582,33700000000.0,1680000000.0,11.94,-76.42
2.5e-05,1.2e-05,5e-13,4e-10,5e-11,0.0582,33700000000.0,1670000000.0,11.94,-76.57
2.5e-05,1.2e-05,5e-13,4e-10,1.5e-10,0.0582,33700000000.0,1670000000.0,11.94,-76.39
2.5e-05,1.2e-05,5e-13,4e-10,2e-10,0.0582,33700000000.0,1670000000.0,11.94,-76.53
2.5e-05,1.2e-05,5e-13,4e-10,2.5e-10,0.0582,33700000000.0,1670000000.0,11.94,-76.7
2.5e-05,1.2e-05,5e-13,3e-10,1e-10,0.0582,37500000000.0,1890000000.0,11.53,-78.29
2.5e-05,1.2e-05,5e-13,3e-10,5e-11,0.0582,37500000000.0,1880000000.0,11.53,-78.22
2.5e-05,1.2e-05,5e-13,3e-10,1.5e-10,0.0582,37500000000.0,1890000000.0,11.53,-78.21
2.5e-05,1.2e-05,5e-13,3e-10,2e-10,0.0582,37500000000.0,1890000000.0,11.53,-78.07
2.5e-05,1.2e-05,5e-13,3e-10,2.5e-10,0.0582,37500000000.0,1890000000.0,11.53,-78.26
2.5e-05,1.2e-05,5e-13,3.5e-10,1e-10,0.0582,35400000000.0,1750000000.0,11.79,-77.49
2.5e-05,1.2e-05,5e-13,3.5e-10,5e-11,0.0582,35400000000.0,1750000000.0,11.79,-77.1
2.5e-05,1.2e-05,5e-13,3.5e-10,1.5e-10,0.0582,35400000000.0,1760000000.0,11.79,-77.16
2.5e-05,1.2e-05,5e-13,3.5e-10,2e-10,0.0582,35400000000.0,1750000000.0,11.79,-77.26
2.5e-05,1.2e-05,5e-13,3.5e-10,2.5e-10,0.0582,35400000000.0,1760000000.0,11.79,-77.15
2.5e-05,1.2e-05,5e-13,4.5e-10,1e-10,0.0582,32400000000.0,1600000000.0,12.03,-75.91
2.5e-05,1.2e-05,5e-13,4.5e-10,5e-11,0.0582,32400000000.0,1610000000.0,12.03,-75.79
2.5e-05,1.2e-05,5e-13,4.5e-10,1.5e-10,0.0582,32400000000.0,1620000000.0,12.03,-75.76
2.5e-05,1.2e-05,5e-13,4.5e-10,2e-10,0.0582,32400000000.0,1620000000.0,12.03,-75.75
2.5e-05,1.2e-05,5e-13,4.5e-10,2.5e-10,0.0582,32400000000.0,1620000000.0,12.04,-75.8
2.5e-05,1.2e-05,5e-13,5e-10,1e-10,0.0582,31300000000.0,1560000000.0,12.1,-75.26
2.5e-05,1.2e-05,5e-13,5e-10,5e-11,0.0582,31300000000.0,1560000000.0,12.11,-75.44
2.5e-05,1.2e-05,5e-13,5e-10,1.5e-10,0.0582,31300000000.0,1560000000.0,12.11,-75.47
2.5e-05,1.2e-05,5e-13,5e-10,2e-10,0.0582,31300000000.0,1570000000.0,12.11,-75.42
2.5e-05,1.2e-05,3e-13,4e-10,1e-10,0.0582,33700000000.0,1670000000.0,11.94,-76.44
2.5e-05,1.2e-05,3e-13,4e-10,5e-11,0.0582,33700000000.0,1670000000.0,11.93,-76.38
2.5e-05,1.2e-05,3e-13,4e-10,2e-10,0.0582,33700000000.0,1670000000.0,11.93,-76.45
2.5e-05,1.2e-05,3e-13,3e-10,1e-10,0.0582,37500000000.0,1880000000.0,11.53,-78.17
2.5e-05,1.2e-05,3e-13,3e-10,5e-11,0.0582,37500000000.0,1880000000.0,11.53,-77.41
2.5e-05,1.2e-05,3e-13,3e-10,1.5e-10,0.0582,37500000000.0,1880000000.0,11.53,-78.29
2.5e-05,1.2e-05,3e-13,3e-10,2.5e-10,0.0582,37500000000.0,1890000000.0,11.53,-77.3
2.5e-05,1.2e-05,3e-13,3.5e-10,1e-10,0.0582,35400000000.0,1750000000.0,11.78,-77.26
2.5e-05,1.2e-05,3e-13,3.5e-10,5e-11,0.0582,35400000000.0,1760000000.0,11.78,-77.33
2.5e-05,1.2e-05,3e-13,3.5e-10,1.5e-10,0.0582,35400000000.0,1760000000.0,11.78,-77.85
2.5e-05,1.2e-05,3e-13,3.5e-10,2e-10,0.0582,35400000000.0,1760000000.0,11.79,-80.62
2.5e-05,1.2e-05,3e-13,3.5e-10,2.5e-10,0.0582,35400000000.0,1760000000.0,11.78,-77.16
2.5e-05,1.2e-05,3e-13,4.5e-10,1e-10,0.0582,32400000000.0,1610000000.0,12.04,-76.15
2.5e-05,1.2e-05,3e-13,4.5e-10,5e-11,0.0582,32400000000.0,1610000000.0,12.03,-75.74
2.5e-05,1.2e-05,3e-13,4.5e-10,1.5e-10,0.0582,32400000000.0,1610000000.0,12.03,-75.76
2.5e-05,1.2e-05,3e-13,4.5e-10,2e-10,0.0582,32400000000.0,1610000000.0,12.03,-75.82
2.5e-05,1.2e-05,3e-13,5e-10,1e-10,0.0582,31300000000.0,1560000000.0,12.1,-75.44
2.5e-05,1.2e-05,3e-13,5e-10,5e-11,0.0582,31300000000.0,1570000000.0,12.1,-75.26
2.5e-05,1.2e-05,3e-13,5e-10,1.5e-10,0.0582,31300000000.0,1570000000.0,12.1,-75.24
2.5e-05,1.2e-05,3e-13,5e-10,2e-10,0.0582,31300000000.0,1560000000.0,12.1,-75.37
2.5e-05,1.2e-05,3e-13,5e-10,2.5e-10,0.0582,31300000000.0,1560000000.0,12.1,-75.28
2.5e-05,1.2e-05,4e-13,4e-10,1e-10,0.0582,33700000000.0,1680000000.0,11.94,-76.41
2.5e-05,1.2e-05,4e-13,4e-10,1.5e-10,0.0582,33700000000.0,1670000000.0,11.94,-76.55
2.5e-05,1.2e-05,4e-13,4e-10,2e-10,0.0582,33700000000.0,1670000000.0,11.94,-76.56
2.5e-05,1.2e-05,4e-13,4e-10,2.5e-10,0.0582,33700000000.0,1670000000.0,11.93,-76.51
2.5e-05,1.2e-05,4e-13,3e-10,1e-10,0.0582,37500000000.0,1890000000.0,11.53,-78.1
2.5e-05,1.2e-05,4e-13,3e-10,5e-11,0.0582,37500000000.0,1890000000.0,11.53,-78.15
2.5e-05,1.2e-05,4e-13,3e-10,1.5e-10,0.0582,37500000000.0,1890000000.0,11.53,-78.05
2.5e-05,1.2e-05,4e-13,3e-10,2e-10,0.0582,37500000000.0,1890000000.0,11.53,-78.17
2.5e-05,1.2e-05,4e-13,3e-10,2.5e-10,0.0582,37500000000.0,1880000000.0,11.53,-78.19
2.5e-05,1.2e-05,4e-13,3.5e-10,1e-10,0.0582,35400000000.0,1760000000.0,11.78,-77.19
2.5e-05,1.2e-05,4e-13,3.5e-10,5e-11,0.0582,35400000000.0,1760000000.0,11.79,-76.99
2.5e-05,1.2e-05,4e-13,3.5e-10,1.5e-10,0.0582,35400000000.0,1760000000.0,11.78,-77.17
2.5e-05,1.2e-05,4e-13,3.5e-10,2e-10,0.0582,35400000000.0,1760000000.0,11.78,-77.37
2.5e-05,1.2e-05,4e-13,3.5e-10,2.5e-10,0.0582,35400000000.0,1760000000.0,11.78,-77.01
2.5e-05,1.2e-05,4e-13,4.5e-10,5e-11,0.0582,32400000000.0,1600000000.0,12.03,-75.82
2.5e-05,1.2e-05,4e-13,4.5e-10,1.5e-10,0.0582,32400000000.0,1610000000.0,12.04,-75.92
2.5e-05,1.2e-05,4e-13,5e-10,1e-10,0.0582,31300000000.0,1570000000.0,12.1,-75.25
2.5e-05,1.2e-05,4e-13,5e-10,1.5e-10,0.0582,31300000000.0,1560000000.0,12.1,-75.35
2.5e-05,1.2e-05,4e-13,5e-10,2e-10,0.0582,31300000000.0,1560000000.0,12.1,-75.42
2.5e-05,1.2e-05,6e-13,4e-10,1e-10,0.0582,33700000000.0,1670000000.0,11.93,-76.46
2.5e-05,1.2e-05,6e-13,4e-10,5e-11,0.0582,33700000000.0,1680000000.0,11.94,-76.5
2.5e-05,1.2e-05,6e-13,4e-10,1.5e-10,0.0582,33700000000.0,1670000000.0,11.94,-76.54
2.5e-05,1.2e-05,6e-13,4e-10,2.5e-10,0.0582,33700000000.0,1670000000.0,11.93,-76.42
2.5e-05,1.2e-05,6e-13,3e-10,5e-11,0.0582,37500000000.0,1890000000.0,11.53,-78.16
2.5e-05,1.2e-05,6e-13,3e-10,1.5e-10,0.0582,37500000000.0,1880000000.0,11.53,-78.28
2.5e-05,1.2e-05,6e-13,3e-10,2e-10,0.0582,37500000000.0,1890000000.0,11.53,-78.35
2.5e-05,1.2e-05,6e-13,3.5e-10,1.5e-10,0.0582,35400000000.0,1760000000.0,11.79,-77.19
2.5e-05,1.2e-05,6e-13,3.5e-10,2.5e-10,0.0582,35400000000.0,1760000000.0,11.79,-77.22
2.5e-05,1.2e-05,6e-13,4.5e-10,1e-10,0.0582,32400000000.0,1620000000.0,12.04,-75.84
2.5e-05,1.2e-05,6e-13,4.5e-10,5e-11,0.0582,32400000000.0,1600000000.0,12.03,-75.83
2.5e-05,1.2e-05,6e-13,4.5e-10,1.5e-10,0.0582,32400000000.0,1600000000.0,12.04,-75.95
2.5e-05,1.2e-05,6e-13,4.5e-10,2e-10,0.0582,32400000000.0,1600000000.0,12.04,-75.94
2.5e-05,1.2e-05,6e-13,4.5e-10,2.5e-10,0.0582,32400000000.0,1620000000.0,12.04,-75.76
2.5e-05,1.2e-05,6e-13,5e-10,1e-10,0.0582,31300000000.0,1570000000.0,12.1,-75.36
2.5e-05,1.2e-05,6e-13,5e-10,1.5e-10,0.0582,31300000000.0,1570000000.0,12.1,-75.27
2.5e-05,1.2e-05,6e-13,5e-10,2.5e-10,0.0582,31300000000.0,1570000000.0,12.1,-75.29
2.5e-05,1.2e-05,7e-13,4e-10,1e-10,0.0582,33700000000.0,1670000000.0,11.94,-76.43
2.5e-05,1.2e-05,7e-13,4e-10,5e-11,0.0582,33700000000.0,1670000000.0,11.94,-76.38
2.5e-05,1.2e-05,7e-13,4e-10,1.5e-10,0.0582,33700000000.0,1680000000.0,11.94,-76.54
2.5e-05,1.2e-05,7e-13,4e-10,2e-10,0.0582,33700000000.0,1670000000.0,11.93,-76.4
2.5e-05,1.2e-05,7e-13,3e-10,1e-10,0.0582,37500000000.0,1880000000.0,11.53,-78.25
2.5e-05,1.2e-05,7e-13,3e-10,1.5e-10,0.0582,37500000000.0,1880000000.0,11.53,-78.23
2.5e-05,1.2e-05,7e-13,3e-10,2e-10,0.0582,37500000000.0,1890000000.0,11.53,-78.34
2.5e-05,1.2e-05,7e-13,3e-10,2.5e-10,0.0582,37500000000.0,1880000000.0,11.53,-78.38
2.5e-05,1.2e-05,7e-13,3.5e-10,1e-10,0.0582,35400000000.0,1760000000.0,11.79,-77.17
2.5e-05,1.2e-05,7e-13,3.5e-10,1.5e-10,0.0582,35400000000.0,1750000000.0,11.79,-77.27
2.5e-05,1.2e-05,7e-13,3.5e-10,2.5e-10,0.0582,35400000000.0,1750000000.0,11.79,-77.12
2.5e-05,1.2e-05,7e-13,4.5e-10,1e-10,0.0582,32400000000.0,1600000000.0,12.03,-75.9
2.5e-05,1.2e-05,7e-13,5e-10,1e-10,0.0582,31300000000.0,1560000000.0,12.1,-75.27
2.5e-05,1.2e-05,7e-13,5e-10,5e-11,0.0582,31300000000.0,1570000000.0,12.1,-75.28
2.5e-05,1.3e-05,5e-13,4e-10,1e-10,0.0582,33500000000.0,1700000000.0,11.91,-76.5
2.5e-05,1.3e-05,5e-13,4e-10,2e-10,0.0582,33500000000.0,1700000000.0,11.91,-76.47
2.5e-05,1.3e-05,5e-13,4e-10,2.5e-10,0.0582,33500000000.0,1710000000.0,11.91,-76.32
2.5e-05,1.3e-05,5e-13,3e-10,1e-10,0.0582,37200000000.0,1930000000.0,11.51,-77.9
2.5e-05,1.3e-05,5e-13,3e-10,5e-11,0.0582,37200000000.0,1930000000.0,11.51,-78.21
2.5e-05,1.3e-05,5e-13,3e-10,1.5e-10,0.0582,37200000000.0,1920000000.0,11.51,-78.23
2.5e-05,1.3e-05,5e-13,3e-10,2e-10,0.0582,37200000000.0,1930000000.0,11.51,-77.87
2.5e-05,1.3e-05,5e-13,3e-10,2.5e-10,0.0582,37200000000.0,1930000000.0,11.51,-78.22
2.5e-05,1.3e-05,5e-13,3.5e-10,1e-10,0.0582,35200000000.0,1800000000.0,11.76,-77.13
2.5e-05,1.3e-05,5e-13,3.5e-10,5e-11,0.0582,35200000000.0,1790000000.0,11.76,-77.17
2.5e-05,1.3e-05,5e-13,3.5e-10,1.5e-10,0.0582,35200000000.0,1790000000.0,11.76,-77.27
2.5e-05,1.3e-05,5e-13,3.5e-10,2e-10,0.0582,35200000000.0,1790000000.0,11.76,-77.19
2.5e-05,1.3e-05,5e-13,3.5e-10,2.5e-10,0.0582,35200000000.0,1790000000.0,11.76,-77.21
2.5e-05,1.3e-05,5e-13,4.5e-10,1e-10,0.0582,32200000000.0,1640000000.0,12.01,-75.54
2.5e-05,1.3e-05,5e-13,4.5e-10,5e-11,0.0582,32200000000.0,1650000000.0,12.01,-75.65
2.5e-05,1.3e-05,5e-13,4.5e-10,1.5e-10,0.0582,32200000000.0,1650000000.0,12.01,-75.68
2.5e-05,1.3e-05,5e-13,4.5e-10,2e-10,0.0582,32200000000.0,1640000000.0,12.01,-75.79
2.5e-05,1.3e-05,5e-13,5e-10,1e-10,0.0582,31100000000.0,1610000000.0,12.08,-75.3
2.5e-05,1.3e-05,5e-13,5e-10,5e-11,0.0582,31100000000.0,1590000000.0,12.08,-75.34
2.5e-05,1.3e-05,5e-13,5e-10,1.5e-10,0.0582,31100000000.0,1590000000.0,12.08,-75.4
2.5e-05,1.3e-05,5e-13,5e-10,2e-10,0.0582,31100000000.0,1600000000.0,12.08,-75.39
2.5e-05,1.3e-05,5e-13,5e-10,2.5e-10,0.0582,31100000000.0,1600000000.0,12.07,-75.3
2.5e-05,1.3e-05,3e-13,4e-10,1e-10,0.0582,33500000000.0,1710000000.0,11.91,-76.49
2.5e-05,1.3e-05,3e-13,4e-10,5e-11,0.0582,33500000000.0,1710000000.0,11.91,-76.46
2.5e-05,1.3e-05,3e-13,4e-10,1.5e-10,0.0582,33500000000.0,1710000000.0,11.91,-76.47
2.5e-05,1.3e-05,3e-13,4e-10,2e-10,0.0582,33500000000.0,1710000000.0,11.91,-76.37
2.5e-05,1.3e-05,3e-13,3e-10,1e-10,0.0582,37200000000.0,1930000000.0,11.51,-79.21
2.5e-05,1.3e-05,3e-13,3e-10,5e-11,0.0582,37200000000.0,1930000000.0,11.51,-79.23
2.5e-05,1.3e-05,3e-13,3e-10,1.5e-10,0.0582,37200000000.0,1930000000.0,11.51,-78.09
2.5e-05,1.3e-05,3e-13,3e-10,2e-10,0.0582,37200000000.0,1920000000.0,11.51,-80.0
2.5e-05,1.3e-05,3e-13,3e-10,2.5e-10,0.0582,37200000000.0,1930000000.0,11.51,-78.27
2.5e-05,1.3e-05,3e-13,3.5e-10,1e-10,0.0582,35200000000.0,1790000000.0,11.76,-77.22
2.5e-05,1.3e-05,3e-13,3.5e-10,5e-11,0.0582,35200000000.0,1800000000.0,11.76,-77.34
2.5e-05,1.3e-05,3e-13,3.5e-10,1.5e-10,0.0582,35200000000.0,1800000000.0,11.76,-77.18
2.5e-05,1.3e-05,3e-13,3.5e-10,2e-10,0.0582,35200000000.0,1800000000.0,11.76,-76.97
2.5e-05,1.3e-05,3e-13,3.5e-10,2.5e-10,0.0582,35200000000.0,1790000000.0,11.76,-77.08
2.5e-05,1.3e-05,3e-13,4.5e-10,1e-10,0.0582,32200000000.0,1650000000.0,12.01,-75.81
2.5e-05,1.3e-05,3e-13,4.5e-10,5e-11,0.0582,32200000000.0,1650000000.0,12.01,-75.78
2.5e-05,1.3e-05,3e-13,4.5e-10,1.5e-10,0.0582,32200000000.0,1650000000.0,12.01,-75.72
2.5e-05,1.3e-05,3e-13,4.5e-10,2e-10,0.0582,32200000000.0,1640000000.0,12.01,-75.89
2.5e-05,1.3e-05,3e-13,4.5e-10,2.5e-10,0.0582,32200000000.0,1650000000.0,12.01,-75.79
2.5e-05,1.3e-05,3e-13,5e-10,1e-10,0.0582,31100000000.0,1590000000.0,12.07,-75.33
2.5e-05,1.3e-05,3e-13,5e-10,5e-11,0.0582,31100000000.0,1610000000.0,12.07,-75.21
2.5e-05,1.3e-05,3e-13,5e-10,1.5e-10,0.0582,31100000000.0,1590000000.0,12.08,-75.37
2.5e-05,1.3e-05,3e-13,5e-10,2e-10,0.0582,31100000000.0,1590000000.0,12.07,-75.36
2.5e-05,1.3e-05,3e-13,5e-10,2.5e-10,0.0582,31100000000.0,1590000000.0,12.07,-75.42
2.5e-05,1.3e-05,4e-13,4e-10,1e-10,0.0582,33500000000.0,1710000000.0,11.91,-76.31
2.5e-05,1.3e-05,4e-13,4e-10,5e-11,0.0582,33500000000.0,1710000000.0,11.91,-76.43
2.5e-05,1.3e-05,4e-13,4e-10,2.5e-10,0.0582,33500000000.0,1710000000.0,11.91,-76.38
2.5e-05,1.3e-05,4e-13,3e-10,1e-10,0.0582,37200000000.0,1920000000.0,11.51,-77.99
2.5e-05,1.3e-05,4e-13,3e-10,5e-11,0.0582,37200000000.0,1930000000.0,11.51,-78.2
2.5e-05,1.3e-05,4e-13,3e-10,2e-10,0.0582,37200000000.0,1920000000.0,11.51,-78.04
2.5e-05,1.3e-05,4e-13,3e-10,2.5e-10,0.0582,37200000000.0,1920000000.0,11.51,-78.35
2.5e-05,1.3e-05,4e-13,3.5e-10,1e-10,0.0582,35200000000.0,1790000000.0,11.76,-77.26
2.5e-05,1.3e-05,4e-13,3.5e-10,5e-11,0.0582,35200000000.0,1790000000.0,11.76,-77.34
2.5e-05,1.3e-05,4e-13,3.5e-10,1.5e-10,0.0582,35200000000.0,1800000000.0,11.76,-77.25
2.5e-05,1.3e-05,4e-13,3.5e-10,2e-10,0.0582,35200000000.0,1800000000.0,11.76,-77.72
2.5e-05,1.3e-05,4e-13,4.5e-10,1e-10,0.0582,32200000000.0,1650000000.0,12.01,-75.83
2.5e-05,1.3e-05,4e-13,4.5e-10,5e-11,0.0582,32200000000.0,1650000000.0,12.01,-75.89
2.5e-05,1.3e-05,4e-13,4.5e-10,1.5e-10,0.0582,32200000000.0,1640000000.0,12.01,-75.88
2.5e-05,1.3e-05,4e-13,4.5e-10,2.5e-10,0.0582,32200000000.0,1640000000.0,12.01,-75.91
2.5e-05,1.3e-05,4e-13,5e-10,1e-10,0.0582,31100000000.0,1600000000.0,12.07,-75.25
2.5e-05,1.3e-05,4e-13,5e-10,5e-11,0.0582,31100000000.0,1600000000.0,12.07,-75.21
2.5e-05,1.3e-05,4e-13,5e-10,1.5e-10,0.0582,31100000000.0,1600000000.0,12.07,-75.22
2.5e-05,1.3e-05,4e-13,5e-10,2.5e-10,0.0582,31100000000.0,1600000000.0,12.07,-75.32
2.5e-05,1.3e-05,6e-13,4e-10,1e-10,0.0582,33500000000.0,1700000000.0,11.91,-76.43
2.5e-05,1.3e-05,6e-13,4e-10,1.5e-10,0.0582,33500000000.0,1710000000.0,11.91,-76.39
2.5e-05,1.3e-05,6e-13,4e-10,2e-10,0.0582,33500000000.0,1700000000.0,11.91,-76.51
2.5e-05,1.3e-05,6e-13,4e-10,2.5e-10,0.0582,33500000000.0,1710000000.0,11.91,-76.45
2.5e-05,1.3e-05,6e-13,3e-10,1e-10,0.0582,37200000000.0,1930000000.0,11.51,-78.18
2.5e-05,1.3e-05,6e-13,3e-10,1.5e-10,0.0582,37200000000.0,1920000000.0,11.51,-78.32
2.5e-05,1.3e-05,6e-13,3e-10,2.5e-10,0.0582,37200000000.0,1920000000.0,11.51,-78.37
2.5e-05,1.3e-05,6e-13,3.5e-10,5e-11,0.0582,35100000000.0,1790000000.0,11.76,-77.25
2.5e-05,1.3e-05,6e-13,3.5e-10,1.5e-10,0.0582,35100000000.0,1790000000.0,11.76,-77.27
2.5e-05,1.3e-05,6e-13,3.5e-10,2.5e-10,0.0582,35200000000.0,1790000000.0,11.76,-77.24
2.5e-05,1.3e-05,6e-13,4.5e-10,5e-11,0.0582,32200000000.0,1650000000.0,12.01,-75.71
2.5e-05,1.3e-05,6e-13,4.5e-10,1.5e-10,0.0582,32200000000.0,1650000000.0,12.01,-75.82
2.5e-05,1.3e-05,6e-13,5e-10,1e-10,0.0582,31100000000.0,1600000000.0,12.07,-75.33
2.5e-05,1.3e-05,6e-13,5e-10,2.5e-10,0.0582,31100000000.0,1590000000.0,12.08,-74.99
2.5e-05,1.3e-05,7e-13,4e-10,1e-10,0.0582,33500000000.0,1710000000.0,11.91,-76.35
2.5e-05,1.3e-05,7e-13,4e-10,5e-11,0.0582,33500000000.0,1700000000.0,11.91,-76.48
2.5e-05,1.3e-05,7e-13,3e-10,5e-11,0.0582,37200000000.0,1920000000.0,11.51,-78.12
2.5e-05,1.3e-05,7e-13,3e-10,1.5e-10,0.0582,37200000000.0,1920000000.0,11.51,-78.1
2.5e-05,1.3e-05,7e-13,3e-10,2e-10,0.0582,37200000000.0,1920000000.0,11.51,-78.09
2.5e-05,1.3e-05,7e-13,3e-10,2.5e-10,0.0582,37200000000.0,1920000000.0,11.51,-78.11
2.5e-05,1.3e-05,7e-13,3.5e-10,1e-10,0.0582,35100000000.0,1790000000.0,11.76,-77.24
2.5e-05,1.3e-05,7e-13,3.5e-10,2e-10,0.0582,35100000000.0,1790000000.0,11.76,-77.1
2.5e-05,1.3e-05,7e-13,3.5e-10,2.5e-10,0.0582,35200000000.0,1800000000.0,11.76,-77.15
2.5e-05,1.3e-05,7e-13,5e-10,5e-11,0.0582,31100000000.0,1590000000.0,12.08,-75.39
2.5e-05,1.3e-05,7e-13,5e-10,1.5e-10,0.0582,31100000000.0,1610000000.0,12.08,-75.23
2.5e-05,1.3e-05,7e-13,5e-10,2.5e-10,0.0582,31100000000.0,1590000000.0,12.08,-75.42
2.5e-05,1.4e-05,5e-13,4e-10,1e-10,0.0582,33300000000.0,1730000000.0,11.88,-76.4
2.5e-05,1.4e-05,5e-13,4e-10,5e-11,0.0582,33300000000.0,1730000000.0,11.88,-76.36
2.5e-05,1.4e-05,5e-13,4e-10,1.5e-10,0.0582,33300000000.0,1730000000.0,11.88,-76.42
2.5e-05,1.4e-05,5e-13,4e-10,2e-10,0.0582,33300000000.0,1730000000.0,11.88,-76.45
2.5e-05,1.4e-05,5e-13,4e-10,2.5e-10,0.0582,33300000000.0,1740000000.0,11.88,-76.24
2.5e-05,1.4e-05,5e-13,3e-10,1e-10,0.0582,37000000000.0,1950000000.0,11.48,-77.9
2.5e-05,1.4e-05,5e-13,3e-10,5e-11,0.0582,37000000000.0,1950000000.0,11.48,-78.11
2.5e-05,1.4e-05,5e-13,3e-10,2e-10,0.0582,37000000000.0,1940000000.0,11.48,-78.01
2.5e-05,1.4e-05,5e-13,3e-10,2.5e-10,0.0582,37000000000.0,1950000000.0,11.48,-77.99
2.5e-05,1.4e-05,5e-13,3.5e-10,1e-10,0.0582,35000000000.0,1820000000.0,11.73,-77.05
2.5e-05,1.4e-05,5e-13,3.5e-10,5e-11,0.0582,35000000000.0,1820000000.0,11.73,-77.52
2.5e-05,1.4e-05,5e-13,3.5e-10,1.5e-10,0.0582,35000000000.0,1820000000.0,11.73,-76.9
2.5e-05,1.4e-05,5e-13,3.5e-10,2e-10,0.0582,35000000000.0,1820000000.0,11.73,-76.99
2.5e-05,1.4e-05,5e-13,3.5e-10,2.5e-10,0.0582,35000000000.0,1810000000.0,11.73,-77.04
2.5e-05,1.4e-05,5e-13,4.5e-10,1e-10,0.0582,32000000000.0,1670000000.0,11.98,-75.83
2.5e-05,1.4e-05,5e-13,4.5e-10,5e-11,0.0582,32000000000.0,1670000000.0,11.98,-75.75
2.5e-05,1.4e-05,5e-13,4.5e-10,1.5e-10,0.0582,32000000000.0,1680000000.0,11.98,-75.68
2.5e-05,1.4e-05,5e-13,4.5e-10,2e-10,0.0582,32000000000.0,1670000000.0,11.98,-75.64
2.5e-05,1.4e-05,5e-13,4.5e-10,2.5e-10,0.0582,32000000000.0,1670000000.0,11.98,-75.84
2.5e-05,1.4e-05,5e-13,5e-10,1e-10,0.0582,30900000000.0,1620000000.0,12.05,-75.38
2.5e-05,1.4e-05,5e-13,5e-10,5e-11,0.0582,30900000000.0,1630000000.0,12.05,-75.39
2.5e-05,1.4e-05,5e-13,5e-10,1.5e-10,0.0582,30900000000.0,1620000000.0,12.05,-75.23
2.5e-05,1.4e-05,5e-13,5e-10,2e-10,0.0582,30900000000.0,1630000000.0,12.05,-75.17
2.5e-05,1.4e-05,5e-13,5e-10,2.5e-10,0.0582,30900000000.0,1620000000.0,12.05,-75.3
2.5e-05,1.4e-05,3e-13,4e-10,5e-11,0.0582,33300000000.0,1730000000.0,11.88,-76.32
2.5e-05,1.4e-05,3e-13,4e-10,2e-10,0.0582,33300000000.0,1730000000.0,11.88,-76.55
2.5e-05,1.4e-05,3e-13,4e-10,2.5e-10,0.0582,33300000000.0,1730000000.0,11.88,-76.35
2.5e-05,1.4e-05,3e-13,3e-10,1e-10,0.0582,37000000000.0,1950000000.0,11.48,-78.07
2.5e-05,1.4e-05,3e-13,3e-10,5e-11,0.0582,37000000000.0,1950000000.0,11.48,-78.19
2.5e-05,1.4e-05,3e-13,3e-10,2e-10,0.0582,37000000000.0,1950000000.0,11.48,-77.98
2.5e-05,1.4e-05,3e-13,3.5e-10,1e-10,0.0582,35000000000.0,1820000000.0,11.73,-76.98
2.5e-05,1.4e-05,3e-13,3.5e-10,5e-11,0.0582,35000000000.0,1820000000.0,11.73,-77.13
2.5e-05,1.4e-05,3e-13,3.5e-10,1.5e-10,0.0582,35000000000.0,1820000000.0,11.73,-77.14
2.5e-05,1.4e-05,3e-13,3.5e-10,2e-10,0.0582,35000000000.0,1820000000.0,11.73,-76.85
2.5e-05,1.4e-05,3e-13,3.5e-10,2.5e-10,0.0582,35000000000.0,1820000000.0,11.73,-77.03
2.5e-05,1.4e-05,3e-13,4.5e-10,1e-10,0.0582,32000000000.0,1670000000.0,11.98,-75.73
2.5e-05,1.4e-05,3e-13,4.5e-10,1.5e-10,0.0582,32000000000.0,1680000000.0,11.98,-75.66
2.5e-05,1.4e-05,3e-13,4.5e-10,2e-10,0.0582,32000000000.0,1670000000.0,11.98,-75.74
2.5e-05,1.4e-05,3e-13,4.5e-10,2.5e-10,0.0582,32000000000.0,1670000000.0,11.98,-75.8
2.5e-05,1.4e-05,3e-13,5e-10,1e-10,0.0582,30900000000.0,1620000000.0,12.05,-75.4
2.5e-05,1.4e-05,3e-13,5e-10,5e-11,0.0582,30900000000.0,1620000000.0,12.04,-75.16
2.5e-05,1.4e-05,3e-13,5e-10,2e-10,0.0582,30900000000.0,1620000000.0,12.05,-75.31
2.5e-05,1.4e-05,3e-13,5e-10,2.5e-10,0.0582,30900000000.0,1620000000.0,12.04,-75.24
2.5e-05,1.4e-05,4e-13,4e-10,1e-10,0.0582,33300000000.0,1730000000.0,11.88,-76.31
2.5e-05,1.4e-05,4e-13,4e-10,1.5e-10,0.0582,33300000000.0,1730000000.0,11.88,-76.38
2.5e-05,1.4e-05,4e-13,4e-10,2e-10,0.0582,33300000000.0,1730000000.0,11.88,-76.27
2.5e-05,1.4e-05,4e-13,3e-10,1e-10,0.0582,37000000000.0,1940000000.0,11.48,-77.93
2.5e-05,1.4e-05,4e-13,3e-10,5e-11,0.0582,37000000000.0,1950000000.0,11.48,-78.13
2.5e-05,1.4e-05,4e-13,3e-10,1.5e-10,0.0582,37000000000.0,1950000000.0,11.48,-78.09
2.5e-05,1.4e-05,4e-13,3e-10,2e-10,0.0582,37000000000.0,1950000000.0,11.48,-78.08
2.5e-05,1.4e-05,4e-13,3e-10,2.5e-10,0.0582,37000000000.0,1940000000.0,11.48,-77.98
2.5e-05,1.4e-05,4e-13,3.5e-10,1e-10,0.0582,35000000000.0,1820000000.0,11.73,-76.84
2.5e-05,1.4e-05,4e-13,3.5e-10,5e-11,0.0582,35000000000.0,1820000000.0,11.73,-76.83
2.5e-05,1.4e-05,4e-13,3.5e-10,1.5e-10,0.0582,35000000000.0,1820000000.0,11.73,-77.02
2.5e-05,1.4e-05,4e-13,3.5e-10,2e-10,0.0582,35000000000.0,1820000000.0,11.73,-76.96
2.5e-05,1.4e-05,4e-13,4.5e-10,1e-10,0.0582,32000000000.0,1670000000.0,11.98,-76.06
2.5e-05,1.4e-05,4e-13,4.5e-10,5e-11,0.0582,32000000000.0,1670000000.0,11.98,-75.78
2.5e-05,1.4e-05,4e-13,4.5e-10,2e-10,0.0582,32000000000.0,1670000000.0,11.98,-75.82
2.5e-05,1.4e-05,4e-13,5e-10,1e-10,0.0582,30900000000.0,1630000000.0,12.05,-75.21
2.5e-05,1.4e-05,4e-13,5e-10,5e-11,0.0582,30900000000.0,1630000000.0,12.05,-75.33
2.5e-05,1.4e-05,4e-13,5e-10,2.5e-10,0.0582,30900000000.0,1630000000.0,12.05,-75.35
2.5e-05,1.4e-05,6e-13,4e-10,5e-11,0.0582,33300000000.0,1730000000.0,11.88,-76.37
2.5e-05,1.4e-05,6e-13,4e-10,2.5e-10,0.0582,33300000000.0,1730000000.0,11.88,-76.39
2.5e-05,1.4e-05,6e-13,3e-10,1e-10,0.0582,37000000000.0,1940000000.0,11.48,-78.1
2.5e-05,1.4e-05,6e-13,3e-10,2e-10,0.0582,37000000000.0,1950000000.0,11.48,-78.24
2.5e-05,1.4e-05,6e-13,3e-10,2.5e-10,0.0582,37000000000.0,1940000000.0,11.48,-73.04
2.5e-05,1.4e-05,6e-13,3.5e-10,1e-10,0.0582,35000000000.0,1810000000.0,11.73,-77.15
2.5e-05,1.4e-05,6e-13,3.5e-10,5e-11,0.0582,35000000000.0,1810000000.0,11.73,-77.2
2.5e-05,1.4e-05,6e-13,3.5e-10,2e-10,0.0582,35000000000.0,1820000000.0,11.73,-79.26
2.5e-05,1.4e-05,6e-13,4.5e-10,5e-11,0.0582,32000000000.0,1670000000.0,11.98,-75.76
2.5e-05,1.4e-05,6e-13,4.5e-10,1.5e-10,0.0582,32000000000.0,1680000000.0,11.98,-75.61
2.5e-05,1.4e-05,6e-13,5e-10,1e-10,0.0582,30900000000.0,1620000000.0,12.05,-75.35
2.5e-05,1.4e-05,6e-13,5e-10,5e-11,0.0582,30900000000.0,1630000000.0,12.05,-75.18
2.5e-05,1.4e-05,6e-13,5e-10,2e-10,0.0582,30900000000.0,1620000000.0,12.05,-75.28
2.5e-05,1.4e-05,7e-13,4e-10,1e-10,0.0582,33300000000.0,1730000000.0,11.88,-76.25
2.5e-05,1.4e-05,7e-13,4e-10,5e-11,0.0582,33300000000.0,1730000000.0,11.88,-76.49
2.5e-05,1.4e-05,7e-13,4e-10,2e-10,0.0582,33300000000.0,1730000000.0,11.88,-76.41
2.5e-05,1.4e-05,7e-13,3e-10,1e-10,0.0582,37000000000.0,1950000000.0,11.48,-78.0
2.5e-05,1.4e-05,7e-13,3e-10,5e-11,0.0582,37000000000.0,1950000000.0,11.48,-78.14
2.5e-05,1.4e-05,7e-13,3e-10,2e-10,0.0582,37000000000.0,1940000000.0,11.48,-77.97
2.5e-05,1.4e-05,7e-13,3.5e-10,5e-11,0.0582,35000000000.0,1820000000.0,11.73,-77.04
2.5e-05,1.4e-05,7e-13,3.5e-10,2e-10,0.0582,35000000000.0,1820000000.0,11.73,-77.12
2.5e-05,1.4e-05,7e-13,4.5e-10,1e-10,0.0582,32000000000.0,1670000000.0,11.98,-75.66
2.5e-05,1.4e-05,7e-13,4.5e-10,2e-10,0.0582,32000000000.0,1660000000.0,11.98,-75.75
2.5e-05,1.4e-05,7e-13,4.5e-10,2.5e-10,0.0582,32000000000.0,1680000000.0,11.98,-75.76
2.5e-05,1.4e-05,7e-13,5e-10,1e-10,0.0582,30900000000.0,1620000000.0,12.05,-75.24
2.5e-05,1.4e-05,7e-13,5e-10,2.5e-10,0.0582,30900000000.0,1620000000.0,12.05,-75.32
2.5e-05,1.5e-05,5e-13,4e-10,1e-10,0.0582,33200000000.0,1750000000.0,11.84,-76.19
2.5e-05,1.5e-05,5e-13,4e-10,5e-11,0.0582,33200000000.0,1750000000.0,11.84,-76.18
2.5e-05,1.5e-05,5e-13,4e-10,1.5e-10,0.0582,33200000000.0,1740000000.0,11.85,-76.37
2.5e-05,1.5e-05,5e-13,3e-10,1e-10,0.0582,36800000000.0,1970000000.0,11.44,-78.6
2.5e-05,1.5e-05,5e-13,3e-10,5e-11,0.0582,36900000000.0,1970000000.0,11.44,-78.0
2.5e-05,1.5e-05,5e-13,3e-10,1.5e-10,0.0582,36800000000.0,1970000000.0,11.44,-77.78
2.5e-05,1.5e-05,5e-13,3e-10,2e-10,0.0582,36800000000.0,1960000000.0,11.44,-77.89
2.5e-05,1.5e-05,5e-13,3e-10,2.5e-10,0.0582,36800000000.0,1950000000.0,11.44,-77.98
2.5e-05,1.5e-05,5e-13,3.5e-10,1e-10,0.0582,34800000000.0,1830000000.0,11.69,-77.01
2.5e-05,1.5e-05,5e-13,3.5e-10,1.5e-10,0.0582,34800000000.0,1830000000.0,11.69,-76.87
2.5e-05,1.5e-05,5e-13,3.5e-10,2e-10,0.0582,34800000000.0,1830000000.0,11.69,-76.9
2.5e-05,1.5e-05,5e-13,3.5e-10,2.5e-10,0.0582,34800000000.0,1830000000.0,11.69,-77.05
2.5e-05,1.5e-05,5e-13,4.5e-10,1e-10,0.0582,31800000000.0,1680000000.0,11.95,-75.91
2.5e-05,1.5e-05,5e-13,4.5e-10,5e-11,0.0582,31800000000.0,1680000000.0,11.94,-75.66
2.5e-05,1.5e-05,5e-13,4.5e-10,1.5e-10,0.0582,31800000000.0,1680000000.0,11.94,-75.7
2.5e-05,1.5e-05,5e-13,4.5e-10,2e-10,0.0582,31800000000.0,1680000000.0,11.94,-75.63
2.5e-05,1.5e-05,5e-13,4.5e-10,2.5e-10,0.0582,31800000000.0,1680000000.0,11.94,-75.58
2.5e-05,1.5e-05,5e-13,5e-10,1e-10,0.0582,30800000000.0,1640000000.0,12.02,-75.25
2.5e-05,1.5e-05,5e-13,5e-10,5e-11,0.0582,30800000000.0,1630000000.0,12.01,-75.16
2.5e-05,1.5e-05,5e-13,5e-10,1.5e-10,0.0582,30800000000.0,1630000000.0,12.02,-74.69
2.5e-05,1.5e-05,5e-13,5e-10,2e-10,0.0582,30800000000.0,1640000000.0,12.02,-73.3
2.5e-05,1.5e-05,5e-13,5e-10,2.5e-10,0.0582,30800000000.0,1630000000.0,12.02,-74.68
2.5e-05,1.5e-05,3e-13,4e-10,1e-10,0.0582,33200000000.0,1750000000.0,11.85,-76.25
2.5e-05,1.5e-05,3e-13,4e-10,5e-11,0.0582,33200000000.0,1740000000.0,11.84,-76.28
2.5e-05,1.5e-05,3e-13,4e-10,2e-10,0.0582,33200000000.0,1740000000.0,11.85,-76.35
2.5e-05,1.5e-05,3e-13,4e-10,2.5e-10,0.0582,33200000000.0,1750000000.0,11.84,-76.17
2.5e-05,1.5e-05,3e-13,3e-10,1e-10,0.0582,36900000000.0,1970000000.0,11.44,-77.97
2.5e-05,1.5e-05,3e-13,3e-10,5e-11,0.0582,36900000000.0,1960000000.0,11.44,-77.94
2.5e-05,1.5e-05,3e-13,3e-10,1.5e-10,0.0582,36900000000.0,1960000000.0,11.44,-78.1
2.5e-05,1.5e-05,3e-13,3e-10,2e-10,0.0582,36900000000.0,1960000000.0,11.44,-78.46
2.5e-05,1.5e-05,3e-13,3.5e-10,1e-10,0.0582,34800000000.0,1830000000.0,11.69,-77.04
2.5e-05,1.5e-05,3e-13,3.5e-10,5e-11,0.0582,34800000000.0,1830000000.0,11.69,-76.95
2.5e-05,1.5e-05,3e-13,3.5e-10,2e-10,0.0582,34800000000.0,1830000000.0,11.69,-77.08
2.5e-05,1.5e-05,3e-13,3.5e-10,2.5e-10,0.0582,34800000000.0,1830000000.0,11.69,-76.97
2.5e-05,1.5e-05,3e-13,4.5e-10,1e-10,0.0582,31800000000.0,1680000000.0,11.94,-75.6
2.5e-05,1.5e-05,3e-13,4.5e-10,5e-11,0.0582,31800000000.0,1680000000.0,11.95,-75.79
2.5e-05,1.5e-05,3e-13,4.5e-10,1.5e-10,0.0582,31800000000.0,1680000000.0,11.94,-75.69
2.5e-05,1.5e-05,3e-13,4.5e-10,2e-10,0.0582,31800000000.0,1680000000.0,11.95,-75.77
2.5e-05,1.5e-05,3e-13,4.5e-10,2.5e-10,0.0582,31800000000.0,1690000000.0,11.95,-75.58
2.5e-05,1.5e-05,3e-13,5e-10,1e-10,0.0582,30800000000.0,1640000000.0,12.02,-75.2
2.5e-05,1.5e-05,3e-13,5e-10,5e-11,0.0582,30800000000.0,1640000000.0,12.01,-75.13
2.5e-05,1.5e-05,3e-13,5e-10,1.5e-10,0.0582,30800000000.0,1640000000.0,12.01,-75.12
2.5e-05,1.5e-05,3e-13,5e-10,2e-10,0.0582,30800000000.0,1640000000.0,12.01,-75.11
2.5e-05,1.5e-05,3e-13,5e-10,2.5e-10,0.0582,30800000000.0,1630000000.0,12.01,-75.22
2.5e-05,1.5e-05,4e-13,4e-10,1e-10,0.0582,33200000000.0,1740000000.0,11.84,-76.29
2.5e-05,1.5e-05,4e-13,4e-10,2.5e-10,0.0582,33200000000.0,1750000000.0,11.84,-76.16
2.5e-05,1.5e-05,4e-13,3e-10,1e-10,0.0582,36900000000.0,1970000000.0,11.44,-77.77
2.5e-05,1.5e-05,4e-13,3e-10,5e-11,0.0582,36900000000.0,1970000000.0,11.44,-77.91
2.5e-05,1.5e-05,4e-13,3e-10,1.5e-10,0.0582,36800000000.0,1970000000.0,11.44,-77.98
2.5e-05,1.5e-05,4e-13,3e-10,2e-10,0.0582,36900000000.0,1960000000.0,11.44,-78.72
2.5e-05,1.5e-05,4e-13,3e-10,2.5e-10,0.0582,36800000000.0,1960000000.0,11.44,-78.06
2.5e-05,1.5e-05,4e-13,3.5e-10,1e-10,0.0582,34800000000.0,1830000000.0,11.69,-76.96
2.5e-05,1.5e-05,4e-13,3.5e-10,5e-11,0.0582,34800000000.0,1830000000.0,11.69,-77.17
2.5e-05,1.5e-05,4e-13,3.5e-10,1.5e-10,0.0582,34800000000.0,1830000000.0,11.69,-77.12
2.5e-05,1.5e-05,4e-13,4.5e-10,1e-10,0.0582,31800000000.0,1690000000.0,11.95,-75.66
2.5e-05,1.5e-05,4e-13,4.5e-10,5e-11,0.0582,31800000000.0,1690000000.0,11.95,-74.48
2.5e-05,1.5e-05,4e-13,4.5e-10,1.5e-10,0.0582,31800000000.0,1680000000.0,11.95,-75.76
2.5e-05,1.5e-05,4e-13,4.5e-10,2.5e-10,0.0582,31800000000.0,1690000000.0,11.94,-75.59
2.5e-05,1.5e-05,4e-13,5e-10,2e-10,0.0582,30800000000.0,1630000000.0,12.02,-75.33
2.5e-05,1.5e-05,4e-13,5e-10,2.5e-10,0.0582,30800000000.0,1650000000.0,12.01,-75.12
2.5e-05,1.5e-05,6e-13,4e-10,1e-10,0.0582,33200000000.0,1750000000.0,11.85,-76.18
2.5e-05,1.5e-05,6e-13,4e-10,1.5e-10,0.0582,33200000000.0,1740000000.0,11.85,-76.26
2.5e-05,1.5e-05,6e-13,4e-10,2.5e-10,0.0582,33200000000.0,1740000000.0,11.85,-76.36
2.5e-05,1.5e-05,6e-13,3e-10,1e-10,0.0582,36800000000.0,1970000000.0,11.44,-77.97
2.5e-05,1.5e-05,6e-13,3e-10,5e-11,0.0582,36800000000.0,1960000000.0,11.44,-77.92
2.5e-05,1.5e-05,6e-13,3e-10,1.5e-10,0.0582,36800000000.0,1970000000.0,11.44,-77.99
2.5e-05,1.5e-05,6e-13,3e-10,2e-10,0.0582,36800000000.0,1960000000.0,11.44,-77.99
2.5e-05,1.5e-05,6e-13,3e-10,2.5e-10,0.0582,36800000000.0,1960000000.0,11.44,-78.44
2.5e-05,1.5e-05,6e-13,3.5e-10,1e-10,0.0582,34800000000.0,1830000000.0,11.69,-76.94
2.5e-05,1.5e-05,6e-13,3.5e-10,1.5e-10,0.0582,34800000000.0,1830000000.0,11.69,-77.07
2.5e-05,1.5e-05,6e-13,3.5e-10,2e-10,0.0582,34800000000.0,1830000000.0,11.69,-76.91
2.5e-05,1.5e-05,6e-13,4.5e-10,1e-10,0.0582,31800000000.0,1690000000.0,11.95,-75.53
2.5e-05,1.5e-05,6e-13,4.5e-10,5e-11,0.0582,31800000000.0,1680000000.0,11.95,-75.8
2.5e-05,1.5e-05,6e-13,4.5e-10,1.5e-10,0.0582,31800000000.0,1690000000.0,11.95,-75.62
2.5e-05,1.5e-05,6e-13,4.5e-10,2e-10,0.0582,31800000000.0,1680000000.0,11.95,-75.81
2.5e-05,1.5e-05,6e-13,4.5e-10,2.5e-10,0.0582,31800000000.0,1690000000.0,11.95,-75.59
2.5e-05,1.5e-05,6e-13,5e-10,1e-10,0.0582,30700000000.0,1630000000.0,12.02,-75.16
2.5e-05,1.5e-05,6e-13,5e-10,5e-11,0.0582,30800000000.0,1630000000.0,12.02,-74.67
2.5e-05,1.5e-05,6e-13,5e-10,1.5e-10,0.0582,30700000000.0,1630000000.0,12.01,-75.19
2.5e-05,1.5e-05,6e-13,5e-10,2e-10,0.0582,30700000000.0,1640000000.0,12.01,-75.14
2.5e-05,1.5e-05,7e-13,4e-10,1e-10,0.0582,33200000000.0,1750000000.0,11.84,-76.26
2.5e-05,1.5e-05,7e-13,4e-10,5e-11,0.0582,33200000000.0,1740000000.0,11.85,-76.25
2.5e-05,1.5e-05,7e-13,4e-10,1.5e-10,0.0582,33200000000.0,1750000000.0,11.85,-76.24
2.5e-05,1.5e-05,7e-13,4e-10,2e-10,0.0582,33200000000.0,1750000000.0,11.84,-76.27
2.5e-05,1.5e-05,7e-13,3e-10,1e-10,0.0582,36800000000.0,1960000000.0,11.44,-78.1
2.5e-05,1.5e-05,7e-13,3e-10,1.5e-10,0.0582,36800000000.0,1960000000.0,11.44,-78.09
2.5e-05,1.5e-05,7e-13,3e-10,2e-10,0.0582,36800000000.0,1970000000.0,11.44,-77.92
2.5e-05,1.5e-05,7e-13,3e-10,2.5e-10,0.0582,36800000000.0,1960000000.0,11.44,-78.0
2.5e-05,1.5e-05,7e-13,3.5e-10,1e-10,0.0582,34800000000.0,1830000000.0,11.7,-77.03
2.5e-05,1.5e-05,7e-13,3.5e-10,1.5e-10,0.0582,34800000000.0,1830000000.0,11.69,-77.03
2.5e-05,1.5e-05,7e-13,3.5e-10,2.5e-10,0.0582,34800000000.0,1830000000.0,11.69,-76.99
2.5e-05,1.5e-05,7e-13,4.5e-10,1e-10,0.0582,31800000000.0,1690000000.0,11.94,-75.6
2.5e-05,1.5e-05,7e-13,4.5e-10,5e-11,0.0582,31800000000.0,1680000000.0,11.95,-75.68
2.5e-05,1.5e-05,7e-13,4.5e-10,1.5e-10,0.0582,31800000000.0,1680000000.0,11.95,-75.32
2.5e-05,1.5e-05,7e-13,4.5e-10,2e-10,0.0582,31800000000.0,1690000000.0,11.95,-75.6
2.5e-05,1.5e-05,7e-13,5e-10,1e-10,0.0582,30700000000.0,1640000000.0,12.02,-75.27
2.5e-05,1.5e-05,7e-13,5e-10,5e-11,0.0582,30700000000.0,1640000000.0,12.01,-75.12
2.5e-05,1.5e-05,7e-13,5e-10,1.5e-10,0.0582,30700000000.0,1640000000.0,12.02,-75.25
2.5e-05,1.5e-05,7e-13,5e-10,2e-10,0.0582,30700000000.0,1640000000.0,12.01,-75.11
2.5e-05,1.5e-05,7e-13,5e-10,2.5e-10,0.0582,30700000000.0,1640000000.0,12.02,-75.2
2.5e-05,1.6e-05,5e-13,4e-10,1e-10,0.0582,33000000000.0,1750000000.0,11.81,-76.17
2.5e-05,1.6e-05,5e-13,4e-10,5e-11,0.0582,33000000000.0,1750000000.0,11.81,-76.09
2.5e-05,1.6e-05,5e-13,4e-10,1.5e-10,0.0582,33000000000.0,1750000000.0,11.81,-76.2
2.5e-05,1.6e-05,5e-13,4e-10,2e-10,0.0582,33000000000.0,1750000000.0,11.81,-76.18
2.5e-05,1.6e-05,5e-13,3e-10,1e-10,0.0582,36700000000.0,1960000000.0,11.41,-77.73
2.5e-05,1.6e-05,5e-13,3e-10,5e-11,0.0582,36700000000.0,1960000000.0,11.41,-77.75
2.5e-05,1.6e-05,5e-13,3e-10,1.5e-10,0.0582,36700000000.0,1960000000.0,11.4,-77.86
2.5e-05,1.6e-05,5e-13,3e-10,2e-10,0.0582,36700000000.0,1960000000.0,11.4,-77.78
2.5e-05,1.6e-05,5e-13,3e-10,2.5e-10,0.0582,36700000000.0,1960000000.0,11.4,-77.89
2.5e-05,1.6e-05,5e-13,3.5e-10,1e-10,0.0582,34600000000.0,1830000000.0,11.65,-77.0
2.5e-05,1.6e-05,5e-13,3.5e-10,5e-11,0.0582,34600000000.0,1830000000.0,11.65,-76.97
2.5e-05,1.6e-05,5e-13,3.5e-10,1.5e-10,0.0582,34600000000.0,1830000000.0,11.65,-76.84
2.5e-05,1.6e-05,5e-13,3.5e-10,2e-10,0.0582,34600000000.0,1830000000.0,11.65,-76.99
2.5e-05,1.6e-05,5e-13,3.5e-10,2.5e-10,0.0582,34600000000.0,1830000000.0,11.65,-76.8
2.5e-05,1.6e-05,5e-13,4.5e-10,1e-10,0.0582,31700000000.0,1680000000.0,11.91,-75.73
2.5e-05,1.6e-05,5e-13,4.5e-10,5e-11,0.0582,31700000000.0,1690000000.0,11.91,-75.52
2.5e-05,1.6e-05,5e-13,4.5e-10,1.5e-10,0.0582,31700000000.0,1690000000.0,11.91,-75.56
2.5e-05,1.6e-05,5e-13,4.5e-10,2e-10,0.0582,31700000000.0,1690000000.0,11.91,-75.64
2.5e-05,1.6e-05,5e-13,4.5e-10,2.5e-10,0.0582,31700000000.0,1690000000.0,11.91,-75.53
2.5e-05,1.6e-05,5e-13,5e-10,1e-10,0.0582,30600000000.0,1640000000.0,11.98,-75.22
2.5e-05,1.6e-05,5e-13,5e-10,5e-11,0.0582,30600000000.0,1650000000.0,11.98,-75.07
2.5e-05,1.6e-05,5e-13,5e-10,1.5e-10,0.0582,30600000000.0,1640000000.0,11.98,-75.15
2.5e-05,1.6e-05,5e-13,5e-10,2e-10,0.0582,30600000000.0,1640000000.0,11.98,-75.17
2.5e-05,1.6e-05,5e-13,5e-10,2.5e-10,0.0582,30600000000.0,1640000000.0,11.98,-75.11
2.5e-05,1.6e-05,3e-13,4e-10,1e-10,0.0582,33000000000.0,1750000000.0,11.81,-76.26
2.5e-05,1.6e-05,3e-13,4e-10,5e-11,0.0582,33000000000.0,1750000000.0,11.81,-76.23
2.5e-05,1.6e-05,3e-13,4e-10,1.5e-10,0.0582,33000000000.0,1750000000.0,11.81,-76.3
2.5e-05,1.6e-05,3e-13,4e-10,2e-10,0.0582,33000000000.0,1750000000.0,11.81,-76.29
2.5e-05,1.6e-05,3e-13,4e-10,2.5e-10,0.0582,33000000000.0,1750000000.0,11.81,-76.19
2.5e-05,1.6e-05,3e-13,3e-10,5e-11,0.0582,36700000000.0,1960000000.0,11.4,-77.68
2.5e-05,1.6e-05,3e-13,3e-10,1.5e-10,0.0582,36700000000.0,1970000000.0,11.4,-78.43
2.5e-05,1.6e-05,3e-13,3e-10,2e-10,0.0582,36700000000.0,1960000000.0,11.4,-77.9
2.5e-05,1.6e-05,3e-13,3e-10,2.5e-10,0.0582,36700000000.0,1960000000.0,11.4,-78.0
2.5e-05,1.6e-05,3e-13,3.5e-10,1e-10,0.0582,34600000000.0,1820000000.0,11.65,-76.69
2.5e-05,1.6e-05,3e-13,3.5e-10,5e-11,0.0582,34600000000.0,1830000000.0,11.65,-76.89
2.5e-05,1.6e-05,3e-13,3.5e-10,1.5e-10,0.0582,34600000000.0,1830000000.0,11.65,-76.96
2.5e-05,1.6e-05,3e-13,3.5e-10,2e-10,0.0582,34600000000.0,1830000000.0,11.65,-76.82
2.5e-05,1.6e-05,3e-13,4.5e-10,5e-11,0.0582,31700000000.0,1690000000.0,11.91,-75.58
2.5e-05,1.6e-05,3e-13,4.5e-10,1.5e-10,0.0582,31700000000.0,1680000000.0,11.91,-75.71
2.5e-05,1.6e-05,3e-13,4.5e-10,2.5e-10,0.0582,31700000000.0,1690000000.0,11.91,-75.51
2.5e-05,1.6e-05,3e-13,5e-10,1e-10,0.0582,30600000000.0,1650000000.0,11.98,-75.14
2.5e-05,1.6e-05,3e-13,5e-10,5e-11,0.0582,30600000000.0,1650000000.0,11.98,-75.09
2.5e-05,1.6e-05,3e-13,5e-10,1.5e-10,0.0582,30600000000.0,1640000000.0,11.98,-75.26
2.5e-05,1.6e-05,3e-13,5e-10,2e-10,0.0582,30600000000.0,1640000000.0,11.98,-75.09
2.5e-05,1.6e-05,3e-13,5e-10,2.5e-10,0.0582,30600000000.0,1640000000.0,11.98,-75.14
2.5e-05,1.6e-05,4e-13,4e-10,5e-11,0.0582,33000000000.0,1750000000.0,11.81,-76.08
2.5e-05,1.6e-05,4e-13,4e-10,1.5e-10,0.0582,33000000000.0,1750000000.0,11.81,-76.12
2.5e-05,1.6e-05,4e-13,3e-10,1e-10,0.0582,36700000000.0,1950000000.0,11.4,-77.73
2.5e-05,1.6e-05,4e-13,3e-10,5e-11,0.0582,36700000000.0,1960000000.0,11.4,-77.81
2.5e-05,1.6e-05,4e-13,3e-10,1.5e-10,0.0582,36700000000.0,1960000000.0,11.4,-78.04
2.5e-05,1.6e-05,4e-13,3e-10,2e-10,0.0582,36700000000.0,1960000000.0,11.4,-77.83
2.5e-05,1.6e-05,4e-13,3e-10,2.5e-10,0.0582,36700000000.0,1960000000.0,11.4,-78.3
2.5e-05,1.6e-05,4e-13,3.5e-10,5e-11,0.0582,34600000000.0,1830000000.0,11.66,-76.85
2.5e-05,1.6e-05,4e-13,3.5e-10,2e-10,0.0582,34600000000.0,1830000000.0,11.65,-77.05
2.5e-05,1.6e-05,4e-13,3.5e-10,2.5e-10,0.0582,34600000000.0,1830000000.0,11.66,-76.91
2.5e-05,1.6e-05,4e-13,4.5e-10,1e-10,0.0582,31700000000.0,1690000000.0,11.91,-75.66
2.5e-05,1.6e-05,4e-13,4.5e-10,1.5e-10,0.0582,31700000000.0,1680000000.0,11.91,-75.46
2.5e-05,1.6e-05,4e-13,4.5e-10,2e-10,0.0582,31700000000.0,1690000000.0,11.91,-75.54
2.5e-05,1.6e-05,4e-13,4.5e-10,2.5e-10,0.0582,31700000000.0,1680000000.0,11.91,-75.6
2.5e-05,1.6e-05,4e-13,5e-10,5e-11,0.0582,30600000000.0,1640000000.0,11.98,-75.27
2.5e-05,1.6e-05,4e-13,5e-10,1.5e-10,0.0582,30600000000.0,1640000000.0,11.98,-75.05
2.5e-05,1.6e-05,4e-13,5e-10,2e-10,0.0582,30600000000.0,1650000000.0,11.98,-75.1
2.5e-05,1.6e-05,6e-13,4e-10,1.5e-10,0.0582,33000000000.0,1750000000.0,11.81,-76.16
2.5e-05,1.6e-05,6e-13,3e-10,1e-10,0.0582,36700000000.0,1960000000.0,11.4,-77.94
2.5e-05,1.6e-05,6e-13,3e-10,1.5e-10,0.0582,36700000000.0,1970000000.0,11.4,-77.88
2.5e-05,1.6e-05,6e-13,3e-10,2e-10,0.0582,36700000000.0,1960000000.0,11.4,-77.8
2.5e-05,1.6e-05,6e-13,3e-10,2.5e-10,0.0582,36700000000.0,1950000000.0,11.4,-77.82
2.5e-05,1.6e-05,6e-13,3.5e-10,5e-11,0.0582,34600000000.0,1830000000.0,11.65,-76.94
2.5e-05,1.6e-05,6e-13,3.5e-10,1.5e-10,0.0582,34600000000.0,1830000000.0,11.65,-76.88
2.5e-05,1.6e-05,6e-13,3.5e-10,2.5e-10,0.0582,34600000000.0,1830000000.0,11.65,-76.81
2.5e-05,1.6e-05,6e-13,4.5e-10,1e-10,0.0582,31700000000.0,1690000000.0,11.91,-75.75
2.5e-05,1.6e-05,6e-13,4.5e-10,5e-11,0.0582,31700000000.0,1680000000.0,11.91,-75.76
2.5e-05,1.6e-05,6e-13,4.5e-10,2e-10,0.0582,31700000000.0,1680000000.0,11.91,-75.66
2.5e-05,1.6e-05,6e-13,4.5e-10,2.5e-10,0.0582,31700000000.0,1680000000.0,11.91,-75.72
2.5e-05,1.6e-05,6e-13,5e-10,5e-11,0.0582,30600000000.0,1630000000.0,11.98,-75.33
2.5e-05,1.6e-05,6e-13,5e-10,1.5e-10,0.0582,30600000000.0,1640000000.0,11.98,-74.97
2.5e-05,1.6e-05,6e-13,5e-10,2e-10,0.0582,30600000000.0,1640000000.0,11.98,-75.18
2.5e-05,1.6e-05,6e-13,5e-10,2.5e-10,0.0582,30600000000.0,1640000000.0,11.98,-75.12
2.5e-05,1.6e-05,7e-13,4e-10,1e-10,0.0582,33000000000.0,1750000000.0,11.81,-76.21
2.5e-05,1.6e-05,7e-13,4e-10,5e-11,0.0582,33000000000.0,1750000000.0,11.81,-76.05
2.5e-05,1.6e-05,7e-13,4e-10,2.5e-10,0.0582,33000000000.0,1750000000.0,11.81,-76.22
2.5e-05,1.6e-05,7e-13,3e-10,5e-11,0.0582,36700000000.0,1950000000.0,11.4,-77.28
2.5e-05,1.6e-05,7e-13,3e-10,1.5e-10,0.0582,36700000000.0,1950000000.0,11.41,-77.81
2.5e-05,1.6e-05,7e-13,3e-10,2.5e-10,0.0582,36700000000.0,1960000000.0,11.4,-77.85
2.5e-05,1.6e-05,7e-13,3.5e-10,1e-10,0.0582,34600000000.0,1830000000.0,11.65,-76.79
2.5e-05,1.6e-05,7e-13,3.5e-10,1.5e-10,0.0582,34600000000.0,1830000000.0,11.65,-76.78
2.5e-05,1.6e-05,7e-13,3.5e-10,2.5e-10,0.0582,34600000000.0,1830000000.0,11.65,-76.53
2.5e-05,1.6e-05,7e-13,4.5e-10,5e-11,0.0582,31700000000.0,1680000000.0,11.91,-75.77
2.5e-05,1.6e-05,7e-13,4.5e-10,2e-10,0.0582,31700000000.0,1680000000.0,11.91,-75.57
2.5e-05,1.6e-05,7e-13,5e-10,1e-10,0.0582,30600000000.0,1630000000.0,11.98,-75.27
2.5e-05,1.6e-05,7e-13,5e-10,5e-11,0.0582,30600000000.0,1640000000.0,11.98,-74.94
2.5e-05,1.6e-05,7e-13,5e-10,1.5e-10,0.0582,30600000000.0,1640000000.0,11.98,-75.2
2.5e-05,1.6e-05,7e-13,5e-10,2e-10,0.0582,30600000000.0,1640000000.0,11.98,-75.25
2.5e-05,1.7e-05,5e-13,4e-10,1e-10,0.0582,32900000000.0,1730000000.0,11.77,-76.12
2.5e-05,1.7e-05,5e-13,4e-10,5e-11,0.0582,32900000000.0,1730000000.0,11.77,-75.97
2.5e-05,1.7e-05,5e-13,4e-10,1.5e-10,0.0582,32900000000.0,1740000000.0,11.77,-76.16
2.5e-05,1.7e-05,5e-13,4e-10,2e-10,0.0582,32900000000.0,1740000000.0,11.77,-76.01
2.5e-05,1.7e-05,5e-13,4e-10,2.5e-10,0.0582,32900000000.0,1740000000.0,11.77,-75.99
2.5e-05,1.7e-05,5e-13,3e-10,1e-10,0.0582,36500000000.0,1950000000.0,11.36,-77.66
2.5e-05,1.7e-05,5e-13,3e-10,5e-11,0.0582,36500000000.0,1950000000.0,11.36,-77.49
2.5e-05,1.7e-05,5e-13,3e-10,1.5e-10,0.0582,36500000000.0,1940000000.0,11.36,-77.74
2.5e-05,1.7e-05,5e-13,3e-10,2e-10,0.0582,36500000000.0,1940000000.0,11.36,-77.91
2.5e-05,1.7e-05,5e-13,3e-10,2.5e-10,0.0582,36500000000.0,1940000000.0,11.36,-78.43
2.5e-05,1.7e-05,5e-13,3.5e-10,1e-10,0.0582,34500000000.0,1820000000.0,11.61,-76.69
2.5e-05,1.7e-05,5e-13,3.5e-10,5e-11,0.0582,34500000000.0,1810000000.0,11.61,-76.71
2.5e-05,1.7e-05,5e-13,3.5e-10,1.5e-10,0.0582,34500000000.0,1820000000.0,11.61,-76.87
2.5e-05,1.7e-05,5e-13,3.5e-10,2e-10,0.0582,34500000000.0,1810000000.0,11.61,-76.54
2.5e-05,1.7e-05,5e-13,3.5e-10,2.5e-10,0.0582,34500000000.0,1820000000.0,11.61,-77.01
2.5e-05,1.7e-05,5e-13,4.5e-10,1e-10,0.0582,31600000000.0,1680000000.0,11.87,-75.66
2.5e-05,1.7e-05,5e-13,4.5e-10,5e-11,0.0582,31600000000.0,1680000000.0,11.87,-75.54
2.5e-05,1.7e-05,5e-13,4.5e-10,2e-10,0.0582,31600000000.0,1670000000.0,11.87,-75.59
2.5e-05,1.7e-05,5e-13,4.5e-10,2.5e-10,0.0582,31600000000.0,1680000000.0,11.87,-75.46
2.5e-05,1.7e-05,5e-13,5e-10,1e-10,0.0582,30500000000.0,1640000000.0,11.94,-74.91
2.5e-05,1.7e-05,5e-13,5e-10,5e-11,0.0582,30500000000.0,1640000000.0,11.94,-75.08
2.5e-05,1.7e-05,5e-13,5e-10,1.5e-10,0.0582,30500000000.0,1640000000.0,11.95,-75.05
2.5e-05,1.7e-05,5e-13,5e-10,2e-10,0.0582,30500000000.0,1630000000.0,11.94,-75.18
2.5e-05,1.7e-05,5e-13,5e-10,2.5e-10,0.0582,30500000000.0,1630000000.0,11.95,-75.29
2.5e-05,1.7e-05,3e-13,4e-10,5e-11,0.0582,32900000000.0,1740000000.0,11.76,-76.08
2.5e-05,1.7e-05,3e-13,4e-10,1.5e-10,0.0582,32900000000.0,1730000000.0,11.77,-76.13
2.5e-05,1.7e-05,3e-13,3e-10,1e-10,0.0582,36500000000.0,1950000000.0,11.36,-77.48
2.5e-05,1.7e-05,3e-13,3e-10,5e-11,0.0582,36500000000.0,1950000000.0,11.36,-77.79
2.5e-05,1.7e-05,3e-13,3e-10,1.5e-10,0.0582,36500000000.0,1950000000.0,11.36,-77.76
2.5e-05,1.7e-05,3e-13,3e-10,2e-10,0.0582,36500000000.0,1940000000.0,11.36,-77.61
2.5e-05,1.7e-05,3e-13,3e-10,2.5e-10,0.0582,36500000000.0,1950000000.0,11.36,-76.98
2.5e-05,1.7e-05,3e-13,3.5e-10,1e-10,0.0582,34500000000.0,1820000000.0,11.61,-77.03
2.5e-05,1.7e-05,3e-13,3.5e-10,5e-11,0.0582,34500000000.0,1820000000.0,11.61,-76.86
2.5e-05,1.7e-05,3e-13,3.5e-10,1.5e-10,0.0582,34500000000.0,1810000000.0,11.61,-76.72
2.5e-05,1.7e-05,3e-13,3.5e-10,2e-10,0.0582,34500000000.0,1810000000.0,11.61,-76.68
2.5e-05,1.7e-05,3e-13,3.5e-10,2.5e-10,0.0582,34500000000.0,1820000000.0,11.61,-76.5
2.5e-05,1.7e-05,3e-13,4.5e-10,1e-10,0.0582,31600000000.0,1680000000.0,11.87,-75.48
2.5e-05,1.7e-05,3e-13,4.5e-10,5e-11,0.0582,31600000000.0,1680000000.0,11.87,-75.64
2.5e-05,1.7e-05,3e-13,4.5e-10,2e-10,0.0582,31600000000.0,1680000000.0,11.87,-75.61
2.5e-05,1.7e-05,3e-13,4.5e-10,2.5e-10,0.0582,31600000000.0,1670000000.0,11.87,-75.63
2.5e-05,1.7e-05,3e-13,5e-10,1e-10,0.0582,30500000000.0,1630000000.0,11.94,-75.2
2.5e-05,1.7e-05,3e-13,5e-10,5e-11,0.0582,30500000000.0,1630000000.0,11.94,-75.13
2.5e-05,1.7e-05,3e-13,5e-10,1.5e-10,0.0582,30500000000.0,1640000000.0,11.94,-75.03
2.5e-05,1.7e-05,3e-13,5e-10,2e-10,0.0582,30500000000.0,1630000000.0,11.95,-75.22
2.5e-05,1.7e-05,3e-13,5e-10,2.5e-10,0.0582,30500000000.0,1630000000.0,11.95,-75.2
2.5e-05,1.7e-05,4e-13,4e-10,5e-11,0.0582,32900000000.0,1730000000.0,11.77,-76.01
2.5e-05,1.7e-05,4e-13,4e-10,1.5e-10,0.0582,32900000000.0,1730000000.0,11.77,-76.25
2.5e-05,1.7e-05,4e-13,4e-10,2.5e-10,0.0582,32900000000.0,1740000000.0,11.77,-76.0
2.5e-05,1.7e-05,4e-13,3e-10,1e-10,0.0582,36500000000.0,1950000000.0,11.35,-78.31
2.5e-05,1.7e-05,4e-13,3e-10,1.5e-10,0.0582,36500000000.0,1960000000.0,11.35,-77.75
2.5e-05,1.7e-05,4e-13,3e-10,2e-10,0.0582,36500000000.0,1950000000.0,11.36,-77.71
2.5e-05,1.7e-05,4e-13,3e-10,2.5e-10,0.0582,36500000000.0,1940000000.0,11.36,-77.63
2.5e-05,1.7e-05,4e-13,3.5e-10,1e-10,0.0582,34500000000.0,1810000000.0,11.61,-76.7
2.5e-05,1.7e-05,4e-13,3.5e-10,5e-11,0.0582,34500000000.0,1820000000.0,11.61,-76.68
2.5e-05,1.7e-05,4e-13,3.5e-10,2.5e-10,0.0582,34500000000.0,1820000000.0,11.61,-76.75
2.5e-05,1.7e-05,4e-13,4.5e-10,1e-10,0.0582,31600000000.0,1680000000.0,11.87,-75.5
2.5e-05,1.7e-05,4e-13,4.5e-10,2e-10,0.0582,31600000000.0,1680000000.0,11.87,-75.62
2.5e-05,1.7e-05,4e-13,5e-10,1e-10,0.0582,30500000000.0,1630000000.0,11.95,-75.21
2.5e-05,1.7e-05,4e-13,5e-10,5e-11,0.0582,30500000000.0,1640000000.0,11.94,-74.98
2.5e-05,1.7e-05,4e-13,5e-10,1.5e-10,0.0582,30500000000.0,1630000000.0,11.95,-76.64
2.5e-05,1.7e-05,4e-13,5e-10,2e-10,0.0582,30500000000.0,1630000000.0,11.94,-75.15
2.5e-05,1.7e-05,6e-13,4e-10,1.5e-10,0.0582,32900000000.0,1740000000.0,11.77,-76.23
2.5e-05,1.7e-05,6e-13,4e-10,2e-10,0.0582,32900000000.0,1740000000.0,11.77,-76.07
2.5e-05,1.7e-05,6e-13,3e-10,1e-10,0.0582,36500000000.0,1950000000.0,11.35,-77.71
2.5e-05,1.7e-05,6e-13,3e-10,1.5e-10,0.0582,36500000000.0,1960000000.0,11.36,-77.66
2.5e-05,1.7e-05,6e-13,3e-10,2.5e-10,0.0582,36500000000.0,1960000000.0,11.36,-78.47
2.5e-05,1.7e-05,6e-13,3.5e-10,1e-10,0.0582,34500000000.0,1820000000.0,11.61,-76.9
2.5e-05,1.7e-05,6e-13,3.5e-10,1.5e-10,0.0582,34500000000.0,1820000000.0,11.61,-76.73
2.5e-05,1.7e-05,6e-13,3.5e-10,2e-10,0.0582,34500000000.0,1820000000.0,11.61,-76.78
2.5e-05,1.7e-05,6e-13,3.5e-10,2.5e-10,0.0582,34500000000.0,1820000000.0,11.61,-76.66
2.5e-05,1.7e-05,6e-13,4.5e-10,1e-10,0.0582,31600000000.0,1680000000.0,11.87,-75.53
2.5e-05,1.7e-05,6e-13,4.5e-10,2e-10,0.0582,31600000000.0,1680000000.0,11.87,-75.49
2.5e-05,1.7e-05,6e-13,5e-10,1e-10,0.0582,30500000000.0,1630000000.0,11.94,-75.08
2.5e-05,1.7e-05,6e-13,5e-10,1.5e-10,0.0582,30500000000.0,1640000000.0,11.95,-75.08
2.5e-05,1.7e-05,6e-13,5e-10,2e-10,0.0582,30500000000.0,1640000000.0,11.94,-75.02
2.5e-05,1.7e-05,6e-13,5e-10,2.5e-10,0.0582,30500000000.0,1630000000.0,11.94,-75.17
2.5e-05,1.7e-05,7e-13,4e-10,1e-10,0.0582,32900000000.0,1740000000.0,11.77,-76.15
2.5e-05,1.7e-05,7e-13,4e-10,1.5e-10,0.0582,32900000000.0,1740000000.0,11.77,-75.93
2.5e-05,1.7e-05,7e-13,4e-10,2e-10,0.0582,32900000000.0,1740000000.0,11.77,-76.19
2.5e-05,1.7e-05,7e-13,4e-10,2.5e-10,0.0582,32900000000.0,1740000000.0,11.77,-76.17
2.5e-05,1.7e-05,7e-13,3e-10,1.5e-10,0.0582,36500000000.0,1950000000.0,11.35,-77.76
2.5e-05,1.7e-05,7e-13,3e-10,2e-10,0.0582,36500000000.0,1950000000.0,11.36,-77.84
2.5e-05,1.7e-05,7e-13,3e-10,2.5e-10,0.0582,36500000000.0,1950000000.0,11.35,-77.68
2.5e-05,1.7e-05,7e-13,3.5e-10,1e-10,0.0582,34500000000.0,1830000000.0,11.61,-76.9
2.5e-05,1.7e-05,7e-13,3.5e-10,5e-11,0.0582,34500000000.0,1830000000.0,11.61,-76.83
2.5e-05,1.7e-05,7e-13,3.5e-10,1.5e-10,0.0582,34500000000.0,1820000000.0,11.61,-76.74
2.5e-05,1.7e-05,7e-13,3.5e-10,2e-10,0.0582,34500000000.0,1820000000.0,11.61,-76.47
2.5e-05,1.7e-05,7e-13,3.5e-10,2.5e-10,0.0582,34500000000.0,1820000000.0,11.61,-76.58
2.5e-05,1.7e-05,7e-13,5e-10,1e-10,0.0582,30500000000.0,1630000000.0,11.94,-75.11
2.5e-05,1.7e-05,7e-13,5e-10,1.5e-10,0.0582,30500000000.0,1630000000.0,11.94,-74.97
2.5e-05,1.7e-05,7e-13,5e-10,2e-10,0.0582,30500000000.0,1630000000.0,11.95,-75.08
2.5e-05,1.7e-05,7e-13,5e-10,2.5e-10,0.0582,30500000000.0,1630000000.0,11.95,-75.17
2.5e-05,1.8e-05,5e-13,4e-10,1e-10,0.0582,32700000000.0,1710000000.0,11.72,-75.92
2.5e-05,1.8e-05,5e-13,4e-10,5e-11,0.0582,32700000000.0,1710000000.0,11.72,-76.0
2.5e-05,1.8e-05,5e-13,4e-10,1.5e-10,0.0582,32700000000.0,1720000000.0,11.72,-76.04
2.5e-05,1.8e-05,5e-13,4e-10,2e-10,0.0582,32700000000.0,1720000000.0,11.72,-75.93
2.5e-05,1.8e-05,5e-13,4e-10,2.5e-10,0.0582,32700000000.0,1720000000.0,11.72,-75.88
2.5e-05,1.8e-05,5e-13,3e-10,1e-10,0.0582,36400000000.0,1930000000.0,11.3,-77.87
2.5e-05,1.8e-05,5e-13,3e-10,5e-11,0.0582,36400000000.0,1910000000.0,11.3,-77.65
2.5e-05,1.8e-05,5e-13,3e-10,1.5e-10,0.0582,36400000000.0,1920000000.0,11.3,-77.21
2.5e-05,1.8e-05,5e-13,3e-10,2.5e-10,0.0582,36400000000.0,1910000000.0,11.3,-78.43
2.5e-05,1.8e-05,5e-13,3.5e-10,1e-10,0.0582,34400000000.0,1800000000.0,11.56,-76.71
2.5e-05,1.8e-05,5e-13,3.5e-10,5e-11,0.0582,34400000000.0,1790000000.0,11.56,-76.74
2.5e-05,1.8e-05,5e-13,3.5e-10,1.5e-10,0.0582,34400000000.0,1790000000.0,11.56,-76.71
2.5e-05,1.8e-05,5e-13,3.5e-10,2.5e-10,0.0582,34400000000.0,1800000000.0,11.56,-76.57
2.5e-05,1.8e-05,5e-13,4.5e-10,1e-10,0.0582,31400000000.0,1660000000.0,11.83,-75.47
2.5e-05,1.8e-05,5e-13,4.5e-10,5e-11,0.0582,31400000000.0,1660000000.0,11.83,-75.52
2.5e-05,1.8e-05,5e-13,4.5e-10,1.5e-10,0.0582,31400000000.0,1660000000.0,11.83,-75.49
2.5e-05,1.8e-05,5e-13,4.5e-10,2e-10,0.0582,31400000000.0,1660000000.0,11.83,-75.56
2.5e-05,1.8e-05,5e-13,4.5e-10,2.5e-10,0.0582,31400000000.0,1660000000.0,11.83,-75.58
2.5e-05,1.8e-05,5e-13,5e-10,1e-10,0.0582,30400000000.0,1620000000.0,11.9,-75.14
2.5e-05,1.8e-05,5e-13,5e-10,5e-11,0.0582,30400000000.0,1620000000.0,11.9,-74.95
2.5e-05,1.8e-05,5e-13,5e-10,1.5e-10,0.0582,30400000000.0,1610000000.0,11.9,-74.96
2.5e-05,1.8e-05,5e-13,5e-10,2e-10,0.0582,30400000000.0,1620000000.0,11.91,-74.72
2.5e-05,1.8e-05,5e-13,5e-10,2.5e-10,0.0582,30400000000.0,1620000000.0,11.9,-75.03
2.5e-05,1.8e-05,3e-13,4e-10,1e-10,0.0582,32700000000.0,1710000000.0,11.72,-76.01
2.5e-05,1.8e-05,3e-13,4e-10,5e-11,0.0582,32700000000.0,1720000000.0,11.72,-75.97
2.5e-05,1.8e-05,3e-13,4e-10,1.5e-10,0.0582,32700000000.0,1720000000.0,11.72,-76.05
2.5e-05,1.8e-05,3e-13,4e-10,2.5e-10,0.0582,32700000000.0,1720000000.0,11.72,-76.02
2.5e-05,1.8e-05,3e-13,3e-10,1e-10,0.0582,36400000000.0,1930000000.0,11.3,-77.56
2.5e-05,1.8e-05,3e-13,3e-10,5e-11,0.0582,36400000000.0,1920000000.0,11.31,-77.56
2.5e-05,1.8e-05,3e-13,3e-10,1.5e-10,0.0582,36400000000.0,1920000000.0,11.3,-77.61
2.5e-05,1.8e-05,3e-13,3e-10,2e-10,0.0582,36400000000.0,1920000000.0,11.3,-77.54
2.5e-05,1.8e-05,3e-13,3e-10,2.5e-10,0.0582,36400000000.0,1930000000.0,11.3,-77.91
2.5e-05,1.8e-05,3e-13,3.5e-10,1e-10,0.0582,34400000000.0,1800000000.0,11.56,-76.59
2.5e-05,1.8e-05,3e-13,3.5e-10,5e-11,0.0582,34400000000.0,1790000000.0,11.56,-76.59
2.5e-05,1.8e-05,3e-13,3.5e-10,1.5e-10,0.0582,34400000000.0,1800000000.0,11.56,-76.64
2.5e-05,1.8e-05,3e-13,3.5e-10,2e-10,0.0582,34400000000.0,1800000000.0,11.56,-76.73
2.5e-05,1.8e-05,3e-13,3.5e-10,2.5e-10,0.0582,34400000000.0,1800000000.0,11.56,-77.26
2.5e-05,1.8e-05,3e-13,4.5e-10,5e-11,0.0582,31400000000.0,1660000000.0,11.83,-75.41
2.5e-05,1.8e-05,3e-13,4.5e-10,1.5e-10,0.0582,31400000000.0,1660000000.0,11.83,-75.57
2.5e-05,1.8e-05,3e-13,4.5e-10,2e-10,0.0582,31400000000.0,1660000000.0,11.83,-75.5
2.5e-05,1.8e-05,3e-13,4.5e-10,2.5e-10,0.0582,31400000000.0,1660000000.0,11.83,-75.31
2.5e-05,1.8e-05,3e-13,5e-10,1e-10,0.0582,30400000000.0,1610000000.0,11.9,-74.99
2.5e-05,1.8e-05,3e-13,5e-10,5e-11,0.0582,30400000000.0,1620000000.0,11.91,-75.05
2.5e-05,1.8e-05,3e-13,5e-10,1.5e-10,0.0582,30400000000.0,1620000000.0,11.9,-75.12
2.5e-05,1.8e-05,3e-13,5e-10,2e-10,0.0582,30400000000.0,1620000000.0,11.91,-74.97
2.5e-05,1.8e-05,3e-13,5e-10,2.5e-10,0.0582,30400000000.0,1610000000.0,11.91,-75.1
2.5e-05,1.8e-05,4e-13,4e-10,1.5e-10,0.0582,32700000000.0,1720000000.0,11.72,-76.01
2.5e-05,1.8e-05,4e-13,4e-10,2e-10,0.0582,32700000000.0,1720000000.0,11.72,-75.86
2.5e-05,1.8e-05,4e-13,4e-10,2.5e-10,0.0582,32700000000.0,1720000000.0,11.72,-76.03
2.5e-05,1.8e-05,4e-13,3e-10,1e-10,0.0582,36400000000.0,1920000000.0,11.3,-77.62
2.5e-05,1.8e-05,4e-13,3e-10,5e-11,0.0582,36400000000.0,1910000000.0,11.3,-77.56
2.5e-05,1.8e-05,4e-13,3e-10,1.5e-10,0.0582,36400000000.0,1920000000.0,11.3,-77.56
2.5e-05,1.8e-05,4e-13,3.5e-10,1e-10,0.0582,34400000000.0,1790000000.0,11.56,-76.39
2.5e-05,1.8e-05,4e-13,3.5e-10,5e-11,0.0582,34400000000.0,1790000000.0,11.56,-70.23
2.5e-05,1.8e-05,4e-13,3.5e-10,2.5e-10,0.0582,34400000000.0,1800000000.0,11.56,-76.68
2.5e-05,1.8e-05,4e-13,4.5e-10,5e-11,0.0582,31400000000.0,1660000000.0,11.83,-75.36
2.5e-05,1.8e-05,4e-13,4.5e-10,1.5e-10,0.0582,31400000000.0,1660000000.0,11.83,-75.48
2.5e-05,1.8e-05,4e-13,4.5e-10,2e-10,0.0582,31400000000.0,1660000000.0,11.83,-75.46
2.5e-05,1.8e-05,4e-13,4.5e-10,2.5e-10,0.0582,31400000000.0,1660000000.0,11.83,-75.39
2.5e-05,1.8e-05,4e-13,5e-10,1.5e-10,0.0582,30400000000.0,1610000000.0,11.91,-75.13
2.5e-05,1.8e-05,4e-13,5e-10,2e-10,0.0582,30400000000.0,1610000000.0,11.91,-75.0
2.5e-05,1.8e-05,6e-13,4e-10,1e-10,0.0582,32700000000.0,1720000000.0,11.72,-76.09
2.5e-05,1.8e-05,6e-13,4e-10,5e-11,0.0582,32700000000.0,1710000000.0,11.73,-75.97
2.5e-05,1.8e-05,6e-13,4e-10,1.5e-10,0.0582,32700000000.0,1720000000.0,11.72,-76.12
2.5e-05,1.8e-05,6e-13,4e-10,2.5e-10,0.0582,32700000000.0,1720000000.0,11.72,-75.9
2.5e-05,1.8e-05,6e-13,3e-10,1e-10,0.0582,36400000000.0,1920000000.0,11.3,-77.46
2.5e-05,1.8e-05,6e-13,3e-10,2.5e-10,0.0582,36400000000.0,1910000000.0,11.3,-77.62
2.5e-05,1.8e-05,6e-13,3.5e-10,1e-10,0.0582,34400000000.0,1800000000.0,11.56,-76.72
2.5e-05,1.8e-05,6e-13,3.5e-10,5e-11,0.0582,34400000000.0,1800000000.0,11.56,-76.77
2.5e-05,1.8e-05,6e-13,3.5e-10,2e-10,0.0582,34400000000.0,1800000000.0,11.56,-76.76
2.5e-05,1.8e-05,6e-13,4.5e-10,1e-10,0.0582,31400000000.0,1660000000.0,11.83,-75.38
2.5e-05,1.8e-05,6e-13,4.5e-10,5e-11,0.0582,31400000000.0,1660000000.0,11.83,-75.54
2.5e-05,1.8e-05,6e-13,4.5e-10,1.5e-10,0.0582,31400000000.0,1660000000.0,11.83,-75.43
2.5e-05,1.8e-05,6e-13,4.5e-10,2e-10,0.0582,31400000000.0,1660000000.0,11.83,-75.51
2.5e-05,1.8e-05,6e-13,4.5e-10,2.5e-10,0.0582,31400000000.0,1660000000.0,11.83,-75.55
2.5e-05,1.8e-05,6e-13,5e-10,5e-11,0.0582,30400000000.0,1620000000.0,11.91,-75.08
2.5e-05,1.8e-05,6e-13,5e-10,1.5e-10,0.0582,30400000000.0,1610000000.0,11.91,-74.97
2.5e-05,1.8e-05,6e-13,5e-10,2.5e-10,0.0582,30400000000.0,1620000000.0,11.91,-74.93
2.5e-05,1.8e-05,7e-13,4e-10,5e-11,0.0582,32700000000.0,1710000000.0,11.72,-76.04
2.5e-05,1.8e-05,7e-13,4e-10,2.5e-10,0.0582,32700000000.0,1720000000.0,11.72,-76.07
2.5e-05,1.8e-05,7e-13,3e-10,1.5e-10,0.0582,36400000000.0,1920000000.0,11.3,-77.57
2.5e-05,1.8e-05,7e-13,3e-10,2e-10,0.0582,36400000000.0,1930000000.0,11.3,-77.54
2.5e-05,1.8e-05,7e-13,3e-10,2.5e-10,0.0582,36400000000.0,1920000000.0,11.31,-77.41
2.5e-05,1.8e-05,7e-13,3.5e-10,5e-11,0.0582,34400000000.0,1800000000.0,11.56,-76.67
2.5e-05,1.8e-05,7e-13,3.5e-10,1.5e-10,0.0582,34400000000.0,1790000000.0,11.56,-76.58
2.5e-05,1.8e-05,7e-13,3.5e-10,2.5e-10,0.0582,34400000000.0,1790000000.0,11.56,-76.64
2.5e-05,1.8e-05,7e-13,4.5e-10,1e-10,0.0582,31400000000.0,1670000000.0,11.83,-75.41
2.5e-05,1.8e-05,7e-13,4.5e-10,1.5e-10,0.0582,31400000000.0,1660000000.0,11.83,-75.4
2.5e-05,1.8e-05,7e-13,4.5e-10,2e-10,0.0582,31400000000.0,1650000000.0,11.83,-75.44
2.5e-05,1.8e-05,7e-13,5e-10,1e-10,0.0582,30400000000.0,1620000000.0,11.91,-74.92
2.5e-05,1.8e-05,7e-13,5e-10,5e-11,0.0582,30400000000.0,1610000000.0,11.91,-75.11
2.5e-05,1.8e-05,7e-13,5e-10,2.5e-10,0.0582,30400000000.0,1620000000.0,11.91,-74.3
2.5e-05,1.9e-05,5e-13,4e-10,1e-10,0.0582,32600000000.0,1680000000.0,11.68,-73.88
2.5e-05,1.9e-05,5e-13,4e-10,5e-11,0.0582,32600000000.0,1680000000.0,11.68,-75.9
2.5e-05,1.9e-05,5e-13,4e-10,1.5e-10,0.0582,32600000000.0,1690000000.0,11.67,-76.15
2.5e-05,1.9e-05,5e-13,4e-10,2e-10,0.0582,32600000000.0,1680000000.0,11.67,-75.86
2.5e-05,1.9e-05,5e-13,4e-10,2.5e-10,0.0582,32600000000.0,1690000000.0,11.68,-75.97
2.5e-05,1.9e-05,5e-13,3e-10,1e-10,0.0582,36300000000.0,1870000000.0,11.25,-77.36
2.5e-05,1.9e-05,5e-13,3e-10,5e-11,0.0582,36300000000.0,1880000000.0,11.24,-77.38
2.5e-05,1.9e-05,5e-13,3e-10,1.5e-10,0.0582,36300000000.0,1880000000.0,11.24,-77.16
2.5e-05,1.9e-05,5e-13,3e-10,2e-10,0.0582,36300000000.0,1860000000.0,11.25,-76.95
2.5e-05,1.9e-05,5e-13,3e-10,2.5e-10,0.0582,36300000000.0,1890000000.0,11.24,-78.27
2.5e-05,1.9e-05,5e-13,3.5e-10,1e-10,0.0582,34200000000.0,1750000000.0,11.51,-76.47
2.5e-05,1.9e-05,5e-13,3.5e-10,5e-11,0.0582,34200000000.0,1760000000.0,11.51,-76.64
2.5e-05,1.9e-05,5e-13,3.5e-10,1.5e-10,0.0582,34200000000.0,1760000000.0,11.51,-76.61
2.5e-05,1.9e-05,5e-13,3.5e-10,2e-10,0.0582,34200000000.0,1750000000.0,11.51,-76.46
2.5e-05,1.9e-05,5e-13,3.5e-10,2.5e-10,0.0582,34200000000.0,1760000000.0,11.51,-76.49
2.5e-05,1.9e-05,5e-13,4.5e-10,1e-10,0.0582,31300000000.0,1630000000.0,11.79,-75.39
2.5e-05,1.9e-05,5e-13,4.5e-10,5e-11,0.0582,31300000000.0,1630000000.0,11.78,-75.4
2.5e-05,1.9e-05,5e-13,4.5e-10,1.5e-10,0.0582,31300000000.0,1630000000.0,11.79,-75.44
2.5e-05,1.9e-05,5e-13,4.5e-10,2e-10,0.0582,31300000000.0,1630000000.0,11.78,-75.35
2.5e-05,1.9e-05,5e-13,4.5e-10,2.5e-10,0.0582,31300000000.0,1620000000.0,11.79,-75.38
2.5e-05,1.9e-05,5e-13,5e-10,1e-10,0.0582,30200000000.0,1590000000.0,11.87,-75.07
2.5e-05,1.9e-05,5e-13,5e-10,5e-11,0.0582,30200000000.0,1580000000.0,11.87,-75.01
2.5e-05,1.9e-05,5e-13,5e-10,1.5e-10,0.0582,30200000000.0,1580000000.0,11.87,-75.0
2.5e-05,1.9e-05,5e-13,5e-10,2e-10,0.0582,30200000000.0,1590000000.0,11.86,-74.94
2.5e-05,1.9e-05,3e-13,4e-10,5e-11,0.0582,32600000000.0,1690000000.0,11.68,-75.76
2.5e-05,1.9e-05,3e-13,4e-10,2.5e-10,0.0582,32600000000.0,1690000000.0,11.67,-75.89
2.5e-05,1.9e-05,3e-13,3e-10,1e-10,0.0582,36300000000.0,1870000000.0,11.25,-77.38
2.5e-05,1.9e-05,3e-13,3e-10,5e-11,0.0582,36300000000.0,1880000000.0,11.24,-77.23
2.5e-05,1.9e-05,3e-13,3e-10,1.5e-10,0.0582,36300000000.0,1880000000.0,11.24,-77.43
2.5e-05,1.9e-05,3e-13,3e-10,2e-10,0.0582,36300000000.0,1880000000.0,11.25,-77.43
2.5e-05,1.9e-05,3e-13,3e-10,2.5e-10,0.0582,36300000000.0,1870000000.0,11.25,-77.5
2.5e-05,1.9e-05,3e-13,3.5e-10,1e-10,0.0582,34300000000.0,1760000000.0,11.51,-77.2
2.5e-05,1.9e-05,3e-13,3.5e-10,5e-11,0.0582,34300000000.0,1760000000.0,11.51,-76.36
2.5e-05,1.9e-05,3e-13,3.5e-10,1.5e-10,0.0582,34300000000.0,1770000000.0,11.51,-76.59
2.5e-05,1.9e-05,3e-13,3.5e-10,2e-10,0.0582,34300000000.0,1760000000.0,11.51,-76.53
2.5e-05,1.9e-05,3e-13,4.5e-10,1e-10,0.0582,31300000000.0,1630000000.0,11.79,-75.3
2.5e-05,1.9e-05,3e-13,4.5e-10,5e-11,0.0582,31300000000.0,1630000000.0,11.78,-75.52
2.5e-05,1.9e-05,3e-13,4.5e-10,2e-10,0.0582,31300000000.0,1630000000.0,11.79,-75.46
2.5e-05,1.9e-05,3e-13,5e-10,1e-10,0.0582,30200000000.0,1590000000.0,11.86,-74.99
2.5e-05,1.9e-05,3e-13,5e-10,5e-11,0.0582,30300000000.0,1590000000.0,11.86,-75.01
2.5e-05,1.9e-05,3e-13,5e-10,1.5e-10,0.0582,30200000000.0,1580000000.0,11.87,-75.02
2.5e-05,1.9e-05,3e-13,5e-10,2e-10,0.0582,30300000000.0,1580000000.0,11.87,-75.06
2.5e-05,1.9e-05,4e-13,4e-10,1e-10,0.0582,32600000000.0,1690000000.0,11.67,-76.0
2.5e-05,1.9e-05,4e-13,4e-10,1.5e-10,0.0582,32600000000.0,1690000000.0,11.67,-75.95
2.5e-05,1.9e-05,4e-13,4e-10,2e-10,0.0582,32600000000.0,1680000000.0,11.67,-75.85
2.5e-05,1.9e-05,4e-13,4e-10,2.5e-10,0.0582,32600000000.0,1680000000.0,11.68,-75.8
2.5e-05,1.9e-05,4e-13,3e-10,1e-10,0.0582,36300000000.0,1880000000.0,11.25,-77.38
2.5e-05,1.9e-05,4e-13,3e-10,5e-11,0.0582,36300000000.0,1880000000.0,11.24,-77.41
2.5e-05,1.9e-05,4e-13,3e-10,1.5e-10,0.0582,36300000000.0,1880000000.0,11.25,-77.33
2.5e-05,1.9e-05,4e-13,3.5e-10,5e-11,0.0582,34300000000.0,1760000000.0,11.51,-76.6
2.5e-05,1.9e-05,4e-13,3.5e-10,1.5e-10,0.0582,34200000000.0,1760000000.0,11.51,-76.57
2.5e-05,1.9e-05,4e-13,3.5e-10,2e-10,0.0582,34200000000.0,1760000000.0,11.51,-76.2
2.5e-05,1.9e-05,4e-13,3.5e-10,2.5e-10,0.0582,34200000000.0,1760000000.0,11.51,-76.63
2.5e-05,1.9e-05,4e-13,4.5e-10,1e-10,0.0582,31300000000.0,1630000000.0,11.79,-75.41
2.5e-05,1.9e-05,4e-13,4.5e-10,5e-11,0.0582,31300000000.0,1630000000.0,11.79,-75.27
2.5e-05,1.9e-05,4e-13,4.5e-10,1.5e-10,0.0582,31300000000.0,1630000000.0,11.79,-75.7
2.5e-05,1.9e-05,4e-13,4.5e-10,2e-10,0.0582,31300000000.0,1630000000.0,11.79,-75.28
2.5e-05,1.9e-05,4e-13,4.5e-10,2.5e-10,0.0582,31300000000.0,1630000000.0,11.79,-75.18
2.5e-05,1.9e-05,4e-13,5e-10,1.5e-10,0.0582,30200000000.0,1580000000.0,11.87,-75.06
2.5e-05,1.9e-05,4e-13,5e-10,2.5e-10,0.0582,30200000000.0,1590000000.0,11.87,-74.81
2.5e-05,1.9e-05,6e-13,4e-10,1.5e-10,0.0582,32600000000.0,1690000000.0,11.67,-75.96
2.5e-05,1.9e-05,6e-13,4e-10,2e-10,0.0582,32600000000.0,1690000000.0,11.67,-75.71
2.5e-05,1.9e-05,6e-13,3e-10,1e-10,0.0582,36300000000.0,1870000000.0,11.25,-77.47
2.5e-05,1.9e-05,6e-13,3e-10,5e-11,0.0582,36300000000.0,1880000000.0,11.24,-77.15
2.5e-05,1.9e-05,6e-13,3e-10,1.5e-10,0.0582,36300000000.0,1880000000.0,11.24,-78.24
2.5e-05,1.9e-05,6e-13,3e-10,2e-10,0.0582,36300000000.0,1880000000.0,11.25,-77.34
2.5e-05,1.9e-05,6e-13,3e-10,2.5e-10,0.0582,36300000000.0,1870000000.0,11.25,-77.34
2.5e-05,1.9e-05,6e-13,3.5e-10,5e-11,0.0582,34200000000.0,1760000000.0,11.51,-76.7
2.5e-05,1.9e-05,6e-13,3.5e-10,1.5e-10,0.0582,34200000000.0,1760000000.0,11.51,-76.44
2.5e-05,1.9e-05,6e-13,3.5e-10,2e-10,0.0582,34200000000.0,1770000000.0,11.51,-76.55
2.5e-05,1.9e-05,6e-13,3.5e-10,2.5e-10,0.0582,34200000000.0,1760000000.0,11.51,-76.59
2.5e-05,1.9e-05,6e-13,4.5e-10,1e-10,0.0582,31300000000.0,1630000000.0,11.79,-75.45
2.5e-05,1.9e-05,6e-13,4.5e-10,1.5e-10,0.0582,31300000000.0,1630000000.0,11.79,-75.48
2.5e-05,1.9e-05,6e-13,4.5e-10,2e-10,0.0582,31300000000.0,1640000000.0,11.79,-75.35
2.5e-05,1.9e-05,6e-13,4.5e-10,2.5e-10,0.0582,31300000000.0,1630000000.0,11.79,-75.21
2.5e-05,1.9e-05,6e-13,5e-10,1e-10,0.0582,30200000000.0,1590000000.0,11.86,-75.02
2.5e-05,1.9e-05,6e-13,5e-10,5e-11,0.0582,30200000000.0,1590000000.0,11.87,-74.9
2.5e-05,1.9e-05,7e-13,4e-10,1e-10,0.0582,32600000000.0,1690000000.0,11.67,-75.9
2.5e-05,1.9e-05,7e-13,4e-10,1.5e-10,0.0582,32600000000.0,1680000000.0,11.67,-75.87
2.5e-05,1.9e-05,7e-13,4e-10,2e-10,0.0582,32600000000.0,1690000000.0,11.67,-75.94
2.5e-05,1.9e-05,7e-13,4e-10,2.5e-10,0.0582,32600000000.0,1690000000.0,11.67,-76.39
2.5e-05,1.9e-05,7e-13,3e-10,1e-10,0.0582,36300000000.0,1870000000.0,11.25,-77.39
2.5e-05,1.9e-05,7e-13,3e-10,5e-11,0.0582,36300000000.0,1890000000.0,11.25,-77.37
2.5e-05,1.9e-05,7e-13,3e-10,1.5e-10,0.0582,36300000000.0,1870000000.0,11.25,-76.46
2.5e-05,1.9e-05,7e-13,3e-10,2e-10,0.0582,36300000000.0,1880000000.0,11.25,-77.57
2.5e-05,1.9e-05,7e-13,3e-10,2.5e-10,0.0582,36300000000.0,1870000000.0,11.25,-77.35
2.5e-05,1.9e-05,7e-13,3.5e-10,1e-10,0.0582,34200000000.0,1760000000.0,11.51,-76.76
2.5e-05,1.9e-05,7e-13,3.5e-10,1.5e-10,0.0582,34200000000.0,1760000000.0,11.51,-76.43
2.5e-05,1.9e-05,7e-13,3.5e-10,2e-10,0.0582,34200000000.0,1760000000.0,11.51,-76.51
2.5e-05,1.9e-05,7e-13,4.5e-10,1e-10,0.0582,31300000000.0,1630000000.0,11.79,-75.53
2.5e-05,1.9e-05,7e-13,4.5e-10,5e-11,0.0582,31300000000.0,1640000000.0,11.78,-75.36
2.5e-05,1.9e-05,7e-13,4.5e-10,2e-10,0.0582,31300000000.0,1630000000.0,11.79,-75.34
2.5e-05,1.9e-05,7e-13,4.5e-10,2.5e-10,0.0582,31300000000.0,1630000000.0,11.79,-75.29
2.5e-05,1.9e-05,7e-13,5e-10,2.5e-10,0.0582,30200000000.0,1590000000.0,11.86,-75.05
2.5e-05,2e-05,5e-13,4e-10,1e-10,0.0582,32500000000.0,1640000000.0,11.62,-75.98
2.5e-05,2e-05,5e-13,4e-10,5e-11,0.0582,32500000000.0,1650000000.0,11.62,-76.23
2.5e-05,2e-05,5e-13,4e-10,1.5e-10,0.0582,32500000000.0,1640000000.0,11.62,-75.81
2.5e-05,2e-05,5e-13,4e-10,2e-10,0.0582,32500000000.0,1640000000.0,11.62,-75.79
2.5e-05,2e-05,5e-13,4e-10,2.5e-10,0.0582,32500000000.0,1650000000.0,11.62,-75.85
2.5e-05,2e-05,5e-13,3e-10,1e-10,0.0582,36200000000.0,1810000000.0,11.18,-77.32
2.5e-05,2e-05,5e-13,3e-10,5e-11,0.0582,36200000000.0,1810000000.0,11.18,-77.39
2.5e-05,2e-05,5e-13,3e-10,1.5e-10,0.0582,36200000000.0,1820000000.0,11.18,-77.19
2.5e-05,2e-05,5e-13,3e-10,2e-10,0.0582,36200000000.0,1820000000.0,11.18,-77.14
2.5e-05,2e-05,5e-13,3e-10,2.5e-10,0.0582,36200000000.0,1830000000.0,11.18,-77.32
2.5e-05,2e-05,5e-13,3.5e-10,1e-10,0.0582,34200000000.0,1720000000.0,11.45,-76.4
2.5e-05,2e-05,5e-13,3.5e-10,5e-11,0.0582,34200000000.0,1720000000.0,11.45,-76.48
2.5e-05,2e-05,5e-13,3.5e-10,1.5e-10,0.0582,34200000000.0,1710000000.0,11.46,-76.35
2.5e-05,2e-05,5e-13,3.5e-10,2e-10,0.0582,34200000000.0,1700000000.0,11.46,-76.33
2.5e-05,2e-05,5e-13,3.5e-10,2.5e-10,0.0582,34200000000.0,1710000000.0,11.46,-76.43
2.5e-05,2e-05,5e-13,4.5e-10,1e-10,0.0582,31200000000.0,1590000000.0,11.74,-75.2
2.5e-05,2e-05,5e-13,4.5e-10,5e-11,0.0582,31200000000.0,1580000000.0,11.74,-75.34
2.5e-05,2e-05,5e-13,4.5e-10,1.5e-10,0.0582,31200000000.0,1590000000.0,11.74,-75.38
2.5e-05,2e-05,5e-13,4.5e-10,2e-10,0.0582,31200000000.0,1590000000.0,11.74,-75.21
2.5e-05,2e-05,5e-13,5e-10,1e-10,0.0582,30200000000.0,1560000000.0,11.82,-74.74
2.5e-05,2e-05,5e-13,5e-10,5e-11,0.0582,30200000000.0,1550000000.0,11.82,-75.22
2.5e-05,2e-05,5e-13,5e-10,1.5e-10,0.0582,30200000000.0,1550000000.0,11.82,-74.82
2.5e-05,2e-05,5e-13,5e-10,2e-10,0.0582,30200000000.0,1550000000.0,11.82,-74.83
2.5e-05,2e-05,5e-13,5e-10,2.5e-10,0.0582,30200000000.0,1560000000.0,11.82,-74.8
2.5e-05,2e-05,3e-13,4e-10,1e-10,0.0582,32600000000.0,1640000000.0,11.62,-76.16
2.5e-05,2e-05,3e-13,4e-10,5e-11,0.0582,32600000000.0,1640000000.0,11.63,-75.53
2.5e-05,2e-05,3e-13,4e-10,1.5e-10,0.0582,32600000000.0,1650000000.0,11.62,-75.78
2.5e-05,2e-05,3e-13,4e-10,2e-10,0.0582,32600000000.0,1640000000.0,11.62,-75.58
2.5e-05,2e-05,3e-13,4e-10,2.5e-10,0.0582,32600000000.0,1640000000.0,11.62,-75.85
2.5e-05,2e-05,3e-13,3e-10,1e-10,0.0582,36200000000.0,1810000000.0,11.18,-77.97
2.5e-05,2e-05,3e-13,3e-10,5e-11,0.0582,36200000000.0,1830000000.0,11.18,-77.19
2.5e-05,2e-05,3e-13,3e-10,1.5e-10,0.0582,36200000000.0,1830000000.0,11.18,-77.26
2.5e-05,2e-05,3e-13,3e-10,2e-10,0.0582,36200000000.0,1820000000.0,11.18,-77.13
2.5e-05,2e-05,3e-13,3e-10,2.5e-10,0.0582,36200000000.0,1830000000.0,11.18,-78.06
2.5e-05,2e-05,3e-13,3.5e-10,1e-10,0.0582,34200000000.0,1720000000.0,11.45,-76.43
2.5e-05,2e-05,3e-13,3.5e-10,5e-11,0.0582,34200000000.0,1710000000.0,11.45,-76.41
2.5e-05,2e-05,3e-13,3.5e-10,1.5e-10,0.0582,34200000000.0,1720000000.0,11.45,-77.13
2.5e-05,2e-05,3e-13,3.5e-10,2e-10,0.0582,34200000000.0,1710000000.0,11.46,-76.22
2.5e-05,2e-05,3e-13,3.5e-10,2.5e-10,0.0582,34200000000.0,1710000000.0,11.46,-76.3
2.5e-05,2e-05,3e-13,4.5e-10,1.5e-10,0.0582,31200000000.0,1580000000.0,11.74,-75.27
2.5e-05,2e-05,3e-13,4.5e-10,2e-10,0.0582,31200000000.0,1590000000.0,11.74,-75.26
2.5e-05,2e-05,3e-13,4.5e-10,2.5e-10,0.0582,31200000000.0,1590000000.0,11.74,-75.37
2.5e-05,2e-05,3e-13,5e-10,1e-10,0.0582,30200000000.0,1540000000.0,11.82,-74.87
2.5e-05,2e-05,3e-13,5e-10,5e-11,0.0582,30200000000.0,1550000000.0,11.82,-75.08
2.5e-05,2e-05,3e-13,5e-10,2e-10,0.0582,30200000000.0,1550000000.0,11.82,-74.79
2.5e-05,2e-05,4e-13,4e-10,1e-10,0.0582,32600000000.0,1640000000.0,11.62,-75.78
2.5e-05,2e-05,4e-13,4e-10,5e-11,0.0582,32600000000.0,1630000000.0,11.63,-75.83
2.5e-05,2e-05,4e-13,4e-10,1.5e-10,0.0582,32600000000.0,1640000000.0,11.63,-75.82
2.5e-05,2e-05,4e-13,4e-10,2e-10,0.0582,32600000000.0,1650000000.0,11.62,-75.89
2.5e-05,2e-05,4e-13,4e-10,2.5e-10,0.0582,32600000000.0,1640000000.0,11.62,-75.86
2.5e-05,2e-05,4e-13,3e-10,1e-10,0.0582,36200000000.0,1810000000.0,11.18,-77.24
2.5e-05,2e-05,4e-13,3e-10,5e-11,0.0582,36200000000.0,1820000000.0,11.18,-77.64
2.5e-05,2e-05,4e-13,3e-10,1.5e-10,0.0582,36200000000.0,1820000000.0,11.18,-77.3
2.5e-05,2e-05,4e-13,3e-10,2e-10,0.0582,36200000000.0,1820000000.0,11.18,-77.08
2.5e-05,2e-05,4e-13,3e-10,2.5e-10,0.0582,36200000000.0,1820000000.0,11.18,-77.23
2.5e-05,2e-05,4e-13,3.5e-10,1e-10,0.0582,34200000000.0,1700000000.0,11.46,-76.41
2.5e-05,2e-05,4e-13,3.5e-10,1.5e-10,0.0582,34200000000.0,1710000000.0,11.45,-77.03
2.5e-05,2e-05,4e-13,3.5e-10,2e-10,0.0582,34200000000.0,1710000000.0,11.46,-76.1
2.5e-05,2e-05,4e-13,3.5e-10,2.5e-10,0.0582,34200000000.0,1710000000.0,11.45,-76.65
2.5e-05,2e-05,4e-13,4.5e-10,1e-10,0.0582,31200000000.0,1590000000.0,11.74,-75.23
2.5e-05,2e-05,4e-13,4.5e-10,1.5e-10,0.0582,31200000000.0,1600000000.0,11.74,-75.25
2.5e-05,2e-05,4e-13,4.5e-10,2.5e-10,0.0582,31200000000.0,1600000000.0,11.74,-75.32
2.5e-05,2e-05,4e-13,5e-10,5e-11,0.0582,30200000000.0,1550000000.0,11.82,-74.84
2.5e-05,2e-05,6e-13,4e-10,1e-10,0.0582,32500000000.0,1640000000.0,11.62,-75.89
2.5e-05,2e-05,6e-13,4e-10,5e-11,0.0582,32500000000.0,1640000000.0,11.63,-75.77
2.5e-05,2e-05,6e-13,4e-10,1.5e-10,0.0582,32500000000.0,1640000000.0,11.63,-76.3
2.5e-05,2e-05,6e-13,4e-10,2e-10,0.0582,32500000000.0,1640000000.0,11.62,-76.0
2.5e-05,2e-05,6e-13,4e-10,2.5e-10,0.0582,32500000000.0,1640000000.0,11.62,-75.86
2.5e-05,2e-05,6e-13,3e-10,5e-11,0.0582,36200000000.0,1830000000.0,11.18,-77.31
2.5e-05,2e-05,6e-13,3e-10,1.5e-10,0.0582,36200000000.0,1810000000.0,11.18,-77.2
2.5e-05,2e-05,6e-13,3e-10,2e-10,0.0582,36200000000.0,1820000000.0,11.18,-76.95
2.5e-05,2e-05,6e-13,3e-10,2.5e-10,0.0582,36200000000.0,1820000000.0,11.18,-77.37
2.5e-05,2e-05,6e-13,3.5e-10,5e-11,0.0582,34200000000.0,1720000000.0,11.45,-76.44
2.5e-05,2e-05,6e-13,3.5e-10,1.5e-10,0.0582,34200000000.0,1720000000.0,11.45,-77.14
2.5e-05,2e-05,6e-13,3.5e-10,2e-10,0.0582,34200000000.0,1710000000.0,11.45,-76.47
2.5e-05,2e-05,6e-13,4.5e-10,1e-10,0.0582,31200000000.0,1590000000.0,11.74,-75.35
2.5e-05,2e-05,6e-13,4.5e-10,1.5e-10,0.0582,31200000000.0,1590000000.0,11.74,-75.28
2.5e-05,2e-05,6e-13,4.5e-10,2.5e-10,0.0582,31200000000.0,1580000000.0,11.74,-75.37
2.5e-05,2e-05,6e-13,5e-10,2e-10,0.0582,30200000000.0,1550000000.0,11.82,-75.23
2.5e-05,2e-05,6e-13,5e-10,2.5e-10,0.0582,30200000000.0,1560000000.0,11.82,-74.75
2.5e-05,2e-05,7e-13,4e-10,1e-10,0.0582,32500000000.0,1640000000.0,11.62,-76.12
2.5e-05,2e-05,7e-13,4e-10,5e-11,0.0582,32500000000.0,1640000000.0,11.63,-75.74
2.5e-05,2e-05,7e-13,4e-10,1.5e-10,0.0582,32500000000.0,1640000000.0,11.63,-75.76
2.5e-05,2e-05,7e-13,4e-10,2e-10,0.0582,32500000000.0,1640000000.0,11.63,-75.75
2.5e-05,2e-05,7e-13,4e-10,2.5e-10,0.0582,32500000000.0,1630000000.0,11.63,-75.78
2.5e-05,2e-05,7e-13,3e-10,5e-11,0.0582,36200000000.0,1830000000.0,11.18,-77.22
2.5e-05,2e-05,7e-13,3e-10,1.5e-10,0.0582,36200000000.0,1810000000.0,11.18,-77.03
2.5e-05,2e-05,7e-13,3e-10,2e-10,0.0582,36200000000.0,1810000000.0,11.18,-77.25
2.5e-05,2e-05,7e-13,3e-10,2.5e-10,0.0582,36200000000.0,1820000000.0,11.18,-77.68
2.5e-05,2e-05,7e-13,3.5e-10,1e-10,0.0582,34200000000.0,1720000000.0,11.45,-76.32
2.5e-05,2e-05,7e-13,3.5e-10,5e-11,0.0582,34200000000.0,1720000000.0,11.45,-76.58
2.5e-05,2e-05,7e-13,3.5e-10,1.5e-10,0.0582,34200000000.0,1710000000.0,11.46,-76.37
2.5e-05,2e-05,7e-13,3.5e-10,2.5e-10,0.0582,34200000000.0,1710000000.0,11.46,-76.33
2.5e-05,2e-05,7e-13,4.5e-10,1e-10,0.0582,31200000000.0,1590000000.0,11.74,-75.33
2.5e-05,2e-05,7e-13,4.5e-10,2e-10,0.0582,31200000000.0,1590000000.0,11.74,-75.34
2.5e-05,2e-05,7e-13,4.5e-10,2.5e-10,0.0582,31200000000.0,1580000000.0,11.74,-75.33
2.5e-05,2e-05,7e-13,5e-10,2.5e-10,0.0582,30200000000.0,1550000000.0,11.82,-74.91
2.5e-05,2.1e-05,5e-13,4e-10,1e-10,0.0582,32500000000.0,1580000000.0,11.57,-75.73
2.5e-05,2.1e-05,5e-13,4e-10,5e-11,0.0582,32500000000.0,1590000000.0,11.57,-75.63
2.5e-05,2.1e-05,5e-13,4e-10,1.5e-10,0.0582,32500000000.0,1590000000.0,11.57,-75.76
2.5e-05,2.1e-05,5e-13,4e-10,2e-10,0.0582,32500000000.0,1590000000.0,11.57,-75.7
2.5e-05,2.1e-05,5e-13,4e-10,2.5e-10,0.0582,32500000000.0,1580000000.0,11.57,-75.64
2.5e-05,2.1e-05,5e-13,3e-10,1e-10,0.0582,36100000000.0,1750000000.0,11.11,-77.07
2.5e-05,2.1e-05,5e-13,3e-10,5e-11,0.0582,36100000000.0,1740000000.0,11.12,-76.99
2.5e-05,2.1e-05,5e-13,3e-10,1.5e-10,0.0582,36100000000.0,1740000000.0,11.11,-77.83
2.5e-05,2.1e-05,5e-13,3e-10,2e-10,0.0582,36100000000.0,1750000000.0,11.11,-77.04
2.5e-05,2.1e-05,5e-13,3e-10,2.5e-10,0.0582,36100000000.0,1750000000.0,11.11,-77.16
2.5e-05,2.1e-05,5e-13,3.5e-10,1e-10,0.0582,34100000000.0,1640000000.0,11.39,-76.33
2.5e-05,2.1e-05,5e-13,3.5e-10,5e-11,0.0582,34100000000.0,1650000000.0,11.39,-76.35
2.5e-05,2.1e-05,5e-13,3.5e-10,1.5e-10,0.0582,34100000000.0,1650000000.0,11.39,-76.53
2.5e-05,2.1e-05,5e-13,3.5e-10,2e-10,0.0582,34100000000.0,1660000000.0,11.39,-77.01
2.5e-05,2.1e-05,5e-13,3.5e-10,2.5e-10,0.0582,34100000000.0,1650000000.0,11.39,-76.23
2.5e-05,2.1e-05,5e-13,4.5e-10,1e-10,0.0582,31200000000.0,1540000000.0,11.69,-75.39
2.5e-05,2.1e-05,5e-13,4.5e-10,5e-11,0.0582,31200000000.0,1540000000.0,11.69,-75.26
2.5e-05,2.1e-05,5e-13,4.5e-10,1.5e-10,0.0582,31200000000.0,1530000000.0,11.69,-75.25
2.5e-05,2.1e-05,5e-13,4.5e-10,2.5e-10,0.0582,31200000000.0,1540000000.0,11.69,-75.11
2.5e-05,2.1e-05,5e-13,5e-10,1e-10,0.0582,30100000000.0,1510000000.0,11.78,-74.88
2.5e-05,2.1e-05,5e-13,5e-10,5e-11,0.0582,30100000000.0,1510000000.0,11.78,-74.72
2.5e-05,2.1e-05,5e-13,5e-10,1.5e-10,0.0582,30100000000.0,1500000000.0,11.78,-74.72
2.5e-05,2.1e-05,5e-13,5e-10,2e-10,0.0582,30100000000.0,1510000000.0,11.77,-74.84
2.5e-05,2.1e-05,5e-13,5e-10,2.5e-10,0.0582,30100000000.0,1500000000.0,11.78,-74.87
2.5e-05,2.1e-05,3e-13,4e-10,1e-10,0.0582,32500000000.0,1590000000.0,11.57,-75.71
2.5e-05,2.1e-05,3e-13,4e-10,5e-11,0.0582,32500000000.0,1590000000.0,11.57,-75.67
2.5e-05,2.1e-05,3e-13,4e-10,1.5e-10,0.0582,32500000000.0,1590000000.0,11.57,-75.65
2.5e-05,2.1e-05,3e-13,4e-10,2e-10,0.0582,32500000000.0,1590000000.0,11.57,-75.73
2.5e-05,2.1e-05,3e-13,4e-10,2.5e-10,0.0582,32500000000.0,1580000000.0,11.57,-75.65
2.5e-05,2.1e-05,3e-13,3e-10,1e-10,0.0582,36100000000.0,1750000000.0,11.12,-77.06
2.5e-05,2.1e-05,3e-13,3e-10,5e-11,0.0582,36100000000.0,1740000000.0,11.11,-70.86
2.5e-05,2.1e-05,3e-13,3e-10,1.5e-10,0.0582,36100000000.0,1760000000.0,11.11,-77.0
2.5e-05,2.1e-05,3e-13,3e-10,2e-10,0.0582,36100000000.0,1760000000.0,11.11,-76.35
2.5e-05,2.1e-05,3e-13,3e-10,2.5e-10,0.0582,36100000000.0,1740000000.0,11.12,-77.11
2.5e-05,2.1e-05,3e-13,3.5e-10,1e-10,0.0582,34100000000.0,1650000000.0,11.39,-76.29
2.5e-05,2.1e-05,3e-13,3.5e-10,5e-11,0.0582,34100000000.0,1650000000.0,11.39,-76.26
2.5e-05,2.1e-05,3e-13,3.5e-10,1.5e-10,0.0582,34100000000.0,1650000000.0,11.39,-76.24
2.5e-05,2.1e-05,3e-13,3.5e-10,2e-10,0.0582,34100000000.0,1660000000.0,11.39,-76.3
2.5e-05,2.1e-05,3e-13,3.5e-10,2.5e-10,0.0582,34100000000.0,1650000000.0,11.39,-76.27
2.5e-05,2.1e-05,3e-13,4.5e-10,1e-10,0.0582,31200000000.0,1550000000.0,11.69,-75.14
2.5e-05,2.1e-05,3e-13,4.5e-10,5e-11,0.0582,31200000000.0,1550000000.0,11.69,-75.16
2.5e-05,2.1e-05,3e-13,4.5e-10,1.5e-10,0.0582,31200000000.0,1540000000.0,11.69,-75.09
2.5e-05,2.1e-05,3e-13,4.5e-10,2e-10,0.0582,31200000000.0,1540000000.0,11.69,-75.8
2.5e-05,2.1e-05,3e-13,4.5e-10,2.5e-10,0.0582,31200000000.0,1540000000.0,11.69,-75.24
2.5e-05,2.1e-05,3e-13,5e-10,1e-10,0.0582,30100000000.0,1510000000.0,11.77,-74.82
2.5e-05,2.1e-05,3e-13,5e-10,5e-11,0.0582,30100000000.0,1500000000.0,11.78,-74.83
2.5e-05,2.1e-05,3e-13,5e-10,1.5e-10,0.0582,30100000000.0,1500000000.0,11.78,-74.64
2.5e-05,2.1e-05,3e-13,5e-10,2e-10,0.0582,30100000000.0,1500000000.0,11.77,-74.69
2.5e-05,2.1e-05,3e-13,5e-10,2.5e-10,0.0582,30100000000.0,1510000000.0,11.77,-74.9
2.5e-05,2.1e-05,4e-13,4e-10,1e-10,0.0582,32500000000.0,1590000000.0,11.57,-75.81
2.5e-05,2.1e-05,4e-13,4e-10,5e-11,0.0582,32500000000.0,1590000000.0,11.57,-75.61
2.5e-05,2.1e-05,4e-13,4e-10,2.5e-10,0.0582,32500000000.0,1590000000.0,11.57,-75.57
2.5e-05,2.1e-05,4e-13,3e-10,1e-10,0.0582,36100000000.0,1750000000.0,11.12,-77.21
2.5e-05,2.1e-05,4e-13,3e-10,5e-11,0.0582,36100000000.0,1750000000.0,11.11,-77.06
2.5e-05,2.1e-05,4e-13,3e-10,2e-10,0.0582,36100000000.0,1740000000.0,11.12,-77.08
2.5e-05,2.1e-05,4e-13,3e-10,2.5e-10,0.0582,36100000000.0,1750000000.0,11.11,-77.03
2.5e-05,2.1e-05,4e-13,3.5e-10,1e-10,0.0582,34100000000.0,1650000000.0,11.4,-76.32
2.5e-05,2.1e-05,4e-13,3.5e-10,1.5e-10,0.0582,34100000000.0,1650000000.0,11.4,-75.94
2.5e-05,2.1e-05,4e-13,3.5e-10,2e-10,0.0582,34100000000.0,1650000000.0,11.39,-76.36
2.5e-05,2.1e-05,4e-13,3.5e-10,2.5e-10,0.0582,34100000000.0,1650000000.0,11.4,-76.37
2.5e-05,2.1e-05,4e-13,4.5e-10,1e-10,0.0582,31200000000.0,1540000000.0,11.69,-75.15
2.5e-05,2.1e-05,4e-13,4.5e-10,5e-11,0.0582,31200000000.0,1540000000.0,11.69,-75.05
2.5e-05,2.1e-05,4e-13,4.5e-10,1.5e-10,0.0582,31200000000.0,1540000000.0,11.69,-75.25
2.5e-05,2.1e-05,4e-13,4.5e-10,2.5e-10,0.0582,31200000000.0,1540000000.0,11.69,-75.01
2.5e-05,2.1e-05,4e-13,5e-10,1e-10,0.0582,30100000000.0,1500000000.0,11.78,-74.71
2.5e-05,2.1e-05,4e-13,5e-10,5e-11,0.0582,30100000000.0,1510000000.0,11.77,-74.77
2.5e-05,2.1e-05,4e-13,5e-10,1.5e-10,0.0582,30100000000.0,1500000000.0,11.77,-74.75
2.5e-05,2.1e-05,6e-13,4e-10,1e-10,0.0582,32500000000.0,1580000000.0,11.57,-75.74
2.5e-05,2.1e-05,6e-13,4e-10,1.5e-10,0.0582,32500000000.0,1580000000.0,11.57,-75.67
2.5e-05,2.1e-05,6e-13,3e-10,1e-10,0.0582,36100000000.0,1750000000.0,11.11,-77.35
2.5e-05,2.1e-05,6e-13,3e-10,5e-11,0.0582,36100000000.0,1750000000.0,11.11,-77.54
2.5e-05,2.1e-05,6e-13,3e-10,1.5e-10,0.0582,36100000000.0,1750000000.0,11.12,-77.1
2.5e-05,2.1e-05,6e-13,3e-10,2e-10,0.0582,36100000000.0,1750000000.0,11.11,-77.6
2.5e-05,2.1e-05,6e-13,3e-10,2.5e-10,0.0582,36100000000.0,1760000000.0,11.11,-75.93
2.5e-05,2.1e-05,6e-13,3.5e-10,1e-10,0.0582,34100000000.0,1640000000.0,11.4,-76.22
2.5e-05,2.1e-05,6e-13,3.5e-10,5e-11,0.0582,34100000000.0,1650000000.0,11.4,-75.95
2.5e-05,2.1e-05,6e-13,3.5e-10,1.5e-10,0.0582,34100000000.0,1650000000.0,11.4,-76.25
2.5e-05,2.1e-05,6e-13,3.5e-10,2e-10,0.0582,34100000000.0,1650000000.0,11.4,-76.29
2.5e-05,2.1e-05,6e-13,3.5e-10,2.5e-10,0.0582,34100000000.0,1660000000.0,11.39,-76.26
2.5e-05,2.1e-05,6e-13,4.5e-10,1e-10,0.0582,31200000000.0,1540000000.0,11.69,-75.23
2.5e-05,2.1e-05,6e-13,4.5e-10,2e-10,0.0582,31200000000.0,1530000000.0,11.69,-75.07
2.5e-05,2.1e-05,6e-13,4.5e-10,2.5e-10,0.0582,31200000000.0,1540000000.0,11.69,-75.28
2.5e-05,2.1e-05,6e-13,5e-10,1e-10,0.0582,30100000000.0,1510000000.0,11.77,-74.79
2.5e-05,2.1e-05,6e-13,5e-10,1.5e-10,0.0582,30100000000.0,1500000000.0,11.78,-74.78
2.5e-05,2.1e-05,6e-13,5e-10,2e-10,0.0582,30100000000.0,1510000000.0,11.78,-74.84
2.5e-05,2.1e-05,6e-13,5e-10,2.5e-10,0.0582,30100000000.0,1510000000.0,11.77,-74.81
2.5e-05,2.1e-05,7e-13,4e-10,1e-10,0.0582,32500000000.0,1590000000.0,11.57,-75.74
2.5e-05,2.1e-05,7e-13,4e-10,1.5e-10,0.0582,32500000000.0,1590000000.0,11.57,-75.77
2.5e-05,2.1e-05,7e-13,4e-10,2e-10,0.0582,32500000000.0,1580000000.0,11.57,-75.77
2.5e-05,2.1e-05,7e-13,3e-10,1e-10,0.0582,36100000000.0,1740000000.0,11.12,-77.12
2.5e-05,2.1e-05,7e-13,3e-10,5e-11,0.0582,36100000000.0,1750000000.0,11.11,-77.23
2.5e-05,2.1e-05,7e-13,3e-10,1.5e-10,0.0582,36100000000.0,1750000000.0,11.12,-77.12
2.5e-05,2.1e-05,7e-13,3e-10,2e-10,0.0582,36100000000.0,1750000000.0,11.12,-77.08
2.5e-05,2.1e-05,7e-13,3e-10,2.5e-10,0.0582,36100000000.0,1740000000.0,11.12,-77.1
2.5e-05,2.1e-05,7e-13,3.5e-10,1.5e-10,0.0582,34100000000.0,1660000000.0,11.4,-76.29
2.5e-05,2.1e-05,7e-13,3.5e-10,2e-10,0.0582,34100000000.0,1640000000.0,11.4,-76.32
2.5e-05,2.1e-05,7e-13,3.5e-10,2.5e-10,0.0582,34100000000.0,1650000000.0,11.4,-76.41
2.5e-05,2.1e-05,7e-13,4.5e-10,5e-11,0.0582,31200000000.0,1540000000.0,11.69,-75.2
2.5e-05,2.1e-05,7e-13,4.5e-10,1.5e-10,0.0582,31200000000.0,1540000000.0,11.69,-75.59
2.5e-05,2.1e-05,7e-13,4.5e-10,2e-10,0.0582,31200000000.0,1540000000.0,11.69,-75.02
2.5e-05,2.1e-05,7e-13,4.5e-10,2.5e-10,0.0582,31200000000.0,1540000000.0,11.69,-75.17
2.5e-05,2.1e-05,7e-13,5e-10,1e-10,0.0582,30100000000.0,1500000000.0,11.78,-74.84
2.5e-05,2.1e-05,7e-13,5e-10,5e-11,0.0582,30100000000.0,1500000000.0,11.78,-74.88
2.5e-05,2.1e-05,7e-13,5e-10,1.5e-10,0.0582,30100000000.0,1510000000.0,11.77,-74.86
2.5e-05,2.2e-05,5e-13,4e-10,1e-10,0.0582,32400000000.0,1520000000.0,11.52,-75.62
2.5e-05,2.2e-05,5e-13,4e-10,5e-11,0.0582,32400000000.0,1520000000.0,11.51,-75.56
2.5e-05,2.2e-05,5e-13,4e-10,1.5e-10,0.0582,32400000000.0,1520000000.0,11.51,-75.75
2.5e-05,2.2e-05,5e-13,4e-10,2e-10,0.0582,32400000000.0,1520000000.0,11.52,-75.56
2.5e-05,2.2e-05,5e-13,3e-10,1e-10,0.0582,36100000000.0,1660000000.0,11.04,-76.84
2.5e-05,2.2e-05,5e-13,3e-10,5e-11,0.0582,36100000000.0,1670000000.0,11.04,-77.0
2.5e-05,2.2e-05,5e-13,3e-10,1.5e-10,0.0582,36100000000.0,1670000000.0,11.04,-76.71
2.5e-05,2.2e-05,5e-13,3e-10,2e-10,0.0582,36100000000.0,1670000000.0,11.04,-76.94
2.5e-05,2.2e-05,5e-13,3e-10,2.5e-10,0.0582,36100000000.0,1670000000.0,11.04,-76.86
2.5e-05,2.2e-05,5e-13,3.5e-10,1e-10,0.0582,34000000000.0,1580000000.0,11.33,-76.77
2.5e-05,2.2e-05,5e-13,3.5e-10,5e-11,0.0582,34000000000.0,1590000000.0,11.33,-76.22
2.5e-05,2.2e-05,5e-13,3.5e-10,1.5e-10,0.0582,34000000000.0,1580000000.0,11.33,-76.17
2.5e-05,2.2e-05,5e-13,3.5e-10,2e-10,0.0582,34000000000.0,1570000000.0,11.33,-76.17
2.5e-05,2.2e-05,5e-13,3.5e-10,2.5e-10,0.0582,34000000000.0,1580000000.0,11.33,-76.14
2.5e-05,2.2e-05,5e-13,4.5e-10,1e-10,0.0582,31100000000.0,1480000000.0,11.64,-75.07
2.5e-05,2.2e-05,5e-13,4.5e-10,1.5e-10,0.0582,31100000000.0,1480000000.0,11.64,-75.14
2.5e-05,2.2e-05,5e-13,4.5e-10,2.5e-10,0.0582,31100000000.0,1480000000.0,11.64,-75.54
2.5e-05,2.2e-05,5e-13,5e-10,1e-10,0.0582,30000000000.0,1450000000.0,11.73,-74.77
2.5e-05,2.2e-05,5e-13,5e-10,5e-11,0.0582,30000000000.0,1440000000.0,11.73,-74.63
2.5e-05,2.2e-05,5e-13,5e-10,1.5e-10,0.0582,30000000000.0,1450000000.0,11.73,-74.81
2.5e-05,2.2e-05,5e-13,5e-10,2e-10,0.0582,30000000000.0,1440000000.0,11.73,-74.77
2.5e-05,2.2e-05,5e-13,5e-10,2.5e-10,0.0582,30000000000.0,1440000000.0,11.73,-74.74
2.5e-05,2.2e-05,3e-13,4e-10,1e-10,0.0582,32400000000.0,1520000000.0,11.51,-75.64
2.5e-05,2.2e-05,3e-13,4e-10,5e-11,0.0582,32400000000.0,1520000000.0,11.51,-75.23
2.5e-05,2.2e-05,3e-13,4e-10,1.5e-10,0.0582,32400000000.0,1510000000.0,11.51,-76.03
2.5e-05,2.2e-05,3e-13,4e-10,2e-10,0.0582,32400000000.0,1510000000.0,11.51,-75.62
2.5e-05,2.2e-05,3e-13,4e-10,2.5e-10,0.0582,32400000000.0,1520000000.0,11.51,-75.57
2.5e-05,2.2e-05,3e-13,3e-10,1e-10,0.0582,36100000000.0,1660000000.0,11.04,-76.81
2.5e-05,2.2e-05,3e-13,3e-10,5e-11,0.0582,36100000000.0,1660000000.0,11.04,-76.98
2.5e-05,2.2e-05,3e-13,3e-10,1.5e-10,0.0582,36100000000.0,1660000000.0,11.04,-76.88
2.5e-05,2.2e-05,3e-13,3e-10,2e-10,0.0582,36100000000.0,1670000000.0,11.04,-76.89
2.5e-05,2.2e-05,3e-13,3e-10,2.5e-10,0.0582,36100000000.0,1670000000.0,11.04,-76.83
2.5e-05,2.2e-05,3e-13,3.5e-10,1e-10,0.0582,34000000000.0,1580000000.0,11.33,-76.21
2.5e-05,2.2e-05,3e-13,3.5e-10,5e-11,0.0582,34000000000.0,1580000000.0,11.33,-76.28
2.5e-05,2.2e-05,3e-13,3.5e-10,1.5e-10,0.0582,34000000000.0,1580000000.0,11.33,-75.69
2.5e-05,2.2e-05,3e-13,3.5e-10,2e-10,0.0582,34000000000.0,1570000000.0,11.33,-76.12
2.5e-05,2.2e-05,3e-13,3.5e-10,2.5e-10,0.0582,34000000000.0,1580000000.0,11.33,-76.26
2.5e-05,2.2e-05,3e-13,4.5e-10,1e-10,0.0582,31100000000.0,1480000000.0,11.64,-75.01
2.5e-05,2.2e-05,3e-13,4.5e-10,1.5e-10,0.0582,31100000000.0,1470000000.0,11.64,-75.11
2.5e-05,2.2e-05,3e-13,4.5e-10,2e-10,0.0582,31100000000.0,1470000000.0,11.64,-75.07
2.5e-05,2.2e-05,3e-13,5e-10,1e-10,0.0582,30000000000.0,1440000000.0,11.73,-74.72
2.5e-05,2.2e-05,3e-13,5e-10,5e-11,0.0582,30000000000.0,1440000000.0,11.73,-74.73
2.5e-05,2.2e-05,3e-13,5e-10,1.5e-10,0.0582,30000000000.0,1440000000.0,11.73,-74.76
2.5e-05,2.2e-05,3e-13,5e-10,2e-10,0.0582,30000000000.0,1450000000.0,11.73,-74.73
2.5e-05,2.2e-05,4e-13,4e-10,5e-11,0.0582,32400000000.0,1520000000.0,11.52,-75.55
2.5e-05,2.2e-05,4e-13,4e-10,1.5e-10,0.0582,32400000000.0,1520000000.0,11.52,-75.63
2.5e-05,2.2e-05,4e-13,4e-10,2e-10,0.0582,32400000000.0,1520000000.0,11.51,-75.24
2.5e-05,2.2e-05,4e-13,4e-10,2.5e-10,0.0582,32400000000.0,1520000000.0,11.52,-75.51
2.5e-05,2.2e-05,4e-13,3e-10,1e-10,0.0582,36100000000.0,1670000000.0,11.04,-76.84
2.5e-05,2.2e-05,4e-13,3e-10,1.5e-10,0.0582,36100000000.0,1680000000.0,11.04,-76.97
2.5e-05,2.2e-05,4e-13,3e-10,2e-10,0.0582,36100000000.0,1670000000.0,11.04,-76.78
2.5e-05,2.2e-05,4e-13,3e-10,2.5e-10,0.0582,36100000000.0,1670000000.0,11.04,-77.01
2.5e-05,2.2e-05,4e-13,3.5e-10,1e-10,0.0582,34000000000.0,1570000000.0,11.33,-76.15
2.5e-05,2.2e-05,4e-13,3.5e-10,5e-11,0.0582,34000000000.0,1590000000.0,11.33,-76.12
2.5e-05,2.2e-05,4e-13,3.5e-10,1.5e-10,0.0582,34000000000.0,1570000000.0,11.33,-76.19
2.5e-05,2.2e-05,4e-13,3.5e-10,2e-10,0.0582,34000000000.0,1580000000.0,11.33,-76.48
2.5e-05,2.2e-05,4e-13,3.5e-10,2.5e-10,0.0582,34000000000.0,1580000000.0,11.33,-76.3
2.5e-05,2.2e-05,4e-13,4.5e-10,1e-10,0.0582,31100000000.0,1480000000.0,11.64,-75.12
2.5e-05,2.2e-05,4e-13,4.5e-10,1.5e-10,0.0582,31100000000.0,1480000000.0,11.64,-75.13
2.5e-05,2.2e-05,4e-13,4.5e-10,2e-10,0.0582,31100000000.0,1480000000.0,11.64,-75.09
2.5e-05,2.2e-05,4e-13,4.5e-10,2.5e-10,0.0582,31100000000.0,1470000000.0,11.64,-75.05
2.5e-05,2.2e-05,4e-13,5e-10,5e-11,0.0582,30000000000.0,1450000000.0,11.72,-74.68
2.5e-05,2.2e-05,4e-13,5e-10,1.5e-10,0.0582,30000000000.0,1440000000.0,11.73,-74.71
2.5e-05,2.2e-05,4e-13,5e-10,2e-10,0.0582,30000000000.0,1450000000.0,11.73,-74.76
2.5e-05,2.2e-05,6e-13,4e-10,5e-11,0.0582,32400000000.0,1520000000.0,11.52,-75.52
2.5e-05,2.2e-05,6e-13,4e-10,1.5e-10,0.0582,32400000000.0,1520000000.0,11.51,-75.52
2.5e-05,2.2e-05,6e-13,4e-10,2e-10,0.0582,32400000000.0,1510000000.0,11.52,-75.36
2.5e-05,2.2e-05,6e-13,3e-10,5e-11,0.0582,36100000000.0,1670000000.0,11.04,-76.95
2.5e-05,2.2e-05,6e-13,3e-10,1.5e-10,0.0582,36100000000.0,1670000000.0,11.04,-76.91
2.5e-05,2.2e-05,6e-13,3e-10,2e-10,0.0582,36100000000.0,1670000000.0,11.04,-76.92
2.5e-05,2.2e-05,6e-13,3e-10,2.5e-10,0.0582,36100000000.0,1660000000.0,11.04,-77.18
2.5e-05,2.2e-05,6e-13,3.5e-10,1e-10,0.0582,34000000000.0,1580000000.0,11.33,-76.69
2.5e-05,2.2e-05,6e-13,3.5e-10,5e-11,0.0582,34000000000.0,1570000000.0,11.33,-75.99
2.5e-05,2.2e-05,6e-13,3.5e-10,1.5e-10,0.0582,34000000000.0,1580000000.0,11.33,-76.15
2.5e-05,2.2e-05,6e-13,3.5e-10,2.5e-10,0.0582,34000000000.0,1580000000.0,11.33,-76.22
2.5e-05,2.2e-05,6e-13,5e-10,1e-10,0.0582,30000000000.0,1450000000.0,11.73,-75.03
2.5e-05,2.2e-05,6e-13,5e-10,5e-11,0.0582,30000000000.0,1450000000.0,11.73,-74.57
2.5e-05,2.2e-05,6e-13,5e-10,1.5e-10,0.0582,30000000000.0,1440000000.0,11.73,-75.99
2.5e-05,2.2e-05,6e-13,5e-10,2e-10,0.0582,30000000000.0,1450000000.0,11.73,-74.79
2.5e-05,2.2e-05,6e-13,5e-10,2.5e-10,0.0582,30000000000.0,1450000000.0,11.73,-74.7
2.5e-05,2.2e-05,7e-13,4e-10,1e-10,0.0582,32400000000.0,1520000000.0,11.51,-75.5
2.5e-05,2.2e-05,7e-13,4e-10,5e-11,0.0582,32400000000.0,1510000000.0,11.51,-75.61
2.5e-05,2.2e-05,7e-13,4e-10,1.5e-10,0.0582,32400000000.0,1530000000.0,11.51,-76.06
2.5e-05,2.2e-05,7e-13,3e-10,1.5e-10,0.0582,36100000000.0,1660000000.0,11.04,-77.0
2.5e-05,2.2e-05,7e-13,3.5e-10,5e-11,0.0582,34000000000.0,1580000000.0,11.33,-76.11
2.5e-05,2.2e-05,7e-13,3.5e-10,2e-10,0.0582,34000000000.0,1570000000.0,11.33,-74.33
2.5e-05,2.2e-05,7e-13,3.5e-10,2.5e-10,0.0582,34000000000.0,1570000000.0,11.33,-76.18
2.5e-05,2.2e-05,7e-13,4.5e-10,2.5e-10,0.0582,31100000000.0,1480000000.0,11.64,-75.26
2.5e-05,2.2e-05,7e-13,5e-10,1e-10,0.0582,30000000000.0,1440000000.0,11.73,-74.64
2.5e-05,2.2e-05,7e-13,5e-10,2e-10,0.0582,30000000000.0,1450000000.0,11.73,-74.67
2.5e-05,2.3e-05,5e-13,4e-10,1e-10,0.0582,32400000000.0,1440000000.0,11.45,-75.42
2.5e-05,2.3e-05,5e-13,4e-10,5e-11,0.0582,32400000000.0,1440000000.0,11.46,-75.45
2.5e-05,2.3e-05,5e-13,4e-10,1.5e-10,0.0582,32400000000.0,1430000000.0,11.45,-75.92
2.5e-05,2.3e-05,5e-13,4e-10,2e-10,0.0582,32400000000.0,1440000000.0,11.46,-75.49
2.5e-05,2.3e-05,5e-13,4e-10,2.5e-10,0.0582,32400000000.0,1440000000.0,11.46,-75.56
2.5e-05,2.3e-05,5e-13,3e-10,1e-10,0.0582,36100000000.0,1560000000.0,10.96,-76.71
2.5e-05,2.3e-05,5e-13,3e-10,5e-11,0.0582,36100000000.0,1550000000.0,10.96,-76.73
2.5e-05,2.3e-05,5e-13,3e-10,1.5e-10,0.0582,36100000000.0,1560000000.0,10.96,-76.67
2.5e-05,2.3e-05,5e-13,3e-10,2e-10,0.0582,36100000000.0,1560000000.0,10.96,-76.92
2.5e-05,2.3e-05,5e-13,3e-10,2.5e-10,0.0582,36100000000.0,1550000000.0,10.96,-76.85
2.5e-05,2.3e-05,5e-13,3.5e-10,1e-10,0.0582,34000000000.0,1490000000.0,11.26,-76.06
2.5e-05,2.3e-05,5e-13,3.5e-10,5e-11,0.0582,34000000000.0,1490000000.0,11.26,-76.05
2.5e-05,2.3e-05,5e-13,3.5e-10,1.5e-10,0.0582,34000000000.0,1490000000.0,11.27,-76.08
2.5e-05,2.3e-05,5e-13,3.5e-10,2e-10,0.0582,34000000000.0,1490000000.0,11.27,-75.99
2.5e-05,2.3e-05,5e-13,3.5e-10,2.5e-10,0.0582,34000000000.0,1490000000.0,11.27,-73.79
2.5e-05,2.3e-05,5e-13,4.5e-10,1e-10,0.0582,31100000000.0,1400000000.0,11.59,-74.98
2.5e-05,2.3e-05,5e-13,4.5e-10,5e-11,0.0582,31100000000.0,1400000000.0,11.59,-74.93
2.5e-05,2.3e-05,5e-13,4.5e-10,1.5e-10,0.0582,31100000000.0,1410000000.0,11.58,-75.02
2.5e-05,2.3e-05,5e-13,4.5e-10,2e-10,0.0582,31100000000.0,1410000000.0,11.58,-75.28
2.5e-05,2.3e-05,5e-13,4.5e-10,2.5e-10,0.0582,31100000000.0,1410000000.0,11.58,-74.94
2.5e-05,2.3e-05,5e-13,5e-10,1e-10,0.0582,30000000000.0,1380000000.0,11.68,-74.64
2.5e-05,2.3e-05,5e-13,5e-10,5e-11,0.0582,30000000000.0,1380000000.0,11.68,-74.58
2.5e-05,2.3e-05,5e-13,5e-10,1.5e-10,0.0582,30000000000.0,1380000000.0,11.68,-74.6
2.5e-05,2.3e-05,5e-13,5e-10,2e-10,0.0582,30000000000.0,1380000000.0,11.68,-74.62
2.5e-05,2.3e-05,5e-13,5e-10,2.5e-10,0.0582,30000000000.0,1380000000.0,11.68,-74.63
2.5e-05,2.3e-05,3e-13,4e-10,1e-10,0.0582,32400000000.0,1440000000.0,11.46,-75.65
2.5e-05,2.3e-05,3e-13,4e-10,5e-11,0.0582,32400000000.0,1440000000.0,11.46,-75.48
2.5e-05,2.3e-05,3e-13,4e-10,1.5e-10,0.0582,32400000000.0,1440000000.0,11.46,-75.44
2.5e-05,2.3e-05,3e-13,4e-10,2.5e-10,0.0582,32400000000.0,1440000000.0,11.46,-75.37
2.5e-05,2.3e-05,3e-13,3e-10,1e-10,0.0582,36100000000.0,1560000000.0,10.96,-76.95
2.5e-05,2.3e-05,3e-13,3e-10,5e-11,0.0582,36100000000.0,1570000000.0,10.96,-76.7
2.5e-05,2.3e-05,3e-13,3e-10,1.5e-10,0.0582,36100000000.0,1570000000.0,10.96,-76.5
2.5e-05,2.3e-05,3e-13,3e-10,2e-10,0.0582,36100000000.0,1560000000.0,10.96,-76.61
2.5e-05,2.3e-05,3e-13,3e-10,2.5e-10,0.0582,36100000000.0,1570000000.0,10.96,-76.69
2.5e-05,2.3e-05,3e-13,3.5e-10,1e-10,0.0582,34000000000.0,1490000000.0,11.26,-76.01
2.5e-05,2.3e-05,3e-13,3.5e-10,1.5e-10,0.0582,34000000000.0,1490000000.0,11.26,-76.04
2.5e-05,2.3e-05,3e-13,3.5e-10,2e-10,0.0582,34000000000.0,1490000000.0,11.26,-76.03
2.5e-05,2.3e-05,3e-13,4.5e-10,1e-10,0.0582,31100000000.0,1400000000.0,11.59,-76.0
2.5e-05,2.3e-05,3e-13,4.5e-10,5e-11,0.0582,31100000000.0,1400000000.0,11.59,-75.02
2.5e-05,2.3e-05,3e-13,4.5e-10,1.5e-10,0.0582,31100000000.0,1400000000.0,11.58,-75.05
2.5e-05,2.3e-05,3e-13,4.5e-10,2e-10,0.0582,31100000000.0,1400000000.0,11.58,-75.13
2.5e-05,2.3e-05,3e-13,4.5e-10,2.5e-10,0.0582,31100000000.0,1410000000.0,11.58,-74.79
2.5e-05,2.3e-05,3e-13,5e-10,1e-10,0.0582,30000000000.0,1380000000.0,11.68,-74.66
2.5e-05,2.3e-05,3e-13,5e-10,5e-11,0.0582,30000000000.0,1390000000.0,11.68,-74.54
2.5e-05,2.3e-05,3e-13,5e-10,2e-10,0.0582,30000000000.0,1380000000.0,11.67,-74.61
2.5e-05,2.3e-05,3e-13,5e-10,2.5e-10,0.0582,30000000000.0,1380000000.0,11.68,-74.71
2.5e-05,2.3e-05,4e-13,4e-10,1e-10,0.0582,32400000000.0,1430000000.0,11.45,-75.08
2.5e-05,2.3e-05,4e-13,4e-10,5e-11,0.0582,32400000000.0,1440000000.0,11.46,-75.46
2.5e-05,2.3e-05,4e-13,4e-10,1.5e-10,0.0582,32400000000.0,1440000000.0,11.45,-75.63
2.5e-05,2.3e-05,4e-13,4e-10,2e-10,0.0582,32400000000.0,1440000000.0,11.45,-75.09
2.5e-05,2.3e-05,4e-13,4e-10,2.5e-10,0.0582,32400000000.0,1440000000.0,11.45,-75.36
2.5e-05,2.3e-05,4e-13,3e-10,1e-10,0.0582,36100000000.0,1570000000.0,10.96,-76.85
2.5e-05,2.3e-05,4e-13,3e-10,5e-11,0.0582,36100000000.0,1570000000.0,10.96,-76.71
2.5e-05,2.3e-05,4e-13,3e-10,1.5e-10,0.0582,36100000000.0,1560000000.0,10.96,-76.69
2.5e-05,2.3e-05,4e-13,3e-10,2e-10,0.0582,36100000000.0,1550000000.0,10.96,-76.8
2.5e-05,2.3e-05,4e-13,3e-10,2.5e-10,0.0582,36100000000.0,1560000000.0,10.96,-76.64
2.5e-05,2.3e-05,4e-13,3.5e-10,1e-10,0.0582,34000000000.0,1490000000.0,11.27,-73.95
2.5e-05,2.3e-05,4e-13,3.5e-10,1.5e-10,0.0582,34000000000.0,1490000000.0,11.26,-76.0
2.5e-05,2.3e-05,4e-13,3.5e-10,2e-10,0.0582,34000000000.0,1490000000.0,11.26,-76.27
2.5e-05,2.3e-05,4e-13,3.5e-10,2.5e-10,0.0582,34000000000.0,1490000000.0,11.26,-76.09
2.5e-05,2.3e-05,4e-13,4.5e-10,1e-10,0.0582,31100000000.0,1400000000.0,11.59,-75.04
2.5e-05,2.3e-05,4e-13,4.5e-10,1.5e-10,0.0582,31100000000.0,1410000000.0,11.58,-74.78
2.5e-05,2.3e-05,4e-13,4.5e-10,2e-10,0.0582,31100000000.0,1410000000.0,11.59,-75.01
2.5e-05,2.3e-05,4e-13,4.5e-10,2.5e-10,0.0582,31100000000.0,1400000000.0,11.58,-75.02
2.5e-05,2.3e-05,4e-13,5e-10,1e-10,0.0582,30000000000.0,1370000000.0,11.68,-74.47
2.5e-05,2.3e-05,4e-13,5e-10,5e-11,0.0582,30000000000.0,1370000000.0,11.68,-74.64
2.5e-05,2.3e-05,4e-13,5e-10,2e-10,0.0582,30000000000.0,1380000000.0,11.68,-74.65
2.5e-05,2.3e-05,4e-13,5e-10,2.5e-10,0.0582,30000000000.0,1370000000.0,11.68,-74.62
2.5e-05,2.3e-05,6e-13,4e-10,1.5e-10,0.0582,32400000000.0,1440000000.0,11.46,-75.53
2.5e-05,2.3e-05,6e-13,4e-10,2e-10,0.0582,32400000000.0,1430000000.0,11.45,-75.91
2.5e-05,2.3e-05,6e-13,3e-10,1e-10,0.0582,36100000000.0,1570000000.0,10.96,-76.74
2.5e-05,2.3e-05,6e-13,3e-10,5e-11,0.0582,36100000000.0,1550000000.0,10.96,-77.11
2.5e-05,2.3e-05,6e-13,3e-10,1.5e-10,0.0582,36100000000.0,1570000000.0,10.96,-76.82
2.5e-05,2.3e-05,6e-13,3e-10,2e-10,0.0582,36100000000.0,1550000000.0,10.96,-76.76
2.5e-05,2.3e-05,6e-13,3e-10,2.5e-10,0.0582,36100000000.0,1560000000.0,10.96,-76.79
2.5e-05,2.3e-05,6e-13,3.5e-10,1e-10,0.0582,34000000000.0,1480000000.0,11.26,-76.04
2.5e-05,2.3e-05,6e-13,3.5e-10,5e-11,0.0582,34000000000.0,1480000000.0,11.26,-76.08
2.5e-05,2.3e-05,6e-13,3.5e-10,2e-10,0.0582,34000000000.0,1480000000.0,11.27,-76.12
2.5e-05,2.3e-05,6e-13,4.5e-10,1e-10,0.0582,31100000000.0,1410000000.0,11.59,-74.9
2.5e-05,2.3e-05,6e-13,4.5e-10,1.5e-10,0.0582,31100000000.0,1400000000.0,11.59,-74.96
2.5e-05,2.3e-05,6e-13,4.5e-10,2e-10,0.0582,31100000000.0,1410000000.0,11.58,-75.09
2.5e-05,2.3e-05,6e-13,5e-10,1e-10,0.0582,30000000000.0,1370000000.0,11.68,-74.65
2.5e-05,2.3e-05,6e-13,5e-10,1.5e-10,0.0582,30000000000.0,1370000000.0,11.68,-74.6
2.5e-05,2.3e-05,6e-13,5e-10,2e-10,0.0582,30000000000.0,1380000000.0,11.68,-74.96
2.5e-05,2.3e-05,6e-13,5e-10,2.5e-10,0.0582,30000000000.0,1380000000.0,11.68,-74.56
2.5e-05,2.3e-05,7e-13,4e-10,5e-11,0.0582,32400000000.0,1440000000.0,11.46,-75.47
2.5e-05,2.3e-05,7e-13,4e-10,2e-10,0.0582,32400000000.0,1430000000.0,11.46,-75.49
2.5e-05,2.3e-05,7e-13,4e-10,2.5e-10,0.0582,32400000000.0,1450000000.0,11.46,-75.64
2.5e-05,2.3e-05,7e-13,3e-10,1e-10,0.0582,36100000000.0,1570000000.0,10.96,-76.63
2.5e-05,2.3e-05,7e-13,3e-10,5e-11,0.0582,36100000000.0,1570000000.0,10.96,-76.81
2.5e-05,2.3e-05,7e-13,3e-10,1.5e-10,0.0582,36100000000.0,1550000000.0,10.96,-77.36
2.5e-05,2.3e-05,7e-13,3e-10,2e-10,0.0582,36100000000.0,1550000000.0,10.96,-76.88
2.5e-05,2.3e-05,7e-13,3e-10,2.5e-10,0.0582,36100000000.0,1550000000.0,10.96,-76.7
2.5e-05,2.3e-05,7e-13,3.5e-10,2e-10,0.0582,34000000000.0,1490000000.0,11.26,-76.63
2.5e-05,2.3e-05,7e-13,4.5e-10,5e-11,0.0582,31100000000.0,1400000000.0,11.59,-75.05
2.5e-05,2.3e-05,7e-13,4.5e-10,2.5e-10,0.0582,31100000000.0,1400000000.0,11.59,-74.89
2.5e-05,2.3e-05,7e-13,5e-10,1e-10,0.0582,30000000000.0,1380000000.0,11.68,-74.94
2.5e-05,2.3e-05,7e-13,5e-10,5e-11,0.0582,30000000000.0,1370000000.0,11.68,-74.63
2.5e-05,2.3e-05,7e-13,5e-10,1.5e-10,0.0582,30000000000.0,1390000000.0,11.68,-74.58
2.5e-05,2.3e-05,7e-13,5e-10,2e-10,0.0582,30000000000.0,1370000000.0,11.68,-74.67
2.5e-05,2.4e-05,5e-13,4e-10,1e-10,0.0582,32400000000.0,1340000000.0,11.4,-75.47
2.5e-05,2.4e-05,5e-13,4e-10,5e-11,0.0582,32400000000.0,1340000000.0,11.39,-75.41
2.5e-05,2.4e-05,5e-13,4e-10,1.5e-10,0.0582,32400000000.0,1350000000.0,11.39,-75.54
2.5e-05,2.4e-05,5e-13,4e-10,2e-10,0.0582,32400000000.0,1340000000.0,11.39,-75.36
2.5e-05,2.4e-05,5e-13,4e-10,2.5e-10,0.0582,32400000000.0,1350000000.0,11.39,-75.29
2.5e-05,2.4e-05,5e-13,3e-10,1e-10,0.0582,36000000000.0,1430000000.0,10.88,-76.63
2.5e-05,2.4e-05,5e-13,3e-10,5e-11,0.0582,36000000000.0,1440000000.0,10.88,-76.55
2.5e-05,2.4e-05,5e-13,3e-10,1.5e-10,0.0582,36000000000.0,1450000000.0,10.88,-76.71
2.5e-05,2.4e-05,5e-13,3e-10,2e-10,0.0582,36000000000.0,1430000000.0,10.88,-76.7
2.5e-05,2.4e-05,5e-13,3e-10,2.5e-10,0.0582,36000000000.0,1450000000.0,10.88,-71.66
2.5e-05,2.4e-05,5e-13,3.5e-10,1e-10,0.0582,34000000000.0,1380000000.0,11.2,-75.98
2.5e-05,2.4e-05,5e-13,3.5e-10,5e-11,0.0582,34000000000.0,1390000000.0,11.19,-76.48
2.5e-05,2.4e-05,5e-13,3.5e-10,1.5e-10,0.0582,34000000000.0,1390000000.0,11.2,-75.99
2.5e-05,2.4e-05,5e-13,3.5e-10,2e-10,0.0582,34000000000.0,1390000000.0,11.19,-76.49
2.5e-05,2.4e-05,5e-13,3.5e-10,2.5e-10,0.0582,34000000000.0,1390000000.0,11.2,-76.01
2.5e-05,2.4e-05,5e-13,4.5e-10,1e-10,0.0582,31000000000.0,1320000000.0,11.53,-74.88
2.5e-05,2.4e-05,5e-13,4.5e-10,5e-11,0.0582,31000000000.0,1330000000.0,11.53,-74.88
2.5e-05,2.4e-05,5e-13,4.5e-10,1.5e-10,0.0582,31000000000.0,1320000000.0,11.53,-74.87
2.5e-05,2.4e-05,5e-13,4.5e-10,2e-10,0.0582,31000000000.0,1310000000.0,11.53,-74.91
2.5e-05,2.4e-05,5e-13,5e-10,1e-10,0.0582,29900000000.0,1290000000.0,11.62,-74.54
2.5e-05,2.4e-05,5e-13,5e-10,5e-11,0.0582,29900000000.0,1300000000.0,11.63,-74.48
2.5e-05,2.4e-05,5e-13,5e-10,1.5e-10,0.0582,29900000000.0,1290000000.0,11.62,-74.6
2.5e-05,2.4e-05,5e-13,5e-10,2.5e-10,0.0582,29900000000.0,1290000000.0,11.63,-74.5
2.5e-05,2.4e-05,3e-13,4e-10,1e-10,0.0582,32400000000.0,1350000000.0,11.39,-75.33
2.5e-05,2.4e-05,3e-13,4e-10,5e-11,0.0582,32400000000.0,1340000000.0,11.4,-75.6
2.5e-05,2.4e-05,3e-13,4e-10,1.5e-10,0.0582,32400000000.0,1350000000.0,11.39,-75.41
2.5e-05,2.4e-05,3e-13,4e-10,2e-10,0.0582,32400000000.0,1340000000.0,11.39,-75.35
2.5e-05,2.4e-05,3e-13,4e-10,2.5e-10,0.0582,32400000000.0,1350000000.0,11.4,-75.35
2.5e-05,2.4e-05,3e-13,3e-10,1e-10,0.0582,36000000000.0,1440000000.0,10.88,-76.64
2.5e-05,2.4e-05,3e-13,3e-10,5e-11,0.0582,36000000000.0,1450000000.0,10.88,-76.61
2.5e-05,2.4e-05,3e-13,3e-10,1.5e-10,0.0582,36000000000.0,1440000000.0,10.88,-76.94
2.5e-05,2.4e-05,3e-13,3e-10,2e-10,0.0582,36000000000.0,1430000000.0,10.88,-76.56
2.5e-05,2.4e-05,3e-13,3e-10,2.5e-10,0.0582,36000000000.0,1450000000.0,10.88,-76.6
2.5e-05,2.4e-05,3e-13,3.5e-10,1e-10,0.0582,34000000000.0,1390000000.0,11.2,-75.58
2.5e-05,2.4e-05,3e-13,3.5e-10,5e-11,0.0582,34000000000.0,1390000000.0,11.19,-75.91
2.5e-05,2.4e-05,3e-13,3.5e-10,1.5e-10,0.0582,34000000000.0,1380000000.0,11.19,-76.13
2.5e-05,2.4e-05,3e-13,3.5e-10,2e-10,0.0582,34000000000.0,1380000000.0,11.2,-75.49
2.5e-05,2.4e-05,3e-13,3.5e-10,2.5e-10,0.0582,34000000000.0,1380000000.0,11.2,-75.93
2.5e-05,2.4e-05,3e-13,4.5e-10,1e-10,0.0582,31000000000.0,1330000000.0,11.53,-74.92
2.5e-05,2.4e-05,3e-13,4.5e-10,5e-11,0.0582,31000000000.0,1320000000.0,11.53,-74.85
2.5e-05,2.4e-05,3e-13,4.5e-10,1.5e-10,0.0582,31000000000.0,1320000000.0,11.53,-74.92
2.5e-05,2.4e-05,3e-13,4.5e-10,2e-10,0.0582,31000000000.0,1330000000.0,11.53,-75.3
2.5e-05,2.4e-05,3e-13,5e-10,1e-10,0.0582,30000000000.0,1300000000.0,11.62,-74.53
2.5e-05,2.4e-05,3e-13,5e-10,5e-11,0.0582,30000000000.0,1300000000.0,11.62,-74.57
2.5e-05,2.4e-05,3e-13,5e-10,1.5e-10,0.0582,30000000000.0,1300000000.0,11.63,-74.41
2.5e-05,2.4e-05,3e-13,5e-10,2e-10,0.0582,30000000000.0,1300000000.0,11.63,-74.48
2.5e-05,2.4e-05,3e-13,5e-10,2.5e-10,0.0582,30000000000.0,1300000000.0,11.62,-74.55
2.5e-05,2.4e-05,4e-13,4e-10,5e-11,0.0582,32400000000.0,1340000000.0,11.39,-75.33
2.5e-05,2.4e-05,4e-13,4e-10,1.5e-10,0.0582,32400000000.0,1340000000.0,11.4,-75.24
2.5e-05,2.4e-05,4e-13,4e-10,2e-10,0.0582,32400000000.0,1340000000.0,11.4,-75.36
2.5e-05,2.4e-05,4e-13,4e-10,2.5e-10,0.0582,32400000000.0,1350000000.0,11.4,-75.45
2.5e-05,2.4e-05,4e-13,3e-10,1e-10,0.0582,36000000000.0,1440000000.0,10.88,-76.7
2.5e-05,2.4e-05,4e-13,3e-10,1.5e-10,0.0582,36000000000.0,1450000000.0,10.88,-76.36
2.5e-05,2.4e-05,4e-13,3e-10,2e-10,0.0582,36000000000.0,1440000000.0,10.88,-76.66
2.5e-05,2.4e-05,4e-13,3e-10,2.5e-10,0.0582,36000000000.0,1440000000.0,10.88,-72.53
2.5e-05,2.4e-05,4e-13,3.5e-10,1e-10,0.0582,34000000000.0,1380000000.0,11.2,-75.91
2.5e-05,2.4e-05,4e-13,3.5e-10,1.5e-10,0.0582,34000000000.0,1390000000.0,11.19,-75.96
2.5e-05,2.4e-05,4e-13,3.5e-10,2e-10,0.0582,34000000000.0,1390000000.0,11.2,-76.02
2.5e-05,2.4e-05,4e-13,3.5e-10,2.5e-10,0.0582,34000000000.0,1380000000.0,11.2,-75.48
2.5e-05,2.4e-05,4e-13,4.5e-10,1e-10,0.0582,31000000000.0,1330000000.0,11.53,-74.89
2.5e-05,2.4e-05,4e-13,4.5e-10,5e-11,0.0582,31000000000.0,1320000000.0,11.53,-74.93
2.5e-05,2.4e-05,4e-13,4.5e-10,2.5e-10,0.0582,31000000000.0,1320000000.0,11.53,-74.79
2.5e-05,2.4e-05,4e-13,5e-10,5e-11,0.0582,29900000000.0,1300000000.0,11.63,-74.41
2.5e-05,2.4e-05,4e-13,5e-10,2e-10,0.0582,29900000000.0,1300000000.0,11.63,-74.52
2.5e-05,2.4e-05,4e-13,5e-10,2.5e-10,0.0582,29900000000.0,1290000000.0,11.62,-74.56
2.5e-05,2.4e-05,6e-13,4e-10,1e-10,0.0582,32400000000.0,1340000000.0,11.4,-75.27
2.5e-05,2.4e-05,6e-13,4e-10,5e-11,0.0582,32400000000.0,1350000000.0,11.4,-75.07
2.5e-05,2.4e-05,6e-13,4e-10,1.5e-10,0.0582,32400000000.0,1340000000.0,11.39,-75.5
2.5e-05,2.4e-05,6e-13,3e-10,1e-10,0.0582,36000000000.0,1440000000.0,10.88,-76.58
2.5e-05,2.4e-05,6e-13,3e-10,5e-11,0.0582,36000000000.0,1440000000.0,10.88,-76.95
2.5e-05,2.4e-05,6e-13,3e-10,1.5e-10,0.0582,36000000000.0,1430000000.0,10.88,-76.0
2.5e-05,2.4e-05,6e-13,3e-10,2.5e-10,0.0582,36000000000.0,1440000000.0,10.88,-76.61
2.5e-05,2.4e-05,6e-13,3.5e-10,1e-10,0.0582,34000000000.0,1380000000.0,11.2,-75.95
2.5e-05,2.4e-05,6e-13,3.5e-10,5e-11,0.0582,34000000000.0,1390000000.0,11.19,-75.94
2.5e-05,2.4e-05,6e-13,3.5e-10,1.5e-10,0.0582,34000000000.0,1390000000.0,11.2,-75.93
2.5e-05,2.4e-05,6e-13,3.5e-10,2.5e-10,0.0582,34000000000.0,1390000000.0,11.19,-76.09
2.5e-05,2.4e-05,6e-13,4.5e-10,1e-10,0.0582,31000000000.0,1310000000.0,11.53,-74.92
2.5e-05,2.4e-05,6e-13,4.5e-10,2e-10,0.0582,31000000000.0,1320000000.0,11.53,-74.9
2.5e-05,2.4e-05,6e-13,4.5e-10,2.5e-10,0.0582,31000000000.0,1310000000.0,11.53,-74.8
2.5e-05,2.4e-05,6e-13,5e-10,5e-11,0.0582,29900000000.0,1300000000.0,11.62,-74.52
2.5e-05,2.4e-05,6e-13,5e-10,1.5e-10,0.0582,29900000000.0,1300000000.0,11.63,-74.54
2.5e-05,2.4e-05,6e-13,5e-10,2e-10,0.0582,29900000000.0,1300000000.0,11.62,-74.9
2.5e-05,2.4e-05,6e-13,5e-10,2.5e-10,0.0582,29900000000.0,1300000000.0,11.63,-74.62
2.5e-05,2.4e-05,7e-13,4e-10,1e-10,0.0582,32400000000.0,1350000000.0,11.39,-75.44
2.5e-05,2.4e-05,7e-13,4e-10,1.5e-10,0.0582,32400000000.0,1340000000.0,11.4,-75.33
2.5e-05,2.4e-05,7e-13,4e-10,2e-10,0.0582,32400000000.0,1360000000.0,11.39,-75.31
2.5e-05,2.4e-05,7e-13,4e-10,2.5e-10,0.0582,32400000000.0,1350000000.0,11.39,-75.37
2.5e-05,2.4e-05,7e-13,3e-10,1e-10,0.0582,36000000000.0,1430000000.0,10.88,-76.67
2.5e-05,2.4e-05,7e-13,3e-10,5e-11,0.0582,36000000000.0,1440000000.0,10.88,-76.67
2.5e-05,2.4e-05,7e-13,3e-10,1.5e-10,0.0582,36000000000.0,1430000000.0,10.88,-76.74
2.5e-05,2.4e-05,7e-13,3e-10,2e-10,0.0582,36000000000.0,1430000000.0,10.88,-76.73
2.5e-05,2.4e-05,7e-13,3e-10,2.5e-10,0.0582,36000000000.0,1430000000.0,10.88,-76.49
2.5e-05,2.4e-05,7e-13,3.5e-10,5e-11,0.0582,34000000000.0,1380000000.0,11.2,-75.47
2.5e-05,2.4e-05,7e-13,3.5e-10,1.5e-10,0.0582,34000000000.0,1380000000.0,11.2,-75.92
2.5e-05,2.4e-05,7e-13,3.5e-10,2e-10,0.0582,34000000000.0,1380000000.0,11.19,-76.07
2.5e-05,2.4e-05,7e-13,3.5e-10,2.5e-10,0.0582,34000000000.0,1380000000.0,11.2,-75.89
2.5e-05,2.4e-05,7e-13,4.5e-10,5e-11,0.0582,31000000000.0,1310000000.0,11.53,-75.07
2.5e-05,2.4e-05,7e-13,4.5e-10,1.5e-10,0.0582,31000000000.0,1310000000.0,11.53,-74.89
2.5e-05,2.4e-05,7e-13,4.5e-10,2e-10,0.0582,31000000000.0,1320000000.0,11.53,-74.67
2.5e-05,2.4e-05,7e-13,4.5e-10,2.5e-10,0.0582,31000000000.0,1310000000.0,11.53,-74.95
2.5e-05,2.4e-05,7e-13,5e-10,1e-10,0.0582,29900000000.0,1310000000.0,11.62,-74.48
2.5e-05,2.4e-05,7e-13,5e-10,5e-11,0.0582,29900000000.0,1290000000.0,11.63,-74.54
2.5e-05,2.4e-05,7e-13,5e-10,1.5e-10,0.0582,29900000000.0,1300000000.0,11.63,-74.42
2.5e-05,2.4e-05,7e-13,5e-10,2e-10,0.0582,29900000000.0,1310000000.0,11.62,-74.45
2.5e-05,2.4e-05,7e-13,5e-10,2.5e-10,0.0582,29900000000.0,1290000000.0,11.63,-74.55
2.5e-05,2.5e-05,5e-13,4e-10,1e-10,0.0582,32300000000.0,1230000000.0,11.33,-75.24
2.5e-05,2.5e-05,5e-13,4e-10,5e-11,0.0582,32300000000.0,1250000000.0,11.33,-75.29
2.5e-05,2.5e-05,5e-13,4e-10,1.5e-10,0.0582,32300000000.0,1240000000.0,11.33,-75.1
2.5e-05,2.5e-05,5e-13,4e-10,2e-10,0.0582,32300000000.0,1230000000.0,11.33,-75.29
2.5e-05,2.5e-05,5e-13,3e-10,1e-10,0.0582,36000000000.0,1300000000.0,10.8,-76.63
2.5e-05,2.5e-05,5e-13,3e-10,5e-11,0.0582,36000000000.0,1300000000.0,10.79,-76.5
2.5e-05,2.5e-05,5e-13,3e-10,1.5e-10,0.0582,36000000000.0,1300000000.0,10.79,-76.58
2.5e-05,2.5e-05,5e-13,3e-10,2e-10,0.0582,36000000000.0,1300000000.0,10.79,-76.09
2.5e-05,2.5e-05,5e-13,3e-10,2.5e-10,0.0582,36000000000.0,1290000000.0,10.8,-76.49
2.5e-05,2.5e-05,5e-13,3.5e-10,1e-10,0.0582,34000000000.0,1260000000.0,11.12,-75.94
2.5e-05,2.5e-05,5e-13,3.5e-10,5e-11,0.0582,34000000000.0,1260000000.0,11.12,-75.7
2.5e-05,2.5e-05,5e-13,3.5e-10,1.5e-10,0.0582,34000000000.0,1270000000.0,11.12,-75.77
2.5e-05,2.5e-05,5e-13,3.5e-10,2e-10,0.0582,34000000000.0,1260000000.0,11.12,-75.78
2.5e-05,2.5e-05,5e-13,3.5e-10,2.5e-10,0.0582,34000000000.0,1270000000.0,11.12,-75.78
2.5e-05,2.5e-05,5e-13,4.5e-10,1e-10,0.0582,31000000000.0,1220000000.0,11.47,-74.74
2.5e-05,2.5e-05,5e-13,4.5e-10,5e-11,0.0582,31000000000.0,1220000000.0,11.47,-74.79
2.5e-05,2.5e-05,5e-13,4.5e-10,1.5e-10,0.0582,31000000000.0,1220000000.0,11.47,-74.75
2.5e-05,2.5e-05,5e-13,4.5e-10,2e-10,0.0582,31000000000.0,1230000000.0,11.47,-74.79
2.5e-05,2.5e-05,5e-13,4.5e-10,2.5e-10,0.0582,31000000000.0,1220000000.0,11.47,-74.81
2.5e-05,2.5e-05,5e-13,5e-10,1e-10,0.0582,29900000000.0,1200000000.0,11.57,-74.32
2.5e-05,2.5e-05,5e-13,5e-10,5e-11,0.0582,29900000000.0,1200000000.0,11.57,-74.4
2.5e-05,2.5e-05,5e-13,5e-10,1.5e-10,0.0582,29900000000.0,1210000000.0,11.57,-74.42
2.5e-05,2.5e-05,5e-13,5e-10,2e-10,0.0582,29900000000.0,1200000000.0,11.57,-74.45
2.5e-05,2.5e-05,5e-13,5e-10,2.5e-10,0.0582,29900000000.0,1210000000.0,11.57,-74.47
2.5e-05,2.5e-05,3e-13,4e-10,1e-10,0.0582,32300000000.0,1250000000.0,11.33,-74.96
2.5e-05,2.5e-05,3e-13,4e-10,5e-11,0.0582,32300000000.0,1240000000.0,11.33,-75.41
2.5e-05,2.5e-05,3e-13,4e-10,1.5e-10,0.0582,32300000000.0,1230000000.0,11.33,-75.98
2.5e-05,2.5e-05,3e-13,4e-10,2e-10,0.0582,32300000000.0,1250000000.0,11.33,-75.26
2.5e-05,2.5e-05,3e-13,4e-10,2.5e-10,0.0582,32300000000.0,1240000000.0,11.33,-75.26
2.5e-05,2.5e-05,3e-13,3e-10,1e-10,0.0582,36000000000.0,1290000000.0,10.79,-76.54
2.5e-05,2.5e-05,3e-13,3e-10,5e-11,0.0582,36000000000.0,1290000000.0,10.8,-77.44
2.5e-05,2.5e-05,3e-13,3e-10,1.5e-10,0.0582,36000000000.0,1290000000.0,10.79,-76.45
2.5e-05,2.5e-05,3e-13,3e-10,2e-10,0.0582,36000000000.0,1300000000.0,10.79,-75.94
2.5e-05,2.5e-05,3e-13,3e-10,2.5e-10,0.0582,36000000000.0,1290000000.0,10.79,-76.39
2.5e-05,2.5e-05,3e-13,3.5e-10,1e-10,0.0582,34000000000.0,1270000000.0,11.12,-75.94
2.5e-05,2.5e-05,3e-13,3.5e-10,5e-11,0.0582,34000000000.0,1260000000.0,11.12,-75.88
2.5e-05,2.5e-05,3e-13,3.5e-10,1.5e-10,0.0582,34000000000.0,1260000000.0,11.12,-77.24
2.5e-05,2.5e-05,3e-13,3.5e-10,2.5e-10,0.0582,34000000000.0,1260000000.0,11.12,-75.95
2.5e-05,2.5e-05,3e-13,4.5e-10,1e-10,0.0582,31000000000.0,1220000000.0,11.47,-74.73
2.5e-05,2.5e-05,3e-13,4.5e-10,1.5e-10,0.0582,31000000000.0,1230000000.0,11.47,-74.75
2.5e-05,2.5e-05,3e-13,4.5e-10,2e-10,0.0582,31000000000.0,1230000000.0,11.47,-74.77
2.5e-05,2.5e-05,3e-13,4.5e-10,2.5e-10,0.0582,31000000000.0,1220000000.0,11.47,-74.78
2.5e-05,2.5e-05,3e-13,5e-10,1e-10,0.0582,29900000000.0,1220000000.0,11.57,-74.37
2.5e-05,2.5e-05,3e-13,5e-10,5e-11,0.0582,29900000000.0,1200000000.0,11.57,-74.47
2.5e-05,2.5e-05,3e-13,5e-10,2.5e-10,0.0582,29900000000.0,1210000000.0,11.57,-74.85
2.5e-05,2.5e-05,4e-13,4e-10,1e-10,0.0582,32300000000.0,1240000000.0,11.33,-75.22
2.5e-05,2.5e-05,4e-13,4e-10,5e-11,0.0582,32300000000.0,1250000000.0,11.33,-74.98
2.5e-05,2.5e-05,4e-13,4e-10,2e-10,0.0582,32300000000.0,1230000000.0,11.33,-75.25
2.5e-05,2.5e-05,4e-13,4e-10,2.5e-10,0.0582,32300000000.0,1240000000.0,11.33,-75.36
2.5e-05,2.5e-05,4e-13,3e-10,1e-10,0.0582,36000000000.0,1290000000.0,10.8,-76.47
2.5e-05,2.5e-05,4e-13,3e-10,5e-11,0.0582,36000000000.0,1300000000.0,10.79,-76.41
2.5e-05,2.5e-05,4e-13,3e-10,2.5e-10,0.0582,36000000000.0,1290000000.0,10.8,-76.48
2.5e-05,2.5e-05,4e-13,3.5e-10,1e-10,0.0582,34000000000.0,1270000000.0,11.12,-75.95
2.5e-05,2.5e-05,4e-13,3.5e-10,5e-11,0.0582,34000000000.0,1270000000.0,11.12,-75.87
2.5e-05,2.5e-05,4e-13,3.5e-10,1.5e-10,0.0582,34000000000.0,1270000000.0,11.12,-75.86
2.5e-05,2.5e-05,4e-13,3.5e-10,2e-10,0.0582,34000000000.0,1260000000.0,11.12,-75.73
2.5e-05,2.5e-05,4e-13,3.5e-10,2.5e-10,0.0582,34000000000.0,1260000000.0,11.12,-75.77
2.5e-05,2.5e-05,4e-13,4.5e-10,1e-10,0.0582,31000000000.0,1210000000.0,11.47,-74.94
2.5e-05,2.5e-05,4e-13,4.5e-10,5e-11,0.0582,31000000000.0,1220000000.0,11.47,-74.82
2.5e-05,2.5e-05,4e-13,4.5e-10,1.5e-10,0.0582,31000000000.0,1220000000.0,11.47,-74.86
2.5e-05,2.5e-05,4e-13,4.5e-10,2e-10,0.0582,31000000000.0,1220000000.0,11.47,-75.0
2.5e-05,2.5e-05,4e-13,4.5e-10,2.5e-10,0.0582,31000000000.0,1230000000.0,11.47,-74.82
2.5e-05,2.5e-05,4e-13,5e-10,1e-10,0.0582,29900000000.0,1210000000.0,11.57,-74.95
2.5e-05,2.5e-05,4e-13,5e-10,5e-11,0.0582,29900000000.0,1210000000.0,11.57,-74.45
2.5e-05,2.5e-05,4e-13,5e-10,1.5e-10,0.0582,29900000000.0,1210000000.0,11.57,-74.4
2.5e-05,2.5e-05,4e-13,5e-10,2e-10,0.0582,29900000000.0,1210000000.0,11.57,-74.36
2.5e-05,2.5e-05,4e-13,5e-10,2.5e-10,0.0582,29900000000.0,1210000000.0,11.57,-74.96
2.5e-05,2.5e-05,6e-13,4e-10,5e-11,0.0582,32300000000.0,1250000000.0,11.33,-75.88
2.5e-05,2.5e-05,6e-13,4e-10,2e-10,0.0582,32300000000.0,1240000000.0,11.33,-73.03
2.5e-05,2.5e-05,6e-13,4e-10,2.5e-10,0.0582,32300000000.0,1240000000.0,11.33,-75.37
2.5e-05,2.5e-05,6e-13,3e-10,1e-10,0.0582,36000000000.0,1300000000.0,10.79,-76.46
2.5e-05,2.5e-05,6e-13,3e-10,5e-11,0.0582,36000000000.0,1300000000.0,10.79,-76.42
2.5e-05,2.5e-05,6e-13,3e-10,1.5e-10,0.0582,36000000000.0,1300000000.0,10.79,-76.67
2.5e-05,2.5e-05,6e-13,3e-10,2e-10,0.0582,36000000000.0,1290000000.0,10.8,-76.32
2.5e-05,2.5e-05,6e-13,3e-10,2.5e-10,0.0582,36000000000.0,1300000000.0,10.79,-75.95
2.5e-05,2.5e-05,6e-13,3.5e-10,1e-10,0.0582,34000000000.0,1260000000.0,11.12,-75.75
2.5e-05,2.5e-05,6e-13,3.5e-10,5e-11,0.0582,34000000000.0,1270000000.0,11.12,-75.27
2.5e-05,2.5e-05,6e-13,3.5e-10,1.5e-10,0.0582,34000000000.0,1250000000.0,11.12,-75.78
2.5e-05,2.5e-05,6e-13,3.5e-10,2e-10,0.0582,34000000000.0,1260000000.0,11.12,-75.63
2.5e-05,2.5e-05,6e-13,3.5e-10,2.5e-10,0.0582,34000000000.0,1260000000.0,11.12,-75.37
2.5e-05,2.5e-05,6e-13,4.5e-10,5e-11,0.0582,31000000000.0,1230000000.0,11.47,-74.69
2.5e-05,2.5e-05,6e-13,4.5e-10,2.5e-10,0.0582,31000000000.0,1210000000.0,11.47,-74.81
2.5e-05,2.5e-05,6e-13,5e-10,5e-11,0.0582,29900000000.0,1200000000.0,11.57,-74.46
2.5e-05,2.5e-05,6e-13,5e-10,1.5e-10,0.0582,29900000000.0,1220000000.0,11.57,-74.46
2.5e-05,2.5e-05,6e-13,5e-10,2e-10,0.0582,29900000000.0,1210000000.0,11.57,-74.39
2.5e-05,2.5e-05,7e-13,4e-10,1e-10,0.0582,32300000000.0,1250000000.0,11.33,-74.97
2.5e-05,2.5e-05,7e-13,4e-10,1.5e-10,0.0582,32300000000.0,1240000000.0,11.33,-75.25
2.5e-05,2.5e-05,7e-13,4e-10,2e-10,0.0582,32300000000.0,1230000000.0,11.33,-75.26
2.5e-05,2.5e-05,7e-13,4e-10,2.5e-10,0.0582,32300000000.0,1250000000.0,11.33,-75.2
2.5e-05,2.5e-05,7e-13,3e-10,1e-10,0.0582,36000000000.0,1290000000.0,10.79,-76.9
2.5e-05,2.5e-05,7e-13,3e-10,5e-11,0.0582,36000000000.0,1300000000.0,10.79,-76.43
2.5e-05,2.5e-05,7e-13,3e-10,1.5e-10,0.0582,36000000000.0,1290000000.0,10.79,-76.46
2.5e-05,2.5e-05,7e-13,3e-10,2e-10,0.0582,36000000000.0,1290000000.0,10.8,-76.5
2.5e-05,2.5e-05,7e-13,3e-10,2.5e-10,0.0582,36000000000.0,1300000000.0,10.79,-76.39
2.5e-05,2.5e-05,7e-13,3.5e-10,1e-10,0.0582,34000000000.0,1270000000.0,11.12,-75.81
2.5e-05,2.5e-05,7e-13,3.5e-10,5e-11,0.0582,34000000000.0,1250000000.0,11.12,-75.79
2.5e-05,2.5e-05,7e-13,3.5e-10,1.5e-10,0.0582,34000000000.0,1270000000.0,11.12,-75.8
2.5e-05,2.5e-05,7e-13,3.5e-10,2e-10,0.0582,34000000000.0,1260000000.0,11.12,-75.82
2.5e-05,2.5e-05,7e-13,3.5e-10,2.5e-10,0.0582,34000000000.0,1260000000.0,11.12,-76.07
2.5e-05,2.5e-05,7e-13,4.5e-10,5e-11,0.0582,31000000000.0,1220000000.0,11.47,-74.88
2.5e-05,2.5e-05,7e-13,4.5e-10,2e-10,0.0582,31000000000.0,1220000000.0,11.47,-74.63
2.5e-05,2.5e-05,7e-13,4.5e-10,2.5e-10,0.0582,31000000000.0,1210000000.0,11.47,-74.77
2.5e-05,2.5e-05,7e-13,5e-10,5e-11,0.0582,29900000000.0,1210000000.0,11.57,-74.37
2.5e-05,2.5e-05,7e-13,5e-10,2.5e-10,0.0582,29900000000.0,1210000000.0,11.57,-74.35
2.6e-05,5e-06,5e-13,4e-10,1e-10,0.0606,34600000000.0,940000000.0,11.97,-78.0
2.6e-05,5e-06,5e-13,4e-10,5e-11,0.0606,34600000000.0,945000000.0,11.97,-78.06
2.6e-05,5e-06,5e-13,4e-10,1.5e-10,0.0606,34600000000.0,943000000.0,11.97,-78.0
2.6e-05,5e-06,5e-13,4e-10,2e-10,0.0606,34600000000.0,940000000.0,11.97,-78.03
2.6e-05,5e-06,5e-13,4e-10,2.5e-10,0.0606,34600000000.0,941000000.0,11.97,-78.2
2.6e-05,5e-06,5e-13,3e-10,1e-10,0.0606,38600000000.0,1100000000.0,11.33,-80.09
2.6e-05,5e-06,5e-13,3e-10,5e-11,0.0606,38600000000.0,1100000000.0,11.33,-80.06
2.6e-05,5e-06,5e-13,3e-10,1.5e-10,0.0606,38600000000.0,1100000000.0,11.33,-80.33
2.6e-05,5e-06,5e-13,3e-10,2e-10,0.0606,38600000000.0,1100000000.0,11.33,-80.17
2.6e-05,5e-06,5e-13,3e-10,2.5e-10,0.0606,38600000000.0,1100000000.0,11.33,-81.19
2.6e-05,5e-06,5e-13,3.5e-10,1e-10,0.0606,36400000000.0,1010000000.0,11.71,-78.92
2.6e-05,5e-06,5e-13,3.5e-10,5e-11,0.0606,36400000000.0,1010000000.0,11.71,-78.86
2.6e-05,5e-06,5e-13,3.5e-10,1.5e-10,0.0606,36400000000.0,1010000000.0,11.71,-78.7
2.6e-05,5e-06,5e-13,3.5e-10,2e-10,0.0606,36400000000.0,1010000000.0,11.71,-79.04
2.6e-05,5e-06,5e-13,3.5e-10,2.5e-10,0.0606,36400000000.0,1010000000.0,11.71,-78.85
2.6e-05,5e-06,5e-13,4.5e-10,1e-10,0.0606,33200000000.0,896000000.0,12.14,-77.2
2.6e-05,5e-06,5e-13,4.5e-10,5e-11,0.0606,33200000000.0,892000000.0,12.14,-77.53
2.6e-05,5e-06,5e-13,4.5e-10,1.5e-10,0.0606,33200000000.0,894000000.0,12.14,-78.02
2.6e-05,5e-06,5e-13,4.5e-10,2e-10,0.0606,33200000000.0,900000000.0,12.14,-77.83
2.6e-05,5e-06,5e-13,4.5e-10,2.5e-10,0.0606,33200000000.0,893000000.0,12.14,-77.81
2.6e-05,5e-06,5e-13,5e-10,1e-10,0.0606,32100000000.0,862000000.0,12.25,-77.0
2.6e-05,5e-06,5e-13,5e-10,5e-11,0.0606,32100000000.0,865000000.0,12.25,-76.73
2.6e-05,5e-06,5e-13,5e-10,2e-10,0.0606,32100000000.0,860000000.0,12.24,-76.55
2.6e-05,5e-06,5e-13,5e-10,2.5e-10,0.0606,32100000000.0,862000000.0,12.24,-76.74
2.6e-05,5e-06,3e-13,4e-10,1e-10,0.0606,34600000000.0,941000000.0,11.97,-78.22
2.6e-05,5e-06,3e-13,4e-10,5e-11,0.0606,34600000000.0,943000000.0,11.97,-77.96
2.6e-05,5e-06,3e-13,4e-10,1.5e-10,0.0606,34600000000.0,941000000.0,11.97,-78.15
2.6e-05,5e-06,3e-13,4e-10,2e-10,0.0606,34600000000.0,942000000.0,11.97,-78.24
2.6e-05,5e-06,3e-13,4e-10,2.5e-10,0.0606,34600000000.0,942000000.0,11.97,-78.21
2.6e-05,5e-06,3e-13,3e-10,1e-10,0.0606,38600000000.0,1100000000.0,11.33,-80.05
2.6e-05,5e-06,3e-13,3e-10,5e-11,0.0606,38600000000.0,1100000000.0,11.33,-79.93
2.6e-05,5e-06,3e-13,3e-10,1.5e-10,0.0606,38600000000.0,1100000000.0,11.33,-80.08
2.6e-05,5e-06,3e-13,3e-10,2e-10,0.0606,38600000000.0,1100000000.0,11.33,-80.48
2.6e-05,5e-06,3e-13,3e-10,2.5e-10,0.0606,38600000000.0,1100000000.0,11.33,-80.03
2.6e-05,5e-06,3e-13,3.5e-10,1e-10,0.0606,36400000000.0,1010000000.0,11.71,-79.16
2.6e-05,5e-06,3e-13,3.5e-10,5e-11,0.0606,36400000000.0,1010000000.0,11.71,-80.35
2.6e-05,5e-06,3e-13,3.5e-10,1.5e-10,0.0606,36400000000.0,1010000000.0,11.71,-79.03
2.6e-05,5e-06,3e-13,3.5e-10,2e-10,0.0606,36400000000.0,1010000000.0,11.71,-79.12
2.6e-05,5e-06,3e-13,3.5e-10,2.5e-10,0.0606,36400000000.0,1010000000.0,11.71,-79.09
2.6e-05,5e-06,3e-13,4.5e-10,1e-10,0.0606,33200000000.0,893000000.0,12.14,-77.46
2.6e-05,5e-06,3e-13,4.5e-10,5e-11,0.0606,33200000000.0,895000000.0,12.13,-77.94
2.6e-05,5e-06,3e-13,4.5e-10,1.5e-10,0.0606,33200000000.0,895000000.0,12.14,-77.41
2.6e-05,5e-06,3e-13,4.5e-10,2e-10,0.0606,33200000000.0,897000000.0,12.14,-77.04
2.6e-05,5e-06,3e-13,4.5e-10,2.5e-10,0.0606,33200000000.0,900000000.0,12.14,-77.2
2.6e-05,5e-06,3e-13,5e-10,1e-10,0.0606,32100000000.0,860000000.0,12.24,-76.26
2.6e-05,5e-06,3e-13,5e-10,5e-11,0.0606,32100000000.0,858000000.0,12.24,-75.9
2.6e-05,5e-06,3e-13,5e-10,1.5e-10,0.0606,32100000000.0,863000000.0,12.25,-76.44
2.6e-05,5e-06,3e-13,5e-10,2e-10,0.0606,32100000000.0,861000000.0,12.24,-76.65
2.6e-05,5e-06,3e-13,5e-10,2.5e-10,0.0606,32100000000.0,855000000.0,12.25,-76.87
2.6e-05,5e-06,4e-13,4e-10,1e-10,0.0606,34600000000.0,942000000.0,11.97,-77.91
2.6e-05,5e-06,4e-13,4e-10,5e-11,0.0606,34600000000.0,941000000.0,11.97,-78.36
2.6e-05,5e-06,4e-13,4e-10,1.5e-10,0.0606,34600000000.0,940000000.0,11.97,-78.36
2.6e-05,5e-06,4e-13,4e-10,2e-10,0.0606,34600000000.0,941000000.0,11.97,-78.02
2.6e-05,5e-06,4e-13,4e-10,2.5e-10,0.0606,34600000000.0,941000000.0,11.97,-78.32
2.6e-05,5e-06,4e-13,3e-10,1e-10,0.0606,38600000000.0,1100000000.0,11.33,-80.4
2.6e-05,5e-06,4e-13,3e-10,5e-11,0.0606,38600000000.0,1100000000.0,11.33,-79.84
2.6e-05,5e-06,4e-13,3e-10,1.5e-10,0.0606,38600000000.0,1100000000.0,11.33,-80.24
2.6e-05,5e-06,4e-13,3e-10,2e-10,0.0606,38600000000.0,1100000000.0,11.33,-80.15
2.6e-05,5e-06,4e-13,3e-10,2.5e-10,0.0606,38600000000.0,1100000000.0,11.33,-79.6
2.6e-05,5e-06,4e-13,3.5e-10,1e-10,0.0606,36400000000.0,1010000000.0,11.71,-78.99
2.6e-05,5e-06,4e-13,3.5e-10,5e-11,0.0606,36400000000.0,1010000000.0,11.71,-79.02
2.6e-05,5e-06,4e-13,3.5e-10,1.5e-10,0.0606,36400000000.0,1010000000.0,11.71,-78.89
2.6e-05,5e-06,4e-13,3.5e-10,2e-10,0.0606,36400000000.0,1010000000.0,11.71,-79.1
2.6e-05,5e-06,4e-13,4.5e-10,1e-10,0.0606,33200000000.0,896000000.0,12.14,-77.08
2.6e-05,5e-06,4e-13,4.5e-10,5e-11,0.0606,33200000000.0,895000000.0,12.14,-76.84
2.6e-05,5e-06,4e-13,4.5e-10,1.5e-10,0.0606,33200000000.0,901000000.0,12.14,-77.26
2.6e-05,5e-06,4e-13,4.5e-10,2e-10,0.0606,33200000000.0,893000000.0,12.14,-77.45
2.6e-05,5e-06,4e-13,4.5e-10,2.5e-10,0.0606,33200000000.0,898000000.0,12.14,-77.41
2.6e-05,5e-06,4e-13,5e-10,1e-10,0.0606,32100000000.0,863000000.0,12.25,-76.8
2.6e-05,5e-06,4e-13,5e-10,5e-11,0.0606,32100000000.0,859000000.0,12.25,-76.84
2.6e-05,5e-06,4e-13,5e-10,1.5e-10,0.0606,32100000000.0,859000000.0,12.25,-76.55
2.6e-05,5e-06,4e-13,5e-10,2e-10,0.0606,32100000000.0,864000000.0,12.25,-76.75
2.6e-05,5e-06,4e-13,5e-10,2.5e-10,0.0606,32100000000.0,859000000.0,12.24,-76.69
2.6e-05,5e-06,6e-13,4e-10,1e-10,0.0606,34600000000.0,943000000.0,11.97,-77.94
2.6e-05,5e-06,6e-13,4e-10,5e-11,0.0606,34600000000.0,943000000.0,11.97,-77.86
2.6e-05,5e-06,6e-13,4e-10,1.5e-10,0.0606,34600000000.0,941000000.0,11.97,-78.23
2.6e-05,5e-06,6e-13,4e-10,2e-10,0.0606,34600000000.0,942000000.0,11.97,-78.33
2.6e-05,5e-06,6e-13,4e-10,2.5e-10,0.0606,34600000000.0,942000000.0,11.97,-78.2
2.6e-05,5e-06,6e-13,3e-10,5e-11,0.0606,38600000000.0,1100000000.0,11.33,-80.82
2.6e-05,5e-06,6e-13,3e-10,1.5e-10,0.0606,38600000000.0,1100000000.0,11.33,-80.25
2.6e-05,5e-06,6e-13,3e-10,2.5e-10,0.0606,38600000000.0,1100000000.0,11.33,-79.14
2.6e-05,5e-06,6e-13,3.5e-10,1e-10,0.0606,36400000000.0,1010000000.0,11.71,-79.11
2.6e-05,5e-06,6e-13,3.5e-10,1.5e-10,0.0606,36400000000.0,1010000000.0,11.71,-79.05
2.6e-05,5e-06,6e-13,4.5e-10,1e-10,0.0606,33200000000.0,900000000.0,12.14,-77.44
2.6e-05,5e-06,6e-13,4.5e-10,5e-11,0.0606,33200000000.0,895000000.0,12.14,-77.31
2.6e-05,5e-06,6e-13,4.5e-10,1.5e-10,0.0606,33200000000.0,898000000.0,12.14,-77.48
2.6e-05,5e-06,6e-13,4.5e-10,2.5e-10,0.0606,33200000000.0,894000000.0,12.14,-78.01
2.6e-05,5e-06,6e-13,5e-10,1e-10,0.0606,32100000000.0,859000000.0,12.25,-76.85
2.6e-05,5e-06,6e-13,5e-10,5e-11,0.0606,32100000000.0,866000000.0,12.25,-76.74
2.6e-05,5e-06,6e-13,5e-10,1.5e-10,0.0606,32100000000.0,857000000.0,12.25,-75.88
2.6e-05,5e-06,6e-13,5e-10,2e-10,0.0606,32100000000.0,853000000.0,12.25,-76.63
2.6e-05,5e-06,6e-13,5e-10,2.5e-10,0.0606,32100000000.0,863000000.0,12.25,-76.71
2.6e-05,5e-06,7e-13,4e-10,1e-10,0.0606,34600000000.0,944000000.0,11.97,-78.0
2.6e-05,5e-06,7e-13,4e-10,5e-11,0.0606,34600000000.0,942000000.0,11.97,-78.02
2.6e-05,5e-06,7e-13,4e-10,2.5e-10,0.0606,34600000000.0,941000000.0,11.97,-78.24
2.6e-05,5e-06,7e-13,3e-10,1e-10,0.0606,38600000000.0,1100000000.0,11.33,-79.89
2.6e-05,5e-06,7e-13,3e-10,1.5e-10,0.0606,38600000000.0,1100000000.0,11.33,-80.29
2.6e-05,5e-06,7e-13,3e-10,2e-10,0.0606,38600000000.0,1100000000.0,11.33,-80.23
2.6e-05,5e-06,7e-13,3.5e-10,5e-11,0.0606,36400000000.0,1010000000.0,11.71,-78.88
2.6e-05,5e-06,7e-13,3.5e-10,1.5e-10,0.0606,36400000000.0,1010000000.0,11.71,-78.8
2.6e-05,5e-06,7e-13,3.5e-10,2.5e-10,0.0606,36400000000.0,1010000000.0,11.71,-78.84
2.6e-05,5e-06,7e-13,4.5e-10,1e-10,0.0606,33200000000.0,900000000.0,12.14,-77.45
2.6e-05,5e-06,7e-13,4.5e-10,5e-11,0.0606,33200000000.0,896000000.0,12.14,-77.24
2.6e-05,5e-06,7e-13,4.5e-10,1.5e-10,0.0606,33200000000.0,896000000.0,12.14,-77.05
2.6e-05,5e-06,7e-13,4.5e-10,2e-10,0.0606,33200000000.0,892000000.0,12.14,-76.57
2.6e-05,5e-06,7e-13,4.5e-10,2.5e-10,0.0606,33200000000.0,896000000.0,12.14,-77.23
2.6e-05,5e-06,7e-13,5e-10,1e-10,0.0606,32100000000.0,862000000.0,12.24,-76.64
2.6e-05,5e-06,7e-13,5e-10,5e-11,0.0606,32100000000.0,864000000.0,12.25,-76.63
2.6e-05,5e-06,7e-13,5e-10,1.5e-10,0.0606,32100000000.0,858000000.0,12.25,-76.61
2.6e-05,5e-06,7e-13,5e-10,2e-10,0.0606,32100000000.0,867000000.0,12.25,-76.94
2.6e-05,5e-06,7e-13,5e-10,2.5e-10,0.0606,32100000000.0,863000000.0,12.25,-76.64
2.6e-05,6e-06,5e-13,4e-10,1e-10,0.0606,34300000000.0,1080000000.0,11.98,-77.97
2.6e-05,6e-06,5e-13,4e-10,5e-11,0.0606,34300000000.0,1080000000.0,11.99,-78.05
2.6e-05,6e-06,5e-13,4e-10,1.5e-10,0.0606,34300000000.0,1080000000.0,11.98,-77.92
2.6e-05,6e-06,5e-13,4e-10,2e-10,0.0606,34300000000.0,1080000000.0,11.99,-78.09
2.6e-05,6e-06,5e-13,4e-10,2.5e-10,0.0606,34300000000.0,1080000000.0,11.98,-78.2
2.6e-05,6e-06,5e-13,3e-10,1e-10,0.0606,38300000000.0,1260000000.0,11.37,-79.78
2.6e-05,6e-06,5e-13,3e-10,5e-11,0.0606,38300000000.0,1260000000.0,11.36,-80.27
2.6e-05,6e-06,5e-13,3e-10,1.5e-10,0.0606,38300000000.0,1260000000.0,11.36,-79.87
2.6e-05,6e-06,5e-13,3e-10,2e-10,0.0606,38300000000.0,1260000000.0,11.37,-79.89
2.6e-05,6e-06,5e-13,3e-10,2.5e-10,0.0606,38300000000.0,1260000000.0,11.37,-80.12
2.6e-05,6e-06,5e-13,3.5e-10,1e-10,0.0606,36100000000.0,1150000000.0,11.74,-80.68
2.6e-05,6e-06,5e-13,3.5e-10,5e-11,0.0606,36100000000.0,1150000000.0,11.74,-78.92
2.6e-05,6e-06,5e-13,3.5e-10,1.5e-10,0.0606,36100000000.0,1150000000.0,11.74,-78.83
2.6e-05,6e-06,5e-13,3.5e-10,2e-10,0.0606,36100000000.0,1150000000.0,11.74,-78.88
2.6e-05,6e-06,5e-13,3.5e-10,2.5e-10,0.0606,36100000000.0,1150000000.0,11.74,-78.94
2.6e-05,6e-06,5e-13,4.5e-10,1e-10,0.0606,33000000000.0,1020000000.0,12.14,-77.31
2.6e-05,6e-06,5e-13,4.5e-10,5e-11,0.0606,33000000000.0,1030000000.0,12.14,-77.28
2.6e-05,6e-06,5e-13,4.5e-10,2e-10,0.0606,33000000000.0,1030000000.0,12.14,-77.4
2.6e-05,6e-06,5e-13,4.5e-10,2.5e-10,0.0606,33000000000.0,1020000000.0,12.14,-77.44
2.6e-05,6e-06,5e-13,5e-10,1e-10,0.0606,31800000000.0,985000000.0,12.25,-76.82
2.6e-05,6e-06,5e-13,5e-10,5e-11,0.0606,31800000000.0,983000000.0,12.25,-76.8
2.6e-05,6e-06,5e-13,5e-10,1.5e-10,0.0606,31800000000.0,994000000.0,12.25,-77.16
2.6e-05,6e-06,5e-13,5e-10,2e-10,0.0606,31800000000.0,996000000.0,12.24,-76.62
2.6e-05,6e-06,5e-13,5e-10,2.5e-10,0.0606,31800000000.0,990000000.0,12.24,-76.38
2.6e-05,6e-06,3e-13,4e-10,1e-10,0.0606,34400000000.0,1080000000.0,11.99,-78.06
2.6e-05,6e-06,3e-13,4e-10,5e-11,0.0606,34400000000.0,1080000000.0,11.99,-78.21
2.6e-05,6e-06,3e-13,4e-10,1.5e-10,0.0606,34400000000.0,1080000000.0,11.98,-78.19
2.6e-05,6e-06,3e-13,4e-10,2e-10,0.0606,34400000000.0,1080000000.0,11.98,-78.16
2.6e-05,6e-06,3e-13,4e-10,2.5e-10,0.0606,34400000000.0,1080000000.0,11.98,-78.14
2.6e-05,6e-06,3e-13,3e-10,1e-10,0.0606,38300000000.0,1260000000.0,11.36,-80.18
2.6e-05,6e-06,3e-13,3e-10,5e-11,0.0606,38300000000.0,1260000000.0,11.37,-79.93
2.6e-05,6e-06,3e-13,3e-10,1.5e-10,0.0606,38300000000.0,1250000000.0,11.37,-80.09
2.6e-05,6e-06,3e-13,3e-10,2.5e-10,0.0606,38300000000.0,1260000000.0,11.37,-79.83
2.6e-05,6e-06,3e-13,3.5e-10,5e-11,0.0606,36100000000.0,1150000000.0,11.74,-79.14
2.6e-05,6e-06,3e-13,3.5e-10,2e-10,0.0606,36100000000.0,1150000000.0,11.74,-78.87
2.6e-05,6e-06,3e-13,3.5e-10,2.5e-10,0.0606,36100000000.0,1150000000.0,11.74,-78.84
2.6e-05,6e-06,3e-13,4.5e-10,1e-10,0.0606,33000000000.0,1030000000.0,12.14,-77.42
2.6e-05,6e-06,3e-13,4.5e-10,5e-11,0.0606,33000000000.0,1030000000.0,12.14,-77.48
2.6e-05,6e-06,3e-13,4.5e-10,1.5e-10,0.0606,33000000000.0,1030000000.0,12.14,-77.49
2.6e-05,6e-06,3e-13,4.5e-10,2e-10,0.0606,33000000000.0,1030000000.0,12.14,-77.17
2.6e-05,6e-06,3e-13,4.5e-10,2.5e-10,0.0606,33000000000.0,1040000000.0,12.14,-77.37
2.6e-05,6e-06,3e-13,5e-10,1e-10,0.0606,31800000000.0,996000000.0,12.24,-77.11
2.6e-05,6e-06,3e-13,5e-10,5e-11,0.0606,31800000000.0,987000000.0,12.24,-75.98
2.6e-05,6e-06,3e-13,5e-10,1.5e-10,0.0606,31800000000.0,983000000.0,12.24,-76.71
2.6e-05,6e-06,3e-13,5e-10,2e-10,0.0606,31800000000.0,994000000.0,12.24,-76.85
2.6e-05,6e-06,3e-13,5e-10,2.5e-10,0.0606,31800000000.0,998000000.0,12.24,-76.95
2.6e-05,6e-06,4e-13,4e-10,1e-10,0.0606,34400000000.0,1080000000.0,11.98,-77.97
2.6e-05,6e-06,4e-13,4e-10,5e-11,0.0606,34400000000.0,1080000000.0,11.98,-78.02
2.6e-05,6e-06,4e-13,4e-10,1.5e-10,0.0606,34300000000.0,1090000000.0,11.99,-78.24
2.6e-05,6e-06,4e-13,4e-10,2.5e-10,0.0606,34300000000.0,1080000000.0,11.98,-78.14
2.6e-05,6e-06,4e-13,3e-10,1e-10,0.0606,38300000000.0,1260000000.0,11.37,-79.88
2.6e-05,6e-06,4e-13,3e-10,5e-11,0.0606,38300000000.0,1260000000.0,11.37,-80.55
2.6e-05,6e-06,4e-13,3e-10,1.5e-10,0.0606,38300000000.0,1260000000.0,11.36,-80.19
2.6e-05,6e-06,4e-13,3e-10,2e-10,0.0606,38300000000.0,1260000000.0,11.37,-79.96
2.6e-05,6e-06,4e-13,3e-10,2.5e-10,0.0606,38300000000.0,1250000000.0,11.36,-80.27
2.6e-05,6e-06,4e-13,3.5e-10,1e-10,0.0606,36100000000.0,1150000000.0,11.74,-79.04
2.6e-05,6e-06,4e-13,3.5e-10,5e-11,0.0606,36100000000.0,1150000000.0,11.74,-78.89
2.6e-05,6e-06,4e-13,3.5e-10,1.5e-10,0.0606,36100000000.0,1150000000.0,11.74,-78.8
2.6e-05,6e-06,4e-13,3.5e-10,2.5e-10,0.0606,36100000000.0,1150000000.0,11.74,-78.6
2.6e-05,6e-06,4e-13,4.5e-10,1e-10,0.0606,33000000000.0,1030000000.0,12.14,-77.39
2.6e-05,6e-06,4e-13,4.5e-10,5e-11,0.0606,33000000000.0,1020000000.0,12.14,-77.33
2.6e-05,6e-06,4e-13,4.5e-10,1.5e-10,0.0606,33000000000.0,1030000000.0,12.14,-77.95
2.6e-05,6e-06,4e-13,4.5e-10,2e-10,0.0606,33000000000.0,1030000000.0,12.14,-77.52
2.6e-05,6e-06,4e-13,5e-10,1e-10,0.0606,31800000000.0,992000000.0,12.24,-76.61
2.6e-05,6e-06,4e-13,5e-10,5e-11,0.0606,31800000000.0,992000000.0,12.25,-76.89
2.6e-05,6e-06,4e-13,5e-10,1.5e-10,0.0606,31800000000.0,993000000.0,12.24,-76.53
2.6e-05,6e-06,4e-13,5e-10,2e-10,0.0606,31800000000.0,992000000.0,12.25,-76.75
2.6e-05,6e-06,4e-13,5e-10,2.5e-10,0.0606,31800000000.0,993000000.0,12.24,-76.64
2.6e-05,6e-06,6e-13,4e-10,1e-10,0.0606,34300000000.0,1080000000.0,11.99,-78.24
2.6e-05,6e-06,6e-13,4e-10,5e-11,0.0606,34300000000.0,1080000000.0,11.99,-78.03
2.6e-05,6e-06,6e-13,4e-10,1.5e-10,0.0606,34300000000.0,1080000000.0,11.99,-78.33
2.6e-05,6e-06,6e-13,4e-10,2e-10,0.0606,34300000000.0,1080000000.0,11.99,-78.04
2.6e-05,6e-06,6e-13,3e-10,1e-10,0.0606,38300000000.0,1260000000.0,11.37,-80.08
2.6e-05,6e-06,6e-13,3e-10,5e-11,0.0606,38300000000.0,1260000000.0,11.36,-80.48
2.6e-05,6e-06,6e-13,3e-10,1.5e-10,0.0606,38300000000.0,1260000000.0,11.36,-79.81
2.6e-05,6e-06,6e-13,3e-10,2e-10,0.0606,38300000000.0,1260000000.0,11.37,-80.07
2.6e-05,6e-06,6e-13,3.5e-10,5e-11,0.0606,36100000000.0,1150000000.0,11.74,-78.95
2.6e-05,6e-06,6e-13,3.5e-10,2e-10,0.0606,36100000000.0,1150000000.0,11.74,-79.18
2.6e-05,6e-06,6e-13,4.5e-10,1e-10,0.0606,33000000000.0,1020000000.0,12.14,-77.46
2.6e-05,6e-06,6e-13,4.5e-10,5e-11,0.0606,33000000000.0,1020000000.0,12.14,-77.34
2.6e-05,6e-06,6e-13,4.5e-10,1.5e-10,0.0606,33000000000.0,1020000000.0,12.14,-76.57
2.6e-05,6e-06,6e-13,4.5e-10,2.5e-10,0.0606,33000000000.0,1020000000.0,12.14,-77.47
2.6e-05,6e-06,6e-13,5e-10,1e-10,0.0606,31800000000.0,988000000.0,12.24,-77.21
2.6e-05,6e-06,6e-13,5e-10,5e-11,0.0606,31800000000.0,988000000.0,12.24,-76.65
2.6e-05,6e-06,6e-13,5e-10,1.5e-10,0.0606,31800000000.0,995000000.0,12.24,-76.74
2.6e-05,6e-06,6e-13,5e-10,2e-10,0.0606,31800000000.0,984000000.0,12.25,-76.78
2.6e-05,6e-06,7e-13,4e-10,1e-10,0.0606,34300000000.0,1080000000.0,11.99,-78.23
2.6e-05,6e-06,7e-13,4e-10,5e-11,0.0606,34300000000.0,1080000000.0,11.98,-77.95
2.6e-05,6e-06,7e-13,4e-10,1.5e-10,0.0606,34300000000.0,1080000000.0,11.98,-78.65
2.6e-05,6e-06,7e-13,3e-10,1e-10,0.0606,38300000000.0,1260000000.0,11.37,-79.91
2.6e-05,6e-06,7e-13,3e-10,5e-11,0.0606,38300000000.0,1260000000.0,11.36,-80.05
2.6e-05,6e-06,7e-13,3e-10,1.5e-10,0.0606,38300000000.0,1260000000.0,11.36,-80.06
2.6e-05,6e-06,7e-13,3e-10,2e-10,0.0606,38300000000.0,1260000000.0,11.36,-80.2
2.6e-05,6e-06,7e-13,3.5e-10,1e-10,0.0606,36100000000.0,1150000000.0,11.74,-78.91
2.6e-05,6e-06,7e-13,3.5e-10,5e-11,0.0606,36100000000.0,1150000000.0,11.74,-78.98
2.6e-05,6e-06,7e-13,3.5e-10,2e-10,0.0606,36100000000.0,1150000000.0,11.74,-78.76
2.6e-05,6e-06,7e-13,4.5e-10,5e-11,0.0606,33000000000.0,1030000000.0,12.14,-77.32
2.6e-05,6e-06,7e-13,4.5e-10,1.5e-10,0.0606,33000000000.0,1020000000.0,12.14,-77.92
2.6e-05,6e-06,7e-13,4.5e-10,2e-10,0.0606,33000000000.0,1030000000.0,12.14,-77.16
2.6e-05,6e-06,7e-13,4.5e-10,2.5e-10,0.0606,33000000000.0,1020000000.0,12.14,-77.3
2.6e-05,6e-06,7e-13,5e-10,1e-10,0.0606,31800000000.0,984000000.0,12.24,-76.73
2.6e-05,6e-06,7e-13,5e-10,5e-11,0.0606,31800000000.0,981000000.0,12.24,-76.53
2.6e-05,6e-06,7e-13,5e-10,1.5e-10,0.0606,31800000000.0,988000000.0,12.24,-76.78
2.6e-05,6e-06,7e-13,5e-10,2e-10,0.0606,31800000000.0,990000000.0,12.24,-76.58
2.6e-05,6e-06,7e-13,5e-10,2.5e-10,0.0606,31800000000.0,985000000.0,12.25,-76.84
2.6e-05,7e-06,5e-13,4e-10,1e-10,0.0606,34100000000.0,1200000000.0,11.99,-77.55
2.6e-05,7e-06,5e-13,4e-10,5e-11,0.0606,34100000000.0,1200000000.0,11.99,-77.95
2.6e-05,7e-06,5e-13,4e-10,1.5e-10,0.0606,34100000000.0,1200000000.0,11.99,-78.13
2.6e-05,7e-06,5e-13,4e-10,2e-10,0.0606,34100000000.0,1200000000.0,11.99,-77.94
2.6e-05,7e-06,5e-13,4e-10,2.5e-10,0.0606,34100000000.0,1200000000.0,11.99,-77.92
2.6e-05,7e-06,5e-13,3e-10,1e-10,0.0606,38000000000.0,1390000000.0,11.4,-79.89
2.6e-05,7e-06,5e-13,3e-10,5e-11,0.0606,38000000000.0,1390000000.0,11.4,-80.01
2.6e-05,7e-06,5e-13,3e-10,1.5e-10,0.0606,38000000000.0,1390000000.0,11.4,-79.93
2.6e-05,7e-06,5e-13,3e-10,2e-10,0.0606,38000000000.0,1390000000.0,11.4,-79.99
2.6e-05,7e-06,5e-13,3e-10,2.5e-10,0.0606,38000000000.0,1400000000.0,11.4,-79.29
2.6e-05,7e-06,5e-13,3.5e-10,1e-10,0.0606,35800000000.0,1280000000.0,11.76,-79.03
2.6e-05,7e-06,5e-13,3.5e-10,5e-11,0.0606,35800000000.0,1280000000.0,11.76,-79.09
2.6e-05,7e-06,5e-13,3.5e-10,1.5e-10,0.0606,35800000000.0,1280000000.0,11.76,-78.77
2.6e-05,7e-06,5e-13,3.5e-10,2e-10,0.0606,35800000000.0,1280000000.0,11.76,-78.91
2.6e-05,7e-06,5e-13,3.5e-10,2.5e-10,0.0606,35800000000.0,1280000000.0,11.76,-78.97
2.6e-05,7e-06,5e-13,4.5e-10,1e-10,0.0606,32700000000.0,1150000000.0,12.14,-77.16
2.6e-05,7e-06,5e-13,4.5e-10,5e-11,0.0606,32700000000.0,1140000000.0,12.14,-78.04
2.6e-05,7e-06,5e-13,4.5e-10,1.5e-10,0.0606,32700000000.0,1140000000.0,12.14,-76.58
2.6e-05,7e-06,5e-13,4.5e-10,2e-10,0.0606,32700000000.0,1150000000.0,12.14,-77.38
2.6e-05,7e-06,5e-13,4.5e-10,2.5e-10,0.0606,32700000000.0,1150000000.0,12.14,-77.19
2.6e-05,7e-06,5e-13,5e-10,1e-10,0.0606,31600000000.0,1110000000.0,12.24,-76.73
2.6e-05,7e-06,5e-13,5e-10,5e-11,0.0606,31600000000.0,1110000000.0,12.24,-76.63
2.6e-05,7e-06,5e-13,5e-10,2e-10,0.0606,31600000000.0,1110000000.0,12.24,-76.82
2.6e-05,7e-06,5e-13,5e-10,2.5e-10,0.0606,31600000000.0,1110000000.0,12.23,-76.56
2.6e-05,7e-06,3e-13,4e-10,1e-10,0.0606,34100000000.0,1200000000.0,11.99,-77.87
2.6e-05,7e-06,3e-13,4e-10,5e-11,0.0606,34100000000.0,1200000000.0,11.99,-78.16
2.6e-05,7e-06,3e-13,4e-10,1.5e-10,0.0606,34100000000.0,1200000000.0,11.99,-77.93
2.6e-05,7e-06,3e-13,4e-10,2e-10,0.0606,34100000000.0,1200000000.0,11.99,-77.89
2.6e-05,7e-06,3e-13,3e-10,1e-10,0.0606,38000000000.0,1400000000.0,11.4,-79.82
2.6e-05,7e-06,3e-13,3e-10,5e-11,0.0606,38000000000.0,1400000000.0,11.4,-80.0
2.6e-05,7e-06,3e-13,3e-10,1.5e-10,0.0606,38000000000.0,1400000000.0,11.4,-79.91
2.6e-05,7e-06,3e-13,3e-10,2e-10,0.0606,38000000000.0,1400000000.0,11.4,-80.21
2.6e-05,7e-06,3e-13,3e-10,2.5e-10,0.0606,38000000000.0,1390000000.0,11.4,-80.18
2.6e-05,7e-06,3e-13,3.5e-10,5e-11,0.0606,35800000000.0,1280000000.0,11.76,-78.85
2.6e-05,7e-06,3e-13,3.5e-10,1.5e-10,0.0606,35800000000.0,1280000000.0,11.76,-79.1
2.6e-05,7e-06,3e-13,3.5e-10,2e-10,0.0606,35800000000.0,1280000000.0,11.76,-78.99
2.6e-05,7e-06,3e-13,3.5e-10,2.5e-10,0.0606,35800000000.0,1280000000.0,11.76,-78.68
2.6e-05,7e-06,3e-13,4.5e-10,1e-10,0.0606,32700000000.0,1140000000.0,12.14,-77.26
2.6e-05,7e-06,3e-13,4.5e-10,5e-11,0.0606,32700000000.0,1140000000.0,12.14,-77.32
2.6e-05,7e-06,3e-13,4.5e-10,1.5e-10,0.0606,32700000000.0,1150000000.0,12.14,-77.39
2.6e-05,7e-06,3e-13,4.5e-10,2.5e-10,0.0606,32700000000.0,1150000000.0,12.14,-77.18
2.6e-05,7e-06,3e-13,5e-10,1e-10,0.0606,31600000000.0,1110000000.0,12.24,-76.78
2.6e-05,7e-06,3e-13,5e-10,5e-11,0.0606,31600000000.0,1110000000.0,12.24,-76.95
2.6e-05,7e-06,3e-13,5e-10,1.5e-10,0.0606,31600000000.0,1100000000.0,12.24,-76.84
2.6e-05,7e-06,3e-13,5e-10,2e-10,0.0606,31600000000.0,1110000000.0,12.23,-76.6
2.6e-05,7e-06,3e-13,5e-10,2.5e-10,0.0606,31600000000.0,1110000000.0,12.24,-76.59
2.6e-05,7e-06,4e-13,4e-10,1e-10,0.0606,34100000000.0,1210000000.0,11.99,-77.98
2.6e-05,7e-06,4e-13,4e-10,5e-11,0.0606,34100000000.0,1200000000.0,11.99,-77.74
2.6e-05,7e-06,4e-13,4e-10,2e-10,0.0606,34100000000.0,1200000000.0,11.99,-77.97
2.6e-05,7e-06,4e-13,4e-10,2.5e-10,0.0606,34100000000.0,1200000000.0,11.99,-77.99
2.6e-05,7e-06,4e-13,3e-10,1e-10,0.0606,38000000000.0,1390000000.0,11.4,-80.04
2.6e-05,7e-06,4e-13,3e-10,5e-11,0.0606,38000000000.0,1390000000.0,11.4,-80.09
2.6e-05,7e-06,4e-13,3e-10,1.5e-10,0.0606,38000000000.0,1400000000.0,11.4,-80.23
2.6e-05,7e-06,4e-13,3e-10,2e-10,0.0606,38000000000.0,1390000000.0,11.4,-79.97
2.6e-05,7e-06,4e-13,3e-10,2.5e-10,0.0606,38000000000.0,1400000000.0,11.4,-80.16
2.6e-05,7e-06,4e-13,3.5e-10,1e-10,0.0606,35800000000.0,1280000000.0,11.76,-78.81
2.6e-05,7e-06,4e-13,3.5e-10,2e-10,0.0606,35800000000.0,1280000000.0,11.76,-79.17
2.6e-05,7e-06,4e-13,3.5e-10,2.5e-10,0.0606,35800000000.0,1280000000.0,11.76,-78.96
2.6e-05,7e-06,4e-13,4.5e-10,1e-10,0.0606,32700000000.0,1140000000.0,12.14,-77.37
2.6e-05,7e-06,4e-13,4.5e-10,5e-11,0.0606,32700000000.0,1150000000.0,12.14,-77.17
2.6e-05,7e-06,4e-13,4.5e-10,1.5e-10,0.0606,32700000000.0,1140000000.0,12.14,-77.4
2.6e-05,7e-06,4e-13,4.5e-10,2e-10,0.0606,32700000000.0,1140000000.0,12.14,-77.21
2.6e-05,7e-06,4e-13,4.5e-10,2.5e-10,0.0606,32700000000.0,1140000000.0,12.14,-77.15
2.6e-05,7e-06,4e-13,5e-10,5e-11,0.0606,31600000000.0,1100000000.0,12.24,-76.43
2.6e-05,7e-06,4e-13,5e-10,1.5e-10,0.0606,31600000000.0,1090000000.0,12.24,-76.71
2.6e-05,7e-06,4e-13,5e-10,2e-10,0.0606,31600000000.0,1110000000.0,12.23,-76.59
2.6e-05,7e-06,4e-13,5e-10,2.5e-10,0.0606,31600000000.0,1110000000.0,12.24,-76.83
2.6e-05,7e-06,6e-13,4e-10,1e-10,0.0606,34100000000.0,1200000000.0,11.99,-77.82
2.6e-05,7e-06,6e-13,4e-10,5e-11,0.0606,34100000000.0,1200000000.0,11.99,-78.37
2.6e-05,7e-06,6e-13,4e-10,1.5e-10,0.0606,34100000000.0,1200000000.0,11.99,-78.0
2.6e-05,7e-06,6e-13,4e-10,2.5e-10,0.0606,34100000000.0,1200000000.0,11.99,-78.28
2.6e-05,7e-06,6e-13,3e-10,1e-10,0.0606,38000000000.0,1390000000.0,11.4,-80.3
2.6e-05,7e-06,6e-13,3e-10,1.5e-10,0.0606,38000000000.0,1400000000.0,11.4,-80.14
2.6e-05,7e-06,6e-13,3e-10,2.5e-10,0.0606,38000000000.0,1390000000.0,11.4,-80.06
2.6e-05,7e-06,6e-13,3.5e-10,1e-10,0.0606,35800000000.0,1280000000.0,11.76,-78.69
2.6e-05,7e-06,6e-13,3.5e-10,5e-11,0.0606,35800000000.0,1280000000.0,11.76,-79.04
2.6e-05,7e-06,6e-13,3.5e-10,1.5e-10,0.0606,35800000000.0,1280000000.0,11.76,-78.88
2.6e-05,7e-06,6e-13,3.5e-10,2e-10,0.0606,35800000000.0,1280000000.0,11.76,-79.2
2.6e-05,7e-06,6e-13,4.5e-10,1e-10,0.0606,32700000000.0,1140000000.0,12.14,-77.17
2.6e-05,7e-06,6e-13,4.5e-10,1.5e-10,0.0606,32700000000.0,1150000000.0,12.14,-77.07
2.6e-05,7e-06,6e-13,4.5e-10,2e-10,0.0606,32700000000.0,1150000000.0,12.14,-77.71
2.6e-05,7e-06,6e-13,4.5e-10,2.5e-10,0.0606,32700000000.0,1140000000.0,12.14,-77.12
2.6e-05,7e-06,6e-13,5e-10,1e-10,0.0606,31600000000.0,1100000000.0,12.24,-76.68
2.6e-05,7e-06,6e-13,5e-10,5e-11,0.0606,31600000000.0,1110000000.0,12.24,-76.72
2.6e-05,7e-06,6e-13,5e-10,2e-10,0.0606,31600000000.0,1100000000.0,12.24,-76.56
2.6e-05,7e-06,6e-13,5e-10,2.5e-10,0.0606,31600000000.0,1110000000.0,12.24,-76.58
2.6e-05,7e-06,7e-13,4e-10,5e-11,0.0606,34100000000.0,1200000000.0,11.99,-78.07
2.6e-05,7e-06,7e-13,4e-10,1.5e-10,0.0606,34100000000.0,1210000000.0,11.99,-78.15
2.6e-05,7e-06,7e-13,4e-10,2e-10,0.0606,34100000000.0,1200000000.0,11.99,-78.17
2.6e-05,7e-06,7e-13,3e-10,1e-10,0.0606,38000000000.0,1400000000.0,11.4,-80.08
2.6e-05,7e-06,7e-13,3e-10,1.5e-10,0.0606,38000000000.0,1390000000.0,11.4,-80.05
2.6e-05,7e-06,7e-13,3e-10,2e-10,0.0606,38000000000.0,1400000000.0,11.4,-80.22
2.6e-05,7e-06,7e-13,3e-10,2.5e-10,0.0606,38000000000.0,1390000000.0,11.4,-80.23
2.6e-05,7e-06,7e-13,3.5e-10,1e-10,0.0606,35800000000.0,1280000000.0,11.76,-78.89
2.6e-05,7e-06,7e-13,3.5e-10,5e-11,0.0606,35800000000.0,1280000000.0,11.76,-79.08
2.6e-05,7e-06,7e-13,3.5e-10,1.5e-10,0.0606,35800000000.0,1280000000.0,11.76,-79.23
2.6e-05,7e-06,7e-13,4.5e-10,1e-10,0.0606,32700000000.0,1140000000.0,12.14,-77.53
2.6e-05,7e-06,7e-13,4.5e-10,5e-11,0.0606,32700000000.0,1140000000.0,12.14,-77.36
2.6e-05,7e-06,7e-13,4.5e-10,1.5e-10,0.0606,32700000000.0,1140000000.0,12.14,-77.33
2.6e-05,7e-06,7e-13,4.5e-10,2e-10,0.0606,32700000000.0,1140000000.0,12.14,-77.28
2.6e-05,7e-06,7e-13,4.5e-10,2.5e-10,0.0606,32700000000.0,1140000000.0,12.14,-77.22
2.6e-05,7e-06,7e-13,5e-10,1e-10,0.0606,31600000000.0,1100000000.0,12.24,-76.8
2.6e-05,7e-06,7e-13,5e-10,1.5e-10,0.0606,31600000000.0,1110000000.0,12.24,-76.6
2.6e-05,7e-06,7e-13,5e-10,2.5e-10,0.0606,31600000000.0,1110000000.0,12.24,-76.71
2.6e-05,8e-06,5e-13,4e-10,1e-10,0.0606,33800000000.0,1300000000.0,11.99,-78.06
2.6e-05,8e-06,5e-13,4e-10,5e-11,0.0606,33800000000.0,1310000000.0,12.0,-77.96
2.6e-05,8e-06,5e-13,4e-10,1.5e-10,0.0606,33800000000.0,1300000000.0,11.99,-78.03
2.6e-05,8e-06,5e-13,4e-10,2e-10,0.0606,33800000000.0,1310000000.0,11.99,-77.71
2.6e-05,8e-06,5e-13,4e-10,2.5e-10,0.0606,33800000000.0,1310000000.0,12.0,-78.09
2.6e-05,8e-06,5e-13,3e-10,1e-10,0.0606,37700000000.0,1520000000.0,11.42,-79.97
2.6e-05,8e-06,5e-13,3e-10,5e-11,0.0606,37700000000.0,1520000000.0,11.42,-80.53
2.6e-05,8e-06,5e-13,3e-10,1.5e-10,0.0606,37700000000.0,1520000000.0,11.42,-79.93
2.6e-05,8e-06,5e-13,3e-10,2e-10,0.0606,37700000000.0,1510000000.0,11.42,-79.08
2.6e-05,8e-06,5e-13,3e-10,2.5e-10,0.0606,37700000000.0,1510000000.0,11.42,-80.09
2.6e-05,8e-06,5e-13,3.5e-10,1e-10,0.0606,35500000000.0,1390000000.0,11.77,-78.67
2.6e-05,8e-06,5e-13,3.5e-10,5e-11,0.0606,35500000000.0,1390000000.0,11.77,-79.04
2.6e-05,8e-06,5e-13,3.5e-10,1.5e-10,0.0606,35500000000.0,1390000000.0,11.77,-78.95
2.6e-05,8e-06,5e-13,3.5e-10,2e-10,0.0606,35500000000.0,1390000000.0,11.77,-79.18
2.6e-05,8e-06,5e-13,3.5e-10,2.5e-10,0.0606,35500000000.0,1390000000.0,11.77,-78.75
2.6e-05,8e-06,5e-13,4.5e-10,1e-10,0.0606,32500000000.0,1240000000.0,12.13,-77.42
2.6e-05,8e-06,5e-13,4.5e-10,5e-11,0.0606,32500000000.0,1240000000.0,12.14,-77.47
2.6e-05,8e-06,5e-13,4.5e-10,1.5e-10,0.0606,32500000000.0,1250000000.0,12.14,-77.26
2.6e-05,8e-06,5e-13,4.5e-10,2e-10,0.0606,32500000000.0,1250000000.0,12.13,-77.12
2.6e-05,8e-06,5e-13,4.5e-10,2.5e-10,0.0606,32500000000.0,1240000000.0,12.14,-77.4
2.6e-05,8e-06,5e-13,5e-10,1e-10,0.0606,31300000000.0,1200000000.0,12.23,-76.71
2.6e-05,8e-06,5e-13,5e-10,5e-11,0.0606,31300000000.0,1210000000.0,12.23,-76.56
2.6e-05,8e-06,5e-13,5e-10,1.5e-10,0.0606,31300000000.0,1210000000.0,12.23,-76.7
2.6e-05,8e-06,5e-13,5e-10,2e-10,0.0606,31300000000.0,1200000000.0,12.23,-76.73
2.6e-05,8e-06,5e-13,5e-10,2.5e-10,0.0606,31300000000.0,1210000000.0,12.22,-76.55
2.6e-05,8e-06,3e-13,4e-10,1e-10,0.0606,33800000000.0,1310000000.0,11.99,-77.85
2.6e-05,8e-06,3e-13,4e-10,5e-11,0.0606,33800000000.0,1310000000.0,11.99,-77.9
2.6e-05,8e-06,3e-13,4e-10,1.5e-10,0.0606,33800000000.0,1310000000.0,12.0,-78.12
2.6e-05,8e-06,3e-13,4e-10,2e-10,0.0606,33800000000.0,1310000000.0,11.99,-77.8
2.6e-05,8e-06,3e-13,4e-10,2.5e-10,0.0606,33800000000.0,1300000000.0,11.99,-78.11
2.6e-05,8e-06,3e-13,3e-10,1e-10,0.0606,37700000000.0,1510000000.0,11.42,-80.2
2.6e-05,8e-06,3e-13,3e-10,5e-11,0.0606,37700000000.0,1510000000.0,11.42,-79.88
2.6e-05,8e-06,3e-13,3e-10,1.5e-10,0.0606,37700000000.0,1510000000.0,11.42,-80.24
2.6e-05,8e-06,3e-13,3e-10,2e-10,0.0606,37700000000.0,1510000000.0,11.42,-79.04
2.6e-05,8e-06,3e-13,3e-10,2.5e-10,0.0606,37700000000.0,1520000000.0,11.42,-80.09
2.6e-05,8e-06,3e-13,3.5e-10,1e-10,0.0606,35500000000.0,1390000000.0,11.77,-78.93
2.6e-05,8e-06,3e-13,3.5e-10,1.5e-10,0.0606,35500000000.0,1390000000.0,11.77,-79.13
2.6e-05,8e-06,3e-13,3.5e-10,2e-10,0.0606,35500000000.0,1390000000.0,11.77,-78.76
2.6e-05,8e-06,3e-13,3.5e-10,2.5e-10,0.0606,35500000000.0,1390000000.0,11.77,-78.68
2.6e-05,8e-06,3e-13,4.5e-10,1e-10,0.0606,32500000000.0,1240000000.0,12.13,-77.33
2.6e-05,8e-06,3e-13,4.5e-10,5e-11,0.0606,32500000000.0,1250000000.0,12.13,-77.13
2.6e-05,8e-06,3e-13,4.5e-10,1.5e-10,0.0606,32500000000.0,1250000000.0,12.13,-77.15
2.6e-05,8e-06,3e-13,4.5e-10,2e-10,0.0606,32500000000.0,1260000000.0,12.14,-77.47
2.6e-05,8e-06,3e-13,4.5e-10,2.5e-10,0.0606,32500000000.0,1250000000.0,12.14,-77.48
2.6e-05,8e-06,3e-13,5e-10,5e-11,0.0606,31400000000.0,1200000000.0,12.22,-76.4
2.6e-05,8e-06,3e-13,5e-10,1.5e-10,0.0606,31400000000.0,1200000000.0,12.23,-76.66
2.6e-05,8e-06,3e-13,5e-10,2e-10,0.0606,31400000000.0,1200000000.0,12.23,-76.65
2.6e-05,8e-06,3e-13,5e-10,2.5e-10,0.0606,31400000000.0,1210000000.0,12.23,-76.89
2.6e-05,8e-06,4e-13,4e-10,1e-10,0.0606,33800000000.0,1300000000.0,12.0,-78.14
2.6e-05,8e-06,4e-13,4e-10,5e-11,0.0606,33800000000.0,1300000000.0,12.0,-78.3
2.6e-05,8e-06,4e-13,4e-10,1.5e-10,0.0606,33800000000.0,1310000000.0,11.99,-77.88
2.6e-05,8e-06,4e-13,4e-10,2.5e-10,0.0606,33800000000.0,1310000000.0,11.99,-77.92
2.6e-05,8e-06,4e-13,3e-10,1.5e-10,0.0606,37700000000.0,1510000000.0,11.42,-79.83
2.6e-05,8e-06,4e-13,3e-10,2.5e-10,0.0606,37700000000.0,1510000000.0,11.42,-80.01
2.6e-05,8e-06,4e-13,3.5e-10,1e-10,0.0606,35500000000.0,1390000000.0,11.77,-79.6
2.6e-05,8e-06,4e-13,3.5e-10,5e-11,0.0606,35500000000.0,1390000000.0,11.77,-78.86
2.6e-05,8e-06,4e-13,3.5e-10,1.5e-10,0.0606,35500000000.0,1390000000.0,11.77,-78.79
2.6e-05,8e-06,4e-13,3.5e-10,2.5e-10,0.0606,35500000000.0,1390000000.0,11.77,-79.01
2.6e-05,8e-06,4e-13,4.5e-10,1e-10,0.0606,32500000000.0,1250000000.0,12.13,-77.11
2.6e-05,8e-06,4e-13,4.5e-10,5e-11,0.0606,32500000000.0,1240000000.0,12.14,-77.39
2.6e-05,8e-06,4e-13,4.5e-10,1.5e-10,0.0606,32500000000.0,1240000000.0,12.13,-77.41
2.6e-05,8e-06,4e-13,4.5e-10,2e-10,0.0606,32500000000.0,1250000000.0,12.13,-77.14
2.6e-05,8e-06,4e-13,4.5e-10,2.5e-10,0.0606,32500000000.0,1240000000.0,12.13,-76.74
2.6e-05,8e-06,4e-13,5e-10,1e-10,0.0606,31400000000.0,1190000000.0,12.23,-76.71
2.6e-05,8e-06,4e-13,5e-10,5e-11,0.0606,31400000000.0,1210000000.0,12.23,-76.88
2.6e-05,8e-06,4e-13,5e-10,1.5e-10,0.0606,31300000000.0,1210000000.0,12.23,-76.89
2.6e-05,8e-06,4e-13,5e-10,2e-10,0.0606,31300000000.0,1200000000.0,12.23,-76.78
2.6e-05,8e-06,6e-13,4e-10,1e-10,0.0606,33800000000.0,1300000000.0,12.0,-78.31
2.6e-05,8e-06,6e-13,4e-10,1.5e-10,0.0606,33800000000.0,1310000000.0,12.0,-78.26
2.6e-05,8e-06,6e-13,4e-10,2e-10,0.0606,33800000000.0,1310000000.0,12.0,-78.01
2.6e-05,8e-06,6e-13,3e-10,1e-10,0.0606,37700000000.0,1510000000.0,11.42,-79.76
2.6e-05,8e-06,6e-13,3e-10,5e-11,0.0606,37700000000.0,1510000000.0,11.42,-80.28
2.6e-05,8e-06,6e-13,3e-10,1.5e-10,0.0606,37700000000.0,1510000000.0,11.42,-79.89
2.6e-05,8e-06,6e-13,3e-10,2e-10,0.0606,37700000000.0,1510000000.0,11.42,-80.81
2.6e-05,8e-06,6e-13,3e-10,2.5e-10,0.0606,37700000000.0,1510000000.0,11.42,-79.9
2.6e-05,8e-06,6e-13,3.5e-10,1e-10,0.0606,35500000000.0,1390000000.0,11.77,-78.92
2.6e-05,8e-06,6e-13,3.5e-10,5e-11,0.0606,35500000000.0,1390000000.0,11.77,-78.99
2.6e-05,8e-06,6e-13,3.5e-10,1.5e-10,0.0606,35500000000.0,1390000000.0,11.77,-79.02
2.6e-05,8e-06,6e-13,3.5e-10,2.5e-10,0.0606,35500000000.0,1390000000.0,11.77,-79.05
2.6e-05,8e-06,6e-13,5e-10,1e-10,0.0606,31300000000.0,1200000000.0,12.23,-76.93
2.6e-05,8e-06,6e-13,5e-10,5e-11,0.0606,31300000000.0,1200000000.0,12.23,-76.72
2.6e-05,8e-06,6e-13,5e-10,1.5e-10,0.0606,31300000000.0,1200000000.0,12.23,-76.6
2.6e-05,8e-06,6e-13,5e-10,2e-10,0.0606,31300000000.0,1190000000.0,12.23,-76.76
2.6e-05,8e-06,6e-13,5e-10,2.5e-10,0.0606,31300000000.0,1200000000.0,12.23,-76.74
2.6e-05,8e-06,7e-13,4e-10,1e-10,0.0606,33800000000.0,1300000000.0,11.99,-78.1
2.6e-05,8e-06,7e-13,4e-10,1.5e-10,0.0606,33800000000.0,1310000000.0,12.0,-77.79
2.6e-05,8e-06,7e-13,4e-10,2e-10,0.0606,33800000000.0,1310000000.0,12.0,-76.71
2.6e-05,8e-06,7e-13,3e-10,1e-10,0.0606,37700000000.0,1510000000.0,11.42,-79.2
2.6e-05,8e-06,7e-13,3e-10,5e-11,0.0606,37700000000.0,1510000000.0,11.42,-80.29
2.6e-05,8e-06,7e-13,3e-10,1.5e-10,0.0606,37700000000.0,1510000000.0,11.42,-80.11
2.6e-05,8e-06,7e-13,3e-10,2e-10,0.0606,37700000000.0,1510000000.0,11.42,-80.08
2.6e-05,8e-06,7e-13,3.5e-10,1e-10,0.0606,35500000000.0,1390000000.0,11.77,-78.98
2.6e-05,8e-06,7e-13,3.5e-10,2e-10,0.0606,35500000000.0,1390000000.0,11.77,-78.81
2.6e-05,8e-06,7e-13,4.5e-10,5e-11,0.0606,32500000000.0,1240000000.0,12.14,-77.57
2.6e-05,8e-06,7e-13,4.5e-10,1.5e-10,0.0606,32500000000.0,1240000000.0,12.14,-77.32
2.6e-05,8e-06,7e-13,4.5e-10,2e-10,0.0606,32500000000.0,1240000000.0,12.13,-77.16
2.6e-05,8e-06,7e-13,4.5e-10,2.5e-10,0.0606,32500000000.0,1240000000.0,12.13,-77.15
2.6e-05,8e-06,7e-13,5e-10,1e-10,0.0606,31300000000.0,1210000000.0,12.23,-76.45
2.6e-05,8e-06,7e-13,5e-10,5e-11,0.0606,31300000000.0,1210000000.0,12.23,-76.77
2.6e-05,8e-06,7e-13,5e-10,2e-10,0.0606,31300000000.0,1210000000.0,12.23,-76.6
2.6e-05,9e-06,5e-13,4e-10,1e-10,0.0606,33600000000.0,1390000000.0,11.99,-78.06
2.6e-05,9e-06,5e-13,4e-10,5e-11,0.0606,33600000000.0,1400000000.0,11.99,-77.77
2.6e-05,9e-06,5e-13,4e-10,1.5e-10,0.0606,33600000000.0,1400000000.0,11.99,-78.13
2.6e-05,9e-06,5e-13,4e-10,2e-10,0.0606,33600000000.0,1390000000.0,11.99,-78.01
2.6e-05,9e-06,5e-13,4e-10,2.5e-10,0.0606,33600000000.0,1400000000.0,11.99,-77.97
2.6e-05,9e-06,5e-13,3e-10,1e-10,0.0606,37400000000.0,1610000000.0,11.44,-80.2
2.6e-05,9e-06,5e-13,3e-10,5e-11,0.0606,37400000000.0,1610000000.0,11.44,-80.03
2.6e-05,9e-06,5e-13,3e-10,1.5e-10,0.0606,37400000000.0,1610000000.0,11.44,-79.23
2.6e-05,9e-06,5e-13,3e-10,2e-10,0.0606,37400000000.0,1620000000.0,11.44,-80.0
2.6e-05,9e-06,5e-13,3e-10,2.5e-10,0.0606,37400000000.0,1610000000.0,11.44,-79.33
2.6e-05,9e-06,5e-13,3.5e-10,1e-10,0.0606,35200000000.0,1480000000.0,11.78,-78.8
2.6e-05,9e-06,5e-13,3.5e-10,5e-11,0.0606,35200000000.0,1480000000.0,11.78,-78.97
2.6e-05,9e-06,5e-13,3.5e-10,1.5e-10,0.0606,35200000000.0,1480000000.0,11.78,-79.87
2.6e-05,9e-06,5e-13,3.5e-10,2e-10,0.0606,35200000000.0,1480000000.0,11.78,-78.73
2.6e-05,9e-06,5e-13,3.5e-10,2.5e-10,0.0606,35200000000.0,1480000000.0,11.78,-78.67
2.6e-05,9e-06,5e-13,4.5e-10,1e-10,0.0606,32200000000.0,1330000000.0,12.13,-77.32
2.6e-05,9e-06,5e-13,4.5e-10,5e-11,0.0606,32200000000.0,1330000000.0,12.12,-77.14
2.6e-05,9e-06,5e-13,4.5e-10,2e-10,0.0606,32200000000.0,1340000000.0,12.12,-76.82
2.6e-05,9e-06,5e-13,4.5e-10,2.5e-10,0.0606,32200000000.0,1340000000.0,12.12,-77.12
2.6e-05,9e-06,5e-13,5e-10,1e-10,0.0606,31100000000.0,1280000000.0,12.22,-76.68
2.6e-05,9e-06,5e-13,5e-10,5e-11,0.0606,31100000000.0,1280000000.0,12.21,-77.01
2.6e-05,9e-06,5e-13,5e-10,1.5e-10,0.0606,31100000000.0,1280000000.0,12.21,-76.63
2.6e-05,9e-06,5e-13,5e-10,2e-10,0.0606,31100000000.0,1300000000.0,12.21,-76.61
2.6e-05,9e-06,5e-13,5e-10,2.5e-10,0.0606,31100000000.0,1290000000.0,12.21,-76.46
2.6e-05,9e-06,3e-13,4e-10,1e-10,0.0606,33600000000.0,1400000000.0,11.99,-78.08
2.6e-05,9e-06,3e-13,4e-10,5e-11,0.0606,33600000000.0,1390000000.0,11.99,-77.97
2.6e-05,9e-06,3e-13,4e-10,1.5e-10,0.0606,33600000000.0,1400000000.0,11.99,-77.82
2.6e-05,9e-06,3e-13,4e-10,2.5e-10,0.0606,33600000000.0,1390000000.0,11.99,-78.0
2.6e-05,9e-06,3e-13,3e-10,1e-10,0.0606,37400000000.0,1610000000.0,11.44,-79.97
2.6e-05,9e-06,3e-13,3e-10,5e-11,0.0606,37400000000.0,1610000000.0,11.44,-80.07
2.6e-05,9e-06,3e-13,3e-10,1.5e-10,0.0606,37400000000.0,1620000000.0,11.44,-79.95
2.6e-05,9e-06,3e-13,3e-10,2e-10,0.0606,37400000000.0,1610000000.0,11.44,-80.15
2.6e-05,9e-06,3e-13,3e-10,2.5e-10,0.0606,37400000000.0,1610000000.0,11.44,-80.04
2.6e-05,9e-06,3e-13,3.5e-10,1e-10,0.0606,35300000000.0,1480000000.0,11.78,-78.73
2.6e-05,9e-06,3e-13,3.5e-10,5e-11,0.0606,35300000000.0,1480000000.0,11.78,-78.71
2.6e-05,9e-06,3e-13,3.5e-10,1.5e-10,0.0606,35300000000.0,1480000000.0,11.78,-78.77
2.6e-05,9e-06,3e-13,3.5e-10,2e-10,0.0606,35300000000.0,1480000000.0,11.78,-78.88
2.6e-05,9e-06,3e-13,3.5e-10,2.5e-10,0.0606,35300000000.0,1480000000.0,11.78,-78.93
2.6e-05,9e-06,3e-13,4.5e-10,1e-10,0.0606,32200000000.0,1340000000.0,12.13,-77.39
2.6e-05,9e-06,3e-13,4.5e-10,5e-11,0.0606,32200000000.0,1340000000.0,12.12,-77.24
2.6e-05,9e-06,3e-13,4.5e-10,1.5e-10,0.0606,32200000000.0,1340000000.0,12.13,-77.43
2.6e-05,9e-06,3e-13,4.5e-10,2e-10,0.0606,32200000000.0,1330000000.0,12.13,-77.29
2.6e-05,9e-06,3e-13,4.5e-10,2.5e-10,0.0606,32200000000.0,1330000000.0,12.12,-77.32
2.6e-05,9e-06,3e-13,5e-10,1e-10,0.0606,31100000000.0,1280000000.0,12.21,-76.01
2.6e-05,9e-06,3e-13,5e-10,5e-11,0.0606,31100000000.0,1280000000.0,12.21,-76.25
2.6e-05,9e-06,3e-13,5e-10,1.5e-10,0.0606,31100000000.0,1300000000.0,12.21,-73.89
2.6e-05,9e-06,3e-13,5e-10,2e-10,0.0606,31100000000.0,1300000000.0,12.21,-76.71
2.6e-05,9e-06,3e-13,5e-10,2.5e-10,0.0606,31100000000.0,1280000000.0,12.21,-76.79
2.6e-05,9e-06,4e-13,4e-10,1e-10,0.0606,33600000000.0,1390000000.0,11.99,-77.93
2.6e-05,9e-06,4e-13,4e-10,5e-11,0.0606,33600000000.0,1390000000.0,11.99,-78.2
2.6e-05,9e-06,4e-13,4e-10,1.5e-10,0.0606,33600000000.0,1390000000.0,11.99,-78.05
2.6e-05,9e-06,4e-13,4e-10,2e-10,0.0606,33600000000.0,1390000000.0,11.99,-77.77
2.6e-05,9e-06,4e-13,4e-10,2.5e-10,0.0606,33600000000.0,1390000000.0,11.99,-78.16
2.6e-05,9e-06,4e-13,3e-10,1e-10,0.0606,37400000000.0,1620000000.0,11.44,-79.9
2.6e-05,9e-06,4e-13,3e-10,5e-11,0.0606,37400000000.0,1610000000.0,11.44,-79.84
2.6e-05,9e-06,4e-13,3e-10,1.5e-10,0.0606,37400000000.0,1620000000.0,11.44,-80.9
2.6e-05,9e-06,4e-13,3e-10,2e-10,0.0606,37400000000.0,1610000000.0,11.44,-80.55
2.6e-05,9e-06,4e-13,3e-10,2.5e-10,0.0606,37400000000.0,1610000000.0,11.44,-79.81
2.6e-05,9e-06,4e-13,3.5e-10,1e-10,0.0606,35300000000.0,1480000000.0,11.78,-78.78
2.6e-05,9e-06,4e-13,3.5e-10,5e-11,0.0606,35300000000.0,1480000000.0,11.78,-78.75
2.6e-05,9e-06,4e-13,3.5e-10,1.5e-10,0.0606,35300000000.0,1480000000.0,11.78,-79.03
2.6e-05,9e-06,4e-13,3.5e-10,2e-10,0.0606,35200000000.0,1480000000.0,11.78,-78.6
2.6e-05,9e-06,4e-13,4.5e-10,1e-10,0.0606,32200000000.0,1330000000.0,12.13,-77.31
2.6e-05,9e-06,4e-13,4.5e-10,5e-11,0.0606,32200000000.0,1330000000.0,12.12,-77.03
2.6e-05,9e-06,4e-13,4.5e-10,1.5e-10,0.0606,32200000000.0,1320000000.0,12.12,-77.25
2.6e-05,9e-06,4e-13,4.5e-10,2e-10,0.0606,32200000000.0,1340000000.0,12.13,-77.47
2.6e-05,9e-06,4e-13,4.5e-10,2.5e-10,0.0606,32200000000.0,1340000000.0,12.13,-77.17
2.6e-05,9e-06,4e-13,5e-10,1e-10,0.0606,31100000000.0,1300000000.0,12.21,-76.55
2.6e-05,9e-06,4e-13,5e-10,5e-11,0.0606,31100000000.0,1290000000.0,12.21,-76.5
2.6e-05,9e-06,4e-13,5e-10,1.5e-10,0.0606,31100000000.0,1280000000.0,12.21,-76.57
2.6e-05,9e-06,4e-13,5e-10,2e-10,0.0606,31100000000.0,1280000000.0,12.21,-76.68
2.6e-05,9e-06,4e-13,5e-10,2.5e-10,0.0606,31100000000.0,1300000000.0,12.21,-76.54
2.6e-05,9e-06,6e-13,4e-10,1e-10,0.0606,33600000000.0,1400000000.0,11.99,-77.96
2.6e-05,9e-06,6e-13,4e-10,5e-11,0.0606,33600000000.0,1400000000.0,11.99,-77.86
2.6e-05,9e-06,6e-13,4e-10,1.5e-10,0.0606,33600000000.0,1390000000.0,11.99,-78.04
2.6e-05,9e-06,6e-13,4e-10,2e-10,0.0606,33600000000.0,1390000000.0,11.99,-77.99
2.6e-05,9e-06,6e-13,4e-10,2.5e-10,0.0606,33600000000.0,1390000000.0,11.99,-77.84
2.6e-05,9e-06,6e-13,3e-10,1e-10,0.0606,37400000000.0,1620000000.0,11.44,-80.11
2.6e-05,9e-06,6e-13,3e-10,5e-11,0.0606,37400000000.0,1610000000.0,11.44,-79.9
2.6e-05,9e-06,6e-13,3e-10,1.5e-10,0.0606,37400000000.0,1610000000.0,11.44,-80.18
2.6e-05,9e-06,6e-13,3e-10,2e-10,0.0606,37400000000.0,1610000000.0,11.44,-80.08
2.6e-05,9e-06,6e-13,3e-10,2.5e-10,0.0606,37400000000.0,1610000000.0,11.44,-80.02
2.6e-05,9e-06,6e-13,3.5e-10,1e-10,0.0606,35200000000.0,1480000000.0,11.78,-78.91
2.6e-05,9e-06,6e-13,3.5e-10,5e-11,0.0606,35200000000.0,1480000000.0,11.78,-78.98
2.6e-05,9e-06,6e-13,3.5e-10,1.5e-10,0.0606,35200000000.0,1480000000.0,11.78,-78.89
2.6e-05,9e-06,6e-13,3.5e-10,2e-10,0.0606,35200000000.0,1480000000.0,11.78,-78.61
2.6e-05,9e-06,6e-13,3.5e-10,2.5e-10,0.0606,35200000000.0,1480000000.0,11.78,-78.74
2.6e-05,9e-06,6e-13,4.5e-10,1e-10,0.0606,32200000000.0,1340000000.0,12.12,-77.13
2.6e-05,9e-06,6e-13,4.5e-10,5e-11,0.0606,32200000000.0,1330000000.0,12.12,-77.27
2.6e-05,9e-06,6e-13,4.5e-10,1.5e-10,0.0606,32200000000.0,1340000000.0,12.13,-77.35
2.6e-05,9e-06,6e-13,4.5e-10,2e-10,0.0606,32200000000.0,1330000000.0,12.13,-77.21
2.6e-05,9e-06,6e-13,5e-10,5e-11,0.0606,31100000000.0,1290000000.0,12.21,-76.54
2.6e-05,9e-06,6e-13,5e-10,1.5e-10,0.0606,31100000000.0,1290000000.0,12.21,-76.47
2.6e-05,9e-06,6e-13,5e-10,2e-10,0.0606,31100000000.0,1280000000.0,12.21,-76.72
2.6e-05,9e-06,6e-13,5e-10,2.5e-10,0.0606,31100000000.0,1300000000.0,12.22,-76.96
2.6e-05,9e-06,7e-13,4e-10,1e-10,0.0606,33600000000.0,1390000000.0,11.99,-77.82
2.6e-05,9e-06,7e-13,4e-10,5e-11,0.0606,33600000000.0,1390000000.0,11.99,-77.66
2.6e-05,9e-06,7e-13,4e-10,2e-10,0.0606,33600000000.0,1390000000.0,11.99,-78.42
2.6e-05,9e-06,7e-13,3e-10,5e-11,0.0606,37400000000.0,1610000000.0,11.44,-79.92
2.6e-05,9e-06,7e-13,3e-10,1.5e-10,0.0606,37400000000.0,1610000000.0,11.44,-78.89
2.6e-05,9e-06,7e-13,3e-10,2e-10,0.0606,37400000000.0,1610000000.0,11.44,-80.0
2.6e-05,9e-06,7e-13,3e-10,2.5e-10,0.0606,37400000000.0,1610000000.0,11.44,-80.21
2.6e-05,9e-06,7e-13,3.5e-10,1e-10,0.0606,35200000000.0,1480000000.0,11.78,-79.02
2.6e-05,9e-06,7e-13,3.5e-10,5e-11,0.0606,35200000000.0,1480000000.0,11.78,-78.38
2.6e-05,9e-06,7e-13,3.5e-10,2e-10,0.0606,35200000000.0,1480000000.0,11.78,-79.25
2.6e-05,9e-06,7e-13,4.5e-10,1e-10,0.0606,32200000000.0,1330000000.0,12.12,-77.22
2.6e-05,9e-06,7e-13,4.5e-10,5e-11,0.0606,32200000000.0,1340000000.0,12.12,-77.03
2.6e-05,9e-06,7e-13,4.5e-10,1.5e-10,0.0606,32200000000.0,1330000000.0,12.12,-77.18
2.6e-05,9e-06,7e-13,4.5e-10,2e-10,0.0606,32200000000.0,1330000000.0,12.12,-77.53
2.6e-05,9e-06,7e-13,4.5e-10,2.5e-10,0.0606,32200000000.0,1330000000.0,12.12,-77.26
2.6e-05,9e-06,7e-13,5e-10,1.5e-10,0.0606,31100000000.0,1280000000.0,12.21,-76.71
2.6e-05,9e-06,7e-13,5e-10,2e-10,0.0606,31100000000.0,1290000000.0,12.21,-76.53
2.6e-05,9e-06,7e-13,5e-10,2.5e-10,0.0606,31100000000.0,1280000000.0,12.21,-76.02
2.6e-05,1e-05,5e-13,4e-10,1e-10,0.0606,33300000000.0,1470000000.0,11.99,-78.07
2.6e-05,1e-05,5e-13,4e-10,5e-11,0.0606,33300000000.0,1470000000.0,11.99,-77.9
2.6e-05,1e-05,5e-13,4e-10,1.5e-10,0.0606,33300000000.0,1470000000.0,11.98,-77.78
2.6e-05,1e-05,5e-13,4e-10,2e-10,0.0606,33300000000.0,1470000000.0,11.98,-77.97
2.6e-05,1e-05,5e-13,4e-10,2.5e-10,0.0606,33300000000.0,1470000000.0,11.98,-78.03
2.6e-05,1e-05,5e-13,3e-10,1e-10,0.0606,37100000000.0,1690000000.0,11.45,-79.98
2.6e-05,1e-05,5e-13,3e-10,5e-11,0.0606,37100000000.0,1690000000.0,11.45,-79.38
2.6e-05,1e-05,5e-13,3e-10,1.5e-10,0.0606,37100000000.0,1690000000.0,11.45,-79.93
2.6e-05,1e-05,5e-13,3e-10,2e-10,0.0606,37100000000.0,1690000000.0,11.45,-80.0
2.6e-05,1e-05,5e-13,3e-10,2.5e-10,0.0606,37100000000.0,1690000000.0,11.45,-80.01
2.6e-05,1e-05,5e-13,3.5e-10,1e-10,0.0606,35000000000.0,1560000000.0,11.78,-78.88
2.6e-05,1e-05,5e-13,3.5e-10,5e-11,0.0606,35000000000.0,1560000000.0,11.78,-78.72
2.6e-05,1e-05,5e-13,3.5e-10,1.5e-10,0.0606,35000000000.0,1560000000.0,11.78,-78.91
2.6e-05,1e-05,5e-13,3.5e-10,2e-10,0.0606,35000000000.0,1560000000.0,11.78,-78.95
2.6e-05,1e-05,5e-13,3.5e-10,2.5e-10,0.0606,35000000000.0,1560000000.0,11.78,-78.66
2.6e-05,1e-05,5e-13,4.5e-10,1e-10,0.0606,32000000000.0,1400000000.0,12.11,-77.03
2.6e-05,1e-05,5e-13,4.5e-10,5e-11,0.0606,32000000000.0,1400000000.0,12.11,-77.41
2.6e-05,1e-05,5e-13,4.5e-10,1.5e-10,0.0606,32000000000.0,1410000000.0,12.11,-77.2
2.6e-05,1e-05,5e-13,4.5e-10,2e-10,0.0606,32000000000.0,1400000000.0,12.11,-77.29
2.6e-05,1e-05,5e-13,5e-10,1e-10,0.0606,30900000000.0,1360000000.0,12.2,-76.72
2.6e-05,1e-05,5e-13,5e-10,5e-11,0.0606,30900000000.0,1350000000.0,12.2,-76.69
2.6e-05,1e-05,5e-13,5e-10,1.5e-10,0.0606,30900000000.0,1360000000.0,12.2,-76.62
2.6e-05,1e-05,5e-13,5e-10,2.5e-10,0.0606,30900000000.0,1350000000.0,12.2,-76.67
2.6e-05,1e-05,3e-13,4e-10,1e-10,0.0606,33400000000.0,1470000000.0,11.98,-78.02
2.6e-05,1e-05,3e-13,4e-10,5e-11,0.0606,33400000000.0,1470000000.0,11.98,-77.96
2.6e-05,1e-05,3e-13,4e-10,1.5e-10,0.0606,33400000000.0,1470000000.0,11.98,-77.75
2.6e-05,1e-05,3e-13,4e-10,2e-10,0.0606,33400000000.0,1480000000.0,11.98,-77.86
2.6e-05,1e-05,3e-13,4e-10,2.5e-10,0.0606,33400000000.0,1470000000.0,11.98,-77.97
2.6e-05,1e-05,3e-13,3e-10,1e-10,0.0606,37100000000.0,1700000000.0,11.45,-78.74
2.6e-05,1e-05,3e-13,3e-10,5e-11,0.0606,37100000000.0,1700000000.0,11.45,-80.17
2.6e-05,1e-05,3e-13,3e-10,1.5e-10,0.0606,37100000000.0,1690000000.0,11.45,-79.87
2.6e-05,1e-05,3e-13,3e-10,2e-10,0.0606,37100000000.0,1690000000.0,11.45,-80.02
2.6e-05,1e-05,3e-13,3e-10,2.5e-10,0.0606,37100000000.0,1690000000.0,11.45,-79.67
2.6e-05,1e-05,3e-13,3.5e-10,5e-11,0.0606,35000000000.0,1560000000.0,11.78,-78.68
2.6e-05,1e-05,3e-13,3.5e-10,1.5e-10,0.0606,35000000000.0,1560000000.0,11.78,-78.28
2.6e-05,1e-05,3e-13,3.5e-10,2e-10,0.0606,35000000000.0,1560000000.0,11.78,-78.58
2.6e-05,1e-05,3e-13,3.5e-10,2.5e-10,0.0606,35000000000.0,1560000000.0,11.78,-78.56
2.6e-05,1e-05,3e-13,4.5e-10,1e-10,0.0606,32000000000.0,1400000000.0,12.11,-77.28
2.6e-05,1e-05,3e-13,4.5e-10,5e-11,0.0606,32000000000.0,1400000000.0,12.11,-77.2
2.6e-05,1e-05,3e-13,4.5e-10,1.5e-10,0.0606,32000000000.0,1400000000.0,12.11,-77.25
2.6e-05,1e-05,3e-13,4.5e-10,2.5e-10,0.0606,32000000000.0,1410000000.0,12.11,-77.22
2.6e-05,1e-05,3e-13,5e-10,1e-10,0.0606,30900000000.0,1350000000.0,12.2,-76.63
2.6e-05,1e-05,3e-13,5e-10,5e-11,0.0606,30900000000.0,1360000000.0,12.2,-76.48
2.6e-05,1e-05,3e-13,5e-10,1.5e-10,0.0606,30900000000.0,1360000000.0,12.19,-76.6
2.6e-05,1e-05,3e-13,5e-10,2e-10,0.0606,30900000000.0,1370000000.0,12.2,-76.64
2.6e-05,1e-05,3e-13,5e-10,2.5e-10,0.0606,30900000000.0,1370000000.0,12.2,-76.46
2.6e-05,1e-05,4e-13,4e-10,5e-11,0.0606,33300000000.0,1470000000.0,11.99,-77.92
2.6e-05,1e-05,4e-13,4e-10,1.5e-10,0.0606,33300000000.0,1470000000.0,11.98,-77.81
2.6e-05,1e-05,4e-13,4e-10,2e-10,0.0606,33300000000.0,1480000000.0,11.98,-77.86
2.6e-05,1e-05,4e-13,4e-10,2.5e-10,0.0606,33300000000.0,1470000000.0,11.98,-77.82
2.6e-05,1e-05,4e-13,3e-10,1e-10,0.0606,37100000000.0,1700000000.0,11.45,-80.01
2.6e-05,1e-05,4e-13,3e-10,5e-11,0.0606,37100000000.0,1700000000.0,11.45,-79.87
2.6e-05,1e-05,4e-13,3e-10,1.5e-10,0.0606,37100000000.0,1690000000.0,11.45,-79.86
2.6e-05,1e-05,4e-13,3e-10,2e-10,0.0606,37100000000.0,1690000000.0,11.45,-80.04
2.6e-05,1e-05,4e-13,3.5e-10,1e-10,0.0606,35000000000.0,1560000000.0,11.78,-78.7
2.6e-05,1e-05,4e-13,3.5e-10,5e-11,0.0606,35000000000.0,1560000000.0,11.78,-78.76
2.6e-05,1e-05,4e-13,3.5e-10,1.5e-10,0.0606,35000000000.0,1560000000.0,11.78,-78.62
2.6e-05,1e-05,4e-13,3.5e-10,2e-10,0.0606,35000000000.0,1560000000.0,11.78,-78.52
2.6e-05,1e-05,4e-13,4.5e-10,1e-10,0.0606,32000000000.0,1400000000.0,12.11,-77.19
2.6e-05,1e-05,4e-13,4.5e-10,5e-11,0.0606,32000000000.0,1410000000.0,12.11,-77.06
2.6e-05,1e-05,4e-13,4.5e-10,1.5e-10,0.0606,32000000000.0,1420000000.0,12.11,-77.13
2.6e-05,1e-05,4e-13,4.5e-10,2e-10,0.0606,32000000000.0,1410000000.0,12.11,-77.25
2.6e-05,1e-05,4e-13,4.5e-10,2.5e-10,0.0606,32000000000.0,1410000000.0,12.11,-77.1
2.6e-05,1e-05,4e-13,5e-10,1e-10,0.0606,30900000000.0,1360000000.0,12.2,-76.66
2.6e-05,1e-05,4e-13,5e-10,5e-11,0.0606,30900000000.0,1350000000.0,12.2,-76.48
2.6e-05,1e-05,4e-13,5e-10,1.5e-10,0.0606,30900000000.0,1360000000.0,12.2,-76.7
2.6e-05,1e-05,4e-13,5e-10,2e-10,0.0606,30900000000.0,1350000000.0,12.2,-76.64
2.6e-05,1e-05,4e-13,5e-10,2.5e-10,0.0606,30900000000.0,1350000000.0,12.19,-76.56
2.6e-05,1e-05,6e-13,4e-10,1e-10,0.0606,33300000000.0,1470000000.0,11.99,-77.88
2.6e-05,1e-05,6e-13,4e-10,5e-11,0.0606,33300000000.0,1470000000.0,11.98,-78.11
2.6e-05,1e-05,6e-13,4e-10,1.5e-10,0.0606,33300000000.0,1470000000.0,11.98,-78.0
2.6e-05,1e-05,6e-13,4e-10,2e-10,0.0606,33300000000.0,1470000000.0,11.98,-78.15
2.6e-05,1e-05,6e-13,4e-10,2.5e-10,0.0606,33300000000.0,1470000000.0,11.98,-77.72
2.6e-05,1e-05,6e-13,3e-10,1e-10,0.0606,37100000000.0,1690000000.0,11.45,-79.76
2.6e-05,1e-05,6e-13,3e-10,5e-11,0.0606,37100000000.0,1690000000.0,11.45,-77.93
2.6e-05,1e-05,6e-13,3e-10,1.5e-10,0.0606,37100000000.0,1690000000.0,11.45,-79.94
2.6e-05,1e-05,6e-13,3e-10,2e-10,0.0606,37100000000.0,1700000000.0,11.45,-79.84
2.6e-05,1e-05,6e-13,3e-10,2.5e-10,0.0606,37100000000.0,1690000000.0,11.45,-79.99
2.6e-05,1e-05,6e-13,3.5e-10,5e-11,0.0606,35000000000.0,1560000000.0,11.78,-78.81
2.6e-05,1e-05,6e-13,3.5e-10,1.5e-10,0.0606,35000000000.0,1560000000.0,11.78,-78.79
2.6e-05,1e-05,6e-13,3.5e-10,2e-10,0.0606,35000000000.0,1560000000.0,11.78,-78.77
2.6e-05,1e-05,6e-13,3.5e-10,2.5e-10,0.0606,35000000000.0,1560000000.0,11.78,-78.57
2.6e-05,1e-05,6e-13,4.5e-10,1e-10,0.0606,32000000000.0,1410000000.0,12.11,-77.09
2.6e-05,1e-05,6e-13,4.5e-10,5e-11,0.0606,32000000000.0,1410000000.0,12.11,-76.91
2.6e-05,1e-05,6e-13,4.5e-10,1.5e-10,0.0606,32000000000.0,1410000000.0,12.11,-77.08
2.6e-05,1e-05,6e-13,4.5e-10,2e-10,0.0606,32000000000.0,1410000000.0,12.11,-77.05
2.6e-05,1e-05,6e-13,4.5e-10,2.5e-10,0.0606,32000000000.0,1400000000.0,12.11,-77.13
2.6e-05,1e-05,6e-13,5e-10,1e-10,0.0606,30900000000.0,1370000000.0,12.2,-76.74
2.6e-05,1e-05,6e-13,5e-10,1.5e-10,0.0606,30900000000.0,1350000000.0,12.2,-76.84
2.6e-05,1e-05,6e-13,5e-10,2e-10,0.0606,30900000000.0,1360000000.0,12.2,-76.51
2.6e-05,1e-05,6e-13,5e-10,2.5e-10,0.0606,30900000000.0,1350000000.0,12.2,-76.59
2.6e-05,1e-05,7e-13,4e-10,1e-10,0.0606,33300000000.0,1470000000.0,11.98,-78.01
2.6e-05,1e-05,7e-13,4e-10,5e-11,0.0606,33300000000.0,1470000000.0,11.98,-77.8
2.6e-05,1e-05,7e-13,4e-10,2e-10,0.0606,33300000000.0,1470000000.0,11.98,-77.84
2.6e-05,1e-05,7e-13,4e-10,2.5e-10,0.0606,33300000000.0,1470000000.0,11.98,-77.58
2.6e-05,1e-05,7e-13,3e-10,1e-10,0.0606,37100000000.0,1690000000.0,11.45,-80.06
2.6e-05,1e-05,7e-13,3e-10,5e-11,0.0606,37100000000.0,1690000000.0,11.45,-79.81
2.6e-05,1e-05,7e-13,3e-10,1.5e-10,0.0606,37100000000.0,1690000000.0,11.45,-79.78
2.6e-05,1e-05,7e-13,3e-10,2e-10,0.0606,37100000000.0,1690000000.0,11.45,-79.92
2.6e-05,1e-05,7e-13,3e-10,2.5e-10,0.0606,37100000000.0,1690000000.0,11.45,-79.74
2.6e-05,1e-05,7e-13,3.5e-10,1.5e-10,0.0606,35000000000.0,1560000000.0,11.78,-78.85
2.6e-05,1e-05,7e-13,3.5e-10,2.5e-10,0.0606,35000000000.0,1560000000.0,11.78,-78.67
2.6e-05,1e-05,7e-13,4.5e-10,1e-10,0.0606,32000000000.0,1400000000.0,12.11,-77.23
2.6e-05,1e-05,7e-13,4.5e-10,5e-11,0.0606,32000000000.0,1400000000.0,12.11,-77.48
2.6e-05,1e-05,7e-13,4.5e-10,1.5e-10,0.0606,32000000000.0,1410000000.0,12.11,-77.33
2.6e-05,1e-05,7e-13,4.5e-10,2.5e-10,0.0606,32000000000.0,1420000000.0,12.11,-77.06
2.6e-05,1e-05,7e-13,5e-10,2e-10,0.0606,30900000000.0,1360000000.0,12.2,-76.54
2.6e-05,1.1e-05,5e-13,4e-10,1e-10,0.0606,33100000000.0,1530000000.0,11.97,-78.01
2.6e-05,1.1e-05,5e-13,4e-10,5e-11,0.0606,33100000000.0,1520000000.0,11.97,-77.9
2.6e-05,1.1e-05,5e-13,4e-10,1.5e-10,0.0606,33100000000.0,1530000000.0,11.97,-77.86
2.6e-05,1.1e-05,5e-13,4e-10,2e-10,0.0606,33100000000.0,1520000000.0,11.97,-77.98
2.6e-05,1.1e-05,5e-13,4e-10,2.5e-10,0.0606,33100000000.0,1530000000.0,11.97,-77.95
2.6e-05,1.1e-05,5e-13,3e-10,1e-10,0.0606,36900000000.0,1760000000.0,11.45,-79.93
2.6e-05,1.1e-05,5e-13,3e-10,5e-11,0.0606,36900000000.0,1770000000.0,11.45,-81.35
2.6e-05,1.1e-05,5e-13,3e-10,1.5e-10,0.0606,36900000000.0,1750000000.0,11.45,-79.77
2.6e-05,1.1e-05,5e-13,3e-10,2e-10,0.0606,36900000000.0,1760000000.0,11.45,-79.94
2.6e-05,1.1e-05,5e-13,3e-10,2.5e-10,0.0606,36900000000.0,1760000000.0,11.45,-80.58
2.6e-05,1.1e-05,5e-13,3.5e-10,1e-10,0.0606,34800000000.0,1620000000.0,11.78,-78.73
2.6e-05,1.1e-05,5e-13,3.5e-10,5e-11,0.0606,34800000000.0,1620000000.0,11.77,-78.45
2.6e-05,1.1e-05,5e-13,3.5e-10,1.5e-10,0.0606,34800000000.0,1620000000.0,11.77,-78.27
2.6e-05,1.1e-05,5e-13,3.5e-10,2e-10,0.0606,34800000000.0,1620000000.0,11.77,-78.84
2.6e-05,1.1e-05,5e-13,3.5e-10,2.5e-10,0.0606,34800000000.0,1620000000.0,11.78,-78.57
2.6e-05,1.1e-05,5e-13,4.5e-10,1e-10,0.0606,31800000000.0,1480000000.0,12.1,-77.05
2.6e-05,1.1e-05,5e-13,4.5e-10,5e-11,0.0606,31800000000.0,1460000000.0,12.1,-77.22
2.6e-05,1.1e-05,5e-13,4.5e-10,1.5e-10,0.0606,31800000000.0,1460000000.0,12.09,-77.14
2.6e-05,1.1e-05,5e-13,4.5e-10,2e-10,0.0606,31800000000.0,1470000000.0,12.1,-77.23
2.6e-05,1.1e-05,5e-13,4.5e-10,2.5e-10,0.0606,31800000000.0,1460000000.0,12.09,-77.11
2.6e-05,1.1e-05,5e-13,5e-10,1e-10,0.0606,30700000000.0,1420000000.0,12.18,-76.65
2.6e-05,1.1e-05,5e-13,5e-10,5e-11,0.0606,30700000000.0,1410000000.0,12.18,-76.68
2.6e-05,1.1e-05,5e-13,5e-10,1.5e-10,0.0606,30700000000.0,1430000000.0,12.18,-76.44
2.6e-05,1.1e-05,5e-13,5e-10,2e-10,0.0606,30700000000.0,1420000000.0,12.18,-76.41
2.6e-05,1.1e-05,3e-13,4e-10,5e-11,0.0606,33100000000.0,1530000000.0,11.97,-77.76
2.6e-05,1.1e-05,3e-13,4e-10,1.5e-10,0.0606,33100000000.0,1530000000.0,11.97,-77.94
2.6e-05,1.1e-05,3e-13,4e-10,2e-10,0.0606,33100000000.0,1540000000.0,11.97,-77.75
2.6e-05,1.1e-05,3e-13,4e-10,2.5e-10,0.0606,33100000000.0,1530000000.0,11.97,-77.9
2.6e-05,1.1e-05,3e-13,3e-10,1e-10,0.0606,36900000000.0,1760000000.0,11.46,-79.83
2.6e-05,1.1e-05,3e-13,3e-10,5e-11,0.0606,36900000000.0,1770000000.0,11.45,-79.98
2.6e-05,1.1e-05,3e-13,3e-10,1.5e-10,0.0606,36900000000.0,1760000000.0,11.46,-79.72
2.6e-05,1.1e-05,3e-13,3e-10,2e-10,0.0606,36900000000.0,1760000000.0,11.45,-79.86
2.6e-05,1.1e-05,3e-13,3.5e-10,1e-10,0.0606,34800000000.0,1620000000.0,11.77,-78.72
2.6e-05,1.1e-05,3e-13,3.5e-10,1.5e-10,0.0606,34800000000.0,1620000000.0,11.77,-78.78
2.6e-05,1.1e-05,3e-13,3.5e-10,2e-10,0.0606,34800000000.0,1620000000.0,11.77,-78.83
2.6e-05,1.1e-05,3e-13,3.5e-10,2.5e-10,0.0606,34800000000.0,1620000000.0,11.77,-78.89
2.6e-05,1.1e-05,3e-13,4.5e-10,1e-10,0.0606,31800000000.0,1470000000.0,12.1,-77.26
2.6e-05,1.1e-05,3e-13,4.5e-10,5e-11,0.0606,31800000000.0,1460000000.0,12.09,-77.08
2.6e-05,1.1e-05,3e-13,4.5e-10,2e-10,0.0606,31800000000.0,1460000000.0,12.1,-77.17
2.6e-05,1.1e-05,3e-13,5e-10,1e-10,0.0606,30700000000.0,1420000000.0,12.18,-76.6
2.6e-05,1.1e-05,3e-13,5e-10,5e-11,0.0606,30700000000.0,1410000000.0,12.18,-76.55
2.6e-05,1.1e-05,3e-13,5e-10,2e-10,0.0606,30700000000.0,1430000000.0,12.18,-72.58
2.6e-05,1.1e-05,3e-13,5e-10,2.5e-10,0.0606,30700000000.0,1410000000.0,12.18,-76.64
2.6e-05,1.1e-05,4e-13,4e-10,1e-10,0.0606,33100000000.0,1530000000.0,11.97,-77.89
2.6e-05,1.1e-05,4e-13,4e-10,2.5e-10,0.0606,33100000000.0,1520000000.0,11.97,-77.89
2.6e-05,1.1e-05,4e-13,3e-10,1e-10,0.0606,36900000000.0,1760000000.0,11.45,-79.88
2.6e-05,1.1e-05,4e-13,3e-10,5e-11,0.0606,36900000000.0,1760000000.0,11.45,-78.69
2.6e-05,1.1e-05,4e-13,3e-10,1.5e-10,0.0606,36900000000.0,1760000000.0,11.45,-79.92
2.6e-05,1.1e-05,4e-13,3e-10,2.5e-10,0.0606,36900000000.0,1760000000.0,11.45,-79.8
2.6e-05,1.1e-05,4e-13,3.5e-10,1e-10,0.0606,34800000000.0,1620000000.0,11.77,-78.59
2.6e-05,1.1e-05,4e-13,3.5e-10,5e-11,0.0606,34800000000.0,1620000000.0,11.77,-78.75
2.6e-05,1.1e-05,4e-13,3.5e-10,1.5e-10,0.0606,34800000000.0,1620000000.0,11.77,-78.51
2.6e-05,1.1e-05,4e-13,3.5e-10,2e-10,0.0606,34800000000.0,1620000000.0,11.77,-78.55
2.6e-05,1.1e-05,4e-13,3.5e-10,2.5e-10,0.0606,34800000000.0,1620000000.0,11.77,-78.61
2.6e-05,1.1e-05,4e-13,4.5e-10,5e-11,0.0606,31800000000.0,1460000000.0,12.09,-76.95
2.6e-05,1.1e-05,4e-13,4.5e-10,1.5e-10,0.0606,31800000000.0,1470000000.0,12.09,-76.98
2.6e-05,1.1e-05,4e-13,4.5e-10,2.5e-10,0.0606,31800000000.0,1470000000.0,12.1,-77.01
2.6e-05,1.1e-05,4e-13,5e-10,1e-10,0.0606,30700000000.0,1430000000.0,12.18,-74.21
2.6e-05,1.1e-05,4e-13,5e-10,5e-11,0.0606,30700000000.0,1410000000.0,12.18,-76.8
2.6e-05,1.1e-05,4e-13,5e-10,2e-10,0.0606,30700000000.0,1420000000.0,12.18,-76.59
2.6e-05,1.1e-05,4e-13,5e-10,2.5e-10,0.0606,30700000000.0,1430000000.0,12.18,-76.46
2.6e-05,1.1e-05,6e-13,4e-10,5e-11,0.0606,33100000000.0,1530000000.0,11.97,-77.97
2.6e-05,1.1e-05,6e-13,4e-10,2e-10,0.0606,33100000000.0,1530000000.0,11.97,-77.67
2.6e-05,1.1e-05,6e-13,3e-10,1e-10,0.0606,36900000000.0,1760000000.0,11.45,-79.89
2.6e-05,1.1e-05,6e-13,3e-10,5e-11,0.0606,36900000000.0,1770000000.0,11.45,-79.99
2.6e-05,1.1e-05,6e-13,3e-10,2e-10,0.0606,36900000000.0,1760000000.0,11.45,-79.87
2.6e-05,1.1e-05,6e-13,3e-10,2.5e-10,0.0606,36900000000.0,1760000000.0,11.45,-79.84
2.6e-05,1.1e-05,6e-13,3.5e-10,1e-10,0.0606,34800000000.0,1620000000.0,11.77,-78.54
2.6e-05,1.1e-05,6e-13,3.5e-10,5e-11,0.0606,34800000000.0,1620000000.0,11.77,-79.08
2.6e-05,1.1e-05,6e-13,3.5e-10,1.5e-10,0.0606,34800000000.0,1620000000.0,11.77,-78.99
2.6e-05,1.1e-05,6e-13,3.5e-10,2.5e-10,0.0606,34800000000.0,1620000000.0,11.77,-78.97
2.6e-05,1.1e-05,6e-13,4.5e-10,1e-10,0.0606,31800000000.0,1470000000.0,12.1,-77.2
2.6e-05,1.1e-05,6e-13,4.5e-10,5e-11,0.0606,31800000000.0,1460000000.0,12.09,-77.13
2.6e-05,1.1e-05,6e-13,4.5e-10,1.5e-10,0.0606,31800000000.0,1470000000.0,12.09,-77.3
2.6e-05,1.1e-05,6e-13,4.5e-10,2e-10,0.0606,31800000000.0,1460000000.0,12.09,-77.04
2.6e-05,1.1e-05,6e-13,4.5e-10,2.5e-10,0.0606,31800000000.0,1460000000.0,12.1,-77.23
2.6e-05,1.1e-05,6e-13,5e-10,1e-10,0.0606,30700000000.0,1410000000.0,12.18,-76.73
2.6e-05,1.1e-05,6e-13,5e-10,5e-11,0.0606,30700000000.0,1410000000.0,12.18,-76.63
2.6e-05,1.1e-05,6e-13,5e-10,1.5e-10,0.0606,30700000000.0,1410000000.0,12.18,-76.56
2.6e-05,1.1e-05,7e-13,4e-10,1e-10,0.0606,33100000000.0,1530000000.0,11.97,-77.85
2.6e-05,1.1e-05,7e-13,4e-10,2.5e-10,0.0606,33100000000.0,1540000000.0,11.97,-77.92
2.6e-05,1.1e-05,7e-13,3e-10,1e-10,0.0606,36900000000.0,1760000000.0,11.46,-79.78
2.6e-05,1.1e-05,7e-13,3e-10,1.5e-10,0.0606,36900000000.0,1760000000.0,11.45,-79.9
2.6e-05,1.1e-05,7e-13,3e-10,2e-10,0.0606,36900000000.0,1760000000.0,11.45,-80.14
2.6e-05,1.1e-05,7e-13,3e-10,2.5e-10,0.0606,36900000000.0,1750000000.0,11.45,-79.37
2.6e-05,1.1e-05,7e-13,3.5e-10,5e-11,0.0606,34800000000.0,1620000000.0,11.77,-78.77
2.6e-05,1.1e-05,7e-13,3.5e-10,2e-10,0.0606,34800000000.0,1620000000.0,11.77,-78.76
2.6e-05,1.1e-05,7e-13,3.5e-10,2.5e-10,0.0606,34800000000.0,1620000000.0,11.77,-78.49
2.6e-05,1.1e-05,7e-13,4.5e-10,1e-10,0.0606,31800000000.0,1470000000.0,12.09,-77.05
2.6e-05,1.1e-05,7e-13,4.5e-10,5e-11,0.0606,31800000000.0,1470000000.0,12.09,-77.06
2.6e-05,1.1e-05,7e-13,4.5e-10,1.5e-10,0.0606,31800000000.0,1470000000.0,12.09,-77.0
2.6e-05,1.1e-05,7e-13,4.5e-10,2e-10,0.0606,31800000000.0,1470000000.0,12.1,-77.25
2.6e-05,1.1e-05,7e-13,5e-10,1e-10,0.0606,30700000000.0,1420000000.0,12.18,-76.68
2.6e-05,1.1e-05,7e-13,5e-10,5e-11,0.0606,30700000000.0,1430000000.0,12.18,-76.36
2.6e-05,1.1e-05,7e-13,5e-10,1.5e-10,0.0606,30700000000.0,1430000000.0,12.18,-74.75
2.6e-05,1.1e-05,7e-13,5e-10,2e-10,0.0606,30700000000.0,1420000000.0,12.18,-76.58
2.6e-05,1.1e-05,7e-13,5e-10,2.5e-10,0.0606,30700000000.0,1420000000.0,12.18,-76.62
2.6e-05,1.2e-05,5e-13,4e-10,1e-10,0.0606,32900000000.0,1570000000.0,11.95,-77.69
2.6e-05,1.2e-05,5e-13,4e-10,5e-11,0.0606,32900000000.0,1580000000.0,11.96,-77.73
2.6e-05,1.2e-05,5e-13,4e-10,1.5e-10,0.0606,32900000000.0,1580000000.0,11.95,-77.63
2.6e-05,1.2e-05,5e-13,4e-10,2e-10,0.0606,32900000000.0,1570000000.0,11.96,-77.85
2.6e-05,1.2e-05,5e-13,4e-10,2.5e-10,0.0606,32900000000.0,1580000000.0,11.95,-77.56
2.6e-05,1.2e-05,5e-13,3e-10,1e-10,0.0606,36600000000.0,1810000000.0,11.45,-80.13
2.6e-05,1.2e-05,5e-13,3e-10,5e-11,0.0606,36600000000.0,1810000000.0,11.45,-79.2
2.6e-05,1.2e-05,5e-13,3e-10,1.5e-10,0.0606,36600000000.0,1810000000.0,11.45,-79.77
2.6e-05,1.2e-05,5e-13,3e-10,2e-10,0.0606,36600000000.0,1810000000.0,11.45,-79.75
2.6e-05,1.2e-05,5e-13,3e-10,2.5e-10,0.0606,36600000000.0,1820000000.0,11.45,-80.69
2.6e-05,1.2e-05,5e-13,3.5e-10,1e-10,0.0606,34500000000.0,1670000000.0,11.76,-78.7
2.6e-05,1.2e-05,5e-13,3.5e-10,5e-11,0.0606,34500000000.0,1670000000.0,11.76,-79.27
2.6e-05,1.2e-05,5e-13,3.5e-10,1.5e-10,0.0606,34500000000.0,1670000000.0,11.76,-78.64
2.6e-05,1.2e-05,5e-13,3.5e-10,2e-10,0.0606,34500000000.0,1670000000.0,11.76,-78.72
2.6e-05,1.2e-05,5e-13,3.5e-10,2.5e-10,0.0606,34500000000.0,1670000000.0,11.76,-78.77
2.6e-05,1.2e-05,5e-13,4.5e-10,1e-10,0.0606,31600000000.0,1510000000.0,12.08,-77.18
2.6e-05,1.2e-05,5e-13,4.5e-10,5e-11,0.0606,31600000000.0,1510000000.0,12.07,-77.04
2.6e-05,1.2e-05,5e-13,4.5e-10,1.5e-10,0.0606,31600000000.0,1510000000.0,12.07,-77.05
2.6e-05,1.2e-05,5e-13,4.5e-10,2e-10,0.0606,31600000000.0,1520000000.0,12.07,-77.05
2.6e-05,1.2e-05,5e-13,4.5e-10,2.5e-10,0.0606,31600000000.0,1510000000.0,12.07,-77.09
2.6e-05,1.2e-05,5e-13,5e-10,1e-10,0.0606,30500000000.0,1460000000.0,12.16,-76.53
2.6e-05,1.2e-05,5e-13,5e-10,5e-11,0.0606,30500000000.0,1460000000.0,12.16,-76.45
2.6e-05,1.2e-05,5e-13,5e-10,1.5e-10,0.0606,30500000000.0,1460000000.0,12.15,-76.43
2.6e-05,1.2e-05,5e-13,5e-10,2e-10,0.0606,30500000000.0,1460000000.0,12.16,-76.55
2.6e-05,1.2e-05,5e-13,5e-10,2.5e-10,0.0606,30500000000.0,1470000000.0,12.16,-76.58
2.6e-05,1.2e-05,3e-13,4e-10,1e-10,0.0606,32900000000.0,1580000000.0,11.96,-77.8
2.6e-05,1.2e-05,3e-13,4e-10,5e-11,0.0606,32900000000.0,1580000000.0,11.95,-77.54
2.6e-05,1.2e-05,3e-13,4e-10,1.5e-10,0.0606,32900000000.0,1580000000.0,11.95,-77.71
2.6e-05,1.2e-05,3e-13,4e-10,2e-10,0.0606,32900000000.0,1570000000.0,11.96,-77.84
2.6e-05,1.2e-05,3e-13,4e-10,2.5e-10,0.0606,32900000000.0,1580000000.0,11.96,-77.79
2.6e-05,1.2e-05,3e-13,3e-10,1e-10,0.0606,36600000000.0,1820000000.0,11.45,-79.86
2.6e-05,1.2e-05,3e-13,3e-10,5e-11,0.0606,36600000000.0,1820000000.0,11.45,-79.84
2.6e-05,1.2e-05,3e-13,3e-10,1.5e-10,0.0606,36600000000.0,1810000000.0,11.45,-79.18
2.6e-05,1.2e-05,3e-13,3e-10,2e-10,0.0606,36600000000.0,1810000000.0,11.45,-79.66
2.6e-05,1.2e-05,3e-13,3.5e-10,1e-10,0.0606,34600000000.0,1670000000.0,11.76,-78.47
2.6e-05,1.2e-05,3e-13,3.5e-10,5e-11,0.0606,34600000000.0,1670000000.0,11.76,-78.77
2.6e-05,1.2e-05,3e-13,3.5e-10,1.5e-10,0.0606,34600000000.0,1670000000.0,11.76,-78.76
2.6e-05,1.2e-05,3e-13,3.5e-10,2e-10,0.0606,34600000000.0,1670000000.0,11.76,-78.43
2.6e-05,1.2e-05,3e-13,3.5e-10,2.5e-10,0.0606,34500000000.0,1670000000.0,11.76,-78.63
2.6e-05,1.2e-05,3e-13,4.5e-10,1e-10,0.0606,31600000000.0,1510000000.0,12.08,-77.16
2.6e-05,1.2e-05,3e-13,4.5e-10,2.5e-10,0.0606,31600000000.0,1520000000.0,12.08,-77.21
2.6e-05,1.2e-05,3e-13,5e-10,1e-10,0.0606,30500000000.0,1480000000.0,12.16,-73.33
2.6e-05,1.2e-05,3e-13,5e-10,5e-11,0.0606,30500000000.0,1460000000.0,12.15,-76.51
2.6e-05,1.2e-05,3e-13,5e-10,1.5e-10,0.0606,30500000000.0,1480000000.0,12.16,-76.44
2.6e-05,1.2e-05,3e-13,5e-10,2e-10,0.0606,30500000000.0,1460000000.0,12.15,-76.36
2.6e-05,1.2e-05,3e-13,5e-10,2.5e-10,0.0606,30500000000.0,1470000000.0,12.16,-76.62
2.6e-05,1.2e-05,4e-13,4e-10,1e-10,0.0606,32900000000.0,1580000000.0,11.95,-77.86
2.6e-05,1.2e-05,4e-13,4e-10,5e-11,0.0606,32900000000.0,1580000000.0,11.96,-77.72
2.6e-05,1.2e-05,4e-13,4e-10,1.5e-10,0.0606,32900000000.0,1570000000.0,11.95,-77.77
2.6e-05,1.2e-05,4e-13,4e-10,2e-10,0.0606,32900000000.0,1580000000.0,11.95,-77.62
2.6e-05,1.2e-05,4e-13,3e-10,1e-10,0.0606,36600000000.0,1810000000.0,11.45,-79.69
2.6e-05,1.2e-05,4e-13,3e-10,5e-11,0.0606,36600000000.0,1820000000.0,11.45,-79.82
2.6e-05,1.2e-05,4e-13,3e-10,1.5e-10,0.0606,36600000000.0,1810000000.0,11.45,-79.95
2.6e-05,1.2e-05,4e-13,3e-10,2.5e-10,0.0606,36600000000.0,1810000000.0,11.45,-79.57
2.6e-05,1.2e-05,4e-13,3.5e-10,5e-11,0.0606,34500000000.0,1670000000.0,11.76,-78.55
2.6e-05,1.2e-05,4e-13,3.5e-10,1.5e-10,0.0606,34500000000.0,1670000000.0,11.76,-79.02
2.6e-05,1.2e-05,4e-13,3.5e-10,2e-10,0.0606,34500000000.0,1670000000.0,11.76,-78.6
2.6e-05,1.2e-05,4e-13,3.5e-10,2.5e-10,0.0606,34500000000.0,1670000000.0,11.76,-78.75
2.6e-05,1.2e-05,4e-13,4.5e-10,1e-10,0.0606,31600000000.0,1510000000.0,12.08,-77.17
2.6e-05,1.2e-05,4e-13,4.5e-10,5e-11,0.0606,31600000000.0,1510000000.0,12.07,-77.02
2.6e-05,1.2e-05,4e-13,4.5e-10,1.5e-10,0.0606,31600000000.0,1510000000.0,12.07,-77.01
2.6e-05,1.2e-05,4e-13,4.5e-10,2.5e-10,0.0606,31600000000.0,1520000000.0,12.08,-77.2
2.6e-05,1.2e-05,4e-13,5e-10,1e-10,0.0606,30500000000.0,1480000000.0,12.16,-76.53
2.6e-05,1.2e-05,4e-13,5e-10,5e-11,0.0606,30500000000.0,1470000000.0,12.16,-76.54
2.6e-05,1.2e-05,4e-13,5e-10,1.5e-10,0.0606,30500000000.0,1460000000.0,12.16,-76.6
2.6e-05,1.2e-05,4e-13,5e-10,2e-10,0.0606,30500000000.0,1480000000.0,12.16,-76.39
2.6e-05,1.2e-05,4e-13,5e-10,2.5e-10,0.0606,30500000000.0,1480000000.0,12.16,-76.49
2.6e-05,1.2e-05,6e-13,4e-10,1e-10,0.0606,32900000000.0,1580000000.0,11.95,-77.64
2.6e-05,1.2e-05,6e-13,4e-10,5e-11,0.0606,32900000000.0,1580000000.0,11.96,-77.87
2.6e-05,1.2e-05,6e-13,4e-10,1.5e-10,0.0606,32900000000.0,1580000000.0,11.96,-77.86
2.6e-05,1.2e-05,6e-13,4e-10,2e-10,0.0606,32900000000.0,1570000000.0,11.95,-77.86
2.6e-05,1.2e-05,6e-13,4e-10,2.5e-10,0.0606,32900000000.0,1580000000.0,11.95,-77.66
2.6e-05,1.2e-05,6e-13,3e-10,1e-10,0.0606,36600000000.0,1810000000.0,11.45,-79.78
2.6e-05,1.2e-05,6e-13,3e-10,5e-11,0.0606,36600000000.0,1810000000.0,11.45,-79.9
2.6e-05,1.2e-05,6e-13,3e-10,1.5e-10,0.0606,36600000000.0,1820000000.0,11.45,-81.08
2.6e-05,1.2e-05,6e-13,3e-10,2e-10,0.0606,36600000000.0,1810000000.0,11.45,-79.58
2.6e-05,1.2e-05,6e-13,3e-10,2.5e-10,0.0606,36600000000.0,1810000000.0,11.45,-80.01
2.6e-05,1.2e-05,6e-13,3.5e-10,1e-10,0.0606,34500000000.0,1670000000.0,11.76,-78.51
2.6e-05,1.2e-05,6e-13,3.5e-10,1.5e-10,0.0606,34500000000.0,1670000000.0,11.76,-78.56
2.6e-05,1.2e-05,6e-13,3.5e-10,2e-10,0.0606,34500000000.0,1670000000.0,11.76,-78.76
2.6e-05,1.2e-05,6e-13,3.5e-10,2.5e-10,0.0606,34500000000.0,1670000000.0,11.76,-79.1
2.6e-05,1.2e-05,6e-13,4.5e-10,5e-11,0.0606,31600000000.0,1510000000.0,12.07,-77.07
2.6e-05,1.2e-05,6e-13,4.5e-10,1.5e-10,0.0606,31600000000.0,1510000000.0,12.08,-77.08
2.6e-05,1.2e-05,6e-13,4.5e-10,2.5e-10,0.0606,31600000000.0,1520000000.0,12.08,-76.98
2.6e-05,1.2e-05,6e-13,5e-10,5e-11,0.0606,30500000000.0,1460000000.0,12.16,-76.49
2.6e-05,1.2e-05,6e-13,5e-10,1.5e-10,0.0606,30500000000.0,1460000000.0,12.16,-76.54
2.6e-05,1.2e-05,6e-13,5e-10,2e-10,0.0606,30500000000.0,1480000000.0,12.16,-76.4
2.6e-05,1.2e-05,6e-13,5e-10,2.5e-10,0.0606,30500000000.0,1460000000.0,12.15,-76.48
2.6e-05,1.2e-05,7e-13,4e-10,1.5e-10,0.0606,32900000000.0,1570000000.0,11.95,-77.79
2.6e-05,1.2e-05,7e-13,4e-10,2e-10,0.0606,32900000000.0,1570000000.0,11.96,-77.86
2.6e-05,1.2e-05,7e-13,3e-10,1e-10,0.0606,36600000000.0,1820000000.0,11.45,-79.73
2.6e-05,1.2e-05,7e-13,3e-10,5e-11,0.0606,36600000000.0,1820000000.0,11.45,-80.03
2.6e-05,1.2e-05,7e-13,3e-10,2e-10,0.0606,36600000000.0,1800000000.0,11.45,-79.84
2.6e-05,1.2e-05,7e-13,3.5e-10,1e-10,0.0606,34500000000.0,1670000000.0,11.76,-79.09
2.6e-05,1.2e-05,7e-13,3.5e-10,5e-11,0.0606,34500000000.0,1670000000.0,11.76,-78.65
2.6e-05,1.2e-05,7e-13,3.5e-10,1.5e-10,0.0606,34500000000.0,1670000000.0,11.76,-78.61
2.6e-05,1.2e-05,7e-13,3.5e-10,2e-10,0.0606,34500000000.0,1670000000.0,11.76,-78.44
2.6e-05,1.2e-05,7e-13,4.5e-10,1e-10,0.0606,31600000000.0,1510000000.0,12.08,-77.21
2.6e-05,1.2e-05,7e-13,4.5e-10,5e-11,0.0606,31600000000.0,1510000000.0,12.08,-77.12
2.6e-05,1.2e-05,7e-13,4.5e-10,2e-10,0.0606,31600000000.0,1520000000.0,12.07,-76.96
2.6e-05,1.2e-05,7e-13,5e-10,1e-10,0.0606,30500000000.0,1450000000.0,12.16,-76.51
2.6e-05,1.2e-05,7e-13,5e-10,5e-11,0.0606,30500000000.0,1480000000.0,12.16,-75.17
2.6e-05,1.2e-05,7e-13,5e-10,1.5e-10,0.0606,30500000000.0,1470000000.0,12.16,-76.4
2.6e-05,1.2e-05,7e-13,5e-10,2e-10,0.0606,30500000000.0,1460000000.0,12.16,-76.38
2.6e-05,1.3e-05,5e-13,4e-10,1e-10,0.0606,32700000000.0,1610000000.0,11.93,-77.64
2.6e-05,1.3e-05,5e-13,4e-10,5e-11,0.0606,32700000000.0,1620000000.0,11.93,-77.74
2.6e-05,1.3e-05,5e-13,4e-10,1.5e-10,0.0606,32700000000.0,1610000000.0,11.93,-77.7
2.6e-05,1.3e-05,5e-13,4e-10,2.5e-10,0.0606,32700000000.0,1610000000.0,11.93,-77.66
2.6e-05,1.3e-05,5e-13,3e-10,1e-10,0.0606,36400000000.0,1850000000.0,11.44,-80.12
2.6e-05,1.3e-05,5e-13,3e-10,5e-11,0.0606,36400000000.0,1850000000.0,11.44,-75.64
2.6e-05,1.3e-05,5e-13,3e-10,1.5e-10,0.0606,36400000000.0,1850000000.0,11.44,-79.5
2.6e-05,1.3e-05,5e-13,3e-10,2e-10,0.0606,36400000000.0,1850000000.0,11.44,-79.67
2.6e-05,1.3e-05,5e-13,3e-10,2.5e-10,0.0606,36400000000.0,1850000000.0,11.44,-79.53
2.6e-05,1.3e-05,5e-13,3.5e-10,1e-10,0.0606,34300000000.0,1700000000.0,11.74,-78.4
2.6e-05,1.3e-05,5e-13,3.5e-10,5e-11,0.0606,34300000000.0,1710000000.0,11.74,-78.39
2.6e-05,1.3e-05,5e-13,3.5e-10,1.5e-10,0.0606,34300000000.0,1700000000.0,11.75,-78.41
2.6e-05,1.3e-05,5e-13,3.5e-10,2e-10,0.0606,34300000000.0,1710000000.0,11.75,-78.57
2.6e-05,1.3e-05,5e-13,3.5e-10,2.5e-10,0.0606,34300000000.0,1700000000.0,11.75,-78.51
2.6e-05,1.3e-05,5e-13,4.5e-10,1e-10,0.0606,31400000000.0,1540000000.0,12.05,-77.1
2.6e-05,1.3e-05,5e-13,4.5e-10,5e-11,0.0606,31400000000.0,1550000000.0,12.05,-77.09
2.6e-05,1.3e-05,5e-13,4.5e-10,1.5e-10,0.0606,31400000000.0,1550000000.0,12.05,-75.25
2.6e-05,1.3e-05,5e-13,4.5e-10,2e-10,0.0606,31400000000.0,1550000000.0,12.05,-76.85
2.6e-05,1.3e-05,5e-13,4.5e-10,2.5e-10,0.0606,31400000000.0,1550000000.0,12.05,-76.9
2.6e-05,1.3e-05,5e-13,5e-10,1e-10,0.0606,30300000000.0,1500000000.0,12.13,-76.37
2.6e-05,1.3e-05,5e-13,5e-10,5e-11,0.0606,30300000000.0,1500000000.0,12.14,-76.15
2.6e-05,1.3e-05,5e-13,5e-10,1.5e-10,0.0606,30300000000.0,1510000000.0,12.13,-76.46
2.6e-05,1.3e-05,5e-13,5e-10,2e-10,0.0606,30300000000.0,1500000000.0,12.13,-76.39
2.6e-05,1.3e-05,5e-13,5e-10,2.5e-10,0.0606,30300000000.0,1500000000.0,12.14,-76.53
2.6e-05,1.3e-05,3e-13,4e-10,1e-10,0.0606,32700000000.0,1620000000.0,11.93,-73.17
2.6e-05,1.3e-05,3e-13,4e-10,5e-11,0.0606,32700000000.0,1620000000.0,11.93,-77.55
2.6e-05,1.3e-05,3e-13,4e-10,1.5e-10,0.0606,32700000000.0,1610000000.0,11.93,-77.75
2.6e-05,1.3e-05,3e-13,4e-10,2e-10,0.0606,32700000000.0,1610000000.0,11.93,-77.77
2.6e-05,1.3e-05,3e-13,3e-10,1e-10,0.0606,36400000000.0,1850000000.0,11.44,-79.47
2.6e-05,1.3e-05,3e-13,3e-10,5e-11,0.0606,36400000000.0,1850000000.0,11.44,-79.65
2.6e-05,1.3e-05,3e-13,3e-10,1.5e-10,0.0606,36400000000.0,1850000000.0,11.44,-79.63
2.6e-05,1.3e-05,3e-13,3e-10,2e-10,0.0606,36400000000.0,1850000000.0,11.44,-79.57
2.6e-05,1.3e-05,3e-13,3e-10,2.5e-10,0.0606,36400000000.0,1850000000.0,11.44,-79.56
2.6e-05,1.3e-05,3e-13,3.5e-10,1e-10,0.0606,34300000000.0,1710000000.0,11.74,-78.47
2.6e-05,1.3e-05,3e-13,3.5e-10,5e-11,0.0606,34300000000.0,1710000000.0,11.75,-78.44
2.6e-05,1.3e-05,3e-13,3.5e-10,1.5e-10,0.0606,34300000000.0,1700000000.0,11.74,-78.63
2.6e-05,1.3e-05,3e-13,3.5e-10,2e-10,0.0606,34300000000.0,1710000000.0,11.74,-79.16
2.6e-05,1.3e-05,3e-13,3.5e-10,2.5e-10,0.0606,34300000000.0,1710000000.0,11.74,-78.52
2.6e-05,1.3e-05,3e-13,4.5e-10,1e-10,0.0606,31400000000.0,1540000000.0,12.05,-77.09
2.6e-05,1.3e-05,3e-13,4.5e-10,5e-11,0.0606,31400000000.0,1540000000.0,12.05,-77.02
2.6e-05,1.3e-05,3e-13,4.5e-10,1.5e-10,0.0606,31400000000.0,1540000000.0,12.05,-77.08
2.6e-05,1.3e-05,3e-13,4.5e-10,2e-10,0.0606,31400000000.0,1550000000.0,12.05,-76.89
2.6e-05,1.3e-05,3e-13,4.5e-10,2.5e-10,0.0606,31400000000.0,1560000000.0,12.05,-76.89
2.6e-05,1.3e-05,3e-13,5e-10,1e-10,0.0606,30300000000.0,1510000000.0,12.13,-76.37
2.6e-05,1.3e-05,3e-13,5e-10,5e-11,0.0606,30300000000.0,1510000000.0,12.13,-76.36
2.6e-05,1.3e-05,3e-13,5e-10,2e-10,0.0606,30300000000.0,1510000000.0,12.14,-76.51
2.6e-05,1.3e-05,3e-13,5e-10,2.5e-10,0.0606,30300000000.0,1500000000.0,12.13,-76.5
2.6e-05,1.3e-05,4e-13,4e-10,5e-11,0.0606,32700000000.0,1610000000.0,11.93,-77.59
2.6e-05,1.3e-05,4e-13,4e-10,1.5e-10,0.0606,32700000000.0,1620000000.0,11.93,-77.48
2.6e-05,1.3e-05,4e-13,4e-10,2e-10,0.0606,32700000000.0,1610000000.0,11.93,-77.78
2.6e-05,1.3e-05,4e-13,4e-10,2.5e-10,0.0606,32700000000.0,1620000000.0,11.93,-77.65
2.6e-05,1.3e-05,4e-13,3e-10,5e-11,0.0606,36400000000.0,1850000000.0,11.44,-79.43
2.6e-05,1.3e-05,4e-13,3e-10,1.5e-10,0.0606,36400000000.0,1850000000.0,11.44,-79.55
2.6e-05,1.3e-05,4e-13,3e-10,2.5e-10,0.0606,36400000000.0,1850000000.0,11.44,-79.84
2.6e-05,1.3e-05,4e-13,3.5e-10,5e-11,0.0606,34300000000.0,1710000000.0,11.74,-78.7
2.6e-05,1.3e-05,4e-13,3.5e-10,2.5e-10,0.0606,34300000000.0,1700000000.0,11.74,-78.59
2.6e-05,1.3e-05,4e-13,4.5e-10,5e-11,0.0606,31400000000.0,1550000000.0,12.05,-76.94
2.6e-05,1.3e-05,4e-13,4.5e-10,1.5e-10,0.0606,31400000000.0,1540000000.0,12.05,-77.05
2.6e-05,1.3e-05,4e-13,4.5e-10,2.5e-10,0.0606,31400000000.0,1540000000.0,12.05,-77.06
2.6e-05,1.3e-05,4e-13,5e-10,1e-10,0.0606,30300000000.0,1490000000.0,12.13,-76.47
2.6e-05,1.3e-05,4e-13,5e-10,1.5e-10,0.0606,30300000000.0,1510000000.0,12.13,-76.44
2.6e-05,1.3e-05,4e-13,5e-10,2.5e-10,0.0606,30300000000.0,1500000000.0,12.14,-76.42
2.6e-05,1.3e-05,6e-13,4e-10,5e-11,0.0606,32700000000.0,1610000000.0,11.93,-77.56
2.6e-05,1.3e-05,6e-13,4e-10,2.5e-10,0.0606,32700000000.0,1620000000.0,11.93,-77.58
2.6e-05,1.3e-05,6e-13,3e-10,1e-10,0.0606,36400000000.0,1850000000.0,11.43,-79.25
2.6e-05,1.3e-05,6e-13,3e-10,5e-11,0.0606,36400000000.0,1850000000.0,11.44,-75.85
2.6e-05,1.3e-05,6e-13,3e-10,1.5e-10,0.0606,36400000000.0,1850000000.0,11.44,-79.7
2.6e-05,1.3e-05,6e-13,3e-10,2e-10,0.0606,36400000000.0,1850000000.0,11.44,-79.85
2.6e-05,1.3e-05,6e-13,3e-10,2.5e-10,0.0606,36400000000.0,1840000000.0,11.44,-79.59
2.6e-05,1.3e-05,6e-13,3.5e-10,1e-10,0.0606,34300000000.0,1710000000.0,11.74,-78.49
2.6e-05,1.3e-05,6e-13,3.5e-10,5e-11,0.0606,34300000000.0,1710000000.0,11.74,-78.71
2.6e-05,1.3e-05,6e-13,3.5e-10,2e-10,0.0606,34300000000.0,1710000000.0,11.75,-78.51
2.6e-05,1.3e-05,6e-13,3.5e-10,2.5e-10,0.0606,34300000000.0,1710000000.0,11.75,-78.48
2.6e-05,1.3e-05,6e-13,4.5e-10,5e-11,0.0606,31400000000.0,1550000000.0,12.05,-76.96
2.6e-05,1.3e-05,6e-13,4.5e-10,1.5e-10,0.0606,31400000000.0,1550000000.0,12.05,-76.86
2.6e-05,1.3e-05,6e-13,4.5e-10,2e-10,0.0606,31400000000.0,1540000000.0,12.05,-76.87
2.6e-05,1.3e-05,6e-13,5e-10,1e-10,0.0606,30300000000.0,1500000000.0,12.14,-76.56
2.6e-05,1.3e-05,6e-13,5e-10,5e-11,0.0606,30300000000.0,1510000000.0,12.13,-76.43
2.6e-05,1.3e-05,6e-13,5e-10,1.5e-10,0.0606,30300000000.0,1500000000.0,12.13,-76.38
2.6e-05,1.3e-05,6e-13,5e-10,2e-10,0.0606,30300000000.0,1500000000.0,12.14,-76.52
2.6e-05,1.3e-05,7e-13,4e-10,1.5e-10,0.0606,32700000000.0,1610000000.0,11.93,-77.54
2.6e-05,1.3e-05,7e-13,4e-10,2e-10,0.0606,32700000000.0,1610000000.0,11.93,-77.79
2.6e-05,1.3e-05,7e-13,4e-10,2.5e-10,0.0606,32700000000.0,1610000000.0,11.93,-77.74
2.6e-05,1.3e-05,7e-13,3e-10,1e-10,0.0606,36400000000.0,1850000000.0,11.44,-78.26
2.6e-05,1.3e-05,7e-13,3e-10,5e-11,0.0606,36400000000.0,1850000000.0,11.43,-79.6
2.6e-05,1.3e-05,7e-13,3e-10,2e-10,0.0606,36400000000.0,1850000000.0,11.44,-79.66
2.6e-05,1.3e-05,7e-13,3.5e-10,1e-10,0.0606,34300000000.0,1710000000.0,11.75,-78.41
2.6e-05,1.3e-05,7e-13,3.5e-10,1.5e-10,0.0606,34300000000.0,1710000000.0,11.75,-78.42
2.6e-05,1.3e-05,7e-13,3.5e-10,2e-10,0.0606,34300000000.0,1710000000.0,11.74,-78.56
2.6e-05,1.3e-05,7e-13,4.5e-10,1e-10,0.0606,31400000000.0,1540000000.0,12.05,-76.82
2.6e-05,1.3e-05,7e-13,4.5e-10,5e-11,0.0606,31400000000.0,1550000000.0,12.06,-80.52
2.6e-05,1.3e-05,7e-13,4.5e-10,1.5e-10,0.0606,31400000000.0,1540000000.0,12.05,-77.11
2.6e-05,1.3e-05,7e-13,4.5e-10,2.5e-10,0.0606,31400000000.0,1550000000.0,12.05,-77.01
2.6e-05,1.3e-05,7e-13,5e-10,1e-10,0.0606,30300000000.0,1500000000.0,12.14,-76.55
2.6e-05,1.3e-05,7e-13,5e-10,1.5e-10,0.0606,30300000000.0,1490000000.0,12.13,-76.67
2.6e-05,1.3e-05,7e-13,5e-10,2e-10,0.0606,30300000000.0,1510000000.0,12.13,-76.38
2.6e-05,1.4e-05,5e-13,4e-10,1e-10,0.0606,32500000000.0,1640000000.0,11.91,-77.53
2.6e-05,1.4e-05,5e-13,4e-10,5e-11,0.0606,32500000000.0,1640000000.0,11.91,-77.63
2.6e-05,1.4e-05,5e-13,4e-10,1.5e-10,0.0606,32500000000.0,1630000000.0,11.91,-77.68
2.6e-05,1.4e-05,5e-13,4e-10,2e-10,0.0606,32500000000.0,1640000000.0,11.9,-77.51
2.6e-05,1.4e-05,5e-13,4e-10,2.5e-10,0.0606,32500000000.0,1640000000.0,11.91,-77.68
2.6e-05,1.4e-05,5e-13,3e-10,1e-10,0.0606,36200000000.0,1870000000.0,11.42,-79.57
2.6e-05,1.4e-05,5e-13,3e-10,5e-11,0.0606,36200000000.0,1880000000.0,11.42,-78.89
2.6e-05,1.4e-05,5e-13,3e-10,1.5e-10,0.0606,36200000000.0,1870000000.0,11.42,-79.46
2.6e-05,1.4e-05,5e-13,3e-10,2e-10,0.0606,36200000000.0,1870000000.0,11.42,-79.51
2.6e-05,1.4e-05,5e-13,3e-10,2.5e-10,0.0606,36200000000.0,1870000000.0,11.42,-79.04
2.6e-05,1.4e-05,5e-13,3.5e-10,1e-10,0.0606,34200000000.0,1730000000.0,11.72,-78.53
2.6e-05,1.4e-05,5e-13,3.5e-10,5e-11,0.0606,34200000000.0,1730000000.0,11.72,-78.35
2.6e-05,1.4e-05,5e-13,3.5e-10,1.5e-10,0.0606,34200000000.0,1730000000.0,11.72,-78.52
2.6e-05,1.4e-05,5e-13,3.5e-10,2e-10,0.0606,34200000000.0,1730000000.0,11.72,-78.97
2.6e-05,1.4e-05,5e-13,4.5e-10,1e-10,0.0606,31200000000.0,1570000000.0,12.03,-76.96
2.6e-05,1.4e-05,5e-13,4.5e-10,5e-11,0.0606,31200000000.0,1570000000.0,12.03,-77.13
2.6e-05,1.4e-05,5e-13,4.5e-10,1.5e-10,0.0606,31200000000.0,1580000000.0,12.03,-76.9
2.6e-05,1.4e-05,5e-13,4.5e-10,2e-10,0.0606,31200000000.0,1570000000.0,12.02,-76.86
2.6e-05,1.4e-05,5e-13,4.5e-10,2.5e-10,0.0606,31200000000.0,1570000000.0,12.03,-77.01
2.6e-05,1.4e-05,5e-13,5e-10,1e-10,0.0606,30200000000.0,1520000000.0,12.1,-76.28
2.6e-05,1.4e-05,5e-13,5e-10,5e-11,0.0606,30200000000.0,1520000000.0,12.11,-76.33
2.6e-05,1.4e-05,5e-13,5e-10,1.5e-10,0.0606,30200000000.0,1520000000.0,12.11,-76.42
2.6e-05,1.4e-05,5e-13,5e-10,2.5e-10,0.0606,30200000000.0,1540000000.0,12.11,-76.47
2.6e-05,1.4e-05,3e-13,4e-10,1e-10,0.0606,32500000000.0,1640000000.0,11.9,-77.47
2.6e-05,1.4e-05,3e-13,4e-10,5e-11,0.0606,32600000000.0,1640000000.0,11.9,-77.56
2.6e-05,1.4e-05,3e-13,4e-10,1.5e-10,0.0606,32500000000.0,1640000000.0,11.9,-77.49
2.6e-05,1.4e-05,3e-13,4e-10,2e-10,0.0606,32600000000.0,1640000000.0,11.9,-77.62
2.6e-05,1.4e-05,3e-13,4e-10,2.5e-10,0.0606,32600000000.0,1640000000.0,11.9,-77.48
2.6e-05,1.4e-05,3e-13,3e-10,1e-10,0.0606,36200000000.0,1880000000.0,11.42,-79.48
2.6e-05,1.4e-05,3e-13,3e-10,5e-11,0.0606,36200000000.0,1870000000.0,11.42,-79.47
2.6e-05,1.4e-05,3e-13,3e-10,1.5e-10,0.0606,36200000000.0,1870000000.0,11.42,-79.54
2.6e-05,1.4e-05,3e-13,3e-10,2e-10,0.0606,36200000000.0,1880000000.0,11.42,-79.38
2.6e-05,1.4e-05,3e-13,3e-10,2.5e-10,0.0606,36200000000.0,1870000000.0,11.42,-79.4
2.6e-05,1.4e-05,3e-13,3.5e-10,1e-10,0.0606,34200000000.0,1730000000.0,11.72,-78.36
2.6e-05,1.4e-05,3e-13,3.5e-10,5e-11,0.0606,34200000000.0,1730000000.0,11.72,-78.55
2.6e-05,1.4e-05,3e-13,3.5e-10,1.5e-10,0.0606,34200000000.0,1730000000.0,11.72,-78.46
2.6e-05,1.4e-05,3e-13,3.5e-10,2.5e-10,0.0606,34200000000.0,1730000000.0,11.72,-78.54
2.6e-05,1.4e-05,3e-13,4.5e-10,5e-11,0.0606,31300000000.0,1570000000.0,12.02,-76.92
2.6e-05,1.4e-05,3e-13,4.5e-10,2e-10,0.0606,31300000000.0,1570000000.0,12.02,-76.99
2.6e-05,1.4e-05,3e-13,4.5e-10,2.5e-10,0.0606,31300000000.0,1570000000.0,12.02,-76.82
2.6e-05,1.4e-05,3e-13,5e-10,1e-10,0.0606,30200000000.0,1520000000.0,12.1,-76.35
2.6e-05,1.4e-05,3e-13,5e-10,5e-11,0.0606,30200000000.0,1530000000.0,12.1,-76.5
2.6e-05,1.4e-05,3e-13,5e-10,1.5e-10,0.0606,30200000000.0,1540000000.0,12.11,-76.37
2.6e-05,1.4e-05,3e-13,5e-10,2e-10,0.0606,30200000000.0,1540000000.0,12.11,-76.17
2.6e-05,1.4e-05,3e-13,5e-10,2.5e-10,0.0606,30200000000.0,1540000000.0,12.11,-76.33
2.6e-05,1.4e-05,4e-13,4e-10,1e-10,0.0606,32500000000.0,1640000000.0,11.91,-77.54
2.6e-05,1.4e-05,4e-13,4e-10,5e-11,0.0606,32500000000.0,1640000000.0,11.91,-77.57
2.6e-05,1.4e-05,4e-13,4e-10,1.5e-10,0.0606,32600000000.0,1630000000.0,11.9,-77.6
2.6e-05,1.4e-05,4e-13,4e-10,2e-10,0.0606,32600000000.0,1640000000.0,11.91,-77.66
2.6e-05,1.4e-05,4e-13,4e-10,2.5e-10,0.0606,32500000000.0,1640000000.0,11.91,-77.55
2.6e-05,1.4e-05,4e-13,3e-10,5e-11,0.0606,36200000000.0,1870000000.0,11.42,-79.37
2.6e-05,1.4e-05,4e-13,3e-10,1.5e-10,0.0606,36200000000.0,1870000000.0,11.42,-79.36
2.6e-05,1.4e-05,4e-13,3e-10,2e-10,0.0606,36200000000.0,1870000000.0,11.42,-79.38
2.6e-05,1.4e-05,4e-13,3e-10,2.5e-10,0.0606,36200000000.0,1870000000.0,11.42,-79.5
2.6e-05,1.4e-05,4e-13,3.5e-10,1e-10,0.0606,34200000000.0,1730000000.0,11.72,-78.38
2.6e-05,1.4e-05,4e-13,3.5e-10,5e-11,0.0606,34200000000.0,1730000000.0,11.72,-78.31
2.6e-05,1.4e-05,4e-13,3.5e-10,1.5e-10,0.0606,34200000000.0,1730000000.0,11.72,-78.62
2.6e-05,1.4e-05,4e-13,3.5e-10,2e-10,0.0606,34200000000.0,1730000000.0,11.72,-78.47
2.6e-05,1.4e-05,4e-13,4.5e-10,5e-11,0.0606,31200000000.0,1570000000.0,12.02,-77.12
2.6e-05,1.4e-05,4e-13,4.5e-10,1.5e-10,0.0606,31200000000.0,1580000000.0,12.03,-76.83
2.6e-05,1.4e-05,4e-13,4.5e-10,2e-10,0.0606,31200000000.0,1570000000.0,12.03,-77.12
2.6e-05,1.4e-05,4e-13,4.5e-10,2.5e-10,0.0606,31200000000.0,1580000000.0,12.03,-76.91
2.6e-05,1.4e-05,4e-13,5e-10,5e-11,0.0606,30200000000.0,1520000000.0,12.11,-76.45
2.6e-05,1.4e-05,4e-13,5e-10,2.5e-10,0.0606,30200000000.0,1530000000.0,12.1,-76.28
2.6e-05,1.4e-05,6e-13,4e-10,1e-10,0.0606,32500000000.0,1630000000.0,11.91,-77.71
2.6e-05,1.4e-05,6e-13,4e-10,1.5e-10,0.0606,32500000000.0,1640000000.0,11.91,-77.29
2.6e-05,1.4e-05,6e-13,4e-10,2e-10,0.0606,32500000000.0,1630000000.0,11.91,-77.47
2.6e-05,1.4e-05,6e-13,4e-10,2.5e-10,0.0606,32500000000.0,1630000000.0,11.91,-77.74
2.6e-05,1.4e-05,6e-13,3e-10,1e-10,0.0606,36200000000.0,1870000000.0,11.42,-76.21
2.6e-05,1.4e-05,6e-13,3e-10,5e-11,0.0606,36200000000.0,1880000000.0,11.42,-79.5
2.6e-05,1.4e-05,6e-13,3e-10,1.5e-10,0.0606,36200000000.0,1870000000.0,11.42,-79.43
2.6e-05,1.4e-05,6e-13,3e-10,2.5e-10,0.0606,36200000000.0,1870000000.0,11.42,-79.44
2.6e-05,1.4e-05,6e-13,3.5e-10,2.5e-10,0.0606,34200000000.0,1730000000.0,11.72,-78.59
2.6e-05,1.4e-05,6e-13,4.5e-10,1e-10,0.0606,31200000000.0,1570000000.0,12.02,-76.83
2.6e-05,1.4e-05,6e-13,4.5e-10,2e-10,0.0606,31200000000.0,1580000000.0,12.03,-76.96
2.6e-05,1.4e-05,6e-13,4.5e-10,2.5e-10,0.0606,31200000000.0,1570000000.0,12.03,-76.99
2.6e-05,1.4e-05,6e-13,5e-10,1e-10,0.0606,30200000000.0,1520000000.0,12.11,-76.44
2.6e-05,1.4e-05,6e-13,5e-10,5e-11,0.0606,30200000000.0,1540000000.0,12.11,-76.46
2.6e-05,1.4e-05,6e-13,5e-10,1.5e-10,0.0606,30200000000.0,1530000000.0,12.1,-76.3
2.6e-05,1.4e-05,6e-13,5e-10,2e-10,0.0606,30200000000.0,1520000000.0,12.11,-75.98
2.6e-05,1.4e-05,7e-13,4e-10,1e-10,0.0606,32500000000.0,1630000000.0,11.91,-77.63
2.6e-05,1.4e-05,7e-13,4e-10,5e-11,0.0606,32500000000.0,1630000000.0,11.91,-77.66
2.6e-05,1.4e-05,7e-13,4e-10,1.5e-10,0.0606,32500000000.0,1640000000.0,11.91,-77.47
2.6e-05,1.4e-05,7e-13,4e-10,2e-10,0.0606,32500000000.0,1640000000.0,11.91,-77.48
2.6e-05,1.4e-05,7e-13,3e-10,1e-10,0.0606,36200000000.0,1870000000.0,11.42,-79.48
2.6e-05,1.4e-05,7e-13,3e-10,5e-11,0.0606,36200000000.0,1880000000.0,11.42,-79.47
2.6e-05,1.4e-05,7e-13,3e-10,1.5e-10,0.0606,36200000000.0,1870000000.0,11.42,-79.39
2.6e-05,1.4e-05,7e-13,3e-10,2e-10,0.0606,36200000000.0,1870000000.0,11.42,-79.58
2.6e-05,1.4e-05,7e-13,3e-10,2.5e-10,0.0606,36200000000.0,1880000000.0,11.42,-79.57
2.6e-05,1.4e-05,7e-13,3.5e-10,1e-10,0.0606,34200000000.0,1730000000.0,11.72,-78.32
2.6e-05,1.4e-05,7e-13,3.5e-10,2e-10,0.0606,34200000000.0,1730000000.0,11.72,-78.41
2.6e-05,1.4e-05,7e-13,4.5e-10,1e-10,0.0606,31200000000.0,1570000000.0,12.03,-76.66
2.6e-05,1.4e-05,7e-13,4.5e-10,5e-11,0.0606,31200000000.0,1570000000.0,12.02,-76.85
2.6e-05,1.4e-05,7e-13,4.5e-10,1.5e-10,0.0606,31200000000.0,1570000000.0,12.03,-77.03
2.6e-05,1.4e-05,7e-13,4.5e-10,2.5e-10,0.0606,31200000000.0,1580000000.0,12.03,-77.02
2.6e-05,1.4e-05,7e-13,5e-10,1e-10,0.0606,30200000000.0,1530000000.0,12.11,-76.47
2.6e-05,1.4e-05,7e-13,5e-10,5e-11,0.0606,30200000000.0,1520000000.0,12.11,-76.34
2.6e-05,1.4e-05,7e-13,5e-10,2e-10,0.0606,30200000000.0,1540000000.0,12.11,-76.4
2.6e-05,1.4e-05,7e-13,5e-10,2.5e-10,0.0606,30200000000.0,1520000000.0,12.11,-76.49
2.6e-05,1.5e-05,5e-13,4e-10,1e-10,0.0606,32400000000.0,1650000000.0,11.88,-77.6
2.6e-05,1.5e-05,5e-13,4e-10,5e-11,0.0606,32400000000.0,1650000000.0,11.88,-77.47
2.6e-05,1.5e-05,5e-13,4e-10,1.5e-10,0.0606,32400000000.0,1650000000.0,11.88,-77.65
2.6e-05,1.5e-05,5e-13,4e-10,2e-10,0.0606,32400000000.0,1650000000.0,11.87,-77.47
2.6e-05,1.5e-05,5e-13,4e-10,2.5e-10,0.0606,32400000000.0,1650000000.0,11.88,-77.41
2.6e-05,1.5e-05,5e-13,3e-10,1e-10,0.0606,36000000000.0,1890000000.0,11.39,-78.88
2.6e-05,1.5e-05,5e-13,3e-10,5e-11,0.0606,36000000000.0,1880000000.0,11.39,-73.08
2.6e-05,1.5e-05,5e-13,3e-10,1.5e-10,0.0606,36000000000.0,1870000000.0,11.39,-79.07
2.6e-05,1.5e-05,5e-13,3e-10,2e-10,0.0606,36000000000.0,1880000000.0,11.39,-79.28
2.6e-05,1.5e-05,5e-13,3e-10,2.5e-10,0.0606,36000000000.0,1890000000.0,11.39,-79.32
2.6e-05,1.5e-05,5e-13,3.5e-10,1e-10,0.0606,34000000000.0,1740000000.0,11.69,-78.39
2.6e-05,1.5e-05,5e-13,3.5e-10,5e-11,0.0606,34000000000.0,1740000000.0,11.69,-78.37
2.6e-05,1.5e-05,5e-13,3.5e-10,1.5e-10,0.0606,34000000000.0,1740000000.0,11.69,-78.36
2.6e-05,1.5e-05,5e-13,3.5e-10,2e-10,0.0606,34000000000.0,1740000000.0,11.69,-78.38
2.6e-05,1.5e-05,5e-13,3.5e-10,2.5e-10,0.0606,34000000000.0,1740000000.0,11.69,-78.16
2.6e-05,1.5e-05,5e-13,4.5e-10,1e-10,0.0606,31100000000.0,1590000000.0,12.0,-76.98
2.6e-05,1.5e-05,5e-13,4.5e-10,5e-11,0.0606,31100000000.0,1590000000.0,12.0,-76.96
2.6e-05,1.5e-05,5e-13,4.5e-10,1.5e-10,0.0606,31100000000.0,1580000000.0,12.0,-76.93
2.6e-05,1.5e-05,5e-13,4.5e-10,2e-10,0.0606,31100000000.0,1590000000.0,12.0,-76.8
2.6e-05,1.5e-05,5e-13,4.5e-10,2.5e-10,0.0606,31100000000.0,1590000000.0,12.0,-73.64
2.6e-05,1.5e-05,5e-13,5e-10,1e-10,0.0606,30000000000.0,1550000000.0,12.08,-76.23
2.6e-05,1.5e-05,5e-13,5e-10,5e-11,0.0606,30000000000.0,1530000000.0,12.08,-76.25
2.6e-05,1.5e-05,5e-13,5e-10,1.5e-10,0.0606,30000000000.0,1530000000.0,12.08,-76.3
2.6e-05,1.5e-05,5e-13,5e-10,2.5e-10,0.0606,30000000000.0,1550000000.0,12.08,-76.11
2.6e-05,1.5e-05,3e-13,4e-10,1e-10,0.0606,32400000000.0,1660000000.0,11.88,-77.38
2.6e-05,1.5e-05,3e-13,4e-10,5e-11,0.0606,32400000000.0,1650000000.0,11.88,-77.22
2.6e-05,1.5e-05,3e-13,4e-10,1.5e-10,0.0606,32400000000.0,1660000000.0,11.88,-77.48
2.6e-05,1.5e-05,3e-13,4e-10,2e-10,0.0606,32400000000.0,1650000000.0,11.88,-77.63
2.6e-05,1.5e-05,3e-13,4e-10,2.5e-10,0.0606,32400000000.0,1650000000.0,11.88,-77.55
2.6e-05,1.5e-05,3e-13,3e-10,1e-10,0.0606,36000000000.0,1880000000.0,11.39,-79.34
2.6e-05,1.5e-05,3e-13,3e-10,5e-11,0.0606,36000000000.0,1900000000.0,11.39,-79.44
2.6e-05,1.5e-05,3e-13,3e-10,1.5e-10,0.0606,36000000000.0,1890000000.0,11.39,-79.13
2.6e-05,1.5e-05,3e-13,3e-10,2e-10,0.0606,36000000000.0,1880000000.0,11.39,-79.33
2.6e-05,1.5e-05,3e-13,3e-10,2.5e-10,0.0606,36000000000.0,1880000000.0,11.39,-79.2
2.6e-05,1.5e-05,3e-13,3.5e-10,1e-10,0.0606,34000000000.0,1740000000.0,11.69,-78.17
2.6e-05,1.5e-05,3e-13,3.5e-10,5e-11,0.0606,34000000000.0,1740000000.0,11.69,-78.3
2.6e-05,1.5e-05,3e-13,3.5e-10,1.5e-10,0.0606,34000000000.0,1750000000.0,11.69,-78.36
2.6e-05,1.5e-05,3e-13,3.5e-10,2e-10,0.0606,34000000000.0,1750000000.0,11.69,-78.22
2.6e-05,1.5e-05,3e-13,3.5e-10,2.5e-10,0.0606,34000000000.0,1740000000.0,11.69,-78.23
2.6e-05,1.5e-05,3e-13,4.5e-10,1e-10,0.0606,31100000000.0,1590000000.0,12.0,-76.95
2.6e-05,1.5e-05,3e-13,4.5e-10,5e-11,0.0606,31100000000.0,1600000000.0,11.99,-76.56
2.6e-05,1.5e-05,3e-13,4.5e-10,1.5e-10,0.0606,31100000000.0,1590000000.0,11.99,-76.91
2.6e-05,1.5e-05,3e-13,4.5e-10,2e-10,0.0606,31100000000.0,1590000000.0,12.0,-76.94
2.6e-05,1.5e-05,3e-13,4.5e-10,2.5e-10,0.0606,31100000000.0,1590000000.0,11.99,-76.8
2.6e-05,1.5e-05,3e-13,5e-10,1e-10,0.0606,30000000000.0,1550000000.0,12.07,-76.24
2.6e-05,1.5e-05,3e-13,5e-10,5e-11,0.0606,30000000000.0,1530000000.0,12.08,-76.37
2.6e-05,1.5e-05,3e-13,5e-10,1.5e-10,0.0606,30000000000.0,1550000000.0,12.07,-76.2
2.6e-05,1.5e-05,3e-13,5e-10,2e-10,0.0606,30000000000.0,1540000000.0,12.07,-76.27
2.6e-05,1.5e-05,3e-13,5e-10,2.5e-10,0.0606,30000000000.0,1550000000.0,12.08,-76.29
2.6e-05,1.5e-05,4e-13,4e-10,1e-10,0.0606,32400000000.0,1650000000.0,11.88,-77.39
2.6e-05,1.5e-05,4e-13,4e-10,1.5e-10,0.0606,32400000000.0,1650000000.0,11.88,-77.5
2.6e-05,1.5e-05,4e-13,4e-10,2e-10,0.0606,32400000000.0,1650000000.0,11.87,-77.46
2.6e-05,1.5e-05,4e-13,4e-10,2.5e-10,0.0606,32400000000.0,1650000000.0,11.87,-77.43
2.6e-05,1.5e-05,4e-13,3e-10,1e-10,0.0606,36000000000.0,1890000000.0,11.39,-79.34
2.6e-05,1.5e-05,4e-13,3e-10,5e-11,0.0606,36000000000.0,1880000000.0,11.39,-79.32
2.6e-05,1.5e-05,4e-13,3e-10,1.5e-10,0.0606,36000000000.0,1890000000.0,11.39,-73.2
2.6e-05,1.5e-05,4e-13,3e-10,2e-10,0.0606,36000000000.0,1890000000.0,11.39,-79.35
2.6e-05,1.5e-05,4e-13,3e-10,2.5e-10,0.0606,36000000000.0,1880000000.0,11.39,-79.41
2.6e-05,1.5e-05,4e-13,3.5e-10,1e-10,0.0606,34000000000.0,1750000000.0,11.69,-78.23
2.6e-05,1.5e-05,4e-13,3.5e-10,5e-11,0.0606,34000000000.0,1740000000.0,11.69,-78.22
2.6e-05,1.5e-05,4e-13,3.5e-10,1.5e-10,0.0606,34000000000.0,1740000000.0,11.69,-78.42
2.6e-05,1.5e-05,4e-13,3.5e-10,2e-10,0.0606,34000000000.0,1740000000.0,11.69,-78.29
2.6e-05,1.5e-05,4e-13,3.5e-10,2.5e-10,0.0606,34000000000.0,1740000000.0,11.69,-78.45
2.6e-05,1.5e-05,4e-13,4.5e-10,1e-10,0.0606,31100000000.0,1590000000.0,12.0,-76.89
2.6e-05,1.5e-05,4e-13,4.5e-10,5e-11,0.0606,31100000000.0,1590000000.0,11.99,-76.77
2.6e-05,1.5e-05,4e-13,4.5e-10,1.5e-10,0.0606,31100000000.0,1590000000.0,12.0,-76.77
2.6e-05,1.5e-05,4e-13,4.5e-10,2e-10,0.0606,31100000000.0,1590000000.0,12.0,-76.92
2.6e-05,1.5e-05,4e-13,4.5e-10,2.5e-10,0.0606,31100000000.0,1580000000.0,12.0,-76.86
2.6e-05,1.5e-05,4e-13,5e-10,1e-10,0.0606,30000000000.0,1550000000.0,12.08,-76.24
2.6e-05,1.5e-05,4e-13,5e-10,5e-11,0.0606,30000000000.0,1550000000.0,12.08,-76.2
2.6e-05,1.5e-05,4e-13,5e-10,1.5e-10,0.0606,30000000000.0,1540000000.0,12.08,-76.41
2.6e-05,1.5e-05,4e-13,5e-10,2.5e-10,0.0606,30000000000.0,1550000000.0,12.08,-76.21
2.6e-05,1.5e-05,6e-13,4e-10,2e-10,0.0606,32400000000.0,1650000000.0,11.88,-77.45
2.6e-05,1.5e-05,6e-13,3e-10,1e-10,0.0606,36000000000.0,1890000000.0,11.39,-79.36
2.6e-05,1.5e-05,6e-13,3e-10,2e-10,0.0606,36000000000.0,1890000000.0,11.39,-79.45
2.6e-05,1.5e-05,6e-13,3e-10,2.5e-10,0.0606,36000000000.0,1890000000.0,11.39,-79.52
2.6e-05,1.5e-05,6e-13,3.5e-10,1e-10,0.0606,34000000000.0,1740000000.0,11.69,-78.41
2.6e-05,1.5e-05,6e-13,3.5e-10,5e-11,0.0606,34000000000.0,1740000000.0,11.69,-78.4
2.6e-05,1.5e-05,6e-13,3.5e-10,1.5e-10,0.0606,34000000000.0,1740000000.0,11.69,-78.21
2.6e-05,1.5e-05,6e-13,3.5e-10,2.5e-10,0.0606,34000000000.0,1740000000.0,11.69,-78.11
2.6e-05,1.5e-05,6e-13,4.5e-10,5e-11,0.0606,31100000000.0,1580000000.0,12.0,-76.81
2.6e-05,1.5e-05,6e-13,4.5e-10,2.5e-10,0.0606,31100000000.0,1590000000.0,12.0,-76.9
2.6e-05,1.5e-05,6e-13,5e-10,1e-10,0.0606,30000000000.0,1540000000.0,12.08,-76.44
2.6e-05,1.5e-05,6e-13,5e-10,5e-11,0.0606,30000000000.0,1530000000.0,12.08,-76.19
2.6e-05,1.5e-05,6e-13,5e-10,2e-10,0.0606,30000000000.0,1540000000.0,12.08,-75.98
2.6e-05,1.5e-05,7e-13,4e-10,5e-11,0.0606,32400000000.0,1650000000.0,11.88,-77.59
2.6e-05,1.5e-05,7e-13,4e-10,1.5e-10,0.0606,32400000000.0,1650000000.0,11.88,-77.44
2.6e-05,1.5e-05,7e-13,4e-10,2.5e-10,0.0606,32400000000.0,1650000000.0,11.88,-77.61
2.6e-05,1.5e-05,7e-13,3e-10,5e-11,0.0606,36000000000.0,1890000000.0,11.39,-79.42
2.6e-05,1.5e-05,7e-13,3e-10,1.5e-10,0.0606,36000000000.0,1890000000.0,11.39,-79.47
2.6e-05,1.5e-05,7e-13,3e-10,2e-10,0.0606,36000000000.0,1880000000.0,11.39,-79.89
2.6e-05,1.5e-05,7e-13,3e-10,2.5e-10,0.0606,36000000000.0,1880000000.0,11.39,-79.38
2.6e-05,1.5e-05,7e-13,4.5e-10,1e-10,0.0606,31100000000.0,1580000000.0,12.0,-76.95
2.6e-05,1.5e-05,7e-13,4.5e-10,5e-11,0.0606,31100000000.0,1590000000.0,12.0,-76.84
2.6e-05,1.5e-05,7e-13,4.5e-10,1.5e-10,0.0606,31100000000.0,1580000000.0,12.0,-77.03
2.6e-05,1.5e-05,7e-13,4.5e-10,2e-10,0.0606,31100000000.0,1590000000.0,12.0,-76.7
2.6e-05,1.5e-05,7e-13,4.5e-10,2.5e-10,0.0606,31100000000.0,1580000000.0,11.99,-76.83
2.6e-05,1.5e-05,7e-13,5e-10,1e-10,0.0606,30000000000.0,1540000000.0,12.08,-76.0
2.6e-05,1.5e-05,7e-13,5e-10,5e-11,0.0606,30000000000.0,1550000000.0,12.08,-76.12
2.6e-05,1.5e-05,7e-13,5e-10,1.5e-10,0.0606,30000000000.0,1540000000.0,12.08,-76.24
2.6e-05,1.6e-05,5e-13,4e-10,1e-10,0.0606,32200000000.0,1660000000.0,11.84,-77.3
2.6e-05,1.6e-05,5e-13,4e-10,5e-11,0.0606,32200000000.0,1650000000.0,11.84,-77.43
2.6e-05,1.6e-05,5e-13,4e-10,1.5e-10,0.0606,32200000000.0,1650000000.0,11.84,-77.38
2.6e-05,1.6e-05,5e-13,4e-10,2e-10,0.0606,32200000000.0,1650000000.0,11.84,-77.4
2.6e-05,1.6e-05,5e-13,4e-10,2.5e-10,0.0606,32200000000.0,1650000000.0,11.84,-77.63
2.6e-05,1.6e-05,5e-13,3e-10,1e-10,0.0606,35900000000.0,1880000000.0,11.36,-79.17
2.6e-05,1.6e-05,5e-13,3e-10,5e-11,0.0606,35900000000.0,1890000000.0,11.36,-79.3
2.6e-05,1.6e-05,5e-13,3e-10,1.5e-10,0.0606,35900000000.0,1890000000.0,11.36,-79.84
2.6e-05,1.6e-05,5e-13,3e-10,2e-10,0.0606,35900000000.0,1890000000.0,11.36,-79.11
2.6e-05,1.6e-05,5e-13,3e-10,2.5e-10,0.0606,35900000000.0,1880000000.0,11.36,-79.13
2.6e-05,1.6e-05,5e-13,3.5e-10,1e-10,0.0606,33800000000.0,1740000000.0,11.66,-78.26
2.6e-05,1.6e-05,5e-13,3.5e-10,5e-11,0.0606,33800000000.0,1740000000.0,11.66,-78.27
2.6e-05,1.6e-05,5e-13,3.5e-10,1.5e-10,0.0606,33800000000.0,1750000000.0,11.66,-78.26
2.6e-05,1.6e-05,5e-13,3.5e-10,2e-10,0.0606,33800000000.0,1750000000.0,11.66,-77.78
2.6e-05,1.6e-05,5e-13,3.5e-10,2.5e-10,0.0606,33800000000.0,1750000000.0,11.66,-78.32
2.6e-05,1.6e-05,5e-13,4.5e-10,1e-10,0.0606,30900000000.0,1590000000.0,11.96,-76.73
2.6e-05,1.6e-05,5e-13,4.5e-10,5e-11,0.0606,30900000000.0,1600000000.0,11.96,-76.69
2.6e-05,1.6e-05,5e-13,4.5e-10,1.5e-10,0.0606,30900000000.0,1590000000.0,11.96,-76.83
2.6e-05,1.6e-05,5e-13,4.5e-10,2e-10,0.0606,30900000000.0,1590000000.0,11.96,-76.66
2.6e-05,1.6e-05,5e-13,4.5e-10,2.5e-10,0.0606,30900000000.0,1590000000.0,11.96,-76.68
2.6e-05,1.6e-05,5e-13,5e-10,1e-10,0.0606,29900000000.0,1550000000.0,12.05,-76.25
2.6e-05,1.6e-05,5e-13,5e-10,5e-11,0.0606,29900000000.0,1550000000.0,12.05,-76.07
2.6e-05,1.6e-05,5e-13,5e-10,1.5e-10,0.0606,29900000000.0,1550000000.0,12.04,-76.15
2.6e-05,1.6e-05,5e-13,5e-10,2e-10,0.0606,29900000000.0,1540000000.0,12.04,-76.23
2.6e-05,1.6e-05,5e-13,5e-10,2.5e-10,0.0606,29900000000.0,1540000000.0,12.04,-76.28
2.6e-05,1.6e-05,3e-13,4e-10,1e-10,0.0606,32200000000.0,1650000000.0,11.84,-77.53
2.6e-05,1.6e-05,3e-13,4e-10,5e-11,0.0606,32200000000.0,1650000000.0,11.84,-77.46
2.6e-05,1.6e-05,3e-13,4e-10,1.5e-10,0.0606,32200000000.0,1660000000.0,11.85,-77.57
2.6e-05,1.6e-05,3e-13,4e-10,2.5e-10,0.0606,32200000000.0,1650000000.0,11.85,-77.51
2.6e-05,1.6e-05,3e-13,3e-10,1e-10,0.0606,35900000000.0,1890000000.0,11.36,-79.08
2.6e-05,1.6e-05,3e-13,3e-10,5e-11,0.0606,35900000000.0,1880000000.0,11.36,-79.24
2.6e-05,1.6e-05,3e-13,3e-10,1.5e-10,0.0606,35900000000.0,1890000000.0,11.36,-79.05
2.6e-05,1.6e-05,3e-13,3e-10,2e-10,0.0606,35900000000.0,1890000000.0,11.36,-79.19
2.6e-05,1.6e-05,3e-13,3e-10,2.5e-10,0.0606,35900000000.0,1890000000.0,11.36,-79.24
2.6e-05,1.6e-05,3e-13,3.5e-10,1e-10,0.0606,33800000000.0,1750000000.0,11.66,-78.07
2.6e-05,1.6e-05,3e-13,3.5e-10,1.5e-10,0.0606,33800000000.0,1750000000.0,11.66,-78.12
2.6e-05,1.6e-05,3e-13,3.5e-10,2e-10,0.0606,33800000000.0,1740000000.0,11.66,-78.24
2.6e-05,1.6e-05,3e-13,3.5e-10,2.5e-10,0.0606,33800000000.0,1750000000.0,11.66,-78.19
2.6e-05,1.6e-05,3e-13,4.5e-10,1e-10,0.0606,31000000000.0,1600000000.0,11.96,-76.71
2.6e-05,1.6e-05,3e-13,4.5e-10,5e-11,0.0606,30900000000.0,1600000000.0,11.96,-76.68
2.6e-05,1.6e-05,3e-13,4.5e-10,1.5e-10,0.0606,31000000000.0,1590000000.0,11.96,-76.7
2.6e-05,1.6e-05,3e-13,4.5e-10,2e-10,0.0606,30900000000.0,1590000000.0,11.96,-76.8
2.6e-05,1.6e-05,3e-13,4.5e-10,2.5e-10,0.0606,30900000000.0,1590000000.0,11.97,-76.76
2.6e-05,1.6e-05,3e-13,5e-10,1e-10,0.0606,29900000000.0,1540000000.0,12.05,-76.31
2.6e-05,1.6e-05,3e-13,5e-10,1.5e-10,0.0606,29900000000.0,1550000000.0,12.05,-76.21
2.6e-05,1.6e-05,3e-13,5e-10,2.5e-10,0.0606,29900000000.0,1550000000.0,12.04,-76.08
2.6e-05,1.6e-05,4e-13,4e-10,1e-10,0.0606,32200000000.0,1660000000.0,11.84,-77.32
2.6e-05,1.6e-05,4e-13,4e-10,5e-11,0.0606,32200000000.0,1650000000.0,11.84,-77.41
2.6e-05,1.6e-05,4e-13,4e-10,1.5e-10,0.0606,32200000000.0,1660000000.0,11.85,-77.58
2.6e-05,1.6e-05,4e-13,4e-10,2e-10,0.0606,32200000000.0,1650000000.0,11.85,-77.53
2.6e-05,1.6e-05,4e-13,4e-10,2.5e-10,0.0606,32200000000.0,1650000000.0,11.84,-77.45
2.6e-05,1.6e-05,4e-13,3e-10,1e-10,0.0606,35900000000.0,1890000000.0,11.36,-79.28
2.6e-05,1.6e-05,4e-13,3e-10,5e-11,0.0606,35900000000.0,1880000000.0,11.36,-79.06
2.6e-05,1.6e-05,4e-13,3e-10,1.5e-10,0.0606,35900000000.0,1880000000.0,11.36,-79.22
2.6e-05,1.6e-05,4e-13,3e-10,2e-10,0.0606,35900000000.0,1890000000.0,11.36,-79.16
2.6e-05,1.6e-05,4e-13,3e-10,2.5e-10,0.0606,35900000000.0,1880000000.0,11.36,-79.3
2.6e-05,1.6e-05,4e-13,3.5e-10,1e-10,0.0606,33800000000.0,1750000000.0,11.66,-78.22
2.6e-05,1.6e-05,4e-13,3.5e-10,1.5e-10,0.0606,33800000000.0,1740000000.0,11.66,-78.31
2.6e-05,1.6e-05,4e-13,4.5e-10,1e-10,0.0606,30900000000.0,1590000000.0,11.96,-76.94
2.6e-05,1.6e-05,4e-13,4.5e-10,5e-11,0.0606,30900000000.0,1590000000.0,11.96,-76.86
2.6e-05,1.6e-05,4e-13,4.5e-10,1.5e-10,0.0606,30900000000.0,1590000000.0,11.96,-76.88
2.6e-05,1.6e-05,4e-13,4.5e-10,2e-10,0.0606,30900000000.0,1600000000.0,11.97,-76.78
2.6e-05,1.6e-05,4e-13,5e-10,1e-10,0.0606,29900000000.0,1550000000.0,12.04,-76.16
2.6e-05,1.6e-05,4e-13,5e-10,1.5e-10,0.0606,29900000000.0,1550000000.0,12.04,-76.14
2.6e-05,1.6e-05,4e-13,5e-10,2e-10,0.0606,29900000000.0,1540000000.0,12.05,-76.35
2.6e-05,1.6e-05,6e-13,4e-10,1e-10,0.0606,32200000000.0,1650000000.0,11.84,-77.33
2.6e-05,1.6e-05,6e-13,4e-10,5e-11,0.0606,32200000000.0,1650000000.0,11.84,-77.44
2.6e-05,1.6e-05,6e-13,4e-10,1.5e-10,0.0606,32200000000.0,1650000000.0,11.85,-77.35
2.6e-05,1.6e-05,6e-13,4e-10,2e-10,0.0606,32200000000.0,1650000000.0,11.84,-77.25
2.6e-05,1.6e-05,6e-13,3e-10,1e-10,0.0606,35900000000.0,1890000000.0,11.36,-80.04
2.6e-05,1.6e-05,6e-13,3e-10,5e-11,0.0606,35900000000.0,1880000000.0,11.36,-73.88
2.6e-05,1.6e-05,6e-13,3e-10,2e-10,0.0606,35900000000.0,1900000000.0,11.36,-79.71
2.6e-05,1.6e-05,6e-13,3e-10,2.5e-10,0.0606,35900000000.0,1900000000.0,11.36,-79.3
2.6e-05,1.6e-05,6e-13,3.5e-10,1e-10,0.0606,33800000000.0,1750000000.0,11.66,-78.15
2.6e-05,1.6e-05,6e-13,3.5e-10,5e-11,0.0606,33800000000.0,1740000000.0,11.66,-78.32
2.6e-05,1.6e-05,6e-13,3.5e-10,2e-10,0.0606,33800000000.0,1740000000.0,11.66,-78.09
2.6e-05,1.6e-05,6e-13,3.5e-10,2.5e-10,0.0606,33800000000.0,1740000000.0,11.66,-78.29
2.6e-05,1.6e-05,6e-13,4.5e-10,5e-11,0.0606,30900000000.0,1590000000.0,11.96,-76.71
2.6e-05,1.6e-05,6e-13,4.5e-10,1.5e-10,0.0606,30900000000.0,1590000000.0,11.96,-76.7
2.6e-05,1.6e-05,6e-13,4.5e-10,2e-10,0.0606,30900000000.0,1590000000.0,11.97,-76.7
2.6e-05,1.6e-05,6e-13,4.5e-10,2.5e-10,0.0606,30900000000.0,1590000000.0,11.96,-76.69
2.6e-05,1.6e-05,6e-13,5e-10,5e-11,0.0606,29900000000.0,1550000000.0,12.05,-76.52
2.6e-05,1.6e-05,6e-13,5e-10,1.5e-10,0.0606,29900000000.0,1540000000.0,12.05,-76.42
2.6e-05,1.6e-05,6e-13,5e-10,2e-10,0.0606,29900000000.0,1550000000.0,12.04,-76.09
2.6e-05,1.6e-05,7e-13,4e-10,5e-11,0.0606,32200000000.0,1660000000.0,11.85,-77.34
2.6e-05,1.6e-05,7e-13,4e-10,1.5e-10,0.0606,32200000000.0,1660000000.0,11.85,-77.37
2.6e-05,1.6e-05,7e-13,4e-10,2e-10,0.0606,32200000000.0,1650000000.0,11.85,-77.49
2.6e-05,1.6e-05,7e-13,4e-10,2.5e-10,0.0606,32200000000.0,1650000000.0,11.84,-77.3
2.6e-05,1.6e-05,7e-13,3e-10,1e-10,0.0606,35900000000.0,1880000000.0,11.36,-79.07
2.6e-05,1.6e-05,7e-13,3e-10,5e-11,0.0606,35900000000.0,1890000000.0,11.36,-79.25
2.6e-05,1.6e-05,7e-13,3e-10,1.5e-10,0.0606,35900000000.0,1900000000.0,11.36,-79.53
2.6e-05,1.6e-05,7e-13,3e-10,2e-10,0.0606,35900000000.0,1890000000.0,11.36,-79.01
2.6e-05,1.6e-05,7e-13,3e-10,2.5e-10,0.0606,35900000000.0,1890000000.0,11.36,-79.21
2.6e-05,1.6e-05,7e-13,3.5e-10,1e-10,0.0606,33800000000.0,1750000000.0,11.66,-78.1
2.6e-05,1.6e-05,7e-13,3.5e-10,5e-11,0.0606,33800000000.0,1750000000.0,11.66,-78.29
2.6e-05,1.6e-05,7e-13,3.5e-10,1.5e-10,0.0606,33800000000.0,1740000000.0,11.66,-78.33
2.6e-05,1.6e-05,7e-13,3.5e-10,2e-10,0.0606,33800000000.0,1740000000.0,11.66,-78.08
2.6e-05,1.6e-05,7e-13,3.5e-10,2.5e-10,0.0606,33800000000.0,1740000000.0,11.66,-78.12
2.6e-05,1.6e-05,7e-13,4.5e-10,5e-11,0.0606,30900000000.0,1590000000.0,11.97,-76.63
2.6e-05,1.6e-05,7e-13,4.5e-10,1.5e-10,0.0606,30900000000.0,1590000000.0,11.97,-76.75
2.6e-05,1.6e-05,7e-13,5e-10,1e-10,0.0606,29900000000.0,1550000000.0,12.05,-76.43
2.6e-05,1.6e-05,7e-13,5e-10,5e-11,0.0606,29900000000.0,1550000000.0,12.05,-76.31
2.6e-05,1.6e-05,7e-13,5e-10,1.5e-10,0.0606,29900000000.0,1550000000.0,12.05,-76.15
2.6e-05,1.6e-05,7e-13,5e-10,2e-10,0.0606,29900000000.0,1540000000.0,12.05,-76.44
2.6e-05,1.6e-05,7e-13,5e-10,2.5e-10,0.0606,29900000000.0,1540000000.0,12.05,-76.3
2.6e-05,1.7e-05,5e-13,4e-10,1e-10,0.0606,32100000000.0,1650000000.0,11.81,-77.24
2.6e-05,1.7e-05,5e-13,4e-10,5e-11,0.0606,32100000000.0,1650000000.0,11.81,-77.19
2.6e-05,1.7e-05,5e-13,4e-10,1.5e-10,0.0606,32100000000.0,1650000000.0,11.81,-77.21
2.6e-05,1.7e-05,5e-13,4e-10,2e-10,0.0606,32100000000.0,1640000000.0,11.81,-77.33
2.6e-05,1.7e-05,5e-13,4e-10,2.5e-10,0.0606,32100000000.0,1640000000.0,11.81,-77.43
2.6e-05,1.7e-05,5e-13,3e-10,1e-10,0.0606,35700000000.0,1870000000.0,11.32,-78.85
2.6e-05,1.7e-05,5e-13,3e-10,5e-11,0.0606,35700000000.0,1870000000.0,11.32,-79.14
2.6e-05,1.7e-05,5e-13,3e-10,1.5e-10,0.0606,35700000000.0,1880000000.0,11.32,-79.03
2.6e-05,1.7e-05,5e-13,3e-10,2e-10,0.0606,35700000000.0,1880000000.0,11.32,-78.97
2.6e-05,1.7e-05,5e-13,3e-10,2.5e-10,0.0606,35700000000.0,1870000000.0,11.32,-78.75
2.6e-05,1.7e-05,5e-13,3.5e-10,1e-10,0.0606,33700000000.0,1740000000.0,11.62,-78.09
2.6e-05,1.7e-05,5e-13,3.5e-10,5e-11,0.0606,33700000000.0,1730000000.0,11.62,-78.02
2.6e-05,1.7e-05,5e-13,3.5e-10,1.5e-10,0.0606,33700000000.0,1730000000.0,11.62,-78.12
2.6e-05,1.7e-05,5e-13,3.5e-10,2e-10,0.0606,33700000000.0,1730000000.0,11.62,-78.05
2.6e-05,1.7e-05,5e-13,3.5e-10,2.5e-10,0.0606,33700000000.0,1730000000.0,11.62,-78.27
2.6e-05,1.7e-05,5e-13,4.5e-10,1e-10,0.0606,30800000000.0,1580000000.0,11.93,-76.79
2.6e-05,1.7e-05,5e-13,4.5e-10,5e-11,0.0606,30800000000.0,1590000000.0,11.93,-76.65
2.6e-05,1.7e-05,5e-13,4.5e-10,1.5e-10,0.0606,30800000000.0,1580000000.0,11.93,-76.77
2.6e-05,1.7e-05,5e-13,4.5e-10,2e-10,0.0606,30800000000.0,1580000000.0,11.93,-76.89
2.6e-05,1.7e-05,5e-13,4.5e-10,2.5e-10,0.0606,30800000000.0,1580000000.0,11.93,-76.67
2.6e-05,1.7e-05,5e-13,5e-10,1e-10,0.0606,29800000000.0,1540000000.0,12.01,-76.09
2.6e-05,1.7e-05,5e-13,5e-10,5e-11,0.0606,29800000000.0,1550000000.0,12.01,-76.15
2.6e-05,1.7e-05,5e-13,5e-10,1.5e-10,0.0606,29800000000.0,1540000000.0,12.01,-76.33
2.6e-05,1.7e-05,5e-13,5e-10,2e-10,0.0606,29800000000.0,1540000000.0,12.01,-76.26
2.6e-05,1.7e-05,3e-13,4e-10,1e-10,0.0606,32100000000.0,1650000000.0,11.81,-77.25
2.6e-05,1.7e-05,3e-13,4e-10,5e-11,0.0606,32100000000.0,1650000000.0,11.8,-77.23
2.6e-05,1.7e-05,3e-13,4e-10,1.5e-10,0.0606,32100000000.0,1650000000.0,11.81,-77.41
2.6e-05,1.7e-05,3e-13,4e-10,2e-10,0.0606,32100000000.0,1650000000.0,11.81,-77.37
2.6e-05,1.7e-05,3e-13,3e-10,1e-10,0.0606,35700000000.0,1870000000.0,11.32,-79.04
2.6e-05,1.7e-05,3e-13,3e-10,5e-11,0.0606,35700000000.0,1860000000.0,11.32,-79.07
2.6e-05,1.7e-05,3e-13,3e-10,1.5e-10,0.0606,35700000000.0,1860000000.0,11.32,-80.48
2.6e-05,1.7e-05,3e-13,3e-10,2e-10,0.0606,35700000000.0,1880000000.0,11.32,-78.61
2.6e-05,1.7e-05,3e-13,3e-10,2.5e-10,0.0606,35700000000.0,1860000000.0,11.32,-78.99
2.6e-05,1.7e-05,3e-13,3.5e-10,1e-10,0.0606,33700000000.0,1740000000.0,11.62,-78.2
2.6e-05,1.7e-05,3e-13,3.5e-10,1.5e-10,0.0606,33700000000.0,1740000000.0,11.62,-78.05
2.6e-05,1.7e-05,3e-13,3.5e-10,2e-10,0.0606,33700000000.0,1730000000.0,11.62,-78.0
2.6e-05,1.7e-05,3e-13,3.5e-10,2.5e-10,0.0606,33700000000.0,1730000000.0,11.62,-77.98
2.6e-05,1.7e-05,3e-13,4.5e-10,1e-10,0.0606,30800000000.0,1590000000.0,11.93,-76.71
2.6e-05,1.7e-05,3e-13,4.5e-10,5e-11,0.0606,30800000000.0,1590000000.0,11.93,-76.57
2.6e-05,1.7e-05,3e-13,4.5e-10,1.5e-10,0.0606,30800000000.0,1580000000.0,11.93,-76.59
2.6e-05,1.7e-05,3e-13,4.5e-10,2e-10,0.0606,30800000000.0,1590000000.0,11.93,-76.75
2.6e-05,1.7e-05,3e-13,4.5e-10,2.5e-10,0.0606,30800000000.0,1580000000.0,11.93,-76.78
2.6e-05,1.7e-05,3e-13,5e-10,5e-11,0.0606,29800000000.0,1540000000.0,12.01,-76.29
2.6e-05,1.7e-05,3e-13,5e-10,2.5e-10,0.0606,29800000000.0,1540000000.0,12.01,-76.08
2.6e-05,1.7e-05,4e-13,4e-10,1e-10,0.0606,32100000000.0,1650000000.0,11.81,-77.38
2.6e-05,1.7e-05,4e-13,4e-10,2.5e-10,0.0606,32100000000.0,1650000000.0,11.81,-77.18
2.6e-05,1.7e-05,4e-13,3e-10,1e-10,0.0606,35700000000.0,1890000000.0,11.32,-79.0
2.6e-05,1.7e-05,4e-13,3e-10,1.5e-10,0.0606,35700000000.0,1860000000.0,11.32,-79.08
2.6e-05,1.7e-05,4e-13,3e-10,2e-10,0.0606,35700000000.0,1880000000.0,11.32,-79.11
2.6e-05,1.7e-05,4e-13,3e-10,2.5e-10,0.0606,35700000000.0,1880000000.0,11.32,-79.1
2.6e-05,1.7e-05,4e-13,3.5e-10,1e-10,0.0606,33700000000.0,1730000000.0,11.62,-78.09
2.6e-05,1.7e-05,4e-13,3.5e-10,5e-11,0.0606,33700000000.0,1730000000.0,11.62,-78.01
2.6e-05,1.7e-05,4e-13,3.5e-10,1.5e-10,0.0606,33700000000.0,1740000000.0,11.62,-78.16
2.6e-05,1.7e-05,4e-13,3.5e-10,2e-10,0.0606,33700000000.0,1730000000.0,11.62,-77.91
2.6e-05,1.7e-05,4e-13,3.5e-10,2.5e-10,0.0606,33700000000.0,1740000000.0,11.62,-78.18
2.6e-05,1.7e-05,4e-13,4.5e-10,1e-10,0.0606,30800000000.0,1580000000.0,11.93,-76.81
2.6e-05,1.7e-05,4e-13,4.5e-10,5e-11,0.0606,30800000000.0,1580000000.0,11.93,-77.14
2.6e-05,1.7e-05,4e-13,4.5e-10,2e-10,0.0606,30800000000.0,1580000000.0,11.93,-77.56
2.6e-05,1.7e-05,4e-13,5e-10,1e-10,0.0606,29800000000.0,1540000000.0,12.01,-76.1
2.6e-05,1.7e-05,4e-13,5e-10,5e-11,0.0606,29800000000.0,1540000000.0,12.01,-76.31
2.6e-05,1.7e-05,4e-13,5e-10,2e-10,0.0606,29800000000.0,1540000000.0,12.01,-76.18
2.6e-05,1.7e-05,4e-13,5e-10,2.5e-10,0.0606,29800000000.0,1540000000.0,12.01,-76.25
2.6e-05,1.7e-05,6e-13,4e-10,1e-10,0.0606,32100000000.0,1650000000.0,11.81,-77.3
2.6e-05,1.7e-05,6e-13,4e-10,2e-10,0.0606,32100000000.0,1650000000.0,11.81,-77.22
2.6e-05,1.7e-05,6e-13,3e-10,1e-10,0.0606,35700000000.0,1870000000.0,11.32,-78.92
2.6e-05,1.7e-05,6e-13,3e-10,5e-11,0.0606,35700000000.0,1870000000.0,11.32,-79.18
2.6e-05,1.7e-05,6e-13,3e-10,1.5e-10,0.0606,35700000000.0,1880000000.0,11.32,-79.09
2.6e-05,1.7e-05,6e-13,3e-10,2e-10,0.0606,35700000000.0,1880000000.0,11.32,-78.64
2.6e-05,1.7e-05,6e-13,3.5e-10,1e-10,0.0606,33700000000.0,1730000000.0,11.62,-78.14
2.6e-05,1.7e-05,6e-13,3.5e-10,1.5e-10,0.0606,33700000000.0,1740000000.0,11.62,-77.7
2.6e-05,1.7e-05,6e-13,3.5e-10,2e-10,0.0606,33700000000.0,1740000000.0,11.62,-78.17
2.6e-05,1.7e-05,6e-13,3.5e-10,2.5e-10,0.0606,33700000000.0,1730000000.0,11.62,-78.16
2.6e-05,1.7e-05,6e-13,4.5e-10,1e-10,0.0606,30800000000.0,1580000000.0,11.93,-76.82
2.6e-05,1.7e-05,6e-13,4.5e-10,5e-11,0.0606,30800000000.0,1590000000.0,11.93,-76.58
2.6e-05,1.7e-05,6e-13,5e-10,1.5e-10,0.0606,29800000000.0,1540000000.0,12.01,-76.34
2.6e-05,1.7e-05,7e-13,4e-10,1e-10,0.0606,32100000000.0,1640000000.0,11.81,-77.79
2.6e-05,1.7e-05,7e-13,4e-10,2.5e-10,0.0606,32100000000.0,1650000000.0,11.81,-77.33
2.6e-05,1.7e-05,7e-13,3e-10,1e-10,0.0606,35700000000.0,1870000000.0,11.32,-79.05
2.6e-05,1.7e-05,7e-13,3e-10,5e-11,0.0606,35700000000.0,1870000000.0,11.32,-79.08
2.6e-05,1.7e-05,7e-13,3e-10,1.5e-10,0.0606,35700000000.0,1880000000.0,11.32,-79.08
2.6e-05,1.7e-05,7e-13,3e-10,2e-10,0.0606,35700000000.0,1880000000.0,11.32,-79.82
2.6e-05,1.7e-05,7e-13,3.5e-10,5e-11,0.0606,33700000000.0,1730000000.0,11.62,-78.26
2.6e-05,1.7e-05,7e-13,3.5e-10,1.5e-10,0.0606,33700000000.0,1730000000.0,11.62,-77.99
2.6e-05,1.7e-05,7e-13,4.5e-10,1e-10,0.0606,30800000000.0,1580000000.0,11.93,-76.84
2.6e-05,1.7e-05,7e-13,4.5e-10,2e-10,0.0606,30800000000.0,1580000000.0,11.93,-76.71
2.6e-05,1.7e-05,7e-13,4.5e-10,2.5e-10,0.0606,30800000000.0,1580000000.0,11.93,-76.91
2.6e-05,1.7e-05,7e-13,5e-10,1e-10,0.0606,29800000000.0,1540000000.0,12.01,-76.19
2.6e-05,1.7e-05,7e-13,5e-10,1.5e-10,0.0606,29800000000.0,1540000000.0,12.01,-76.17
2.6e-05,1.7e-05,7e-13,5e-10,2.5e-10,0.0606,29800000000.0,1540000000.0,12.01,-76.32
2.6e-05,1.8e-05,5e-13,4e-10,1e-10,0.0606,32000000000.0,1630000000.0,11.77,-77.12
2.6e-05,1.8e-05,5e-13,4e-10,5e-11,0.0606,32000000000.0,1630000000.0,11.77,-77.07
2.6e-05,1.8e-05,5e-13,4e-10,1.5e-10,0.0606,32000000000.0,1630000000.0,11.77,-77.02
2.6e-05,1.8e-05,5e-13,4e-10,2e-10,0.0606,32000000000.0,1630000000.0,11.77,-77.29
2.6e-05,1.8e-05,5e-13,4e-10,2.5e-10,0.0606,32000000000.0,1630000000.0,11.77,-77.34
2.6e-05,1.8e-05,5e-13,3e-10,1e-10,0.0606,35600000000.0,1850000000.0,11.27,-78.9
2.6e-05,1.8e-05,5e-13,3e-10,5e-11,0.0606,35600000000.0,1850000000.0,11.27,-79.22
2.6e-05,1.8e-05,5e-13,3e-10,1.5e-10,0.0606,35600000000.0,1850000000.0,11.27,-78.98
2.6e-05,1.8e-05,5e-13,3e-10,2e-10,0.0606,35600000000.0,1850000000.0,11.27,-79.01
2.6e-05,1.8e-05,5e-13,3e-10,2.5e-10,0.0606,35600000000.0,1850000000.0,11.27,-78.72
2.6e-05,1.8e-05,5e-13,3.5e-10,1e-10,0.0606,33600000000.0,1710000000.0,11.58,-77.87
2.6e-05,1.8e-05,5e-13,3.5e-10,5e-11,0.0606,33600000000.0,1720000000.0,11.58,-77.95
2.6e-05,1.8e-05,5e-13,3.5e-10,1.5e-10,0.0606,33600000000.0,1710000000.0,11.58,-77.84
2.6e-05,1.8e-05,5e-13,3.5e-10,2e-10,0.0606,33600000000.0,1720000000.0,11.57,-77.99
2.6e-05,1.8e-05,5e-13,3.5e-10,2.5e-10,0.0606,33600000000.0,1720000000.0,11.57,-78.47
2.6e-05,1.8e-05,5e-13,4.5e-10,1e-10,0.0606,30700000000.0,1570000000.0,11.89,-76.68
2.6e-05,1.8e-05,5e-13,4.5e-10,5e-11,0.0606,30700000000.0,1570000000.0,11.89,-76.58
2.6e-05,1.8e-05,5e-13,4.5e-10,2e-10,0.0606,30700000000.0,1570000000.0,11.89,-76.49
2.6e-05,1.8e-05,5e-13,4.5e-10,2.5e-10,0.0606,30700000000.0,1570000000.0,11.89,-76.66
2.6e-05,1.8e-05,5e-13,5e-10,1e-10,0.0606,29600000000.0,1530000000.0,11.97,-76.09
2.6e-05,1.8e-05,5e-13,5e-10,5e-11,0.0606,29600000000.0,1530000000.0,11.98,-76.27
2.6e-05,1.8e-05,5e-13,5e-10,1.5e-10,0.0606,29600000000.0,1530000000.0,11.98,-76.09
2.6e-05,1.8e-05,5e-13,5e-10,2e-10,0.0606,29600000000.0,1530000000.0,11.97,-75.99
2.6e-05,1.8e-05,5e-13,5e-10,2.5e-10,0.0606,29600000000.0,1530000000.0,11.98,-76.25
2.6e-05,1.8e-05,3e-13,4e-10,1e-10,0.0606,32000000000.0,1630000000.0,11.76,-77.24
2.6e-05,1.8e-05,3e-13,4e-10,5e-11,0.0606,32000000000.0,1630000000.0,11.76,-77.66
2.6e-05,1.8e-05,3e-13,4e-10,1.5e-10,0.0606,32000000000.0,1630000000.0,11.76,-77.22
2.6e-05,1.8e-05,3e-13,4e-10,2.5e-10,0.0606,32000000000.0,1630000000.0,11.76,-77.26
2.6e-05,1.8e-05,3e-13,3e-10,1e-10,0.0606,35600000000.0,1850000000.0,11.27,-78.92
2.6e-05,1.8e-05,3e-13,3e-10,5e-11,0.0606,35600000000.0,1860000000.0,11.27,-78.96
2.6e-05,1.8e-05,3e-13,3e-10,2e-10,0.0606,35600000000.0,1860000000.0,11.27,-78.81
2.6e-05,1.8e-05,3e-13,3e-10,2.5e-10,0.0606,35600000000.0,1850000000.0,11.27,-78.86
2.6e-05,1.8e-05,3e-13,3.5e-10,1e-10,0.0606,33600000000.0,1710000000.0,11.58,-77.85
2.6e-05,1.8e-05,3e-13,3.5e-10,5e-11,0.0606,33600000000.0,1710000000.0,11.58,-76.75
2.6e-05,1.8e-05,3e-13,3.5e-10,1.5e-10,0.0606,33600000000.0,1710000000.0,11.58,-77.88
2.6e-05,1.8e-05,3e-13,3.5e-10,2e-10,0.0606,33600000000.0,1710000000.0,11.58,-77.95
2.6e-05,1.8e-05,3e-13,3.5e-10,2.5e-10,0.0606,33600000000.0,1710000000.0,11.58,-77.94
2.6e-05,1.8e-05,3e-13,4.5e-10,1e-10,0.0606,30700000000.0,1570000000.0,11.89,-76.67
2.6e-05,1.8e-05,3e-13,4.5e-10,5e-11,0.0606,30700000000.0,1570000000.0,11.89,-76.64
2.6e-05,1.8e-05,3e-13,4.5e-10,1.5e-10,0.0606,30700000000.0,1570000000.0,11.89,-76.54
2.6e-05,1.8e-05,3e-13,5e-10,1e-10,0.0606,29600000000.0,1530000000.0,11.98,-76.07
2.6e-05,1.8e-05,3e-13,5e-10,1.5e-10,0.0606,29600000000.0,1520000000.0,11.98,-76.18
2.6e-05,1.8e-05,3e-13,5e-10,2e-10,0.0606,29600000000.0,1530000000.0,11.98,-76.34
2.6e-05,1.8e-05,4e-13,4e-10,1e-10,0.0606,32000000000.0,1630000000.0,11.76,-77.25
2.6e-05,1.8e-05,4e-13,4e-10,5e-11,0.0606,32000000000.0,1630000000.0,11.77,-77.13
2.6e-05,1.8e-05,4e-13,4e-10,1.5e-10,0.0606,32000000000.0,1630000000.0,11.76,-77.15
2.6e-05,1.8e-05,4e-13,4e-10,2e-10,0.0606,32000000000.0,1630000000.0,11.77,-77.23
2.6e-05,1.8e-05,4e-13,3e-10,1e-10,0.0606,35600000000.0,1850000000.0,11.27,-78.17
2.6e-05,1.8e-05,4e-13,3e-10,5e-11,0.0606,35600000000.0,1860000000.0,11.27,-78.95
2.6e-05,1.8e-05,4e-13,3e-10,2e-10,0.0606,35600000000.0,1850000000.0,11.27,-78.91
2.6e-05,1.8e-05,4e-13,3.5e-10,5e-11,0.0606,33600000000.0,1720000000.0,11.58,-77.91
2.6e-05,1.8e-05,4e-13,3.5e-10,1.5e-10,0.0606,33600000000.0,1720000000.0,11.58,-77.87
2.6e-05,1.8e-05,4e-13,3.5e-10,2e-10,0.0606,33600000000.0,1710000000.0,11.58,-71.22
2.6e-05,1.8e-05,4e-13,4.5e-10,1e-10,0.0606,30700000000.0,1570000000.0,11.89,-76.61
2.6e-05,1.8e-05,4e-13,4.5e-10,5e-11,0.0606,30700000000.0,1570000000.0,11.89,-76.51
2.6e-05,1.8e-05,4e-13,4.5e-10,1.5e-10,0.0606,30700000000.0,1580000000.0,11.89,-76.6
2.6e-05,1.8e-05,4e-13,5e-10,1e-10,0.0606,29600000000.0,1520000000.0,11.97,-76.1
2.6e-05,1.8e-05,4e-13,5e-10,5e-11,0.0606,29600000000.0,1530000000.0,11.97,-76.18
2.6e-05,1.8e-05,4e-13,5e-10,1.5e-10,0.0606,29600000000.0,1530000000.0,11.98,-75.99
2.6e-05,1.8e-05,4e-13,5e-10,2e-10,0.0606,29600000000.0,1530000000.0,11.98,-76.22
2.6e-05,1.8e-05,4e-13,5e-10,2.5e-10,0.0606,29600000000.0,1530000000.0,11.98,-76.24
2.6e-05,1.8e-05,6e-13,4e-10,1e-10,0.0606,32000000000.0,1630000000.0,11.77,-77.09
2.6e-05,1.8e-05,6e-13,4e-10,1.5e-10,0.0606,32000000000.0,1630000000.0,11.76,-77.08
2.6e-05,1.8e-05,6e-13,3e-10,5e-11,0.0606,35600000000.0,1850000000.0,11.27,-78.88
2.6e-05,1.8e-05,6e-13,3.5e-10,1e-10,0.0606,33600000000.0,1710000000.0,11.58,-78.0
2.6e-05,1.8e-05,6e-13,3.5e-10,2e-10,0.0606,33600000000.0,1710000000.0,11.58,-77.83
2.6e-05,1.8e-05,6e-13,3.5e-10,2.5e-10,0.0606,33600000000.0,1720000000.0,11.58,-77.89
2.6e-05,1.8e-05,6e-13,4.5e-10,1e-10,0.0606,30700000000.0,1570000000.0,11.89,-76.7
2.6e-05,1.8e-05,6e-13,4.5e-10,1.5e-10,0.0606,30700000000.0,1570000000.0,11.89,-76.57
2.6e-05,1.8e-05,6e-13,4.5e-10,2e-10,0.0606,30700000000.0,1570000000.0,11.89,-76.62
2.6e-05,1.8e-05,6e-13,4.5e-10,2.5e-10,0.0606,30700000000.0,1570000000.0,11.89,-76.75
2.6e-05,1.8e-05,6e-13,5e-10,1e-10,0.0606,29600000000.0,1520000000.0,11.97,-76.15
2.6e-05,1.8e-05,6e-13,5e-10,5e-11,0.0606,29600000000.0,1530000000.0,11.98,-76.23
2.6e-05,1.8e-05,6e-13,5e-10,1.5e-10,0.0606,29600000000.0,1520000000.0,11.98,-76.23
2.6e-05,1.8e-05,6e-13,5e-10,2e-10,0.0606,29600000000.0,1530000000.0,11.98,-76.21
2.6e-05,1.8e-05,6e-13,5e-10,2.5e-10,0.0606,29600000000.0,1520000000.0,11.98,-76.22
2.6e-05,1.8e-05,7e-13,4e-10,1e-10,0.0606,32000000000.0,1630000000.0,11.77,-77.35
2.6e-05,1.8e-05,7e-13,4e-10,1.5e-10,0.0606,32000000000.0,1630000000.0,11.76,-77.28
2.6e-05,1.8e-05,7e-13,4e-10,2.5e-10,0.0606,32000000000.0,1630000000.0,11.77,-77.37
2.6e-05,1.8e-05,7e-13,3e-10,1e-10,0.0606,35600000000.0,1850000000.0,11.27,-78.14
2.6e-05,1.8e-05,7e-13,3e-10,5e-11,0.0606,35600000000.0,1860000000.0,11.27,-78.83
2.6e-05,1.8e-05,7e-13,3e-10,1.5e-10,0.0606,35600000000.0,1860000000.0,11.27,-78.56
2.6e-05,1.8e-05,7e-13,3e-10,2.5e-10,0.0606,35600000000.0,1840000000.0,11.27,-81.14
2.6e-05,1.8e-05,7e-13,3.5e-10,1e-10,0.0606,33600000000.0,1720000000.0,11.58,-78.0
2.6e-05,1.8e-05,7e-13,3.5e-10,5e-11,0.0606,33600000000.0,1710000000.0,11.58,-78.03
2.6e-05,1.8e-05,7e-13,3.5e-10,1.5e-10,0.0606,33600000000.0,1710000000.0,11.58,-78.12
2.6e-05,1.8e-05,7e-13,3.5e-10,2.5e-10,0.0606,33600000000.0,1720000000.0,11.58,-78.1
2.6e-05,1.8e-05,7e-13,4.5e-10,1e-10,0.0606,30700000000.0,1570000000.0,11.89,-76.47
2.6e-05,1.8e-05,7e-13,4.5e-10,5e-11,0.0606,30700000000.0,1570000000.0,11.89,-76.83
2.6e-05,1.8e-05,7e-13,5e-10,1e-10,0.0606,29600000000.0,1530000000.0,11.97,-76.28
2.6e-05,1.8e-05,7e-13,5e-10,5e-11,0.0606,29600000000.0,1530000000.0,11.97,-75.96
2.6e-05,1.8e-05,7e-13,5e-10,1.5e-10,0.0606,29600000000.0,1520000000.0,11.98,-76.14
2.6e-05,1.8e-05,7e-13,5e-10,2e-10,0.0606,29600000000.0,1520000000.0,11.98,-76.16
2.6e-05,1.8e-05,7e-13,5e-10,2.5e-10,0.0606,29600000000.0,1530000000.0,11.97,-76.02
2.6e-05,1.9e-05,5e-13,4e-10,1e-10,0.0606,31900000000.0,1600000000.0,11.72,-76.86
2.6e-05,1.9e-05,5e-13,4e-10,5e-11,0.0606,31900000000.0,1600000000.0,11.72,-77.14
2.6e-05,1.9e-05,5e-13,4e-10,1.5e-10,0.0606,31900000000.0,1600000000.0,11.72,-77.02
2.6e-05,1.9e-05,5e-13,4e-10,2e-10,0.0606,31900000000.0,1600000000.0,11.72,-77.15
2.6e-05,1.9e-05,5e-13,4e-10,2.5e-10,0.0606,31900000000.0,1600000000.0,11.72,-77.3
2.6e-05,1.9e-05,5e-13,3e-10,1e-10,0.0606,35500000000.0,1820000000.0,11.22,-72.25
2.6e-05,1.9e-05,5e-13,3e-10,5e-11,0.0606,35500000000.0,1810000000.0,11.22,-78.62
2.6e-05,1.9e-05,5e-13,3e-10,1.5e-10,0.0606,35500000000.0,1810000000.0,11.22,-78.85
2.6e-05,1.9e-05,5e-13,3e-10,2e-10,0.0606,35500000000.0,1820000000.0,11.22,-78.75
2.6e-05,1.9e-05,5e-13,3e-10,2.5e-10,0.0606,35500000000.0,1820000000.0,11.22,-78.82
2.6e-05,1.9e-05,5e-13,3.5e-10,1e-10,0.0606,33500000000.0,1690000000.0,11.53,-77.76
2.6e-05,1.9e-05,5e-13,3.5e-10,5e-11,0.0606,33500000000.0,1680000000.0,11.53,-77.83
2.6e-05,1.9e-05,5e-13,3.5e-10,1.5e-10,0.0606,33500000000.0,1690000000.0,11.53,-77.77
2.6e-05,1.9e-05,5e-13,3.5e-10,2e-10,0.0606,33500000000.0,1690000000.0,11.53,-77.48
2.6e-05,1.9e-05,5e-13,3.5e-10,2.5e-10,0.0606,33500000000.0,1680000000.0,11.53,-78.08
2.6e-05,1.9e-05,5e-13,4.5e-10,1e-10,0.0606,30600000000.0,1550000000.0,11.85,-76.46
2.6e-05,1.9e-05,5e-13,4.5e-10,5e-11,0.0606,30600000000.0,1550000000.0,11.85,-76.59
2.6e-05,1.9e-05,5e-13,4.5e-10,1.5e-10,0.0606,30600000000.0,1550000000.0,11.85,-76.57
2.6e-05,1.9e-05,5e-13,4.5e-10,2e-10,0.0606,30600000000.0,1540000000.0,11.85,-76.47
2.6e-05,1.9e-05,5e-13,4.5e-10,2.5e-10,0.0606,30600000000.0,1550000000.0,11.85,-76.48
2.6e-05,1.9e-05,5e-13,5e-10,1e-10,0.0606,29500000000.0,1510000000.0,11.94,-76.2
2.6e-05,1.9e-05,5e-13,5e-10,5e-11,0.0606,29500000000.0,1500000000.0,11.94,-76.19
2.6e-05,1.9e-05,5e-13,5e-10,1.5e-10,0.0606,29500000000.0,1500000000.0,11.94,-76.2
2.6e-05,1.9e-05,5e-13,5e-10,2e-10,0.0606,29500000000.0,1510000000.0,11.94,-76.02
2.6e-05,1.9e-05,5e-13,5e-10,2.5e-10,0.0606,29500000000.0,1510000000.0,11.94,-75.86
2.6e-05,1.9e-05,3e-13,4e-10,1e-10,0.0606,31900000000.0,1600000000.0,11.72,-77.21
2.6e-05,1.9e-05,3e-13,4e-10,5e-11,0.0606,31900000000.0,1600000000.0,11.72,-77.58
2.6e-05,1.9e-05,3e-13,4e-10,1.5e-10,0.0606,31900000000.0,1610000000.0,11.72,-77.19
2.6e-05,1.9e-05,3e-13,4e-10,2e-10,0.0606,31900000000.0,1610000000.0,11.72,-77.1
2.6e-05,1.9e-05,3e-13,3e-10,1e-10,0.0606,35500000000.0,1820000000.0,11.22,-78.71
2.6e-05,1.9e-05,3e-13,3e-10,5e-11,0.0606,35500000000.0,1810000000.0,11.22,-79.01
2.6e-05,1.9e-05,3e-13,3e-10,1.5e-10,0.0606,35500000000.0,1820000000.0,11.22,-78.83
2.6e-05,1.9e-05,3e-13,3e-10,2e-10,0.0606,35500000000.0,1810000000.0,11.22,-78.76
2.6e-05,1.9e-05,3e-13,3e-10,2.5e-10,0.0606,35500000000.0,1810000000.0,11.22,-78.83
2.6e-05,1.9e-05,3e-13,3.5e-10,1e-10,0.0606,33500000000.0,1690000000.0,11.53,-77.97
2.6e-05,1.9e-05,3e-13,3.5e-10,5e-11,0.0606,33500000000.0,1680000000.0,11.53,-77.71
2.6e-05,1.9e-05,3e-13,3.5e-10,1.5e-10,0.0606,33500000000.0,1680000000.0,11.53,-77.89
2.6e-05,1.9e-05,3e-13,3.5e-10,2e-10,0.0606,33500000000.0,1690000000.0,11.53,-77.91
2.6e-05,1.9e-05,3e-13,3.5e-10,2.5e-10,0.0606,33500000000.0,1690000000.0,11.53,-77.73
2.6e-05,1.9e-05,3e-13,4.5e-10,1e-10,0.0606,30600000000.0,1540000000.0,11.85,-76.59
2.6e-05,1.9e-05,3e-13,4.5e-10,5e-11,0.0606,30600000000.0,1550000000.0,11.85,-76.39
2.6e-05,1.9e-05,3e-13,4.5e-10,1.5e-10,0.0606,30600000000.0,1540000000.0,11.85,-76.56
2.6e-05,1.9e-05,3e-13,4.5e-10,2.5e-10,0.0606,30600000000.0,1550000000.0,11.85,-76.69
2.6e-05,1.9e-05,3e-13,5e-10,1e-10,0.0606,29500000000.0,1500000000.0,11.94,-76.14
2.6e-05,1.9e-05,3e-13,5e-10,5e-11,0.0606,29500000000.0,1500000000.0,11.94,-75.91
2.6e-05,1.9e-05,3e-13,5e-10,1.5e-10,0.0606,29500000000.0,1500000000.0,11.94,-76.06
2.6e-05,1.9e-05,3e-13,5e-10,2e-10,0.0606,29500000000.0,1510000000.0,11.93,-76.02
2.6e-05,1.9e-05,3e-13,5e-10,2.5e-10,0.0606,29500000000.0,1500000000.0,11.94,-76.23
2.6e-05,1.9e-05,4e-13,4e-10,5e-11,0.0606,31900000000.0,1600000000.0,11.72,-77.09
2.6e-05,1.9e-05,4e-13,4e-10,1.5e-10,0.0606,31900000000.0,1610000000.0,11.72,-77.2
2.6e-05,1.9e-05,4e-13,4e-10,2e-10,0.0606,31900000000.0,1600000000.0,11.72,-77.12
2.6e-05,1.9e-05,4e-13,4e-10,2.5e-10,0.0606,31900000000.0,1600000000.0,11.72,-77.05
2.6e-05,1.9e-05,4e-13,3e-10,1e-10,0.0606,35500000000.0,1820000000.0,11.22,-78.65
2.6e-05,1.9e-05,4e-13,3e-10,2e-10,0.0606,35500000000.0,1820000000.0,11.22,-78.81
2.6e-05,1.9e-05,4e-13,3e-10,2.5e-10,0.0606,35500000000.0,1820000000.0,11.22,-78.46
2.6e-05,1.9e-05,4e-13,3.5e-10,5e-11,0.0606,33500000000.0,1680000000.0,11.53,-77.76
2.6e-05,1.9e-05,4e-13,3.5e-10,1.5e-10,0.0606,33500000000.0,1680000000.0,11.53,-77.74
2.6e-05,1.9e-05,4e-13,3.5e-10,2e-10,0.0606,33500000000.0,1690000000.0,11.53,-77.74
2.6e-05,1.9e-05,4e-13,3.5e-10,2.5e-10,0.0606,33500000000.0,1680000000.0,11.53,-71.15
2.6e-05,1.9e-05,4e-13,4.5e-10,5e-11,0.0606,30600000000.0,1550000000.0,11.85,-76.64
2.6e-05,1.9e-05,4e-13,4.5e-10,1.5e-10,0.0606,30600000000.0,1550000000.0,11.85,-76.43
2.6e-05,1.9e-05,4e-13,4.5e-10,2e-10,0.0606,30600000000.0,1550000000.0,11.85,-76.42
2.6e-05,1.9e-05,4e-13,4.5e-10,2.5e-10,0.0606,30600000000.0,1550000000.0,11.85,-76.62
2.6e-05,1.9e-05,4e-13,5e-10,1e-10,0.0606,29500000000.0,1510000000.0,11.94,-76.0
2.6e-05,1.9e-05,4e-13,5e-10,5e-11,0.0606,29500000000.0,1500000000.0,11.94,-76.08
2.6e-05,1.9e-05,4e-13,5e-10,2e-10,0.0606,29500000000.0,1500000000.0,11.94,-76.1
2.6e-05,1.9e-05,4e-13,5e-10,2.5e-10,0.0606,29500000000.0,1500000000.0,11.94,-76.12
2.6e-05,1.9e-05,6e-13,4e-10,1.5e-10,0.0606,31900000000.0,1600000000.0,11.72,-77.04
2.6e-05,1.9e-05,6e-13,4e-10,2e-10,0.0606,31900000000.0,1600000000.0,11.72,-78.49
2.6e-05,1.9e-05,6e-13,3e-10,1e-10,0.0606,35500000000.0,1810000000.0,11.22,-79.3
2.6e-05,1.9e-05,6e-13,3e-10,5e-11,0.0606,35500000000.0,1820000000.0,11.22,-78.66
2.6e-05,1.9e-05,6e-13,3e-10,2e-10,0.0606,35500000000.0,1820000000.0,11.22,-78.84
2.6e-05,1.9e-05,6e-13,3.5e-10,1e-10,0.0606,33500000000.0,1680000000.0,11.53,-77.92
2.6e-05,1.9e-05,6e-13,3.5e-10,5e-11,0.0606,33500000000.0,1690000000.0,11.53,-77.82
2.6e-05,1.9e-05,6e-13,3.5e-10,1.5e-10,0.0606,33500000000.0,1690000000.0,11.53,-77.78
2.6e-05,1.9e-05,6e-13,3.5e-10,2e-10,0.0606,33500000000.0,1680000000.0,11.53,-77.86
2.6e-05,1.9e-05,6e-13,3.5e-10,2.5e-10,0.0606,33500000000.0,1680000000.0,11.53,-77.69
2.6e-05,1.9e-05,6e-13,4.5e-10,5e-11,0.0606,30600000000.0,1540000000.0,11.85,-76.6
2.6e-05,1.9e-05,6e-13,4.5e-10,1.5e-10,0.0606,30600000000.0,1550000000.0,11.85,-76.45
2.6e-05,1.9e-05,6e-13,4.5e-10,2e-10,0.0606,30600000000.0,1550000000.0,11.85,-76.4
2.6e-05,1.9e-05,6e-13,5e-10,1e-10,0.0606,29500000000.0,1500000000.0,11.94,-76.05
2.6e-05,1.9e-05,6e-13,5e-10,5e-11,0.0606,29500000000.0,1500000000.0,11.94,-76.16
2.6e-05,1.9e-05,6e-13,5e-10,1.5e-10,0.0606,29500000000.0,1500000000.0,11.94,-76.11
2.6e-05,1.9e-05,6e-13,5e-10,2e-10,0.0606,29500000000.0,1510000000.0,11.94,-75.98
2.6e-05,1.9e-05,6e-13,5e-10,2.5e-10,0.0606,29500000000.0,1510000000.0,11.94,-76.11
2.6e-05,1.9e-05,7e-13,4e-10,1e-10,0.0606,31900000000.0,1600000000.0,11.72,-77.26
2.6e-05,1.9e-05,7e-13,4e-10,1.5e-10,0.0606,31900000000.0,1610000000.0,11.72,-77.14
2.6e-05,1.9e-05,7e-13,4e-10,2e-10,0.0606,31900000000.0,1600000000.0,11.72,-76.98
2.6e-05,1.9e-05,7e-13,3e-10,1e-10,0.0606,35500000000.0,1820000000.0,11.22,-78.67
2.6e-05,1.9e-05,7e-13,3e-10,1.5e-10,0.0606,35500000000.0,1810000000.0,11.22,-78.55
2.6e-05,1.9e-05,7e-13,3e-10,2e-10,0.0606,35500000000.0,1820000000.0,11.22,-71.85
2.6e-05,1.9e-05,7e-13,3e-10,2.5e-10,0.0606,35500000000.0,1820000000.0,11.22,-78.51
2.6e-05,1.9e-05,7e-13,3.5e-10,1e-10,0.0606,33500000000.0,1680000000.0,11.53,-77.82
2.6e-05,1.9e-05,7e-13,3.5e-10,1.5e-10,0.0606,33500000000.0,1680000000.0,11.53,-77.75
2.6e-05,1.9e-05,7e-13,3.5e-10,2e-10,0.0606,33500000000.0,1690000000.0,11.53,-77.88
2.6e-05,1.9e-05,7e-13,3.5e-10,2.5e-10,0.0606,33500000000.0,1680000000.0,11.53,-76.0
2.6e-05,1.9e-05,7e-13,4.5e-10,1e-10,0.0606,30600000000.0,1550000000.0,11.85,-76.54
2.6e-05,1.9e-05,7e-13,4.5e-10,1.5e-10,0.0606,30600000000.0,1540000000.0,11.85,-76.62
2.6e-05,1.9e-05,7e-13,4.5e-10,2.5e-10,0.0606,30600000000.0,1540000000.0,11.85,-76.54
2.6e-05,1.9e-05,7e-13,5e-10,5e-11,0.0606,29500000000.0,1510000000.0,11.94,-75.96
2.6e-05,2e-05,5e-13,4e-10,1e-10,0.0606,31800000000.0,1570000000.0,11.68,-76.91
2.6e-05,2e-05,5e-13,4e-10,5e-11,0.0606,31800000000.0,1570000000.0,11.68,-76.99
2.6e-05,2e-05,5e-13,4e-10,1.5e-10,0.0606,31800000000.0,1570000000.0,11.68,-76.92
2.6e-05,2e-05,5e-13,4e-10,2e-10,0.0606,31800000000.0,1570000000.0,11.67,-77.47
2.6e-05,2e-05,5e-13,4e-10,2.5e-10,0.0606,31800000000.0,1570000000.0,11.67,-77.08
2.6e-05,2e-05,5e-13,3e-10,1e-10,0.0606,35400000000.0,1760000000.0,11.16,-79.47
2.6e-05,2e-05,5e-13,3e-10,5e-11,0.0606,35400000000.0,1770000000.0,11.16,-78.58
2.6e-05,2e-05,5e-13,3e-10,1.5e-10,0.0606,35400000000.0,1770000000.0,11.16,-78.56
2.6e-05,2e-05,5e-13,3e-10,2e-10,0.0606,35400000000.0,1770000000.0,11.16,-78.13
2.6e-05,2e-05,5e-13,3e-10,2.5e-10,0.0606,35400000000.0,1770000000.0,11.16,-78.57
2.6e-05,2e-05,5e-13,3.5e-10,1e-10,0.0606,33400000000.0,1640000000.0,11.48,-77.72
2.6e-05,2e-05,5e-13,3.5e-10,5e-11,0.0606,33400000000.0,1650000000.0,11.47,-77.69
2.6e-05,2e-05,5e-13,3.5e-10,1.5e-10,0.0606,33400000000.0,1650000000.0,11.48,-77.65
2.6e-05,2e-05,5e-13,3.5e-10,2e-10,0.0606,33400000000.0,1640000000.0,11.47,-77.78
2.6e-05,2e-05,5e-13,3.5e-10,2.5e-10,0.0606,33400000000.0,1640000000.0,11.48,-77.87
2.6e-05,2e-05,5e-13,4.5e-10,1e-10,0.0606,30500000000.0,1510000000.0,11.8,-76.33
2.6e-05,2e-05,5e-13,4.5e-10,5e-11,0.0606,30500000000.0,1510000000.0,11.81,-76.25
2.6e-05,2e-05,5e-13,4.5e-10,1.5e-10,0.0606,30500000000.0,1510000000.0,11.81,-77.0
2.6e-05,2e-05,5e-13,4.5e-10,2e-10,0.0606,30500000000.0,1520000000.0,11.8,-76.4
2.6e-05,2e-05,5e-13,4.5e-10,2.5e-10,0.0606,30500000000.0,1510000000.0,11.81,-76.42
2.6e-05,2e-05,5e-13,5e-10,1e-10,0.0606,29500000000.0,1470000000.0,11.89,-75.85
2.6e-05,2e-05,5e-13,5e-10,1.5e-10,0.0606,29500000000.0,1470000000.0,11.9,-76.06
2.6e-05,2e-05,5e-13,5e-10,2e-10,0.0606,29500000000.0,1470000000.0,11.9,-75.87
2.6e-05,2e-05,5e-13,5e-10,2.5e-10,0.0606,29500000000.0,1470000000.0,11.9,-76.01
2.6e-05,2e-05,3e-13,4e-10,1e-10,0.0606,31800000000.0,1560000000.0,11.68,-76.24
2.6e-05,2e-05,3e-13,4e-10,5e-11,0.0606,31800000000.0,1560000000.0,11.67,-77.06
2.6e-05,2e-05,3e-13,4e-10,1.5e-10,0.0606,31800000000.0,1570000000.0,11.67,-77.07
2.6e-05,2e-05,3e-13,4e-10,2.5e-10,0.0606,31800000000.0,1570000000.0,11.67,-76.94
2.6e-05,2e-05,3e-13,3e-10,1e-10,0.0606,35400000000.0,1780000000.0,11.16,-78.62
2.6e-05,2e-05,3e-13,3e-10,5e-11,0.0606,35400000000.0,1760000000.0,11.16,-78.47
2.6e-05,2e-05,3e-13,3e-10,1.5e-10,0.0606,35400000000.0,1760000000.0,11.16,-78.48
2.6e-05,2e-05,3e-13,3e-10,2.5e-10,0.0606,35400000000.0,1770000000.0,11.16,-78.71
2.6e-05,2e-05,3e-13,3.5e-10,1e-10,0.0606,33400000000.0,1640000000.0,11.47,-78.42
2.6e-05,2e-05,3e-13,3.5e-10,5e-11,0.0606,33400000000.0,1640000000.0,11.48,-77.57
2.6e-05,2e-05,3e-13,3.5e-10,1.5e-10,0.0606,33400000000.0,1640000000.0,11.48,-77.6
2.6e-05,2e-05,3e-13,3.5e-10,2e-10,0.0606,33400000000.0,1650000000.0,11.48,-77.77
2.6e-05,2e-05,3e-13,3.5e-10,2.5e-10,0.0606,33400000000.0,1640000000.0,11.48,-77.68
2.6e-05,2e-05,3e-13,4.5e-10,1e-10,0.0606,30500000000.0,1510000000.0,11.8,-76.5
2.6e-05,2e-05,3e-13,4.5e-10,1.5e-10,0.0606,30500000000.0,1510000000.0,11.81,-76.38
2.6e-05,2e-05,3e-13,4.5e-10,2e-10,0.0606,30500000000.0,1520000000.0,11.8,-76.19
2.6e-05,2e-05,3e-13,4.5e-10,2.5e-10,0.0606,30500000000.0,1510000000.0,11.81,-76.26
2.6e-05,2e-05,3e-13,5e-10,1e-10,0.0606,29500000000.0,1470000000.0,11.9,-76.05
2.6e-05,2e-05,3e-13,5e-10,1.5e-10,0.0606,29500000000.0,1470000000.0,11.9,-75.94
2.6e-05,2e-05,3e-13,5e-10,2e-10,0.0606,29500000000.0,1470000000.0,11.9,-75.98
2.6e-05,2e-05,4e-13,4e-10,1.5e-10,0.0606,31800000000.0,1570000000.0,11.67,-76.95
2.6e-05,2e-05,4e-13,4e-10,2e-10,0.0606,31800000000.0,1560000000.0,11.68,-77.02
2.6e-05,2e-05,4e-13,4e-10,2.5e-10,0.0606,31800000000.0,1560000000.0,11.68,-76.18
2.6e-05,2e-05,4e-13,3e-10,1e-10,0.0606,35400000000.0,1760000000.0,11.16,-78.65
2.6e-05,2e-05,4e-13,3e-10,5e-11,0.0606,35400000000.0,1770000000.0,11.16,-77.62
2.6e-05,2e-05,4e-13,3e-10,1.5e-10,0.0606,35400000000.0,1760000000.0,11.16,-78.55
2.6e-05,2e-05,4e-13,3e-10,2e-10,0.0606,35400000000.0,1770000000.0,11.16,-78.72
2.6e-05,2e-05,4e-13,3e-10,2.5e-10,0.0606,35400000000.0,1770000000.0,11.16,-78.38
2.6e-05,2e-05,4e-13,3.5e-10,1e-10,0.0606,33400000000.0,1640000000.0,11.48,-77.69
2.6e-05,2e-05,4e-13,3.5e-10,1.5e-10,0.0606,33400000000.0,1640000000.0,11.47,-77.72
2.6e-05,2e-05,4e-13,3.5e-10,2.5e-10,0.0606,33400000000.0,1650000000.0,11.48,-77.78
2.6e-05,2e-05,4e-13,4.5e-10,1e-10,0.0606,30500000000.0,1510000000.0,11.81,-76.48
2.6e-05,2e-05,4e-13,4.5e-10,1.5e-10,0.0606,30500000000.0,1510000000.0,11.8,-76.38
2.6e-05,2e-05,4e-13,4.5e-10,2e-10,0.0606,30500000000.0,1520000000.0,11.8,-76.44
2.6e-05,2e-05,4e-13,4.5e-10,2.5e-10,0.0606,30500000000.0,1510000000.0,11.8,-76.53
2.6e-05,2e-05,4e-13,5e-10,1e-10,0.0606,29500000000.0,1480000000.0,11.9,-75.84
2.6e-05,2e-05,4e-13,5e-10,2e-10,0.0606,29500000000.0,1480000000.0,11.89,-76.0
2.6e-05,2e-05,4e-13,5e-10,2.5e-10,0.0606,29500000000.0,1480000000.0,11.89,-75.67
2.6e-05,2e-05,6e-13,4e-10,1.5e-10,0.0606,31800000000.0,1560000000.0,11.68,-76.87
2.6e-05,2e-05,6e-13,3e-10,1e-10,0.0606,35400000000.0,1770000000.0,11.16,-78.12
2.6e-05,2e-05,6e-13,3e-10,5e-11,0.0606,35400000000.0,1770000000.0,11.16,-78.69
2.6e-05,2e-05,6e-13,3e-10,1.5e-10,0.0606,35400000000.0,1770000000.0,11.16,-78.35
2.6e-05,2e-05,6e-13,3e-10,2e-10,0.0606,35400000000.0,1780000000.0,11.16,-79.54
2.6e-05,2e-05,6e-13,3e-10,2.5e-10,0.0606,35400000000.0,1760000000.0,11.16,-78.49
2.6e-05,2e-05,6e-13,3.5e-10,1e-10,0.0606,33400000000.0,1650000000.0,11.48,-77.67
2.6e-05,2e-05,6e-13,3.5e-10,5e-11,0.0606,33400000000.0,1650000000.0,11.48,-77.66
2.6e-05,2e-05,6e-13,3.5e-10,2e-10,0.0606,33400000000.0,1640000000.0,11.48,-77.63
2.6e-05,2e-05,6e-13,4.5e-10,1e-10,0.0606,30500000000.0,1510000000.0,11.81,-76.29
2.6e-05,2e-05,6e-13,4.5e-10,1.5e-10,0.0606,30500000000.0,1520000000.0,11.8,-76.42
2.6e-05,2e-05,6e-13,4.5e-10,2e-10,0.0606,30500000000.0,1510000000.0,11.81,-76.36
2.6e-05,2e-05,6e-13,4.5e-10,2.5e-10,0.0606,30500000000.0,1520000000.0,11.8,-76.46
2.6e-05,2e-05,6e-13,5e-10,1e-10,0.0606,29500000000.0,1480000000.0,11.9,-75.82
2.6e-05,2e-05,6e-13,5e-10,5e-11,0.0606,29500000000.0,1480000000.0,11.9,-75.87
2.6e-05,2e-05,6e-13,5e-10,1.5e-10,0.0606,29400000000.0,1470000000.0,11.9,-76.02
2.6e-05,2e-05,6e-13,5e-10,2e-10,0.0606,29400000000.0,1480000000.0,11.9,-75.84
2.6e-05,2e-05,6e-13,5e-10,2.5e-10,0.0606,29400000000.0,1470000000.0,11.9,-76.11
2.6e-05,2e-05,7e-13,4e-10,1e-10,0.0606,31800000000.0,1570000000.0,11.67,-77.1
2.6e-05,2e-05,7e-13,4e-10,5e-11,0.0606,31800000000.0,1560000000.0,11.68,-76.99
2.6e-05,2e-05,7e-13,4e-10,1.5e-10,0.0606,31800000000.0,1570000000.0,11.67,-76.98
2.6e-05,2e-05,7e-13,4e-10,2e-10,0.0606,31800000000.0,1560000000.0,11.68,-76.91
2.6e-05,2e-05,7e-13,3e-10,5e-11,0.0606,35400000000.0,1760000000.0,11.16,-78.74
2.6e-05,2e-05,7e-13,3e-10,1.5e-10,0.0606,35400000000.0,1760000000.0,11.16,-78.58
2.6e-05,2e-05,7e-13,3e-10,2e-10,0.0606,35400000000.0,1760000000.0,11.16,-78.71
2.6e-05,2e-05,7e-13,3e-10,2.5e-10,0.0606,35400000000.0,1760000000.0,11.16,-78.78
2.6e-05,2e-05,7e-13,3.5e-10,1.5e-10,0.0606,33400000000.0,1650000000.0,11.48,-77.71
2.6e-05,2e-05,7e-13,3.5e-10,2e-10,0.0606,33400000000.0,1640000000.0,11.47,-77.73
2.6e-05,2e-05,7e-13,3.5e-10,2.5e-10,0.0606,33400000000.0,1650000000.0,11.48,-77.6
2.6e-05,2e-05,7e-13,4.5e-10,1e-10,0.0606,30500000000.0,1510000000.0,11.81,-76.51
2.6e-05,2e-05,7e-13,4.5e-10,5e-11,0.0606,30500000000.0,1510000000.0,11.81,-76.3
2.6e-05,2e-05,7e-13,4.5e-10,1.5e-10,0.0606,30500000000.0,1510000000.0,11.81,-76.45
2.6e-05,2e-05,7e-13,4.5e-10,2e-10,0.0606,30500000000.0,1520000000.0,11.8,-76.43
2.6e-05,2e-05,7e-13,5e-10,1e-10,0.0606,29400000000.0,1470000000.0,11.9,-75.98
2.6e-05,2e-05,7e-13,5e-10,5e-11,0.0606,29400000000.0,1480000000.0,11.9,-75.83
2.6e-05,2e-05,7e-13,5e-10,1.5e-10,0.0606,29400000000.0,1470000000.0,11.9,-76.01
2.6e-05,2e-05,7e-13,5e-10,2e-10,0.0606,29400000000.0,1470000000.0,11.9,-76.05
2.6e-05,2e-05,7e-13,5e-10,2.5e-10,0.0606,29400000000.0,1470000000.0,11.9,-75.99
2.6e-05,2.1e-05,5e-13,4e-10,1e-10,0.0606,31700000000.0,1520000000.0,11.63,-77.26
2.6e-05,2.1e-05,5e-13,4e-10,5e-11,0.0606,31700000000.0,1520000000.0,11.62,-76.94
2.6e-05,2.1e-05,5e-13,4e-10,1.5e-10,0.0606,31700000000.0,1520000000.0,11.62,-76.8
2.6e-05,2.1e-05,5e-13,4e-10,2.5e-10,0.0606,31700000000.0,1520000000.0,11.62,-76.99
2.6e-05,2.1e-05,5e-13,3e-10,1e-10,0.0606,35300000000.0,1700000000.0,11.1,-78.51
2.6e-05,2.1e-05,5e-13,3e-10,5e-11,0.0606,35300000000.0,1700000000.0,11.1,-78.48
2.6e-05,2.1e-05,5e-13,3e-10,1.5e-10,0.0606,35300000000.0,1690000000.0,11.1,-78.46
2.6e-05,2.1e-05,5e-13,3e-10,2e-10,0.0606,35300000000.0,1700000000.0,11.1,-78.65
2.6e-05,2.1e-05,5e-13,3.5e-10,1e-10,0.0606,33300000000.0,1580000000.0,11.42,-77.55
2.6e-05,2.1e-05,5e-13,3.5e-10,5e-11,0.0606,33300000000.0,1600000000.0,11.42,-77.6
2.6e-05,2.1e-05,5e-13,3.5e-10,1.5e-10,0.0606,33300000000.0,1590000000.0,11.42,-77.64
2.6e-05,2.1e-05,5e-13,3.5e-10,2e-10,0.0606,33300000000.0,1600000000.0,11.42,-77.56
2.6e-05,2.1e-05,5e-13,3.5e-10,2.5e-10,0.0606,33300000000.0,1590000000.0,11.42,-77.51
2.6e-05,2.1e-05,5e-13,4.5e-10,1e-10,0.0606,30400000000.0,1460000000.0,11.76,-76.27
2.6e-05,2.1e-05,5e-13,4.5e-10,5e-11,0.0606,30400000000.0,1460000000.0,11.76,-76.28
2.6e-05,2.1e-05,5e-13,4.5e-10,1.5e-10,0.0606,30400000000.0,1470000000.0,11.76,-76.34
2.6e-05,2.1e-05,5e-13,4.5e-10,2e-10,0.0606,30400000000.0,1460000000.0,11.76,-76.4
2.6e-05,2.1e-05,5e-13,4.5e-10,2.5e-10,0.0606,30400000000.0,1470000000.0,11.76,-76.27
2.6e-05,2.1e-05,5e-13,5e-10,1e-10,0.0606,29400000000.0,1430000000.0,11.85,-75.8
2.6e-05,2.1e-05,5e-13,5e-10,5e-11,0.0606,29400000000.0,1440000000.0,11.85,-75.82
2.6e-05,2.1e-05,5e-13,5e-10,1.5e-10,0.0606,29400000000.0,1430000000.0,11.85,-75.95
2.6e-05,2.1e-05,5e-13,5e-10,2e-10,0.0606,29400000000.0,1430000000.0,11.85,-75.9
2.6e-05,2.1e-05,3e-13,4e-10,1e-10,0.0606,31700000000.0,1510000000.0,11.62,-76.95
2.6e-05,2.1e-05,3e-13,4e-10,5e-11,0.0606,31700000000.0,1510000000.0,11.62,-76.92
2.6e-05,2.1e-05,3e-13,4e-10,1.5e-10,0.0606,31700000000.0,1520000000.0,11.63,-76.77
2.6e-05,2.1e-05,3e-13,4e-10,2e-10,0.0606,31700000000.0,1520000000.0,11.62,-77.02
2.6e-05,2.1e-05,3e-13,4e-10,2.5e-10,0.0606,31700000000.0,1520000000.0,11.62,-76.81
2.6e-05,2.1e-05,3e-13,3e-10,1e-10,0.0606,35300000000.0,1710000000.0,11.1,-78.43
2.6e-05,2.1e-05,3e-13,3e-10,5e-11,0.0606,35300000000.0,1700000000.0,11.1,-77.92
2.6e-05,2.1e-05,3e-13,3e-10,1.5e-10,0.0606,35300000000.0,1710000000.0,11.09,-78.44
2.6e-05,2.1e-05,3e-13,3e-10,2e-10,0.0606,35300000000.0,1700000000.0,11.1,-78.46
2.6e-05,2.1e-05,3e-13,3e-10,2.5e-10,0.0606,35300000000.0,1700000000.0,11.1,-78.5
2.6e-05,2.1e-05,3e-13,3.5e-10,1e-10,0.0606,33300000000.0,1590000000.0,11.42,-77.93
2.6e-05,2.1e-05,3e-13,3.5e-10,5e-11,0.0606,33300000000.0,1600000000.0,11.42,-77.66
2.6e-05,2.1e-05,3e-13,3.5e-10,1.5e-10,0.0606,33300000000.0,1590000000.0,11.42,-77.18
2.6e-05,2.1e-05,3e-13,3.5e-10,2e-10,0.0606,33300000000.0,1600000000.0,11.42,-77.61
2.6e-05,2.1e-05,3e-13,3.5e-10,2.5e-10,0.0606,33300000000.0,1590000000.0,11.42,-77.63
2.6e-05,2.1e-05,3e-13,4.5e-10,1e-10,0.0606,30400000000.0,1480000000.0,11.76,-76.32
2.6e-05,2.1e-05,3e-13,4.5e-10,5e-11,0.0606,30400000000.0,1470000000.0,11.76,-76.64
2.6e-05,2.1e-05,3e-13,4.5e-10,1.5e-10,0.0606,30400000000.0,1470000000.0,11.76,-76.32
2.6e-05,2.1e-05,3e-13,4.5e-10,2e-10,0.0606,30400000000.0,1470000000.0,11.76,-76.47
2.6e-05,2.1e-05,3e-13,4.5e-10,2.5e-10,0.0606,30400000000.0,1460000000.0,11.76,-76.34
2.6e-05,2.1e-05,3e-13,5e-10,1e-10,0.0606,29400000000.0,1430000000.0,11.85,-75.94
2.6e-05,2.1e-05,3e-13,5e-10,5e-11,0.0606,29400000000.0,1440000000.0,11.85,-75.87
2.6e-05,2.1e-05,3e-13,5e-10,1.5e-10,0.0606,29400000000.0,1440000000.0,11.85,-75.9
2.6e-05,2.1e-05,3e-13,5e-10,2e-10,0.0606,29400000000.0,1420000000.0,11.86,-75.85
2.6e-05,2.1e-05,3e-13,5e-10,2.5e-10,0.0606,29400000000.0,1430000000.0,11.85,-75.96
2.6e-05,2.1e-05,4e-13,4e-10,5e-11,0.0606,31700000000.0,1510000000.0,11.62,-76.93
2.6e-05,2.1e-05,4e-13,4e-10,1.5e-10,0.0606,31700000000.0,1520000000.0,11.62,-76.92
2.6e-05,2.1e-05,4e-13,4e-10,2e-10,0.0606,31700000000.0,1510000000.0,11.62,-76.94
2.6e-05,2.1e-05,4e-13,4e-10,2.5e-10,0.0606,31700000000.0,1520000000.0,11.62,-76.82
2.6e-05,2.1e-05,4e-13,3e-10,1e-10,0.0606,35300000000.0,1700000000.0,11.1,-74.1
2.6e-05,2.1e-05,4e-13,3e-10,5e-11,0.0606,35300000000.0,1700000000.0,11.1,-78.64
2.6e-05,2.1e-05,4e-13,3e-10,1.5e-10,0.0606,35300000000.0,1710000000.0,11.09,-77.82
2.6e-05,2.1e-05,4e-13,3e-10,2e-10,0.0606,35300000000.0,1710000000.0,11.1,-78.5
2.6e-05,2.1e-05,4e-13,3e-10,2.5e-10,0.0606,35300000000.0,1700000000.0,11.1,-77.99
2.6e-05,2.1e-05,4e-13,3.5e-10,1e-10,0.0606,33300000000.0,1590000000.0,11.42,-77.54
2.6e-05,2.1e-05,4e-13,3.5e-10,5e-11,0.0606,33300000000.0,1600000000.0,11.42,-77.02
2.6e-05,2.1e-05,4e-13,3.5e-10,2e-10,0.0606,33300000000.0,1590000000.0,11.42,-77.66
2.6e-05,2.1e-05,4e-13,3.5e-10,2.5e-10,0.0606,33300000000.0,1590000000.0,11.42,-75.34
2.6e-05,2.1e-05,4e-13,4.5e-10,5e-11,0.0606,30400000000.0,1470000000.0,11.76,-77.55
2.6e-05,2.1e-05,4e-13,4.5e-10,1.5e-10,0.0606,30400000000.0,1470000000.0,11.76,-76.33
2.6e-05,2.1e-05,4e-13,4.5e-10,2e-10,0.0606,30400000000.0,1470000000.0,11.76,-76.31
2.6e-05,2.1e-05,4e-13,4.5e-10,2.5e-10,0.0606,30400000000.0,1470000000.0,11.76,-76.7
2.6e-05,2.1e-05,4e-13,5e-10,1e-10,0.0606,29400000000.0,1430000000.0,11.85,-75.84
2.6e-05,2.1e-05,4e-13,5e-10,5e-11,0.0606,29400000000.0,1430000000.0,11.85,-75.77
2.6e-05,2.1e-05,4e-13,5e-10,1.5e-10,0.0606,29400000000.0,1430000000.0,11.86,-75.93
2.6e-05,2.1e-05,4e-13,5e-10,2.5e-10,0.0606,29400000000.0,1420000000.0,11.86,-75.84
2.6e-05,2.1e-05,6e-13,4e-10,1e-10,0.0606,31700000000.0,1520000000.0,11.62,-77.14
2.6e-05,2.1e-05,6e-13,4e-10,1.5e-10,0.0606,31700000000.0,1520000000.0,11.63,-76.85
2.6e-05,2.1e-05,6e-13,3e-10,1e-10,0.0606,35300000000.0,1700000000.0,11.1,-78.49
2.6e-05,2.1e-05,6e-13,3e-10,5e-11,0.0606,35300000000.0,1700000000.0,11.09,-78.42
2.6e-05,2.1e-05,6e-13,3e-10,1.5e-10,0.0606,35300000000.0,1700000000.0,11.1,-78.33
2.6e-05,2.1e-05,6e-13,3e-10,2e-10,0.0606,35300000000.0,1710000000.0,11.09,-78.5
2.6e-05,2.1e-05,6e-13,3.5e-10,1e-10,0.0606,33300000000.0,1590000000.0,11.42,-77.59
2.6e-05,2.1e-05,6e-13,3.5e-10,5e-11,0.0606,33300000000.0,1600000000.0,11.42,-77.65
2.6e-05,2.1e-05,6e-13,3.5e-10,1.5e-10,0.0606,33300000000.0,1590000000.0,11.42,-76.97
2.6e-05,2.1e-05,6e-13,3.5e-10,2e-10,0.0606,33300000000.0,1590000000.0,11.42,-77.55
2.6e-05,2.1e-05,6e-13,4.5e-10,1e-10,0.0606,30400000000.0,1480000000.0,11.76,-76.35
2.6e-05,2.1e-05,6e-13,4.5e-10,5e-11,0.0606,30400000000.0,1470000000.0,11.76,-76.29
2.6e-05,2.1e-05,6e-13,4.5e-10,1.5e-10,0.0606,30400000000.0,1460000000.0,11.76,-76.39
2.6e-05,2.1e-05,6e-13,4.5e-10,2e-10,0.0606,30400000000.0,1470000000.0,11.76,-76.21
2.6e-05,2.1e-05,6e-13,4.5e-10,2.5e-10,0.0606,30400000000.0,1470000000.0,11.76,-76.38
2.6e-05,2.1e-05,6e-13,5e-10,1e-10,0.0606,29400000000.0,1430000000.0,11.86,-75.74
2.6e-05,2.1e-05,6e-13,5e-10,5e-11,0.0606,29400000000.0,1430000000.0,11.85,-75.92
2.6e-05,2.1e-05,6e-13,5e-10,2e-10,0.0606,29400000000.0,1420000000.0,11.86,-75.93
2.6e-05,2.1e-05,6e-13,5e-10,2.5e-10,0.0606,29400000000.0,1430000000.0,11.85,-75.76
2.6e-05,2.1e-05,7e-13,4e-10,1e-10,0.0606,31700000000.0,1520000000.0,11.62,-77.03
2.6e-05,2.1e-05,7e-13,4e-10,1.5e-10,0.0606,31700000000.0,1520000000.0,11.63,-76.84
2.6e-05,2.1e-05,7e-13,4e-10,2.5e-10,0.0606,31700000000.0,1510000000.0,11.62,-76.83
2.6e-05,2.1e-05,7e-13,3e-10,1e-10,0.0606,35300000000.0,1710000000.0,11.1,-78.54
2.6e-05,2.1e-05,7e-13,3e-10,5e-11,0.0606,35300000000.0,1700000000.0,11.1,-78.38
2.6e-05,2.1e-05,7e-13,3e-10,1.5e-10,0.0606,35300000000.0,1700000000.0,11.1,-72.22
2.6e-05,2.1e-05,7e-13,3e-10,2.5e-10,0.0606,35300000000.0,1700000000.0,11.1,-78.74
2.6e-05,2.1e-05,7e-13,3.5e-10,1e-10,0.0606,33300000000.0,1580000000.0,11.42,-77.5
2.6e-05,2.1e-05,7e-13,3.5e-10,1.5e-10,0.0606,33300000000.0,1590000000.0,11.42,-77.85
2.6e-05,2.1e-05,7e-13,4.5e-10,1e-10,0.0606,30400000000.0,1470000000.0,11.76,-76.2
2.6e-05,2.1e-05,7e-13,4.5e-10,2e-10,0.0606,30400000000.0,1470000000.0,11.76,-76.48
2.6e-05,2.1e-05,7e-13,4.5e-10,2.5e-10,0.0606,30400000000.0,1470000000.0,11.76,-76.22
2.6e-05,2.1e-05,7e-13,5e-10,5e-11,0.0606,29400000000.0,1440000000.0,11.85,-75.86
2.6e-05,2.1e-05,7e-13,5e-10,2e-10,0.0606,29400000000.0,1420000000.0,11.86,-75.94
2.6e-05,2.1e-05,7e-13,5e-10,2.5e-10,0.0606,29400000000.0,1420000000.0,11.85,-75.95
2.6e-05,2.2e-05,5e-13,4e-10,1e-10,0.0606,31700000000.0,1460000000.0,11.57,-76.91
2.6e-05,2.2e-05,5e-13,4e-10,5e-11,0.0606,31700000000.0,1460000000.0,11.57,-76.74
2.6e-05,2.2e-05,5e-13,4e-10,1.5e-10,0.0606,31700000000.0,1450000000.0,11.57,-76.71
2.6e-05,2.2e-05,5e-13,4e-10,2e-10,0.0606,31700000000.0,1460000000.0,11.57,-76.83
2.6e-05,2.2e-05,5e-13,4e-10,2.5e-10,0.0606,31700000000.0,1460000000.0,11.57,-76.81
2.6e-05,2.2e-05,5e-13,3e-10,1e-10,0.0606,35300000000.0,1630000000.0,11.02,-76.21
2.6e-05,2.2e-05,5e-13,3e-10,5e-11,0.0606,35300000000.0,1620000000.0,11.03,-77.62
2.6e-05,2.2e-05,5e-13,3e-10,1.5e-10,0.0606,35300000000.0,1630000000.0,11.02,-78.28
2.6e-05,2.2e-05,5e-13,3e-10,2e-10,0.0606,35300000000.0,1630000000.0,11.02,-78.2
2.6e-05,2.2e-05,5e-13,3e-10,2.5e-10,0.0606,35300000000.0,1620000000.0,11.03,-80.88
2.6e-05,2.2e-05,5e-13,3.5e-10,1e-10,0.0606,33300000000.0,1520000000.0,11.36,-77.45
2.6e-05,2.2e-05,5e-13,3.5e-10,1.5e-10,0.0606,33300000000.0,1520000000.0,11.36,-77.41
2.6e-05,2.2e-05,5e-13,3.5e-10,2e-10,0.0606,33300000000.0,1520000000.0,11.36,-77.48
2.6e-05,2.2e-05,5e-13,3.5e-10,2.5e-10,0.0606,33300000000.0,1530000000.0,11.36,-77.43
2.6e-05,2.2e-05,5e-13,4.5e-10,1e-10,0.0606,30400000000.0,1420000000.0,11.71,-76.27
2.6e-05,2.2e-05,5e-13,4.5e-10,5e-11,0.0606,30400000000.0,1410000000.0,11.71,-76.27
2.6e-05,2.2e-05,5e-13,4.5e-10,1.5e-10,0.0606,30400000000.0,1410000000.0,11.71,-76.23
2.6e-05,2.2e-05,5e-13,4.5e-10,2e-10,0.0606,30400000000.0,1410000000.0,11.71,-76.16
2.6e-05,2.2e-05,5e-13,5e-10,1e-10,0.0606,29300000000.0,1380000000.0,11.81,-75.86
2.6e-05,2.2e-05,5e-13,5e-10,5e-11,0.0606,29300000000.0,1370000000.0,11.81,-75.74
2.6e-05,2.2e-05,5e-13,5e-10,1.5e-10,0.0606,29300000000.0,1380000000.0,11.81,-75.83
2.6e-05,2.2e-05,5e-13,5e-10,2e-10,0.0606,29300000000.0,1370000000.0,11.81,-75.87
2.6e-05,2.2e-05,5e-13,5e-10,2.5e-10,0.0606,29300000000.0,1380000000.0,11.81,-75.78
2.6e-05,2.2e-05,3e-13,4e-10,1e-10,0.0606,31700000000.0,1450000000.0,11.57,-76.78
2.6e-05,2.2e-05,3e-13,4e-10,5e-11,0.0606,31700000000.0,1470000000.0,11.57,-76.76
2.6e-05,2.2e-05,3e-13,4e-10,1.5e-10,0.0606,31700000000.0,1470000000.0,11.57,-76.75
2.6e-05,2.2e-05,3e-13,4e-10,2e-10,0.0606,31700000000.0,1470000000.0,11.57,-76.83
2.6e-05,2.2e-05,3e-13,4e-10,2.5e-10,0.0606,31700000000.0,1450000000.0,11.57,-76.81
2.6e-05,2.2e-05,3e-13,3e-10,1e-10,0.0606,35300000000.0,1640000000.0,11.02,-78.66
2.6e-05,2.2e-05,3e-13,3e-10,5e-11,0.0606,35300000000.0,1630000000.0,11.02,-78.21
2.6e-05,2.2e-05,3e-13,3e-10,1.5e-10,0.0606,35300000000.0,1640000000.0,11.02,-78.25
2.6e-05,2.2e-05,3e-13,3e-10,2e-10,0.0606,35300000000.0,1620000000.0,11.03,-78.35
2.6e-05,2.2e-05,3e-13,3e-10,2.5e-10,0.0606,35300000000.0,1630000000.0,11.03,-78.5
2.6e-05,2.2e-05,3e-13,3.5e-10,1e-10,0.0606,33300000000.0,1520000000.0,11.36,-77.36
2.6e-05,2.2e-05,3e-13,3.5e-10,5e-11,0.0606,33300000000.0,1530000000.0,11.36,-77.52
2.6e-05,2.2e-05,3e-13,3.5e-10,1.5e-10,0.0606,33300000000.0,1530000000.0,11.36,-77.42
2.6e-05,2.2e-05,3e-13,3.5e-10,2e-10,0.0606,33300000000.0,1530000000.0,11.36,-77.37
2.6e-05,2.2e-05,3e-13,4.5e-10,1e-10,0.0606,30400000000.0,1410000000.0,11.71,-76.22
2.6e-05,2.2e-05,3e-13,4.5e-10,5e-11,0.0606,30400000000.0,1410000000.0,11.71,-76.18
2.6e-05,2.2e-05,3e-13,4.5e-10,1.5e-10,0.0606,30400000000.0,1420000000.0,11.71,-76.14
2.6e-05,2.2e-05,3e-13,4.5e-10,2e-10,0.0606,30400000000.0,1410000000.0,11.71,-76.26
2.6e-05,2.2e-05,3e-13,5e-10,1e-10,0.0606,29300000000.0,1380000000.0,11.81,-71.97
2.6e-05,2.2e-05,3e-13,5e-10,5e-11,0.0606,29300000000.0,1380000000.0,11.8,-75.77
2.6e-05,2.2e-05,3e-13,5e-10,1.5e-10,0.0606,29300000000.0,1380000000.0,11.81,-75.73
2.6e-05,2.2e-05,3e-13,5e-10,2e-10,0.0606,29300000000.0,1370000000.0,11.81,-75.77
2.6e-05,2.2e-05,3e-13,5e-10,2.5e-10,0.0606,29300000000.0,1380000000.0,11.81,-75.7
2.6e-05,2.2e-05,4e-13,4e-10,1e-10,0.0606,31700000000.0,1450000000.0,11.57,-76.72
2.6e-05,2.2e-05,4e-13,4e-10,5e-11,0.0606,31700000000.0,1460000000.0,11.57,-76.66
2.6e-05,2.2e-05,4e-13,4e-10,1.5e-10,0.0606,31700000000.0,1470000000.0,11.57,-77.33
2.6e-05,2.2e-05,4e-13,4e-10,2e-10,0.0606,31700000000.0,1450000000.0,11.57,-76.75
2.6e-05,2.2e-05,4e-13,4e-10,2.5e-10,0.0606,31700000000.0,1450000000.0,11.57,-76.49
2.6e-05,2.2e-05,4e-13,3e-10,1e-10,0.0606,35300000000.0,1620000000.0,11.03,-78.34
2.6e-05,2.2e-05,4e-13,3e-10,5e-11,0.0606,35300000000.0,1640000000.0,11.02,-78.26
2.6e-05,2.2e-05,4e-13,3e-10,1.5e-10,0.0606,35300000000.0,1620000000.0,11.02,-78.27
2.6e-05,2.2e-05,4e-13,3e-10,2e-10,0.0606,35300000000.0,1640000000.0,11.02,-78.6
2.6e-05,2.2e-05,4e-13,3e-10,2.5e-10,0.0606,35300000000.0,1640000000.0,11.03,-78.0
2.6e-05,2.2e-05,4e-13,3.5e-10,1e-10,0.0606,33300000000.0,1530000000.0,11.36,-77.44
2.6e-05,2.2e-05,4e-13,3.5e-10,5e-11,0.0606,33300000000.0,1540000000.0,11.36,-77.35
2.6e-05,2.2e-05,4e-13,3.5e-10,1.5e-10,0.0606,33300000000.0,1520000000.0,11.36,-77.54
2.6e-05,2.2e-05,4e-13,3.5e-10,2e-10,0.0606,33300000000.0,1520000000.0,11.36,-77.49
2.6e-05,2.2e-05,4e-13,4.5e-10,1e-10,0.0606,30400000000.0,1410000000.0,11.71,-76.12
2.6e-05,2.2e-05,4e-13,4.5e-10,5e-11,0.0606,30400000000.0,1410000000.0,11.71,-76.35
2.6e-05,2.2e-05,4e-13,4.5e-10,2.5e-10,0.0606,30400000000.0,1410000000.0,11.71,-76.28
2.6e-05,2.2e-05,4e-13,5e-10,1e-10,0.0606,29300000000.0,1380000000.0,11.81,-75.82
2.6e-05,2.2e-05,4e-13,5e-10,5e-11,0.0606,29300000000.0,1380000000.0,11.81,-75.67
2.6e-05,2.2e-05,4e-13,5e-10,1.5e-10,0.0606,29300000000.0,1380000000.0,11.81,-75.71
2.6e-05,2.2e-05,4e-13,5e-10,2e-10,0.0606,29300000000.0,1380000000.0,11.81,-76.29
2.6e-05,2.2e-05,4e-13,5e-10,2.5e-10,0.0606,29300000000.0,1390000000.0,11.81,-75.74
2.6e-05,2.2e-05,6e-13,4e-10,1e-10,0.0606,31700000000.0,1460000000.0,11.57,-76.78
2.6e-05,2.2e-05,6e-13,4e-10,5e-11,0.0606,31700000000.0,1460000000.0,11.57,-76.84
2.6e-05,2.2e-05,6e-13,4e-10,1.5e-10,0.0606,31700000000.0,1460000000.0,11.57,-76.96
2.6e-05,2.2e-05,6e-13,4e-10,2.5e-10,0.0606,31700000000.0,1450000000.0,11.57,-76.77
2.6e-05,2.2e-05,6e-13,3e-10,1e-10,0.0606,35300000000.0,1630000000.0,11.03,-78.2
2.6e-05,2.2e-05,6e-13,3e-10,5e-11,0.0606,35300000000.0,1630000000.0,11.03,-78.26
2.6e-05,2.2e-05,6e-13,3e-10,1.5e-10,0.0606,35300000000.0,1630000000.0,11.02,-78.19
2.6e-05,2.2e-05,6e-13,3e-10,2e-10,0.0606,35300000000.0,1630000000.0,11.02,-78.35
2.6e-05,2.2e-05,6e-13,3e-10,2.5e-10,0.0606,35300000000.0,1630000000.0,11.03,-78.32
2.6e-05,2.2e-05,6e-13,3.5e-10,1e-10,0.0606,33200000000.0,1530000000.0,11.36,-77.36
2.6e-05,2.2e-05,6e-13,3.5e-10,1.5e-10,0.0606,33200000000.0,1520000000.0,11.36,-77.37
2.6e-05,2.2e-05,6e-13,3.5e-10,2e-10,0.0606,33300000000.0,1520000000.0,11.36,-77.42
2.6e-05,2.2e-05,6e-13,3.5e-10,2.5e-10,0.0606,33300000000.0,1530000000.0,11.36,-77.45
2.6e-05,2.2e-05,6e-13,4.5e-10,1.5e-10,0.0606,30400000000.0,1420000000.0,11.71,-76.22
2.6e-05,2.2e-05,6e-13,5e-10,1e-10,0.0606,29300000000.0,1390000000.0,11.81,-75.78
2.6e-05,2.2e-05,6e-13,5e-10,5e-11,0.0606,29300000000.0,1390000000.0,11.81,-75.79
2.6e-05,2.2e-05,6e-13,5e-10,2e-10,0.0606,29300000000.0,1370000000.0,11.81,-75.76
2.6e-05,2.2e-05,6e-13,5e-10,2.5e-10,0.0606,29300000000.0,1380000000.0,11.81,-75.74
2.6e-05,2.2e-05,7e-13,4e-10,1.5e-10,0.0606,31700000000.0,1460000000.0,11.57,-76.92
2.6e-05,2.2e-05,7e-13,4e-10,2e-10,0.0606,31700000000.0,1460000000.0,11.57,-76.71
2.6e-05,2.2e-05,7e-13,4e-10,2.5e-10,0.0606,31700000000.0,1460000000.0,11.57,-76.85
2.6e-05,2.2e-05,7e-13,3e-10,1e-10,0.0606,35300000000.0,1630000000.0,11.03,-78.27
2.6e-05,2.2e-05,7e-13,3e-10,5e-11,0.0606,35300000000.0,1630000000.0,11.02,-78.22
2.6e-05,2.2e-05,7e-13,3e-10,2e-10,0.0606,35300000000.0,1630000000.0,11.03,-78.28
2.6e-05,2.2e-05,7e-13,3e-10,2.5e-10,0.0606,35300000000.0,1630000000.0,11.03,-78.69
2.6e-05,2.2e-05,7e-13,3.5e-10,1e-10,0.0606,33200000000.0,1510000000.0,11.36,-77.18
2.6e-05,2.2e-05,7e-13,3.5e-10,5e-11,0.0606,33200000000.0,1530000000.0,11.36,-77.44
2.6e-05,2.2e-05,7e-13,3.5e-10,1.5e-10,0.0606,33200000000.0,1530000000.0,11.36,-77.52
2.6e-05,2.2e-05,7e-13,3.5e-10,2e-10,0.0606,33200000000.0,1530000000.0,11.36,-77.46
2.6e-05,2.2e-05,7e-13,3.5e-10,2.5e-10,0.0606,33200000000.0,1530000000.0,11.36,-77.51
2.6e-05,2.2e-05,7e-13,4.5e-10,1e-10,0.0606,30400000000.0,1420000000.0,11.71,-76.19
2.6e-05,2.2e-05,7e-13,4.5e-10,1.5e-10,0.0606,30400000000.0,1410000000.0,11.71,-76.31
2.6e-05,2.2e-05,7e-13,4.5e-10,2e-10,0.0606,30400000000.0,1410000000.0,11.71,-76.32
2.6e-05,2.2e-05,7e-13,4.5e-10,2.5e-10,0.0606,30400000000.0,1420000000.0,11.71,-76.25
2.6e-05,2.2e-05,7e-13,5e-10,2e-10,0.0606,29300000000.0,1380000000.0,11.81,-75.79
2.6e-05,2.3e-05,5e-13,4e-10,1e-10,0.0606,31600000000.0,1390000000.0,11.52,-76.51
2.6e-05,2.3e-05,5e-13,4e-10,5e-11,0.0606,31600000000.0,1390000000.0,11.52,-76.66
2.6e-05,2.3e-05,5e-13,4e-10,1.5e-10,0.0606,31600000000.0,1390000000.0,11.52,-75.57
2.6e-05,2.3e-05,5e-13,4e-10,2e-10,0.0606,31600000000.0,1390000000.0,11.52,-76.62
2.6e-05,2.3e-05,5e-13,4e-10,2.5e-10,0.0606,31600000000.0,1390000000.0,11.51,-76.62
2.6e-05,2.3e-05,5e-13,3e-10,1e-10,0.0606,35200000000.0,1540000000.0,10.95,-78.06
2.6e-05,2.3e-05,5e-13,3e-10,5e-11,0.0606,35200000000.0,1520000000.0,10.95,-78.14
2.6e-05,2.3e-05,5e-13,3e-10,1.5e-10,0.0606,35200000000.0,1530000000.0,10.95,-78.14
2.6e-05,2.3e-05,5e-13,3e-10,2e-10,0.0606,35200000000.0,1530000000.0,10.95,-78.03
2.6e-05,2.3e-05,5e-13,3e-10,2.5e-10,0.0606,35200000000.0,1540000000.0,10.95,-78.14
2.6e-05,2.3e-05,5e-13,3.5e-10,1e-10,0.0606,33200000000.0,1460000000.0,11.29,-77.33
2.6e-05,2.3e-05,5e-13,3.5e-10,1.5e-10,0.0606,33200000000.0,1440000000.0,11.3,-77.3
2.6e-05,2.3e-05,5e-13,3.5e-10,2e-10,0.0606,33200000000.0,1450000000.0,11.29,-77.27
2.6e-05,2.3e-05,5e-13,3.5e-10,2.5e-10,0.0606,33200000000.0,1440000000.0,11.3,-77.36
2.6e-05,2.3e-05,5e-13,4.5e-10,1e-10,0.0606,30300000000.0,1350000000.0,11.66,-76.18
2.6e-05,2.3e-05,5e-13,4.5e-10,5e-11,0.0606,30300000000.0,1350000000.0,11.66,-76.19
2.6e-05,2.3e-05,5e-13,4.5e-10,1.5e-10,0.0606,30300000000.0,1340000000.0,11.66,-76.17
2.6e-05,2.3e-05,5e-13,4.5e-10,2e-10,0.0606,30300000000.0,1350000000.0,11.66,-75.95
2.6e-05,2.3e-05,5e-13,4.5e-10,2.5e-10,0.0606,30300000000.0,1350000000.0,11.66,-76.05
2.6e-05,2.3e-05,5e-13,5e-10,1e-10,0.0606,29300000000.0,1320000000.0,11.76,-75.72
2.6e-05,2.3e-05,5e-13,5e-10,5e-11,0.0606,29300000000.0,1330000000.0,11.76,-75.64
2.6e-05,2.3e-05,5e-13,5e-10,1.5e-10,0.0606,29300000000.0,1320000000.0,11.76,-75.73
2.6e-05,2.3e-05,5e-13,5e-10,2e-10,0.0606,29300000000.0,1330000000.0,11.76,-75.66
2.6e-05,2.3e-05,5e-13,5e-10,2.5e-10,0.0606,29300000000.0,1330000000.0,11.76,-75.71
2.6e-05,2.3e-05,3e-13,4e-10,1e-10,0.0606,31600000000.0,1390000000.0,11.52,-76.67
2.6e-05,2.3e-05,3e-13,4e-10,5e-11,0.0606,31600000000.0,1390000000.0,11.52,-76.38
2.6e-05,2.3e-05,3e-13,4e-10,1.5e-10,0.0606,31600000000.0,1390000000.0,11.51,-76.59
2.6e-05,2.3e-05,3e-13,4e-10,2e-10,0.0606,31600000000.0,1400000000.0,11.51,-76.63
2.6e-05,2.3e-05,3e-13,4e-10,2.5e-10,0.0606,31600000000.0,1390000000.0,11.51,-76.75
2.6e-05,2.3e-05,3e-13,3e-10,1e-10,0.0606,35200000000.0,1530000000.0,10.96,-78.21
2.6e-05,2.3e-05,3e-13,3e-10,5e-11,0.0606,35200000000.0,1540000000.0,10.95,-78.04
2.6e-05,2.3e-05,3e-13,3e-10,1.5e-10,0.0606,35200000000.0,1530000000.0,10.95,-78.18
2.6e-05,2.3e-05,3e-13,3e-10,2e-10,0.0606,35200000000.0,1540000000.0,10.95,-78.27
2.6e-05,2.3e-05,3e-13,3.5e-10,1e-10,0.0606,33200000000.0,1440000000.0,11.3,-76.82
2.6e-05,2.3e-05,3e-13,3.5e-10,5e-11,0.0606,33200000000.0,1460000000.0,11.29,-77.34
2.6e-05,2.3e-05,3e-13,3.5e-10,1.5e-10,0.0606,33200000000.0,1450000000.0,11.29,-77.1
2.6e-05,2.3e-05,3e-13,3.5e-10,2e-10,0.0606,33200000000.0,1460000000.0,11.29,-77.21
2.6e-05,2.3e-05,3e-13,3.5e-10,2.5e-10,0.0606,33200000000.0,1450000000.0,11.3,-77.33
2.6e-05,2.3e-05,3e-13,4.5e-10,1e-10,0.0606,30300000000.0,1350000000.0,11.66,-76.12
2.6e-05,2.3e-05,3e-13,4.5e-10,5e-11,0.0606,30300000000.0,1350000000.0,11.66,-76.13
2.6e-05,2.3e-05,3e-13,4.5e-10,1.5e-10,0.0606,30300000000.0,1350000000.0,11.66,-76.02
2.6e-05,2.3e-05,3e-13,4.5e-10,2e-10,0.0606,30300000000.0,1350000000.0,11.66,-76.14
2.6e-05,2.3e-05,3e-13,5e-10,1e-10,0.0606,29300000000.0,1330000000.0,11.76,-75.6
2.6e-05,2.3e-05,3e-13,5e-10,5e-11,0.0606,29300000000.0,1320000000.0,11.76,-75.57
2.6e-05,2.3e-05,3e-13,5e-10,1.5e-10,0.0606,29300000000.0,1310000000.0,11.76,-75.69
2.6e-05,2.3e-05,3e-13,5e-10,2e-10,0.0606,29300000000.0,1330000000.0,11.76,-75.67
2.6e-05,2.3e-05,3e-13,5e-10,2.5e-10,0.0606,29300000000.0,1310000000.0,11.76,-75.68
2.6e-05,2.3e-05,4e-13,4e-10,5e-11,0.0606,31600000000.0,1390000000.0,11.51,-76.68
2.6e-05,2.3e-05,4e-13,4e-10,1.5e-10,0.0606,31600000000.0,1390000000.0,11.51,-76.42
2.6e-05,2.3e-05,4e-13,4e-10,2e-10,0.0606,31600000000.0,1390000000.0,11.51,-76.7
2.6e-05,2.3e-05,4e-13,3e-10,1e-10,0.0606,35200000000.0,1540000000.0,10.95,-78.18
2.6e-05,2.3e-05,4e-13,3e-10,5e-11,0.0606,35200000000.0,1530000000.0,10.95,-77.68
2.6e-05,2.3e-05,4e-13,3e-10,1.5e-10,0.0606,35200000000.0,1530000000.0,10.95,-78.06
2.6e-05,2.3e-05,4e-13,3e-10,2e-10,0.0606,35200000000.0,1530000000.0,10.95,-78.13
2.6e-05,2.3e-05,4e-13,3e-10,2.5e-10,0.0606,35200000000.0,1530000000.0,10.96,-78.11
2.6e-05,2.3e-05,4e-13,3.5e-10,1e-10,0.0606,33200000000.0,1450000000.0,11.3,-77.42
2.6e-05,2.3e-05,4e-13,3.5e-10,5e-11,0.0606,33200000000.0,1450000000.0,11.3,-77.25
2.6e-05,2.3e-05,4e-13,3.5e-10,1.5e-10,0.0606,33200000000.0,1450000000.0,11.3,-76.72
2.6e-05,2.3e-05,4e-13,3.5e-10,2e-10,0.0606,33200000000.0,1450000000.0,11.3,-77.36
2.6e-05,2.3e-05,4e-13,3.5e-10,2.5e-10,0.0606,33200000000.0,1450000000.0,11.3,-77.21
2.6e-05,2.3e-05,4e-13,4.5e-10,1e-10,0.0606,30300000000.0,1360000000.0,11.66,-76.14
2.6e-05,2.3e-05,4e-13,4.5e-10,2e-10,0.0606,30300000000.0,1340000000.0,11.66,-76.18
2.6e-05,2.3e-05,4e-13,4.5e-10,2.5e-10,0.0606,30300000000.0,1350000000.0,11.66,-76.26
2.6e-05,2.3e-05,4e-13,5e-10,1e-10,0.0606,29300000000.0,1320000000.0,11.76,-75.75
2.6e-05,2.3e-05,4e-13,5e-10,1.5e-10,0.0606,29300000000.0,1320000000.0,11.76,-75.65
2.6e-05,2.3e-05,4e-13,5e-10,2e-10,0.0606,29300000000.0,1330000000.0,11.76,-75.63
2.6e-05,2.3e-05,4e-13,5e-10,2.5e-10,0.0606,29300000000.0,1310000000.0,11.76,-75.71
2.6e-05,2.3e-05,6e-13,4e-10,1e-10,0.0606,31600000000.0,1390000000.0,11.51,-76.64
2.6e-05,2.3e-05,6e-13,4e-10,5e-11,0.0606,31600000000.0,1380000000.0,11.51,-76.66
2.6e-05,2.3e-05,6e-13,4e-10,1.5e-10,0.0606,31600000000.0,1390000000.0,11.51,-76.67
2.6e-05,2.3e-05,6e-13,4e-10,2e-10,0.0606,31600000000.0,1400000000.0,11.51,-76.61
2.6e-05,2.3e-05,6e-13,4e-10,2.5e-10,0.0606,31600000000.0,1390000000.0,11.52,-75.69
2.6e-05,2.3e-05,6e-13,3e-10,1e-10,0.0606,35200000000.0,1530000000.0,10.95,-78.17
2.6e-05,2.3e-05,6e-13,3e-10,1.5e-10,0.0606,35200000000.0,1530000000.0,10.95,-78.22
2.6e-05,2.3e-05,6e-13,3e-10,2e-10,0.0606,35200000000.0,1530000000.0,10.95,-78.12
2.6e-05,2.3e-05,6e-13,3e-10,2.5e-10,0.0606,35200000000.0,1530000000.0,10.95,-78.15
2.6e-05,2.3e-05,6e-13,3.5e-10,1e-10,0.0606,33200000000.0,1450000000.0,11.29,-77.29
2.6e-05,2.3e-05,6e-13,3.5e-10,5e-11,0.0606,33200000000.0,1440000000.0,11.29,-77.26
2.6e-05,2.3e-05,6e-13,3.5e-10,1.5e-10,0.0606,33200000000.0,1450000000.0,11.3,-77.07
2.6e-05,2.3e-05,6e-13,3.5e-10,2e-10,0.0606,33200000000.0,1450000000.0,11.3,-77.31
2.6e-05,2.3e-05,6e-13,3.5e-10,2.5e-10,0.0606,33200000000.0,1440000000.0,11.3,-77.25
2.6e-05,2.3e-05,6e-13,4.5e-10,5e-11,0.0606,30300000000.0,1360000000.0,11.66,-76.11
2.6e-05,2.3e-05,6e-13,4.5e-10,1.5e-10,0.0606,30300000000.0,1350000000.0,11.66,-76.41
2.6e-05,2.3e-05,6e-13,4.5e-10,2e-10,0.0606,30300000000.0,1350000000.0,11.66,-76.06
2.6e-05,2.3e-05,6e-13,5e-10,5e-11,0.0606,29300000000.0,1320000000.0,11.76,-75.7
2.6e-05,2.3e-05,6e-13,5e-10,1.5e-10,0.0606,29300000000.0,1320000000.0,11.76,-75.61
2.6e-05,2.3e-05,6e-13,5e-10,2.5e-10,0.0606,29300000000.0,1330000000.0,11.76,-75.56
2.6e-05,2.3e-05,7e-13,4e-10,5e-11,0.0606,31600000000.0,1390000000.0,11.51,-76.77
2.6e-05,2.3e-05,7e-13,4e-10,1.5e-10,0.0606,31600000000.0,1390000000.0,11.51,-76.54
2.6e-05,2.3e-05,7e-13,4e-10,2e-10,0.0606,31600000000.0,1390000000.0,11.51,-76.73
2.6e-05,2.3e-05,7e-13,4e-10,2.5e-10,0.0606,31600000000.0,1390000000.0,11.52,-76.55
2.6e-05,2.3e-05,7e-13,3e-10,1e-10,0.0606,35200000000.0,1540000000.0,10.95,-78.22
2.6e-05,2.3e-05,7e-13,3e-10,5e-11,0.0606,35200000000.0,1540000000.0,10.95,-78.05
2.6e-05,2.3e-05,7e-13,3e-10,1.5e-10,0.0606,35200000000.0,1540000000.0,10.95,-78.29
2.6e-05,2.3e-05,7e-13,3e-10,2.5e-10,0.0606,35200000000.0,1540000000.0,10.95,-78.01
2.6e-05,2.3e-05,7e-13,3.5e-10,1e-10,0.0606,33200000000.0,1440000000.0,11.3,-77.11
2.6e-05,2.3e-05,7e-13,3.5e-10,5e-11,0.0606,33200000000.0,1440000000.0,11.3,-77.1
2.6e-05,2.3e-05,7e-13,3.5e-10,1.5e-10,0.0606,33200000000.0,1450000000.0,11.3,-77.44
2.6e-05,2.3e-05,7e-13,3.5e-10,2e-10,0.0606,33200000000.0,1450000000.0,11.3,-77.3
2.6e-05,2.3e-05,7e-13,3.5e-10,2.5e-10,0.0606,33200000000.0,1450000000.0,11.3,-77.27
2.6e-05,2.3e-05,7e-13,4.5e-10,5e-11,0.0606,30300000000.0,1340000000.0,11.66,-76.16
2.6e-05,2.3e-05,7e-13,4.5e-10,2e-10,0.0606,30300000000.0,1350000000.0,11.66,-76.09
2.6e-05,2.3e-05,7e-13,4.5e-10,2.5e-10,0.0606,30300000000.0,1350000000.0,11.66,-76.15
2.6e-05,2.3e-05,7e-13,5e-10,1e-10,0.0606,29300000000.0,1320000000.0,11.76,-75.76
2.6e-05,2.3e-05,7e-13,5e-10,5e-11,0.0606,29300000000.0,1320000000.0,11.76,-75.63
2.6e-05,2.3e-05,7e-13,5e-10,1.5e-10,0.0606,29300000000.0,1320000000.0,11.76,-75.71
2.6e-05,2.3e-05,7e-13,5e-10,2e-10,0.0606,29300000000.0,1310000000.0,11.76,-75.73
2.6e-05,2.3e-05,7e-13,5e-10,2.5e-10,0.0606,29300000000.0,1320000000.0,11.76,-75.62
2.6e-05,2.4e-05,5e-13,4e-10,1e-10,0.0606,31600000000.0,1310000000.0,11.45,-76.52
2.6e-05,2.4e-05,5e-13,4e-10,5e-11,0.0606,31600000000.0,1310000000.0,11.45,-76.59
2.6e-05,2.4e-05,5e-13,4e-10,1.5e-10,0.0606,31600000000.0,1310000000.0,11.45,-76.7
2.6e-05,2.4e-05,5e-13,4e-10,2e-10,0.0606,31600000000.0,1300000000.0,11.46,-76.67
2.6e-05,2.4e-05,5e-13,4e-10,2.5e-10,0.0606,31600000000.0,1300000000.0,11.46,-76.54
2.6e-05,2.4e-05,5e-13,3e-10,1e-10,0.0606,35200000000.0,1430000000.0,10.87,-77.97
2.6e-05,2.4e-05,5e-13,3e-10,5e-11,0.0606,35200000000.0,1420000000.0,10.88,-77.98
2.6e-05,2.4e-05,5e-13,3e-10,1.5e-10,0.0606,35200000000.0,1420000000.0,10.88,-77.9
2.6e-05,2.4e-05,5e-13,3e-10,2e-10,0.0606,35200000000.0,1420000000.0,10.87,-77.92
2.6e-05,2.4e-05,5e-13,3e-10,2.5e-10,0.0606,35200000000.0,1420000000.0,10.88,-77.95
2.6e-05,2.4e-05,5e-13,3.5e-10,1e-10,0.0606,33200000000.0,1360000000.0,11.23,-77.13
2.6e-05,2.4e-05,5e-13,3.5e-10,5e-11,0.0606,33200000000.0,1360000000.0,11.23,-77.16
2.6e-05,2.4e-05,5e-13,3.5e-10,1.5e-10,0.0606,33200000000.0,1350000000.0,11.23,-77.14
2.6e-05,2.4e-05,5e-13,3.5e-10,2e-10,0.0606,33200000000.0,1350000000.0,11.23,-77.43
2.6e-05,2.4e-05,5e-13,3.5e-10,2.5e-10,0.0606,33200000000.0,1360000000.0,11.23,-76.89
2.6e-05,2.4e-05,5e-13,4.5e-10,1e-10,0.0606,30300000000.0,1280000000.0,11.61,-75.98
2.6e-05,2.4e-05,5e-13,4.5e-10,5e-11,0.0606,30300000000.0,1280000000.0,11.6,-76.1
2.6e-05,2.4e-05,5e-13,4.5e-10,1.5e-10,0.0606,30300000000.0,1280000000.0,11.6,-76.03
2.6e-05,2.4e-05,5e-13,4.5e-10,2e-10,0.0606,30300000000.0,1270000000.0,11.6,-76.15
2.6e-05,2.4e-05,5e-13,4.5e-10,2.5e-10,0.0606,30300000000.0,1270000000.0,11.61,-75.81
2.6e-05,2.4e-05,5e-13,5e-10,1e-10,0.0606,29200000000.0,1250000000.0,11.71,-75.66
2.6e-05,2.4e-05,5e-13,5e-10,5e-11,0.0606,29200000000.0,1250000000.0,11.71,-75.58
2.6e-05,2.4e-05,5e-13,5e-10,1.5e-10,0.0606,29200000000.0,1240000000.0,11.71,-75.61
2.6e-05,2.4e-05,5e-13,5e-10,2e-10,0.0606,29200000000.0,1260000000.0,11.71,-75.65
2.6e-05,2.4e-05,5e-13,5e-10,2.5e-10,0.0606,29200000000.0,1250000000.0,11.71,-75.57
2.6e-05,2.4e-05,3e-13,4e-10,1e-10,0.0606,31600000000.0,1310000000.0,11.45,-76.54
2.6e-05,2.4e-05,3e-13,4e-10,5e-11,0.0606,31600000000.0,1310000000.0,11.45,-76.71
2.6e-05,2.4e-05,3e-13,4e-10,1.5e-10,0.0606,31600000000.0,1320000000.0,11.45,-76.49
2.6e-05,2.4e-05,3e-13,4e-10,2e-10,0.0606,31600000000.0,1310000000.0,11.46,-76.49
2.6e-05,2.4e-05,3e-13,4e-10,2.5e-10,0.0606,31600000000.0,1300000000.0,11.46,-76.63
2.6e-05,2.4e-05,3e-13,3e-10,1e-10,0.0606,35200000000.0,1430000000.0,10.87,-77.87
2.6e-05,2.4e-05,3e-13,3e-10,1.5e-10,0.0606,35200000000.0,1420000000.0,10.87,-78.3
2.6e-05,2.4e-05,3e-13,3e-10,2e-10,0.0606,35200000000.0,1420000000.0,10.88,-78.15
2.6e-05,2.4e-05,3e-13,3e-10,2.5e-10,0.0606,35200000000.0,1420000000.0,10.88,-78.05
2.6e-05,2.4e-05,3e-13,3.5e-10,1e-10,0.0606,33200000000.0,1350000000.0,11.23,-77.07
2.6e-05,2.4e-05,3e-13,3.5e-10,5e-11,0.0606,33200000000.0,1350000000.0,11.23,-77.37
2.6e-05,2.4e-05,3e-13,3.5e-10,1.5e-10,0.0606,33200000000.0,1350000000.0,11.23,-77.39
2.6e-05,2.4e-05,3e-13,3.5e-10,2e-10,0.0606,33200000000.0,1360000000.0,11.23,-77.05
2.6e-05,2.4e-05,3e-13,3.5e-10,2.5e-10,0.0606,33200000000.0,1350000000.0,11.23,-77.18
2.6e-05,2.4e-05,3e-13,4.5e-10,1e-10,0.0606,30300000000.0,1280000000.0,11.6,-76.02
2.6e-05,2.4e-05,3e-13,4.5e-10,5e-11,0.0606,30300000000.0,1280000000.0,11.61,-76.29
2.6e-05,2.4e-05,3e-13,4.5e-10,1.5e-10,0.0606,30300000000.0,1270000000.0,11.61,-75.96
2.6e-05,2.4e-05,3e-13,4.5e-10,2e-10,0.0606,30300000000.0,1270000000.0,11.61,-76.0
2.6e-05,2.4e-05,3e-13,5e-10,1e-10,0.0606,29200000000.0,1250000000.0,11.71,-75.62
2.6e-05,2.4e-05,3e-13,5e-10,5e-11,0.0606,29200000000.0,1260000000.0,11.71,-75.52
2.6e-05,2.4e-05,3e-13,5e-10,1.5e-10,0.0606,29200000000.0,1250000000.0,11.71,-75.4
2.6e-05,2.4e-05,3e-13,5e-10,2e-10,0.0606,29200000000.0,1260000000.0,11.71,-75.53
2.6e-05,2.4e-05,3e-13,5e-10,2.5e-10,0.0606,29200000000.0,1250000000.0,11.71,-75.52
2.6e-05,2.4e-05,4e-13,4e-10,1e-10,0.0606,31600000000.0,1300000000.0,11.46,-76.48
2.6e-05,2.4e-05,4e-13,4e-10,5e-11,0.0606,31600000000.0,1310000000.0,11.46,-76.5
2.6e-05,2.4e-05,4e-13,4e-10,2e-10,0.0606,31600000000.0,1310000000.0,11.46,-76.55
2.6e-05,2.4e-05,4e-13,4e-10,2.5e-10,0.0606,31600000000.0,1300000000.0,11.45,-76.53
2.6e-05,2.4e-05,4e-13,3e-10,1e-10,0.0606,35200000000.0,1420000000.0,10.87,-78.03
2.6e-05,2.4e-05,4e-13,3e-10,5e-11,0.0606,35200000000.0,1410000000.0,10.88,-77.81
2.6e-05,2.4e-05,4e-13,3e-10,2e-10,0.0606,35200000000.0,1420000000.0,10.88,-78.03
2.6e-05,2.4e-05,4e-13,3e-10,2.5e-10,0.0606,35200000000.0,1420000000.0,10.87,-77.89
2.6e-05,2.4e-05,4e-13,3.5e-10,5e-11,0.0606,33200000000.0,1360000000.0,11.23,-77.24
2.6e-05,2.4e-05,4e-13,3.5e-10,1.5e-10,0.0606,33200000000.0,1360000000.0,11.23,-76.99
2.6e-05,2.4e-05,4e-13,3.5e-10,2e-10,0.0606,33200000000.0,1350000000.0,11.23,-76.43
2.6e-05,2.4e-05,4e-13,3.5e-10,2.5e-10,0.0606,33200000000.0,1350000000.0,11.23,-77.2
2.6e-05,2.4e-05,4e-13,4.5e-10,1e-10,0.0606,30300000000.0,1280000000.0,11.61,-75.93
2.6e-05,2.4e-05,4e-13,4.5e-10,5e-11,0.0606,30300000000.0,1280000000.0,11.61,-75.96
2.6e-05,2.4e-05,4e-13,4.5e-10,1.5e-10,0.0606,30300000000.0,1270000000.0,11.61,-76.04
2.6e-05,2.4e-05,4e-13,4.5e-10,2.5e-10,0.0606,30300000000.0,1280000000.0,11.6,-76.25
2.6e-05,2.4e-05,4e-13,5e-10,1e-10,0.0606,29200000000.0,1250000000.0,11.71,-75.65
2.6e-05,2.4e-05,4e-13,5e-10,5e-11,0.0606,29200000000.0,1250000000.0,11.71,-75.55
2.6e-05,2.4e-05,4e-13,5e-10,2e-10,0.0606,29200000000.0,1260000000.0,11.71,-75.66
2.6e-05,2.4e-05,6e-13,4e-10,1e-10,0.0606,31600000000.0,1310000000.0,11.45,-76.28
2.6e-05,2.4e-05,6e-13,4e-10,1.5e-10,0.0606,31600000000.0,1310000000.0,11.45,-76.46
2.6e-05,2.4e-05,6e-13,4e-10,2e-10,0.0606,31600000000.0,1300000000.0,11.46,-76.49
2.6e-05,2.4e-05,6e-13,4e-10,2.5e-10,0.0606,31600000000.0,1310000000.0,11.46,-76.54
2.6e-05,2.4e-05,6e-13,3e-10,1e-10,0.0606,35200000000.0,1420000000.0,10.87,-77.91
2.6e-05,2.4e-05,6e-13,3e-10,5e-11,0.0606,35200000000.0,1430000000.0,10.87,-77.98
2.6e-05,2.4e-05,6e-13,3e-10,1.5e-10,0.0606,35200000000.0,1420000000.0,10.88,-79.56
2.6e-05,2.4e-05,6e-13,3e-10,2e-10,0.0606,35200000000.0,1420000000.0,10.88,-77.89
2.6e-05,2.4e-05,6e-13,3e-10,2.5e-10,0.0606,35200000000.0,1430000000.0,10.87,-78.1
2.6e-05,2.4e-05,6e-13,3.5e-10,1e-10,0.0606,33200000000.0,1360000000.0,11.23,-77.11
2.6e-05,2.4e-05,6e-13,3.5e-10,1.5e-10,0.0606,33200000000.0,1350000000.0,11.23,-76.42
2.6e-05,2.4e-05,6e-13,3.5e-10,2e-10,0.0606,33200000000.0,1360000000.0,11.23,-77.25
2.6e-05,2.4e-05,6e-13,3.5e-10,2.5e-10,0.0606,33200000000.0,1340000000.0,11.23,-77.12
2.6e-05,2.4e-05,6e-13,4.5e-10,1.5e-10,0.0606,30300000000.0,1280000000.0,11.61,-76.0
2.6e-05,2.4e-05,6e-13,4.5e-10,2e-10,0.0606,30300000000.0,1270000000.0,11.61,-75.79
2.6e-05,2.4e-05,6e-13,4.5e-10,2.5e-10,0.0606,30300000000.0,1280000000.0,11.6,-75.99
2.6e-05,2.4e-05,6e-13,5e-10,2e-10,0.0606,29200000000.0,1260000000.0,11.71,-75.58
2.6e-05,2.4e-05,7e-13,4e-10,1e-10,0.0606,31600000000.0,1310000000.0,11.46,-76.53
2.6e-05,2.4e-05,7e-13,4e-10,5e-11,0.0606,31600000000.0,1300000000.0,11.46,-76.66
2.6e-05,2.4e-05,7e-13,4e-10,2.5e-10,0.0606,31600000000.0,1310000000.0,11.46,-76.3
2.6e-05,2.4e-05,7e-13,3e-10,1e-10,0.0606,35200000000.0,1430000000.0,10.87,-77.89
2.6e-05,2.4e-05,7e-13,3e-10,5e-11,0.0606,35200000000.0,1430000000.0,10.87,-77.96
2.6e-05,2.4e-05,7e-13,3e-10,1.5e-10,0.0606,35200000000.0,1430000000.0,10.87,-78.06
2.6e-05,2.4e-05,7e-13,3e-10,2e-10,0.0606,35200000000.0,1420000000.0,10.87,-77.9
2.6e-05,2.4e-05,7e-13,3e-10,2.5e-10,0.0606,35200000000.0,1420000000.0,10.87,-77.93
2.6e-05,2.4e-05,7e-13,3.5e-10,1.5e-10,0.0606,33200000000.0,1350000000.0,11.23,-76.61
2.6e-05,2.4e-05,7e-13,3.5e-10,2e-10,0.0606,33200000000.0,1350000000.0,11.23,-77.27
2.6e-05,2.4e-05,7e-13,3.5e-10,2.5e-10,0.0606,33200000000.0,1350000000.0,11.23,-77.19
2.6e-05,2.4e-05,7e-13,4.5e-10,2.5e-10,0.0606,30300000000.0,1270000000.0,11.61,-75.83
2.6e-05,2.4e-05,7e-13,5e-10,1e-10,0.0606,29200000000.0,1260000000.0,11.71,-75.57
2.6e-05,2.4e-05,7e-13,5e-10,5e-11,0.0606,29200000000.0,1260000000.0,11.71,-75.61
2.6e-05,2.4e-05,7e-13,5e-10,1.5e-10,0.0606,29200000000.0,1240000000.0,11.71,-75.62
2.6e-05,2.4e-05,7e-13,5e-10,2e-10,0.0606,29200000000.0,1240000000.0,11.71,-75.59
2.6e-05,2.5e-05,5e-13,4e-10,1e-10,0.0606,31600000000.0,1210000000.0,11.39,-76.34
2.6e-05,2.5e-05,5e-13,4e-10,5e-11,0.0606,31600000000.0,1210000000.0,11.39,-76.33
2.6e-05,2.5e-05,5e-13,4e-10,1.5e-10,0.0606,31600000000.0,1220000000.0,11.39,-76.39
2.6e-05,2.5e-05,5e-13,4e-10,2.5e-10,0.0606,31600000000.0,1210000000.0,11.39,-76.28
2.6e-05,2.5e-05,5e-13,3e-10,1e-10,0.0606,35200000000.0,1290000000.0,10.79,-77.88
2.6e-05,2.5e-05,5e-13,3e-10,5e-11,0.0606,35200000000.0,1290000000.0,10.79,-77.89
2.6e-05,2.5e-05,5e-13,3e-10,1.5e-10,0.0606,35200000000.0,1300000000.0,10.79,-77.65
2.6e-05,2.5e-05,5e-13,3e-10,2e-10,0.0606,35200000000.0,1300000000.0,10.79,-77.74
2.6e-05,2.5e-05,5e-13,3e-10,2.5e-10,0.0606,35200000000.0,1290000000.0,10.79,-77.81
2.6e-05,2.5e-05,5e-13,3.5e-10,1e-10,0.0606,33200000000.0,1240000000.0,11.16,-76.91
2.6e-05,2.5e-05,5e-13,3.5e-10,5e-11,0.0606,33200000000.0,1250000000.0,11.16,-76.84
2.6e-05,2.5e-05,5e-13,3.5e-10,1.5e-10,0.0606,33200000000.0,1240000000.0,11.16,-77.03
2.6e-05,2.5e-05,5e-13,3.5e-10,2e-10,0.0606,33200000000.0,1250000000.0,11.16,-77.01
2.6e-05,2.5e-05,5e-13,3.5e-10,2.5e-10,0.0606,33200000000.0,1250000000.0,11.16,-76.73
2.6e-05,2.5e-05,5e-13,4.5e-10,1e-10,0.0606,30300000000.0,1190000000.0,11.55,-75.9
2.6e-05,2.5e-05,5e-13,4.5e-10,5e-11,0.0606,30300000000.0,1190000000.0,11.55,-75.8
2.6e-05,2.5e-05,5e-13,4.5e-10,1.5e-10,0.0606,30300000000.0,1180000000.0,11.55,-75.69
2.6e-05,2.5e-05,5e-13,4.5e-10,2e-10,0.0606,30300000000.0,1190000000.0,11.55,-75.81
2.6e-05,2.5e-05,5e-13,4.5e-10,2.5e-10,0.0606,30300000000.0,1190000000.0,11.55,-75.79
2.6e-05,2.5e-05,5e-13,5e-10,1e-10,0.0606,29200000000.0,1170000000.0,11.66,-75.59
2.6e-05,2.5e-05,5e-13,5e-10,5e-11,0.0606,29200000000.0,1170000000.0,11.66,-75.54
2.6e-05,2.5e-05,5e-13,5e-10,1.5e-10,0.0606,29200000000.0,1170000000.0,11.66,-75.44
2.6e-05,2.5e-05,5e-13,5e-10,2e-10,0.0606,29200000000.0,1180000000.0,11.66,-75.47
2.6e-05,2.5e-05,5e-13,5e-10,2.5e-10,0.0606,29200000000.0,1170000000.0,11.66,-75.48
2.6e-05,2.5e-05,3e-13,4e-10,1e-10,0.0606,31600000000.0,1210000000.0,11.39,-76.48
2.6e-05,2.5e-05,3e-13,4e-10,5e-11,0.0606,31600000000.0,1220000000.0,11.39,-76.36
2.6e-05,2.5e-05,3e-13,4e-10,1.5e-10,0.0606,31600000000.0,1210000000.0,11.39,-76.42
2.6e-05,2.5e-05,3e-13,4e-10,2.5e-10,0.0606,31600000000.0,1200000000.0,11.39,-76.43
2.6e-05,2.5e-05,3e-13,3e-10,1e-10,0.0606,35200000000.0,1290000000.0,10.79,-77.84
2.6e-05,2.5e-05,3e-13,3e-10,5e-11,0.0606,35200000000.0,1290000000.0,10.79,-78.2
2.6e-05,2.5e-05,3e-13,3e-10,1.5e-10,0.0606,35200000000.0,1290000000.0,10.79,-77.87
2.6e-05,2.5e-05,3e-13,3e-10,2e-10,0.0606,35200000000.0,1300000000.0,10.79,-74.19
2.6e-05,2.5e-05,3e-13,3e-10,2.5e-10,0.0606,35200000000.0,1290000000.0,10.79,-77.76
2.6e-05,2.5e-05,3e-13,3.5e-10,5e-11,0.0606,33200000000.0,1250000000.0,11.16,-76.99
2.6e-05,2.5e-05,3e-13,3.5e-10,2e-10,0.0606,33200000000.0,1250000000.0,11.16,-76.9
2.6e-05,2.5e-05,3e-13,3.5e-10,2.5e-10,0.0606,33200000000.0,1250000000.0,11.16,-76.96
2.6e-05,2.5e-05,3e-13,4.5e-10,1e-10,0.0606,30300000000.0,1190000000.0,11.55,-75.85
2.6e-05,2.5e-05,3e-13,4.5e-10,5e-11,0.0606,30300000000.0,1190000000.0,11.55,-75.98
2.6e-05,2.5e-05,3e-13,4.5e-10,1.5e-10,0.0606,30300000000.0,1190000000.0,11.55,-75.97
2.6e-05,2.5e-05,3e-13,4.5e-10,2e-10,0.0606,30300000000.0,1190000000.0,11.55,-75.86
2.6e-05,2.5e-05,3e-13,5e-10,1e-10,0.0606,29200000000.0,1180000000.0,11.66,-75.5
2.6e-05,2.5e-05,3e-13,5e-10,5e-11,0.0606,29200000000.0,1170000000.0,11.66,-75.52
2.6e-05,2.5e-05,3e-13,5e-10,1.5e-10,0.0606,29200000000.0,1170000000.0,11.66,-75.5
2.6e-05,2.5e-05,3e-13,5e-10,2e-10,0.0606,29200000000.0,1170000000.0,11.66,-75.53
2.6e-05,2.5e-05,3e-13,5e-10,2.5e-10,0.0606,29200000000.0,1180000000.0,11.66,-75.42
2.6e-05,2.5e-05,4e-13,4e-10,1e-10,0.0606,31600000000.0,1200000000.0,11.39,-76.47
2.6e-05,2.5e-05,4e-13,4e-10,5e-11,0.0606,31600000000.0,1220000000.0,11.39,-76.45
2.6e-05,2.5e-05,4e-13,4e-10,2e-10,0.0606,31600000000.0,1210000000.0,11.39,-76.39
2.6e-05,2.5e-05,4e-13,3e-10,1e-10,0.0606,35200000000.0,1300000000.0,10.79,-77.72
2.6e-05,2.5e-05,4e-13,3e-10,5e-11,0.0606,35200000000.0,1290000000.0,10.79,-77.91
2.6e-05,2.5e-05,4e-13,3e-10,1.5e-10,0.0606,35200000000.0,1290000000.0,10.79,-77.83
2.6e-05,2.5e-05,4e-13,3e-10,2e-10,0.0606,35200000000.0,1290000000.0,10.79,-77.86
2.6e-05,2.5e-05,4e-13,3.5e-10,5e-11,0.0606,33200000000.0,1240000000.0,11.16,-76.97
2.6e-05,2.5e-05,4e-13,3.5e-10,1.5e-10,0.0606,33200000000.0,1250000000.0,11.16,-77.03
2.6e-05,2.5e-05,4e-13,3.5e-10,2e-10,0.0606,33200000000.0,1240000000.0,11.16,-76.94
2.6e-05,2.5e-05,4e-13,4.5e-10,1e-10,0.0606,30300000000.0,1180000000.0,11.55,-75.87
2.6e-05,2.5e-05,4e-13,4.5e-10,5e-11,0.0606,30300000000.0,1180000000.0,11.55,-75.68
2.6e-05,2.5e-05,4e-13,4.5e-10,1.5e-10,0.0606,30300000000.0,1190000000.0,11.55,-75.88
2.6e-05,2.5e-05,4e-13,4.5e-10,2e-10,0.0606,30300000000.0,1180000000.0,11.55,-75.88
2.6e-05,2.5e-05,4e-13,4.5e-10,2.5e-10,0.0606,30300000000.0,1190000000.0,11.55,-76.06
2.6e-05,2.5e-05,4e-13,5e-10,5e-11,0.0606,29200000000.0,1160000000.0,11.66,-75.57
2.6e-05,2.5e-05,4e-13,5e-10,1.5e-10,0.0606,29200000000.0,1160000000.0,11.66,-75.53
2.6e-05,2.5e-05,6e-13,4e-10,1.5e-10,0.0606,31600000000.0,1210000000.0,11.4,-76.35
2.6e-05,2.5e-05,6e-13,4e-10,2e-10,0.0606,31600000000.0,1210000000.0,11.4,-76.4
2.6e-05,2.5e-05,6e-13,4e-10,2.5e-10,0.0606,31600000000.0,1220000000.0,11.39,-76.46
2.6e-05,2.5e-05,6e-13,3e-10,1e-10,0.0606,35200000000.0,1300000000.0,10.79,-77.76
2.6e-05,2.5e-05,6e-13,3e-10,5e-11,0.0606,35200000000.0,1300000000.0,10.79,-77.81
2.6e-05,2.5e-05,6e-13,3e-10,2e-10,0.0606,35200000000.0,1300000000.0,10.79,-77.91
2.6e-05,2.5e-05,6e-13,3e-10,2.5e-10,0.0606,35200000000.0,1290000000.0,10.79,-77.79
2.6e-05,2.5e-05,6e-13,3.5e-10,5e-11,0.0606,33200000000.0,1250000000.0,11.16,-76.29
2.6e-05,2.5e-05,6e-13,3.5e-10,1.5e-10,0.0606,33200000000.0,1250000000.0,11.16,-77.0
2.6e-05,2.5e-05,6e-13,3.5e-10,2.5e-10,0.0606,33200000000.0,1240000000.0,11.16,-77.04
2.6e-05,2.5e-05,6e-13,4.5e-10,1e-10,0.0606,30300000000.0,1180000000.0,11.55,-75.78
2.6e-05,2.5e-05,6e-13,4.5e-10,5e-11,0.0606,30300000000.0,1180000000.0,11.55,-75.86
2.6e-05,2.5e-05,6e-13,4.5e-10,2.5e-10,0.0606,30300000000.0,1180000000.0,11.55,-75.97
2.6e-05,2.5e-05,6e-13,5e-10,1e-10,0.0606,29200000000.0,1170000000.0,11.66,-75.47
2.6e-05,2.5e-05,6e-13,5e-10,5e-11,0.0606,29200000000.0,1160000000.0,11.66,-75.37
2.6e-05,2.5e-05,6e-13,5e-10,1.5e-10,0.0606,29200000000.0,1170000000.0,11.66,-75.38
2.6e-05,2.5e-05,6e-13,5e-10,2e-10,0.0606,29200000000.0,1180000000.0,11.66,-75.51
2.6e-05,2.5e-05,6e-13,5e-10,2.5e-10,0.0606,29200000000.0,1160000000.0,11.66,-75.44
2.6e-05,2.5e-05,7e-13,4e-10,5e-11,0.0606,31600000000.0,1210000000.0,11.4,-76.39
2.6e-05,2.5e-05,7e-13,4e-10,1.5e-10,0.0606,31600000000.0,1220000000.0,11.39,-76.38
2.6e-05,2.5e-05,7e-13,3e-10,1e-10,0.0606,35200000000.0,1290000000.0,10.79,-77.94
2.6e-05,2.5e-05,7e-13,3e-10,5e-11,0.0606,35200000000.0,1290000000.0,10.79,-77.8
2.6e-05,2.5e-05,7e-13,3e-10,1.5e-10,0.0606,35200000000.0,1290000000.0,10.79,-77.9
2.6e-05,2.5e-05,7e-13,3.5e-10,1e-10,0.0606,33200000000.0,1240000000.0,11.16,-77.08
2.6e-05,2.5e-05,7e-13,3.5e-10,5e-11,0.0606,33200000000.0,1240000000.0,11.16,-77.01
2.6e-05,2.5e-05,7e-13,3.5e-10,1.5e-10,0.0606,33200000000.0,1240000000.0,11.16,-77.0
2.6e-05,2.5e-05,7e-13,3.5e-10,2e-10,0.0606,33200000000.0,1240000000.0,11.16,-77.05
2.6e-05,2.5e-05,7e-13,3.5e-10,2.5e-10,0.0606,33200000000.0,1240000000.0,11.16,-76.96
2.6e-05,2.5e-05,7e-13,4.5e-10,1e-10,0.0606,30300000000.0,1190000000.0,11.55,-75.94
2.6e-05,2.5e-05,7e-13,4.5e-10,1.5e-10,0.0606,30300000000.0,1180000000.0,11.55,-75.92
2.6e-05,2.5e-05,7e-13,4.5e-10,2e-10,0.0606,30300000000.0,1180000000.0,11.55,-75.8
2.6e-05,2.5e-05,7e-13,4.5e-10,2.5e-10,0.0606,30300000000.0,1190000000.0,11.55,-75.91
2.6e-05,2.5e-05,7e-13,5e-10,1e-10,0.0606,29200000000.0,1170000000.0,11.66,-75.32
2.6e-05,2.5e-05,7e-13,5e-10,5e-11,0.0606,29200000000.0,1180000000.0,11.66,-75.43
2.6e-05,2.5e-05,7e-13,5e-10,1.5e-10,0.0606,29200000000.0,1170000000.0,11.66,-76.08
2.6e-05,2.5e-05,7e-13,5e-10,2e-10,0.0606,29200000000.0,1160000000.0,11.66,-75.25
2.7e-05,5e-06,5e-13,4e-10,1e-10,0.0629,33800000000.0,894000000.0,11.88,-79.48
2.7e-05,5e-06,5e-13,4e-10,5e-11,0.0629,33800000000.0,896000000.0,11.88,-79.34
2.7e-05,5e-06,5e-13,4e-10,1.5e-10,0.0629,33800000000.0,896000000.0,11.88,-79.51
2.7e-05,5e-06,5e-13,4e-10,2e-10,0.0629,33800000000.0,897000000.0,11.88,-79.13
2.7e-05,5e-06,5e-13,4e-10,2.5e-10,0.0629,33800000000.0,897000000.0,11.88,-79.53
2.7e-05,5e-06,5e-13,3e-10,1e-10,0.0629,37700000000.0,1060000000.0,11.17,-81.5
2.7e-05,5e-06,5e-13,3e-10,5e-11,0.0629,37700000000.0,1060000000.0,11.17,-81.85
2.7e-05,5e-06,5e-13,3e-10,1.5e-10,0.0629,37700000000.0,1060000000.0,11.17,-81.43
2.7e-05,5e-06,5e-13,3e-10,2e-10,0.0629,37700000000.0,1060000000.0,11.17,-81.74
2.7e-05,5e-06,5e-13,3e-10,2.5e-10,0.0629,37700000000.0,1060000000.0,11.17,-81.67
2.7e-05,5e-06,5e-13,3.5e-10,1e-10,0.0629,35500000000.0,963000000.0,11.58,-80.71
2.7e-05,5e-06,5e-13,3.5e-10,1.5e-10,0.0629,35500000000.0,963000000.0,11.58,-80.4
2.7e-05,5e-06,5e-13,3.5e-10,2e-10,0.0629,35500000000.0,965000000.0,11.58,-81.14
2.7e-05,5e-06,5e-13,3.5e-10,2.5e-10,0.0629,35500000000.0,963000000.0,11.58,-80.19
2.7e-05,5e-06,5e-13,4.5e-10,1e-10,0.0629,32400000000.0,849000000.0,12.1,-79.22
2.7e-05,5e-06,5e-13,4.5e-10,5e-11,0.0629,32400000000.0,843000000.0,12.1,-78.67
2.7e-05,5e-06,5e-13,4.5e-10,1.5e-10,0.0629,32400000000.0,848000000.0,12.1,-79.04
2.7e-05,5e-06,5e-13,4.5e-10,2e-10,0.0629,32400000000.0,847000000.0,12.1,-78.58
2.7e-05,5e-06,5e-13,4.5e-10,2.5e-10,0.0629,32400000000.0,846000000.0,12.1,-78.81
2.7e-05,5e-06,5e-13,5e-10,1e-10,0.0629,31300000000.0,806000000.0,12.24,-78.05
2.7e-05,5e-06,5e-13,5e-10,5e-11,0.0629,31300000000.0,811000000.0,12.24,-78.15
2.7e-05,5e-06,5e-13,5e-10,1.5e-10,0.0629,31300000000.0,812000000.0,12.24,-77.9
2.7e-05,5e-06,5e-13,5e-10,2e-10,0.0629,31300000000.0,809000000.0,12.24,-78.13
2.7e-05,5e-06,5e-13,5e-10,2.5e-10,0.0629,31300000000.0,808000000.0,12.24,-78.09
2.7e-05,5e-06,3e-13,4e-10,1e-10,0.0629,33800000000.0,898000000.0,11.88,-79.82
2.7e-05,5e-06,3e-13,4e-10,5e-11,0.0629,33800000000.0,897000000.0,11.88,-79.31
2.7e-05,5e-06,3e-13,4e-10,1.5e-10,0.0629,33800000000.0,894000000.0,11.88,-79.38
2.7e-05,5e-06,3e-13,4e-10,2e-10,0.0629,33800000000.0,898000000.0,11.88,-79.35
2.7e-05,5e-06,3e-13,4e-10,2.5e-10,0.0629,33800000000.0,896000000.0,11.89,-79.64
2.7e-05,5e-06,3e-13,3e-10,1e-10,0.0629,37700000000.0,1060000000.0,11.17,-81.75
2.7e-05,5e-06,3e-13,3e-10,5e-11,0.0629,37700000000.0,1060000000.0,11.17,-81.81
2.7e-05,5e-06,3e-13,3e-10,1.5e-10,0.0629,37700000000.0,1060000000.0,11.17,-81.77
2.7e-05,5e-06,3e-13,3e-10,2.5e-10,0.0629,37700000000.0,1060000000.0,11.17,-81.49
2.7e-05,5e-06,3e-13,3.5e-10,1e-10,0.0629,35500000000.0,965000000.0,11.58,-80.31
2.7e-05,5e-06,3e-13,3.5e-10,5e-11,0.0629,35500000000.0,965000000.0,11.58,-80.53
2.7e-05,5e-06,3e-13,3.5e-10,1.5e-10,0.0629,35500000000.0,966000000.0,11.58,-80.25
2.7e-05,5e-06,3e-13,3.5e-10,2e-10,0.0629,35500000000.0,965000000.0,11.58,-81.11
2.7e-05,5e-06,3e-13,3.5e-10,2.5e-10,0.0629,35500000000.0,963000000.0,11.58,-80.18
2.7e-05,5e-06,3e-13,4.5e-10,1e-10,0.0629,32400000000.0,845000000.0,12.1,-78.69
2.7e-05,5e-06,3e-13,4.5e-10,5e-11,0.0629,32400000000.0,846000000.0,12.09,-78.46
2.7e-05,5e-06,3e-13,4.5e-10,1.5e-10,0.0629,32400000000.0,848000000.0,12.09,-78.62
2.7e-05,5e-06,3e-13,4.5e-10,2e-10,0.0629,32400000000.0,852000000.0,12.1,-78.94
2.7e-05,5e-06,3e-13,4.5e-10,2.5e-10,0.0629,32400000000.0,845000000.0,12.1,-78.82
2.7e-05,5e-06,3e-13,5e-10,1e-10,0.0629,31300000000.0,806000000.0,12.24,-78.12
2.7e-05,5e-06,3e-13,5e-10,5e-11,0.0629,31300000000.0,807000000.0,12.24,-78.08
2.7e-05,5e-06,3e-13,5e-10,1.5e-10,0.0629,31300000000.0,808000000.0,12.24,-78.13
2.7e-05,5e-06,3e-13,5e-10,2e-10,0.0629,31300000000.0,809000000.0,12.24,-78.1
2.7e-05,5e-06,3e-13,5e-10,2.5e-10,0.0629,31300000000.0,807000000.0,12.24,-77.27
2.7e-05,5e-06,4e-13,4e-10,5e-11,0.0629,33800000000.0,897000000.0,11.88,-79.24
2.7e-05,5e-06,4e-13,4e-10,1.5e-10,0.0629,33800000000.0,896000000.0,11.88,-80.0
2.7e-05,5e-06,4e-13,4e-10,2e-10,0.0629,33800000000.0,896000000.0,11.89,-79.52
2.7e-05,5e-06,4e-13,4e-10,2.5e-10,0.0629,33800000000.0,897000000.0,11.88,-79.27
2.7e-05,5e-06,4e-13,3e-10,1e-10,0.0629,37700000000.0,1060000000.0,11.17,-81.58
2.7e-05,5e-06,4e-13,3e-10,5e-11,0.0629,37700000000.0,1060000000.0,11.17,-81.72
2.7e-05,5e-06,4e-13,3e-10,2e-10,0.0629,37700000000.0,1060000000.0,11.17,-81.93
2.7e-05,5e-06,4e-13,3e-10,2.5e-10,0.0629,37700000000.0,1060000000.0,11.17,-72.96
2.7e-05,5e-06,4e-13,3.5e-10,5e-11,0.0629,35500000000.0,964000000.0,11.58,-80.7
2.7e-05,5e-06,4e-13,3.5e-10,1.5e-10,0.0629,35500000000.0,965000000.0,11.58,-80.49
2.7e-05,5e-06,4e-13,3.5e-10,2e-10,0.0629,35500000000.0,963000000.0,11.58,-80.09
2.7e-05,5e-06,4e-13,3.5e-10,2.5e-10,0.0629,35500000000.0,963000000.0,11.58,-80.28
2.7e-05,5e-06,4e-13,4.5e-10,1e-10,0.0629,32400000000.0,847000000.0,12.1,-78.45
2.7e-05,5e-06,4e-13,4.5e-10,5e-11,0.0629,32400000000.0,841000000.0,12.1,-78.57
2.7e-05,5e-06,4e-13,4.5e-10,1.5e-10,0.0629,32400000000.0,847000000.0,12.1,-78.74
2.7e-05,5e-06,4e-13,4.5e-10,2e-10,0.0629,32400000000.0,846000000.0,12.1,-78.53
2.7e-05,5e-06,4e-13,4.5e-10,2.5e-10,0.0629,32400000000.0,846000000.0,12.1,-78.31
2.7e-05,5e-06,4e-13,5e-10,1e-10,0.0629,31300000000.0,805000000.0,12.24,-77.97
2.7e-05,5e-06,4e-13,5e-10,5e-11,0.0629,31300000000.0,811000000.0,12.24,-78.41
2.7e-05,5e-06,4e-13,5e-10,1.5e-10,0.0629,31300000000.0,811000000.0,12.24,-78.13
2.7e-05,5e-06,4e-13,5e-10,2e-10,0.0629,31300000000.0,812000000.0,12.24,-78.04
2.7e-05,5e-06,4e-13,5e-10,2.5e-10,0.0629,31300000000.0,806000000.0,12.24,-77.26
2.7e-05,5e-06,6e-13,4e-10,1e-10,0.0629,33800000000.0,896000000.0,11.88,-79.37
2.7e-05,5e-06,6e-13,4e-10,1.5e-10,0.0629,33800000000.0,895000000.0,11.88,-79.5
2.7e-05,5e-06,6e-13,4e-10,2e-10,0.0629,33800000000.0,896000000.0,11.88,-79.26
2.7e-05,5e-06,6e-13,4e-10,2.5e-10,0.0629,33800000000.0,895000000.0,11.89,-79.63
2.7e-05,5e-06,6e-13,3e-10,1e-10,0.0629,37700000000.0,1060000000.0,11.17,-81.84
2.7e-05,5e-06,6e-13,3e-10,5e-11,0.0629,37700000000.0,1060000000.0,11.17,-81.51
2.7e-05,5e-06,6e-13,3e-10,1.5e-10,0.0629,37700000000.0,1060000000.0,11.17,-81.66
2.7e-05,5e-06,6e-13,3.5e-10,1e-10,0.0629,35500000000.0,963000000.0,11.58,-80.29
2.7e-05,5e-06,6e-13,3.5e-10,5e-11,0.0629,35500000000.0,963000000.0,11.58,-80.25
2.7e-05,5e-06,6e-13,3.5e-10,1.5e-10,0.0629,35500000000.0,963000000.0,11.58,-80.11
2.7e-05,5e-06,6e-13,3.5e-10,2e-10,0.0629,35500000000.0,964000000.0,11.58,-81.14
2.7e-05,5e-06,6e-13,3.5e-10,2.5e-10,0.0629,35500000000.0,963000000.0,11.58,-80.37
2.7e-05,5e-06,6e-13,4.5e-10,1e-10,0.0629,32400000000.0,845000000.0,12.1,-78.66
2.7e-05,5e-06,6e-13,4.5e-10,5e-11,0.0629,32400000000.0,845000000.0,12.1,-78.87
2.7e-05,5e-06,6e-13,4.5e-10,1.5e-10,0.0629,32400000000.0,841000000.0,12.1,-79.2
2.7e-05,5e-06,6e-13,4.5e-10,2e-10,0.0629,32400000000.0,845000000.0,12.1,-78.6
2.7e-05,5e-06,6e-13,4.5e-10,2.5e-10,0.0629,32400000000.0,851000000.0,12.1,-78.51
2.7e-05,5e-06,6e-13,5e-10,1e-10,0.0629,31300000000.0,805000000.0,12.24,-78.11
2.7e-05,5e-06,6e-13,5e-10,5e-11,0.0629,31300000000.0,805000000.0,12.24,-78.1
2.7e-05,5e-06,6e-13,5e-10,1.5e-10,0.0629,31300000000.0,813000000.0,12.24,-77.05
2.7e-05,5e-06,6e-13,5e-10,2e-10,0.0629,31300000000.0,811000000.0,12.24,-77.98
2.7e-05,5e-06,6e-13,5e-10,2.5e-10,0.0629,31300000000.0,813000000.0,12.24,-77.04
2.7e-05,5e-06,7e-13,4e-10,1e-10,0.0629,33800000000.0,894000000.0,11.88,-79.5
2.7e-05,5e-06,7e-13,4e-10,5e-11,0.0629,33800000000.0,897000000.0,11.88,-79.38
2.7e-05,5e-06,7e-13,4e-10,1.5e-10,0.0629,33800000000.0,894000000.0,11.89,-79.86
2.7e-05,5e-06,7e-13,4e-10,2e-10,0.0629,33800000000.0,894000000.0,11.89,-79.6
2.7e-05,5e-06,7e-13,3e-10,1e-10,0.0629,37700000000.0,1060000000.0,11.17,-81.6
2.7e-05,5e-06,7e-13,3e-10,5e-11,0.0629,37700000000.0,1060000000.0,11.17,-82.16
2.7e-05,5e-06,7e-13,3e-10,2.5e-10,0.0629,37700000000.0,1060000000.0,11.17,-81.76
2.7e-05,5e-06,7e-13,3.5e-10,1e-10,0.0629,35500000000.0,965000000.0,11.58,-80.22
2.7e-05,5e-06,7e-13,3.5e-10,1.5e-10,0.0629,35500000000.0,964000000.0,11.58,-80.42
2.7e-05,5e-06,7e-13,3.5e-10,2e-10,0.0629,35500000000.0,964000000.0,11.58,-80.35
2.7e-05,5e-06,7e-13,3.5e-10,2.5e-10,0.0629,35500000000.0,963000000.0,11.58,-80.41
2.7e-05,5e-06,7e-13,4.5e-10,1e-10,0.0629,32400000000.0,844000000.0,12.1,-78.79
2.7e-05,5e-06,7e-13,4.5e-10,5e-11,0.0629,32400000000.0,847000000.0,12.1,-78.73
2.7e-05,5e-06,7e-13,4.5e-10,1.5e-10,0.0629,32400000000.0,848000000.0,12.1,-78.79
2.7e-05,5e-06,7e-13,4.5e-10,2e-10,0.0629,32400000000.0,848000000.0,12.1,-78.8
2.7e-05,5e-06,7e-13,4.5e-10,2.5e-10,0.0629,32400000000.0,845000000.0,12.1,-78.79
2.7e-05,5e-06,7e-13,5e-10,1e-10,0.0629,31200000000.0,811000000.0,12.24,-77.98
2.7e-05,5e-06,7e-13,5e-10,5e-11,0.0629,31300000000.0,811000000.0,12.24,-77.65
2.7e-05,5e-06,7e-13,5e-10,1.5e-10,0.0629,31200000000.0,808000000.0,12.24,-78.21
2.7e-05,5e-06,7e-13,5e-10,2e-10,0.0629,31200000000.0,805000000.0,12.24,-78.02
2.7e-05,5e-06,7e-13,5e-10,2.5e-10,0.0629,31200000000.0,814000000.0,12.24,-78.29
2.7e-05,6e-06,5e-13,4e-10,1e-10,0.0629,33500000000.0,1030000000.0,11.91,-79.27
2.7e-05,6e-06,5e-13,4e-10,5e-11,0.0629,33500000000.0,1030000000.0,11.91,-79.28
2.7e-05,6e-06,5e-13,4e-10,2.5e-10,0.0629,33500000000.0,1030000000.0,11.91,-78.81
2.7e-05,6e-06,5e-13,3e-10,1e-10,0.0629,37400000000.0,1210000000.0,11.21,-81.51
2.7e-05,6e-06,5e-13,3e-10,5e-11,0.0629,37400000000.0,1210000000.0,11.21,-81.67
2.7e-05,6e-06,5e-13,3e-10,1.5e-10,0.0629,37400000000.0,1210000000.0,11.21,-81.65
2.7e-05,6e-06,5e-13,3e-10,2e-10,0.0629,37400000000.0,1210000000.0,11.21,-81.42
2.7e-05,6e-06,5e-13,3e-10,2.5e-10,0.0629,37400000000.0,1210000000.0,11.21,-82.31
2.7e-05,6e-06,5e-13,3.5e-10,1e-10,0.0629,35200000000.0,1100000000.0,11.61,-80.55
2.7e-05,6e-06,5e-13,3.5e-10,5e-11,0.0629,35200000000.0,1100000000.0,11.61,-80.49
2.7e-05,6e-06,5e-13,3.5e-10,2e-10,0.0629,35200000000.0,1100000000.0,11.61,-80.48
2.7e-05,6e-06,5e-13,3.5e-10,2.5e-10,0.0629,35200000000.0,1100000000.0,11.61,-83.36
2.7e-05,6e-06,5e-13,4.5e-10,1e-10,0.0629,32100000000.0,971000000.0,12.11,-78.7
2.7e-05,6e-06,5e-13,4.5e-10,5e-11,0.0629,32100000000.0,972000000.0,12.11,-78.69
2.7e-05,6e-06,5e-13,4.5e-10,2e-10,0.0629,32100000000.0,969000000.0,12.11,-78.76
2.7e-05,6e-06,5e-13,4.5e-10,2.5e-10,0.0629,32100000000.0,969000000.0,12.11,-78.48
2.7e-05,6e-06,5e-13,5e-10,1e-10,0.0629,31000000000.0,935000000.0,12.25,-77.96
2.7e-05,6e-06,5e-13,5e-10,5e-11,0.0629,31000000000.0,931000000.0,12.24,-77.86
2.7e-05,6e-06,5e-13,5e-10,1.5e-10,0.0629,31000000000.0,926000000.0,12.25,-78.11
2.7e-05,6e-06,5e-13,5e-10,2e-10,0.0629,31000000000.0,925000000.0,12.25,-78.1
2.7e-05,6e-06,5e-13,5e-10,2.5e-10,0.0629,31000000000.0,932000000.0,12.25,-76.41
2.7e-05,6e-06,3e-13,4e-10,1e-10,0.0629,33500000000.0,1030000000.0,11.91,-79.39
2.7e-05,6e-06,3e-13,4e-10,5e-11,0.0629,33500000000.0,1030000000.0,11.91,-79.58
2.7e-05,6e-06,3e-13,4e-10,1.5e-10,0.0629,33500000000.0,1030000000.0,11.91,-79.3
2.7e-05,6e-06,3e-13,3e-10,1e-10,0.0629,37400000000.0,1210000000.0,11.21,-82.09
2.7e-05,6e-06,3e-13,3e-10,5e-11,0.0629,37400000000.0,1210000000.0,11.21,-81.62
2.7e-05,6e-06,3e-13,3e-10,1.5e-10,0.0629,37400000000.0,1210000000.0,11.21,-81.54
2.7e-05,6e-06,3e-13,3e-10,2e-10,0.0629,37400000000.0,1210000000.0,11.21,-81.57
2.7e-05,6e-06,3e-13,3e-10,2.5e-10,0.0629,37400000000.0,1210000000.0,11.21,-81.63
2.7e-05,6e-06,3e-13,3.5e-10,1e-10,0.0629,35200000000.0,1100000000.0,11.61,-80.38
2.7e-05,6e-06,3e-13,3.5e-10,5e-11,0.0629,35200000000.0,1100000000.0,11.61,-80.14
2.7e-05,6e-06,3e-13,3.5e-10,1.5e-10,0.0629,35200000000.0,1100000000.0,11.61,-80.13
2.7e-05,6e-06,3e-13,3.5e-10,2e-10,0.0629,35200000000.0,1100000000.0,11.61,-80.29
2.7e-05,6e-06,3e-13,3.5e-10,2.5e-10,0.0629,35200000000.0,1100000000.0,11.61,-80.37
2.7e-05,6e-06,3e-13,4.5e-10,1e-10,0.0629,32100000000.0,974000000.0,12.11,-78.52
2.7e-05,6e-06,3e-13,4.5e-10,5e-11,0.0629,32100000000.0,970000000.0,12.11,-78.73
2.7e-05,6e-06,3e-13,4.5e-10,1.5e-10,0.0629,32100000000.0,972000000.0,12.11,-78.5
2.7e-05,6e-06,3e-13,4.5e-10,2e-10,0.0629,32100000000.0,977000000.0,12.11,-78.89
2.7e-05,6e-06,3e-13,5e-10,1e-10,0.0629,31000000000.0,932000000.0,12.25,-73.63
2.7e-05,6e-06,3e-13,5e-10,5e-11,0.0629,31000000000.0,934000000.0,12.25,-77.88
2.7e-05,6e-06,3e-13,5e-10,1.5e-10,0.0629,31000000000.0,932000000.0,12.25,-76.22
2.7e-05,6e-06,3e-13,5e-10,2e-10,0.0629,31000000000.0,933000000.0,12.25,-77.96
2.7e-05,6e-06,3e-13,5e-10,2.5e-10,0.0629,31000000000.0,928000000.0,12.25,-78.03
2.7e-05,6e-06,4e-13,4e-10,1e-10,0.0629,33500000000.0,1030000000.0,11.91,-79.59
2.7e-05,6e-06,4e-13,4e-10,5e-11,0.0629,33500000000.0,1030000000.0,11.91,-79.52
2.7e-05,6e-06,4e-13,4e-10,2e-10,0.0629,33500000000.0,1030000000.0,11.91,-79.37
2.7e-05,6e-06,4e-13,3e-10,1e-10,0.0629,37400000000.0,1210000000.0,11.21,-81.44
2.7e-05,6e-06,4e-13,3e-10,5e-11,0.0629,37400000000.0,1210000000.0,11.21,-81.69
2.7e-05,6e-06,4e-13,3e-10,1.5e-10,0.0629,37400000000.0,1210000000.0,11.21,-81.53
2.7e-05,6e-06,4e-13,3e-10,2e-10,0.0629,37400000000.0,1210000000.0,11.21,-81.77
2.7e-05,6e-06,4e-13,3e-10,2.5e-10,0.0629,37400000000.0,1210000000.0,11.21,-83.0
2.7e-05,6e-06,4e-13,3.5e-10,1e-10,0.0629,35200000000.0,1100000000.0,11.61,-80.42
2.7e-05,6e-06,4e-13,3.5e-10,5e-11,0.0629,35200000000.0,1100000000.0,11.61,-81.0
2.7e-05,6e-06,4e-13,4.5e-10,1e-10,0.0629,32100000000.0,974000000.0,12.11,-78.89
2.7e-05,6e-06,4e-13,4.5e-10,5e-11,0.0629,32100000000.0,969000000.0,12.11,-78.6
2.7e-05,6e-06,4e-13,4.5e-10,2e-10,0.0629,32100000000.0,969000000.0,12.11,-78.83
2.7e-05,6e-06,4e-13,4.5e-10,2.5e-10,0.0629,32100000000.0,968000000.0,12.11,-78.77
2.7e-05,6e-06,4e-13,5e-10,1e-10,0.0629,31000000000.0,927000000.0,12.24,-77.92
2.7e-05,6e-06,4e-13,5e-10,5e-11,0.0629,31000000000.0,931000000.0,12.24,-77.92
2.7e-05,6e-06,4e-13,5e-10,1.5e-10,0.0629,31000000000.0,923000000.0,12.24,-77.88
2.7e-05,6e-06,4e-13,5e-10,2e-10,0.0629,31000000000.0,925000000.0,12.24,-78.01
2.7e-05,6e-06,4e-13,5e-10,2.5e-10,0.0629,31000000000.0,928000000.0,12.25,-78.1
2.7e-05,6e-06,6e-13,4e-10,1.5e-10,0.0629,33500000000.0,1030000000.0,11.91,-79.36
2.7e-05,6e-06,6e-13,4e-10,2.5e-10,0.0629,33500000000.0,1030000000.0,11.91,-79.41
2.7e-05,6e-06,6e-13,3e-10,5e-11,0.0629,37400000000.0,1210000000.0,11.21,-81.66
2.7e-05,6e-06,6e-13,3.5e-10,5e-11,0.0629,35200000000.0,1100000000.0,11.61,-80.56
2.7e-05,6e-06,6e-13,3.5e-10,2e-10,0.0629,35200000000.0,1100000000.0,11.61,-81.03
2.7e-05,6e-06,6e-13,3.5e-10,2.5e-10,0.0629,35200000000.0,1100000000.0,11.61,-80.15
2.7e-05,6e-06,6e-13,4.5e-10,1e-10,0.0629,32100000000.0,968000000.0,12.11,-78.66
2.7e-05,6e-06,6e-13,4.5e-10,5e-11,0.0629,32100000000.0,969000000.0,12.11,-78.55
2.7e-05,6e-06,6e-13,4.5e-10,1.5e-10,0.0629,32100000000.0,969000000.0,12.11,-79.44
2.7e-05,6e-06,6e-13,4.5e-10,2e-10,0.0629,32100000000.0,971000000.0,12.11,-78.43
2.7e-05,6e-06,6e-13,4.5e-10,2.5e-10,0.0629,32100000000.0,971000000.0,12.11,-78.52
2.7e-05,6e-06,6e-13,5e-10,1e-10,0.0629,31000000000.0,930000000.0,12.24,-77.87
2.7e-05,6e-06,6e-13,5e-10,5e-11,0.0629,31000000000.0,930000000.0,12.25,-78.04
2.7e-05,6e-06,6e-13,5e-10,1.5e-10,0.0629,31000000000.0,930000000.0,12.24,-78.15
2.7e-05,6e-06,6e-13,5e-10,2e-10,0.0629,31000000000.0,927000000.0,12.25,-78.29
2.7e-05,6e-06,6e-13,5e-10,2.5e-10,0.0629,31000000000.0,926000000.0,12.25,-78.04
2.7e-05,6e-06,7e-13,4e-10,1e-10,0.0629,33500000000.0,1030000000.0,11.91,-79.51
2.7e-05,6e-06,7e-13,4e-10,5e-11,0.0629,33500000000.0,1030000000.0,11.91,-79.53
2.7e-05,6e-06,7e-13,4e-10,2e-10,0.0629,33500000000.0,1030000000.0,11.91,-79.49
2.7e-05,6e-06,7e-13,4e-10,2.5e-10,0.0629,33500000000.0,1020000000.0,11.91,-78.81
2.7e-05,6e-06,7e-13,3e-10,1e-10,0.0629,37400000000.0,1210000000.0,11.21,-81.58
2.7e-05,6e-06,7e-13,3e-10,5e-11,0.0629,37400000000.0,1210000000.0,11.21,-81.68
2.7e-05,6e-06,7e-13,3e-10,1.5e-10,0.0629,37400000000.0,1210000000.0,11.21,-81.4
2.7e-05,6e-06,7e-13,3e-10,2e-10,0.0629,37400000000.0,1210000000.0,11.21,-81.81
2.7e-05,6e-06,7e-13,3.5e-10,5e-11,0.0629,35200000000.0,1100000000.0,11.61,-80.39
2.7e-05,6e-06,7e-13,3.5e-10,2e-10,0.0629,35200000000.0,1100000000.0,11.61,-80.57
2.7e-05,6e-06,7e-13,4.5e-10,1e-10,0.0629,32100000000.0,971000000.0,12.11,-78.5
2.7e-05,6e-06,7e-13,4.5e-10,1.5e-10,0.0629,32100000000.0,973000000.0,12.11,-78.88
2.7e-05,6e-06,7e-13,5e-10,1e-10,0.0629,31000000000.0,926000000.0,12.25,-77.92
2.7e-05,6e-06,7e-13,5e-10,5e-11,0.0629,31000000000.0,928000000.0,12.25,-78.95
2.7e-05,6e-06,7e-13,5e-10,1.5e-10,0.0629,31000000000.0,929000000.0,12.24,-77.75
2.7e-05,6e-06,7e-13,5e-10,2e-10,0.0629,31000000000.0,931000000.0,12.24,-77.63
2.7e-05,6e-06,7e-13,5e-10,2.5e-10,0.0629,31000000000.0,930000000.0,12.24,-78.18
2.7e-05,7e-06,5e-13,4e-10,1e-10,0.0629,33300000000.0,1140000000.0,11.93,-79.61
2.7e-05,7e-06,5e-13,4e-10,5e-11,0.0629,33300000000.0,1140000000.0,11.93,-79.25
2.7e-05,7e-06,5e-13,4e-10,1.5e-10,0.0629,33300000000.0,1140000000.0,11.93,-79.17
2.7e-05,7e-06,5e-13,4e-10,2e-10,0.0629,33300000000.0,1140000000.0,11.93,-79.2
2.7e-05,7e-06,5e-13,4e-10,2.5e-10,0.0629,33300000000.0,1140000000.0,11.93,-79.06
2.7e-05,7e-06,5e-13,3e-10,1e-10,0.0629,37100000000.0,1340000000.0,11.25,-81.59
2.7e-05,7e-06,5e-13,3e-10,5e-11,0.0629,37100000000.0,1340000000.0,11.24,-82.72
2.7e-05,7e-06,5e-13,3e-10,1.5e-10,0.0629,37100000000.0,1340000000.0,11.25,-81.58
2.7e-05,7e-06,5e-13,3e-10,2e-10,0.0629,37100000000.0,1350000000.0,11.25,-82.52
2.7e-05,7e-06,5e-13,3e-10,2.5e-10,0.0629,37100000000.0,1340000000.0,11.25,-81.95
2.7e-05,7e-06,5e-13,3.5e-10,1e-10,0.0629,35000000000.0,1230000000.0,11.64,-80.15
2.7e-05,7e-06,5e-13,3.5e-10,5e-11,0.0629,35000000000.0,1220000000.0,11.64,-81.39
2.7e-05,7e-06,5e-13,3.5e-10,1.5e-10,0.0629,35000000000.0,1220000000.0,11.64,-80.69
2.7e-05,7e-06,5e-13,3.5e-10,2e-10,0.0629,35000000000.0,1230000000.0,11.64,-80.44
2.7e-05,7e-06,5e-13,3.5e-10,2.5e-10,0.0629,35000000000.0,1220000000.0,11.64,-80.19
2.7e-05,7e-06,5e-13,4.5e-10,1e-10,0.0629,31900000000.0,1080000000.0,12.12,-78.75
2.7e-05,7e-06,5e-13,4.5e-10,5e-11,0.0629,31900000000.0,1090000000.0,12.12,-78.81
2.7e-05,7e-06,5e-13,4.5e-10,1.5e-10,0.0629,31900000000.0,1080000000.0,12.12,-78.58
2.7e-05,7e-06,5e-13,4.5e-10,2e-10,0.0629,31900000000.0,1080000000.0,12.12,-78.91
2.7e-05,7e-06,5e-13,4.5e-10,2.5e-10,0.0629,31900000000.0,1090000000.0,12.12,-78.64
2.7e-05,7e-06,5e-13,5e-10,1e-10,0.0629,30800000000.0,1030000000.0,12.25,-78.06
2.7e-05,7e-06,5e-13,5e-10,5e-11,0.0629,30800000000.0,1030000000.0,12.25,-78.05
2.7e-05,7e-06,5e-13,5e-10,1.5e-10,0.0629,30800000000.0,1040000000.0,12.24,-77.83
2.7e-05,7e-06,5e-13,5e-10,2e-10,0.0629,30800000000.0,1030000000.0,12.25,-77.88
2.7e-05,7e-06,5e-13,5e-10,2.5e-10,0.0629,30800000000.0,1030000000.0,12.25,-77.61
2.7e-05,7e-06,3e-13,4e-10,1e-10,0.0629,33300000000.0,1140000000.0,11.93,-79.19
2.7e-05,7e-06,3e-13,4e-10,1.5e-10,0.0629,33300000000.0,1140000000.0,11.93,-79.9
2.7e-05,7e-06,3e-13,4e-10,2e-10,0.0629,33300000000.0,1140000000.0,11.93,-79.31
2.7e-05,7e-06,3e-13,4e-10,2.5e-10,0.0629,33300000000.0,1140000000.0,11.93,-79.41
2.7e-05,7e-06,3e-13,3e-10,1e-10,0.0629,37100000000.0,1340000000.0,11.25,-81.42
2.7e-05,7e-06,3e-13,3e-10,5e-11,0.0629,37100000000.0,1350000000.0,11.24,-81.51
2.7e-05,7e-06,3e-13,3e-10,1.5e-10,0.0629,37100000000.0,1340000000.0,11.24,-82.24
2.7e-05,7e-06,3e-13,3e-10,2e-10,0.0629,37100000000.0,1340000000.0,11.24,-81.91
2.7e-05,7e-06,3e-13,3e-10,2.5e-10,0.0629,37100000000.0,1350000000.0,11.25,-80.29
2.7e-05,7e-06,3e-13,3.5e-10,1e-10,0.0629,35000000000.0,1220000000.0,11.64,-80.2
2.7e-05,7e-06,3e-13,3.5e-10,2e-10,0.0629,35000000000.0,1230000000.0,11.64,-80.13
2.7e-05,7e-06,3e-13,3.5e-10,2.5e-10,0.0629,35000000000.0,1220000000.0,11.64,-80.6
2.7e-05,7e-06,3e-13,4.5e-10,1e-10,0.0629,31900000000.0,1080000000.0,12.12,-78.83
2.7e-05,7e-06,3e-13,4.5e-10,5e-11,0.0629,31900000000.0,1080000000.0,12.12,-78.72
2.7e-05,7e-06,3e-13,4.5e-10,1.5e-10,0.0629,31900000000.0,1080000000.0,12.12,-78.76
2.7e-05,7e-06,3e-13,4.5e-10,2e-10,0.0629,31900000000.0,1080000000.0,12.12,-78.52
2.7e-05,7e-06,3e-13,4.5e-10,2.5e-10,0.0629,31900000000.0,1080000000.0,12.12,-78.48
2.7e-05,7e-06,3e-13,5e-10,1e-10,0.0629,30800000000.0,1030000000.0,12.25,-77.87
2.7e-05,7e-06,3e-13,5e-10,5e-11,0.0629,30800000000.0,1040000000.0,12.24,-77.78
2.7e-05,7e-06,3e-13,5e-10,1.5e-10,0.0629,30800000000.0,1040000000.0,12.24,-77.81
2.7e-05,7e-06,3e-13,5e-10,2e-10,0.0629,30800000000.0,1040000000.0,12.25,-77.99
2.7e-05,7e-06,3e-13,5e-10,2.5e-10,0.0629,30800000000.0,1040000000.0,12.25,-78.05
2.7e-05,7e-06,4e-13,4e-10,5e-11,0.0629,33300000000.0,1140000000.0,11.92,-79.33
2.7e-05,7e-06,4e-13,4e-10,1.5e-10,0.0629,33300000000.0,1140000000.0,11.93,-79.4
2.7e-05,7e-06,4e-13,3e-10,1e-10,0.0629,37100000000.0,1340000000.0,11.24,-81.67
2.7e-05,7e-06,4e-13,3e-10,1.5e-10,0.0629,37100000000.0,1350000000.0,11.24,-82.73
2.7e-05,7e-06,4e-13,3e-10,2e-10,0.0629,37100000000.0,1340000000.0,11.25,-81.62
2.7e-05,7e-06,4e-13,3e-10,2.5e-10,0.0629,37100000000.0,1350000000.0,11.25,-81.57
2.7e-05,7e-06,4e-13,3.5e-10,1e-10,0.0629,35000000000.0,1220000000.0,11.64,-80.13
2.7e-05,7e-06,4e-13,3.5e-10,5e-11,0.0629,35000000000.0,1230000000.0,11.64,-80.32
2.7e-05,7e-06,4e-13,3.5e-10,1.5e-10,0.0629,35000000000.0,1220000000.0,11.64,-80.33
2.7e-05,7e-06,4e-13,3.5e-10,2e-10,0.0629,35000000000.0,1230000000.0,11.64,-80.47
2.7e-05,7e-06,4e-13,3.5e-10,2.5e-10,0.0629,35000000000.0,1220000000.0,11.64,-80.16
2.7e-05,7e-06,4e-13,4.5e-10,1e-10,0.0629,31900000000.0,1090000000.0,12.12,-78.86
2.7e-05,7e-06,4e-13,4.5e-10,1.5e-10,0.0629,31900000000.0,1080000000.0,12.12,-78.73
2.7e-05,7e-06,4e-13,4.5e-10,2e-10,0.0629,31900000000.0,1080000000.0,12.12,-78.46
2.7e-05,7e-06,4e-13,4.5e-10,2.5e-10,0.0629,31900000000.0,1080000000.0,12.12,-78.51
2.7e-05,7e-06,4e-13,5e-10,1e-10,0.0629,30800000000.0,1030000000.0,12.24,-77.95
2.7e-05,7e-06,4e-13,5e-10,5e-11,0.0629,30800000000.0,1030000000.0,12.24,-77.31
2.7e-05,7e-06,4e-13,5e-10,1.5e-10,0.0629,30800000000.0,1040000000.0,12.24,-77.82
2.7e-05,7e-06,4e-13,5e-10,2e-10,0.0629,30800000000.0,1030000000.0,12.25,-78.0
2.7e-05,7e-06,4e-13,5e-10,2.5e-10,0.0629,30800000000.0,1040000000.0,12.25,-78.13
2.7e-05,7e-06,6e-13,4e-10,1e-10,0.0629,33300000000.0,1140000000.0,11.93,-79.27
2.7e-05,7e-06,6e-13,4e-10,5e-11,0.0629,33300000000.0,1140000000.0,11.93,-79.24
2.7e-05,7e-06,6e-13,4e-10,1.5e-10,0.0629,33300000000.0,1140000000.0,11.93,-79.23
2.7e-05,7e-06,6e-13,4e-10,2e-10,0.0629,33300000000.0,1140000000.0,11.93,-78.77
2.7e-05,7e-06,6e-13,4e-10,2.5e-10,0.0629,33300000000.0,1140000000.0,11.93,-79.45
2.7e-05,7e-06,6e-13,3e-10,1e-10,0.0629,37100000000.0,1340000000.0,11.24,-81.62
2.7e-05,7e-06,6e-13,3e-10,5e-11,0.0629,37100000000.0,1340000000.0,11.25,-81.45
2.7e-05,7e-06,6e-13,3e-10,1.5e-10,0.0629,37100000000.0,1350000000.0,11.25,-82.53
2.7e-05,7e-06,6e-13,3e-10,2e-10,0.0629,37100000000.0,1340000000.0,11.24,-81.68
2.7e-05,7e-06,6e-13,3e-10,2.5e-10,0.0629,37100000000.0,1340000000.0,11.24,-81.71
2.7e-05,7e-06,6e-13,3.5e-10,1e-10,0.0629,35000000000.0,1230000000.0,11.64,-79.81
2.7e-05,7e-06,6e-13,3.5e-10,5e-11,0.0629,35000000000.0,1220000000.0,11.64,-80.17
2.7e-05,7e-06,6e-13,3.5e-10,1.5e-10,0.0629,35000000000.0,1220000000.0,11.64,-80.31
2.7e-05,7e-06,6e-13,3.5e-10,2e-10,0.0629,35000000000.0,1220000000.0,11.64,-80.44
2.7e-05,7e-06,6e-13,3.5e-10,2.5e-10,0.0629,35000000000.0,1220000000.0,11.64,-80.22
2.7e-05,7e-06,6e-13,4.5e-10,5e-11,0.0629,31900000000.0,1080000000.0,12.12,-78.28
2.7e-05,7e-06,6e-13,4.5e-10,1.5e-10,0.0629,31900000000.0,1080000000.0,12.12,-78.77
2.7e-05,7e-06,6e-13,4.5e-10,2e-10,0.0629,31900000000.0,1080000000.0,12.12,-78.43
2.7e-05,7e-06,6e-13,4.5e-10,2.5e-10,0.0629,31900000000.0,1080000000.0,12.12,-77.37
2.7e-05,7e-06,6e-13,5e-10,1e-10,0.0629,30800000000.0,1040000000.0,12.25,-77.87
2.7e-05,7e-06,6e-13,5e-10,5e-11,0.0629,30800000000.0,1040000000.0,12.25,-77.91
2.7e-05,7e-06,6e-13,5e-10,1.5e-10,0.0629,30800000000.0,1040000000.0,12.24,-77.73
2.7e-05,7e-06,6e-13,5e-10,2e-10,0.0629,30800000000.0,1030000000.0,12.25,-78.35
2.7e-05,7e-06,6e-13,5e-10,2.5e-10,0.0629,30800000000.0,1030000000.0,12.25,-77.82
2.7e-05,7e-06,7e-13,4e-10,5e-11,0.0629,33300000000.0,1140000000.0,11.93,-79.52
2.7e-05,7e-06,7e-13,4e-10,1.5e-10,0.0629,33300000000.0,1140000000.0,11.93,-79.3
2.7e-05,7e-06,7e-13,4e-10,2e-10,0.0629,33300000000.0,1140000000.0,11.93,-79.37
2.7e-05,7e-06,7e-13,4e-10,2.5e-10,0.0629,33300000000.0,1140000000.0,11.93,-79.14
2.7e-05,7e-06,7e-13,3e-10,1e-10,0.0629,37100000000.0,1340000000.0,11.24,-81.86
2.7e-05,7e-06,7e-13,3e-10,5e-11,0.0629,37100000000.0,1340000000.0,11.24,-81.55
2.7e-05,7e-06,7e-13,3e-10,1.5e-10,0.0629,37100000000.0,1340000000.0,11.24,-81.26
2.7e-05,7e-06,7e-13,3e-10,2.5e-10,0.0629,37100000000.0,1340000000.0,11.24,-81.74
2.7e-05,7e-06,7e-13,3.5e-10,1e-10,0.0629,35000000000.0,1230000000.0,11.64,-80.57
2.7e-05,7e-06,7e-13,3.5e-10,5e-11,0.0629,35000000000.0,1220000000.0,11.64,-80.32
2.7e-05,7e-06,7e-13,3.5e-10,1.5e-10,0.0629,35000000000.0,1220000000.0,11.64,-80.45
2.7e-05,7e-06,7e-13,3.5e-10,2.5e-10,0.0629,35000000000.0,1220000000.0,11.64,-80.39
2.7e-05,7e-06,7e-13,4.5e-10,5e-11,0.0629,31900000000.0,1080000000.0,12.12,-78.45
2.7e-05,7e-06,7e-13,4.5e-10,1.5e-10,0.0629,31900000000.0,1070000000.0,12.12,-78.5
2.7e-05,7e-06,7e-13,4.5e-10,2.5e-10,0.0629,31900000000.0,1080000000.0,12.12,-78.53
2.7e-05,7e-06,7e-13,5e-10,1e-10,0.0629,30800000000.0,1040000000.0,12.24,-77.77
2.7e-05,7e-06,7e-13,5e-10,5e-11,0.0629,30800000000.0,1030000000.0,12.25,-78.46
2.7e-05,7e-06,7e-13,5e-10,2.5e-10,0.0629,30800000000.0,1030000000.0,12.25,-78.14
2.7e-05,8e-06,5e-13,4e-10,1e-10,0.0629,33000000000.0,1240000000.0,11.94,-79.48
2.7e-05,8e-06,5e-13,4e-10,5e-11,0.0629,33000000000.0,1240000000.0,11.94,-79.45
2.7e-05,8e-06,5e-13,4e-10,1.5e-10,0.0629,33000000000.0,1240000000.0,11.94,-79.26
2.7e-05,8e-06,5e-13,4e-10,2e-10,0.0629,33000000000.0,1240000000.0,11.94,-79.42
2.7e-05,8e-06,5e-13,4e-10,2.5e-10,0.0629,33000000000.0,1240000000.0,11.94,-79.5
2.7e-05,8e-06,5e-13,3e-10,1e-10,0.0629,36800000000.0,1460000000.0,11.27,-82.12
2.7e-05,8e-06,5e-13,3e-10,5e-11,0.0629,36800000000.0,1460000000.0,11.28,-81.47
2.7e-05,8e-06,5e-13,3e-10,1.5e-10,0.0629,36800000000.0,1450000000.0,11.27,-81.67
2.7e-05,8e-06,5e-13,3e-10,2e-10,0.0629,36800000000.0,1450000000.0,11.27,-81.48
2.7e-05,8e-06,5e-13,3e-10,2.5e-10,0.0629,36800000000.0,1460000000.0,11.28,-81.62
2.7e-05,8e-06,5e-13,3.5e-10,1e-10,0.0629,34700000000.0,1330000000.0,11.67,-80.1
2.7e-05,8e-06,5e-13,3.5e-10,5e-11,0.0629,34700000000.0,1330000000.0,11.66,-81.37
2.7e-05,8e-06,5e-13,3.5e-10,1.5e-10,0.0629,34700000000.0,1330000000.0,11.66,-80.49
2.7e-05,8e-06,5e-13,3.5e-10,2e-10,0.0629,34700000000.0,1330000000.0,11.66,-80.36
2.7e-05,8e-06,5e-13,3.5e-10,2.5e-10,0.0629,34700000000.0,1330000000.0,11.66,-80.35
2.7e-05,8e-06,5e-13,4.5e-10,1e-10,0.0629,31700000000.0,1180000000.0,12.12,-76.42
2.7e-05,8e-06,5e-13,4.5e-10,5e-11,0.0629,31700000000.0,1180000000.0,12.12,-78.52
2.7e-05,8e-06,5e-13,4.5e-10,1.5e-10,0.0629,31700000000.0,1170000000.0,12.13,-78.9
2.7e-05,8e-06,5e-13,4.5e-10,2e-10,0.0629,31700000000.0,1190000000.0,12.12,-78.8
2.7e-05,8e-06,5e-13,4.5e-10,2.5e-10,0.0629,31700000000.0,1170000000.0,12.12,-77.86
2.7e-05,8e-06,5e-13,5e-10,1e-10,0.0629,30600000000.0,1140000000.0,12.24,-76.99
2.7e-05,8e-06,5e-13,5e-10,5e-11,0.0629,30600000000.0,1130000000.0,12.24,-77.76
2.7e-05,8e-06,5e-13,5e-10,1.5e-10,0.0629,30600000000.0,1130000000.0,12.24,-77.96
2.7e-05,8e-06,5e-13,5e-10,2e-10,0.0629,30600000000.0,1130000000.0,12.24,-77.49
2.7e-05,8e-06,5e-13,5e-10,2.5e-10,0.0629,30600000000.0,1140000000.0,12.24,-73.48
2.7e-05,8e-06,3e-13,4e-10,1e-10,0.0629,33000000000.0,1240000000.0,11.94,-79.57
2.7e-05,8e-06,3e-13,4e-10,5e-11,0.0629,33000000000.0,1240000000.0,11.94,-79.51
2.7e-05,8e-06,3e-13,4e-10,2.5e-10,0.0629,33000000000.0,1240000000.0,11.94,-79.03
2.7e-05,8e-06,3e-13,3e-10,1e-10,0.0629,36800000000.0,1460000000.0,11.28,-81.36
2.7e-05,8e-06,3e-13,3e-10,5e-11,0.0629,36800000000.0,1460000000.0,11.27,-82.09
2.7e-05,8e-06,3e-13,3e-10,1.5e-10,0.0629,36800000000.0,1460000000.0,11.27,-81.61
2.7e-05,8e-06,3e-13,3e-10,2.5e-10,0.0629,36800000000.0,1460000000.0,11.27,-81.6
2.7e-05,8e-06,3e-13,3.5e-10,1e-10,0.0629,34700000000.0,1330000000.0,11.66,-80.34
2.7e-05,8e-06,3e-13,3.5e-10,5e-11,0.0629,34700000000.0,1330000000.0,11.66,-80.23
2.7e-05,8e-06,3e-13,3.5e-10,2.5e-10,0.0629,34700000000.0,1330000000.0,11.66,-80.17
2.7e-05,8e-06,3e-13,4.5e-10,1e-10,0.0629,31700000000.0,1170000000.0,12.12,-78.53
2.7e-05,8e-06,3e-13,4.5e-10,5e-11,0.0629,31700000000.0,1190000000.0,12.12,-78.61
2.7e-05,8e-06,3e-13,4.5e-10,1.5e-10,0.0629,31700000000.0,1170000000.0,12.12,-78.46
2.7e-05,8e-06,3e-13,4.5e-10,2.5e-10,0.0629,31700000000.0,1180000000.0,12.12,-78.49
2.7e-05,8e-06,3e-13,5e-10,1e-10,0.0629,30600000000.0,1130000000.0,12.24,-77.97
2.7e-05,8e-06,3e-13,5e-10,1.5e-10,0.0629,30600000000.0,1120000000.0,12.24,-78.05
2.7e-05,8e-06,3e-13,5e-10,2e-10,0.0629,30600000000.0,1130000000.0,12.24,-78.03
2.7e-05,8e-06,3e-13,5e-10,2.5e-10,0.0629,30600000000.0,1130000000.0,12.25,-77.99
2.7e-05,8e-06,4e-13,4e-10,1e-10,0.0629,33000000000.0,1240000000.0,11.94,-79.22
2.7e-05,8e-06,4e-13,4e-10,5e-11,0.0629,33000000000.0,1240000000.0,11.94,-79.07
2.7e-05,8e-06,4e-13,4e-10,1.5e-10,0.0629,33000000000.0,1240000000.0,11.94,-79.09
2.7e-05,8e-06,4e-13,4e-10,2.5e-10,0.0629,33000000000.0,1240000000.0,11.94,-79.31
2.7e-05,8e-06,4e-13,3e-10,1e-10,0.0629,36800000000.0,1460000000.0,11.27,-81.69
2.7e-05,8e-06,4e-13,3e-10,5e-11,0.0629,36800000000.0,1460000000.0,11.28,-81.57
2.7e-05,8e-06,4e-13,3e-10,2e-10,0.0629,36800000000.0,1450000000.0,11.27,-71.73
2.7e-05,8e-06,4e-13,3e-10,2.5e-10,0.0629,36800000000.0,1460000000.0,11.28,-81.43
2.7e-05,8e-06,4e-13,3.5e-10,1e-10,0.0629,34700000000.0,1330000000.0,11.66,-80.22
2.7e-05,8e-06,4e-13,3.5e-10,5e-11,0.0629,34700000000.0,1330000000.0,11.66,-80.47
2.7e-05,8e-06,4e-13,3.5e-10,1.5e-10,0.0629,34700000000.0,1330000000.0,11.66,-80.59
2.7e-05,8e-06,4e-13,3.5e-10,2e-10,0.0629,34700000000.0,1330000000.0,11.66,-80.4
2.7e-05,8e-06,4e-13,4.5e-10,1e-10,0.0629,31700000000.0,1180000000.0,12.12,-78.32
2.7e-05,8e-06,4e-13,4.5e-10,5e-11,0.0629,31700000000.0,1180000000.0,12.12,-78.37
2.7e-05,8e-06,4e-13,4.5e-10,1.5e-10,0.0629,31700000000.0,1180000000.0,12.12,-78.42
2.7e-05,8e-06,4e-13,4.5e-10,2e-10,0.0629,31700000000.0,1180000000.0,12.12,-78.01
2.7e-05,8e-06,4e-13,5e-10,1e-10,0.0629,30600000000.0,1130000000.0,12.24,-77.77
2.7e-05,8e-06,4e-13,5e-10,5e-11,0.0629,30600000000.0,1130000000.0,12.24,-77.78
2.7e-05,8e-06,4e-13,5e-10,1.5e-10,0.0629,30600000000.0,1130000000.0,12.24,-77.93
2.7e-05,8e-06,4e-13,5e-10,2e-10,0.0629,30600000000.0,1140000000.0,12.24,-76.01
2.7e-05,8e-06,4e-13,5e-10,2.5e-10,0.0629,30600000000.0,1130000000.0,12.24,-77.82
2.7e-05,8e-06,6e-13,4e-10,1e-10,0.0629,33000000000.0,1240000000.0,11.94,-80.76
2.7e-05,8e-06,6e-13,4e-10,1.5e-10,0.0629,33000000000.0,1240000000.0,11.94,-79.75
2.7e-05,8e-06,6e-13,4e-10,2e-10,0.0629,33000000000.0,1240000000.0,11.94,-79.12
2.7e-05,8e-06,6e-13,4e-10,2.5e-10,0.0629,33000000000.0,1240000000.0,11.94,-79.39
2.7e-05,8e-06,6e-13,3e-10,1e-10,0.0629,36800000000.0,1450000000.0,11.27,-81.68
2.7e-05,8e-06,6e-13,3e-10,1.5e-10,0.0629,36800000000.0,1460000000.0,11.28,-80.95
2.7e-05,8e-06,6e-13,3e-10,2e-10,0.0629,36800000000.0,1460000000.0,11.27,-81.17
2.7e-05,8e-06,6e-13,3e-10,2.5e-10,0.0629,36800000000.0,1460000000.0,11.28,-81.59
2.7e-05,8e-06,6e-13,3.5e-10,1e-10,0.0629,34700000000.0,1330000000.0,11.67,-80.08
2.7e-05,8e-06,6e-13,3.5e-10,5e-11,0.0629,34700000000.0,1330000000.0,11.66,-80.54
2.7e-05,8e-06,6e-13,3.5e-10,1.5e-10,0.0629,34700000000.0,1330000000.0,11.67,-80.17
2.7e-05,8e-06,6e-13,3.5e-10,2e-10,0.0629,34700000000.0,1330000000.0,11.67,-79.8
2.7e-05,8e-06,6e-13,3.5e-10,2.5e-10,0.0629,34700000000.0,1330000000.0,11.66,-80.27
2.7e-05,8e-06,6e-13,4.5e-10,1e-10,0.0629,31700000000.0,1170000000.0,12.12,-78.52
2.7e-05,8e-06,6e-13,4.5e-10,5e-11,0.0629,31700000000.0,1170000000.0,12.12,-78.64
2.7e-05,8e-06,6e-13,4.5e-10,1.5e-10,0.0629,31700000000.0,1180000000.0,12.12,-78.67
2.7e-05,8e-06,6e-13,4.5e-10,2.5e-10,0.0629,31700000000.0,1180000000.0,12.12,-78.7
2.7e-05,8e-06,6e-13,5e-10,1e-10,0.0629,30600000000.0,1130000000.0,12.24,-77.86
2.7e-05,8e-06,6e-13,5e-10,5e-11,0.0629,30600000000.0,1130000000.0,12.24,-77.84
2.7e-05,8e-06,6e-13,5e-10,1.5e-10,0.0629,30600000000.0,1130000000.0,12.25,-78.03
2.7e-05,8e-06,6e-13,5e-10,2e-10,0.0629,30600000000.0,1130000000.0,12.24,-78.36
2.7e-05,8e-06,6e-13,5e-10,2.5e-10,0.0629,30600000000.0,1130000000.0,12.25,-78.04
2.7e-05,8e-06,7e-13,4e-10,1e-10,0.0629,33000000000.0,1240000000.0,11.94,-79.53
2.7e-05,8e-06,7e-13,4e-10,5e-11,0.0629,33000000000.0,1240000000.0,11.94,-79.4
2.7e-05,8e-06,7e-13,4e-10,1.5e-10,0.0629,33000000000.0,1240000000.0,11.94,-79.55
2.7e-05,8e-06,7e-13,4e-10,2e-10,0.0629,33000000000.0,1240000000.0,11.94,-79.36
2.7e-05,8e-06,7e-13,4e-10,2.5e-10,0.0629,33000000000.0,1240000000.0,11.94,-79.19
2.7e-05,8e-06,7e-13,3e-10,1e-10,0.0629,36800000000.0,1460000000.0,11.28,-81.53
2.7e-05,8e-06,7e-13,3e-10,5e-11,0.0629,36800000000.0,1460000000.0,11.27,-81.7
2.7e-05,8e-06,7e-13,3e-10,2.5e-10,0.0629,36800000000.0,1460000000.0,11.27,-81.62
2.7e-05,8e-06,7e-13,3.5e-10,5e-11,0.0629,34700000000.0,1330000000.0,11.67,-80.19
2.7e-05,8e-06,7e-13,3.5e-10,1.5e-10,0.0629,34700000000.0,1330000000.0,11.66,-79.9
2.7e-05,8e-06,7e-13,3.5e-10,2e-10,0.0629,34700000000.0,1330000000.0,11.66,-80.55
2.7e-05,8e-06,7e-13,3.5e-10,2.5e-10,0.0629,34700000000.0,1330000000.0,11.66,-80.24
2.7e-05,8e-06,7e-13,4.5e-10,1e-10,0.0629,31700000000.0,1180000000.0,12.12,-78.26
2.7e-05,8e-06,7e-13,4.5e-10,2e-10,0.0629,31700000000.0,1170000000.0,12.12,-78.63
2.7e-05,8e-06,7e-13,4.5e-10,2.5e-10,0.0629,31700000000.0,1180000000.0,12.13,-78.66
2.7e-05,8e-06,7e-13,5e-10,1e-10,0.0629,30600000000.0,1120000000.0,12.24,-77.79
2.7e-05,8e-06,7e-13,5e-10,5e-11,0.0629,30600000000.0,1130000000.0,12.25,-78.37
2.7e-05,8e-06,7e-13,5e-10,1.5e-10,0.0629,30600000000.0,1130000000.0,12.24,-78.05
2.7e-05,8e-06,7e-13,5e-10,2e-10,0.0629,30600000000.0,1130000000.0,12.24,-78.12
2.7e-05,8e-06,7e-13,5e-10,2.5e-10,0.0629,30600000000.0,1120000000.0,12.24,-77.92
2.7e-05,9e-06,5e-13,4e-10,1e-10,0.0629,32800000000.0,1330000000.0,11.95,-79.16
2.7e-05,9e-06,5e-13,4e-10,5e-11,0.0629,32800000000.0,1330000000.0,11.95,-79.17
2.7e-05,9e-06,5e-13,4e-10,1.5e-10,0.0629,32800000000.0,1320000000.0,11.95,-79.19
2.7e-05,9e-06,5e-13,4e-10,2e-10,0.0629,32800000000.0,1320000000.0,11.95,-79.23
2.7e-05,9e-06,5e-13,4e-10,2.5e-10,0.0629,32800000000.0,1320000000.0,11.95,-79.67
2.7e-05,9e-06,5e-13,3e-10,1e-10,0.0629,36600000000.0,1560000000.0,11.3,-81.58
2.7e-05,9e-06,5e-13,3e-10,5e-11,0.0629,36600000000.0,1550000000.0,11.3,-81.27
2.7e-05,9e-06,5e-13,3e-10,1.5e-10,0.0629,36600000000.0,1550000000.0,11.3,-81.4
2.7e-05,9e-06,5e-13,3e-10,2e-10,0.0629,36600000000.0,1550000000.0,11.3,-81.55
2.7e-05,9e-06,5e-13,3e-10,2.5e-10,0.0629,36600000000.0,1550000000.0,11.3,-81.63
2.7e-05,9e-06,5e-13,3.5e-10,1e-10,0.0629,34400000000.0,1420000000.0,11.68,-80.25
2.7e-05,9e-06,5e-13,3.5e-10,5e-11,0.0629,34400000000.0,1420000000.0,11.68,-80.02
2.7e-05,9e-06,5e-13,3.5e-10,1.5e-10,0.0629,34400000000.0,1420000000.0,11.68,-80.24
2.7e-05,9e-06,5e-13,3.5e-10,2e-10,0.0629,34400000000.0,1420000000.0,11.68,-79.7
2.7e-05,9e-06,5e-13,3.5e-10,2.5e-10,0.0629,34400000000.0,1420000000.0,11.68,-80.06
2.7e-05,9e-06,5e-13,4.5e-10,1e-10,0.0629,31500000000.0,1250000000.0,12.12,-78.24
2.7e-05,9e-06,5e-13,4.5e-10,5e-11,0.0629,31500000000.0,1260000000.0,12.12,-78.46
2.7e-05,9e-06,5e-13,4.5e-10,1.5e-10,0.0629,31500000000.0,1250000000.0,12.12,-78.52
2.7e-05,9e-06,5e-13,4.5e-10,2e-10,0.0629,31500000000.0,1250000000.0,12.12,-78.53
2.7e-05,9e-06,5e-13,4.5e-10,2.5e-10,0.0629,31500000000.0,1260000000.0,12.12,-78.71
2.7e-05,9e-06,5e-13,5e-10,1e-10,0.0629,30400000000.0,1200000000.0,12.24,-78.0
2.7e-05,9e-06,5e-13,5e-10,5e-11,0.0629,30400000000.0,1200000000.0,12.24,-77.95
2.7e-05,9e-06,5e-13,5e-10,2.5e-10,0.0629,30400000000.0,1210000000.0,12.24,-77.67
2.7e-05,9e-06,3e-13,4e-10,1e-10,0.0629,32800000000.0,1320000000.0,11.95,-79.53
2.7e-05,9e-06,3e-13,4e-10,5e-11,0.0629,32800000000.0,1320000000.0,11.95,-79.41
2.7e-05,9e-06,3e-13,4e-10,1.5e-10,0.0629,32800000000.0,1320000000.0,11.95,-79.33
2.7e-05,9e-06,3e-13,4e-10,2.5e-10,0.0629,32800000000.0,1330000000.0,11.95,-79.13
2.7e-05,9e-06,3e-13,3e-10,1e-10,0.0629,36600000000.0,1560000000.0,11.3,-81.07
2.7e-05,9e-06,3e-13,3e-10,5e-11,0.0629,36600000000.0,1560000000.0,11.3,-81.51
2.7e-05,9e-06,3e-13,3e-10,1.5e-10,0.0629,36600000000.0,1560000000.0,11.3,-81.5
2.7e-05,9e-06,3e-13,3e-10,2e-10,0.0629,36600000000.0,1550000000.0,11.3,-81.43
2.7e-05,9e-06,3e-13,3.5e-10,1e-10,0.0629,34400000000.0,1420000000.0,11.68,-79.72
2.7e-05,9e-06,3e-13,3.5e-10,5e-11,0.0629,34400000000.0,1420000000.0,11.68,-80.19
2.7e-05,9e-06,3e-13,3.5e-10,1.5e-10,0.0629,34400000000.0,1420000000.0,11.68,-80.39
2.7e-05,9e-06,3e-13,3.5e-10,2e-10,0.0629,34400000000.0,1420000000.0,11.68,-80.5
2.7e-05,9e-06,3e-13,3.5e-10,2.5e-10,0.0629,34400000000.0,1420000000.0,11.68,-80.13
2.7e-05,9e-06,3e-13,4.5e-10,1e-10,0.0629,31500000000.0,1260000000.0,12.12,-78.55
2.7e-05,9e-06,3e-13,4.5e-10,5e-11,0.0629,31500000000.0,1260000000.0,12.12,-78.62
2.7e-05,9e-06,3e-13,4.5e-10,1.5e-10,0.0629,31500000000.0,1260000000.0,12.12,-78.41
2.7e-05,9e-06,3e-13,4.5e-10,2.5e-10,0.0629,31500000000.0,1260000000.0,12.12,-78.65
2.7e-05,9e-06,3e-13,5e-10,1e-10,0.0629,30400000000.0,1210000000.0,12.24,-78.02
2.7e-05,9e-06,3e-13,5e-10,5e-11,0.0629,30400000000.0,1210000000.0,12.24,-77.97
2.7e-05,9e-06,3e-13,5e-10,1.5e-10,0.0629,30400000000.0,1220000000.0,12.24,-77.96
2.7e-05,9e-06,3e-13,5e-10,2e-10,0.0629,30400000000.0,1200000000.0,12.24,-77.94
2.7e-05,9e-06,4e-13,4e-10,1e-10,0.0629,32800000000.0,1330000000.0,11.95,-79.09
2.7e-05,9e-06,4e-13,4e-10,1.5e-10,0.0629,32800000000.0,1320000000.0,11.95,-79.34
2.7e-05,9e-06,4e-13,4e-10,2.5e-10,0.0629,32800000000.0,1320000000.0,11.95,-79.32
2.7e-05,9e-06,4e-13,3e-10,1e-10,0.0629,36600000000.0,1550000000.0,11.3,-81.71
2.7e-05,9e-06,4e-13,3e-10,5e-11,0.0629,36600000000.0,1550000000.0,11.3,-81.57
2.7e-05,9e-06,4e-13,3e-10,1.5e-10,0.0629,36600000000.0,1550000000.0,11.3,-81.46
2.7e-05,9e-06,4e-13,3e-10,2.5e-10,0.0629,36600000000.0,1550000000.0,11.3,-81.35
2.7e-05,9e-06,4e-13,3.5e-10,1e-10,0.0629,34400000000.0,1420000000.0,11.68,-80.43
2.7e-05,9e-06,4e-13,3.5e-10,5e-11,0.0629,34400000000.0,1420000000.0,11.68,-80.62
2.7e-05,9e-06,4e-13,3.5e-10,2.5e-10,0.0629,34400000000.0,1420000000.0,11.68,-80.33
2.7e-05,9e-06,4e-13,4.5e-10,1e-10,0.0629,31500000000.0,1260000000.0,12.12,-78.54
2.7e-05,9e-06,4e-13,4.5e-10,5e-11,0.0629,31500000000.0,1250000000.0,12.12,-78.62
2.7e-05,9e-06,4e-13,4.5e-10,1.5e-10,0.0629,31500000000.0,1260000000.0,12.12,-78.38
2.7e-05,9e-06,4e-13,4.5e-10,2e-10,0.0629,31500000000.0,1270000000.0,12.12,-78.57
2.7e-05,9e-06,4e-13,4.5e-10,2.5e-10,0.0629,31500000000.0,1260000000.0,12.12,-78.27
2.7e-05,9e-06,4e-13,5e-10,1e-10,0.0629,30400000000.0,1200000000.0,12.24,-77.93
2.7e-05,9e-06,4e-13,5e-10,1.5e-10,0.0629,30400000000.0,1210000000.0,12.23,-77.8
2.7e-05,9e-06,6e-13,4e-10,1e-10,0.0629,32800000000.0,1320000000.0,11.95,-79.66
2.7e-05,9e-06,6e-13,4e-10,5e-11,0.0629,32800000000.0,1330000000.0,11.95,-79.11
2.7e-05,9e-06,6e-13,4e-10,1.5e-10,0.0629,32800000000.0,1320000000.0,11.95,-79.45
2.7e-05,9e-06,6e-13,4e-10,2e-10,0.0629,32800000000.0,1320000000.0,11.95,-79.49
2.7e-05,9e-06,6e-13,4e-10,2.5e-10,0.0629,32800000000.0,1330000000.0,11.95,-80.07
2.7e-05,9e-06,6e-13,3e-10,5e-11,0.0629,36600000000.0,1550000000.0,11.3,-81.65
2.7e-05,9e-06,6e-13,3e-10,1.5e-10,0.0629,36600000000.0,1550000000.0,11.3,-81.1
2.7e-05,9e-06,6e-13,3e-10,2.5e-10,0.0629,36600000000.0,1550000000.0,11.3,-81.58
2.7e-05,9e-06,6e-13,3.5e-10,1e-10,0.0629,34400000000.0,1420000000.0,11.68,-80.17
2.7e-05,9e-06,6e-13,3.5e-10,5e-11,0.0629,34400000000.0,1420000000.0,11.68,-80.01
2.7e-05,9e-06,6e-13,3.5e-10,1.5e-10,0.0629,34400000000.0,1420000000.0,11.68,-80.37
2.7e-05,9e-06,6e-13,3.5e-10,2.5e-10,0.0629,34400000000.0,1420000000.0,11.68,-80.41
2.7e-05,9e-06,6e-13,4.5e-10,1e-10,0.0629,31500000000.0,1260000000.0,12.12,-78.35
2.7e-05,9e-06,6e-13,4.5e-10,5e-11,0.0629,31500000000.0,1260000000.0,12.12,-78.39
2.7e-05,9e-06,6e-13,4.5e-10,1.5e-10,0.0629,31500000000.0,1260000000.0,12.12,-78.4
2.7e-05,9e-06,6e-13,4.5e-10,2e-10,0.0629,31500000000.0,1260000000.0,12.12,-78.44
2.7e-05,9e-06,6e-13,5e-10,1e-10,0.0629,30400000000.0,1220000000.0,12.24,-77.85
2.7e-05,9e-06,6e-13,5e-10,5e-11,0.0629,30400000000.0,1210000000.0,12.24,-78.03
2.7e-05,9e-06,6e-13,5e-10,1.5e-10,0.0629,30400000000.0,1200000000.0,12.24,-77.97
2.7e-05,9e-06,6e-13,5e-10,2e-10,0.0629,30400000000.0,1200000000.0,12.24,-77.85
2.7e-05,9e-06,7e-13,4e-10,1e-10,0.0629,32800000000.0,1330000000.0,11.95,-79.15
2.7e-05,9e-06,7e-13,4e-10,2e-10,0.0629,32800000000.0,1320000000.0,11.95,-79.39
2.7e-05,9e-06,7e-13,3e-10,1e-10,0.0629,36600000000.0,1550000000.0,11.3,-81.39
2.7e-05,9e-06,7e-13,3e-10,5e-11,0.0629,36600000000.0,1550000000.0,11.3,-81.44
2.7e-05,9e-06,7e-13,3e-10,1.5e-10,0.0629,36600000000.0,1560000000.0,11.3,-81.52
2.7e-05,9e-06,7e-13,3.5e-10,1e-10,0.0629,34400000000.0,1420000000.0,11.68,-80.93
2.7e-05,9e-06,7e-13,3.5e-10,1.5e-10,0.0629,34400000000.0,1420000000.0,11.68,-80.15
2.7e-05,9e-06,7e-13,3.5e-10,2e-10,0.0629,34400000000.0,1420000000.0,11.68,-80.14
2.7e-05,9e-06,7e-13,3.5e-10,2.5e-10,0.0629,34400000000.0,1420000000.0,11.68,-80.27
2.7e-05,9e-06,7e-13,4.5e-10,5e-11,0.0629,31500000000.0,1260000000.0,12.12,-78.59
2.7e-05,9e-06,7e-13,4.5e-10,1.5e-10,0.0629,31500000000.0,1260000000.0,12.12,-78.69
2.7e-05,9e-06,7e-13,4.5e-10,2e-10,0.0629,31500000000.0,1260000000.0,12.12,-78.31
2.7e-05,9e-06,7e-13,4.5e-10,2.5e-10,0.0629,31500000000.0,1250000000.0,12.12,-78.43
2.7e-05,9e-06,7e-13,5e-10,2.5e-10,0.0629,30400000000.0,1210000000.0,12.24,-77.94
2.7e-05,1e-05,5e-13,4e-10,1e-10,0.0629,32600000000.0,1400000000.0,11.95,-79.11
2.7e-05,1e-05,5e-13,4e-10,5e-11,0.0629,32600000000.0,1390000000.0,11.95,-79.27
2.7e-05,1e-05,5e-13,4e-10,1.5e-10,0.0629,32600000000.0,1400000000.0,11.95,-79.4
2.7e-05,1e-05,5e-13,4e-10,2e-10,0.0629,32600000000.0,1400000000.0,11.95,-79.12
2.7e-05,1e-05,5e-13,4e-10,2.5e-10,0.0629,32600000000.0,1400000000.0,11.95,-79.08
2.7e-05,1e-05,5e-13,3e-10,1e-10,0.0629,36300000000.0,1630000000.0,11.31,-81.28
2.7e-05,1e-05,5e-13,3e-10,5e-11,0.0629,36300000000.0,1640000000.0,11.31,-81.78
2.7e-05,1e-05,5e-13,3e-10,1.5e-10,0.0629,36300000000.0,1630000000.0,11.32,-81.54
2.7e-05,1e-05,5e-13,3e-10,2e-10,0.0629,36300000000.0,1630000000.0,11.32,-81.34
2.7e-05,1e-05,5e-13,3e-10,2.5e-10,0.0629,36300000000.0,1630000000.0,11.32,-80.57
2.7e-05,1e-05,5e-13,3.5e-10,1e-10,0.0629,34200000000.0,1490000000.0,11.69,-80.32
2.7e-05,1e-05,5e-13,3.5e-10,5e-11,0.0629,34200000000.0,1490000000.0,11.69,-80.13
2.7e-05,1e-05,5e-13,3.5e-10,1.5e-10,0.0629,34200000000.0,1490000000.0,11.69,-79.95
2.7e-05,1e-05,5e-13,3.5e-10,2e-10,0.0629,34200000000.0,1490000000.0,11.69,-80.04
2.7e-05,1e-05,5e-13,3.5e-10,2.5e-10,0.0629,34200000000.0,1490000000.0,11.69,-80.22
2.7e-05,1e-05,5e-13,4.5e-10,1e-10,0.0629,31200000000.0,1320000000.0,12.11,-78.79
2.7e-05,1e-05,5e-13,4.5e-10,5e-11,0.0629,31200000000.0,1340000000.0,12.11,-78.37
2.7e-05,1e-05,5e-13,4.5e-10,1.5e-10,0.0629,31200000000.0,1320000000.0,12.11,-78.4
2.7e-05,1e-05,5e-13,4.5e-10,2e-10,0.0629,31200000000.0,1340000000.0,12.12,-78.45
2.7e-05,1e-05,5e-13,4.5e-10,2.5e-10,0.0629,31200000000.0,1340000000.0,12.12,-78.32
2.7e-05,1e-05,5e-13,5e-10,1e-10,0.0629,30200000000.0,1270000000.0,12.22,-77.84
2.7e-05,1e-05,5e-13,5e-10,5e-11,0.0629,30200000000.0,1280000000.0,12.23,-77.88
2.7e-05,1e-05,5e-13,5e-10,1.5e-10,0.0629,30200000000.0,1280000000.0,12.23,-77.96
2.7e-05,1e-05,5e-13,5e-10,2e-10,0.0629,30200000000.0,1280000000.0,12.23,-77.8
2.7e-05,1e-05,5e-13,5e-10,2.5e-10,0.0629,30200000000.0,1290000000.0,12.22,-77.96
2.7e-05,1e-05,3e-13,4e-10,1e-10,0.0629,32600000000.0,1400000000.0,11.95,-79.09
2.7e-05,1e-05,3e-13,4e-10,5e-11,0.0629,32600000000.0,1390000000.0,11.95,-79.31
2.7e-05,1e-05,3e-13,4e-10,2e-10,0.0629,32600000000.0,1390000000.0,11.95,-79.46
2.7e-05,1e-05,3e-13,3e-10,1e-10,0.0629,36300000000.0,1640000000.0,11.32,-81.27
2.7e-05,1e-05,3e-13,3e-10,5e-11,0.0629,36300000000.0,1630000000.0,11.32,-81.74
2.7e-05,1e-05,3e-13,3e-10,1.5e-10,0.0629,36300000000.0,1640000000.0,11.31,-81.99
2.7e-05,1e-05,3e-13,3e-10,2e-10,0.0629,36300000000.0,1630000000.0,11.32,-81.53
2.7e-05,1e-05,3e-13,3e-10,2.5e-10,0.0629,36300000000.0,1640000000.0,11.31,-81.51
2.7e-05,1e-05,3e-13,3.5e-10,1e-10,0.0629,34200000000.0,1490000000.0,11.69,-80.16
2.7e-05,1e-05,3e-13,3.5e-10,5e-11,0.0629,34200000000.0,1500000000.0,11.69,-80.1
2.7e-05,1e-05,3e-13,3.5e-10,1.5e-10,0.0629,34200000000.0,1490000000.0,11.69,-80.38
2.7e-05,1e-05,3e-13,3.5e-10,2.5e-10,0.0629,34200000000.0,1490000000.0,11.69,-80.19
2.7e-05,1e-05,3e-13,4.5e-10,1e-10,0.0629,31200000000.0,1320000000.0,12.11,-78.55
2.7e-05,1e-05,3e-13,4.5e-10,5e-11,0.0629,31200000000.0,1330000000.0,12.11,-78.27
2.7e-05,1e-05,3e-13,4.5e-10,1.5e-10,0.0629,31200000000.0,1330000000.0,12.11,-78.24
2.7e-05,1e-05,3e-13,4.5e-10,2e-10,0.0629,31200000000.0,1330000000.0,12.11,-78.37
2.7e-05,1e-05,3e-13,4.5e-10,2.5e-10,0.0629,31200000000.0,1330000000.0,12.12,-78.25
2.7e-05,1e-05,3e-13,5e-10,1e-10,0.0629,30200000000.0,1270000000.0,12.22,-77.99
2.7e-05,1e-05,3e-13,5e-10,5e-11,0.0629,30200000000.0,1280000000.0,12.22,-77.65
2.7e-05,1e-05,3e-13,5e-10,2.5e-10,0.0629,30200000000.0,1280000000.0,12.22,-78.29
2.7e-05,1e-05,4e-13,4e-10,1.5e-10,0.0629,32600000000.0,1390000000.0,11.95,-79.21
2.7e-05,1e-05,4e-13,4e-10,2e-10,0.0629,32600000000.0,1400000000.0,11.95,-79.01
2.7e-05,1e-05,4e-13,3e-10,1e-10,0.0629,36300000000.0,1630000000.0,11.32,-81.3
2.7e-05,1e-05,4e-13,3e-10,5e-11,0.0629,36300000000.0,1640000000.0,11.31,-81.13
2.7e-05,1e-05,4e-13,3e-10,1.5e-10,0.0629,36300000000.0,1630000000.0,11.32,-81.33
2.7e-05,1e-05,4e-13,3e-10,2e-10,0.0629,36300000000.0,1630000000.0,11.32,-80.56
2.7e-05,1e-05,4e-13,3.5e-10,1e-10,0.0629,34200000000.0,1500000000.0,11.69,-79.98
2.7e-05,1e-05,4e-13,3.5e-10,5e-11,0.0629,34200000000.0,1490000000.0,11.69,-80.02
2.7e-05,1e-05,4e-13,3.5e-10,1.5e-10,0.0629,34200000000.0,1490000000.0,11.69,-80.17
2.7e-05,1e-05,4e-13,3.5e-10,2.5e-10,0.0629,34200000000.0,1490000000.0,11.69,-80.25
2.7e-05,1e-05,4e-13,4.5e-10,1e-10,0.0629,31200000000.0,1320000000.0,12.11,-78.52
2.7e-05,1e-05,4e-13,4.5e-10,5e-11,0.0629,31200000000.0,1320000000.0,12.11,-78.19
2.7e-05,1e-05,4e-13,4.5e-10,1.5e-10,0.0629,31200000000.0,1330000000.0,12.12,-78.37
2.7e-05,1e-05,4e-13,4.5e-10,2e-10,0.0629,31200000000.0,1340000000.0,12.12,-78.41
2.7e-05,1e-05,4e-13,4.5e-10,2.5e-10,0.0629,31200000000.0,1320000000.0,12.11,-78.37
2.7e-05,1e-05,4e-13,5e-10,5e-11,0.0629,30200000000.0,1270000000.0,12.23,-77.97
2.7e-05,1e-05,4e-13,5e-10,1.5e-10,0.0629,30200000000.0,1280000000.0,12.23,-77.64
2.7e-05,1e-05,4e-13,5e-10,2e-10,0.0629,30200000000.0,1270000000.0,12.23,-77.93
2.7e-05,1e-05,4e-13,5e-10,2.5e-10,0.0629,30200000000.0,1280000000.0,12.22,-77.56
2.7e-05,1e-05,6e-13,4e-10,1.5e-10,0.0629,32600000000.0,1390000000.0,11.95,-79.54
2.7e-05,1e-05,6e-13,4e-10,2.5e-10,0.0629,32600000000.0,1400000000.0,11.95,-79.3
2.7e-05,1e-05,6e-13,3e-10,5e-11,0.0629,36300000000.0,1640000000.0,11.31,-81.52
2.7e-05,1e-05,6e-13,3e-10,1.5e-10,0.0629,36300000000.0,1630000000.0,11.32,-81.38
2.7e-05,1e-05,6e-13,3e-10,2.5e-10,0.0629,36300000000.0,1640000000.0,11.32,-81.28
2.7e-05,1e-05,6e-13,3.5e-10,1e-10,0.0629,34200000000.0,1490000000.0,11.69,-81.28
2.7e-05,1e-05,6e-13,3.5e-10,5e-11,0.0629,34200000000.0,1490000000.0,11.69,-80.14
2.7e-05,1e-05,6e-13,3.5e-10,1.5e-10,0.0629,34200000000.0,1490000000.0,11.69,-80.24
2.7e-05,1e-05,6e-13,3.5e-10,2e-10,0.0629,34200000000.0,1490000000.0,11.69,-80.35
2.7e-05,1e-05,6e-13,3.5e-10,2.5e-10,0.0629,34200000000.0,1490000000.0,11.69,-80.06
2.7e-05,1e-05,6e-13,4.5e-10,1e-10,0.0629,31200000000.0,1320000000.0,12.12,-78.59
2.7e-05,1e-05,6e-13,4.5e-10,5e-11,0.0629,31200000000.0,1320000000.0,12.11,-78.33
2.7e-05,1e-05,6e-13,4.5e-10,1.5e-10,0.0629,31200000000.0,1330000000.0,12.12,-78.34
2.7e-05,1e-05,6e-13,4.5e-10,2e-10,0.0629,31200000000.0,1330000000.0,12.11,-78.41
2.7e-05,1e-05,6e-13,4.5e-10,2.5e-10,0.0629,31200000000.0,1330000000.0,12.12,-78.21
2.7e-05,1e-05,6e-13,5e-10,1e-10,0.0629,30200000000.0,1280000000.0,12.23,-78.17
2.7e-05,1e-05,6e-13,5e-10,5e-11,0.0629,30200000000.0,1270000000.0,12.23,-77.71
2.7e-05,1e-05,6e-13,5e-10,1.5e-10,0.0629,30200000000.0,1260000000.0,12.22,-77.99
2.7e-05,1e-05,6e-13,5e-10,2.5e-10,0.0629,30200000000.0,1290000000.0,12.23,-77.91
2.7e-05,1e-05,7e-13,4e-10,1e-10,0.0629,32600000000.0,1390000000.0,11.95,-79.58
2.7e-05,1e-05,7e-13,4e-10,5e-11,0.0629,32600000000.0,1390000000.0,11.95,-79.17
2.7e-05,1e-05,7e-13,4e-10,1.5e-10,0.0629,32600000000.0,1390000000.0,11.95,-79.04
2.7e-05,1e-05,7e-13,3e-10,1e-10,0.0629,36300000000.0,1630000000.0,11.32,-81.96
2.7e-05,1e-05,7e-13,3e-10,1.5e-10,0.0629,36300000000.0,1630000000.0,11.31,-81.49
2.7e-05,1e-05,7e-13,3e-10,2e-10,0.0629,36300000000.0,1640000000.0,11.31,-81.65
2.7e-05,1e-05,7e-13,3e-10,2.5e-10,0.0629,36300000000.0,1630000000.0,11.31,-77.85
2.7e-05,1e-05,7e-13,3.5e-10,1e-10,0.0629,34200000000.0,1490000000.0,11.69,-80.08
2.7e-05,1e-05,7e-13,3.5e-10,2e-10,0.0629,34200000000.0,1490000000.0,11.69,-80.07
2.7e-05,1e-05,7e-13,3.5e-10,2.5e-10,0.0629,34200000000.0,1490000000.0,11.69,-80.11
2.7e-05,1e-05,7e-13,4.5e-10,5e-11,0.0629,31200000000.0,1330000000.0,12.11,-78.5
2.7e-05,1e-05,7e-13,4.5e-10,1.5e-10,0.0629,31200000000.0,1320000000.0,12.11,-78.05
2.7e-05,1e-05,7e-13,4.5e-10,2.5e-10,0.0629,31200000000.0,1330000000.0,12.12,-78.38
2.7e-05,1e-05,7e-13,5e-10,1e-10,0.0629,30200000000.0,1290000000.0,12.22,-77.95
2.7e-05,1e-05,7e-13,5e-10,1.5e-10,0.0629,30200000000.0,1260000000.0,12.23,-77.99
2.7e-05,1e-05,7e-13,5e-10,2.5e-10,0.0629,30200000000.0,1280000000.0,12.22,-77.57
2.7e-05,1.1e-05,5e-13,4e-10,1e-10,0.0629,32400000000.0,1460000000.0,11.95,-79.23
2.7e-05,1.1e-05,5e-13,4e-10,5e-11,0.0629,32400000000.0,1450000000.0,11.95,-79.13
2.7e-05,1.1e-05,5e-13,4e-10,1.5e-10,0.0629,32400000000.0,1460000000.0,11.94,-78.92
2.7e-05,1.1e-05,5e-13,4e-10,2e-10,0.0629,32400000000.0,1460000000.0,11.95,-79.12
2.7e-05,1.1e-05,5e-13,4e-10,2.5e-10,0.0629,32400000000.0,1460000000.0,11.95,-79.01
2.7e-05,1.1e-05,5e-13,3e-10,1e-10,0.0629,36100000000.0,1700000000.0,11.33,-81.07
2.7e-05,1.1e-05,5e-13,3e-10,5e-11,0.0629,36100000000.0,1700000000.0,11.33,-82.31
2.7e-05,1.1e-05,5e-13,3e-10,1.5e-10,0.0629,36100000000.0,1700000000.0,11.33,-81.38
2.7e-05,1.1e-05,5e-13,3e-10,2e-10,0.0629,36100000000.0,1700000000.0,11.33,-81.32
2.7e-05,1.1e-05,5e-13,3.5e-10,1e-10,0.0629,34000000000.0,1560000000.0,11.7,-80.12
2.7e-05,1.1e-05,5e-13,3.5e-10,5e-11,0.0629,34000000000.0,1550000000.0,11.7,-79.99
2.7e-05,1.1e-05,5e-13,3.5e-10,1.5e-10,0.0629,34000000000.0,1550000000.0,11.7,-79.74
2.7e-05,1.1e-05,5e-13,3.5e-10,2e-10,0.0629,34000000000.0,1550000000.0,11.7,-80.12
2.7e-05,1.1e-05,5e-13,4.5e-10,1e-10,0.0629,31000000000.0,1390000000.0,12.11,-78.24
2.7e-05,1.1e-05,5e-13,4.5e-10,5e-11,0.0629,31000000000.0,1390000000.0,12.1,-78.32
2.7e-05,1.1e-05,5e-13,4.5e-10,1.5e-10,0.0629,31000000000.0,1390000000.0,12.11,-74.88
2.7e-05,1.1e-05,5e-13,4.5e-10,2e-10,0.0629,31000000000.0,1390000000.0,12.11,-78.3
2.7e-05,1.1e-05,5e-13,4.5e-10,2.5e-10,0.0629,31000000000.0,1380000000.0,12.1,-78.41
2.7e-05,1.1e-05,5e-13,5e-10,1e-10,0.0629,30000000000.0,1340000000.0,12.21,-77.85
2.7e-05,1.1e-05,5e-13,5e-10,5e-11,0.0629,30000000000.0,1350000000.0,12.21,-77.82
2.7e-05,1.1e-05,5e-13,5e-10,1.5e-10,0.0629,30000000000.0,1340000000.0,12.21,-77.79
2.7e-05,1.1e-05,5e-13,5e-10,2e-10,0.0629,30000000000.0,1340000000.0,12.21,-77.58
2.7e-05,1.1e-05,5e-13,5e-10,2.5e-10,0.0629,30000000000.0,1330000000.0,12.21,-77.99
2.7e-05,1.1e-05,3e-13,4e-10,1e-10,0.0629,32400000000.0,1450000000.0,11.95,-79.16
2.7e-05,1.1e-05,3e-13,4e-10,5e-11,0.0629,32400000000.0,1460000000.0,11.95,-79.24
2.7e-05,1.1e-05,3e-13,4e-10,1.5e-10,0.0629,32400000000.0,1460000000.0,11.94,-79.0
2.7e-05,1.1e-05,3e-13,4e-10,2e-10,0.0629,32400000000.0,1460000000.0,11.94,-79.06
2.7e-05,1.1e-05,3e-13,4e-10,2.5e-10,0.0629,32400000000.0,1450000000.0,11.94,-79.09
2.7e-05,1.1e-05,3e-13,3e-10,1e-10,0.0629,36100000000.0,1700000000.0,11.33,-73.67
2.7e-05,1.1e-05,3e-13,3e-10,5e-11,0.0629,36100000000.0,1700000000.0,11.33,-81.92
2.7e-05,1.1e-05,3e-13,3e-10,1.5e-10,0.0629,36100000000.0,1700000000.0,11.33,-81.02
2.7e-05,1.1e-05,3e-13,3e-10,2e-10,0.0629,36100000000.0,1700000000.0,11.33,-83.32
2.7e-05,1.1e-05,3e-13,3e-10,2.5e-10,0.0629,36100000000.0,1700000000.0,11.33,-81.09
2.7e-05,1.1e-05,3e-13,3.5e-10,1e-10,0.0629,34000000000.0,1550000000.0,11.7,-80.15
2.7e-05,1.1e-05,3e-13,3.5e-10,5e-11,0.0629,34000000000.0,1560000000.0,11.7,-80.16
2.7e-05,1.1e-05,3e-13,3.5e-10,1.5e-10,0.0629,34000000000.0,1550000000.0,11.7,-80.13
2.7e-05,1.1e-05,3e-13,3.5e-10,2e-10,0.0629,34000000000.0,1550000000.0,11.7,-80.0
2.7e-05,1.1e-05,3e-13,3.5e-10,2.5e-10,0.0629,34000000000.0,1560000000.0,11.7,-80.28
2.7e-05,1.1e-05,3e-13,4.5e-10,1e-10,0.0629,31000000000.0,1390000000.0,12.1,-78.22
2.7e-05,1.1e-05,3e-13,4.5e-10,5e-11,0.0629,31000000000.0,1390000000.0,12.11,-78.39
2.7e-05,1.1e-05,3e-13,4.5e-10,1.5e-10,0.0629,31000000000.0,1390000000.0,12.11,-74.95
2.7e-05,1.1e-05,3e-13,4.5e-10,2e-10,0.0629,31000000000.0,1400000000.0,12.11,-78.38
2.7e-05,1.1e-05,3e-13,4.5e-10,2.5e-10,0.0629,31000000000.0,1390000000.0,12.11,-78.34
2.7e-05,1.1e-05,3e-13,5e-10,1e-10,0.0629,30000000000.0,1340000000.0,12.21,-77.65
2.7e-05,1.1e-05,3e-13,5e-10,5e-11,0.0629,30000000000.0,1330000000.0,12.21,-77.77
2.7e-05,1.1e-05,3e-13,5e-10,1.5e-10,0.0629,30000000000.0,1320000000.0,12.21,-77.78
2.7e-05,1.1e-05,3e-13,5e-10,2e-10,0.0629,30000000000.0,1330000000.0,12.21,-78.03
2.7e-05,1.1e-05,4e-13,4e-10,1e-10,0.0629,32400000000.0,1450000000.0,11.95,-79.15
2.7e-05,1.1e-05,4e-13,4e-10,1.5e-10,0.0629,32400000000.0,1460000000.0,11.94,-79.07
2.7e-05,1.1e-05,4e-13,4e-10,2e-10,0.0629,32400000000.0,1450000000.0,11.94,-79.04
2.7e-05,1.1e-05,4e-13,3e-10,1e-10,0.0629,36100000000.0,1700000000.0,11.33,-81.37
2.7e-05,1.1e-05,4e-13,3e-10,5e-11,0.0629,36100000000.0,1700000000.0,11.33,-81.31
2.7e-05,1.1e-05,4e-13,3e-10,1.5e-10,0.0629,36100000000.0,1700000000.0,11.33,-81.0
2.7e-05,1.1e-05,4e-13,3.5e-10,1e-10,0.0629,34000000000.0,1550000000.0,11.7,-80.28
2.7e-05,1.1e-05,4e-13,3.5e-10,5e-11,0.0629,34000000000.0,1550000000.0,11.7,-80.1
2.7e-05,1.1e-05,4e-13,3.5e-10,1.5e-10,0.0629,34000000000.0,1550000000.0,11.7,-80.11
2.7e-05,1.1e-05,4e-13,3.5e-10,2e-10,0.0629,34000000000.0,1550000000.0,11.7,-83.33
2.7e-05,1.1e-05,4e-13,3.5e-10,2.5e-10,0.0629,34000000000.0,1550000000.0,11.7,-80.18
2.7e-05,1.1e-05,4e-13,4.5e-10,1e-10,0.0629,31000000000.0,1390000000.0,12.11,-78.35
2.7e-05,1.1e-05,4e-13,4.5e-10,5e-11,0.0629,31000000000.0,1390000000.0,12.1,-78.3
2.7e-05,1.1e-05,4e-13,4.5e-10,1.5e-10,0.0629,31000000000.0,1380000000.0,12.1,-78.25
2.7e-05,1.1e-05,4e-13,4.5e-10,2e-10,0.0629,31000000000.0,1380000000.0,12.11,-78.52
2.7e-05,1.1e-05,4e-13,4.5e-10,2.5e-10,0.0629,31000000000.0,1390000000.0,12.1,-78.27
2.7e-05,1.1e-05,4e-13,5e-10,1e-10,0.0629,30000000000.0,1350000000.0,12.21,-77.72
2.7e-05,1.1e-05,4e-13,5e-10,5e-11,0.0629,30000000000.0,1340000000.0,12.21,-77.98
2.7e-05,1.1e-05,4e-13,5e-10,2e-10,0.0629,30000000000.0,1340000000.0,12.21,-77.64
2.7e-05,1.1e-05,4e-13,5e-10,2.5e-10,0.0629,30000000000.0,1330000000.0,12.21,-77.85
2.7e-05,1.1e-05,6e-13,4e-10,1e-10,0.0629,32400000000.0,1450000000.0,11.95,-79.22
2.7e-05,1.1e-05,6e-13,4e-10,2e-10,0.0629,32400000000.0,1450000000.0,11.94,-79.1
2.7e-05,1.1e-05,6e-13,4e-10,2.5e-10,0.0629,32400000000.0,1450000000.0,11.95,-79.27
2.7e-05,1.1e-05,6e-13,3e-10,1.5e-10,0.0629,36100000000.0,1700000000.0,11.32,-81.41
2.7e-05,1.1e-05,6e-13,3e-10,2e-10,0.0629,36100000000.0,1700000000.0,11.33,-81.65
2.7e-05,1.1e-05,6e-13,3e-10,2.5e-10,0.0629,36100000000.0,1700000000.0,11.32,-81.19
2.7e-05,1.1e-05,6e-13,3.5e-10,1e-10,0.0629,34000000000.0,1550000000.0,11.7,-80.05
2.7e-05,1.1e-05,6e-13,3.5e-10,5e-11,0.0629,34000000000.0,1550000000.0,11.7,-79.92
2.7e-05,1.1e-05,6e-13,3.5e-10,1.5e-10,0.0629,34000000000.0,1550000000.0,11.7,-80.04
2.7e-05,1.1e-05,6e-13,3.5e-10,2e-10,0.0629,34000000000.0,1550000000.0,11.7,-79.93
2.7e-05,1.1e-05,6e-13,4.5e-10,1e-10,0.0629,31000000000.0,1380000000.0,12.11,-78.51
2.7e-05,1.1e-05,6e-13,4.5e-10,5e-11,0.0629,31000000000.0,1380000000.0,12.1,-78.45
2.7e-05,1.1e-05,6e-13,4.5e-10,2e-10,0.0629,31000000000.0,1390000000.0,12.11,-78.52
2.7e-05,1.1e-05,6e-13,4.5e-10,2.5e-10,0.0629,31000000000.0,1390000000.0,12.11,-78.45
2.7e-05,1.1e-05,6e-13,5e-10,5e-11,0.0629,30000000000.0,1330000000.0,12.21,-77.67
2.7e-05,1.1e-05,6e-13,5e-10,1.5e-10,0.0629,30000000000.0,1340000000.0,12.21,-77.86
2.7e-05,1.1e-05,6e-13,5e-10,2e-10,0.0629,30000000000.0,1340000000.0,12.21,-77.78
2.7e-05,1.1e-05,7e-13,4e-10,2e-10,0.0629,32400000000.0,1450000000.0,11.94,-79.14
2.7e-05,1.1e-05,7e-13,4e-10,2.5e-10,0.0629,32400000000.0,1460000000.0,11.94,-79.25
2.7e-05,1.1e-05,7e-13,3e-10,1e-10,0.0629,36100000000.0,1700000000.0,11.33,-81.34
2.7e-05,1.1e-05,7e-13,3e-10,5e-11,0.0629,36100000000.0,1700000000.0,11.32,-81.2
2.7e-05,1.1e-05,7e-13,3e-10,1.5e-10,0.0629,36100000000.0,1700000000.0,11.33,-82.94
2.7e-05,1.1e-05,7e-13,3e-10,2e-10,0.0629,36100000000.0,1690000000.0,11.33,-73.53
2.7e-05,1.1e-05,7e-13,3e-10,2.5e-10,0.0629,36100000000.0,1700000000.0,11.33,-81.88
2.7e-05,1.1e-05,7e-13,3.5e-10,1e-10,0.0629,34000000000.0,1550000000.0,11.7,-80.2
2.7e-05,1.1e-05,7e-13,3.5e-10,5e-11,0.0629,34000000000.0,1550000000.0,11.7,-80.19
2.7e-05,1.1e-05,7e-13,3.5e-10,2.5e-10,0.0629,34000000000.0,1550000000.0,11.7,-79.95
2.7e-05,1.1e-05,7e-13,4.5e-10,1e-10,0.0629,31000000000.0,1380000000.0,12.1,-78.75
2.7e-05,1.1e-05,7e-13,4.5e-10,5e-11,0.0629,31000000000.0,1380000000.0,12.11,-78.48
2.7e-05,1.1e-05,7e-13,4.5e-10,1.5e-10,0.0629,31000000000.0,1390000000.0,12.1,-78.24
2.7e-05,1.1e-05,7e-13,4.5e-10,2.5e-10,0.0629,31000000000.0,1380000000.0,12.1,-78.31
2.7e-05,1.1e-05,7e-13,5e-10,1e-10,0.0629,30000000000.0,1340000000.0,12.21,-78.02
2.7e-05,1.1e-05,7e-13,5e-10,1.5e-10,0.0629,30000000000.0,1330000000.0,12.21,-77.72
2.7e-05,1.1e-05,7e-13,5e-10,2e-10,0.0629,30000000000.0,1330000000.0,12.21,-78.02
2.7e-05,1.1e-05,7e-13,5e-10,2.5e-10,0.0629,30000000000.0,1330000000.0,12.21,-77.86
2.7e-05,1.2e-05,5e-13,4e-10,1e-10,0.0629,32200000000.0,1500000000.0,11.94,-79.08
2.7e-05,1.2e-05,5e-13,4e-10,5e-11,0.0629,32200000000.0,1490000000.0,11.93,-79.08
2.7e-05,1.2e-05,5e-13,4e-10,1.5e-10,0.0629,32200000000.0,1500000000.0,11.93,-78.97
2.7e-05,1.2e-05,5e-13,4e-10,2e-10,0.0629,32200000000.0,1500000000.0,11.94,-79.12
2.7e-05,1.2e-05,5e-13,4e-10,2.5e-10,0.0629,32200000000.0,1500000000.0,11.94,-78.91
2.7e-05,1.2e-05,5e-13,3e-10,1e-10,0.0629,35800000000.0,1740000000.0,11.33,-81.11
2.7e-05,1.2e-05,5e-13,3e-10,5e-11,0.0629,35800000000.0,1750000000.0,11.33,-74.13
2.7e-05,1.2e-05,5e-13,3e-10,1.5e-10,0.0629,35800000000.0,1750000000.0,11.33,-81.03
2.7e-05,1.2e-05,5e-13,3e-10,2e-10,0.0629,35800000000.0,1760000000.0,11.33,-81.36
2.7e-05,1.2e-05,5e-13,3e-10,2.5e-10,0.0629,35800000000.0,1750000000.0,11.33,-81.21
2.7e-05,1.2e-05,5e-13,3.5e-10,1e-10,0.0629,33800000000.0,1600000000.0,11.69,-80.67
2.7e-05,1.2e-05,5e-13,3.5e-10,5e-11,0.0629,33800000000.0,1600000000.0,11.7,-80.03
2.7e-05,1.2e-05,5e-13,3.5e-10,1.5e-10,0.0629,33800000000.0,1600000000.0,11.69,-79.97
2.7e-05,1.2e-05,5e-13,3.5e-10,2e-10,0.0629,33800000000.0,1600000000.0,11.69,-80.02
2.7e-05,1.2e-05,5e-13,3.5e-10,2.5e-10,0.0629,33800000000.0,1600000000.0,11.7,-79.93
2.7e-05,1.2e-05,5e-13,4.5e-10,1e-10,0.0629,30900000000.0,1420000000.0,12.09,-78.44
2.7e-05,1.2e-05,5e-13,4.5e-10,5e-11,0.0629,30900000000.0,1440000000.0,12.09,-78.31
2.7e-05,1.2e-05,5e-13,4.5e-10,1.5e-10,0.0629,30900000000.0,1430000000.0,12.09,-78.23
2.7e-05,1.2e-05,5e-13,4.5e-10,2.5e-10,0.0629,30900000000.0,1430000000.0,12.09,-78.45
2.7e-05,1.2e-05,5e-13,5e-10,1e-10,0.0629,29800000000.0,1380000000.0,12.2,-77.8
2.7e-05,1.2e-05,5e-13,5e-10,5e-11,0.0629,29800000000.0,1380000000.0,12.2,-77.57
2.7e-05,1.2e-05,5e-13,5e-10,2e-10,0.0629,29800000000.0,1370000000.0,12.19,-77.62
2.7e-05,1.2e-05,5e-13,5e-10,2.5e-10,0.0629,29800000000.0,1390000000.0,12.19,-75.68
2.7e-05,1.2e-05,3e-13,4e-10,1e-10,0.0629,32200000000.0,1500000000.0,11.94,-79.19
2.7e-05,1.2e-05,3e-13,4e-10,1.5e-10,0.0629,32200000000.0,1500000000.0,11.93,-78.98
2.7e-05,1.2e-05,3e-13,4e-10,2e-10,0.0629,32200000000.0,1500000000.0,11.93,-79.05
2.7e-05,1.2e-05,3e-13,4e-10,2.5e-10,0.0629,32200000000.0,1500000000.0,11.94,-79.17
2.7e-05,1.2e-05,3e-13,3e-10,1e-10,0.0629,35800000000.0,1750000000.0,11.33,-81.32
2.7e-05,1.2e-05,3e-13,3e-10,5e-11,0.0629,35800000000.0,1750000000.0,11.33,-81.13
2.7e-05,1.2e-05,3e-13,3e-10,1.5e-10,0.0629,35800000000.0,1750000000.0,11.33,-82.11
2.7e-05,1.2e-05,3e-13,3e-10,2.5e-10,0.0629,35800000000.0,1740000000.0,11.33,-81.08
2.7e-05,1.2e-05,3e-13,3.5e-10,1e-10,0.0629,33800000000.0,1600000000.0,11.7,-80.14
2.7e-05,1.2e-05,3e-13,3.5e-10,5e-11,0.0629,33800000000.0,1610000000.0,11.69,-79.89
2.7e-05,1.2e-05,3e-13,3.5e-10,1.5e-10,0.0629,33800000000.0,1600000000.0,11.69,-79.89
2.7e-05,1.2e-05,3e-13,3.5e-10,2e-10,0.0629,33800000000.0,1600000000.0,11.7,-80.1
2.7e-05,1.2e-05,3e-13,3.5e-10,2.5e-10,0.0629,33800000000.0,1610000000.0,11.7,-79.87
2.7e-05,1.2e-05,3e-13,4.5e-10,1e-10,0.0629,30900000000.0,1430000000.0,12.09,-78.25
2.7e-05,1.2e-05,3e-13,4.5e-10,5e-11,0.0629,30900000000.0,1420000000.0,12.09,-78.34
2.7e-05,1.2e-05,3e-13,4.5e-10,1.5e-10,0.0629,30900000000.0,1440000000.0,12.09,-78.28
2.7e-05,1.2e-05,3e-13,4.5e-10,2e-10,0.0629,30900000000.0,1430000000.0,12.09,-78.41
2.7e-05,1.2e-05,3e-13,5e-10,1e-10,0.0629,29800000000.0,1370000000.0,12.19,-77.77
2.7e-05,1.2e-05,3e-13,5e-10,5e-11,0.0629,29800000000.0,1390000000.0,12.19,-77.73
2.7e-05,1.2e-05,3e-13,5e-10,1.5e-10,0.0629,29800000000.0,1370000000.0,12.19,-77.83
2.7e-05,1.2e-05,3e-13,5e-10,2e-10,0.0629,29800000000.0,1370000000.0,12.19,-77.7
2.7e-05,1.2e-05,3e-13,5e-10,2.5e-10,0.0629,29800000000.0,1380000000.0,12.19,-77.53
2.7e-05,1.2e-05,4e-13,4e-10,1e-10,0.0629,32200000000.0,1500000000.0,11.93,-79.02
2.7e-05,1.2e-05,4e-13,4e-10,2e-10,0.0629,32200000000.0,1500000000.0,11.94,-78.95
2.7e-05,1.2e-05,4e-13,4e-10,2.5e-10,0.0629,32200000000.0,1500000000.0,11.94,-78.97
2.7e-05,1.2e-05,4e-13,3e-10,5e-11,0.0629,35800000000.0,1750000000.0,11.33,-81.0
2.7e-05,1.2e-05,4e-13,3e-10,2e-10,0.0629,35800000000.0,1760000000.0,11.33,-81.83
2.7e-05,1.2e-05,4e-13,3e-10,2.5e-10,0.0629,35800000000.0,1750000000.0,11.33,-80.38
2.7e-05,1.2e-05,4e-13,3.5e-10,1e-10,0.0629,33800000000.0,1600000000.0,11.7,-79.91
2.7e-05,1.2e-05,4e-13,3.5e-10,5e-11,0.0629,33800000000.0,1600000000.0,11.7,-79.92
2.7e-05,1.2e-05,4e-13,3.5e-10,1.5e-10,0.0629,33800000000.0,1600000000.0,11.69,-80.17
2.7e-05,1.2e-05,4e-13,3.5e-10,2e-10,0.0629,33800000000.0,1600000000.0,11.7,-79.57
2.7e-05,1.2e-05,4e-13,3.5e-10,2.5e-10,0.0629,33800000000.0,1600000000.0,11.69,-80.01
2.7e-05,1.2e-05,4e-13,4.5e-10,1e-10,0.0629,30900000000.0,1440000000.0,12.09,-78.37
2.7e-05,1.2e-05,4e-13,4.5e-10,5e-11,0.0629,30900000000.0,1430000000.0,12.09,-78.04
2.7e-05,1.2e-05,4e-13,4.5e-10,1.5e-10,0.0629,30900000000.0,1430000000.0,12.09,-78.35
2.7e-05,1.2e-05,4e-13,4.5e-10,2e-10,0.0629,30900000000.0,1430000000.0,12.09,-78.44
2.7e-05,1.2e-05,4e-13,4.5e-10,2.5e-10,0.0629,30900000000.0,1420000000.0,12.09,-78.22
2.7e-05,1.2e-05,4e-13,5e-10,1e-10,0.0629,29800000000.0,1370000000.0,12.19,-77.74
2.7e-05,1.2e-05,4e-13,5e-10,5e-11,0.0629,29800000000.0,1370000000.0,12.19,-77.72
2.7e-05,1.2e-05,4e-13,5e-10,1.5e-10,0.0629,29800000000.0,1380000000.0,12.2,-77.77
2.7e-05,1.2e-05,4e-13,5e-10,2e-10,0.0629,29800000000.0,1380000000.0,12.19,-77.94
2.7e-05,1.2e-05,4e-13,5e-10,2.5e-10,0.0629,29800000000.0,1390000000.0,12.19,-77.72
2.7e-05,1.2e-05,6e-13,4e-10,1e-10,0.0629,32200000000.0,1500000000.0,11.93,-79.17
2.7e-05,1.2e-05,6e-13,4e-10,5e-11,0.0629,32200000000.0,1500000000.0,11.93,-79.21
2.7e-05,1.2e-05,6e-13,4e-10,1.5e-10,0.0629,32200000000.0,1500000000.0,11.93,-79.12
2.7e-05,1.2e-05,6e-13,4e-10,2.5e-10,0.0629,32200000000.0,1500000000.0,11.93,-78.81
2.7e-05,1.2e-05,6e-13,3e-10,5e-11,0.0629,35800000000.0,1740000000.0,11.33,-81.36
2.7e-05,1.2e-05,6e-13,3e-10,1.5e-10,0.0629,35800000000.0,1740000000.0,11.33,-81.1
2.7e-05,1.2e-05,6e-13,3e-10,2e-10,0.0629,35800000000.0,1750000000.0,11.33,-81.3
2.7e-05,1.2e-05,6e-13,3e-10,2.5e-10,0.0629,35800000000.0,1750000000.0,11.33,-74.22
2.7e-05,1.2e-05,6e-13,3.5e-10,1e-10,0.0629,33800000000.0,1600000000.0,11.69,-79.41
2.7e-05,1.2e-05,6e-13,3.5e-10,5e-11,0.0629,33800000000.0,1600000000.0,11.69,-80.13
2.7e-05,1.2e-05,6e-13,3.5e-10,1.5e-10,0.0629,33800000000.0,1600000000.0,11.69,-80.98
2.7e-05,1.2e-05,6e-13,3.5e-10,2e-10,0.0629,33800000000.0,1600000000.0,11.69,-80.11
2.7e-05,1.2e-05,6e-13,3.5e-10,2.5e-10,0.0629,33800000000.0,1600000000.0,11.69,-79.95
2.7e-05,1.2e-05,6e-13,4.5e-10,1e-10,0.0629,30900000000.0,1430000000.0,12.09,-78.29
2.7e-05,1.2e-05,6e-13,4.5e-10,5e-11,0.0629,30900000000.0,1440000000.0,12.09,-78.32
2.7e-05,1.2e-05,6e-13,4.5e-10,1.5e-10,0.0629,30900000000.0,1430000000.0,12.09,-78.24
2.7e-05,1.2e-05,6e-13,4.5e-10,2e-10,0.0629,30900000000.0,1430000000.0,12.09,-78.33
2.7e-05,1.2e-05,6e-13,5e-10,1e-10,0.0629,29800000000.0,1370000000.0,12.19,-77.61
2.7e-05,1.2e-05,6e-13,5e-10,5e-11,0.0629,29800000000.0,1380000000.0,12.19,-77.58
2.7e-05,1.2e-05,6e-13,5e-10,1.5e-10,0.0629,29800000000.0,1380000000.0,12.19,-77.47
2.7e-05,1.2e-05,6e-13,5e-10,2e-10,0.0629,29800000000.0,1370000000.0,12.19,-77.63
2.7e-05,1.2e-05,6e-13,5e-10,2.5e-10,0.0629,29800000000.0,1370000000.0,12.19,-77.65
2.7e-05,1.2e-05,7e-13,4e-10,5e-11,0.0629,32200000000.0,1500000000.0,11.94,-79.13
2.7e-05,1.2e-05,7e-13,4e-10,1.5e-10,0.0629,32200000000.0,1500000000.0,11.94,-79.06
2.7e-05,1.2e-05,7e-13,4e-10,2e-10,0.0629,32200000000.0,1500000000.0,11.93,-79.1
2.7e-05,1.2e-05,7e-13,4e-10,2.5e-10,0.0629,32200000000.0,1500000000.0,11.93,-79.0
2.7e-05,1.2e-05,7e-13,3e-10,1e-10,0.0629,35800000000.0,1750000000.0,11.33,-82.14
2.7e-05,1.2e-05,7e-13,3e-10,5e-11,0.0629,35800000000.0,1750000000.0,11.33,-81.31
2.7e-05,1.2e-05,7e-13,3e-10,1.5e-10,0.0629,35800000000.0,1750000000.0,11.33,-81.2
2.7e-05,1.2e-05,7e-13,3e-10,2e-10,0.0629,35800000000.0,1740000000.0,11.33,-80.55
2.7e-05,1.2e-05,7e-13,3e-10,2.5e-10,0.0629,35800000000.0,1740000000.0,11.33,-81.33
2.7e-05,1.2e-05,7e-13,3.5e-10,1e-10,0.0629,33800000000.0,1600000000.0,11.69,-80.18
2.7e-05,1.2e-05,7e-13,3.5e-10,5e-11,0.0629,33800000000.0,1600000000.0,11.69,-80.35
2.7e-05,1.2e-05,7e-13,3.5e-10,2e-10,0.0629,33800000000.0,1600000000.0,11.7,-79.95
2.7e-05,1.2e-05,7e-13,3.5e-10,2.5e-10,0.0629,33800000000.0,1600000000.0,11.69,-79.9
2.7e-05,1.2e-05,7e-13,4.5e-10,1e-10,0.0629,30900000000.0,1430000000.0,12.09,-78.18
2.7e-05,1.2e-05,7e-13,4.5e-10,5e-11,0.0629,30900000000.0,1430000000.0,12.09,-78.19
2.7e-05,1.2e-05,7e-13,4.5e-10,1.5e-10,0.0629,30900000000.0,1440000000.0,12.09,-78.47
2.7e-05,1.2e-05,7e-13,4.5e-10,2e-10,0.0629,30900000000.0,1420000000.0,12.09,-78.37
2.7e-05,1.2e-05,7e-13,5e-10,1e-10,0.0629,29800000000.0,1370000000.0,12.2,-77.8
2.7e-05,1.2e-05,7e-13,5e-10,5e-11,0.0629,29800000000.0,1370000000.0,12.19,-77.75
2.7e-05,1.2e-05,7e-13,5e-10,1.5e-10,0.0629,29800000000.0,1380000000.0,12.19,-77.61
2.7e-05,1.2e-05,7e-13,5e-10,2e-10,0.0629,29800000000.0,1370000000.0,12.19,-77.78
2.7e-05,1.2e-05,7e-13,5e-10,2.5e-10,0.0629,29800000000.0,1390000000.0,12.19,-77.78
2.7e-05,1.3e-05,5e-13,4e-10,1e-10,0.0629,32000000000.0,1530000000.0,11.92,-79.03
2.7e-05,1.3e-05,5e-13,4e-10,5e-11,0.0629,32000000000.0,1530000000.0,11.92,-79.08
2.7e-05,1.3e-05,5e-13,4e-10,1.5e-10,0.0629,32000000000.0,1530000000.0,11.92,-79.01
2.7e-05,1.3e-05,5e-13,4e-10,2e-10,0.0629,32000000000.0,1540000000.0,11.92,-78.98
2.7e-05,1.3e-05,5e-13,4e-10,2.5e-10,0.0629,32000000000.0,1530000000.0,11.92,-79.13
2.7e-05,1.3e-05,5e-13,3e-10,1e-10,0.0629,35600000000.0,1790000000.0,11.32,-81.36
2.7e-05,1.3e-05,5e-13,3e-10,5e-11,0.0629,35600000000.0,1780000000.0,11.33,-74.69
2.7e-05,1.3e-05,5e-13,3e-10,1.5e-10,0.0629,35600000000.0,1780000000.0,11.32,-80.55
2.7e-05,1.3e-05,5e-13,3e-10,2e-10,0.0629,35600000000.0,1790000000.0,11.33,-80.88
2.7e-05,1.3e-05,5e-13,3e-10,2.5e-10,0.0629,35600000000.0,1790000000.0,11.32,-81.1
2.7e-05,1.3e-05,5e-13,3.5e-10,1e-10,0.0629,33600000000.0,1630000000.0,11.69,-79.55
2.7e-05,1.3e-05,5e-13,3.5e-10,5e-11,0.0629,33600000000.0,1630000000.0,11.69,-79.98
2.7e-05,1.3e-05,5e-13,3.5e-10,1.5e-10,0.0629,33600000000.0,1630000000.0,11.69,-80.06
2.7e-05,1.3e-05,5e-13,3.5e-10,2e-10,0.0629,33600000000.0,1630000000.0,11.69,-79.86
2.7e-05,1.3e-05,5e-13,3.5e-10,2.5e-10,0.0629,33600000000.0,1640000000.0,11.68,-80.77
2.7e-05,1.3e-05,5e-13,4.5e-10,1e-10,0.0629,30700000000.0,1460000000.0,12.08,-78.36
2.7e-05,1.3e-05,5e-13,4.5e-10,5e-11,0.0629,30700000000.0,1470000000.0,12.07,-78.14
2.7e-05,1.3e-05,5e-13,4.5e-10,2e-10,0.0629,30700000000.0,1460000000.0,12.07,-78.25
2.7e-05,1.3e-05,5e-13,4.5e-10,2.5e-10,0.0629,30700000000.0,1460000000.0,12.07,-78.3
2.7e-05,1.3e-05,5e-13,5e-10,1e-10,0.0629,29600000000.0,1410000000.0,12.18,-77.73
2.7e-05,1.3e-05,5e-13,5e-10,5e-11,0.0629,29600000000.0,1410000000.0,12.18,-77.76
2.7e-05,1.3e-05,5e-13,5e-10,2e-10,0.0629,29600000000.0,1420000000.0,12.18,-77.54
2.7e-05,1.3e-05,5e-13,5e-10,2.5e-10,0.0629,29600000000.0,1400000000.0,12.17,-77.73
2.7e-05,1.3e-05,3e-13,4e-10,5e-11,0.0629,32000000000.0,1530000000.0,11.92,-79.04
2.7e-05,1.3e-05,3e-13,4e-10,1.5e-10,0.0629,32000000000.0,1540000000.0,11.92,-78.9
2.7e-05,1.3e-05,3e-13,4e-10,2e-10,0.0629,32000000000.0,1540000000.0,11.92,-79.0
2.7e-05,1.3e-05,3e-13,4e-10,2.5e-10,0.0629,32000000000.0,1540000000.0,11.92,-78.91
2.7e-05,1.3e-05,3e-13,3e-10,1e-10,0.0629,35600000000.0,1790000000.0,11.32,-80.79
2.7e-05,1.3e-05,3e-13,3e-10,5e-11,0.0629,35600000000.0,1780000000.0,11.33,-80.52
2.7e-05,1.3e-05,3e-13,3e-10,1.5e-10,0.0629,35600000000.0,1790000000.0,11.33,-81.32
2.7e-05,1.3e-05,3e-13,3e-10,2e-10,0.0629,35600000000.0,1790000000.0,11.33,-79.53
2.7e-05,1.3e-05,3e-13,3e-10,2.5e-10,0.0629,35600000000.0,1780000000.0,11.33,-75.22
2.7e-05,1.3e-05,3e-13,3.5e-10,1e-10,0.0629,33600000000.0,1640000000.0,11.69,-79.85
2.7e-05,1.3e-05,3e-13,3.5e-10,5e-11,0.0629,33600000000.0,1640000000.0,11.69,-79.7
2.7e-05,1.3e-05,3e-13,3.5e-10,1.5e-10,0.0629,33600000000.0,1630000000.0,11.69,-79.77
2.7e-05,1.3e-05,3e-13,3.5e-10,2e-10,0.0629,33600000000.0,1630000000.0,11.69,-80.0
2.7e-05,1.3e-05,3e-13,3.5e-10,2.5e-10,0.0629,33600000000.0,1630000000.0,11.69,-80.03
2.7e-05,1.3e-05,3e-13,4.5e-10,1e-10,0.0629,30700000000.0,1460000000.0,12.07,-78.17
2.7e-05,1.3e-05,3e-13,4.5e-10,5e-11,0.0629,30700000000.0,1470000000.0,12.08,-78.69
2.7e-05,1.3e-05,3e-13,4.5e-10,1.5e-10,0.0629,30700000000.0,1460000000.0,12.07,-78.26
2.7e-05,1.3e-05,3e-13,4.5e-10,2e-10,0.0629,30700000000.0,1470000000.0,12.08,-78.35
2.7e-05,1.3e-05,3e-13,4.5e-10,2.5e-10,0.0629,30700000000.0,1470000000.0,12.07,-78.12
2.7e-05,1.3e-05,3e-13,5e-10,1e-10,0.0629,29600000000.0,1410000000.0,12.17,-77.76
2.7e-05,1.3e-05,3e-13,5e-10,1.5e-10,0.0629,29600000000.0,1420000000.0,12.17,-77.7
2.7e-05,1.3e-05,3e-13,5e-10,2.5e-10,0.0629,29600000000.0,1420000000.0,12.17,-77.62
2.7e-05,1.3e-05,4e-13,4e-10,1e-10,0.0629,32000000000.0,1530000000.0,11.92,-79.1
2.7e-05,1.3e-05,4e-13,4e-10,5e-11,0.0629,32000000000.0,1530000000.0,11.92,-78.95
2.7e-05,1.3e-05,4e-13,4e-10,1.5e-10,0.0629,32000000000.0,1540000000.0,11.92,-79.01
2.7e-05,1.3e-05,4e-13,4e-10,2.5e-10,0.0629,32000000000.0,1540000000.0,11.92,-79.03
2.7e-05,1.3e-05,4e-13,3e-10,1e-10,0.0629,35600000000.0,1790000000.0,11.32,-81.2
2.7e-05,1.3e-05,4e-13,3e-10,1.5e-10,0.0629,35600000000.0,1780000000.0,11.32,-81.12
2.7e-05,1.3e-05,4e-13,3e-10,2e-10,0.0629,35600000000.0,1790000000.0,11.33,-80.87
2.7e-05,1.3e-05,4e-13,3.5e-10,1e-10,0.0629,33600000000.0,1630000000.0,11.69,-79.8
2.7e-05,1.3e-05,4e-13,3.5e-10,5e-11,0.0629,33600000000.0,1640000000.0,11.68,-79.76
2.7e-05,1.3e-05,4e-13,3.5e-10,1.5e-10,0.0629,33600000000.0,1640000000.0,11.69,-79.79
2.7e-05,1.3e-05,4e-13,3.5e-10,2e-10,0.0629,33600000000.0,1630000000.0,11.69,-77.09
2.7e-05,1.3e-05,4e-13,4.5e-10,1.5e-10,0.0629,30700000000.0,1460000000.0,12.07,-78.13
2.7e-05,1.3e-05,4e-13,4.5e-10,2e-10,0.0629,30700000000.0,1460000000.0,12.07,-78.2
2.7e-05,1.3e-05,4e-13,5e-10,1e-10,0.0629,29600000000.0,1410000000.0,12.18,-77.72
2.7e-05,1.3e-05,4e-13,5e-10,5e-11,0.0629,29600000000.0,1410000000.0,12.18,-77.65
2.7e-05,1.3e-05,4e-13,5e-10,2.5e-10,0.0629,29600000000.0,1420000000.0,12.17,-77.53
2.7e-05,1.3e-05,6e-13,4e-10,1e-10,0.0629,32000000000.0,1540000000.0,11.92,-78.85
2.7e-05,1.3e-05,6e-13,4e-10,1.5e-10,0.0629,32000000000.0,1540000000.0,11.92,-79.07
2.7e-05,1.3e-05,6e-13,4e-10,2.5e-10,0.0629,32000000000.0,1540000000.0,11.92,-78.84
2.7e-05,1.3e-05,6e-13,3e-10,1e-10,0.0629,35600000000.0,1780000000.0,11.32,-82.8
2.7e-05,1.3e-05,6e-13,3e-10,5e-11,0.0629,35600000000.0,1790000000.0,11.33,-80.27
2.7e-05,1.3e-05,6e-13,3e-10,2e-10,0.0629,35600000000.0,1790000000.0,11.33,-82.17
2.7e-05,1.3e-05,6e-13,3e-10,2.5e-10,0.0629,35600000000.0,1780000000.0,11.32,-81.18
2.7e-05,1.3e-05,6e-13,3.5e-10,5e-11,0.0629,33600000000.0,1630000000.0,11.69,-79.79
2.7e-05,1.3e-05,6e-13,3.5e-10,1.5e-10,0.0629,33600000000.0,1630000000.0,11.69,-79.78
2.7e-05,1.3e-05,6e-13,3.5e-10,2e-10,0.0629,33600000000.0,1640000000.0,11.69,-79.82
2.7e-05,1.3e-05,6e-13,3.5e-10,2.5e-10,0.0629,33600000000.0,1630000000.0,11.69,-79.82
2.7e-05,1.3e-05,6e-13,4.5e-10,1e-10,0.0629,30700000000.0,1460000000.0,12.07,-78.31
2.7e-05,1.3e-05,6e-13,4.5e-10,5e-11,0.0629,30700000000.0,1470000000.0,12.07,-78.13
2.7e-05,1.3e-05,6e-13,4.5e-10,1.5e-10,0.0629,30700000000.0,1470000000.0,12.08,-78.26
2.7e-05,1.3e-05,6e-13,4.5e-10,2.5e-10,0.0629,30700000000.0,1470000000.0,12.08,-78.3
2.7e-05,1.3e-05,6e-13,5e-10,1.5e-10,0.0629,29600000000.0,1410000000.0,12.17,-77.52
2.7e-05,1.3e-05,6e-13,5e-10,2e-10,0.0629,29600000000.0,1410000000.0,12.17,-77.54
2.7e-05,1.3e-05,7e-13,4e-10,2e-10,0.0629,32000000000.0,1530000000.0,11.92,-79.0
2.7e-05,1.3e-05,7e-13,3e-10,1e-10,0.0629,35600000000.0,1790000000.0,11.33,-81.15
2.7e-05,1.3e-05,7e-13,3e-10,5e-11,0.0629,35600000000.0,1790000000.0,11.33,-81.33
2.7e-05,1.3e-05,7e-13,3e-10,1.5e-10,0.0629,35600000000.0,1780000000.0,11.32,-81.05
2.7e-05,1.3e-05,7e-13,3e-10,2e-10,0.0629,35600000000.0,1790000000.0,11.32,-81.37
2.7e-05,1.3e-05,7e-13,3.5e-10,1e-10,0.0629,33600000000.0,1640000000.0,11.69,-80.14
2.7e-05,1.3e-05,7e-13,3.5e-10,5e-11,0.0629,33600000000.0,1630000000.0,11.69,-79.87
2.7e-05,1.3e-05,7e-13,3.5e-10,1.5e-10,0.0629,33600000000.0,1630000000.0,11.68,-79.78
2.7e-05,1.3e-05,7e-13,3.5e-10,2.5e-10,0.0629,33600000000.0,1640000000.0,11.69,-79.84
2.7e-05,1.3e-05,7e-13,4.5e-10,5e-11,0.0629,30700000000.0,1460000000.0,12.07,-78.14
2.7e-05,1.3e-05,7e-13,5e-10,1.5e-10,0.0629,29600000000.0,1420000000.0,12.17,-77.65
2.7e-05,1.4e-05,5e-13,4e-10,1e-10,0.0629,31800000000.0,1560000000.0,11.9,-78.88
2.7e-05,1.4e-05,5e-13,4e-10,5e-11,0.0629,31800000000.0,1560000000.0,11.9,-78.85
2.7e-05,1.4e-05,5e-13,4e-10,2e-10,0.0629,31800000000.0,1550000000.0,11.9,-78.89
2.7e-05,1.4e-05,5e-13,4e-10,2.5e-10,0.0629,31800000000.0,1560000000.0,11.9,-78.77
2.7e-05,1.4e-05,5e-13,3e-10,1e-10,0.0629,35400000000.0,1810000000.0,11.31,-81.15
2.7e-05,1.4e-05,5e-13,3e-10,5e-11,0.0629,35400000000.0,1800000000.0,11.32,-81.18
2.7e-05,1.4e-05,5e-13,3e-10,1.5e-10,0.0629,35400000000.0,1810000000.0,11.32,-81.09
2.7e-05,1.4e-05,5e-13,3e-10,2e-10,0.0629,35400000000.0,1810000000.0,11.32,-81.0
2.7e-05,1.4e-05,5e-13,3e-10,2.5e-10,0.0629,35400000000.0,1820000000.0,11.31,-79.61
2.7e-05,1.4e-05,5e-13,3.5e-10,1e-10,0.0629,33400000000.0,1650000000.0,11.67,-80.01
2.7e-05,1.4e-05,5e-13,3.5e-10,5e-11,0.0629,33400000000.0,1660000000.0,11.67,-79.68
2.7e-05,1.4e-05,5e-13,3.5e-10,1.5e-10,0.0629,33400000000.0,1660000000.0,11.67,-79.69
2.7e-05,1.4e-05,5e-13,3.5e-10,2.5e-10,0.0629,33400000000.0,1660000000.0,11.67,-79.73
2.7e-05,1.4e-05,5e-13,4.5e-10,1e-10,0.0629,30500000000.0,1490000000.0,12.05,-78.05
2.7e-05,1.4e-05,5e-13,4.5e-10,5e-11,0.0629,30500000000.0,1480000000.0,12.05,-78.16
2.7e-05,1.4e-05,5e-13,4.5e-10,1.5e-10,0.0629,30500000000.0,1480000000.0,12.05,-78.22
2.7e-05,1.4e-05,5e-13,4.5e-10,2e-10,0.0629,30500000000.0,1480000000.0,12.05,-78.29
2.7e-05,1.4e-05,5e-13,4.5e-10,2.5e-10,0.0629,30500000000.0,1490000000.0,12.05,-78.31
2.7e-05,1.4e-05,5e-13,5e-10,1e-10,0.0629,29500000000.0,1430000000.0,12.15,-77.6
2.7e-05,1.4e-05,5e-13,5e-10,5e-11,0.0629,29500000000.0,1430000000.0,12.15,-77.74
2.7e-05,1.4e-05,5e-13,5e-10,1.5e-10,0.0629,29500000000.0,1440000000.0,12.15,-77.45
2.7e-05,1.4e-05,5e-13,5e-10,2e-10,0.0629,29500000000.0,1440000000.0,12.15,-77.55
2.7e-05,1.4e-05,5e-13,5e-10,2.5e-10,0.0629,29500000000.0,1440000000.0,12.15,-77.62
2.7e-05,1.4e-05,3e-13,4e-10,1e-10,0.0629,31800000000.0,1560000000.0,11.9,-78.95
2.7e-05,1.4e-05,3e-13,4e-10,5e-11,0.0629,31800000000.0,1560000000.0,11.9,-78.76
2.7e-05,1.4e-05,3e-13,4e-10,1.5e-10,0.0629,31800000000.0,1560000000.0,11.9,-79.0
2.7e-05,1.4e-05,3e-13,4e-10,2e-10,0.0629,31800000000.0,1560000000.0,11.9,-79.05
2.7e-05,1.4e-05,3e-13,4e-10,2.5e-10,0.0629,31800000000.0,1560000000.0,11.9,-78.94
2.7e-05,1.4e-05,3e-13,3e-10,1e-10,0.0629,35400000000.0,1820000000.0,11.31,-81.36
2.7e-05,1.4e-05,3e-13,3e-10,5e-11,0.0629,35400000000.0,1810000000.0,11.32,-81.03
2.7e-05,1.4e-05,3e-13,3e-10,1.5e-10,0.0629,35400000000.0,1820000000.0,11.32,-80.94
2.7e-05,1.4e-05,3e-13,3e-10,2e-10,0.0629,35400000000.0,1810000000.0,11.32,-81.12
2.7e-05,1.4e-05,3e-13,3e-10,2.5e-10,0.0629,35400000000.0,1820000000.0,11.31,-80.65
2.7e-05,1.4e-05,3e-13,3.5e-10,1e-10,0.0629,33400000000.0,1660000000.0,11.67,-79.82
2.7e-05,1.4e-05,3e-13,3.5e-10,5e-11,0.0629,33400000000.0,1660000000.0,11.67,-79.49
2.7e-05,1.4e-05,3e-13,3.5e-10,1.5e-10,0.0629,33400000000.0,1660000000.0,11.67,-79.71
2.7e-05,1.4e-05,3e-13,3.5e-10,2e-10,0.0629,33400000000.0,1660000000.0,11.67,-79.91
2.7e-05,1.4e-05,3e-13,3.5e-10,2.5e-10,0.0629,33400000000.0,1660000000.0,11.67,-79.85
2.7e-05,1.4e-05,3e-13,4.5e-10,1e-10,0.0629,30500000000.0,1480000000.0,12.05,-78.27
2.7e-05,1.4e-05,3e-13,4.5e-10,5e-11,0.0629,30500000000.0,1500000000.0,12.05,-78.21
2.7e-05,1.4e-05,3e-13,4.5e-10,1.5e-10,0.0629,30500000000.0,1490000000.0,12.05,-78.11
2.7e-05,1.4e-05,3e-13,4.5e-10,2e-10,0.0629,30500000000.0,1480000000.0,12.05,-78.26
2.7e-05,1.4e-05,3e-13,4.5e-10,2.5e-10,0.0629,30500000000.0,1480000000.0,12.05,-77.91
2.7e-05,1.4e-05,3e-13,5e-10,1e-10,0.0629,29500000000.0,1430000000.0,12.15,-77.42
2.7e-05,1.4e-05,3e-13,5e-10,5e-11,0.0629,29500000000.0,1440000000.0,12.15,-77.43
2.7e-05,1.4e-05,3e-13,5e-10,2e-10,0.0629,29500000000.0,1440000000.0,12.15,-77.61
2.7e-05,1.4e-05,3e-13,5e-10,2.5e-10,0.0629,29500000000.0,1440000000.0,12.15,-77.67
2.7e-05,1.4e-05,4e-13,4e-10,1e-10,0.0629,31800000000.0,1550000000.0,11.9,-78.96
2.7e-05,1.4e-05,4e-13,4e-10,1.5e-10,0.0629,31800000000.0,1560000000.0,11.9,-78.87
2.7e-05,1.4e-05,4e-13,3e-10,1e-10,0.0629,35400000000.0,1820000000.0,11.32,-80.95
2.7e-05,1.4e-05,4e-13,3e-10,5e-11,0.0629,35400000000.0,1820000000.0,11.31,-81.02
2.7e-05,1.4e-05,4e-13,3e-10,1.5e-10,0.0629,35400000000.0,1810000000.0,11.32,-80.68
2.7e-05,1.4e-05,4e-13,3e-10,2e-10,0.0629,35400000000.0,1810000000.0,11.32,-80.83
2.7e-05,1.4e-05,4e-13,3e-10,2.5e-10,0.0629,35400000000.0,1820000000.0,11.31,-81.2
2.7e-05,1.4e-05,4e-13,3.5e-10,1e-10,0.0629,33400000000.0,1650000000.0,11.67,-79.67
2.7e-05,1.4e-05,4e-13,3.5e-10,5e-11,0.0629,33400000000.0,1650000000.0,11.67,-79.85
2.7e-05,1.4e-05,4e-13,3.5e-10,2e-10,0.0629,33400000000.0,1660000000.0,11.67,-79.95
2.7e-05,1.4e-05,4e-13,3.5e-10,2.5e-10,0.0629,33400000000.0,1660000000.0,11.67,-79.9
2.7e-05,1.4e-05,4e-13,4.5e-10,1e-10,0.0629,30500000000.0,1490000000.0,12.05,-78.02
2.7e-05,1.4e-05,4e-13,4.5e-10,5e-11,0.0629,30500000000.0,1490000000.0,12.05,-78.07
2.7e-05,1.4e-05,4e-13,4.5e-10,2e-10,0.0629,30500000000.0,1480000000.0,12.05,-77.87
2.7e-05,1.4e-05,4e-13,4.5e-10,2.5e-10,0.0629,30500000000.0,1500000000.0,12.05,-78.14
2.7e-05,1.4e-05,4e-13,5e-10,1e-10,0.0629,29500000000.0,1430000000.0,12.15,-77.54
2.7e-05,1.4e-05,4e-13,5e-10,5e-11,0.0629,29500000000.0,1430000000.0,12.15,-77.63
2.7e-05,1.4e-05,4e-13,5e-10,2e-10,0.0629,29500000000.0,1430000000.0,12.15,-77.88
2.7e-05,1.4e-05,6e-13,4e-10,1e-10,0.0629,31800000000.0,1560000000.0,11.9,-79.02
2.7e-05,1.4e-05,6e-13,4e-10,5e-11,0.0629,31800000000.0,1550000000.0,11.9,-79.05
2.7e-05,1.4e-05,6e-13,4e-10,2e-10,0.0629,31800000000.0,1560000000.0,11.9,-79.03
2.7e-05,1.4e-05,6e-13,3e-10,1e-10,0.0629,35400000000.0,1820000000.0,11.31,-81.21
2.7e-05,1.4e-05,6e-13,3e-10,5e-11,0.0629,35400000000.0,1810000000.0,11.32,-80.98
2.7e-05,1.4e-05,6e-13,3e-10,1.5e-10,0.0629,35400000000.0,1820000000.0,11.32,-80.9
2.7e-05,1.4e-05,6e-13,3e-10,2e-10,0.0629,35400000000.0,1810000000.0,11.31,-81.86
2.7e-05,1.4e-05,6e-13,3e-10,2.5e-10,0.0629,35400000000.0,1800000000.0,11.32,-81.06
2.7e-05,1.4e-05,6e-13,3.5e-10,1e-10,0.0629,33400000000.0,1660000000.0,11.67,-79.59
2.7e-05,1.4e-05,6e-13,3.5e-10,5e-11,0.0629,33400000000.0,1660000000.0,11.67,-79.81
2.7e-05,1.4e-05,6e-13,3.5e-10,1.5e-10,0.0629,33400000000.0,1660000000.0,11.67,-79.88
2.7e-05,1.4e-05,6e-13,3.5e-10,2e-10,0.0629,33400000000.0,1660000000.0,11.67,-79.7
2.7e-05,1.4e-05,6e-13,3.5e-10,2.5e-10,0.0629,33400000000.0,1660000000.0,11.67,-79.35
2.7e-05,1.4e-05,6e-13,4.5e-10,1e-10,0.0629,30500000000.0,1490000000.0,12.05,-77.92
2.7e-05,1.4e-05,6e-13,4.5e-10,5e-11,0.0629,30500000000.0,1480000000.0,12.05,-78.21
2.7e-05,1.4e-05,6e-13,4.5e-10,1.5e-10,0.0629,30500000000.0,1480000000.0,12.05,-78.07
2.7e-05,1.4e-05,6e-13,4.5e-10,2e-10,0.0629,30500000000.0,1480000000.0,12.05,-78.32
2.7e-05,1.4e-05,6e-13,5e-10,1e-10,0.0629,29500000000.0,1450000000.0,12.15,-77.73
2.7e-05,1.4e-05,6e-13,5e-10,5e-11,0.0629,29500000000.0,1440000000.0,12.15,-78.57
2.7e-05,1.4e-05,6e-13,5e-10,1.5e-10,0.0629,29500000000.0,1430000000.0,12.15,-77.73
2.7e-05,1.4e-05,6e-13,5e-10,2e-10,0.0629,29500000000.0,1440000000.0,12.15,-77.5
2.7e-05,1.4e-05,6e-13,5e-10,2.5e-10,0.0629,29500000000.0,1440000000.0,12.15,-77.58
2.7e-05,1.4e-05,7e-13,4e-10,1e-10,0.0629,31800000000.0,1560000000.0,11.9,-78.72
2.7e-05,1.4e-05,7e-13,4e-10,5e-11,0.0629,31800000000.0,1550000000.0,11.9,-78.81
2.7e-05,1.4e-05,7e-13,4e-10,2.5e-10,0.0629,31800000000.0,1550000000.0,11.9,-79.0
2.7e-05,1.4e-05,7e-13,3e-10,5e-11,0.0629,35400000000.0,1800000000.0,11.31,-81.77
2.7e-05,1.4e-05,7e-13,3e-10,1.5e-10,0.0629,35400000000.0,1810000000.0,11.32,-80.95
2.7e-05,1.4e-05,7e-13,3e-10,2e-10,0.0629,35400000000.0,1820000000.0,11.32,-80.6
2.7e-05,1.4e-05,7e-13,3e-10,2.5e-10,0.0629,35400000000.0,1810000000.0,11.32,-81.01
2.7e-05,1.4e-05,7e-13,3.5e-10,5e-11,0.0629,33400000000.0,1660000000.0,11.67,-79.57
2.7e-05,1.4e-05,7e-13,3.5e-10,1.5e-10,0.0629,33400000000.0,1650000000.0,11.67,-79.94
2.7e-05,1.4e-05,7e-13,3.5e-10,2e-10,0.0629,33400000000.0,1660000000.0,11.67,-79.93
2.7e-05,1.4e-05,7e-13,3.5e-10,2.5e-10,0.0629,33400000000.0,1660000000.0,11.67,-79.22
2.7e-05,1.4e-05,7e-13,4.5e-10,1e-10,0.0629,30500000000.0,1490000000.0,12.05,-78.09
2.7e-05,1.4e-05,7e-13,4.5e-10,5e-11,0.0629,30500000000.0,1480000000.0,12.05,-78.24
2.7e-05,1.4e-05,7e-13,4.5e-10,1.5e-10,0.0629,30500000000.0,1490000000.0,12.05,-78.06
2.7e-05,1.4e-05,7e-13,4.5e-10,2e-10,0.0629,30500000000.0,1490000000.0,12.05,-78.08
2.7e-05,1.4e-05,7e-13,4.5e-10,2.5e-10,0.0629,30500000000.0,1500000000.0,12.05,-78.29
2.7e-05,1.4e-05,7e-13,5e-10,1e-10,0.0629,29500000000.0,1430000000.0,12.15,-77.9
2.7e-05,1.4e-05,7e-13,5e-10,5e-11,0.0629,29500000000.0,1450000000.0,12.15,-77.7
2.7e-05,1.4e-05,7e-13,5e-10,2e-10,0.0629,29500000000.0,1450000000.0,12.15,-77.3
2.7e-05,1.5e-05,5e-13,4e-10,1e-10,0.0629,31600000000.0,1570000000.0,11.88,-78.79
2.7e-05,1.5e-05,5e-13,4e-10,5e-11,0.0629,31600000000.0,1570000000.0,11.88,-78.7
2.7e-05,1.5e-05,5e-13,4e-10,1.5e-10,0.0629,31600000000.0,1570000000.0,11.88,-78.91
2.7e-05,1.5e-05,5e-13,4e-10,2e-10,0.0629,31600000000.0,1570000000.0,11.88,-78.81
2.7e-05,1.5e-05,5e-13,4e-10,2.5e-10,0.0629,31600000000.0,1570000000.0,11.88,-73.16
2.7e-05,1.5e-05,5e-13,3e-10,1e-10,0.0629,35300000000.0,1820000000.0,11.29,-80.85
2.7e-05,1.5e-05,5e-13,3e-10,5e-11,0.0629,35300000000.0,1830000000.0,11.3,-81.13
2.7e-05,1.5e-05,5e-13,3e-10,1.5e-10,0.0629,35300000000.0,1830000000.0,11.3,-80.84
2.7e-05,1.5e-05,5e-13,3e-10,2e-10,0.0629,35300000000.0,1830000000.0,11.3,-81.94
2.7e-05,1.5e-05,5e-13,3e-10,2.5e-10,0.0629,35300000000.0,1840000000.0,11.29,-80.85
2.7e-05,1.5e-05,5e-13,3.5e-10,1e-10,0.0629,33200000000.0,1670000000.0,11.65,-79.58
2.7e-05,1.5e-05,5e-13,3.5e-10,5e-11,0.0629,33200000000.0,1680000000.0,11.65,-79.89
2.7e-05,1.5e-05,5e-13,3.5e-10,1.5e-10,0.0629,33200000000.0,1670000000.0,11.65,-80.26
2.7e-05,1.5e-05,5e-13,3.5e-10,2e-10,0.0629,33200000000.0,1670000000.0,11.65,-79.63
2.7e-05,1.5e-05,5e-13,3.5e-10,2.5e-10,0.0629,33200000000.0,1670000000.0,11.65,-79.71
2.7e-05,1.5e-05,5e-13,4.5e-10,1e-10,0.0629,30400000000.0,1500000000.0,12.03,-78.18
2.7e-05,1.5e-05,5e-13,4.5e-10,5e-11,0.0629,30400000000.0,1490000000.0,12.03,-77.65
2.7e-05,1.5e-05,5e-13,4.5e-10,1.5e-10,0.0629,30400000000.0,1500000000.0,12.03,-78.14
2.7e-05,1.5e-05,5e-13,4.5e-10,2e-10,0.0629,30400000000.0,1500000000.0,12.03,-78.4
2.7e-05,1.5e-05,5e-13,4.5e-10,2.5e-10,0.0629,30400000000.0,1490000000.0,12.03,-78.15
2.7e-05,1.5e-05,5e-13,5e-10,1e-10,0.0629,29300000000.0,1460000000.0,12.12,-77.59
2.7e-05,1.5e-05,5e-13,5e-10,5e-11,0.0629,29300000000.0,1440000000.0,12.13,-77.55
2.7e-05,1.5e-05,5e-13,5e-10,1.5e-10,0.0629,29300000000.0,1440000000.0,12.12,-77.54
2.7e-05,1.5e-05,5e-13,5e-10,2.5e-10,0.0629,29300000000.0,1460000000.0,12.12,-77.38
2.7e-05,1.5e-05,3e-13,4e-10,1e-10,0.0629,31600000000.0,1570000000.0,11.88,-78.94
2.7e-05,1.5e-05,3e-13,4e-10,5e-11,0.0629,31600000000.0,1580000000.0,11.88,-78.75
2.7e-05,1.5e-05,3e-13,4e-10,1.5e-10,0.0629,31600000000.0,1570000000.0,11.88,-78.92
2.7e-05,1.5e-05,3e-13,4e-10,2e-10,0.0629,31600000000.0,1570000000.0,11.88,-76.43
2.7e-05,1.5e-05,3e-13,3e-10,1e-10,0.0629,35300000000.0,1830000000.0,11.3,-80.63
2.7e-05,1.5e-05,3e-13,3e-10,5e-11,0.0629,35300000000.0,1830000000.0,11.3,-80.93
2.7e-05,1.5e-05,3e-13,3e-10,1.5e-10,0.0629,35300000000.0,1830000000.0,11.29,-80.88
2.7e-05,1.5e-05,3e-13,3e-10,2e-10,0.0629,35300000000.0,1820000000.0,11.3,-80.72
2.7e-05,1.5e-05,3e-13,3e-10,2.5e-10,0.0629,35300000000.0,1820000000.0,11.3,-80.86
2.7e-05,1.5e-05,3e-13,3.5e-10,1e-10,0.0629,33200000000.0,1670000000.0,11.65,-79.04
2.7e-05,1.5e-05,3e-13,3.5e-10,5e-11,0.0629,33200000000.0,1670000000.0,11.65,-81.9
2.7e-05,1.5e-05,3e-13,3.5e-10,1.5e-10,0.0629,33200000000.0,1670000000.0,11.65,-79.54
2.7e-05,1.5e-05,3e-13,3.5e-10,2e-10,0.0629,33200000000.0,1680000000.0,11.65,-79.72
2.7e-05,1.5e-05,3e-13,3.5e-10,2.5e-10,0.0629,33200000000.0,1670000000.0,11.65,-79.5
2.7e-05,1.5e-05,3e-13,4.5e-10,1e-10,0.0629,30400000000.0,1510000000.0,12.03,-78.39
2.7e-05,1.5e-05,3e-13,4.5e-10,5e-11,0.0629,30400000000.0,1500000000.0,12.02,-78.18
2.7e-05,1.5e-05,3e-13,4.5e-10,1.5e-10,0.0629,30400000000.0,1500000000.0,12.03,-77.66
2.7e-05,1.5e-05,3e-13,4.5e-10,2e-10,0.0629,30400000000.0,1500000000.0,12.02,-78.13
2.7e-05,1.5e-05,3e-13,4.5e-10,2.5e-10,0.0629,30400000000.0,1500000000.0,12.03,-78.15
2.7e-05,1.5e-05,3e-13,5e-10,1e-10,0.0629,29300000000.0,1450000000.0,12.13,-77.59
2.7e-05,1.5e-05,3e-13,5e-10,1.5e-10,0.0629,29300000000.0,1460000000.0,12.12,-77.24
2.7e-05,1.5e-05,3e-13,5e-10,2e-10,0.0629,29300000000.0,1450000000.0,12.12,-77.5
2.7e-05,1.5e-05,4e-13,4e-10,1e-10,0.0629,31600000000.0,1570000000.0,11.88,-78.83
2.7e-05,1.5e-05,4e-13,4e-10,5e-11,0.0629,31600000000.0,1570000000.0,11.88,-78.68
2.7e-05,1.5e-05,4e-13,4e-10,1.5e-10,0.0629,31600000000.0,1570000000.0,11.88,-79.1
2.7e-05,1.5e-05,4e-13,4e-10,2e-10,0.0629,31600000000.0,1570000000.0,11.88,-78.85
2.7e-05,1.5e-05,4e-13,4e-10,2.5e-10,0.0629,31600000000.0,1570000000.0,11.88,-78.72
2.7e-05,1.5e-05,4e-13,3e-10,1e-10,0.0629,35300000000.0,1830000000.0,11.3,-80.8
2.7e-05,1.5e-05,4e-13,3e-10,5e-11,0.0629,35300000000.0,1830000000.0,11.3,-80.4
2.7e-05,1.5e-05,4e-13,3e-10,1.5e-10,0.0629,35300000000.0,1830000000.0,11.3,-80.98
2.7e-05,1.5e-05,4e-13,3e-10,2e-10,0.0629,35300000000.0,1830000000.0,11.3,-81.14
2.7e-05,1.5e-05,4e-13,3e-10,2.5e-10,0.0629,35300000000.0,1840000000.0,11.29,-80.84
2.7e-05,1.5e-05,4e-13,3.5e-10,5e-11,0.0629,33200000000.0,1680000000.0,11.65,-79.79
2.7e-05,1.5e-05,4e-13,3.5e-10,1.5e-10,0.0629,33200000000.0,1670000000.0,11.65,-79.83
2.7e-05,1.5e-05,4e-13,3.5e-10,2e-10,0.0629,33200000000.0,1670000000.0,11.65,-79.72
2.7e-05,1.5e-05,4e-13,4.5e-10,1e-10,0.0629,30400000000.0,1500000000.0,12.02,-78.05
2.7e-05,1.5e-05,4e-13,4.5e-10,1.5e-10,0.0629,30400000000.0,1500000000.0,12.02,-77.98
2.7e-05,1.5e-05,4e-13,4.5e-10,2e-10,0.0629,30400000000.0,1500000000.0,12.02,-78.08
2.7e-05,1.5e-05,4e-13,4.5e-10,2.5e-10,0.0629,30400000000.0,1500000000.0,12.03,-78.19
2.7e-05,1.5e-05,4e-13,5e-10,1e-10,0.0629,29300000000.0,1460000000.0,12.13,-77.3
2.7e-05,1.5e-05,4e-13,5e-10,5e-11,0.0629,29300000000.0,1450000000.0,12.12,-77.52
2.7e-05,1.5e-05,4e-13,5e-10,1.5e-10,0.0629,29300000000.0,1450000000.0,12.13,-77.41
2.7e-05,1.5e-05,4e-13,5e-10,2e-10,0.0629,29300000000.0,1440000000.0,12.13,-77.53
2.7e-05,1.5e-05,6e-13,4e-10,1e-10,0.0629,31600000000.0,1570000000.0,11.88,-78.9
2.7e-05,1.5e-05,6e-13,4e-10,5e-11,0.0629,31600000000.0,1570000000.0,11.88,-78.69
2.7e-05,1.5e-05,6e-13,3e-10,1e-10,0.0629,35300000000.0,1840000000.0,11.29,-80.94
2.7e-05,1.5e-05,6e-13,3e-10,5e-11,0.0629,35300000000.0,1830000000.0,11.3,-80.81
2.7e-05,1.5e-05,6e-13,3e-10,1.5e-10,0.0629,35300000000.0,1820000000.0,11.29,-81.07
2.7e-05,1.5e-05,6e-13,3e-10,2e-10,0.0629,35300000000.0,1820000000.0,11.3,-80.87
2.7e-05,1.5e-05,6e-13,3e-10,2.5e-10,0.0629,35300000000.0,1830000000.0,11.29,-80.9
2.7e-05,1.5e-05,6e-13,3.5e-10,5e-11,0.0629,33200000000.0,1670000000.0,11.65,-79.56
2.7e-05,1.5e-05,6e-13,3.5e-10,1.5e-10,0.0629,33200000000.0,1660000000.0,11.65,-79.47
2.7e-05,1.5e-05,6e-13,3.5e-10,2e-10,0.0629,33200000000.0,1680000000.0,11.65,-79.8
2.7e-05,1.5e-05,6e-13,3.5e-10,2.5e-10,0.0629,33200000000.0,1670000000.0,11.65,-79.59
2.7e-05,1.5e-05,6e-13,4.5e-10,1e-10,0.0629,30400000000.0,1500000000.0,12.03,-78.2
2.7e-05,1.5e-05,6e-13,4.5e-10,5e-11,0.0629,30400000000.0,1500000000.0,12.03,-78.24
2.7e-05,1.5e-05,6e-13,4.5e-10,1.5e-10,0.0629,30400000000.0,1490000000.0,12.03,-78.16
2.7e-05,1.5e-05,6e-13,4.5e-10,2e-10,0.0629,30400000000.0,1490000000.0,12.03,-78.21
2.7e-05,1.5e-05,6e-13,4.5e-10,2.5e-10,0.0629,30400000000.0,1510000000.0,12.03,-78.18
2.7e-05,1.5e-05,6e-13,5e-10,1e-10,0.0629,29300000000.0,1460000000.0,12.13,-77.67
2.7e-05,1.5e-05,6e-13,5e-10,5e-11,0.0629,29300000000.0,1460000000.0,12.12,-77.42
2.7e-05,1.5e-05,6e-13,5e-10,1.5e-10,0.0629,29300000000.0,1450000000.0,12.13,-77.63
2.7e-05,1.5e-05,6e-13,5e-10,2e-10,0.0629,29300000000.0,1440000000.0,12.13,-77.4
2.7e-05,1.5e-05,7e-13,4e-10,1e-10,0.0629,31600000000.0,1570000000.0,11.88,-78.78
2.7e-05,1.5e-05,7e-13,4e-10,2e-10,0.0629,31600000000.0,1570000000.0,11.88,-78.73
2.7e-05,1.5e-05,7e-13,3e-10,1e-10,0.0629,35300000000.0,1830000000.0,11.3,-81.96
2.7e-05,1.5e-05,7e-13,3e-10,5e-11,0.0629,35300000000.0,1830000000.0,11.3,-80.65
2.7e-05,1.5e-05,7e-13,3e-10,1.5e-10,0.0629,35300000000.0,1830000000.0,11.29,-81.14
2.7e-05,1.5e-05,7e-13,3e-10,2e-10,0.0629,35300000000.0,1820000000.0,11.3,-80.91
2.7e-05,1.5e-05,7e-13,3e-10,2.5e-10,0.0629,35300000000.0,1820000000.0,11.3,-81.34
2.7e-05,1.5e-05,7e-13,3.5e-10,1e-10,0.0629,33200000000.0,1660000000.0,11.65,-79.84
2.7e-05,1.5e-05,7e-13,3.5e-10,1.5e-10,0.0629,33200000000.0,1670000000.0,11.65,-79.73
2.7e-05,1.5e-05,7e-13,3.5e-10,2e-10,0.0629,33200000000.0,1660000000.0,11.65,-79.8
2.7e-05,1.5e-05,7e-13,4.5e-10,1e-10,0.0629,30400000000.0,1500000000.0,12.02,-77.86
2.7e-05,1.5e-05,7e-13,5e-10,5e-11,0.0629,29300000000.0,1460000000.0,12.13,-77.51
2.7e-05,1.5e-05,7e-13,5e-10,1.5e-10,0.0629,29300000000.0,1440000000.0,12.12,-77.87
2.7e-05,1.5e-05,7e-13,5e-10,2e-10,0.0629,29300000000.0,1440000000.0,12.12,-77.48
2.7e-05,1.5e-05,7e-13,5e-10,2.5e-10,0.0629,29300000000.0,1450000000.0,12.12,-77.39
2.7e-05,1.6e-05,5e-13,4e-10,1e-10,0.0629,31500000000.0,1570000000.0,11.85,-78.84
2.7e-05,1.6e-05,5e-13,4e-10,5e-11,0.0629,31500000000.0,1580000000.0,11.85,-78.57
2.7e-05,1.6e-05,5e-13,4e-10,1.5e-10,0.0629,31500000000.0,1570000000.0,11.85,-78.83
2.7e-05,1.6e-05,5e-13,4e-10,2e-10,0.0629,31500000000.0,1570000000.0,11.85,-78.85
2.7e-05,1.6e-05,5e-13,3e-10,1e-10,0.0629,35100000000.0,1840000000.0,11.27,-80.76
2.7e-05,1.6e-05,5e-13,3e-10,5e-11,0.0629,35100000000.0,1830000000.0,11.27,-80.32
2.7e-05,1.6e-05,5e-13,3e-10,1.5e-10,0.0629,35100000000.0,1830000000.0,11.27,-80.73
2.7e-05,1.6e-05,5e-13,3e-10,2e-10,0.0629,35100000000.0,1830000000.0,11.27,-80.36
2.7e-05,1.6e-05,5e-13,3e-10,2.5e-10,0.0629,35100000000.0,1830000000.0,11.27,-80.56
2.7e-05,1.6e-05,5e-13,3.5e-10,1e-10,0.0629,33100000000.0,1680000000.0,11.62,-79.68
2.7e-05,1.6e-05,5e-13,3.5e-10,5e-11,0.0629,33100000000.0,1670000000.0,11.62,-79.69
2.7e-05,1.6e-05,5e-13,3.5e-10,1.5e-10,0.0629,33100000000.0,1680000000.0,11.62,-79.41
2.7e-05,1.6e-05,5e-13,3.5e-10,2e-10,0.0629,33100000000.0,1670000000.0,11.62,-79.48
2.7e-05,1.6e-05,5e-13,3.5e-10,2.5e-10,0.0629,33100000000.0,1670000000.0,11.62,-79.79
2.7e-05,1.6e-05,5e-13,4.5e-10,1e-10,0.0629,30200000000.0,1500000000.0,12.0,-78.13
2.7e-05,1.6e-05,5e-13,4.5e-10,5e-11,0.0629,30200000000.0,1510000000.0,12.0,-78.07
2.7e-05,1.6e-05,5e-13,4.5e-10,1.5e-10,0.0629,30200000000.0,1510000000.0,12.0,-77.83
2.7e-05,1.6e-05,5e-13,4.5e-10,2e-10,0.0629,30200000000.0,1510000000.0,12.0,-77.87
2.7e-05,1.6e-05,5e-13,4.5e-10,2.5e-10,0.0629,30200000000.0,1510000000.0,12.0,-77.92
2.7e-05,1.6e-05,5e-13,5e-10,1e-10,0.0629,29200000000.0,1460000000.0,12.09,-77.3
2.7e-05,1.6e-05,5e-13,5e-10,5e-11,0.0629,29200000000.0,1450000000.0,12.09,-77.34
2.7e-05,1.6e-05,5e-13,5e-10,1.5e-10,0.0629,29200000000.0,1450000000.0,12.1,-77.33
2.7e-05,1.6e-05,5e-13,5e-10,2e-10,0.0629,29200000000.0,1450000000.0,12.1,-77.53
2.7e-05,1.6e-05,5e-13,5e-10,2.5e-10,0.0629,29200000000.0,1460000000.0,12.09,-77.27
2.7e-05,1.6e-05,3e-13,4e-10,1e-10,0.0629,31500000000.0,1570000000.0,11.85,-78.69
2.7e-05,1.6e-05,3e-13,4e-10,5e-11,0.0629,31500000000.0,1570000000.0,11.85,-78.62
2.7e-05,1.6e-05,3e-13,4e-10,1.5e-10,0.0629,31500000000.0,1570000000.0,11.85,-78.71
2.7e-05,1.6e-05,3e-13,4e-10,2e-10,0.0629,31500000000.0,1570000000.0,11.85,-78.75
2.7e-05,1.6e-05,3e-13,3e-10,1e-10,0.0629,35100000000.0,1820000000.0,11.27,-80.72
2.7e-05,1.6e-05,3e-13,3e-10,5e-11,0.0629,35100000000.0,1830000000.0,11.27,-80.94
2.7e-05,1.6e-05,3e-13,3e-10,1.5e-10,0.0629,35100000000.0,1830000000.0,11.27,-80.9
2.7e-05,1.6e-05,3e-13,3e-10,2e-10,0.0629,35100000000.0,1830000000.0,11.27,-80.71
2.7e-05,1.6e-05,3e-13,3e-10,2.5e-10,0.0629,35100000000.0,1840000000.0,11.27,-80.6
2.7e-05,1.6e-05,3e-13,3.5e-10,1e-10,0.0629,33100000000.0,1680000000.0,11.62,-79.5
2.7e-05,1.6e-05,3e-13,3.5e-10,5e-11,0.0629,33100000000.0,1670000000.0,11.62,-79.41
2.7e-05,1.6e-05,3e-13,3.5e-10,1.5e-10,0.0629,33100000000.0,1670000000.0,11.62,-79.68
2.7e-05,1.6e-05,3e-13,4.5e-10,1e-10,0.0629,30200000000.0,1510000000.0,12.0,-77.84
2.7e-05,1.6e-05,3e-13,4.5e-10,5e-11,0.0629,30200000000.0,1510000000.0,12.0,-78.01
2.7e-05,1.6e-05,3e-13,4.5e-10,1.5e-10,0.0629,30200000000.0,1510000000.0,12.0,-78.21
2.7e-05,1.6e-05,3e-13,4.5e-10,2e-10,0.0629,30200000000.0,1500000000.0,12.0,-78.06
2.7e-05,1.6e-05,3e-13,4.5e-10,2.5e-10,0.0629,30200000000.0,1510000000.0,11.99,-77.89
2.7e-05,1.6e-05,3e-13,5e-10,1e-10,0.0629,29200000000.0,1460000000.0,12.1,-77.79
2.7e-05,1.6e-05,3e-13,5e-10,5e-11,0.0629,29200000000.0,1470000000.0,12.09,-77.28
2.7e-05,1.6e-05,3e-13,5e-10,1.5e-10,0.0629,29200000000.0,1450000000.0,12.09,-76.97
2.7e-05,1.6e-05,3e-13,5e-10,2e-10,0.0629,29200000000.0,1460000000.0,12.1,-77.54
2.7e-05,1.6e-05,3e-13,5e-10,2.5e-10,0.0629,29200000000.0,1460000000.0,12.09,-77.29
2.7e-05,1.6e-05,4e-13,4e-10,1e-10,0.0629,31500000000.0,1570000000.0,11.85,-78.8
2.7e-05,1.6e-05,4e-13,4e-10,5e-11,0.0629,31500000000.0,1580000000.0,11.85,-78.69
2.7e-05,1.6e-05,4e-13,4e-10,1.5e-10,0.0629,31500000000.0,1570000000.0,11.85,-79.38
2.7e-05,1.6e-05,4e-13,4e-10,2e-10,0.0629,31500000000.0,1580000000.0,11.85,-78.55
2.7e-05,1.6e-05,4e-13,3e-10,1e-10,0.0629,35100000000.0,1820000000.0,11.27,-80.63
2.7e-05,1.6e-05,4e-13,3e-10,5e-11,0.0629,35100000000.0,1820000000.0,11.27,-80.76
2.7e-05,1.6e-05,4e-13,3e-10,1.5e-10,0.0629,35100000000.0,1830000000.0,11.27,-80.85
2.7e-05,1.6e-05,4e-13,3e-10,2e-10,0.0629,35100000000.0,1830000000.0,11.27,-80.68
2.7e-05,1.6e-05,4e-13,3e-10,2.5e-10,0.0629,35100000000.0,1820000000.0,11.27,-85.0
2.7e-05,1.6e-05,4e-13,3.5e-10,1e-10,0.0629,33100000000.0,1680000000.0,11.62,-79.37
2.7e-05,1.6e-05,4e-13,3.5e-10,5e-11,0.0629,33100000000.0,1680000000.0,11.62,-79.47
2.7e-05,1.6e-05,4e-13,3.5e-10,2e-10,0.0629,33100000000.0,1670000000.0,11.62,-79.7
2.7e-05,1.6e-05,4e-13,3.5e-10,2.5e-10,0.0629,33100000000.0,1680000000.0,11.62,-79.66
2.7e-05,1.6e-05,4e-13,4.5e-10,1e-10,0.0629,30200000000.0,1510000000.0,12.0,-77.89
2.7e-05,1.6e-05,4e-13,4.5e-10,5e-11,0.0629,30200000000.0,1510000000.0,12.0,-78.04
2.7e-05,1.6e-05,4e-13,4.5e-10,1.5e-10,0.0629,30200000000.0,1520000000.0,12.0,-78.1
2.7e-05,1.6e-05,4e-13,5e-10,1e-10,0.0629,29200000000.0,1470000000.0,12.1,-77.48
2.7e-05,1.6e-05,4e-13,5e-10,1.5e-10,0.0629,29200000000.0,1460000000.0,12.1,-77.46
2.7e-05,1.6e-05,4e-13,5e-10,2e-10,0.0629,29200000000.0,1450000000.0,12.1,-77.39
2.7e-05,1.6e-05,4e-13,5e-10,2.5e-10,0.0629,29200000000.0,1450000000.0,12.1,-77.29
2.7e-05,1.6e-05,6e-13,4e-10,1e-10,0.0629,31500000000.0,1580000000.0,11.85,-78.56
2.7e-05,1.6e-05,6e-13,4e-10,5e-11,0.0629,31500000000.0,1580000000.0,11.85,-78.58
2.7e-05,1.6e-05,6e-13,4e-10,1.5e-10,0.0629,31500000000.0,1570000000.0,11.85,-78.61
2.7e-05,1.6e-05,6e-13,4e-10,2e-10,0.0629,31500000000.0,1570000000.0,11.85,-78.78
2.7e-05,1.6e-05,6e-13,4e-10,2.5e-10,0.0629,31500000000.0,1580000000.0,11.85,-78.68
2.7e-05,1.6e-05,6e-13,3e-10,1e-10,0.0629,35100000000.0,1840000000.0,11.27,-80.69
2.7e-05,1.6e-05,6e-13,3e-10,5e-11,0.0629,35100000000.0,1830000000.0,11.27,-81.55
2.7e-05,1.6e-05,6e-13,3e-10,1.5e-10,0.0629,35100000000.0,1830000000.0,11.27,-80.96
2.7e-05,1.6e-05,6e-13,3e-10,2e-10,0.0629,35100000000.0,1830000000.0,11.27,-80.64
2.7e-05,1.6e-05,6e-13,3e-10,2.5e-10,0.0629,35100000000.0,1840000000.0,11.27,-80.8
2.7e-05,1.6e-05,6e-13,3.5e-10,1.5e-10,0.0629,33100000000.0,1680000000.0,11.62,-79.69
2.7e-05,1.6e-05,6e-13,3.5e-10,2e-10,0.0629,33100000000.0,1670000000.0,11.62,-79.49
2.7e-05,1.6e-05,6e-13,3.5e-10,2.5e-10,0.0629,33100000000.0,1680000000.0,11.62,-79.67
2.7e-05,1.6e-05,6e-13,4.5e-10,1e-10,0.0629,30200000000.0,1510000000.0,12.0,-78.12
2.7e-05,1.6e-05,6e-13,4.5e-10,2e-10,0.0629,30200000000.0,1500000000.0,12.0,-77.87
2.7e-05,1.6e-05,6e-13,5e-10,1e-10,0.0629,29200000000.0,1470000000.0,12.1,-77.47
2.7e-05,1.6e-05,6e-13,5e-10,5e-11,0.0629,29200000000.0,1450000000.0,12.09,-76.96
2.7e-05,1.6e-05,6e-13,5e-10,1.5e-10,0.0629,29200000000.0,1470000000.0,12.1,-77.41
2.7e-05,1.6e-05,6e-13,5e-10,2.5e-10,0.0629,29200000000.0,1470000000.0,12.1,-77.52
2.7e-05,1.6e-05,7e-13,4e-10,1e-10,0.0629,31500000000.0,1580000000.0,11.85,-78.76
2.7e-05,1.6e-05,7e-13,4e-10,1.5e-10,0.0629,31500000000.0,1580000000.0,11.85,-78.81
2.7e-05,1.6e-05,7e-13,4e-10,2.5e-10,0.0629,31500000000.0,1580000000.0,11.85,-78.63
2.7e-05,1.6e-05,7e-13,3e-10,1e-10,0.0629,35100000000.0,1830000000.0,11.27,-80.87
2.7e-05,1.6e-05,7e-13,3e-10,5e-11,0.0629,35100000000.0,1840000000.0,11.27,-81.31
2.7e-05,1.6e-05,7e-13,3e-10,1.5e-10,0.0629,35100000000.0,1820000000.0,11.27,-80.78
2.7e-05,1.6e-05,7e-13,3e-10,2e-10,0.0629,35100000000.0,1830000000.0,11.27,-80.61
2.7e-05,1.6e-05,7e-13,3e-10,2.5e-10,0.0629,35100000000.0,1830000000.0,11.27,-80.77
2.7e-05,1.6e-05,7e-13,3.5e-10,2.5e-10,0.0629,33100000000.0,1680000000.0,11.62,-79.38
2.7e-05,1.6e-05,7e-13,4.5e-10,1e-10,0.0629,30200000000.0,1510000000.0,12.0,-77.88
2.7e-05,1.6e-05,7e-13,4.5e-10,5e-11,0.0629,30200000000.0,1500000000.0,12.0,-77.97
2.7e-05,1.6e-05,7e-13,4.5e-10,1.5e-10,0.0629,30200000000.0,1500000000.0,12.0,-77.96
2.7e-05,1.6e-05,7e-13,4.5e-10,2e-10,0.0629,30200000000.0,1500000000.0,12.0,-78.11
2.7e-05,1.6e-05,7e-13,5e-10,1e-10,0.0629,29200000000.0,1450000000.0,12.1,-77.85
2.7e-05,1.6e-05,7e-13,5e-10,2e-10,0.0629,29200000000.0,1450000000.0,12.1,-77.54
2.7e-05,1.6e-05,7e-13,5e-10,2.5e-10,0.0629,29200000000.0,1450000000.0,12.1,-77.45
2.7e-05,1.7e-05,5e-13,4e-10,1e-10,0.0629,31400000000.0,1570000000.0,11.82,-78.47
2.7e-05,1.7e-05,5e-13,4e-10,5e-11,0.0629,31400000000.0,1570000000.0,11.82,-78.74
2.7e-05,1.7e-05,5e-13,4e-10,1.5e-10,0.0629,31400000000.0,1570000000.0,11.82,-78.73
2.7e-05,1.7e-05,5e-13,4e-10,2e-10,0.0629,31400000000.0,1570000000.0,11.82,-78.61
2.7e-05,1.7e-05,5e-13,3e-10,1e-10,0.0629,35000000000.0,1820000000.0,11.24,-80.58
2.7e-05,1.7e-05,5e-13,3e-10,1.5e-10,0.0629,35000000000.0,1820000000.0,11.24,-80.25
2.7e-05,1.7e-05,5e-13,3e-10,2e-10,0.0629,35000000000.0,1820000000.0,11.24,-80.61
2.7e-05,1.7e-05,5e-13,3e-10,2.5e-10,0.0629,35000000000.0,1820000000.0,11.24,-80.67
2.7e-05,1.7e-05,5e-13,3.5e-10,1e-10,0.0629,32900000000.0,1660000000.0,11.59,-79.46
2.7e-05,1.7e-05,5e-13,3.5e-10,5e-11,0.0629,32900000000.0,1670000000.0,11.59,-79.54
2.7e-05,1.7e-05,5e-13,3.5e-10,1.5e-10,0.0629,32900000000.0,1660000000.0,11.59,-79.34
2.7e-05,1.7e-05,5e-13,3.5e-10,2e-10,0.0629,32900000000.0,1660000000.0,11.59,-79.25
2.7e-05,1.7e-05,5e-13,3.5e-10,2.5e-10,0.0629,32900000000.0,1670000000.0,11.59,-79.38
2.7e-05,1.7e-05,5e-13,4.5e-10,1e-10,0.0629,30100000000.0,1510000000.0,11.97,-77.87
2.7e-05,1.7e-05,5e-13,4.5e-10,5e-11,0.0629,30100000000.0,1500000000.0,11.96,-77.48
2.7e-05,1.7e-05,5e-13,4.5e-10,1.5e-10,0.0629,30100000000.0,1500000000.0,11.97,-77.95
2.7e-05,1.7e-05,5e-13,4.5e-10,2e-10,0.0629,30100000000.0,1500000000.0,11.97,-78.0
2.7e-05,1.7e-05,5e-13,4.5e-10,2.5e-10,0.0629,30100000000.0,1500000000.0,11.96,-77.8
2.7e-05,1.7e-05,5e-13,5e-10,1e-10,0.0629,29100000000.0,1460000000.0,12.07,-77.12
2.7e-05,1.7e-05,5e-13,5e-10,5e-11,0.0629,29100000000.0,1460000000.0,12.07,-77.53
2.7e-05,1.7e-05,5e-13,5e-10,1.5e-10,0.0629,29100000000.0,1460000000.0,12.07,-79.34
2.7e-05,1.7e-05,5e-13,5e-10,2e-10,0.0629,29100000000.0,1460000000.0,12.07,-77.47
2.7e-05,1.7e-05,5e-13,5e-10,2.5e-10,0.0629,29100000000.0,1450000000.0,12.07,-77.42
2.7e-05,1.7e-05,3e-13,4e-10,1e-10,0.0629,31400000000.0,1570000000.0,11.82,-78.49
2.7e-05,1.7e-05,3e-13,4e-10,5e-11,0.0629,31400000000.0,1570000000.0,11.82,-78.6
2.7e-05,1.7e-05,3e-13,4e-10,1.5e-10,0.0629,31400000000.0,1570000000.0,11.82,-78.58
2.7e-05,1.7e-05,3e-13,4e-10,2.5e-10,0.0629,31400000000.0,1570000000.0,11.82,-78.46
2.7e-05,1.7e-05,3e-13,3e-10,1e-10,0.0629,35000000000.0,1830000000.0,11.24,-81.46
2.7e-05,1.7e-05,3e-13,3e-10,5e-11,0.0629,35000000000.0,1810000000.0,11.24,-80.55
2.7e-05,1.7e-05,3e-13,3e-10,1.5e-10,0.0629,35000000000.0,1820000000.0,11.24,-80.47
2.7e-05,1.7e-05,3e-13,3e-10,2e-10,0.0629,35000000000.0,1820000000.0,11.24,-80.5
2.7e-05,1.7e-05,3e-13,3e-10,2.5e-10,0.0629,35000000000.0,1810000000.0,11.24,-80.42
2.7e-05,1.7e-05,3e-13,3.5e-10,1e-10,0.0629,32900000000.0,1660000000.0,11.59,-76.93
2.7e-05,1.7e-05,3e-13,3.5e-10,5e-11,0.0629,32900000000.0,1660000000.0,11.59,-79.57
2.7e-05,1.7e-05,3e-13,3.5e-10,1.5e-10,0.0629,32900000000.0,1670000000.0,11.59,-79.58
2.7e-05,1.7e-05,3e-13,3.5e-10,2e-10,0.0629,32900000000.0,1670000000.0,11.59,-79.43
2.7e-05,1.7e-05,3e-13,3.5e-10,2.5e-10,0.0629,32900000000.0,1670000000.0,11.59,-79.41
2.7e-05,1.7e-05,3e-13,4.5e-10,1e-10,0.0629,30100000000.0,1510000000.0,11.97,-78.1
2.7e-05,1.7e-05,3e-13,4.5e-10,5e-11,0.0629,30100000000.0,1500000000.0,11.97,-77.99
2.7e-05,1.7e-05,3e-13,4.5e-10,1.5e-10,0.0629,30100000000.0,1500000000.0,11.97,-78.57
2.7e-05,1.7e-05,3e-13,4.5e-10,2e-10,0.0629,30100000000.0,1510000000.0,11.96,-77.74
2.7e-05,1.7e-05,3e-13,4.5e-10,2.5e-10,0.0629,30100000000.0,1500000000.0,11.97,-78.04
2.7e-05,1.7e-05,3e-13,5e-10,1e-10,0.0629,29100000000.0,1460000000.0,12.06,-77.24
2.7e-05,1.7e-05,3e-13,5e-10,5e-11,0.0629,29100000000.0,1450000000.0,12.06,-77.4
2.7e-05,1.7e-05,3e-13,5e-10,1.5e-10,0.0629,29100000000.0,1450000000.0,12.07,-77.47
2.7e-05,1.7e-05,3e-13,5e-10,2e-10,0.0629,29100000000.0,1460000000.0,12.07,-77.22
2.7e-05,1.7e-05,3e-13,5e-10,2.5e-10,0.0629,29100000000.0,1460000000.0,12.07,-77.29
2.7e-05,1.7e-05,4e-13,4e-10,1e-10,0.0629,31400000000.0,1560000000.0,11.82,-78.8
2.7e-05,1.7e-05,4e-13,4e-10,5e-11,0.0629,31400000000.0,1570000000.0,11.82,-78.5
2.7e-05,1.7e-05,4e-13,4e-10,1.5e-10,0.0629,31400000000.0,1570000000.0,11.82,-78.82
2.7e-05,1.7e-05,4e-13,4e-10,2e-10,0.0629,31400000000.0,1570000000.0,11.82,-78.54
2.7e-05,1.7e-05,4e-13,4e-10,2.5e-10,0.0629,31400000000.0,1570000000.0,11.82,-78.64
2.7e-05,1.7e-05,4e-13,3e-10,1e-10,0.0629,35000000000.0,1820000000.0,11.24,-79.14
2.7e-05,1.7e-05,4e-13,3e-10,5e-11,0.0629,35000000000.0,1820000000.0,11.24,-80.2
2.7e-05,1.7e-05,4e-13,3e-10,1.5e-10,0.0629,35000000000.0,1820000000.0,11.24,-80.68
2.7e-05,1.7e-05,4e-13,3e-10,2e-10,0.0629,35000000000.0,1820000000.0,11.24,-80.59
2.7e-05,1.7e-05,4e-13,3e-10,2.5e-10,0.0629,35000000000.0,1820000000.0,11.24,-81.5
2.7e-05,1.7e-05,4e-13,3.5e-10,1e-10,0.0629,32900000000.0,1670000000.0,11.59,-79.56
2.7e-05,1.7e-05,4e-13,3.5e-10,5e-11,0.0629,32900000000.0,1670000000.0,11.59,-79.57
2.7e-05,1.7e-05,4e-13,3.5e-10,2.5e-10,0.0629,32900000000.0,1670000000.0,11.59,-79.49
2.7e-05,1.7e-05,4e-13,4.5e-10,1e-10,0.0629,30100000000.0,1500000000.0,11.96,-77.99
2.7e-05,1.7e-05,4e-13,4.5e-10,5e-11,0.0629,30100000000.0,1510000000.0,11.97,-77.69
2.7e-05,1.7e-05,4e-13,4.5e-10,1.5e-10,0.0629,30100000000.0,1500000000.0,11.97,-77.97
2.7e-05,1.7e-05,4e-13,4.5e-10,2.5e-10,0.0629,30100000000.0,1510000000.0,11.97,-77.76
2.7e-05,1.7e-05,4e-13,5e-10,1e-10,0.0629,29100000000.0,1450000000.0,12.06,-76.75
2.7e-05,1.7e-05,4e-13,5e-10,5e-11,0.0629,29100000000.0,1450000000.0,12.06,-77.29
2.7e-05,1.7e-05,4e-13,5e-10,1.5e-10,0.0629,29100000000.0,1460000000.0,12.07,-77.31
2.7e-05,1.7e-05,4e-13,5e-10,2.5e-10,0.0629,29100000000.0,1470000000.0,12.06,-77.26
2.7e-05,1.7e-05,6e-13,4e-10,1e-10,0.0629,31400000000.0,1560000000.0,11.82,-78.64
2.7e-05,1.7e-05,6e-13,4e-10,5e-11,0.0629,31400000000.0,1570000000.0,11.82,-78.59
2.7e-05,1.7e-05,6e-13,4e-10,1.5e-10,0.0629,31400000000.0,1570000000.0,11.82,-78.66
2.7e-05,1.7e-05,6e-13,4e-10,2e-10,0.0629,31400000000.0,1570000000.0,11.82,-78.48
2.7e-05,1.7e-05,6e-13,3e-10,1e-10,0.0629,35000000000.0,1810000000.0,11.24,-80.53
2.7e-05,1.7e-05,6e-13,3e-10,5e-11,0.0629,35000000000.0,1820000000.0,11.24,-80.56
2.7e-05,1.7e-05,6e-13,3e-10,1.5e-10,0.0629,35000000000.0,1820000000.0,11.24,-79.3
2.7e-05,1.7e-05,6e-13,3e-10,2e-10,0.0629,35000000000.0,1810000000.0,11.24,-80.51
2.7e-05,1.7e-05,6e-13,3.5e-10,5e-11,0.0629,32900000000.0,1670000000.0,11.59,-79.59
2.7e-05,1.7e-05,6e-13,3.5e-10,1.5e-10,0.0629,32900000000.0,1670000000.0,11.59,-79.48
2.7e-05,1.7e-05,6e-13,3.5e-10,2.5e-10,0.0629,32900000000.0,1670000000.0,11.59,-79.82
2.7e-05,1.7e-05,6e-13,4.5e-10,1e-10,0.0629,30100000000.0,1510000000.0,11.97,-77.89
2.7e-05,1.7e-05,6e-13,4.5e-10,5e-11,0.0629,30100000000.0,1500000000.0,11.97,-77.9
2.7e-05,1.7e-05,6e-13,4.5e-10,1.5e-10,0.0629,30100000000.0,1510000000.0,11.97,-78.06
2.7e-05,1.7e-05,6e-13,4.5e-10,2e-10,0.0629,30100000000.0,1500000000.0,11.96,-77.77
2.7e-05,1.7e-05,6e-13,4.5e-10,2.5e-10,0.0629,30100000000.0,1500000000.0,11.97,-78.01
2.7e-05,1.7e-05,7e-13,4e-10,2.5e-10,0.0629,31400000000.0,1570000000.0,11.82,-78.62
2.7e-05,1.7e-05,7e-13,3e-10,1e-10,0.0629,35000000000.0,1830000000.0,11.24,-80.65
2.7e-05,1.7e-05,7e-13,3e-10,5e-11,0.0629,35000000000.0,1820000000.0,11.24,-80.65
2.7e-05,1.7e-05,7e-13,3e-10,2.5e-10,0.0629,35000000000.0,1820000000.0,11.24,-80.64
2.7e-05,1.7e-05,7e-13,3.5e-10,1e-10,0.0629,32900000000.0,1670000000.0,11.59,-79.0
2.7e-05,1.7e-05,7e-13,3.5e-10,5e-11,0.0629,32900000000.0,1660000000.0,11.59,-79.52
2.7e-05,1.7e-05,7e-13,3.5e-10,2.5e-10,0.0629,32900000000.0,1670000000.0,11.59,-79.35
2.7e-05,1.7e-05,7e-13,4.5e-10,1e-10,0.0629,30100000000.0,1500000000.0,11.96,-77.78
2.7e-05,1.7e-05,7e-13,4.5e-10,5e-11,0.0629,30100000000.0,1500000000.0,11.96,-77.81
2.7e-05,1.7e-05,7e-13,4.5e-10,1.5e-10,0.0629,30100000000.0,1500000000.0,11.97,-77.98
2.7e-05,1.7e-05,7e-13,4.5e-10,2e-10,0.0629,30100000000.0,1500000000.0,11.97,-77.86
2.7e-05,1.7e-05,7e-13,4.5e-10,2.5e-10,0.0629,30100000000.0,1500000000.0,11.97,-78.09
2.7e-05,1.7e-05,7e-13,5e-10,1e-10,0.0629,29100000000.0,1450000000.0,12.07,-77.32
2.7e-05,1.7e-05,7e-13,5e-10,5e-11,0.0629,29100000000.0,1450000000.0,12.07,-77.8
2.7e-05,1.7e-05,7e-13,5e-10,1.5e-10,0.0629,29000000000.0,1460000000.0,12.06,-77.22
2.7e-05,1.7e-05,7e-13,5e-10,2e-10,0.0629,29000000000.0,1460000000.0,12.07,-71.84
2.7e-05,1.7e-05,7e-13,5e-10,2.5e-10,0.0629,29000000000.0,1450000000.0,12.07,-77.31
2.7e-05,1.8e-05,5e-13,4e-10,1e-10,0.0629,31300000000.0,1550000000.0,11.78,-79.17
2.7e-05,1.8e-05,5e-13,4e-10,5e-11,0.0629,31300000000.0,1560000000.0,11.78,-78.46
2.7e-05,1.8e-05,5e-13,4e-10,1.5e-10,0.0629,31300000000.0,1550000000.0,11.78,-78.37
2.7e-05,1.8e-05,5e-13,4e-10,2e-10,0.0629,31300000000.0,1560000000.0,11.78,-78.58
2.7e-05,1.8e-05,5e-13,4e-10,2.5e-10,0.0629,31300000000.0,1560000000.0,11.78,-78.39
2.7e-05,1.8e-05,5e-13,3e-10,1e-10,0.0629,34800000000.0,1790000000.0,11.2,-80.72
2.7e-05,1.8e-05,5e-13,3e-10,5e-11,0.0629,34800000000.0,1800000000.0,11.2,-80.11
2.7e-05,1.8e-05,5e-13,3e-10,1.5e-10,0.0629,34800000000.0,1800000000.0,11.2,-79.92
2.7e-05,1.8e-05,5e-13,3e-10,2e-10,0.0629,34800000000.0,1800000000.0,11.2,-80.18
2.7e-05,1.8e-05,5e-13,3e-10,2.5e-10,0.0629,34800000000.0,1790000000.0,11.2,-80.29
2.7e-05,1.8e-05,5e-13,3.5e-10,1e-10,0.0629,32800000000.0,1650000000.0,11.55,-79.27
2.7e-05,1.8e-05,5e-13,3.5e-10,5e-11,0.0629,32800000000.0,1650000000.0,11.55,-79.41
2.7e-05,1.8e-05,5e-13,3.5e-10,1.5e-10,0.0629,32800000000.0,1650000000.0,11.55,-79.52
2.7e-05,1.8e-05,5e-13,3.5e-10,2e-10,0.0629,32800000000.0,1640000000.0,11.55,-79.32
2.7e-05,1.8e-05,5e-13,3.5e-10,2.5e-10,0.0629,32800000000.0,1650000000.0,11.55,-79.51
2.7e-05,1.8e-05,5e-13,4.5e-10,1e-10,0.0629,30000000000.0,1480000000.0,11.93,-78.07
2.7e-05,1.8e-05,5e-13,4.5e-10,5e-11,0.0629,30000000000.0,1490000000.0,11.93,-77.62
2.7e-05,1.8e-05,5e-13,4.5e-10,1.5e-10,0.0629,30000000000.0,1490000000.0,11.93,-77.69
2.7e-05,1.8e-05,5e-13,4.5e-10,2e-10,0.0629,30000000000.0,1490000000.0,11.93,-77.97
2.7e-05,1.8e-05,5e-13,4.5e-10,2.5e-10,0.0629,30000000000.0,1490000000.0,11.93,-77.61
2.7e-05,1.8e-05,5e-13,5e-10,1e-10,0.0629,28900000000.0,1450000000.0,12.03,-77.3
2.7e-05,1.8e-05,5e-13,5e-10,5e-11,0.0629,28900000000.0,1440000000.0,12.03,-77.58
2.7e-05,1.8e-05,5e-13,5e-10,1.5e-10,0.0629,28900000000.0,1450000000.0,12.03,-77.14
2.7e-05,1.8e-05,5e-13,5e-10,2e-10,0.0629,28900000000.0,1450000000.0,12.03,-77.11
2.7e-05,1.8e-05,3e-13,4e-10,1e-10,0.0629,31300000000.0,1550000000.0,11.78,-78.56
2.7e-05,1.8e-05,3e-13,4e-10,5e-11,0.0629,31300000000.0,1550000000.0,11.78,-78.4
2.7e-05,1.8e-05,3e-13,4e-10,1.5e-10,0.0629,31300000000.0,1560000000.0,11.78,-78.55
2.7e-05,1.8e-05,3e-13,4e-10,2e-10,0.0629,31300000000.0,1560000000.0,11.78,-78.5
2.7e-05,1.8e-05,3e-13,4e-10,2.5e-10,0.0629,31300000000.0,1560000000.0,11.78,-78.37
2.7e-05,1.8e-05,3e-13,3e-10,1e-10,0.0629,34800000000.0,1800000000.0,11.2,-80.28
2.7e-05,1.8e-05,3e-13,3e-10,5e-11,0.0629,34800000000.0,1800000000.0,11.2,-80.32
2.7e-05,1.8e-05,3e-13,3e-10,1.5e-10,0.0629,34800000000.0,1800000000.0,11.2,-80.48
2.7e-05,1.8e-05,3e-13,3e-10,2e-10,0.0629,34800000000.0,1800000000.0,11.2,-80.61
2.7e-05,1.8e-05,3e-13,3.5e-10,1e-10,0.0629,32800000000.0,1660000000.0,11.55,-79.35
2.7e-05,1.8e-05,3e-13,3.5e-10,5e-11,0.0629,32800000000.0,1660000000.0,11.55,-78.94
2.7e-05,1.8e-05,3e-13,3.5e-10,1.5e-10,0.0629,32800000000.0,1650000000.0,11.55,-76.34
2.7e-05,1.8e-05,3e-13,3.5e-10,2e-10,0.0629,32800000000.0,1650000000.0,11.55,-79.44
2.7e-05,1.8e-05,3e-13,3.5e-10,2.5e-10,0.0629,32800000000.0,1650000000.0,11.55,-79.3
2.7e-05,1.8e-05,3e-13,4.5e-10,1e-10,0.0629,30000000000.0,1500000000.0,11.93,-77.75
2.7e-05,1.8e-05,3e-13,4.5e-10,5e-11,0.0629,30000000000.0,1490000000.0,11.93,-78.41
2.7e-05,1.8e-05,3e-13,4.5e-10,1.5e-10,0.0629,30000000000.0,1490000000.0,11.93,-77.74
2.7e-05,1.8e-05,3e-13,4.5e-10,2e-10,0.0629,30000000000.0,1490000000.0,11.93,-77.88
2.7e-05,1.8e-05,3e-13,5e-10,1e-10,0.0629,28900000000.0,1450000000.0,12.03,-77.28
2.7e-05,1.8e-05,3e-13,5e-10,5e-11,0.0629,28900000000.0,1440000000.0,12.03,-77.44
2.7e-05,1.8e-05,3e-13,5e-10,2e-10,0.0629,28900000000.0,1440000000.0,12.03,-77.24
2.7e-05,1.8e-05,3e-13,5e-10,2.5e-10,0.0629,28900000000.0,1440000000.0,12.03,-77.07
2.7e-05,1.8e-05,4e-13,4e-10,5e-11,0.0629,31300000000.0,1560000000.0,11.78,-78.54
2.7e-05,1.8e-05,4e-13,4e-10,1.5e-10,0.0629,31300000000.0,1560000000.0,11.78,-78.45
2.7e-05,1.8e-05,4e-13,4e-10,2e-10,0.0629,31300000000.0,1560000000.0,11.78,-78.61
2.7e-05,1.8e-05,4e-13,3e-10,1e-10,0.0629,34800000000.0,1800000000.0,11.2,-80.42
2.7e-05,1.8e-05,4e-13,3e-10,2e-10,0.0629,34800000000.0,1810000000.0,11.2,-80.4
2.7e-05,1.8e-05,4e-13,3.5e-10,1e-10,0.0629,32800000000.0,1650000000.0,11.55,-79.21
2.7e-05,1.8e-05,4e-13,3.5e-10,5e-11,0.0629,32800000000.0,1640000000.0,11.55,-79.29
2.7e-05,1.8e-05,4e-13,3.5e-10,1.5e-10,0.0629,32800000000.0,1640000000.0,11.55,-79.4
2.7e-05,1.8e-05,4e-13,3.5e-10,2e-10,0.0629,32800000000.0,1640000000.0,11.55,-79.14
2.7e-05,1.8e-05,4e-13,4.5e-10,1e-10,0.0629,30000000000.0,1490000000.0,11.93,-77.85
2.7e-05,1.8e-05,4e-13,4.5e-10,2e-10,0.0629,30000000000.0,1490000000.0,11.93,-77.87
2.7e-05,1.8e-05,4e-13,5e-10,1e-10,0.0629,28900000000.0,1440000000.0,12.03,-77.4
2.7e-05,1.8e-05,4e-13,5e-10,5e-11,0.0629,28900000000.0,1450000000.0,12.03,-77.13
2.7e-05,1.8e-05,4e-13,5e-10,1.5e-10,0.0629,28900000000.0,1450000000.0,12.03,-77.29
2.7e-05,1.8e-05,4e-13,5e-10,2.5e-10,0.0629,28900000000.0,1440000000.0,12.03,-77.35
2.7e-05,1.8e-05,6e-13,4e-10,1e-10,0.0629,31200000000.0,1550000000.0,11.78,-78.38
2.7e-05,1.8e-05,6e-13,4e-10,5e-11,0.0629,31200000000.0,1560000000.0,11.78,-78.43
2.7e-05,1.8e-05,6e-13,4e-10,1.5e-10,0.0629,31200000000.0,1550000000.0,11.78,-78.42
2.7e-05,1.8e-05,6e-13,4e-10,2e-10,0.0629,31200000000.0,1550000000.0,11.78,-78.28
2.7e-05,1.8e-05,6e-13,4e-10,2.5e-10,0.0629,31200000000.0,1550000000.0,11.78,-78.35
2.7e-05,1.8e-05,6e-13,3e-10,1e-10,0.0629,34800000000.0,1790000000.0,11.2,-80.46
2.7e-05,1.8e-05,6e-13,3e-10,5e-11,0.0629,34800000000.0,1800000000.0,11.2,-80.43
2.7e-05,1.8e-05,6e-13,3e-10,1.5e-10,0.0629,34800000000.0,1800000000.0,11.2,-80.62
2.7e-05,1.8e-05,6e-13,3e-10,2e-10,0.0629,34800000000.0,1800000000.0,11.2,-80.41
2.7e-05,1.8e-05,6e-13,3e-10,2.5e-10,0.0629,34800000000.0,1800000000.0,11.2,-80.27
2.7e-05,1.8e-05,6e-13,3.5e-10,1e-10,0.0629,32800000000.0,1650000000.0,11.55,-79.42
2.7e-05,1.8e-05,6e-13,3.5e-10,5e-11,0.0629,32800000000.0,1640000000.0,11.55,-78.97
2.7e-05,1.8e-05,6e-13,3.5e-10,2e-10,0.0629,32800000000.0,1650000000.0,11.55,-79.59
2.7e-05,1.8e-05,6e-13,3.5e-10,2.5e-10,0.0629,32800000000.0,1650000000.0,11.55,-79.2
2.7e-05,1.8e-05,6e-13,4.5e-10,1e-10,0.0629,30000000000.0,1490000000.0,11.93,-77.67
2.7e-05,1.8e-05,6e-13,4.5e-10,5e-11,0.0629,30000000000.0,1490000000.0,11.93,-77.71
2.7e-05,1.8e-05,6e-13,4.5e-10,1.5e-10,0.0629,30000000000.0,1490000000.0,11.93,-77.68
2.7e-05,1.8e-05,6e-13,5e-10,1e-10,0.0629,28900000000.0,1450000000.0,12.03,-77.2
2.7e-05,1.8e-05,6e-13,5e-10,1.5e-10,0.0629,28900000000.0,1440000000.0,12.03,-77.08
2.7e-05,1.8e-05,6e-13,5e-10,2.5e-10,0.0629,28900000000.0,1440000000.0,12.03,-77.25
2.7e-05,1.8e-05,7e-13,4e-10,1e-10,0.0629,31200000000.0,1560000000.0,11.78,-78.47
2.7e-05,1.8e-05,7e-13,4e-10,5e-11,0.0629,31200000000.0,1550000000.0,11.78,-78.36
2.7e-05,1.8e-05,7e-13,4e-10,1.5e-10,0.0629,31200000000.0,1550000000.0,11.78,-78.29
2.7e-05,1.8e-05,7e-13,4e-10,2e-10,0.0629,31200000000.0,1560000000.0,11.78,-78.41
2.7e-05,1.8e-05,7e-13,4e-10,2.5e-10,0.0629,31200000000.0,1560000000.0,11.78,-78.36
2.7e-05,1.8e-05,7e-13,3e-10,1e-10,0.0629,34800000000.0,1800000000.0,11.2,-80.38
2.7e-05,1.8e-05,7e-13,3e-10,5e-11,0.0629,34800000000.0,1810000000.0,11.2,-80.48
2.7e-05,1.8e-05,7e-13,3.5e-10,1e-10,0.0629,32800000000.0,1650000000.0,11.55,-79.18
2.7e-05,1.8e-05,7e-13,3.5e-10,5e-11,0.0629,32800000000.0,1650000000.0,11.55,-79.35
2.7e-05,1.8e-05,7e-13,3.5e-10,2e-10,0.0629,32800000000.0,1650000000.0,11.55,-79.46
2.7e-05,1.8e-05,7e-13,4.5e-10,1e-10,0.0629,30000000000.0,1490000000.0,11.93,-77.91
2.7e-05,1.8e-05,7e-13,4.5e-10,5e-11,0.0629,30000000000.0,1490000000.0,11.93,-77.89
2.7e-05,1.8e-05,7e-13,4.5e-10,1.5e-10,0.0629,30000000000.0,1490000000.0,11.93,-77.94
2.7e-05,1.8e-05,7e-13,4.5e-10,2e-10,0.0629,30000000000.0,1490000000.0,11.93,-77.79
2.7e-05,1.8e-05,7e-13,4.5e-10,2.5e-10,0.0629,30000000000.0,1490000000.0,11.93,-77.92
2.7e-05,1.8e-05,7e-13,5e-10,2e-10,0.0629,28900000000.0,1450000000.0,12.03,-77.09
2.7e-05,1.9e-05,5e-13,4e-10,1e-10,0.0629,31200000000.0,1530000000.0,11.74,-78.84
2.7e-05,1.9e-05,5e-13,4e-10,5e-11,0.0629,31200000000.0,1530000000.0,11.74,-78.5
2.7e-05,1.9e-05,5e-13,4e-10,1.5e-10,0.0629,31100000000.0,1530000000.0,11.74,-78.34
2.7e-05,1.9e-05,5e-13,4e-10,2e-10,0.0629,31200000000.0,1530000000.0,11.74,-78.27
2.7e-05,1.9e-05,5e-13,4e-10,2.5e-10,0.0629,31100000000.0,1530000000.0,11.74,-78.23
2.7e-05,1.9e-05,5e-13,3e-10,1e-10,0.0629,34700000000.0,1770000000.0,11.15,-80.23
2.7e-05,1.9e-05,5e-13,3e-10,5e-11,0.0629,34700000000.0,1770000000.0,11.15,-80.15
2.7e-05,1.9e-05,5e-13,3e-10,1.5e-10,0.0629,34700000000.0,1770000000.0,11.15,-80.13
2.7e-05,1.9e-05,5e-13,3e-10,2e-10,0.0629,34700000000.0,1770000000.0,11.15,-79.58
2.7e-05,1.9e-05,5e-13,3e-10,2.5e-10,0.0629,34700000000.0,1770000000.0,11.15,-80.16
2.7e-05,1.9e-05,5e-13,3.5e-10,1e-10,0.0629,32700000000.0,1630000000.0,11.51,-79.08
2.7e-05,1.9e-05,5e-13,3.5e-10,5e-11,0.0629,32700000000.0,1630000000.0,11.51,-79.16
2.7e-05,1.9e-05,5e-13,3.5e-10,1.5e-10,0.0629,32700000000.0,1620000000.0,11.51,-79.18
2.7e-05,1.9e-05,5e-13,3.5e-10,2e-10,0.0629,32700000000.0,1620000000.0,11.51,-79.14
2.7e-05,1.9e-05,5e-13,3.5e-10,2.5e-10,0.0629,32700000000.0,1620000000.0,11.51,-79.25
2.7e-05,1.9e-05,5e-13,4.5e-10,1e-10,0.0629,29900000000.0,1470000000.0,11.89,-75.76
2.7e-05,1.9e-05,5e-13,4.5e-10,5e-11,0.0629,29900000000.0,1470000000.0,11.9,-77.57
2.7e-05,1.9e-05,5e-13,4.5e-10,1.5e-10,0.0629,29900000000.0,1480000000.0,11.89,-77.63
2.7e-05,1.9e-05,5e-13,4.5e-10,2e-10,0.0629,29900000000.0,1470000000.0,11.89,-77.58
2.7e-05,1.9e-05,5e-13,4.5e-10,2.5e-10,0.0629,29900000000.0,1470000000.0,11.89,-77.5
2.7e-05,1.9e-05,5e-13,5e-10,1e-10,0.0629,28800000000.0,1430000000.0,12.0,-77.09
2.7e-05,1.9e-05,5e-13,5e-10,5e-11,0.0629,28800000000.0,1430000000.0,12.0,-77.17
2.7e-05,1.9e-05,5e-13,5e-10,1.5e-10,0.0629,28800000000.0,1420000000.0,12.0,-77.29
2.7e-05,1.9e-05,5e-13,5e-10,2e-10,0.0629,28800000000.0,1430000000.0,12.0,-77.15
2.7e-05,1.9e-05,5e-13,5e-10,2.5e-10,0.0629,28800000000.0,1420000000.0,12.0,-77.25
2.7e-05,1.9e-05,3e-13,4e-10,1e-10,0.0629,31200000000.0,1540000000.0,11.74,-78.26
2.7e-05,1.9e-05,3e-13,4e-10,5e-11,0.0629,31200000000.0,1530000000.0,11.74,-78.88
2.7e-05,1.9e-05,3e-13,4e-10,2e-10,0.0629,31200000000.0,1530000000.0,11.74,-78.32
2.7e-05,1.9e-05,3e-13,3e-10,1e-10,0.0629,34700000000.0,1760000000.0,11.15,-80.28
2.7e-05,1.9e-05,3e-13,3e-10,5e-11,0.0629,34700000000.0,1770000000.0,11.15,-78.97
2.7e-05,1.9e-05,3e-13,3e-10,1.5e-10,0.0629,34700000000.0,1770000000.0,11.15,-80.25
2.7e-05,1.9e-05,3e-13,3e-10,2e-10,0.0629,34700000000.0,1770000000.0,11.15,-80.12
2.7e-05,1.9e-05,3e-13,3.5e-10,1e-10,0.0629,32700000000.0,1630000000.0,11.51,-79.25
2.7e-05,1.9e-05,3e-13,3.5e-10,5e-11,0.0629,32700000000.0,1620000000.0,11.51,-75.46
2.7e-05,1.9e-05,3e-13,3.5e-10,1.5e-10,0.0629,32700000000.0,1630000000.0,11.51,-78.77
2.7e-05,1.9e-05,3e-13,3.5e-10,2e-10,0.0629,32700000000.0,1630000000.0,11.51,-79.36
2.7e-05,1.9e-05,3e-13,4.5e-10,1e-10,0.0629,29900000000.0,1480000000.0,11.89,-77.31
2.7e-05,1.9e-05,3e-13,4.5e-10,5e-11,0.0629,29900000000.0,1470000000.0,11.89,-77.61
2.7e-05,1.9e-05,3e-13,4.5e-10,1.5e-10,0.0629,29900000000.0,1470000000.0,11.89,-77.66
2.7e-05,1.9e-05,3e-13,4.5e-10,2e-10,0.0629,29900000000.0,1480000000.0,11.89,-77.66
2.7e-05,1.9e-05,3e-13,4.5e-10,2.5e-10,0.0629,29900000000.0,1480000000.0,11.89,-77.32
2.7e-05,1.9e-05,3e-13,5e-10,1e-10,0.0629,28800000000.0,1430000000.0,12.0,-77.28
2.7e-05,1.9e-05,3e-13,5e-10,5e-11,0.0629,28800000000.0,1430000000.0,11.99,-77.15
2.7e-05,1.9e-05,3e-13,5e-10,1.5e-10,0.0629,28800000000.0,1420000000.0,12.0,-77.3
2.7e-05,1.9e-05,3e-13,5e-10,2e-10,0.0629,28800000000.0,1430000000.0,12.0,-77.11
2.7e-05,1.9e-05,3e-13,5e-10,2.5e-10,0.0629,28800000000.0,1420000000.0,12.0,-77.32
2.7e-05,1.9e-05,4e-13,4e-10,1e-10,0.0629,31200000000.0,1530000000.0,11.74,-78.34
2.7e-05,1.9e-05,4e-13,4e-10,1.5e-10,0.0629,31200000000.0,1530000000.0,11.74,-78.18
2.7e-05,1.9e-05,4e-13,4e-10,2e-10,0.0629,31200000000.0,1540000000.0,11.74,-78.35
2.7e-05,1.9e-05,4e-13,3e-10,5e-11,0.0629,34700000000.0,1770000000.0,11.15,-80.22
2.7e-05,1.9e-05,4e-13,3e-10,1.5e-10,0.0629,34700000000.0,1760000000.0,11.15,-80.58
2.7e-05,1.9e-05,4e-13,3e-10,2.5e-10,0.0629,34700000000.0,1760000000.0,11.15,-80.6
2.7e-05,1.9e-05,4e-13,3.5e-10,1e-10,0.0629,32700000000.0,1630000000.0,11.51,-79.09
2.7e-05,1.9e-05,4e-13,3.5e-10,5e-11,0.0629,32700000000.0,1620000000.0,11.51,-79.26
2.7e-05,1.9e-05,4e-13,3.5e-10,1.5e-10,0.0629,32700000000.0,1630000000.0,11.51,-79.24
2.7e-05,1.9e-05,4e-13,3.5e-10,2.5e-10,0.0629,32700000000.0,1630000000.0,11.51,-79.32
2.7e-05,1.9e-05,4e-13,4.5e-10,1e-10,0.0629,29900000000.0,1470000000.0,11.89,-77.64
2.7e-05,1.9e-05,4e-13,4.5e-10,5e-11,0.0629,29900000000.0,1470000000.0,11.89,-77.83
2.7e-05,1.9e-05,4e-13,4.5e-10,2e-10,0.0629,29900000000.0,1480000000.0,11.89,-77.68
2.7e-05,1.9e-05,4e-13,5e-10,1e-10,0.0629,28800000000.0,1420000000.0,11.99,-77.07
2.7e-05,1.9e-05,4e-13,5e-10,5e-11,0.0629,28800000000.0,1430000000.0,11.99,-77.05
2.7e-05,1.9e-05,4e-13,5e-10,1.5e-10,0.0629,28800000000.0,1430000000.0,12.0,-77.05
2.7e-05,1.9e-05,4e-13,5e-10,2e-10,0.0629,28800000000.0,1430000000.0,12.0,-77.1
2.7e-05,1.9e-05,4e-13,5e-10,2.5e-10,0.0629,28800000000.0,1420000000.0,11.99,-77.14
2.7e-05,1.9e-05,6e-13,4e-10,1e-10,0.0629,31100000000.0,1530000000.0,11.74,-78.18
2.7e-05,1.9e-05,6e-13,4e-10,5e-11,0.0629,31100000000.0,1530000000.0,11.74,-78.84
2.7e-05,1.9e-05,6e-13,4e-10,1.5e-10,0.0629,31100000000.0,1530000000.0,11.74,-78.49
2.7e-05,1.9e-05,6e-13,4e-10,2e-10,0.0629,31100000000.0,1530000000.0,11.74,-78.26
2.7e-05,1.9e-05,6e-13,4e-10,2.5e-10,0.0629,31100000000.0,1530000000.0,11.74,-78.33
2.7e-05,1.9e-05,6e-13,3e-10,1e-10,0.0629,34700000000.0,1770000000.0,11.15,-79.57
2.7e-05,1.9e-05,6e-13,3e-10,1.5e-10,0.0629,34700000000.0,1770000000.0,11.15,-80.21
2.7e-05,1.9e-05,6e-13,3.5e-10,1e-10,0.0629,32700000000.0,1620000000.0,11.51,-79.29
2.7e-05,1.9e-05,6e-13,3.5e-10,1.5e-10,0.0629,32700000000.0,1620000000.0,11.51,-79.1
2.7e-05,1.9e-05,6e-13,3.5e-10,2e-10,0.0629,32700000000.0,1620000000.0,11.51,-79.03
2.7e-05,1.9e-05,6e-13,4.5e-10,5e-11,0.0629,29900000000.0,1460000000.0,11.9,-77.82
2.7e-05,1.9e-05,6e-13,4.5e-10,1.5e-10,0.0629,29900000000.0,1460000000.0,11.9,-77.95
2.7e-05,1.9e-05,6e-13,4.5e-10,2e-10,0.0629,29900000000.0,1470000000.0,11.89,-77.74
2.7e-05,1.9e-05,6e-13,5e-10,1.5e-10,0.0629,28800000000.0,1430000000.0,12.0,-77.27
2.7e-05,1.9e-05,7e-13,4e-10,1e-10,0.0629,31100000000.0,1530000000.0,11.74,-78.47
2.7e-05,1.9e-05,7e-13,4e-10,5e-11,0.0629,31100000000.0,1530000000.0,11.74,-78.51
2.7e-05,1.9e-05,7e-13,4e-10,2e-10,0.0629,31100000000.0,1540000000.0,11.74,-78.36
2.7e-05,1.9e-05,7e-13,4e-10,2.5e-10,0.0629,31100000000.0,1530000000.0,11.74,-78.25
2.7e-05,1.9e-05,7e-13,3e-10,1e-10,0.0629,34700000000.0,1770000000.0,11.15,-79.55
2.7e-05,1.9e-05,7e-13,3e-10,5e-11,0.0629,34700000000.0,1770000000.0,11.15,-79.27
2.7e-05,1.9e-05,7e-13,3e-10,1.5e-10,0.0629,34700000000.0,1760000000.0,11.15,-80.24
2.7e-05,1.9e-05,7e-13,3e-10,2.5e-10,0.0629,34700000000.0,1750000000.0,11.15,-79.85
2.7e-05,1.9e-05,7e-13,3.5e-10,1e-10,0.0629,32700000000.0,1630000000.0,11.51,-79.04
2.7e-05,1.9e-05,7e-13,3.5e-10,5e-11,0.0629,32700000000.0,1630000000.0,11.51,-79.29
2.7e-05,1.9e-05,7e-13,3.5e-10,1.5e-10,0.0629,32700000000.0,1620000000.0,11.51,-79.23
2.7e-05,1.9e-05,7e-13,3.5e-10,2e-10,0.0629,32700000000.0,1630000000.0,11.51,-79.21
2.7e-05,1.9e-05,7e-13,3.5e-10,2.5e-10,0.0629,32700000000.0,1630000000.0,11.51,-79.37
2.7e-05,1.9e-05,7e-13,4.5e-10,1e-10,0.0629,29900000000.0,1470000000.0,11.89,-77.67
2.7e-05,1.9e-05,7e-13,4.5e-10,5e-11,0.0629,29900000000.0,1470000000.0,11.89,-77.77
2.7e-05,1.9e-05,7e-13,4.5e-10,1.5e-10,0.0629,29900000000.0,1470000000.0,11.89,-77.8
2.7e-05,1.9e-05,7e-13,4.5e-10,2.5e-10,0.0629,29900000000.0,1470000000.0,11.89,-77.6
2.7e-05,1.9e-05,7e-13,5e-10,1e-10,0.0629,28800000000.0,1420000000.0,12.0,-77.09
2.7e-05,1.9e-05,7e-13,5e-10,5e-11,0.0629,28800000000.0,1420000000.0,12.0,-77.27
2.7e-05,1.9e-05,7e-13,5e-10,1.5e-10,0.0629,28800000000.0,1420000000.0,12.0,-77.05
2.7e-05,1.9e-05,7e-13,5e-10,2.5e-10,0.0629,28800000000.0,1430000000.0,12.0,-77.08
2.7e-05,2e-05,5e-13,4e-10,1e-10,0.0629,31100000000.0,1500000000.0,11.7,-78.33
2.7e-05,2e-05,5e-13,4e-10,1.5e-10,0.0629,31100000000.0,1500000000.0,11.7,-78.09
2.7e-05,2e-05,5e-13,4e-10,2e-10,0.0629,31100000000.0,1500000000.0,11.7,-79.25
2.7e-05,2e-05,5e-13,4e-10,2.5e-10,0.0629,31100000000.0,1500000000.0,11.7,-78.14
2.7e-05,2e-05,5e-13,3e-10,1e-10,0.0629,34600000000.0,1720000000.0,11.1,-80.0
2.7e-05,2e-05,5e-13,3e-10,5e-11,0.0629,34600000000.0,1720000000.0,11.1,-79.96
2.7e-05,2e-05,5e-13,3e-10,1.5e-10,0.0629,34600000000.0,1730000000.0,11.1,-80.08
2.7e-05,2e-05,5e-13,3e-10,2e-10,0.0629,34600000000.0,1720000000.0,11.1,-79.93
2.7e-05,2e-05,5e-13,3e-10,2.5e-10,0.0629,34600000000.0,1720000000.0,11.1,-80.13
2.7e-05,2e-05,5e-13,3.5e-10,1e-10,0.0629,32600000000.0,1600000000.0,11.46,-79.34
2.7e-05,2e-05,5e-13,3.5e-10,5e-11,0.0629,32600000000.0,1590000000.0,11.46,-79.16
2.7e-05,2e-05,5e-13,3.5e-10,1.5e-10,0.0629,32600000000.0,1590000000.0,11.46,-78.99
2.7e-05,2e-05,5e-13,3.5e-10,2e-10,0.0629,32600000000.0,1590000000.0,11.46,-79.83
2.7e-05,2e-05,5e-13,3.5e-10,2.5e-10,0.0629,32600000000.0,1590000000.0,11.46,-79.04
2.7e-05,2e-05,5e-13,4.5e-10,1e-10,0.0629,29800000000.0,1440000000.0,11.85,-77.73
2.7e-05,2e-05,5e-13,4.5e-10,5e-11,0.0629,29800000000.0,1440000000.0,11.85,-77.59
2.7e-05,2e-05,5e-13,4.5e-10,1.5e-10,0.0629,29800000000.0,1440000000.0,11.85,-78.31
2.7e-05,2e-05,5e-13,4.5e-10,2e-10,0.0629,29800000000.0,1430000000.0,11.85,-77.8
2.7e-05,2e-05,5e-13,5e-10,1e-10,0.0629,28800000000.0,1390000000.0,11.96,-77.17
2.7e-05,2e-05,5e-13,5e-10,5e-11,0.0629,28800000000.0,1390000000.0,11.96,-77.07
2.7e-05,2e-05,5e-13,5e-10,1.5e-10,0.0629,28800000000.0,1390000000.0,11.96,-77.2
2.7e-05,2e-05,5e-13,5e-10,2e-10,0.0629,28800000000.0,1400000000.0,11.96,-77.34
2.7e-05,2e-05,5e-13,5e-10,2.5e-10,0.0629,28800000000.0,1400000000.0,11.96,-77.06
2.7e-05,2e-05,3e-13,4e-10,1e-10,0.0629,31100000000.0,1500000000.0,11.7,-78.13
2.7e-05,2e-05,3e-13,4e-10,5e-11,0.0629,31100000000.0,1500000000.0,11.7,-78.29
2.7e-05,2e-05,3e-13,4e-10,1.5e-10,0.0629,31100000000.0,1510000000.0,11.7,-78.16
2.7e-05,2e-05,3e-13,4e-10,2e-10,0.0629,31100000000.0,1490000000.0,11.7,-78.36
2.7e-05,2e-05,3e-13,4e-10,2.5e-10,0.0629,31100000000.0,1500000000.0,11.7,-78.07
2.7e-05,2e-05,3e-13,3e-10,1e-10,0.0629,34600000000.0,1730000000.0,11.1,-80.04
2.7e-05,2e-05,3e-13,3e-10,5e-11,0.0629,34600000000.0,1730000000.0,11.1,-80.03
2.7e-05,2e-05,3e-13,3e-10,1.5e-10,0.0629,34600000000.0,1720000000.0,11.1,-80.34
2.7e-05,2e-05,3e-13,3e-10,2e-10,0.0629,34600000000.0,1730000000.0,11.1,-80.0
2.7e-05,2e-05,3e-13,3e-10,2.5e-10,0.0629,34600000000.0,1720000000.0,11.1,-80.1
2.7e-05,2e-05,3e-13,3.5e-10,1e-10,0.0629,32600000000.0,1580000000.0,11.46,-79.11
2.7e-05,2e-05,3e-13,3.5e-10,5e-11,0.0629,32600000000.0,1590000000.0,11.46,-78.19
2.7e-05,2e-05,3e-13,3.5e-10,1.5e-10,0.0629,32600000000.0,1590000000.0,11.46,-79.32
2.7e-05,2e-05,3e-13,3.5e-10,2e-10,0.0629,32600000000.0,1590000000.0,11.46,-79.06
2.7e-05,2e-05,3e-13,3.5e-10,2.5e-10,0.0629,32600000000.0,1590000000.0,11.46,-78.33
2.7e-05,2e-05,3e-13,4.5e-10,5e-11,0.0629,29800000000.0,1440000000.0,11.85,-77.44
2.7e-05,2e-05,3e-13,4.5e-10,1.5e-10,0.0629,29800000000.0,1430000000.0,11.85,-77.66
2.7e-05,2e-05,3e-13,4.5e-10,2e-10,0.0629,29800000000.0,1440000000.0,11.85,-77.62
2.7e-05,2e-05,3e-13,5e-10,1e-10,0.0629,28800000000.0,1390000000.0,11.96,-77.31
2.7e-05,2e-05,3e-13,5e-10,5e-11,0.0629,28800000000.0,1390000000.0,11.95,-76.99
2.7e-05,2e-05,3e-13,5e-10,1.5e-10,0.0629,28800000000.0,1410000000.0,11.96,-76.64
2.7e-05,2e-05,3e-13,5e-10,2.5e-10,0.0629,28800000000.0,1400000000.0,11.96,-77.35
2.7e-05,2e-05,4e-13,4e-10,1e-10,0.0629,31100000000.0,1500000000.0,11.7,-78.22
2.7e-05,2e-05,4e-13,4e-10,2e-10,0.0629,31100000000.0,1500000000.0,11.7,-78.38
2.7e-05,2e-05,4e-13,4e-10,2.5e-10,0.0629,31100000000.0,1500000000.0,11.7,-78.25
2.7e-05,2e-05,4e-13,3e-10,5e-11,0.0629,34600000000.0,1730000000.0,11.1,-79.94
2.7e-05,2e-05,4e-13,3e-10,1.5e-10,0.0629,34600000000.0,1730000000.0,11.1,-80.01
2.7e-05,2e-05,4e-13,3e-10,2e-10,0.0629,34600000000.0,1730000000.0,11.1,-78.89
2.7e-05,2e-05,4e-13,3.5e-10,5e-11,0.0629,32600000000.0,1590000000.0,11.46,-78.87
2.7e-05,2e-05,4e-13,3.5e-10,1.5e-10,0.0629,32600000000.0,1590000000.0,11.46,-79.05
2.7e-05,2e-05,4e-13,3.5e-10,2e-10,0.0629,32600000000.0,1580000000.0,11.46,-78.94
2.7e-05,2e-05,4e-13,4.5e-10,1e-10,0.0629,29800000000.0,1440000000.0,11.85,-77.63
2.7e-05,2e-05,4e-13,4.5e-10,5e-11,0.0629,29800000000.0,1440000000.0,11.85,-77.58
2.7e-05,2e-05,4e-13,4.5e-10,1.5e-10,0.0629,29800000000.0,1440000000.0,11.85,-77.57
2.7e-05,2e-05,4e-13,4.5e-10,2e-10,0.0629,29800000000.0,1440000000.0,11.85,-77.55
2.7e-05,2e-05,4e-13,5e-10,1e-10,0.0629,28800000000.0,1400000000.0,11.96,-76.98
2.7e-05,2e-05,4e-13,5e-10,5e-11,0.0629,28800000000.0,1400000000.0,11.96,-77.02
2.7e-05,2e-05,4e-13,5e-10,1.5e-10,0.0629,28800000000.0,1390000000.0,11.96,-77.8
2.7e-05,2e-05,4e-13,5e-10,2.5e-10,0.0629,28800000000.0,1400000000.0,11.96,-76.95
2.7e-05,2e-05,6e-13,4e-10,1.5e-10,0.0629,31100000000.0,1500000000.0,11.7,-78.35
2.7e-05,2e-05,6e-13,3e-10,1e-10,0.0629,34600000000.0,1710000000.0,11.1,-79.93
2.7e-05,2e-05,6e-13,3e-10,1.5e-10,0.0629,34600000000.0,1720000000.0,11.1,-80.06
2.7e-05,2e-05,6e-13,3e-10,2e-10,0.0629,34600000000.0,1710000000.0,11.1,-79.99
2.7e-05,2e-05,6e-13,3e-10,2.5e-10,0.0629,34600000000.0,1730000000.0,11.1,-80.32
2.7e-05,2e-05,6e-13,3.5e-10,1e-10,0.0629,32600000000.0,1590000000.0,11.46,-79.02
2.7e-05,2e-05,6e-13,3.5e-10,5e-11,0.0629,32600000000.0,1580000000.0,11.46,-79.41
2.7e-05,2e-05,6e-13,3.5e-10,1.5e-10,0.0629,32600000000.0,1590000000.0,11.46,-79.17
2.7e-05,2e-05,6e-13,3.5e-10,2e-10,0.0629,32600000000.0,1590000000.0,11.47,-78.94
2.7e-05,2e-05,6e-13,3.5e-10,2.5e-10,0.0629,32600000000.0,1580000000.0,11.46,-79.32
2.7e-05,2e-05,6e-13,4.5e-10,5e-11,0.0629,29800000000.0,1430000000.0,11.85,-77.64
2.7e-05,2e-05,6e-13,5e-10,1e-10,0.0629,28800000000.0,1400000000.0,11.96,-77.1
2.7e-05,2e-05,6e-13,5e-10,5e-11,0.0629,28800000000.0,1400000000.0,11.96,-77.33
2.7e-05,2e-05,6e-13,5e-10,1.5e-10,0.0629,28800000000.0,1390000000.0,11.96,-77.77
2.7e-05,2e-05,6e-13,5e-10,2e-10,0.0629,28800000000.0,1390000000.0,11.96,-77.76
2.7e-05,2e-05,6e-13,5e-10,2.5e-10,0.0629,28800000000.0,1390000000.0,11.96,-77.21
2.7e-05,2e-05,7e-13,4e-10,1e-10,0.0629,31100000000.0,1500000000.0,11.7,-78.28
2.7e-05,2e-05,7e-13,4e-10,5e-11,0.0629,31100000000.0,1500000000.0,11.7,-78.36
2.7e-05,2e-05,7e-13,4e-10,1.5e-10,0.0629,31100000000.0,1500000000.0,11.7,-78.27
2.7e-05,2e-05,7e-13,4e-10,2e-10,0.0629,31100000000.0,1500000000.0,11.7,-78.26
2.7e-05,2e-05,7e-13,3e-10,5e-11,0.0629,34600000000.0,1720000000.0,11.1,-79.68
2.7e-05,2e-05,7e-13,3e-10,1.5e-10,0.0629,34600000000.0,1730000000.0,11.1,-79.95
2.7e-05,2e-05,7e-13,3e-10,2e-10,0.0629,34600000000.0,1720000000.0,11.1,-80.43
2.7e-05,2e-05,7e-13,3e-10,2.5e-10,0.0629,34600000000.0,1730000000.0,11.1,-79.92
2.7e-05,2e-05,7e-13,3.5e-10,5e-11,0.0629,32600000000.0,1580000000.0,11.46,-79.14
2.7e-05,2e-05,7e-13,3.5e-10,1.5e-10,0.0629,32600000000.0,1590000000.0,11.47,-78.83
2.7e-05,2e-05,7e-13,3.5e-10,2e-10,0.0629,32600000000.0,1590000000.0,11.46,-79.07
2.7e-05,2e-05,7e-13,3.5e-10,2.5e-10,0.0629,32600000000.0,1590000000.0,11.47,-78.96
2.7e-05,2e-05,7e-13,4.5e-10,5e-11,0.0629,29800000000.0,1440000000.0,11.85,-77.7
2.7e-05,2e-05,7e-13,4.5e-10,1.5e-10,0.0629,29800000000.0,1440000000.0,11.85,-77.65
2.7e-05,2e-05,7e-13,4.5e-10,2e-10,0.0629,29800000000.0,1440000000.0,11.85,-77.5
2.7e-05,2e-05,7e-13,4.5e-10,2.5e-10,0.0629,29800000000.0,1440000000.0,11.85,-77.48
2.7e-05,2e-05,7e-13,5e-10,5e-11,0.0629,28800000000.0,1400000000.0,11.96,-76.99
2.7e-05,2e-05,7e-13,5e-10,1.5e-10,0.0629,28800000000.0,1390000000.0,11.96,-77.32
2.7e-05,2e-05,7e-13,5e-10,2.5e-10,0.0629,28800000000.0,1400000000.0,11.96,-76.91
2.7e-05,2.1e-05,5e-13,4e-10,1e-10,0.0629,31000000000.0,1460000000.0,11.65,-78.08
2.7e-05,2.1e-05,5e-13,4e-10,5e-11,0.0629,31000000000.0,1460000000.0,11.65,-78.34
2.7e-05,2.1e-05,5e-13,4e-10,1.5e-10,0.0629,31000000000.0,1460000000.0,11.65,-77.96
2.7e-05,2.1e-05,5e-13,4e-10,2e-10,0.0629,31000000000.0,1460000000.0,11.65,-78.16
2.7e-05,2.1e-05,5e-13,4e-10,2.5e-10,0.0629,31000000000.0,1450000000.0,11.65,-77.91
2.7e-05,2.1e-05,5e-13,3e-10,1e-10,0.0629,34600000000.0,1660000000.0,11.04,-80.79
2.7e-05,2.1e-05,5e-13,3e-10,5e-11,0.0629,34600000000.0,1660000000.0,11.04,-79.68
2.7e-05,2.1e-05,5e-13,3e-10,1.5e-10,0.0629,34600000000.0,1660000000.0,11.04,-79.98
2.7e-05,2.1e-05,5e-13,3e-10,2e-10,0.0629,34600000000.0,1660000000.0,11.04,-79.73
2.7e-05,2.1e-05,5e-13,3e-10,2.5e-10,0.0629,34600000000.0,1670000000.0,11.04,-79.41
2.7e-05,2.1e-05,5e-13,3.5e-10,1e-10,0.0629,32600000000.0,1540000000.0,11.41,-78.83
2.7e-05,2.1e-05,5e-13,3.5e-10,5e-11,0.0629,32600000000.0,1540000000.0,11.41,-78.64
2.7e-05,2.1e-05,5e-13,3.5e-10,1.5e-10,0.0629,32600000000.0,1550000000.0,11.41,-79.44
2.7e-05,2.1e-05,5e-13,3.5e-10,2e-10,0.0629,32600000000.0,1540000000.0,11.41,-78.77
2.7e-05,2.1e-05,5e-13,3.5e-10,2.5e-10,0.0629,32600000000.0,1540000000.0,11.41,-79.19
2.7e-05,2.1e-05,5e-13,4.5e-10,1e-10,0.0629,29700000000.0,1400000000.0,11.81,-77.63
2.7e-05,2.1e-05,5e-13,4.5e-10,5e-11,0.0629,29700000000.0,1400000000.0,11.81,-77.47
2.7e-05,2.1e-05,5e-13,4.5e-10,1.5e-10,0.0629,29700000000.0,1400000000.0,11.81,-78.15
2.7e-05,2.1e-05,5e-13,4.5e-10,2e-10,0.0629,29700000000.0,1410000000.0,11.81,-77.4
2.7e-05,2.1e-05,5e-13,4.5e-10,2.5e-10,0.0629,29700000000.0,1400000000.0,11.81,-77.43
2.7e-05,2.1e-05,5e-13,5e-10,1e-10,0.0629,28700000000.0,1370000000.0,11.92,-76.86
2.7e-05,2.1e-05,5e-13,5e-10,5e-11,0.0629,28700000000.0,1360000000.0,11.92,-76.96
2.7e-05,2.1e-05,5e-13,5e-10,1.5e-10,0.0629,28700000000.0,1370000000.0,11.91,-76.92
2.7e-05,2.1e-05,5e-13,5e-10,2e-10,0.0629,28700000000.0,1370000000.0,11.92,-76.67
2.7e-05,2.1e-05,5e-13,5e-10,2.5e-10,0.0629,28700000000.0,1360000000.0,11.92,-77.08
2.7e-05,2.1e-05,3e-13,4e-10,1e-10,0.0629,31000000000.0,1450000000.0,11.65,-78.17
2.7e-05,2.1e-05,3e-13,4e-10,5e-11,0.0629,31000000000.0,1460000000.0,11.65,-78.06
2.7e-05,2.1e-05,3e-13,4e-10,1.5e-10,0.0629,31000000000.0,1460000000.0,11.65,-78.48
2.7e-05,2.1e-05,3e-13,4e-10,2e-10,0.0629,31000000000.0,1460000000.0,11.65,-77.87
2.7e-05,2.1e-05,3e-13,4e-10,2.5e-10,0.0629,31000000000.0,1460000000.0,11.65,-78.2
2.7e-05,2.1e-05,3e-13,3e-10,1e-10,0.0629,34600000000.0,1660000000.0,11.04,-79.96
2.7e-05,2.1e-05,3e-13,3e-10,5e-11,0.0629,34600000000.0,1670000000.0,11.04,-79.45
2.7e-05,2.1e-05,3e-13,3e-10,1.5e-10,0.0629,34600000000.0,1660000000.0,11.04,-79.92
2.7e-05,2.1e-05,3e-13,3e-10,2e-10,0.0629,34600000000.0,1670000000.0,11.04,-79.81
2.7e-05,2.1e-05,3e-13,3e-10,2.5e-10,0.0629,34600000000.0,1660000000.0,11.04,-79.84
2.7e-05,2.1e-05,3e-13,3.5e-10,1e-10,0.0629,32600000000.0,1540000000.0,11.41,-78.84
2.7e-05,2.1e-05,3e-13,3.5e-10,5e-11,0.0629,32600000000.0,1540000000.0,11.41,-78.88
2.7e-05,2.1e-05,3e-13,3.5e-10,2e-10,0.0629,32600000000.0,1550000000.0,11.41,-78.32
2.7e-05,2.1e-05,3e-13,3.5e-10,2.5e-10,0.0629,32600000000.0,1540000000.0,11.41,-78.93
2.7e-05,2.1e-05,3e-13,4.5e-10,1e-10,0.0629,29700000000.0,1400000000.0,11.81,-77.3
2.7e-05,2.1e-05,3e-13,4.5e-10,5e-11,0.0629,29700000000.0,1400000000.0,11.81,-77.46
2.7e-05,2.1e-05,3e-13,4.5e-10,1.5e-10,0.0629,29700000000.0,1400000000.0,11.81,-77.64
2.7e-05,2.1e-05,3e-13,4.5e-10,2.5e-10,0.0629,29700000000.0,1400000000.0,11.81,-77.55
2.7e-05,2.1e-05,3e-13,5e-10,1e-10,0.0629,28700000000.0,1360000000.0,11.91,-76.98
2.7e-05,2.1e-05,3e-13,5e-10,5e-11,0.0629,28700000000.0,1360000000.0,11.92,-77.04
2.7e-05,2.1e-05,3e-13,5e-10,1.5e-10,0.0629,28700000000.0,1360000000.0,11.91,-77.11
2.7e-05,2.1e-05,3e-13,5e-10,2e-10,0.0629,28700000000.0,1360000000.0,11.92,-71.46
2.7e-05,2.1e-05,3e-13,5e-10,2.5e-10,0.0629,28700000000.0,1370000000.0,11.92,-77.06
2.7e-05,2.1e-05,4e-13,4e-10,1e-10,0.0629,31000000000.0,1450000000.0,11.65,-77.88
2.7e-05,2.1e-05,4e-13,4e-10,5e-11,0.0629,31000000000.0,1460000000.0,11.65,-78.23
2.7e-05,2.1e-05,4e-13,4e-10,1.5e-10,0.0629,31000000000.0,1460000000.0,11.65,-78.01
2.7e-05,2.1e-05,4e-13,4e-10,2e-10,0.0629,31000000000.0,1460000000.0,11.65,-78.17
2.7e-05,2.1e-05,4e-13,4e-10,2.5e-10,0.0629,31000000000.0,1460000000.0,11.65,-78.14
2.7e-05,2.1e-05,4e-13,3e-10,1e-10,0.0629,34600000000.0,1660000000.0,11.04,-79.93
2.7e-05,2.1e-05,4e-13,3e-10,2.5e-10,0.0629,34600000000.0,1670000000.0,11.04,-78.74
2.7e-05,2.1e-05,4e-13,3.5e-10,1e-10,0.0629,32600000000.0,1540000000.0,11.41,-79.15
2.7e-05,2.1e-05,4e-13,3.5e-10,5e-11,0.0629,32600000000.0,1540000000.0,11.41,-78.87
2.7e-05,2.1e-05,4e-13,3.5e-10,2e-10,0.0629,32600000000.0,1540000000.0,11.41,-78.9
2.7e-05,2.1e-05,4e-13,4.5e-10,1e-10,0.0629,29700000000.0,1400000000.0,11.81,-77.39
2.7e-05,2.1e-05,4e-13,4.5e-10,5e-11,0.0629,29700000000.0,1400000000.0,11.81,-77.5
2.7e-05,2.1e-05,4e-13,4.5e-10,2.5e-10,0.0629,29700000000.0,1390000000.0,11.81,-77.49
2.7e-05,2.1e-05,4e-13,5e-10,1e-10,0.0629,28700000000.0,1360000000.0,11.92,-77.91
2.7e-05,2.1e-05,4e-13,5e-10,5e-11,0.0629,28700000000.0,1360000000.0,11.92,-77.07
2.7e-05,2.1e-05,4e-13,5e-10,1.5e-10,0.0629,28700000000.0,1360000000.0,11.92,-77.11
2.7e-05,2.1e-05,4e-13,5e-10,2e-10,0.0629,28700000000.0,1370000000.0,11.92,-77.27
2.7e-05,2.1e-05,4e-13,5e-10,2.5e-10,0.0629,28700000000.0,1360000000.0,11.92,-77.1
2.7e-05,2.1e-05,6e-13,4e-10,5e-11,0.0629,31000000000.0,1460000000.0,11.65,-78.28
2.7e-05,2.1e-05,6e-13,4e-10,1.5e-10,0.0629,31000000000.0,1460000000.0,11.65,-78.24
2.7e-05,2.1e-05,6e-13,4e-10,2.5e-10,0.0629,31000000000.0,1460000000.0,11.65,-78.04
2.7e-05,2.1e-05,6e-13,3e-10,5e-11,0.0629,34600000000.0,1670000000.0,11.04,-79.3
2.7e-05,2.1e-05,6e-13,3e-10,1.5e-10,0.0629,34600000000.0,1660000000.0,11.04,-80.22
2.7e-05,2.1e-05,6e-13,3e-10,2e-10,0.0629,34600000000.0,1660000000.0,11.04,-79.74
2.7e-05,2.1e-05,6e-13,3e-10,2.5e-10,0.0629,34600000000.0,1670000000.0,11.04,-79.64
2.7e-05,2.1e-05,6e-13,3.5e-10,1e-10,0.0629,32600000000.0,1550000000.0,11.41,-78.97
2.7e-05,2.1e-05,6e-13,3.5e-10,5e-11,0.0629,32600000000.0,1540000000.0,11.41,-78.97
2.7e-05,2.1e-05,6e-13,3.5e-10,1.5e-10,0.0629,32600000000.0,1540000000.0,11.41,-78.67
2.7e-05,2.1e-05,6e-13,3.5e-10,2e-10,0.0629,32600000000.0,1530000000.0,11.41,-78.87
2.7e-05,2.1e-05,6e-13,3.5e-10,2.5e-10,0.0629,32600000000.0,1540000000.0,11.41,-78.91
2.7e-05,2.1e-05,6e-13,4.5e-10,1e-10,0.0629,29700000000.0,1400000000.0,11.81,-77.65
2.7e-05,2.1e-05,6e-13,4.5e-10,5e-11,0.0629,29700000000.0,1410000000.0,11.81,-77.44
2.7e-05,2.1e-05,6e-13,4.5e-10,1.5e-10,0.0629,29700000000.0,1390000000.0,11.81,-77.52
2.7e-05,2.1e-05,6e-13,4.5e-10,2e-10,0.0629,29700000000.0,1410000000.0,11.81,-77.41
2.7e-05,2.1e-05,6e-13,4.5e-10,2.5e-10,0.0629,29700000000.0,1410000000.0,11.81,-77.76
2.7e-05,2.1e-05,6e-13,5e-10,1e-10,0.0629,28700000000.0,1370000000.0,11.92,-77.03
2.7e-05,2.1e-05,6e-13,5e-10,5e-11,0.0629,28700000000.0,1360000000.0,11.92,-77.05
2.7e-05,2.1e-05,6e-13,5e-10,1.5e-10,0.0629,28700000000.0,1360000000.0,11.92,-77.0
2.7e-05,2.1e-05,6e-13,5e-10,2e-10,0.0629,28700000000.0,1360000000.0,11.92,-76.91
2.7e-05,2.1e-05,6e-13,5e-10,2.5e-10,0.0629,28700000000.0,1360000000.0,11.92,-77.97
2.7e-05,2.1e-05,7e-13,4e-10,1e-10,0.0629,31000000000.0,1460000000.0,11.65,-78.0
2.7e-05,2.1e-05,7e-13,4e-10,2.5e-10,0.0629,31000000000.0,1460000000.0,11.65,-78.09
2.7e-05,2.1e-05,7e-13,3e-10,1e-10,0.0629,34600000000.0,1660000000.0,11.04,-79.82
2.7e-05,2.1e-05,7e-13,3e-10,5e-11,0.0629,34600000000.0,1670000000.0,11.04,-79.29
2.7e-05,2.1e-05,7e-13,3e-10,1.5e-10,0.0629,34600000000.0,1670000000.0,11.04,-79.86
2.7e-05,2.1e-05,7e-13,3e-10,2.5e-10,0.0629,34600000000.0,1660000000.0,11.04,-79.95
2.7e-05,2.1e-05,7e-13,3.5e-10,1e-10,0.0629,32600000000.0,1540000000.0,11.41,-78.34
2.7e-05,2.1e-05,7e-13,3.5e-10,1.5e-10,0.0629,32600000000.0,1540000000.0,11.41,-78.95
2.7e-05,2.1e-05,7e-13,3.5e-10,2e-10,0.0629,32600000000.0,1540000000.0,11.41,-78.26
2.7e-05,2.1e-05,7e-13,4.5e-10,1e-10,0.0629,29700000000.0,1410000000.0,11.81,-77.51
2.7e-05,2.1e-05,7e-13,4.5e-10,5e-11,0.0629,29700000000.0,1400000000.0,11.81,-77.37
2.7e-05,2.1e-05,7e-13,4.5e-10,1.5e-10,0.0629,29700000000.0,1400000000.0,11.81,-77.4
2.7e-05,2.1e-05,7e-13,5e-10,1e-10,0.0629,28700000000.0,1360000000.0,11.92,-77.03
2.7e-05,2.1e-05,7e-13,5e-10,1.5e-10,0.0629,28700000000.0,1370000000.0,11.92,-76.85
2.7e-05,2.1e-05,7e-13,5e-10,2e-10,0.0629,28700000000.0,1360000000.0,11.92,-77.06
2.7e-05,2.1e-05,7e-13,5e-10,2.5e-10,0.0629,28700000000.0,1370000000.0,11.92,-76.9
2.7e-05,2.2e-05,5e-13,4e-10,1e-10,0.0629,30900000000.0,1410000000.0,11.6,-78.06
2.7e-05,2.2e-05,5e-13,4e-10,5e-11,0.0629,30900000000.0,1410000000.0,11.6,-78.36
2.7e-05,2.2e-05,5e-13,4e-10,1.5e-10,0.0629,30900000000.0,1400000000.0,11.6,-77.83
2.7e-05,2.2e-05,5e-13,4e-10,2e-10,0.0629,30900000000.0,1400000000.0,11.6,-78.03
2.7e-05,2.2e-05,5e-13,4e-10,2.5e-10,0.0629,30900000000.0,1400000000.0,11.6,-77.69
2.7e-05,2.2e-05,5e-13,3e-10,1e-10,0.0629,34500000000.0,1600000000.0,10.98,-77.45
2.7e-05,2.2e-05,5e-13,3e-10,5e-11,0.0629,34500000000.0,1600000000.0,10.98,-79.56
2.7e-05,2.2e-05,5e-13,3e-10,1.5e-10,0.0629,34500000000.0,1600000000.0,10.98,-79.55
2.7e-05,2.2e-05,5e-13,3e-10,2e-10,0.0629,34500000000.0,1600000000.0,10.98,-79.58
2.7e-05,2.2e-05,5e-13,3e-10,2.5e-10,0.0629,34500000000.0,1590000000.0,10.98,-79.76
2.7e-05,2.2e-05,5e-13,3.5e-10,1e-10,0.0629,32500000000.0,1480000000.0,11.35,-78.76
2.7e-05,2.2e-05,5e-13,3.5e-10,1.5e-10,0.0629,32500000000.0,1490000000.0,11.35,-79.17
2.7e-05,2.2e-05,5e-13,3.5e-10,2e-10,0.0629,32500000000.0,1470000000.0,11.36,-70.86
2.7e-05,2.2e-05,5e-13,3.5e-10,2.5e-10,0.0629,32500000000.0,1470000000.0,11.36,-78.73
2.7e-05,2.2e-05,5e-13,4.5e-10,1e-10,0.0629,29700000000.0,1350000000.0,11.76,-77.37
2.7e-05,2.2e-05,5e-13,4.5e-10,5e-11,0.0629,29700000000.0,1360000000.0,11.76,-77.37
2.7e-05,2.2e-05,5e-13,4.5e-10,1.5e-10,0.0629,29700000000.0,1350000000.0,11.76,-77.3
2.7e-05,2.2e-05,5e-13,4.5e-10,2e-10,0.0629,29700000000.0,1360000000.0,11.76,-77.38
2.7e-05,2.2e-05,5e-13,5e-10,1e-10,0.0629,28600000000.0,1320000000.0,11.88,-76.78
2.7e-05,2.2e-05,5e-13,5e-10,5e-11,0.0629,28600000000.0,1330000000.0,11.87,-76.87
2.7e-05,2.2e-05,5e-13,5e-10,1.5e-10,0.0629,28600000000.0,1320000000.0,11.87,-76.71
2.7e-05,2.2e-05,5e-13,5e-10,2e-10,0.0629,28600000000.0,1320000000.0,11.87,-76.99
2.7e-05,2.2e-05,5e-13,5e-10,2.5e-10,0.0629,28600000000.0,1320000000.0,11.87,-76.95
2.7e-05,2.2e-05,3e-13,4e-10,1e-10,0.0629,30900000000.0,1400000000.0,11.6,-77.85
2.7e-05,2.2e-05,3e-13,4e-10,5e-11,0.0629,30900000000.0,1400000000.0,11.6,-78.02
2.7e-05,2.2e-05,3e-13,4e-10,1.5e-10,0.0629,30900000000.0,1410000000.0,11.6,-77.94
2.7e-05,2.2e-05,3e-13,4e-10,2e-10,0.0629,30900000000.0,1400000000.0,11.6,-78.1
2.7e-05,2.2e-05,3e-13,4e-10,2.5e-10,0.0629,30900000000.0,1410000000.0,11.6,-78.04
2.7e-05,2.2e-05,3e-13,3e-10,1e-10,0.0629,34500000000.0,1590000000.0,10.98,-79.47
2.7e-05,2.2e-05,3e-13,3e-10,5e-11,0.0629,34500000000.0,1600000000.0,10.98,-79.57
2.7e-05,2.2e-05,3e-13,3e-10,1.5e-10,0.0629,34500000000.0,1600000000.0,10.98,-79.62
2.7e-05,2.2e-05,3e-13,3e-10,2e-10,0.0629,34500000000.0,1590000000.0,10.98,-79.61
2.7e-05,2.2e-05,3e-13,3e-10,2.5e-10,0.0629,34500000000.0,1590000000.0,10.98,-79.72
2.7e-05,2.2e-05,3e-13,3.5e-10,1e-10,0.0629,32500000000.0,1480000000.0,11.35,-78.66
2.7e-05,2.2e-05,3e-13,3.5e-10,5e-11,0.0629,32500000000.0,1480000000.0,11.36,-78.68
2.7e-05,2.2e-05,3e-13,3.5e-10,1.5e-10,0.0629,32500000000.0,1470000000.0,11.36,-78.65
2.7e-05,2.2e-05,3e-13,3.5e-10,2e-10,0.0629,32500000000.0,1490000000.0,11.35,-78.65
2.7e-05,2.2e-05,3e-13,3.5e-10,2.5e-10,0.0629,32500000000.0,1480000000.0,11.35,-78.8
2.7e-05,2.2e-05,3e-13,4.5e-10,1e-10,0.0629,29700000000.0,1360000000.0,11.76,-77.33
2.7e-05,2.2e-05,3e-13,4.5e-10,5e-11,0.0629,29700000000.0,1360000000.0,11.76,-77.49
2.7e-05,2.2e-05,3e-13,4.5e-10,1.5e-10,0.0629,29700000000.0,1350000000.0,11.76,-77.56
2.7e-05,2.2e-05,3e-13,4.5e-10,2e-10,0.0629,29700000000.0,1350000000.0,11.76,-77.47
2.7e-05,2.2e-05,3e-13,4.5e-10,2.5e-10,0.0629,29700000000.0,1360000000.0,11.76,-77.55
2.7e-05,2.2e-05,3e-13,5e-10,1e-10,0.0629,28600000000.0,1310000000.0,11.88,-76.84
2.7e-05,2.2e-05,3e-13,5e-10,5e-11,0.0629,28600000000.0,1320000000.0,11.87,-76.92
2.7e-05,2.2e-05,3e-13,5e-10,1.5e-10,0.0629,28600000000.0,1320000000.0,11.87,-76.93
2.7e-05,2.2e-05,3e-13,5e-10,2e-10,0.0629,28600000000.0,1320000000.0,11.88,-76.88
2.7e-05,2.2e-05,3e-13,5e-10,2.5e-10,0.0629,28600000000.0,1310000000.0,11.87,-76.89
2.7e-05,2.2e-05,4e-13,4e-10,1e-10,0.0629,30900000000.0,1400000000.0,11.6,-77.97
2.7e-05,2.2e-05,4e-13,4e-10,5e-11,0.0629,30900000000.0,1410000000.0,11.6,-77.95
2.7e-05,2.2e-05,4e-13,4e-10,1.5e-10,0.0629,30900000000.0,1400000000.0,11.6,-77.9
2.7e-05,2.2e-05,4e-13,4e-10,2.5e-10,0.0629,30900000000.0,1400000000.0,11.6,-78.41
2.7e-05,2.2e-05,4e-13,3e-10,1e-10,0.0629,34500000000.0,1600000000.0,10.98,-79.67
2.7e-05,2.2e-05,4e-13,3e-10,5e-11,0.0629,34500000000.0,1600000000.0,10.98,-77.37
2.7e-05,2.2e-05,4e-13,3e-10,1.5e-10,0.0629,34500000000.0,1590000000.0,10.98,-79.84
2.7e-05,2.2e-05,4e-13,3e-10,2.5e-10,0.0629,34500000000.0,1600000000.0,10.98,-80.05
2.7e-05,2.2e-05,4e-13,3.5e-10,1e-10,0.0629,32500000000.0,1490000000.0,11.35,-78.82
2.7e-05,2.2e-05,4e-13,3.5e-10,5e-11,0.0629,32500000000.0,1480000000.0,11.36,-78.7
2.7e-05,2.2e-05,4e-13,3.5e-10,1.5e-10,0.0629,32500000000.0,1480000000.0,11.35,-78.75
2.7e-05,2.2e-05,4e-13,3.5e-10,2e-10,0.0629,32500000000.0,1470000000.0,11.35,-78.44
2.7e-05,2.2e-05,4e-13,3.5e-10,2.5e-10,0.0629,32500000000.0,1490000000.0,11.36,-78.71
2.7e-05,2.2e-05,4e-13,4.5e-10,1e-10,0.0629,29700000000.0,1350000000.0,11.76,-77.31
2.7e-05,2.2e-05,4e-13,4.5e-10,5e-11,0.0629,29700000000.0,1360000000.0,11.76,-77.36
2.7e-05,2.2e-05,4e-13,4.5e-10,1.5e-10,0.0629,29700000000.0,1350000000.0,11.76,-77.49
2.7e-05,2.2e-05,4e-13,4.5e-10,2e-10,0.0629,29700000000.0,1350000000.0,11.77,-77.57
2.7e-05,2.2e-05,4e-13,4.5e-10,2.5e-10,0.0629,29700000000.0,1350000000.0,11.76,-77.48
2.7e-05,2.2e-05,4e-13,5e-10,1e-10,0.0629,28600000000.0,1310000000.0,11.88,-76.9
2.7e-05,2.2e-05,4e-13,5e-10,5e-11,0.0629,28600000000.0,1320000000.0,11.88,-76.8
2.7e-05,2.2e-05,4e-13,5e-10,1.5e-10,0.0629,28600000000.0,1320000000.0,11.87,-76.98
2.7e-05,2.2e-05,4e-13,5e-10,2e-10,0.0629,28600000000.0,1320000000.0,11.88,-76.96
2.7e-05,2.2e-05,6e-13,4e-10,1e-10,0.0629,30900000000.0,1400000000.0,11.6,-77.82
2.7e-05,2.2e-05,6e-13,4e-10,5e-11,0.0629,30900000000.0,1410000000.0,11.6,-78.07
2.7e-05,2.2e-05,6e-13,4e-10,1.5e-10,0.0629,30900000000.0,1410000000.0,11.6,-78.37
2.7e-05,2.2e-05,6e-13,4e-10,2.5e-10,0.0629,30900000000.0,1400000000.0,11.6,-77.91
2.7e-05,2.2e-05,6e-13,3e-10,5e-11,0.0629,34500000000.0,1600000000.0,10.98,-79.65
2.7e-05,2.2e-05,6e-13,3e-10,1.5e-10,0.0629,34500000000.0,1600000000.0,10.97,-79.8
2.7e-05,2.2e-05,6e-13,3e-10,2e-10,0.0629,34500000000.0,1600000000.0,10.98,-79.29
2.7e-05,2.2e-05,6e-13,3e-10,2.5e-10,0.0629,34500000000.0,1590000000.0,10.98,-79.71
2.7e-05,2.2e-05,6e-13,3.5e-10,1e-10,0.0629,32500000000.0,1490000000.0,11.35,-78.76
2.7e-05,2.2e-05,6e-13,3.5e-10,5e-11,0.0629,32500000000.0,1480000000.0,11.35,-78.59
2.7e-05,2.2e-05,6e-13,3.5e-10,1.5e-10,0.0629,32500000000.0,1480000000.0,11.36,-78.59
2.7e-05,2.2e-05,6e-13,3.5e-10,2e-10,0.0629,32500000000.0,1480000000.0,11.36,-78.76
2.7e-05,2.2e-05,6e-13,3.5e-10,2.5e-10,0.0629,32500000000.0,1480000000.0,11.36,-78.82
2.7e-05,2.2e-05,6e-13,4.5e-10,5e-11,0.0629,29700000000.0,1360000000.0,11.76,-77.24
2.7e-05,2.2e-05,6e-13,4.5e-10,1.5e-10,0.0629,29700000000.0,1350000000.0,11.76,-77.34
2.7e-05,2.2e-05,6e-13,4.5e-10,2e-10,0.0629,29700000000.0,1360000000.0,11.76,-77.42
2.7e-05,2.2e-05,6e-13,5e-10,1e-10,0.0629,28600000000.0,1320000000.0,11.88,-76.86
2.7e-05,2.2e-05,6e-13,5e-10,5e-11,0.0629,28600000000.0,1320000000.0,11.87,-76.86
2.7e-05,2.2e-05,6e-13,5e-10,1.5e-10,0.0629,28600000000.0,1320000000.0,11.88,-76.89
2.7e-05,2.2e-05,6e-13,5e-10,2e-10,0.0629,28600000000.0,1330000000.0,11.87,-76.86
2.7e-05,2.2e-05,7e-13,4e-10,1e-10,0.0629,30900000000.0,1410000000.0,11.6,-78.05
2.7e-05,2.2e-05,7e-13,4e-10,2e-10,0.0629,30900000000.0,1410000000.0,11.6,-77.97
2.7e-05,2.2e-05,7e-13,4e-10,2.5e-10,0.0629,30900000000.0,1400000000.0,11.6,-78.32
2.7e-05,2.2e-05,7e-13,3e-10,1e-10,0.0629,34500000000.0,1600000000.0,10.98,-79.64
2.7e-05,2.2e-05,7e-13,3e-10,1.5e-10,0.0629,34500000000.0,1590000000.0,10.98,-79.64
2.7e-05,2.2e-05,7e-13,3e-10,2e-10,0.0629,34500000000.0,1600000000.0,10.98,-79.59
2.7e-05,2.2e-05,7e-13,3.5e-10,1e-10,0.0629,32500000000.0,1480000000.0,11.36,-78.8
2.7e-05,2.2e-05,7e-13,3.5e-10,5e-11,0.0629,32500000000.0,1480000000.0,11.36,-78.72
2.7e-05,2.2e-05,7e-13,3.5e-10,2e-10,0.0629,32500000000.0,1480000000.0,11.35,-78.72
2.7e-05,2.2e-05,7e-13,4.5e-10,1e-10,0.0629,29700000000.0,1350000000.0,11.77,-77.35
2.7e-05,2.2e-05,7e-13,4.5e-10,5e-11,0.0629,29700000000.0,1360000000.0,11.76,-77.31
2.7e-05,2.2e-05,7e-13,4.5e-10,2e-10,0.0629,29700000000.0,1350000000.0,11.76,-77.41
2.7e-05,2.2e-05,7e-13,4.5e-10,2.5e-10,0.0629,29700000000.0,1350000000.0,11.77,-77.33
2.7e-05,2.2e-05,7e-13,5e-10,1e-10,0.0629,28600000000.0,1320000000.0,11.88,-76.83
2.7e-05,2.2e-05,7e-13,5e-10,5e-11,0.0629,28600000000.0,1320000000.0,11.88,-76.85
2.7e-05,2.2e-05,7e-13,5e-10,1.5e-10,0.0629,28600000000.0,1310000000.0,11.88,-76.91
2.7e-05,2.2e-05,7e-13,5e-10,2e-10,0.0629,28600000000.0,1320000000.0,11.87,-76.87
2.7e-05,2.2e-05,7e-13,5e-10,2.5e-10,0.0629,28600000000.0,1320000000.0,11.88,-76.79
2.7e-05,2.3e-05,5e-13,4e-10,1e-10,0.0629,30900000000.0,1340000000.0,11.55,-77.69
2.7e-05,2.3e-05,5e-13,4e-10,5e-11,0.0629,30900000000.0,1340000000.0,11.55,-70.72
2.7e-05,2.3e-05,5e-13,4e-10,1.5e-10,0.0629,30900000000.0,1350000000.0,11.55,-77.86
2.7e-05,2.3e-05,5e-13,4e-10,2e-10,0.0629,30900000000.0,1340000000.0,11.55,-78.43
2.7e-05,2.3e-05,5e-13,4e-10,2.5e-10,0.0629,30900000000.0,1340000000.0,11.55,-77.89
2.7e-05,2.3e-05,5e-13,3e-10,1e-10,0.0629,34500000000.0,1520000000.0,10.91,-79.58
2.7e-05,2.3e-05,5e-13,3e-10,5e-11,0.0629,34500000000.0,1520000000.0,10.91,-79.21
2.7e-05,2.3e-05,5e-13,3e-10,1.5e-10,0.0629,34500000000.0,1510000000.0,10.91,-79.49
2.7e-05,2.3e-05,5e-13,3e-10,2e-10,0.0629,34500000000.0,1510000000.0,10.91,-79.66
2.7e-05,2.3e-05,5e-13,3e-10,2.5e-10,0.0629,34500000000.0,1510000000.0,10.91,-79.62
2.7e-05,2.3e-05,5e-13,3.5e-10,1e-10,0.0629,32500000000.0,1410000000.0,11.3,-78.62
2.7e-05,2.3e-05,5e-13,3.5e-10,5e-11,0.0629,32500000000.0,1410000000.0,11.29,-78.58
2.7e-05,2.3e-05,5e-13,3.5e-10,1.5e-10,0.0629,32500000000.0,1420000000.0,11.3,-78.6
2.7e-05,2.3e-05,5e-13,3.5e-10,2e-10,0.0629,32500000000.0,1410000000.0,11.29,-78.59
2.7e-05,2.3e-05,5e-13,3.5e-10,2.5e-10,0.0629,32500000000.0,1410000000.0,11.29,-78.39
2.7e-05,2.3e-05,5e-13,4.5e-10,1e-10,0.0629,29600000000.0,1300000000.0,11.71,-77.23
2.7e-05,2.3e-05,5e-13,4.5e-10,5e-11,0.0629,29600000000.0,1290000000.0,11.71,-77.25
2.7e-05,2.3e-05,5e-13,4.5e-10,1.5e-10,0.0629,29600000000.0,1300000000.0,11.71,-77.1
2.7e-05,2.3e-05,5e-13,4.5e-10,2e-10,0.0629,29600000000.0,1300000000.0,11.72,-77.19
2.7e-05,2.3e-05,5e-13,4.5e-10,2.5e-10,0.0629,29600000000.0,1290000000.0,11.72,-77.34
2.7e-05,2.3e-05,5e-13,5e-10,1e-10,0.0629,28600000000.0,1260000000.0,11.83,-76.88
2.7e-05,2.3e-05,5e-13,5e-10,5e-11,0.0629,28600000000.0,1260000000.0,11.83,-76.79
2.7e-05,2.3e-05,5e-13,5e-10,1.5e-10,0.0629,28600000000.0,1270000000.0,11.83,-76.74
2.7e-05,2.3e-05,5e-13,5e-10,2e-10,0.0629,28600000000.0,1270000000.0,11.83,-76.69
2.7e-05,2.3e-05,5e-13,5e-10,2.5e-10,0.0629,28600000000.0,1270000000.0,11.83,-76.85
2.7e-05,2.3e-05,3e-13,4e-10,1e-10,0.0629,30900000000.0,1350000000.0,11.54,-78.27
2.7e-05,2.3e-05,3e-13,4e-10,5e-11,0.0629,30900000000.0,1340000000.0,11.55,-77.76
2.7e-05,2.3e-05,3e-13,4e-10,1.5e-10,0.0629,30900000000.0,1340000000.0,11.54,-78.25
2.7e-05,2.3e-05,3e-13,4e-10,2e-10,0.0629,30900000000.0,1340000000.0,11.55,-77.75
2.7e-05,2.3e-05,3e-13,4e-10,2.5e-10,0.0629,30900000000.0,1340000000.0,11.55,-77.86
2.7e-05,2.3e-05,3e-13,3e-10,1e-10,0.0629,34500000000.0,1500000000.0,10.91,-79.63
2.7e-05,2.3e-05,3e-13,3e-10,5e-11,0.0629,34500000000.0,1510000000.0,10.91,-77.55
2.7e-05,2.3e-05,3e-13,3e-10,1.5e-10,0.0629,34500000000.0,1500000000.0,10.91,-79.45
2.7e-05,2.3e-05,3e-13,3e-10,2.5e-10,0.0629,34500000000.0,1520000000.0,10.91,-79.5
2.7e-05,2.3e-05,3e-13,3.5e-10,1e-10,0.0629,32500000000.0,1410000000.0,11.29,-78.61
2.7e-05,2.3e-05,3e-13,3.5e-10,5e-11,0.0629,32500000000.0,1410000000.0,11.29,-78.49
2.7e-05,2.3e-05,3e-13,3.5e-10,1.5e-10,0.0629,32500000000.0,1420000000.0,11.29,-78.58
2.7e-05,2.3e-05,3e-13,3.5e-10,2e-10,0.0629,32500000000.0,1410000000.0,11.29,-78.38
2.7e-05,2.3e-05,3e-13,3.5e-10,2.5e-10,0.0629,32500000000.0,1420000000.0,11.29,-78.53
2.7e-05,2.3e-05,3e-13,4.5e-10,1e-10,0.0629,29600000000.0,1290000000.0,11.72,-77.27
2.7e-05,2.3e-05,3e-13,4.5e-10,5e-11,0.0629,29600000000.0,1300000000.0,11.71,-77.25
2.7e-05,2.3e-05,3e-13,4.5e-10,1.5e-10,0.0629,29600000000.0,1310000000.0,11.71,-77.32
2.7e-05,2.3e-05,3e-13,4.5e-10,2e-10,0.0629,29600000000.0,1300000000.0,11.72,-77.26
2.7e-05,2.3e-05,3e-13,4.5e-10,2.5e-10,0.0629,29600000000.0,1300000000.0,11.71,-77.3
2.7e-05,2.3e-05,3e-13,5e-10,1e-10,0.0629,28600000000.0,1270000000.0,11.83,-76.83
2.7e-05,2.3e-05,3e-13,5e-10,5e-11,0.0629,28600000000.0,1260000000.0,11.83,-76.83
2.7e-05,2.3e-05,3e-13,5e-10,1.5e-10,0.0629,28600000000.0,1280000000.0,11.83,-76.72
2.7e-05,2.3e-05,3e-13,5e-10,2.5e-10,0.0629,28600000000.0,1260000000.0,11.83,-77.4
2.7e-05,2.3e-05,4e-13,4e-10,1e-10,0.0629,30900000000.0,1350000000.0,11.55,-77.85
2.7e-05,2.3e-05,4e-13,4e-10,5e-11,0.0629,30900000000.0,1350000000.0,11.54,-78.34
2.7e-05,2.3e-05,4e-13,4e-10,1.5e-10,0.0629,30900000000.0,1340000000.0,11.55,-77.92
2.7e-05,2.3e-05,4e-13,4e-10,2e-10,0.0629,30900000000.0,1350000000.0,11.55,-77.83
2.7e-05,2.3e-05,4e-13,4e-10,2.5e-10,0.0629,30900000000.0,1350000000.0,11.54,-77.79
2.7e-05,2.3e-05,4e-13,3e-10,1e-10,0.0629,34500000000.0,1510000000.0,10.91,-79.63
2.7e-05,2.3e-05,4e-13,3e-10,5e-11,0.0629,34500000000.0,1520000000.0,10.91,-79.44
2.7e-05,2.3e-05,4e-13,3e-10,1.5e-10,0.0629,34500000000.0,1510000000.0,10.91,-77.94
2.7e-05,2.3e-05,4e-13,3e-10,2e-10,0.0629,34500000000.0,1510000000.0,10.91,-79.59
2.7e-05,2.3e-05,4e-13,3.5e-10,1e-10,0.0629,32500000000.0,1410000000.0,11.29,-78.74
2.7e-05,2.3e-05,4e-13,3.5e-10,5e-11,0.0629,32500000000.0,1410000000.0,11.3,-78.76
2.7e-05,2.3e-05,4e-13,3.5e-10,1.5e-10,0.0629,32500000000.0,1410000000.0,11.3,-78.5
2.7e-05,2.3e-05,4e-13,3.5e-10,2e-10,0.0629,32500000000.0,1410000000.0,11.29,-78.57
2.7e-05,2.3e-05,4e-13,3.5e-10,2.5e-10,0.0629,32500000000.0,1410000000.0,11.3,-78.6
2.7e-05,2.3e-05,4e-13,4.5e-10,1e-10,0.0629,29600000000.0,1300000000.0,11.71,-77.35
2.7e-05,2.3e-05,4e-13,4.5e-10,5e-11,0.0629,29600000000.0,1300000000.0,11.71,-77.27
2.7e-05,2.3e-05,4e-13,4.5e-10,1.5e-10,0.0629,29600000000.0,1300000000.0,11.71,-77.19
2.7e-05,2.3e-05,4e-13,4.5e-10,2.5e-10,0.0629,29600000000.0,1290000000.0,11.72,-77.22
2.7e-05,2.3e-05,4e-13,5e-10,1e-10,0.0629,28600000000.0,1260000000.0,11.83,-76.75
2.7e-05,2.3e-05,4e-13,5e-10,1.5e-10,0.0629,28600000000.0,1260000000.0,11.83,-76.84
2.7e-05,2.3e-05,4e-13,5e-10,2e-10,0.0629,28600000000.0,1270000000.0,11.83,-76.87
2.7e-05,2.3e-05,4e-13,5e-10,2.5e-10,0.0629,28600000000.0,1270000000.0,11.83,-76.72
2.7e-05,2.3e-05,6e-13,4e-10,1e-10,0.0629,30900000000.0,1350000000.0,11.55,-77.94
2.7e-05,2.3e-05,6e-13,4e-10,5e-11,0.0629,30900000000.0,1330000000.0,11.55,-77.92
2.7e-05,2.3e-05,6e-13,4e-10,1.5e-10,0.0629,30900000000.0,1340000000.0,11.55,-77.93
2.7e-05,2.3e-05,6e-13,4e-10,2e-10,0.0629,30900000000.0,1350000000.0,11.55,-77.95
2.7e-05,2.3e-05,6e-13,4e-10,2.5e-10,0.0629,30900000000.0,1350000000.0,11.55,-77.92
2.7e-05,2.3e-05,6e-13,3e-10,1e-10,0.0629,34500000000.0,1520000000.0,10.91,-79.57
2.7e-05,2.3e-05,6e-13,3e-10,1.5e-10,0.0629,34500000000.0,1510000000.0,10.91,-79.43
2.7e-05,2.3e-05,6e-13,3e-10,2e-10,0.0629,34500000000.0,1510000000.0,10.91,-80.78
2.7e-05,2.3e-05,6e-13,3e-10,2.5e-10,0.0629,34500000000.0,1520000000.0,10.91,-79.88
2.7e-05,2.3e-05,6e-13,3.5e-10,1e-10,0.0629,32500000000.0,1410000000.0,11.29,-78.55
2.7e-05,2.3e-05,6e-13,3.5e-10,5e-11,0.0629,32500000000.0,1410000000.0,11.3,-78.64
2.7e-05,2.3e-05,6e-13,3.5e-10,2.5e-10,0.0629,32500000000.0,1410000000.0,11.3,-78.47
2.7e-05,2.3e-05,6e-13,4.5e-10,1e-10,0.0629,29600000000.0,1300000000.0,11.72,-77.31
2.7e-05,2.3e-05,6e-13,4.5e-10,5e-11,0.0629,29600000000.0,1290000000.0,11.72,-77.33
2.7e-05,2.3e-05,6e-13,4.5e-10,1.5e-10,0.0629,29600000000.0,1290000000.0,11.71,-77.31
2.7e-05,2.3e-05,6e-13,4.5e-10,2e-10,0.0629,29600000000.0,1300000000.0,11.71,-77.71
2.7e-05,2.3e-05,6e-13,4.5e-10,2.5e-10,0.0629,29600000000.0,1290000000.0,11.71,-77.19
2.7e-05,2.3e-05,6e-13,5e-10,1e-10,0.0629,28600000000.0,1270000000.0,11.83,-76.82
2.7e-05,2.3e-05,6e-13,5e-10,1.5e-10,0.0629,28600000000.0,1260000000.0,11.83,-76.68
2.7e-05,2.3e-05,6e-13,5e-10,2e-10,0.0629,28600000000.0,1270000000.0,11.83,-76.71
2.7e-05,2.3e-05,7e-13,4e-10,5e-11,0.0629,30900000000.0,1340000000.0,11.55,-77.59
2.7e-05,2.3e-05,7e-13,4e-10,1.5e-10,0.0629,30900000000.0,1340000000.0,11.55,-77.58
2.7e-05,2.3e-05,7e-13,4e-10,2e-10,0.0629,30900000000.0,1340000000.0,11.55,-77.88
2.7e-05,2.3e-05,7e-13,4e-10,2.5e-10,0.0629,30900000000.0,1340000000.0,11.55,-77.8
2.7e-05,2.3e-05,7e-13,3e-10,1e-10,0.0629,34500000000.0,1520000000.0,10.91,-79.68
2.7e-05,2.3e-05,7e-13,3e-10,5e-11,0.0629,34500000000.0,1510000000.0,10.91,-79.23
2.7e-05,2.3e-05,7e-13,3e-10,1.5e-10,0.0629,34500000000.0,1520000000.0,10.91,-79.66
2.7e-05,2.3e-05,7e-13,3e-10,2.5e-10,0.0629,34500000000.0,1520000000.0,10.91,-79.39
2.7e-05,2.3e-05,7e-13,3.5e-10,1e-10,0.0629,32500000000.0,1410000000.0,11.3,-78.74
2.7e-05,2.3e-05,7e-13,3.5e-10,5e-11,0.0629,32500000000.0,1410000000.0,11.29,-78.65
2.7e-05,2.3e-05,7e-13,3.5e-10,1.5e-10,0.0629,32500000000.0,1400000000.0,11.29,-78.67
2.7e-05,2.3e-05,7e-13,3.5e-10,2.5e-10,0.0629,32500000000.0,1410000000.0,11.3,-76.1
2.7e-05,2.3e-05,7e-13,4.5e-10,1e-10,0.0629,29600000000.0,1300000000.0,11.71,-77.37
2.7e-05,2.3e-05,7e-13,4.5e-10,5e-11,0.0629,29600000000.0,1300000000.0,11.71,-77.36
2.7e-05,2.3e-05,7e-13,4.5e-10,1.5e-10,0.0629,29600000000.0,1300000000.0,11.72,-77.56
2.7e-05,2.3e-05,7e-13,4.5e-10,2e-10,0.0629,29600000000.0,1300000000.0,11.71,-77.2
2.7e-05,2.3e-05,7e-13,4.5e-10,2.5e-10,0.0629,29600000000.0,1300000000.0,11.72,-77.18
2.7e-05,2.3e-05,7e-13,5e-10,1e-10,0.0629,28600000000.0,1260000000.0,11.83,-76.77
2.7e-05,2.3e-05,7e-13,5e-10,2e-10,0.0629,28600000000.0,1270000000.0,11.83,-76.7
2.7e-05,2.3e-05,7e-13,5e-10,2.5e-10,0.0629,28600000000.0,1260000000.0,11.83,-76.76
2.7e-05,2.4e-05,5e-13,4e-10,1e-10,0.0629,30900000000.0,1270000000.0,11.49,-77.73
2.7e-05,2.4e-05,5e-13,4e-10,5e-11,0.0629,30900000000.0,1280000000.0,11.49,-77.75
2.7e-05,2.4e-05,5e-13,4e-10,1.5e-10,0.0629,30900000000.0,1270000000.0,11.49,-77.69
2.7e-05,2.4e-05,5e-13,4e-10,2e-10,0.0629,30900000000.0,1270000000.0,11.49,-77.78
2.7e-05,2.4e-05,5e-13,3e-10,1e-10,0.0629,34400000000.0,1410000000.0,10.84,-79.44
2.7e-05,2.4e-05,5e-13,3e-10,5e-11,0.0629,34400000000.0,1410000000.0,10.84,-78.63
2.7e-05,2.4e-05,5e-13,3e-10,1.5e-10,0.0629,34400000000.0,1400000000.0,10.84,-79.28
2.7e-05,2.4e-05,5e-13,3e-10,2e-10,0.0629,34400000000.0,1420000000.0,10.84,-79.89
2.7e-05,2.4e-05,5e-13,3.5e-10,1e-10,0.0629,32400000000.0,1330000000.0,11.23,-78.51
2.7e-05,2.4e-05,5e-13,3.5e-10,5e-11,0.0629,32400000000.0,1340000000.0,11.23,-78.53
2.7e-05,2.4e-05,5e-13,3.5e-10,1.5e-10,0.0629,32400000000.0,1330000000.0,11.23,-78.42
2.7e-05,2.4e-05,5e-13,3.5e-10,2e-10,0.0629,32400000000.0,1340000000.0,11.23,-78.5
2.7e-05,2.4e-05,5e-13,3.5e-10,2.5e-10,0.0629,32400000000.0,1330000000.0,11.23,-78.34
2.7e-05,2.4e-05,5e-13,4.5e-10,1e-10,0.0629,29600000000.0,1220000000.0,11.66,-77.21
2.7e-05,2.4e-05,5e-13,4.5e-10,5e-11,0.0629,29600000000.0,1220000000.0,11.67,-77.15
2.7e-05,2.4e-05,5e-13,4.5e-10,1.5e-10,0.0629,29600000000.0,1220000000.0,11.66,-77.29
2.7e-05,2.4e-05,5e-13,4.5e-10,2e-10,0.0629,29600000000.0,1230000000.0,11.66,-77.12
2.7e-05,2.4e-05,5e-13,4.5e-10,2.5e-10,0.0629,29600000000.0,1230000000.0,11.66,-77.09
2.7e-05,2.4e-05,5e-13,5e-10,1e-10,0.0629,28500000000.0,1200000000.0,11.78,-76.66
2.7e-05,2.4e-05,5e-13,5e-10,5e-11,0.0629,28500000000.0,1210000000.0,11.78,-76.7
2.7e-05,2.4e-05,5e-13,5e-10,1.5e-10,0.0629,28500000000.0,1200000000.0,11.78,-76.74
2.7e-05,2.4e-05,5e-13,5e-10,2e-10,0.0629,28500000000.0,1200000000.0,11.78,-76.75
2.7e-05,2.4e-05,5e-13,5e-10,2.5e-10,0.0629,28500000000.0,1200000000.0,11.78,-76.73
2.7e-05,2.4e-05,3e-13,4e-10,1e-10,0.0629,30900000000.0,1270000000.0,11.49,-77.83
2.7e-05,2.4e-05,3e-13,4e-10,5e-11,0.0629,30900000000.0,1280000000.0,11.49,-77.7
2.7e-05,2.4e-05,3e-13,4e-10,1.5e-10,0.0629,30900000000.0,1270000000.0,11.49,-77.72
2.7e-05,2.4e-05,3e-13,4e-10,2e-10,0.0629,30900000000.0,1270000000.0,11.49,-77.79
2.7e-05,2.4e-05,3e-13,4e-10,2.5e-10,0.0629,30900000000.0,1260000000.0,11.49,-77.78
2.7e-05,2.4e-05,3e-13,3e-10,1e-10,0.0629,34400000000.0,1420000000.0,10.84,-79.84
2.7e-05,2.4e-05,3e-13,3e-10,5e-11,0.0629,34400000000.0,1410000000.0,10.84,-79.33
2.7e-05,2.4e-05,3e-13,3e-10,1.5e-10,0.0629,34400000000.0,1420000000.0,10.84,-79.31
2.7e-05,2.4e-05,3e-13,3e-10,2e-10,0.0629,34400000000.0,1400000000.0,10.84,-79.26
2.7e-05,2.4e-05,3e-13,3e-10,2.5e-10,0.0629,34400000000.0,1420000000.0,10.83,-79.68
2.7e-05,2.4e-05,3e-13,3.5e-10,1e-10,0.0629,32400000000.0,1330000000.0,11.23,-77.9
2.7e-05,2.4e-05,3e-13,3.5e-10,5e-11,0.0629,32400000000.0,1330000000.0,11.23,-76.83
2.7e-05,2.4e-05,3e-13,3.5e-10,1.5e-10,0.0629,32400000000.0,1320000000.0,11.23,-78.71
2.7e-05,2.4e-05,3e-13,3.5e-10,2e-10,0.0629,32400000000.0,1320000000.0,11.23,-78.48
2.7e-05,2.4e-05,3e-13,4.5e-10,1e-10,0.0629,29600000000.0,1230000000.0,11.66,-77.11
2.7e-05,2.4e-05,3e-13,4.5e-10,5e-11,0.0629,29600000000.0,1230000000.0,11.66,-77.13
2.7e-05,2.4e-05,3e-13,4.5e-10,1.5e-10,0.0629,29600000000.0,1240000000.0,11.66,-77.13
2.7e-05,2.4e-05,3e-13,4.5e-10,2e-10,0.0629,29600000000.0,1230000000.0,11.66,-77.2
2.7e-05,2.4e-05,3e-13,4.5e-10,2.5e-10,0.0629,29600000000.0,1230000000.0,11.66,-77.24
2.7e-05,2.4e-05,3e-13,5e-10,1e-10,0.0629,28500000000.0,1210000000.0,11.78,-76.56
2.7e-05,2.4e-05,3e-13,5e-10,5e-11,0.0629,28600000000.0,1220000000.0,11.78,-76.67
2.7e-05,2.4e-05,3e-13,5e-10,1.5e-10,0.0629,28500000000.0,1200000000.0,11.78,-76.65
2.7e-05,2.4e-05,3e-13,5e-10,2e-10,0.0629,28500000000.0,1200000000.0,11.78,-76.69
2.7e-05,2.4e-05,3e-13,5e-10,2.5e-10,0.0629,28500000000.0,1200000000.0,11.78,-76.72
2.7e-05,2.4e-05,4e-13,4e-10,1e-10,0.0629,30900000000.0,1270000000.0,11.49,-77.71
2.7e-05,2.4e-05,4e-13,4e-10,5e-11,0.0629,30900000000.0,1280000000.0,11.49,-77.95
2.7e-05,2.4e-05,4e-13,4e-10,2e-10,0.0629,30900000000.0,1270000000.0,11.49,-77.74
2.7e-05,2.4e-05,4e-13,4e-10,2.5e-10,0.0629,30900000000.0,1270000000.0,11.49,-77.75
2.7e-05,2.4e-05,4e-13,3e-10,1e-10,0.0629,34400000000.0,1410000000.0,10.84,-79.47
2.7e-05,2.4e-05,4e-13,3e-10,5e-11,0.0629,34400000000.0,1410000000.0,10.84,-79.69
2.7e-05,2.4e-05,4e-13,3e-10,1.5e-10,0.0629,34400000000.0,1410000000.0,10.84,-79.36
2.7e-05,2.4e-05,4e-13,3e-10,2.5e-10,0.0629,34400000000.0,1420000000.0,10.83,-79.64
2.7e-05,2.4e-05,4e-13,3.5e-10,1e-10,0.0629,32400000000.0,1340000000.0,11.23,-78.74
2.7e-05,2.4e-05,4e-13,3.5e-10,5e-11,0.0629,32400000000.0,1320000000.0,11.23,-78.47
2.7e-05,2.4e-05,4e-13,3.5e-10,2e-10,0.0629,32400000000.0,1320000000.0,11.23,-78.15
2.7e-05,2.4e-05,4e-13,4.5e-10,1e-10,0.0629,29600000000.0,1220000000.0,11.67,-77.19
2.7e-05,2.4e-05,4e-13,4.5e-10,5e-11,0.0629,29600000000.0,1230000000.0,11.67,-77.11
2.7e-05,2.4e-05,4e-13,4.5e-10,1.5e-10,0.0629,29600000000.0,1220000000.0,11.67,-77.12
2.7e-05,2.4e-05,4e-13,4.5e-10,2e-10,0.0629,29600000000.0,1240000000.0,11.66,-77.1
2.7e-05,2.4e-05,4e-13,4.5e-10,2.5e-10,0.0629,29600000000.0,1230000000.0,11.66,-77.08
2.7e-05,2.4e-05,4e-13,5e-10,1e-10,0.0629,28500000000.0,1210000000.0,11.78,-76.76
2.7e-05,2.4e-05,4e-13,5e-10,5e-11,0.0629,28500000000.0,1210000000.0,11.78,-76.67
2.7e-05,2.4e-05,4e-13,5e-10,2e-10,0.0629,28500000000.0,1200000000.0,11.78,-76.79
2.7e-05,2.4e-05,4e-13,5e-10,2.5e-10,0.0629,28500000000.0,1210000000.0,11.78,-76.93
2.7e-05,2.4e-05,6e-13,4e-10,1.5e-10,0.0629,30900000000.0,1270000000.0,11.49,-77.81
2.7e-05,2.4e-05,6e-13,3e-10,1e-10,0.0629,34400000000.0,1400000000.0,10.84,-79.13
2.7e-05,2.4e-05,6e-13,3e-10,1.5e-10,0.0629,34400000000.0,1400000000.0,10.84,-79.59
2.7e-05,2.4e-05,6e-13,3e-10,2e-10,0.0629,34400000000.0,1400000000.0,10.84,-79.27
2.7e-05,2.4e-05,6e-13,3e-10,2.5e-10,0.0629,34400000000.0,1400000000.0,10.84,-79.46
2.7e-05,2.4e-05,6e-13,3.5e-10,5e-11,0.0629,32400000000.0,1330000000.0,11.23,-77.56
2.7e-05,2.4e-05,6e-13,3.5e-10,2e-10,0.0629,32400000000.0,1320000000.0,11.23,-78.45
2.7e-05,2.4e-05,6e-13,3.5e-10,2.5e-10,0.0629,32400000000.0,1320000000.0,11.23,-78.43
2.7e-05,2.4e-05,6e-13,4.5e-10,1e-10,0.0629,29600000000.0,1230000000.0,11.66,-77.33
2.7e-05,2.4e-05,6e-13,4.5e-10,1.5e-10,0.0629,29600000000.0,1230000000.0,11.67,-77.14
2.7e-05,2.4e-05,6e-13,4.5e-10,2e-10,0.0629,29600000000.0,1230000000.0,11.66,-76.97
2.7e-05,2.4e-05,6e-13,5e-10,1e-10,0.0629,28500000000.0,1210000000.0,11.78,-76.59
2.7e-05,2.4e-05,6e-13,5e-10,5e-11,0.0629,28500000000.0,1200000000.0,11.79,-76.6
2.7e-05,2.4e-05,7e-13,4e-10,1e-10,0.0629,30900000000.0,1270000000.0,11.49,-77.94
2.7e-05,2.4e-05,7e-13,4e-10,2e-10,0.0629,30900000000.0,1260000000.0,11.49,-77.66
2.7e-05,2.4e-05,7e-13,4e-10,2.5e-10,0.0629,30900000000.0,1270000000.0,11.49,-77.9
2.7e-05,2.4e-05,7e-13,3e-10,1e-10,0.0629,34400000000.0,1410000000.0,10.84,-78.69
2.7e-05,2.4e-05,7e-13,3e-10,5e-11,0.0629,34400000000.0,1420000000.0,10.83,-79.27
2.7e-05,2.4e-05,7e-13,3e-10,1.5e-10,0.0629,34400000000.0,1420000000.0,10.83,-79.47
2.7e-05,2.4e-05,7e-13,3.5e-10,1e-10,0.0629,32400000000.0,1330000000.0,11.23,-78.26
2.7e-05,2.4e-05,7e-13,3.5e-10,5e-11,0.0629,32400000000.0,1330000000.0,11.23,-78.36
2.7e-05,2.4e-05,7e-13,3.5e-10,2e-10,0.0629,32400000000.0,1330000000.0,11.23,-78.45
2.7e-05,2.4e-05,7e-13,4.5e-10,1e-10,0.0629,29600000000.0,1220000000.0,11.66,-77.23
2.7e-05,2.4e-05,7e-13,4.5e-10,5e-11,0.0629,29600000000.0,1220000000.0,11.66,-77.1
2.7e-05,2.4e-05,7e-13,4.5e-10,1.5e-10,0.0629,29600000000.0,1230000000.0,11.66,-76.95
2.7e-05,2.4e-05,7e-13,5e-10,1e-10,0.0629,28500000000.0,1210000000.0,11.78,-76.78
2.7e-05,2.4e-05,7e-13,5e-10,1.5e-10,0.0629,28500000000.0,1210000000.0,11.78,-76.63
2.7e-05,2.4e-05,7e-13,5e-10,2e-10,0.0629,28500000000.0,1200000000.0,11.78,-76.57
2.7e-05,2.4e-05,7e-13,5e-10,2.5e-10,0.0629,28500000000.0,1200000000.0,11.78,-76.63
2.7e-05,2.5e-05,5e-13,4e-10,1e-10,0.0629,30800000000.0,1180000000.0,11.43,-77.51
2.7e-05,2.5e-05,5e-13,4e-10,5e-11,0.0629,30800000000.0,1180000000.0,11.43,-77.59
2.7e-05,2.5e-05,5e-13,4e-10,1.5e-10,0.0629,30800000000.0,1190000000.0,11.43,-77.61
2.7e-05,2.5e-05,5e-13,4e-10,2e-10,0.0629,30800000000.0,1190000000.0,11.43,-77.62
2.7e-05,2.5e-05,5e-13,4e-10,2.5e-10,0.0629,30800000000.0,1180000000.0,11.43,-77.63
2.7e-05,2.5e-05,5e-13,3e-10,1e-10,0.0629,34400000000.0,1290000000.0,10.76,-79.29
2.7e-05,2.5e-05,5e-13,3e-10,5e-11,0.0629,34400000000.0,1300000000.0,10.76,-79.22
2.7e-05,2.5e-05,5e-13,3e-10,1.5e-10,0.0629,34400000000.0,1290000000.0,10.76,-79.31
2.7e-05,2.5e-05,5e-13,3e-10,2e-10,0.0629,34400000000.0,1300000000.0,10.76,-78.71
2.7e-05,2.5e-05,5e-13,3e-10,2.5e-10,0.0629,34400000000.0,1300000000.0,10.76,-79.24
2.7e-05,2.5e-05,5e-13,3.5e-10,1e-10,0.0629,32400000000.0,1230000000.0,11.16,-78.27
2.7e-05,2.5e-05,5e-13,3.5e-10,5e-11,0.0629,32400000000.0,1230000000.0,11.16,-78.32
2.7e-05,2.5e-05,5e-13,3.5e-10,1.5e-10,0.0629,32400000000.0,1240000000.0,11.16,-78.19
2.7e-05,2.5e-05,5e-13,3.5e-10,2e-10,0.0629,32400000000.0,1230000000.0,11.16,-78.59
2.7e-05,2.5e-05,5e-13,3.5e-10,2.5e-10,0.0629,32400000000.0,1230000000.0,11.16,-77.76
2.7e-05,2.5e-05,5e-13,4.5e-10,1e-10,0.0629,29600000000.0,1150000000.0,11.61,-77.51
2.7e-05,2.5e-05,5e-13,4.5e-10,5e-11,0.0629,29600000000.0,1160000000.0,11.61,-77.16
2.7e-05,2.5e-05,5e-13,4.5e-10,1.5e-10,0.0629,29600000000.0,1150000000.0,11.61,-77.11
2.7e-05,2.5e-05,5e-13,4.5e-10,2e-10,0.0629,29600000000.0,1150000000.0,11.61,-77.06
2.7e-05,2.5e-05,5e-13,4.5e-10,2.5e-10,0.0629,29600000000.0,1150000000.0,11.61,-76.8
2.7e-05,2.5e-05,5e-13,5e-10,1e-10,0.0629,28500000000.0,1130000000.0,11.73,-76.62
2.7e-05,2.5e-05,5e-13,5e-10,5e-11,0.0629,28500000000.0,1140000000.0,11.73,-76.66
2.7e-05,2.5e-05,5e-13,5e-10,1.5e-10,0.0629,28500000000.0,1140000000.0,11.73,-76.57
2.7e-05,2.5e-05,5e-13,5e-10,2e-10,0.0629,28500000000.0,1130000000.0,11.73,-76.5
2.7e-05,2.5e-05,5e-13,5e-10,2.5e-10,0.0629,28500000000.0,1130000000.0,11.74,-76.59
2.7e-05,2.5e-05,3e-13,4e-10,1e-10,0.0629,30800000000.0,1190000000.0,11.43,-77.64
2.7e-05,2.5e-05,3e-13,4e-10,5e-11,0.0629,30800000000.0,1180000000.0,11.43,-77.55
2.7e-05,2.5e-05,3e-13,4e-10,1.5e-10,0.0629,30800000000.0,1190000000.0,11.43,-77.06
2.7e-05,2.5e-05,3e-13,4e-10,2.5e-10,0.0629,30800000000.0,1190000000.0,11.43,-77.65
2.7e-05,2.5e-05,3e-13,3e-10,1e-10,0.0629,34400000000.0,1290000000.0,10.76,-78.53
2.7e-05,2.5e-05,3e-13,3e-10,5e-11,0.0629,34400000000.0,1300000000.0,10.76,-79.1
2.7e-05,2.5e-05,3e-13,3e-10,1.5e-10,0.0629,34400000000.0,1290000000.0,10.76,-79.37
2.7e-05,2.5e-05,3e-13,3e-10,2e-10,0.0629,34400000000.0,1300000000.0,10.76,-79.11
2.7e-05,2.5e-05,3e-13,3e-10,2.5e-10,0.0629,34400000000.0,1290000000.0,10.76,-79.36
2.7e-05,2.5e-05,3e-13,3.5e-10,1e-10,0.0629,32400000000.0,1230000000.0,11.16,-78.26
2.7e-05,2.5e-05,3e-13,3.5e-10,5e-11,0.0629,32400000000.0,1230000000.0,11.16,-78.28
2.7e-05,2.5e-05,3e-13,3.5e-10,1.5e-10,0.0629,32400000000.0,1220000000.0,11.16,-78.32
2.7e-05,2.5e-05,3e-13,3.5e-10,2e-10,0.0629,32400000000.0,1230000000.0,11.16,-78.33
2.7e-05,2.5e-05,3e-13,4.5e-10,1e-10,0.0629,29600000000.0,1150000000.0,11.61,-76.85
2.7e-05,2.5e-05,3e-13,4.5e-10,5e-11,0.0629,29600000000.0,1160000000.0,11.61,-77.0
2.7e-05,2.5e-05,3e-13,4.5e-10,1.5e-10,0.0629,29600000000.0,1150000000.0,11.61,-76.99
2.7e-05,2.5e-05,3e-13,4.5e-10,2e-10,0.0629,29600000000.0,1160000000.0,11.61,-77.05
2.7e-05,2.5e-05,3e-13,4.5e-10,2.5e-10,0.0629,29600000000.0,1160000000.0,11.61,-76.96
2.7e-05,2.5e-05,3e-13,5e-10,1e-10,0.0629,28500000000.0,1120000000.0,11.74,-76.6
2.7e-05,2.5e-05,3e-13,5e-10,5e-11,0.0629,28500000000.0,1130000000.0,11.73,-76.64
2.7e-05,2.5e-05,3e-13,5e-10,1.5e-10,0.0629,28500000000.0,1140000000.0,11.73,-76.61
2.7e-05,2.5e-05,3e-13,5e-10,2e-10,0.0629,28500000000.0,1140000000.0,11.73,-76.54
2.7e-05,2.5e-05,3e-13,5e-10,2.5e-10,0.0629,28500000000.0,1130000000.0,11.73,-76.47
2.7e-05,2.5e-05,4e-13,4e-10,1e-10,0.0629,30800000000.0,1180000000.0,11.43,-77.65
2.7e-05,2.5e-05,4e-13,4e-10,1.5e-10,0.0629,30800000000.0,1180000000.0,11.43,-77.84
2.7e-05,2.5e-05,4e-13,4e-10,2e-10,0.0629,30800000000.0,1190000000.0,11.43,-78.01
2.7e-05,2.5e-05,4e-13,4e-10,2.5e-10,0.0629,30800000000.0,1190000000.0,11.43,-77.58
2.7e-05,2.5e-05,4e-13,3e-10,1e-10,0.0629,34400000000.0,1300000000.0,10.76,-79.18
2.7e-05,2.5e-05,4e-13,3e-10,5e-11,0.0629,34400000000.0,1300000000.0,10.76,-79.14
2.7e-05,2.5e-05,4e-13,3e-10,1.5e-10,0.0629,34400000000.0,1290000000.0,10.76,-79.12
2.7e-05,2.5e-05,4e-13,3e-10,2e-10,0.0629,34400000000.0,1290000000.0,10.76,-79.17
2.7e-05,2.5e-05,4e-13,3e-10,2.5e-10,0.0629,34400000000.0,1300000000.0,10.76,-79.21
2.7e-05,2.5e-05,4e-13,3.5e-10,1e-10,0.0629,32400000000.0,1230000000.0,11.16,-78.34
2.7e-05,2.5e-05,4e-13,3.5e-10,5e-11,0.0629,32400000000.0,1240000000.0,11.16,-78.36
2.7e-05,2.5e-05,4e-13,3.5e-10,1.5e-10,0.0629,32400000000.0,1220000000.0,11.16,-78.21
2.7e-05,2.5e-05,4e-13,3.5e-10,2e-10,0.0629,32400000000.0,1220000000.0,11.16,-78.28
2.7e-05,2.5e-05,4e-13,3.5e-10,2.5e-10,0.0629,32400000000.0,1230000000.0,11.16,-78.69
2.7e-05,2.5e-05,4e-13,4.5e-10,5e-11,0.0629,29600000000.0,1160000000.0,11.61,-77.02
2.7e-05,2.5e-05,4e-13,4.5e-10,2e-10,0.0629,29600000000.0,1150000000.0,11.61,-77.1
2.7e-05,2.5e-05,4e-13,4.5e-10,2.5e-10,0.0629,29600000000.0,1150000000.0,11.61,-76.84
2.7e-05,2.5e-05,4e-13,5e-10,1e-10,0.0629,28500000000.0,1140000000.0,11.73,-76.52
2.7e-05,2.5e-05,4e-13,5e-10,5e-11,0.0629,28500000000.0,1130000000.0,11.73,-76.59
2.7e-05,2.5e-05,4e-13,5e-10,1.5e-10,0.0629,28500000000.0,1140000000.0,11.73,-76.53
2.7e-05,2.5e-05,4e-13,5e-10,2e-10,0.0629,28500000000.0,1130000000.0,11.73,-76.86
2.7e-05,2.5e-05,4e-13,5e-10,2.5e-10,0.0629,28500000000.0,1140000000.0,11.73,-76.58
2.7e-05,2.5e-05,6e-13,4e-10,1e-10,0.0629,30800000000.0,1190000000.0,11.43,-77.55
2.7e-05,2.5e-05,6e-13,4e-10,5e-11,0.0629,30800000000.0,1180000000.0,11.43,-77.66
2.7e-05,2.5e-05,6e-13,4e-10,2e-10,0.0629,30800000000.0,1180000000.0,11.43,-73.78
2.7e-05,2.5e-05,6e-13,4e-10,2.5e-10,0.0629,30800000000.0,1190000000.0,11.43,-77.51
2.7e-05,2.5e-05,6e-13,3e-10,1e-10,0.0629,34400000000.0,1290000000.0,10.76,-79.23
2.7e-05,2.5e-05,6e-13,3e-10,5e-11,0.0629,34400000000.0,1300000000.0,10.76,-79.56
2.7e-05,2.5e-05,6e-13,3e-10,1.5e-10,0.0629,34400000000.0,1290000000.0,10.76,-79.02
2.7e-05,2.5e-05,6e-13,3e-10,2e-10,0.0629,34400000000.0,1300000000.0,10.76,-79.34
2.7e-05,2.5e-05,6e-13,3e-10,2.5e-10,0.0629,34400000000.0,1300000000.0,10.76,-79.15
2.7e-05,2.5e-05,6e-13,3.5e-10,1e-10,0.0629,32400000000.0,1230000000.0,11.16,-78.23
2.7e-05,2.5e-05,6e-13,3.5e-10,5e-11,0.0629,32400000000.0,1220000000.0,11.16,-78.31
2.7e-05,2.5e-05,6e-13,3.5e-10,2e-10,0.0629,32400000000.0,1230000000.0,11.16,-78.4
2.7e-05,2.5e-05,6e-13,3.5e-10,2.5e-10,0.0629,32400000000.0,1220000000.0,11.16,-80.31
2.7e-05,2.5e-05,6e-13,5e-10,1e-10,0.0629,28500000000.0,1130000000.0,11.73,-76.51
2.7e-05,2.5e-05,6e-13,5e-10,5e-11,0.0629,28500000000.0,1130000000.0,11.73,-76.52
2.7e-05,2.5e-05,6e-13,5e-10,2e-10,0.0629,28500000000.0,1140000000.0,11.73,-76.55
2.7e-05,2.5e-05,6e-13,5e-10,2.5e-10,0.0629,28500000000.0,1120000000.0,11.74,-76.66
2.7e-05,2.5e-05,7e-13,4e-10,5e-11,0.0629,30800000000.0,1180000000.0,11.43,-77.64
2.7e-05,2.5e-05,7e-13,4e-10,1.5e-10,0.0629,30800000000.0,1190000000.0,11.43,-77.95
2.7e-05,2.5e-05,7e-13,4e-10,2e-10,0.0629,30800000000.0,1190000000.0,11.43,-77.66
2.7e-05,2.5e-05,7e-13,3e-10,1e-10,0.0629,34400000000.0,1290000000.0,10.76,-79.26
2.7e-05,2.5e-05,7e-13,3e-10,5e-11,0.0629,34400000000.0,1290000000.0,10.76,-79.3
2.7e-05,2.5e-05,7e-13,3e-10,2e-10,0.0629,34400000000.0,1300000000.0,10.76,-77.84
2.7e-05,2.5e-05,7e-13,3.5e-10,1e-10,0.0629,32400000000.0,1230000000.0,11.16,-78.62
2.7e-05,2.5e-05,7e-13,3.5e-10,5e-11,0.0629,32400000000.0,1220000000.0,11.16,-78.35
2.7e-05,2.5e-05,7e-13,3.5e-10,1.5e-10,0.0629,32400000000.0,1220000000.0,11.16,-79.39
2.7e-05,2.5e-05,7e-13,3.5e-10,2e-10,0.0629,32400000000.0,1220000000.0,11.16,-78.36
2.7e-05,2.5e-05,7e-13,4.5e-10,1e-10,0.0629,29600000000.0,1150000000.0,11.61,-77.07
2.7e-05,2.5e-05,7e-13,5e-10,5e-11,0.0629,28500000000.0,1130000000.0,11.73,-76.58
2.7e-05,2.5e-05,7e-13,5e-10,1.5e-10,0.0629,28500000000.0,1130000000.0,11.73,-76.71
2.7e-05,2.5e-05,7e-13,5e-10,2.5e-10,0.0629,28500000000.0,1130000000.0,11.73,-76.49
2.8e-05,5e-06,5e-13,4e-10,1e-10,0.0652,33000000000.0,856000000.0,11.76,-80.51
2.8e-05,5e-06,5e-13,4e-10,5e-11,0.0652,33000000000.0,857000000.0,11.76,-80.53
2.8e-05,5e-06,5e-13,4e-10,1.5e-10,0.0652,33000000000.0,857000000.0,11.76,-80.85
2.8e-05,5e-06,5e-13,4e-10,2e-10,0.0652,33000000000.0,856000000.0,11.76,-81.14
2.8e-05,5e-06,5e-13,4e-10,2.5e-10,0.0652,33000000000.0,857000000.0,11.76,-80.92
2.8e-05,5e-06,5e-13,3e-10,1e-10,0.0652,36900000000.0,1020000000.0,11.02,-83.9
2.8e-05,5e-06,5e-13,3e-10,5e-11,0.0652,36900000000.0,1020000000.0,11.02,-83.65
2.8e-05,5e-06,5e-13,3e-10,1.5e-10,0.0652,36900000000.0,1020000000.0,11.02,-83.55
2.8e-05,5e-06,5e-13,3e-10,2e-10,0.0652,36900000000.0,1020000000.0,11.02,-83.47
2.8e-05,5e-06,5e-13,3e-10,2.5e-10,0.0652,36900000000.0,1020000000.0,11.02,-83.93
2.8e-05,5e-06,5e-13,3.5e-10,1e-10,0.0652,34700000000.0,925000000.0,11.42,-82.07
2.8e-05,5e-06,5e-13,3.5e-10,5e-11,0.0652,34700000000.0,925000000.0,11.43,-79.56
2.8e-05,5e-06,5e-13,3.5e-10,1.5e-10,0.0652,34700000000.0,927000000.0,11.42,-81.28
2.8e-05,5e-06,5e-13,3.5e-10,2e-10,0.0652,34700000000.0,924000000.0,11.43,-81.73
2.8e-05,5e-06,5e-13,3.5e-10,2.5e-10,0.0652,34700000000.0,925000000.0,11.43,-81.56
2.8e-05,5e-06,5e-13,4.5e-10,1e-10,0.0652,31600000000.0,802000000.0,12.01,-80.0
2.8e-05,5e-06,5e-13,4.5e-10,5e-11,0.0652,31600000000.0,805000000.0,12.01,-78.39
2.8e-05,5e-06,5e-13,4.5e-10,1.5e-10,0.0652,31600000000.0,804000000.0,12.01,-80.23
2.8e-05,5e-06,5e-13,4.5e-10,2e-10,0.0652,31600000000.0,807000000.0,12.01,-79.86
2.8e-05,5e-06,5e-13,4.5e-10,2.5e-10,0.0652,31600000000.0,805000000.0,12.01,-79.79
2.8e-05,5e-06,5e-13,5e-10,1e-10,0.0652,30500000000.0,767000000.0,12.2,-79.79
2.8e-05,5e-06,5e-13,5e-10,5e-11,0.0652,30500000000.0,764000000.0,12.19,-79.12
2.8e-05,5e-06,5e-13,5e-10,1.5e-10,0.0652,30500000000.0,770000000.0,12.2,-79.26
2.8e-05,5e-06,5e-13,5e-10,2e-10,0.0652,30500000000.0,761000000.0,12.2,-78.89
2.8e-05,5e-06,5e-13,5e-10,2.5e-10,0.0652,30500000000.0,767000000.0,12.2,-79.26
2.8e-05,5e-06,3e-13,4e-10,1e-10,0.0652,33000000000.0,858000000.0,11.76,-80.76
2.8e-05,5e-06,3e-13,4e-10,5e-11,0.0652,33000000000.0,857000000.0,11.76,-80.93
2.8e-05,5e-06,3e-13,4e-10,1.5e-10,0.0652,33000000000.0,857000000.0,11.76,-81.01
2.8e-05,5e-06,3e-13,4e-10,2e-10,0.0652,33000000000.0,857000000.0,11.76,-81.07
2.8e-05,5e-06,3e-13,4e-10,2.5e-10,0.0652,33000000000.0,857000000.0,11.76,-81.14
2.8e-05,5e-06,3e-13,3e-10,1e-10,0.0652,36900000000.0,1020000000.0,11.02,-83.1
2.8e-05,5e-06,3e-13,3e-10,5e-11,0.0652,36900000000.0,1020000000.0,11.02,-85.94
2.8e-05,5e-06,3e-13,3e-10,1.5e-10,0.0652,36900000000.0,1020000000.0,11.02,-84.19
2.8e-05,5e-06,3e-13,3e-10,2e-10,0.0652,36900000000.0,1020000000.0,11.02,-83.91
2.8e-05,5e-06,3e-13,3e-10,2.5e-10,0.0652,36900000000.0,1020000000.0,11.02,-83.53
2.8e-05,5e-06,3e-13,3.5e-10,1e-10,0.0652,34700000000.0,926000000.0,11.42,-82.16
2.8e-05,5e-06,3e-13,3.5e-10,5e-11,0.0652,34700000000.0,925000000.0,11.43,-81.65
2.8e-05,5e-06,3e-13,3.5e-10,1.5e-10,0.0652,34700000000.0,926000000.0,11.42,-81.78
2.8e-05,5e-06,3e-13,3.5e-10,2e-10,0.0652,34700000000.0,926000000.0,11.42,-81.9
2.8e-05,5e-06,3e-13,3.5e-10,2.5e-10,0.0652,34700000000.0,925000000.0,11.43,-77.25
2.8e-05,5e-06,3e-13,4.5e-10,1e-10,0.0652,31600000000.0,806000000.0,12.01,-80.04
2.8e-05,5e-06,3e-13,4.5e-10,5e-11,0.0652,31600000000.0,803000000.0,12.01,-80.02
2.8e-05,5e-06,3e-13,4.5e-10,1.5e-10,0.0652,31600000000.0,808000000.0,12.01,-80.06
2.8e-05,5e-06,3e-13,4.5e-10,2e-10,0.0652,31600000000.0,808000000.0,12.01,-79.83
2.8e-05,5e-06,3e-13,4.5e-10,2.5e-10,0.0652,31600000000.0,806000000.0,12.01,-80.14
2.8e-05,5e-06,3e-13,5e-10,1e-10,0.0652,30500000000.0,762000000.0,12.2,-79.37
2.8e-05,5e-06,3e-13,5e-10,5e-11,0.0652,30500000000.0,768000000.0,12.19,-79.01
2.8e-05,5e-06,3e-13,5e-10,1.5e-10,0.0652,30500000000.0,766000000.0,12.19,-79.11
2.8e-05,5e-06,3e-13,5e-10,2e-10,0.0652,30500000000.0,765000000.0,12.2,-79.23
2.8e-05,5e-06,3e-13,5e-10,2.5e-10,0.0652,30500000000.0,766000000.0,12.19,-79.86
2.8e-05,5e-06,4e-13,4e-10,1e-10,0.0652,33000000000.0,857000000.0,11.76,-80.71
2.8e-05,5e-06,4e-13,4e-10,5e-11,0.0652,33000000000.0,857000000.0,11.76,-80.79
2.8e-05,5e-06,4e-13,4e-10,1.5e-10,0.0652,33000000000.0,859000000.0,11.76,-80.98
2.8e-05,5e-06,4e-13,4e-10,2.5e-10,0.0652,33000000000.0,857000000.0,11.76,-80.65
2.8e-05,5e-06,4e-13,3e-10,1e-10,0.0652,36900000000.0,1020000000.0,11.02,-83.29
2.8e-05,5e-06,4e-13,3e-10,1.5e-10,0.0652,36900000000.0,1020000000.0,11.02,-83.54
2.8e-05,5e-06,4e-13,3e-10,2e-10,0.0652,36900000000.0,1020000000.0,11.02,-83.34
2.8e-05,5e-06,4e-13,3e-10,2.5e-10,0.0652,36900000000.0,1020000000.0,11.02,-83.07
2.8e-05,5e-06,4e-13,3.5e-10,1e-10,0.0652,34700000000.0,924000000.0,11.43,-81.62
2.8e-05,5e-06,4e-13,3.5e-10,5e-11,0.0652,34700000000.0,925000000.0,11.42,-81.08
2.8e-05,5e-06,4e-13,3.5e-10,1.5e-10,0.0652,34700000000.0,925000000.0,11.43,-81.32
2.8e-05,5e-06,4e-13,3.5e-10,2e-10,0.0652,34700000000.0,925000000.0,11.42,-81.87
2.8e-05,5e-06,4e-13,4.5e-10,1e-10,0.0652,31600000000.0,805000000.0,12.01,-79.82
2.8e-05,5e-06,4e-13,4.5e-10,5e-11,0.0652,31600000000.0,804000000.0,12.01,-79.17
2.8e-05,5e-06,4e-13,4.5e-10,1.5e-10,0.0652,31600000000.0,806000000.0,12.01,-80.05
2.8e-05,5e-06,4e-13,4.5e-10,2e-10,0.0652,31600000000.0,805000000.0,12.01,-80.19
2.8e-05,5e-06,4e-13,4.5e-10,2.5e-10,0.0652,31600000000.0,805000000.0,12.01,-79.84
2.8e-05,5e-06,4e-13,5e-10,1e-10,0.0652,30500000000.0,770000000.0,12.19,-79.38
2.8e-05,5e-06,4e-13,5e-10,5e-11,0.0652,30500000000.0,764000000.0,12.19,-79.19
2.8e-05,5e-06,4e-13,5e-10,1.5e-10,0.0652,30500000000.0,767000000.0,12.2,-79.57
2.8e-05,5e-06,4e-13,5e-10,2e-10,0.0652,30500000000.0,764000000.0,12.2,-78.83
2.8e-05,5e-06,4e-13,5e-10,2.5e-10,0.0652,30500000000.0,764000000.0,12.2,-79.21
2.8e-05,5e-06,6e-13,4e-10,1e-10,0.0652,33000000000.0,856000000.0,11.76,-80.64
2.8e-05,5e-06,6e-13,4e-10,5e-11,0.0652,33000000000.0,857000000.0,11.76,-80.77
2.8e-05,5e-06,6e-13,4e-10,1.5e-10,0.0652,33000000000.0,856000000.0,11.76,-80.91
2.8e-05,5e-06,6e-13,4e-10,2e-10,0.0652,33000000000.0,857000000.0,11.76,-80.88
2.8e-05,5e-06,6e-13,4e-10,2.5e-10,0.0652,33000000000.0,857000000.0,11.76,-80.76
2.8e-05,5e-06,6e-13,3e-10,1e-10,0.0652,36900000000.0,1020000000.0,11.02,-83.39
2.8e-05,5e-06,6e-13,3e-10,5e-11,0.0652,36900000000.0,1020000000.0,11.02,-83.49
2.8e-05,5e-06,6e-13,3e-10,1.5e-10,0.0652,36900000000.0,1020000000.0,11.02,-83.7
2.8e-05,5e-06,6e-13,3e-10,2e-10,0.0652,36900000000.0,1020000000.0,11.02,-83.61
2.8e-05,5e-06,6e-13,3e-10,2.5e-10,0.0652,36900000000.0,1020000000.0,11.02,-83.38
2.8e-05,5e-06,6e-13,3.5e-10,1e-10,0.0652,34700000000.0,927000000.0,11.42,-81.89
2.8e-05,5e-06,6e-13,3.5e-10,5e-11,0.0652,34700000000.0,925000000.0,11.42,-81.88
2.8e-05,5e-06,6e-13,3.5e-10,2e-10,0.0652,34700000000.0,926000000.0,11.42,-82.15
2.8e-05,5e-06,6e-13,3.5e-10,2.5e-10,0.0652,34700000000.0,925000000.0,11.42,-81.71
2.8e-05,5e-06,6e-13,4.5e-10,1e-10,0.0652,31600000000.0,805000000.0,12.01,-80.12
2.8e-05,5e-06,6e-13,4.5e-10,5e-11,0.0652,31600000000.0,804000000.0,12.01,-79.14
2.8e-05,5e-06,6e-13,4.5e-10,1.5e-10,0.0652,31600000000.0,804000000.0,12.01,-80.2
2.8e-05,5e-06,6e-13,4.5e-10,2e-10,0.0652,31600000000.0,807000000.0,12.01,-80.04
2.8e-05,5e-06,6e-13,4.5e-10,2.5e-10,0.0652,31600000000.0,801000000.0,12.01,-79.83
2.8e-05,5e-06,6e-13,5e-10,1e-10,0.0652,30500000000.0,765000000.0,12.19,-79.19
2.8e-05,5e-06,6e-13,5e-10,5e-11,0.0652,30500000000.0,765000000.0,12.19,-79.43
2.8e-05,5e-06,6e-13,5e-10,1.5e-10,0.0652,30500000000.0,766000000.0,12.19,-79.21
2.8e-05,5e-06,6e-13,5e-10,2e-10,0.0652,30500000000.0,767000000.0,12.19,-79.19
2.8e-05,5e-06,6e-13,5e-10,2.5e-10,0.0652,30500000000.0,767000000.0,12.19,-79.03
2.8e-05,5e-06,7e-13,4e-10,1e-10,0.0652,33000000000.0,856000000.0,11.76,-80.86
2.8e-05,5e-06,7e-13,4e-10,1.5e-10,0.0652,33000000000.0,858000000.0,11.76,-80.96
2.8e-05,5e-06,7e-13,4e-10,2.5e-10,0.0652,33000000000.0,856000000.0,11.76,-80.78
2.8e-05,5e-06,7e-13,3e-10,1e-10,0.0652,36900000000.0,1020000000.0,11.02,-83.56
2.8e-05,5e-06,7e-13,3e-10,2e-10,0.0652,36900000000.0,1020000000.0,11.02,-83.15
2.8e-05,5e-06,7e-13,3e-10,2.5e-10,0.0652,36900000000.0,1020000000.0,11.02,-83.48
2.8e-05,5e-06,7e-13,3.5e-10,1e-10,0.0652,34700000000.0,924000000.0,11.43,-81.68
2.8e-05,5e-06,7e-13,3.5e-10,5e-11,0.0652,34700000000.0,924000000.0,11.43,-81.71
2.8e-05,5e-06,7e-13,3.5e-10,1.5e-10,0.0652,34700000000.0,924000000.0,11.43,-81.51
2.8e-05,5e-06,7e-13,3.5e-10,2e-10,0.0652,34700000000.0,925000000.0,11.42,-81.84
2.8e-05,5e-06,7e-13,4.5e-10,1e-10,0.0652,31600000000.0,806000000.0,12.01,-79.97
2.8e-05,5e-06,7e-13,4.5e-10,5e-11,0.0652,31600000000.0,807000000.0,12.01,-79.85
2.8e-05,5e-06,7e-13,4.5e-10,2e-10,0.0652,31600000000.0,807000000.0,12.01,-80.11
2.8e-05,5e-06,7e-13,4.5e-10,2.5e-10,0.0652,31600000000.0,807000000.0,12.01,-79.79
2.8e-05,5e-06,7e-13,5e-10,5e-11,0.0652,30500000000.0,765000000.0,12.19,-79.16
2.8e-05,5e-06,7e-13,5e-10,1.5e-10,0.0652,30500000000.0,767000000.0,12.2,-79.23
2.8e-05,5e-06,7e-13,5e-10,2e-10,0.0652,30500000000.0,763000000.0,12.2,-78.3
2.8e-05,5e-06,7e-13,5e-10,2.5e-10,0.0652,30500000000.0,763000000.0,12.2,-79.32
2.8e-05,6e-06,5e-13,4e-10,1e-10,0.0652,32700000000.0,982000000.0,11.79,-80.62
2.8e-05,6e-06,5e-13,4e-10,5e-11,0.0652,32700000000.0,982000000.0,11.79,-80.68
2.8e-05,6e-06,5e-13,4e-10,1.5e-10,0.0652,32700000000.0,982000000.0,11.79,-80.89
2.8e-05,6e-06,5e-13,4e-10,2e-10,0.0652,32700000000.0,981000000.0,11.79,-81.3
2.8e-05,6e-06,5e-13,4e-10,2.5e-10,0.0652,32700000000.0,981000000.0,11.79,-81.31
2.8e-05,6e-06,5e-13,3e-10,1e-10,0.0652,36600000000.0,1170000000.0,11.06,-83.45
2.8e-05,6e-06,5e-13,3e-10,5e-11,0.0652,36600000000.0,1170000000.0,11.06,-83.48
2.8e-05,6e-06,5e-13,3e-10,1.5e-10,0.0652,36600000000.0,1170000000.0,11.06,-83.4
2.8e-05,6e-06,5e-13,3e-10,2e-10,0.0652,36600000000.0,1170000000.0,11.06,-83.41
2.8e-05,6e-06,5e-13,3e-10,2.5e-10,0.0652,36600000000.0,1170000000.0,11.06,-84.22
2.8e-05,6e-06,5e-13,3.5e-10,1e-10,0.0652,34400000000.0,1060000000.0,11.46,-81.94
2.8e-05,6e-06,5e-13,3.5e-10,5e-11,0.0652,34400000000.0,1060000000.0,11.46,-81.67
2.8e-05,6e-06,5e-13,3.5e-10,1.5e-10,0.0652,34400000000.0,1060000000.0,11.46,-82.57
2.8e-05,6e-06,5e-13,3.5e-10,2e-10,0.0652,34400000000.0,1060000000.0,11.46,-81.61
2.8e-05,6e-06,5e-13,3.5e-10,2.5e-10,0.0652,34400000000.0,1060000000.0,11.46,-81.77
2.8e-05,6e-06,5e-13,4.5e-10,1e-10,0.0652,31400000000.0,926000000.0,12.04,-79.99
2.8e-05,6e-06,5e-13,4.5e-10,5e-11,0.0652,31400000000.0,924000000.0,12.04,-79.92
2.8e-05,6e-06,5e-13,4.5e-10,1.5e-10,0.0652,31400000000.0,921000000.0,12.03,-79.76
2.8e-05,6e-06,5e-13,4.5e-10,2e-10,0.0652,31400000000.0,922000000.0,12.04,-80.06
2.8e-05,6e-06,5e-13,4.5e-10,2.5e-10,0.0652,31400000000.0,924000000.0,12.03,-79.84
2.8e-05,6e-06,5e-13,5e-10,1e-10,0.0652,30200000000.0,883000000.0,12.21,-79.34
2.8e-05,6e-06,5e-13,5e-10,5e-11,0.0652,30200000000.0,878000000.0,12.21,-79.43
2.8e-05,6e-06,5e-13,5e-10,1.5e-10,0.0652,30200000000.0,883000000.0,12.21,-79.32
2.8e-05,6e-06,5e-13,5e-10,2e-10,0.0652,30200000000.0,883000000.0,12.21,-78.86
2.8e-05,6e-06,5e-13,5e-10,2.5e-10,0.0652,30200000000.0,879000000.0,12.21,-79.16
2.8e-05,6e-06,3e-13,4e-10,1e-10,0.0652,32700000000.0,984000000.0,11.79,-80.77
2.8e-05,6e-06,3e-13,4e-10,5e-11,0.0652,32700000000.0,983000000.0,11.79,-80.55
2.8e-05,6e-06,3e-13,4e-10,1.5e-10,0.0652,32700000000.0,982000000.0,11.79,-80.53
2.8e-05,6e-06,3e-13,4e-10,2e-10,0.0652,32700000000.0,982000000.0,11.79,-80.65
2.8e-05,6e-06,3e-13,4e-10,2.5e-10,0.0652,32700000000.0,982000000.0,11.79,-80.61
2.8e-05,6e-06,3e-13,3e-10,1e-10,0.0652,36600000000.0,1170000000.0,11.06,-83.49
2.8e-05,6e-06,3e-13,3e-10,5e-11,0.0652,36600000000.0,1170000000.0,11.06,-83.23
2.8e-05,6e-06,3e-13,3e-10,1.5e-10,0.0652,36600000000.0,1170000000.0,11.06,-83.47
2.8e-05,6e-06,3e-13,3e-10,2e-10,0.0652,36600000000.0,1170000000.0,11.06,-83.27
2.8e-05,6e-06,3e-13,3e-10,2.5e-10,0.0652,36600000000.0,1170000000.0,11.06,-83.64
2.8e-05,6e-06,3e-13,3.5e-10,1e-10,0.0652,34400000000.0,1060000000.0,11.46,-81.76
2.8e-05,6e-06,3e-13,3.5e-10,5e-11,0.0652,34400000000.0,1060000000.0,11.46,-81.64
2.8e-05,6e-06,3e-13,3.5e-10,1.5e-10,0.0652,34400000000.0,1060000000.0,11.46,-81.69
2.8e-05,6e-06,3e-13,3.5e-10,2.5e-10,0.0652,34400000000.0,1060000000.0,11.46,-81.83
2.8e-05,6e-06,3e-13,4.5e-10,1e-10,0.0652,31400000000.0,923000000.0,12.04,-80.04
2.8e-05,6e-06,3e-13,4.5e-10,5e-11,0.0652,31400000000.0,920000000.0,12.03,-79.99
2.8e-05,6e-06,3e-13,4.5e-10,1.5e-10,0.0652,31400000000.0,926000000.0,12.03,-79.76
2.8e-05,6e-06,3e-13,5e-10,1e-10,0.0652,30200000000.0,883000000.0,12.21,-79.31
2.8e-05,6e-06,3e-13,5e-10,5e-11,0.0652,30300000000.0,877000000.0,12.21,-79.08
2.8e-05,6e-06,3e-13,5e-10,1.5e-10,0.0652,30200000000.0,880000000.0,12.21,-74.67
2.8e-05,6e-06,3e-13,5e-10,2e-10,0.0652,30200000000.0,879000000.0,12.21,-79.19
2.8e-05,6e-06,3e-13,5e-10,2.5e-10,0.0652,30200000000.0,877000000.0,12.21,-78.57
2.8e-05,6e-06,4e-13,4e-10,1e-10,0.0652,32700000000.0,982000000.0,11.79,-80.93
2.8e-05,6e-06,4e-13,4e-10,5e-11,0.0652,32700000000.0,982000000.0,11.79,-80.47
2.8e-05,6e-06,4e-13,4e-10,1.5e-10,0.0652,32700000000.0,981000000.0,11.79,-80.61
2.8e-05,6e-06,4e-13,4e-10,2e-10,0.0652,32700000000.0,982000000.0,11.79,-80.45
2.8e-05,6e-06,4e-13,4e-10,2.5e-10,0.0652,32700000000.0,981000000.0,11.79,-80.51
2.8e-05,6e-06,4e-13,3e-10,1e-10,0.0652,36600000000.0,1170000000.0,11.06,-83.0
2.8e-05,6e-06,4e-13,3e-10,5e-11,0.0652,36600000000.0,1170000000.0,11.06,-84.2
2.8e-05,6e-06,4e-13,3e-10,1.5e-10,0.0652,36600000000.0,1170000000.0,11.06,-83.3
2.8e-05,6e-06,4e-13,3e-10,2e-10,0.0652,36600000000.0,1160000000.0,11.06,-84.06
2.8e-05,6e-06,4e-13,3e-10,2.5e-10,0.0652,36600000000.0,1170000000.0,11.06,-83.82
2.8e-05,6e-06,4e-13,3.5e-10,1e-10,0.0652,34400000000.0,1060000000.0,11.46,-81.13
2.8e-05,6e-06,4e-13,3.5e-10,5e-11,0.0652,34400000000.0,1060000000.0,11.46,-81.25
2.8e-05,6e-06,4e-13,3.5e-10,1.5e-10,0.0652,34400000000.0,1060000000.0,11.46,-81.9
2.8e-05,6e-06,4e-13,3.5e-10,2e-10,0.0652,34400000000.0,1060000000.0,11.46,-81.71
2.8e-05,6e-06,4e-13,3.5e-10,2.5e-10,0.0652,34400000000.0,1060000000.0,11.46,-81.78
2.8e-05,6e-06,4e-13,4.5e-10,1e-10,0.0652,31400000000.0,923000000.0,12.04,-80.07
2.8e-05,6e-06,4e-13,4.5e-10,5e-11,0.0652,31400000000.0,925000000.0,12.03,-79.79
2.8e-05,6e-06,4e-13,4.5e-10,1.5e-10,0.0652,31400000000.0,928000000.0,12.04,-80.16
2.8e-05,6e-06,4e-13,4.5e-10,2e-10,0.0652,31400000000.0,927000000.0,12.03,-79.79
2.8e-05,6e-06,4e-13,4.5e-10,2.5e-10,0.0652,31400000000.0,924000000.0,12.04,-74.55
2.8e-05,6e-06,4e-13,5e-10,1e-10,0.0652,30200000000.0,878000000.0,12.21,-79.38
2.8e-05,6e-06,4e-13,5e-10,5e-11,0.0652,30200000000.0,879000000.0,12.21,-79.37
2.8e-05,6e-06,4e-13,5e-10,1.5e-10,0.0652,30200000000.0,883000000.0,12.21,-78.85
2.8e-05,6e-06,6e-13,4e-10,1.5e-10,0.0652,32700000000.0,982000000.0,11.79,-80.83
2.8e-05,6e-06,6e-13,4e-10,2e-10,0.0652,32700000000.0,981000000.0,11.79,-80.62
2.8e-05,6e-06,6e-13,4e-10,2.5e-10,0.0652,32700000000.0,982000000.0,11.79,-80.94
2.8e-05,6e-06,6e-13,3e-10,1e-10,0.0652,36600000000.0,1170000000.0,11.06,-83.01
2.8e-05,6e-06,6e-13,3.5e-10,5e-11,0.0652,34400000000.0,1060000000.0,11.46,-81.97
2.8e-05,6e-06,6e-13,3.5e-10,2.5e-10,0.0652,34400000000.0,1060000000.0,11.46,-82.48
2.8e-05,6e-06,6e-13,4.5e-10,1e-10,0.0652,31400000000.0,925000000.0,12.03,-79.84
2.8e-05,6e-06,6e-13,4.5e-10,5e-11,0.0652,31400000000.0,920000000.0,12.04,-80.47
2.8e-05,6e-06,6e-13,4.5e-10,1.5e-10,0.0652,31400000000.0,926000000.0,12.04,-80.35
2.8e-05,6e-06,6e-13,4.5e-10,2e-10,0.0652,31400000000.0,920000000.0,12.04,-80.09
2.8e-05,6e-06,6e-13,4.5e-10,2.5e-10,0.0652,31400000000.0,924000000.0,12.03,-79.78
2.8e-05,6e-06,6e-13,5e-10,1e-10,0.0652,30200000000.0,879000000.0,12.21,-79.33
2.8e-05,6e-06,6e-13,5e-10,5e-11,0.0652,30200000000.0,879000000.0,12.21,-79.41
2.8e-05,6e-06,6e-13,5e-10,1.5e-10,0.0652,30200000000.0,878000000.0,12.21,-79.39
2.8e-05,6e-06,6e-13,5e-10,2.5e-10,0.0652,30200000000.0,877000000.0,12.21,-79.45
2.8e-05,6e-06,7e-13,4e-10,1e-10,0.0652,32700000000.0,982000000.0,11.79,-80.76
2.8e-05,6e-06,7e-13,4e-10,5e-11,0.0652,32700000000.0,982000000.0,11.79,-80.82
2.8e-05,6e-06,7e-13,4e-10,1.5e-10,0.0652,32700000000.0,982000000.0,11.79,-80.63
2.8e-05,6e-06,7e-13,4e-10,2e-10,0.0652,32700000000.0,982000000.0,11.79,-80.77
2.8e-05,6e-06,7e-13,4e-10,2.5e-10,0.0652,32700000000.0,982000000.0,11.79,-80.9
2.8e-05,6e-06,7e-13,3e-10,1e-10,0.0652,36600000000.0,1170000000.0,11.06,-83.46
2.8e-05,6e-06,7e-13,3e-10,5e-11,0.0652,36600000000.0,1170000000.0,11.06,-83.29
2.8e-05,6e-06,7e-13,3e-10,1.5e-10,0.0652,36600000000.0,1170000000.0,11.06,-83.76
2.8e-05,6e-06,7e-13,3e-10,2e-10,0.0652,36600000000.0,1170000000.0,11.06,-83.02
2.8e-05,6e-06,7e-13,3.5e-10,1e-10,0.0652,34400000000.0,1060000000.0,11.46,-81.75
2.8e-05,6e-06,7e-13,3.5e-10,5e-11,0.0652,34400000000.0,1060000000.0,11.46,-82.47
2.8e-05,6e-06,7e-13,3.5e-10,2e-10,0.0652,34400000000.0,1060000000.0,11.46,-81.87
2.8e-05,6e-06,7e-13,4.5e-10,1e-10,0.0652,31400000000.0,923000000.0,12.04,-80.01
2.8e-05,6e-06,7e-13,4.5e-10,5e-11,0.0652,31400000000.0,918000000.0,12.04,-79.92
2.8e-05,6e-06,7e-13,4.5e-10,1.5e-10,0.0652,31400000000.0,923000000.0,12.03,-79.84
2.8e-05,6e-06,7e-13,4.5e-10,2e-10,0.0652,31400000000.0,922000000.0,12.03,-79.11
2.8e-05,6e-06,7e-13,4.5e-10,2.5e-10,0.0652,31400000000.0,922000000.0,12.04,-79.6
2.8e-05,6e-06,7e-13,5e-10,5e-11,0.0652,30200000000.0,885000000.0,12.21,-79.35
2.8e-05,6e-06,7e-13,5e-10,1.5e-10,0.0652,30200000000.0,880000000.0,12.21,-76.61
2.8e-05,6e-06,7e-13,5e-10,2.5e-10,0.0652,30200000000.0,880000000.0,12.21,-79.19
2.8e-05,7e-06,5e-13,4e-10,1e-10,0.0652,32500000000.0,1090000000.0,11.82,-80.65
2.8e-05,7e-06,5e-13,4e-10,5e-11,0.0652,32500000000.0,1090000000.0,11.82,-80.76
2.8e-05,7e-06,5e-13,4e-10,1.5e-10,0.0652,32500000000.0,1090000000.0,11.82,-80.79
2.8e-05,7e-06,5e-13,4e-10,2e-10,0.0652,32500000000.0,1090000000.0,11.82,-80.75
2.8e-05,7e-06,5e-13,4e-10,2.5e-10,0.0652,32500000000.0,1090000000.0,11.82,-80.27
2.8e-05,7e-06,5e-13,3e-10,1e-10,0.0652,36300000000.0,1300000000.0,11.09,-83.38
2.8e-05,7e-06,5e-13,3e-10,5e-11,0.0652,36300000000.0,1300000000.0,11.09,-83.32
2.8e-05,7e-06,5e-13,3e-10,1.5e-10,0.0652,36300000000.0,1290000000.0,11.09,-83.45
2.8e-05,7e-06,5e-13,3e-10,2e-10,0.0652,36300000000.0,1290000000.0,11.09,-83.33
2.8e-05,7e-06,5e-13,3e-10,2.5e-10,0.0652,36300000000.0,1290000000.0,11.09,-83.18
2.8e-05,7e-06,5e-13,3.5e-10,1e-10,0.0652,34200000000.0,1180000000.0,11.5,-81.67
2.8e-05,7e-06,5e-13,3.5e-10,5e-11,0.0652,34200000000.0,1180000000.0,11.5,-81.2
2.8e-05,7e-06,5e-13,3.5e-10,1.5e-10,0.0652,34200000000.0,1180000000.0,11.5,-81.53
2.8e-05,7e-06,5e-13,3.5e-10,2e-10,0.0652,34200000000.0,1180000000.0,11.5,-81.8
2.8e-05,7e-06,5e-13,3.5e-10,2.5e-10,0.0652,34200000000.0,1180000000.0,11.5,-81.1
2.8e-05,7e-06,5e-13,4.5e-10,1e-10,0.0652,31100000000.0,1020000000.0,12.05,-79.86
2.8e-05,7e-06,5e-13,4.5e-10,5e-11,0.0652,31100000000.0,1030000000.0,12.06,-80.46
2.8e-05,7e-06,5e-13,4.5e-10,2e-10,0.0652,31100000000.0,1030000000.0,12.05,-79.89
2.8e-05,7e-06,5e-13,4.5e-10,2.5e-10,0.0652,31100000000.0,1030000000.0,12.06,-79.92
2.8e-05,7e-06,5e-13,5e-10,1e-10,0.0652,30000000000.0,975000000.0,12.22,-79.29
2.8e-05,7e-06,5e-13,5e-10,5e-11,0.0652,30000000000.0,979000000.0,12.22,-79.21
2.8e-05,7e-06,5e-13,5e-10,1.5e-10,0.0652,30000000000.0,981000000.0,12.22,-79.24
2.8e-05,7e-06,5e-13,5e-10,2e-10,0.0652,30000000000.0,983000000.0,12.22,-79.18
2.8e-05,7e-06,5e-13,5e-10,2.5e-10,0.0652,30000000000.0,977000000.0,12.22,-79.16
2.8e-05,7e-06,3e-13,4e-10,1e-10,0.0652,32500000000.0,1090000000.0,11.82,-80.7
2.8e-05,7e-06,3e-13,4e-10,5e-11,0.0652,32500000000.0,1090000000.0,11.82,-80.82
2.8e-05,7e-06,3e-13,4e-10,2e-10,0.0652,32500000000.0,1090000000.0,11.82,-80.58
2.8e-05,7e-06,3e-13,4e-10,2.5e-10,0.0652,32500000000.0,1090000000.0,11.82,-80.83
2.8e-05,7e-06,3e-13,3e-10,1e-10,0.0652,36300000000.0,1300000000.0,11.09,-83.07
2.8e-05,7e-06,3e-13,3e-10,5e-11,0.0652,36300000000.0,1300000000.0,11.09,-83.12
2.8e-05,7e-06,3e-13,3e-10,1.5e-10,0.0652,36300000000.0,1290000000.0,11.09,-83.07
2.8e-05,7e-06,3e-13,3e-10,2e-10,0.0652,36300000000.0,1300000000.0,11.09,-82.95
2.8e-05,7e-06,3e-13,3e-10,2.5e-10,0.0652,36300000000.0,1300000000.0,11.09,-83.39
2.8e-05,7e-06,3e-13,3.5e-10,1e-10,0.0652,34200000000.0,1180000000.0,11.5,-82.73
2.8e-05,7e-06,3e-13,3.5e-10,5e-11,0.0652,34200000000.0,1180000000.0,11.5,-81.57
2.8e-05,7e-06,3e-13,3.5e-10,1.5e-10,0.0652,34200000000.0,1180000000.0,11.5,-81.44
2.8e-05,7e-06,3e-13,3.5e-10,2.5e-10,0.0652,34200000000.0,1180000000.0,11.5,-81.58
2.8e-05,7e-06,3e-13,4.5e-10,1e-10,0.0652,31100000000.0,1030000000.0,12.05,-79.88
2.8e-05,7e-06,3e-13,4.5e-10,5e-11,0.0652,31100000000.0,1030000000.0,12.06,-80.0
2.8e-05,7e-06,3e-13,4.5e-10,1.5e-10,0.0652,31100000000.0,1030000000.0,12.05,-79.78
2.8e-05,7e-06,3e-13,4.5e-10,2e-10,0.0652,31100000000.0,1030000000.0,12.06,-80.39
2.8e-05,7e-06,3e-13,4.5e-10,2.5e-10,0.0652,31100000000.0,1030000000.0,12.06,-80.07
2.8e-05,7e-06,3e-13,5e-10,1e-10,0.0652,30000000000.0,981000000.0,12.22,-79.48
2.8e-05,7e-06,3e-13,5e-10,5e-11,0.0652,30000000000.0,979000000.0,12.22,-79.5
2.8e-05,7e-06,3e-13,5e-10,1.5e-10,0.0652,30000000000.0,983000000.0,12.22,-79.1
2.8e-05,7e-06,3e-13,5e-10,2e-10,0.0652,30000000000.0,981000000.0,12.22,-79.11
2.8e-05,7e-06,3e-13,5e-10,2.5e-10,0.0652,30000000000.0,984000000.0,12.22,-79.16
2.8e-05,7e-06,4e-13,4e-10,1e-10,0.0652,32500000000.0,1090000000.0,11.82,-80.5
2.8e-05,7e-06,4e-13,4e-10,5e-11,0.0652,32500000000.0,1090000000.0,11.82,-80.35
2.8e-05,7e-06,4e-13,4e-10,1.5e-10,0.0652,32500000000.0,1090000000.0,11.82,-81.14
2.8e-05,7e-06,4e-13,3e-10,1e-10,0.0652,36300000000.0,1300000000.0,11.09,-82.92
2.8e-05,7e-06,4e-13,3e-10,5e-11,0.0652,36300000000.0,1300000000.0,11.09,-79.37
2.8e-05,7e-06,4e-13,3e-10,1.5e-10,0.0652,36300000000.0,1290000000.0,11.09,-83.08
2.8e-05,7e-06,4e-13,3e-10,2e-10,0.0652,36300000000.0,1300000000.0,11.09,-83.55
2.8e-05,7e-06,4e-13,3e-10,2.5e-10,0.0652,36300000000.0,1300000000.0,11.09,-83.29
2.8e-05,7e-06,4e-13,3.5e-10,1e-10,0.0652,34200000000.0,1180000000.0,11.5,-81.97
2.8e-05,7e-06,4e-13,3.5e-10,5e-11,0.0652,34200000000.0,1180000000.0,11.5,-81.71
2.8e-05,7e-06,4e-13,3.5e-10,1.5e-10,0.0652,34200000000.0,1180000000.0,11.5,-81.91
2.8e-05,7e-06,4e-13,4.5e-10,5e-11,0.0652,31100000000.0,1030000000.0,12.05,-79.71
2.8e-05,7e-06,4e-13,4.5e-10,1.5e-10,0.0652,31100000000.0,1030000000.0,12.06,-79.97
2.8e-05,7e-06,4e-13,4.5e-10,2.5e-10,0.0652,31100000000.0,1030000000.0,12.05,-79.75
2.8e-05,7e-06,4e-13,5e-10,1e-10,0.0652,30000000000.0,984000000.0,12.22,-79.35
2.8e-05,7e-06,4e-13,5e-10,5e-11,0.0652,30000000000.0,981000000.0,12.22,-79.45
2.8e-05,7e-06,4e-13,5e-10,1.5e-10,0.0652,30000000000.0,979000000.0,12.22,-79.02
2.8e-05,7e-06,4e-13,5e-10,2e-10,0.0652,30000000000.0,984000000.0,12.22,-78.84
2.8e-05,7e-06,4e-13,5e-10,2.5e-10,0.0652,30000000000.0,979000000.0,12.22,-79.16
2.8e-05,7e-06,6e-13,4e-10,1.5e-10,0.0652,32500000000.0,1090000000.0,11.82,-80.8
2.8e-05,7e-06,6e-13,4e-10,2e-10,0.0652,32500000000.0,1090000000.0,11.82,-81.91
2.8e-05,7e-06,6e-13,3e-10,1e-10,0.0652,36300000000.0,1300000000.0,11.09,-81.99
2.8e-05,7e-06,6e-13,3e-10,5e-11,0.0652,36300000000.0,1300000000.0,11.09,-83.17
2.8e-05,7e-06,6e-13,3e-10,1.5e-10,0.0652,36300000000.0,1300000000.0,11.09,-83.26
2.8e-05,7e-06,6e-13,3e-10,2e-10,0.0652,36300000000.0,1290000000.0,11.09,-83.17
2.8e-05,7e-06,6e-13,3e-10,2.5e-10,0.0652,36300000000.0,1300000000.0,11.09,-83.4
2.8e-05,7e-06,6e-13,3.5e-10,1e-10,0.0652,34200000000.0,1180000000.0,11.5,-81.75
2.8e-05,7e-06,6e-13,3.5e-10,5e-11,0.0652,34200000000.0,1180000000.0,11.5,-81.14
2.8e-05,7e-06,6e-13,3.5e-10,1.5e-10,0.0652,34200000000.0,1180000000.0,11.5,-81.32
2.8e-05,7e-06,6e-13,3.5e-10,2e-10,0.0652,34200000000.0,1170000000.0,11.5,-81.79
2.8e-05,7e-06,6e-13,3.5e-10,2.5e-10,0.0652,34200000000.0,1180000000.0,11.5,-81.86
2.8e-05,7e-06,6e-13,4.5e-10,1.5e-10,0.0652,31100000000.0,1030000000.0,12.05,-79.44
2.8e-05,7e-06,6e-13,4.5e-10,2e-10,0.0652,31100000000.0,1030000000.0,12.06,-80.13
2.8e-05,7e-06,6e-13,4.5e-10,2.5e-10,0.0652,31100000000.0,1030000000.0,12.05,-79.79
2.8e-05,7e-06,6e-13,5e-10,1e-10,0.0652,30000000000.0,969000000.0,12.22,-79.49
2.8e-05,7e-06,6e-13,5e-10,1.5e-10,0.0652,30000000000.0,978000000.0,12.22,-79.25
2.8e-05,7e-06,6e-13,5e-10,2e-10,0.0652,30000000000.0,977000000.0,12.22,-79.17
2.8e-05,7e-06,7e-13,4e-10,1e-10,0.0652,32500000000.0,1090000000.0,11.82,-80.74
2.8e-05,7e-06,7e-13,4e-10,1.5e-10,0.0652,32500000000.0,1090000000.0,11.82,-80.61
2.8e-05,7e-06,7e-13,4e-10,2e-10,0.0652,32500000000.0,1090000000.0,11.82,-80.93
2.8e-05,7e-06,7e-13,3e-10,1e-10,0.0652,36300000000.0,1290000000.0,11.09,-83.0
2.8e-05,7e-06,7e-13,3e-10,5e-11,0.0652,36300000000.0,1300000000.0,11.09,-83.1
2.8e-05,7e-06,7e-13,3e-10,1.5e-10,0.0652,36300000000.0,1290000000.0,11.09,-83.46
2.8e-05,7e-06,7e-13,3e-10,2e-10,0.0652,36300000000.0,1290000000.0,11.09,-83.01
2.8e-05,7e-06,7e-13,3e-10,2.5e-10,0.0652,36300000000.0,1290000000.0,11.09,-83.34
2.8e-05,7e-06,7e-13,3.5e-10,1e-10,0.0652,34200000000.0,1180000000.0,11.5,-81.88
2.8e-05,7e-06,7e-13,3.5e-10,5e-11,0.0652,34200000000.0,1180000000.0,11.5,-82.02
2.8e-05,7e-06,7e-13,3.5e-10,2e-10,0.0652,34200000000.0,1180000000.0,11.5,-81.11
2.8e-05,7e-06,7e-13,3.5e-10,2.5e-10,0.0652,34200000000.0,1180000000.0,11.5,-81.59
2.8e-05,7e-06,7e-13,4.5e-10,1e-10,0.0652,31100000000.0,1030000000.0,12.06,-78.01
2.8e-05,7e-06,7e-13,4.5e-10,5e-11,0.0652,31100000000.0,1020000000.0,12.05,-80.01
2.8e-05,7e-06,7e-13,4.5e-10,1.5e-10,0.0652,31100000000.0,1030000000.0,12.05,-79.94
2.8e-05,7e-06,7e-13,4.5e-10,2.5e-10,0.0652,31100000000.0,1030000000.0,12.05,-79.53
2.8e-05,7e-06,7e-13,5e-10,5e-11,0.0652,30000000000.0,981000000.0,12.22,-79.31
2.8e-05,7e-06,7e-13,5e-10,1.5e-10,0.0652,30000000000.0,987000000.0,12.22,-79.3
2.8e-05,7e-06,7e-13,5e-10,2e-10,0.0652,30000000000.0,984000000.0,12.22,-78.89
2.8e-05,8e-06,5e-13,4e-10,1e-10,0.0652,32300000000.0,1190000000.0,11.84,-80.68
2.8e-05,8e-06,5e-13,4e-10,5e-11,0.0652,32300000000.0,1190000000.0,11.84,-80.57
2.8e-05,8e-06,5e-13,4e-10,1.5e-10,0.0652,32300000000.0,1190000000.0,11.84,-80.43
2.8e-05,8e-06,5e-13,4e-10,2e-10,0.0652,32300000000.0,1190000000.0,11.84,-80.72
2.8e-05,8e-06,5e-13,4e-10,2.5e-10,0.0652,32300000000.0,1190000000.0,11.84,-80.83
2.8e-05,8e-06,5e-13,3e-10,1e-10,0.0652,36000000000.0,1410000000.0,11.12,-84.05
2.8e-05,8e-06,5e-13,3e-10,5e-11,0.0652,36000000000.0,1410000000.0,11.13,-83.52
2.8e-05,8e-06,5e-13,3e-10,1.5e-10,0.0652,36000000000.0,1410000000.0,11.12,-83.22
2.8e-05,8e-06,5e-13,3e-10,2e-10,0.0652,36000000000.0,1410000000.0,11.12,-83.54
2.8e-05,8e-06,5e-13,3.5e-10,1e-10,0.0652,33900000000.0,1280000000.0,11.52,-81.98
2.8e-05,8e-06,5e-13,3.5e-10,5e-11,0.0652,33900000000.0,1280000000.0,11.53,-81.76
2.8e-05,8e-06,5e-13,3.5e-10,1.5e-10,0.0652,33900000000.0,1280000000.0,11.52,-81.82
2.8e-05,8e-06,5e-13,3.5e-10,2.5e-10,0.0652,33900000000.0,1280000000.0,11.53,-81.54
2.8e-05,8e-06,5e-13,4.5e-10,1e-10,0.0652,30900000000.0,1120000000.0,12.07,-80.01
2.8e-05,8e-06,5e-13,4.5e-10,5e-11,0.0652,30900000000.0,1120000000.0,12.07,-80.24
2.8e-05,8e-06,5e-13,4.5e-10,1.5e-10,0.0652,30900000000.0,1120000000.0,12.07,-79.79
2.8e-05,8e-06,5e-13,4.5e-10,2e-10,0.0652,30900000000.0,1120000000.0,12.07,-79.6
2.8e-05,8e-06,5e-13,4.5e-10,2.5e-10,0.0652,30900000000.0,1120000000.0,12.07,-79.66
2.8e-05,8e-06,5e-13,5e-10,1e-10,0.0652,29800000000.0,1070000000.0,12.22,-79.07
2.8e-05,8e-06,5e-13,5e-10,5e-11,0.0652,29800000000.0,1070000000.0,12.23,-79.31
2.8e-05,8e-06,5e-13,5e-10,1.5e-10,0.0652,29800000000.0,1070000000.0,12.23,-79.3
2.8e-05,8e-06,5e-13,5e-10,2e-10,0.0652,29800000000.0,1070000000.0,12.23,-79.32
2.8e-05,8e-06,5e-13,5e-10,2.5e-10,0.0652,29800000000.0,1070000000.0,12.23,-78.91
2.8e-05,8e-06,3e-13,4e-10,1e-10,0.0652,32300000000.0,1190000000.0,11.84,-80.44
2.8e-05,8e-06,3e-13,4e-10,5e-11,0.0652,32300000000.0,1190000000.0,11.84,-80.64
2.8e-05,8e-06,3e-13,4e-10,1.5e-10,0.0652,32300000000.0,1190000000.0,11.84,-80.76
2.8e-05,8e-06,3e-13,4e-10,2e-10,0.0652,32300000000.0,1190000000.0,11.84,-80.03
2.8e-05,8e-06,3e-13,4e-10,2.5e-10,0.0652,32300000000.0,1190000000.0,11.84,-80.87
2.8e-05,8e-06,3e-13,3e-10,1e-10,0.0652,36000000000.0,1410000000.0,11.12,-83.31
2.8e-05,8e-06,3e-13,3e-10,5e-11,0.0652,36000000000.0,1410000000.0,11.13,-83.24
2.8e-05,8e-06,3e-13,3e-10,1.5e-10,0.0652,36000000000.0,1410000000.0,11.12,-83.4
2.8e-05,8e-06,3e-13,3e-10,2e-10,0.0652,36000000000.0,1410000000.0,11.12,-84.01
2.8e-05,8e-06,3e-13,3e-10,2.5e-10,0.0652,36000000000.0,1410000000.0,11.12,-83.18
2.8e-05,8e-06,3e-13,3.5e-10,1e-10,0.0652,33900000000.0,1280000000.0,11.52,-81.77
2.8e-05,8e-06,3e-13,3.5e-10,5e-11,0.0652,33900000000.0,1280000000.0,11.53,-81.45
2.8e-05,8e-06,3e-13,3.5e-10,1.5e-10,0.0652,33900000000.0,1280000000.0,11.52,-81.63
2.8e-05,8e-06,3e-13,3.5e-10,2e-10,0.0652,33900000000.0,1280000000.0,11.53,-81.74
2.8e-05,8e-06,3e-13,3.5e-10,2.5e-10,0.0652,33900000000.0,1280000000.0,11.53,-81.64
2.8e-05,8e-06,3e-13,4.5e-10,1e-10,0.0652,30900000000.0,1120000000.0,12.07,-79.69
2.8e-05,8e-06,3e-13,4.5e-10,5e-11,0.0652,30900000000.0,1110000000.0,12.07,-79.93
2.8e-05,8e-06,3e-13,4.5e-10,2e-10,0.0652,30900000000.0,1110000000.0,12.07,-79.95
2.8e-05,8e-06,3e-13,4.5e-10,2.5e-10,0.0652,30900000000.0,1120000000.0,12.07,-79.91
2.8e-05,8e-06,3e-13,5e-10,1e-10,0.0652,29800000000.0,1070000000.0,12.23,-78.8
2.8e-05,8e-06,3e-13,5e-10,5e-11,0.0652,29800000000.0,1070000000.0,12.23,-79.7
2.8e-05,8e-06,3e-13,5e-10,2e-10,0.0652,29800000000.0,1070000000.0,12.23,-79.16
2.8e-05,8e-06,4e-13,4e-10,1e-10,0.0652,32300000000.0,1190000000.0,11.84,-80.51
2.8e-05,8e-06,4e-13,4e-10,5e-11,0.0652,32300000000.0,1190000000.0,11.84,-80.82
2.8e-05,8e-06,4e-13,4e-10,1.5e-10,0.0652,32300000000.0,1190000000.0,11.84,-80.6
2.8e-05,8e-06,4e-13,4e-10,2e-10,0.0652,32300000000.0,1190000000.0,11.84,-84.6
2.8e-05,8e-06,4e-13,4e-10,2.5e-10,0.0652,32300000000.0,1190000000.0,11.84,-80.81
2.8e-05,8e-06,4e-13,3e-10,1e-10,0.0652,36000000000.0,1410000000.0,11.12,-84.08
2.8e-05,8e-06,4e-13,3e-10,5e-11,0.0652,36000000000.0,1410000000.0,11.13,-83.51
2.8e-05,8e-06,4e-13,3e-10,1.5e-10,0.0652,36000000000.0,1410000000.0,11.12,-83.21
2.8e-05,8e-06,4e-13,3e-10,2.5e-10,0.0652,36000000000.0,1410000000.0,11.12,-83.24
2.8e-05,8e-06,4e-13,3.5e-10,1e-10,0.0652,33900000000.0,1280000000.0,11.53,-81.69
2.8e-05,8e-06,4e-13,3.5e-10,5e-11,0.0652,33900000000.0,1280000000.0,11.53,-81.75
2.8e-05,8e-06,4e-13,3.5e-10,1.5e-10,0.0652,33900000000.0,1280000000.0,11.53,-81.66
2.8e-05,8e-06,4e-13,3.5e-10,2e-10,0.0652,33900000000.0,1280000000.0,11.52,-81.99
2.8e-05,8e-06,4e-13,3.5e-10,2.5e-10,0.0652,33900000000.0,1280000000.0,11.53,-81.73
2.8e-05,8e-06,4e-13,4.5e-10,5e-11,0.0652,30900000000.0,1120000000.0,12.07,-79.77
2.8e-05,8e-06,4e-13,4.5e-10,1.5e-10,0.0652,30900000000.0,1120000000.0,12.07,-79.68
2.8e-05,8e-06,4e-13,4.5e-10,2e-10,0.0652,30900000000.0,1120000000.0,12.07,-80.31
2.8e-05,8e-06,4e-13,5e-10,1.5e-10,0.0652,29800000000.0,1070000000.0,12.23,-79.22
2.8e-05,8e-06,4e-13,5e-10,2e-10,0.0652,29800000000.0,1070000000.0,12.22,-78.54
2.8e-05,8e-06,6e-13,4e-10,5e-11,0.0652,32300000000.0,1190000000.0,11.84,-80.58
2.8e-05,8e-06,6e-13,4e-10,1.5e-10,0.0652,32300000000.0,1190000000.0,11.84,-80.53
2.8e-05,8e-06,6e-13,4e-10,2e-10,0.0652,32300000000.0,1190000000.0,11.84,-80.69
2.8e-05,8e-06,6e-13,3e-10,1e-10,0.0652,36000000000.0,1400000000.0,11.12,-82.99
2.8e-05,8e-06,6e-13,3e-10,1.5e-10,0.0652,36000000000.0,1410000000.0,11.12,-83.33
2.8e-05,8e-06,6e-13,3e-10,2e-10,0.0652,36000000000.0,1410000000.0,11.13,-83.32
2.8e-05,8e-06,6e-13,3.5e-10,1e-10,0.0652,33900000000.0,1280000000.0,11.52,-81.96
2.8e-05,8e-06,6e-13,3.5e-10,5e-11,0.0652,33900000000.0,1280000000.0,11.53,-81.57
2.8e-05,8e-06,6e-13,3.5e-10,1.5e-10,0.0652,33900000000.0,1280000000.0,11.53,-81.09
2.8e-05,8e-06,6e-13,4.5e-10,1e-10,0.0652,30900000000.0,1120000000.0,12.07,-80.1
2.8e-05,8e-06,6e-13,4.5e-10,1.5e-10,0.0652,30900000000.0,1110000000.0,12.07,-79.78
2.8e-05,8e-06,6e-13,4.5e-10,2e-10,0.0652,30900000000.0,1120000000.0,12.07,-79.8
2.8e-05,8e-06,6e-13,4.5e-10,2.5e-10,0.0652,30900000000.0,1120000000.0,12.07,-79.75
2.8e-05,8e-06,6e-13,5e-10,5e-11,0.0652,29800000000.0,1070000000.0,12.23,-78.81
2.8e-05,8e-06,6e-13,5e-10,1.5e-10,0.0652,29800000000.0,1070000000.0,12.22,-79.84
2.8e-05,8e-06,6e-13,5e-10,2e-10,0.0652,29800000000.0,1060000000.0,12.22,-78.24
2.8e-05,8e-06,6e-13,5e-10,2.5e-10,0.0652,29800000000.0,1070000000.0,12.22,-79.19
2.8e-05,8e-06,7e-13,4e-10,1e-10,0.0652,32300000000.0,1190000000.0,11.84,-80.5
2.8e-05,8e-06,7e-13,4e-10,5e-11,0.0652,32300000000.0,1190000000.0,11.84,-80.33
2.8e-05,8e-06,7e-13,4e-10,1.5e-10,0.0652,32300000000.0,1190000000.0,11.84,-80.75
2.8e-05,8e-06,7e-13,4e-10,2e-10,0.0652,32300000000.0,1190000000.0,11.84,-80.56
2.8e-05,8e-06,7e-13,4e-10,2.5e-10,0.0652,32300000000.0,1190000000.0,11.84,-80.85
2.8e-05,8e-06,7e-13,3e-10,5e-11,0.0652,36000000000.0,1410000000.0,11.12,-83.25
2.8e-05,8e-06,7e-13,3e-10,1.5e-10,0.0652,36000000000.0,1410000000.0,11.12,-82.99
2.8e-05,8e-06,7e-13,3e-10,2e-10,0.0652,36000000000.0,1410000000.0,11.12,-83.29
2.8e-05,8e-06,7e-13,3e-10,2.5e-10,0.0652,36000000000.0,1410000000.0,11.12,-83.16
2.8e-05,8e-06,7e-13,3.5e-10,1e-10,0.0652,33900000000.0,1280000000.0,11.53,-81.39
2.8e-05,8e-06,7e-13,3.5e-10,5e-11,0.0652,33900000000.0,1280000000.0,11.53,-81.51
2.8e-05,8e-06,7e-13,3.5e-10,1.5e-10,0.0652,33900000000.0,1280000000.0,11.53,-81.56
2.8e-05,8e-06,7e-13,3.5e-10,2e-10,0.0652,33900000000.0,1280000000.0,11.53,-81.18
2.8e-05,8e-06,7e-13,3.5e-10,2.5e-10,0.0652,33900000000.0,1280000000.0,11.52,-82.0
2.8e-05,8e-06,7e-13,4.5e-10,1e-10,0.0652,30900000000.0,1120000000.0,12.07,-79.97
2.8e-05,8e-06,7e-13,4.5e-10,5e-11,0.0652,30900000000.0,1120000000.0,12.07,-79.67
2.8e-05,8e-06,7e-13,4.5e-10,1.5e-10,0.0652,30900000000.0,1120000000.0,12.07,-79.73
2.8e-05,8e-06,7e-13,5e-10,5e-11,0.0652,29800000000.0,1070000000.0,12.23,-78.82
2.8e-05,8e-06,7e-13,5e-10,1.5e-10,0.0652,29800000000.0,1060000000.0,12.22,-79.04
2.8e-05,8e-06,7e-13,5e-10,2e-10,0.0652,29800000000.0,1070000000.0,12.22,-78.67
2.8e-05,8e-06,7e-13,5e-10,2.5e-10,0.0652,29800000000.0,1070000000.0,12.22,-79.02
2.8e-05,9e-06,5e-13,4e-10,1e-10,0.0652,32000000000.0,1270000000.0,11.86,-80.39
2.8e-05,9e-06,5e-13,4e-10,5e-11,0.0652,32000000000.0,1270000000.0,11.86,-80.77
2.8e-05,9e-06,5e-13,4e-10,1.5e-10,0.0652,32000000000.0,1270000000.0,11.86,-80.4
2.8e-05,9e-06,5e-13,4e-10,2e-10,0.0652,32000000000.0,1270000000.0,11.86,-80.63
2.8e-05,9e-06,5e-13,3e-10,1e-10,0.0652,35800000000.0,1500000000.0,11.15,-83.18
2.8e-05,9e-06,5e-13,3e-10,5e-11,0.0652,35800000000.0,1510000000.0,11.15,-83.3
2.8e-05,9e-06,5e-13,3e-10,1.5e-10,0.0652,35800000000.0,1510000000.0,11.15,-83.78
2.8e-05,9e-06,5e-13,3e-10,2e-10,0.0652,35800000000.0,1500000000.0,11.15,-83.09
2.8e-05,9e-06,5e-13,3e-10,2.5e-10,0.0652,35800000000.0,1510000000.0,11.15,-82.98
2.8e-05,9e-06,5e-13,3.5e-10,1e-10,0.0652,33700000000.0,1370000000.0,11.55,-81.67
2.8e-05,9e-06,5e-13,3.5e-10,5e-11,0.0652,33700000000.0,1370000000.0,11.55,-81.63
2.8e-05,9e-06,5e-13,3.5e-10,1.5e-10,0.0652,33700000000.0,1370000000.0,11.55,-81.75
2.8e-05,9e-06,5e-13,3.5e-10,2e-10,0.0652,33700000000.0,1370000000.0,11.55,-81.05
2.8e-05,9e-06,5e-13,3.5e-10,2.5e-10,0.0652,33700000000.0,1360000000.0,11.55,-81.52
2.8e-05,9e-06,5e-13,4.5e-10,1e-10,0.0652,30700000000.0,1200000000.0,12.07,-79.9
2.8e-05,9e-06,5e-13,4.5e-10,5e-11,0.0652,30700000000.0,1190000000.0,12.08,-80.3
2.8e-05,9e-06,5e-13,4.5e-10,1.5e-10,0.0652,30700000000.0,1200000000.0,12.07,-79.55
2.8e-05,9e-06,5e-13,4.5e-10,2e-10,0.0652,30700000000.0,1200000000.0,12.07,-79.6
2.8e-05,9e-06,5e-13,4.5e-10,2.5e-10,0.0652,30700000000.0,1200000000.0,12.08,-79.56
2.8e-05,9e-06,5e-13,5e-10,1e-10,0.0652,29600000000.0,1150000000.0,12.22,-79.22
2.8e-05,9e-06,5e-13,5e-10,5e-11,0.0652,29600000000.0,1150000000.0,12.22,-79.08
2.8e-05,9e-06,5e-13,5e-10,1.5e-10,0.0652,29600000000.0,1140000000.0,12.23,-79.25
2.8e-05,9e-06,5e-13,5e-10,2e-10,0.0652,29600000000.0,1140000000.0,12.23,-79.61
2.8e-05,9e-06,5e-13,5e-10,2.5e-10,0.0652,29600000000.0,1140000000.0,12.23,-79.27
2.8e-05,9e-06,3e-13,4e-10,1e-10,0.0652,32000000000.0,1270000000.0,11.86,-80.62
2.8e-05,9e-06,3e-13,4e-10,5e-11,0.0652,32000000000.0,1270000000.0,11.86,-80.52
2.8e-05,9e-06,3e-13,4e-10,1.5e-10,0.0652,32000000000.0,1270000000.0,11.86,-80.46
2.8e-05,9e-06,3e-13,4e-10,2e-10,0.0652,32000000000.0,1270000000.0,11.86,-80.53
2.8e-05,9e-06,3e-13,4e-10,2.5e-10,0.0652,32000000000.0,1270000000.0,11.86,-80.72
2.8e-05,9e-06,3e-13,3e-10,1e-10,0.0652,35800000000.0,1500000000.0,11.15,-84.03
2.8e-05,9e-06,3e-13,3e-10,5e-11,0.0652,35800000000.0,1510000000.0,11.15,-83.43
2.8e-05,9e-06,3e-13,3e-10,1.5e-10,0.0652,35800000000.0,1510000000.0,11.15,-83.13
2.8e-05,9e-06,3e-13,3e-10,2e-10,0.0652,35800000000.0,1510000000.0,11.15,-83.14
2.8e-05,9e-06,3e-13,3e-10,2.5e-10,0.0652,35800000000.0,1510000000.0,11.15,-83.03
2.8e-05,9e-06,3e-13,3.5e-10,1e-10,0.0652,33700000000.0,1370000000.0,11.55,-81.64
2.8e-05,9e-06,3e-13,3.5e-10,5e-11,0.0652,33700000000.0,1370000000.0,11.55,-80.95
2.8e-05,9e-06,3e-13,3.5e-10,1.5e-10,0.0652,33700000000.0,1370000000.0,11.55,-82.53
2.8e-05,9e-06,3e-13,3.5e-10,2e-10,0.0652,33700000000.0,1370000000.0,11.55,-81.56
2.8e-05,9e-06,3e-13,4.5e-10,1e-10,0.0652,30700000000.0,1200000000.0,12.08,-80.23
2.8e-05,9e-06,3e-13,4.5e-10,5e-11,0.0652,30700000000.0,1200000000.0,12.07,-79.67
2.8e-05,9e-06,3e-13,4.5e-10,1.5e-10,0.0652,30700000000.0,1200000000.0,12.07,-79.5
2.8e-05,9e-06,3e-13,4.5e-10,2e-10,0.0652,30700000000.0,1200000000.0,12.08,-79.85
2.8e-05,9e-06,3e-13,4.5e-10,2.5e-10,0.0652,30700000000.0,1200000000.0,12.08,-79.91
2.8e-05,9e-06,3e-13,5e-10,1e-10,0.0652,29600000000.0,1150000000.0,12.23,-79.17
2.8e-05,9e-06,3e-13,5e-10,5e-11,0.0652,29600000000.0,1140000000.0,12.22,-79.03
2.8e-05,9e-06,3e-13,5e-10,2e-10,0.0652,29600000000.0,1140000000.0,12.23,-79.18
2.8e-05,9e-06,3e-13,5e-10,2.5e-10,0.0652,29600000000.0,1140000000.0,12.22,-78.78
2.8e-05,9e-06,4e-13,4e-10,2e-10,0.0652,32000000000.0,1270000000.0,11.86,-80.67
2.8e-05,9e-06,4e-13,4e-10,2.5e-10,0.0652,32000000000.0,1270000000.0,11.86,-80.83
2.8e-05,9e-06,4e-13,3e-10,1e-10,0.0652,35800000000.0,1510000000.0,11.15,-82.69
2.8e-05,9e-06,4e-13,3e-10,5e-11,0.0652,35800000000.0,1500000000.0,11.15,-83.06
2.8e-05,9e-06,4e-13,3e-10,2e-10,0.0652,35800000000.0,1500000000.0,11.15,-83.12
2.8e-05,9e-06,4e-13,3e-10,2.5e-10,0.0652,35800000000.0,1500000000.0,11.15,-83.27
2.8e-05,9e-06,4e-13,3.5e-10,5e-11,0.0652,33700000000.0,1370000000.0,11.55,-81.77
2.8e-05,9e-06,4e-13,3.5e-10,1.5e-10,0.0652,33700000000.0,1360000000.0,11.55,-81.32
2.8e-05,9e-06,4e-13,3.5e-10,2e-10,0.0652,33700000000.0,1370000000.0,11.55,-81.04
2.8e-05,9e-06,4e-13,3.5e-10,2.5e-10,0.0652,33700000000.0,1370000000.0,11.55,-81.78
2.8e-05,9e-06,4e-13,4.5e-10,1e-10,0.0652,30700000000.0,1200000000.0,12.07,-79.89
2.8e-05,9e-06,4e-13,4.5e-10,5e-11,0.0652,30700000000.0,1200000000.0,12.07,-79.57
2.8e-05,9e-06,4e-13,4.5e-10,1.5e-10,0.0652,30700000000.0,1200000000.0,12.08,-79.97
2.8e-05,9e-06,4e-13,4.5e-10,2e-10,0.0652,30700000000.0,1200000000.0,12.08,-79.65
2.8e-05,9e-06,4e-13,4.5e-10,2.5e-10,0.0652,30700000000.0,1190000000.0,12.08,-79.97
2.8e-05,9e-06,4e-13,5e-10,1e-10,0.0652,29600000000.0,1150000000.0,12.23,-79.23
2.8e-05,9e-06,4e-13,5e-10,5e-11,0.0652,29600000000.0,1150000000.0,12.23,-79.26
2.8e-05,9e-06,4e-13,5e-10,1.5e-10,0.0652,29600000000.0,1150000000.0,12.22,-79.06
2.8e-05,9e-06,4e-13,5e-10,2e-10,0.0652,29600000000.0,1140000000.0,12.22,-79.0
2.8e-05,9e-06,4e-13,5e-10,2.5e-10,0.0652,29600000000.0,1150000000.0,12.23,-79.24
2.8e-05,9e-06,6e-13,4e-10,1e-10,0.0652,32000000000.0,1270000000.0,11.86,-80.74
2.8e-05,9e-06,6e-13,4e-10,1.5e-10,0.0652,32000000000.0,1270000000.0,11.86,-82.11
2.8e-05,9e-06,6e-13,4e-10,2e-10,0.0652,32000000000.0,1270000000.0,11.86,-80.49
2.8e-05,9e-06,6e-13,4e-10,2.5e-10,0.0652,32000000000.0,1270000000.0,11.86,-80.79
2.8e-05,9e-06,6e-13,3e-10,1e-10,0.0652,35800000000.0,1510000000.0,11.15,-83.12
2.8e-05,9e-06,6e-13,3e-10,5e-11,0.0652,35800000000.0,1500000000.0,11.15,-83.33
2.8e-05,9e-06,6e-13,3e-10,1.5e-10,0.0652,35800000000.0,1500000000.0,11.15,-83.13
2.8e-05,9e-06,6e-13,3e-10,2.5e-10,0.0652,35800000000.0,1500000000.0,11.15,-82.73
2.8e-05,9e-06,6e-13,3.5e-10,1e-10,0.0652,33700000000.0,1370000000.0,11.55,-82.47
2.8e-05,9e-06,6e-13,3.5e-10,2.5e-10,0.0652,33700000000.0,1370000000.0,11.55,-81.59
2.8e-05,9e-06,6e-13,4.5e-10,1e-10,0.0652,30700000000.0,1200000000.0,12.08,-79.99
2.8e-05,9e-06,6e-13,4.5e-10,2e-10,0.0652,30700000000.0,1190000000.0,12.08,-79.76
2.8e-05,9e-06,6e-13,4.5e-10,2.5e-10,0.0652,30700000000.0,1200000000.0,12.08,-79.87
2.8e-05,9e-06,6e-13,5e-10,1e-10,0.0652,29600000000.0,1150000000.0,12.23,-79.03
2.8e-05,9e-06,6e-13,5e-10,5e-11,0.0652,29600000000.0,1150000000.0,12.22,-78.99
2.8e-05,9e-06,6e-13,5e-10,1.5e-10,0.0652,29600000000.0,1150000000.0,12.22,-78.89
2.8e-05,9e-06,6e-13,5e-10,2e-10,0.0652,29600000000.0,1140000000.0,12.23,-78.88
2.8e-05,9e-06,6e-13,5e-10,2.5e-10,0.0652,29600000000.0,1150000000.0,12.22,-79.01
2.8e-05,9e-06,7e-13,4e-10,5e-11,0.0652,32000000000.0,1270000000.0,11.86,-80.75
2.8e-05,9e-06,7e-13,4e-10,1.5e-10,0.0652,32000000000.0,1270000000.0,11.86,-80.42
2.8e-05,9e-06,7e-13,4e-10,2e-10,0.0652,32000000000.0,1270000000.0,11.86,-80.57
2.8e-05,9e-06,7e-13,3e-10,1e-10,0.0652,35800000000.0,1510000000.0,11.15,-83.19
2.8e-05,9e-06,7e-13,3e-10,5e-11,0.0652,35800000000.0,1500000000.0,11.15,-83.38
2.8e-05,9e-06,7e-13,3e-10,1.5e-10,0.0652,35800000000.0,1510000000.0,11.15,-84.7
2.8e-05,9e-06,7e-13,3e-10,2e-10,0.0652,35800000000.0,1500000000.0,11.15,-79.47
2.8e-05,9e-06,7e-13,3.5e-10,1e-10,0.0652,33700000000.0,1370000000.0,11.55,-81.9
2.8e-05,9e-06,7e-13,3.5e-10,5e-11,0.0652,33700000000.0,1370000000.0,11.55,-73.83
2.8e-05,9e-06,7e-13,3.5e-10,1.5e-10,0.0652,33700000000.0,1370000000.0,11.55,-81.58
2.8e-05,9e-06,7e-13,3.5e-10,2e-10,0.0652,33700000000.0,1370000000.0,11.55,-81.6
2.8e-05,9e-06,7e-13,3.5e-10,2.5e-10,0.0652,33700000000.0,1360000000.0,11.55,-82.12
2.8e-05,9e-06,7e-13,4.5e-10,1e-10,0.0652,30700000000.0,1200000000.0,12.08,-79.9
2.8e-05,9e-06,7e-13,4.5e-10,1.5e-10,0.0652,30700000000.0,1190000000.0,12.08,-79.94
2.8e-05,9e-06,7e-13,4.5e-10,2e-10,0.0652,30700000000.0,1190000000.0,12.08,-79.82
2.8e-05,9e-06,7e-13,4.5e-10,2.5e-10,0.0652,30700000000.0,1200000000.0,12.08,-76.43
2.8e-05,9e-06,7e-13,5e-10,1e-10,0.0652,29600000000.0,1140000000.0,12.23,-79.15
2.8e-05,9e-06,7e-13,5e-10,5e-11,0.0652,29600000000.0,1150000000.0,12.23,-79.15
2.8e-05,9e-06,7e-13,5e-10,1.5e-10,0.0652,29600000000.0,1130000000.0,12.23,-79.24
2.8e-05,1e-05,5e-13,4e-10,1e-10,0.0652,31800000000.0,1340000000.0,11.87,-82.14
2.8e-05,1e-05,5e-13,4e-10,5e-11,0.0652,31800000000.0,1340000000.0,11.87,-80.4
2.8e-05,1e-05,5e-13,4e-10,1.5e-10,0.0652,31800000000.0,1340000000.0,11.87,-80.39
2.8e-05,1e-05,5e-13,4e-10,2e-10,0.0652,31800000000.0,1340000000.0,11.87,-79.99
2.8e-05,1e-05,5e-13,4e-10,2.5e-10,0.0652,31800000000.0,1340000000.0,11.87,-80.55
2.8e-05,1e-05,5e-13,3e-10,1e-10,0.0652,35500000000.0,1590000000.0,11.17,-83.5
2.8e-05,1e-05,5e-13,3e-10,5e-11,0.0652,35500000000.0,1590000000.0,11.17,-82.2
2.8e-05,1e-05,5e-13,3e-10,1.5e-10,0.0652,35500000000.0,1580000000.0,11.17,-83.1
2.8e-05,1e-05,5e-13,3e-10,2e-10,0.0652,35500000000.0,1590000000.0,11.17,-83.05
2.8e-05,1e-05,5e-13,3e-10,2.5e-10,0.0652,35500000000.0,1580000000.0,11.17,-83.04
2.8e-05,1e-05,5e-13,3.5e-10,1e-10,0.0652,33400000000.0,1440000000.0,11.57,-81.67
2.8e-05,1e-05,5e-13,3.5e-10,5e-11,0.0652,33400000000.0,1440000000.0,11.57,-82.06
2.8e-05,1e-05,5e-13,3.5e-10,1.5e-10,0.0652,33400000000.0,1440000000.0,11.57,-81.63
2.8e-05,1e-05,5e-13,3.5e-10,2e-10,0.0652,33400000000.0,1440000000.0,11.57,-81.55
2.8e-05,1e-05,5e-13,3.5e-10,2.5e-10,0.0652,33400000000.0,1440000000.0,11.57,-81.74
2.8e-05,1e-05,5e-13,4.5e-10,1e-10,0.0652,30500000000.0,1260000000.0,12.08,-79.81
2.8e-05,1e-05,5e-13,4.5e-10,1.5e-10,0.0652,30500000000.0,1270000000.0,12.08,-79.63
2.8e-05,1e-05,5e-13,4.5e-10,2e-10,0.0652,30500000000.0,1270000000.0,12.08,-79.59
2.8e-05,1e-05,5e-13,4.5e-10,2.5e-10,0.0652,30500000000.0,1260000000.0,12.08,-79.27
2.8e-05,1e-05,5e-13,5e-10,1e-10,0.0652,29400000000.0,1210000000.0,12.22,-78.95
2.8e-05,1e-05,5e-13,5e-10,5e-11,0.0652,29400000000.0,1200000000.0,12.23,-79.18
2.8e-05,1e-05,5e-13,5e-10,1.5e-10,0.0652,29400000000.0,1210000000.0,12.22,-78.91
2.8e-05,1e-05,5e-13,5e-10,2e-10,0.0652,29400000000.0,1210000000.0,12.22,-79.2
2.8e-05,1e-05,5e-13,5e-10,2.5e-10,0.0652,29400000000.0,1210000000.0,12.22,-78.93
2.8e-05,1e-05,3e-13,4e-10,1e-10,0.0652,31800000000.0,1340000000.0,11.87,-80.61
2.8e-05,1e-05,3e-13,4e-10,5e-11,0.0652,31800000000.0,1340000000.0,11.87,-80.79
2.8e-05,1e-05,3e-13,4e-10,1.5e-10,0.0652,31800000000.0,1340000000.0,11.87,-80.67
2.8e-05,1e-05,3e-13,4e-10,2e-10,0.0652,31800000000.0,1330000000.0,11.87,-80.62
2.8e-05,1e-05,3e-13,4e-10,2.5e-10,0.0652,31800000000.0,1340000000.0,11.87,-80.6
2.8e-05,1e-05,3e-13,3e-10,1e-10,0.0652,35500000000.0,1590000000.0,11.17,-82.54
2.8e-05,1e-05,3e-13,3e-10,5e-11,0.0652,35500000000.0,1580000000.0,11.17,-82.74
2.8e-05,1e-05,3e-13,3e-10,2e-10,0.0652,35500000000.0,1590000000.0,11.17,-82.55
2.8e-05,1e-05,3e-13,3e-10,2.5e-10,0.0652,35500000000.0,1590000000.0,11.17,-82.93
2.8e-05,1e-05,3e-13,3.5e-10,1e-10,0.0652,33500000000.0,1440000000.0,11.57,-81.9
2.8e-05,1e-05,3e-13,3.5e-10,5e-11,0.0652,33500000000.0,1440000000.0,11.57,-81.53
2.8e-05,1e-05,3e-13,3.5e-10,1.5e-10,0.0652,33500000000.0,1440000000.0,11.57,-82.05
2.8e-05,1e-05,3e-13,3.5e-10,2e-10,0.0652,33500000000.0,1440000000.0,11.57,-81.59
2.8e-05,1e-05,3e-13,4.5e-10,1e-10,0.0652,30500000000.0,1260000000.0,12.08,-79.8
2.8e-05,1e-05,3e-13,4.5e-10,5e-11,0.0652,30500000000.0,1260000000.0,12.08,-79.65
2.8e-05,1e-05,3e-13,4.5e-10,1.5e-10,0.0652,30500000000.0,1260000000.0,12.08,-79.72
2.8e-05,1e-05,3e-13,4.5e-10,2e-10,0.0652,30500000000.0,1260000000.0,12.08,-79.25
2.8e-05,1e-05,3e-13,4.5e-10,2.5e-10,0.0652,30500000000.0,1260000000.0,12.08,-79.84
2.8e-05,1e-05,3e-13,5e-10,1e-10,0.0652,29400000000.0,1200000000.0,12.22,-79.18
2.8e-05,1e-05,3e-13,5e-10,5e-11,0.0652,29400000000.0,1210000000.0,12.22,-78.9
2.8e-05,1e-05,3e-13,5e-10,1.5e-10,0.0652,29400000000.0,1200000000.0,12.22,-79.21
2.8e-05,1e-05,3e-13,5e-10,2e-10,0.0652,29400000000.0,1210000000.0,12.22,-78.76
2.8e-05,1e-05,4e-13,4e-10,1e-10,0.0652,31800000000.0,1330000000.0,11.87,-80.45
2.8e-05,1e-05,4e-13,4e-10,5e-11,0.0652,31800000000.0,1340000000.0,11.87,-80.66
2.8e-05,1e-05,4e-13,4e-10,1.5e-10,0.0652,31800000000.0,1340000000.0,11.87,-80.76
2.8e-05,1e-05,4e-13,4e-10,2e-10,0.0652,31800000000.0,1340000000.0,11.87,-80.54
2.8e-05,1e-05,4e-13,4e-10,2.5e-10,0.0652,31800000000.0,1340000000.0,11.87,-80.3
2.8e-05,1e-05,4e-13,3e-10,1e-10,0.0652,35500000000.0,1580000000.0,11.17,-83.03
2.8e-05,1e-05,4e-13,3e-10,5e-11,0.0652,35500000000.0,1580000000.0,11.17,-83.07
2.8e-05,1e-05,4e-13,3e-10,2e-10,0.0652,35500000000.0,1580000000.0,11.17,-83.08
2.8e-05,1e-05,4e-13,3.5e-10,1e-10,0.0652,33400000000.0,1440000000.0,11.57,-81.6
2.8e-05,1e-05,4e-13,3.5e-10,5e-11,0.0652,33500000000.0,1440000000.0,11.57,-81.74
2.8e-05,1e-05,4e-13,3.5e-10,1.5e-10,0.0652,33400000000.0,1440000000.0,11.57,-80.76
2.8e-05,1e-05,4e-13,3.5e-10,2e-10,0.0652,33400000000.0,1440000000.0,11.57,-81.35
2.8e-05,1e-05,4e-13,3.5e-10,2.5e-10,0.0652,33400000000.0,1440000000.0,11.57,-81.43
2.8e-05,1e-05,4e-13,4.5e-10,1e-10,0.0652,30500000000.0,1260000000.0,12.08,-79.85
2.8e-05,1e-05,4e-13,5e-10,1e-10,0.0652,29400000000.0,1210000000.0,12.22,-79.21
2.8e-05,1e-05,4e-13,5e-10,5e-11,0.0652,29400000000.0,1210000000.0,12.23,-79.16
2.8e-05,1e-05,4e-13,5e-10,2e-10,0.0652,29400000000.0,1210000000.0,12.22,-78.87
2.8e-05,1e-05,6e-13,4e-10,1.5e-10,0.0652,31800000000.0,1330000000.0,11.87,-80.77
2.8e-05,1e-05,6e-13,4e-10,2e-10,0.0652,31800000000.0,1340000000.0,11.87,-80.57
2.8e-05,1e-05,6e-13,3e-10,1e-10,0.0652,35500000000.0,1590000000.0,11.17,-82.94
2.8e-05,1e-05,6e-13,3e-10,1.5e-10,0.0652,35500000000.0,1580000000.0,11.17,-82.86
2.8e-05,1e-05,6e-13,3e-10,2e-10,0.0652,35500000000.0,1580000000.0,11.17,-83.15
2.8e-05,1e-05,6e-13,3e-10,2.5e-10,0.0652,35500000000.0,1580000000.0,11.17,-82.98
2.8e-05,1e-05,6e-13,3.5e-10,1e-10,0.0652,33400000000.0,1440000000.0,11.57,-80.24
2.8e-05,1e-05,6e-13,3.5e-10,5e-11,0.0652,33400000000.0,1440000000.0,11.57,-81.61
2.8e-05,1e-05,6e-13,3.5e-10,1.5e-10,0.0652,33400000000.0,1440000000.0,11.57,-81.37
2.8e-05,1e-05,6e-13,3.5e-10,2e-10,0.0652,33400000000.0,1440000000.0,11.57,-80.89
2.8e-05,1e-05,6e-13,3.5e-10,2.5e-10,0.0652,33400000000.0,1440000000.0,11.57,-81.5
2.8e-05,1e-05,6e-13,4.5e-10,1e-10,0.0652,30500000000.0,1260000000.0,12.08,-79.21
2.8e-05,1e-05,6e-13,4.5e-10,5e-11,0.0652,30500000000.0,1260000000.0,12.08,-79.87
2.8e-05,1e-05,6e-13,4.5e-10,1.5e-10,0.0652,30500000000.0,1260000000.0,12.08,-79.74
2.8e-05,1e-05,6e-13,5e-10,1e-10,0.0652,29400000000.0,1220000000.0,12.22,-78.96
2.8e-05,1e-05,6e-13,5e-10,5e-11,0.0652,29400000000.0,1200000000.0,12.23,-79.5
2.8e-05,1e-05,6e-13,5e-10,1.5e-10,0.0652,29400000000.0,1220000000.0,12.23,-78.99
2.8e-05,1e-05,6e-13,5e-10,2e-10,0.0652,29400000000.0,1210000000.0,12.22,-79.02
2.8e-05,1e-05,6e-13,5e-10,2.5e-10,0.0652,29400000000.0,1210000000.0,12.22,-79.12
2.8e-05,1e-05,7e-13,4e-10,5e-11,0.0652,31800000000.0,1340000000.0,11.87,-80.41
2.8e-05,1e-05,7e-13,4e-10,1.5e-10,0.0652,31800000000.0,1340000000.0,11.87,-80.35
2.8e-05,1e-05,7e-13,4e-10,2e-10,0.0652,31800000000.0,1340000000.0,11.87,-80.64
2.8e-05,1e-05,7e-13,4e-10,2.5e-10,0.0652,31800000000.0,1340000000.0,11.87,-80.78
2.8e-05,1e-05,7e-13,3e-10,1e-10,0.0652,35500000000.0,1580000000.0,11.17,-83.11
2.8e-05,1e-05,7e-13,3e-10,2e-10,0.0652,35500000000.0,1590000000.0,11.17,-83.2
2.8e-05,1e-05,7e-13,3e-10,2.5e-10,0.0652,35500000000.0,1590000000.0,11.17,-83.06
2.8e-05,1e-05,7e-13,3.5e-10,1e-10,0.0652,33400000000.0,1440000000.0,11.57,-81.52
2.8e-05,1e-05,7e-13,3.5e-10,1.5e-10,0.0652,33400000000.0,1440000000.0,11.57,-81.49
2.8e-05,1e-05,7e-13,3.5e-10,2e-10,0.0652,33400000000.0,1440000000.0,11.57,-81.59
2.8e-05,1e-05,7e-13,3.5e-10,2.5e-10,0.0652,33400000000.0,1440000000.0,11.57,-81.33
2.8e-05,1e-05,7e-13,4.5e-10,1e-10,0.0652,30500000000.0,1260000000.0,12.08,-79.7
2.8e-05,1e-05,7e-13,4.5e-10,5e-11,0.0652,30500000000.0,1260000000.0,12.08,-79.66
2.8e-05,1e-05,7e-13,4.5e-10,1.5e-10,0.0652,30500000000.0,1260000000.0,12.08,-80.05
2.8e-05,1e-05,7e-13,4.5e-10,2e-10,0.0652,30500000000.0,1260000000.0,12.08,-79.91
2.8e-05,1e-05,7e-13,4.5e-10,2.5e-10,0.0652,30500000000.0,1260000000.0,12.08,-79.28
2.8e-05,1e-05,7e-13,5e-10,1e-10,0.0652,29400000000.0,1210000000.0,12.22,-79.08
2.8e-05,1e-05,7e-13,5e-10,5e-11,0.0652,29400000000.0,1210000000.0,12.22,-79.76
2.8e-05,1e-05,7e-13,5e-10,1.5e-10,0.0652,29400000000.0,1220000000.0,12.22,-79.22
2.8e-05,1.1e-05,5e-13,4e-10,1e-10,0.0652,31600000000.0,1400000000.0,11.88,-80.66
2.8e-05,1.1e-05,5e-13,4e-10,5e-11,0.0652,31600000000.0,1390000000.0,11.88,-80.18
2.8e-05,1.1e-05,5e-13,4e-10,1.5e-10,0.0652,31600000000.0,1390000000.0,11.87,-80.68
2.8e-05,1.1e-05,5e-13,4e-10,2e-10,0.0652,31600000000.0,1390000000.0,11.87,-80.39
2.8e-05,1.1e-05,5e-13,4e-10,2.5e-10,0.0652,31600000000.0,1390000000.0,11.87,-80.51
2.8e-05,1.1e-05,5e-13,3e-10,1e-10,0.0652,35300000000.0,1650000000.0,11.18,-82.96
2.8e-05,1.1e-05,5e-13,3e-10,5e-11,0.0652,35300000000.0,1650000000.0,11.18,-83.04
2.8e-05,1.1e-05,5e-13,3e-10,1.5e-10,0.0652,35300000000.0,1650000000.0,11.18,-84.06
2.8e-05,1.1e-05,5e-13,3e-10,2e-10,0.0652,35300000000.0,1640000000.0,11.18,-82.87
2.8e-05,1.1e-05,5e-13,3.5e-10,1e-10,0.0652,33200000000.0,1500000000.0,11.58,-81.34
2.8e-05,1.1e-05,5e-13,3.5e-10,5e-11,0.0652,33200000000.0,1500000000.0,11.58,-81.7
2.8e-05,1.1e-05,5e-13,3.5e-10,1.5e-10,0.0652,33200000000.0,1500000000.0,11.58,-81.77
2.8e-05,1.1e-05,5e-13,3.5e-10,2e-10,0.0652,33200000000.0,1500000000.0,11.58,-81.57
2.8e-05,1.1e-05,5e-13,3.5e-10,2.5e-10,0.0652,33200000000.0,1500000000.0,11.58,-81.44
2.8e-05,1.1e-05,5e-13,4.5e-10,1e-10,0.0652,30300000000.0,1320000000.0,12.08,-79.59
2.8e-05,1.1e-05,5e-13,4.5e-10,5e-11,0.0652,30300000000.0,1320000000.0,12.08,-79.52
2.8e-05,1.1e-05,5e-13,4.5e-10,1.5e-10,0.0652,30300000000.0,1310000000.0,12.08,-79.87
2.8e-05,1.1e-05,5e-13,4.5e-10,2e-10,0.0652,30300000000.0,1310000000.0,12.08,-79.69
2.8e-05,1.1e-05,5e-13,4.5e-10,2.5e-10,0.0652,30300000000.0,1320000000.0,12.08,-79.62
2.8e-05,1.1e-05,5e-13,5e-10,1e-10,0.0652,29200000000.0,1270000000.0,12.22,-79.38
2.8e-05,1.1e-05,5e-13,5e-10,5e-11,0.0652,29200000000.0,1260000000.0,12.22,-79.1
2.8e-05,1.1e-05,5e-13,5e-10,1.5e-10,0.0652,29200000000.0,1270000000.0,12.21,-79.01
2.8e-05,1.1e-05,5e-13,5e-10,2e-10,0.0652,29200000000.0,1260000000.0,12.22,-79.09
2.8e-05,1.1e-05,5e-13,5e-10,2.5e-10,0.0652,29200000000.0,1270000000.0,12.22,-78.93
2.8e-05,1.1e-05,3e-13,4e-10,1e-10,0.0652,31600000000.0,1390000000.0,11.88,-80.58
2.8e-05,1.1e-05,3e-13,4e-10,5e-11,0.0652,31600000000.0,1400000000.0,11.88,-80.37
2.8e-05,1.1e-05,3e-13,4e-10,1.5e-10,0.0652,31600000000.0,1390000000.0,11.88,-80.46
2.8e-05,1.1e-05,3e-13,4e-10,2e-10,0.0652,31600000000.0,1390000000.0,11.88,-80.53
2.8e-05,1.1e-05,3e-13,4e-10,2.5e-10,0.0652,31600000000.0,1390000000.0,11.87,-80.48
2.8e-05,1.1e-05,3e-13,3e-10,1e-10,0.0652,35300000000.0,1650000000.0,11.18,-82.99
2.8e-05,1.1e-05,3e-13,3e-10,5e-11,0.0652,35300000000.0,1640000000.0,11.19,-82.86
2.8e-05,1.1e-05,3e-13,3e-10,1.5e-10,0.0652,35300000000.0,1650000000.0,11.18,-82.41
2.8e-05,1.1e-05,3e-13,3e-10,2.5e-10,0.0652,35300000000.0,1650000000.0,11.18,-83.01
2.8e-05,1.1e-05,3e-13,3.5e-10,1e-10,0.0652,33200000000.0,1500000000.0,11.58,-81.47
2.8e-05,1.1e-05,3e-13,3.5e-10,5e-11,0.0652,33200000000.0,1500000000.0,11.58,-81.58
2.8e-05,1.1e-05,3e-13,3.5e-10,1.5e-10,0.0652,33200000000.0,1500000000.0,11.58,-81.07
2.8e-05,1.1e-05,3e-13,3.5e-10,2e-10,0.0652,33200000000.0,1500000000.0,11.58,-81.43
2.8e-05,1.1e-05,3e-13,4.5e-10,1e-10,0.0652,30300000000.0,1310000000.0,12.08,-79.31
2.8e-05,1.1e-05,3e-13,4.5e-10,5e-11,0.0652,30300000000.0,1310000000.0,12.08,-79.52
2.8e-05,1.1e-05,3e-13,4.5e-10,1.5e-10,0.0652,30300000000.0,1320000000.0,12.08,-79.74
2.8e-05,1.1e-05,3e-13,4.5e-10,2e-10,0.0652,30300000000.0,1330000000.0,12.08,-79.7
2.8e-05,1.1e-05,3e-13,5e-10,1e-10,0.0652,29300000000.0,1270000000.0,12.21,-78.89
2.8e-05,1.1e-05,3e-13,5e-10,5e-11,0.0652,29300000000.0,1270000000.0,12.22,-79.05
2.8e-05,1.1e-05,3e-13,5e-10,1.5e-10,0.0652,29300000000.0,1260000000.0,12.22,-79.1
2.8e-05,1.1e-05,3e-13,5e-10,2e-10,0.0652,29300000000.0,1260000000.0,12.22,-79.18
2.8e-05,1.1e-05,3e-13,5e-10,2.5e-10,0.0652,29300000000.0,1260000000.0,12.22,-79.09
2.8e-05,1.1e-05,4e-13,4e-10,1e-10,0.0652,31600000000.0,1390000000.0,11.87,-80.15
2.8e-05,1.1e-05,4e-13,4e-10,5e-11,0.0652,31600000000.0,1390000000.0,11.88,-80.31
2.8e-05,1.1e-05,4e-13,4e-10,2e-10,0.0652,31600000000.0,1390000000.0,11.88,-80.5
2.8e-05,1.1e-05,4e-13,4e-10,2.5e-10,0.0652,31600000000.0,1390000000.0,11.87,-80.61
2.8e-05,1.1e-05,4e-13,3e-10,1e-10,0.0652,35300000000.0,1650000000.0,11.18,-82.69
2.8e-05,1.1e-05,4e-13,3e-10,1.5e-10,0.0652,35300000000.0,1660000000.0,11.18,-83.35
2.8e-05,1.1e-05,4e-13,3e-10,2.5e-10,0.0652,35300000000.0,1640000000.0,11.18,-83.02
2.8e-05,1.1e-05,4e-13,3.5e-10,1e-10,0.0652,33200000000.0,1500000000.0,11.58,-81.3
2.8e-05,1.1e-05,4e-13,3.5e-10,5e-11,0.0652,33200000000.0,1500000000.0,11.58,-81.68
2.8e-05,1.1e-05,4e-13,3.5e-10,1.5e-10,0.0652,33200000000.0,1500000000.0,11.58,-81.46
2.8e-05,1.1e-05,4e-13,3.5e-10,2.5e-10,0.0652,33200000000.0,1500000000.0,11.58,-81.59
2.8e-05,1.1e-05,4e-13,4.5e-10,1e-10,0.0652,30300000000.0,1310000000.0,12.08,-79.83
2.8e-05,1.1e-05,4e-13,4.5e-10,2e-10,0.0652,30300000000.0,1310000000.0,12.08,-79.81
2.8e-05,1.1e-05,4e-13,4.5e-10,2.5e-10,0.0652,30300000000.0,1320000000.0,12.08,-79.82
2.8e-05,1.1e-05,4e-13,5e-10,1e-10,0.0652,29200000000.0,1270000000.0,12.22,-81.08
2.8e-05,1.1e-05,4e-13,5e-10,5e-11,0.0652,29300000000.0,1270000000.0,12.22,-79.06
2.8e-05,1.1e-05,4e-13,5e-10,1.5e-10,0.0652,29200000000.0,1250000000.0,12.21,-78.81
2.8e-05,1.1e-05,4e-13,5e-10,2e-10,0.0652,29200000000.0,1260000000.0,12.22,-79.13
2.8e-05,1.1e-05,4e-13,5e-10,2.5e-10,0.0652,29200000000.0,1270000000.0,12.22,-79.04
2.8e-05,1.1e-05,6e-13,4e-10,1e-10,0.0652,31600000000.0,1390000000.0,11.87,-80.16
2.8e-05,1.1e-05,6e-13,4e-10,5e-11,0.0652,31600000000.0,1390000000.0,11.87,-80.19
2.8e-05,1.1e-05,6e-13,4e-10,1.5e-10,0.0652,31600000000.0,1390000000.0,11.88,-80.54
2.8e-05,1.1e-05,6e-13,4e-10,2e-10,0.0652,31600000000.0,1390000000.0,11.88,-80.6
2.8e-05,1.1e-05,6e-13,4e-10,2.5e-10,0.0652,31600000000.0,1390000000.0,11.87,-80.65
2.8e-05,1.1e-05,6e-13,3e-10,1e-10,0.0652,35300000000.0,1650000000.0,11.18,-83.0
2.8e-05,1.1e-05,6e-13,3e-10,5e-11,0.0652,35300000000.0,1660000000.0,11.18,-83.37
2.8e-05,1.1e-05,6e-13,3e-10,1.5e-10,0.0652,35300000000.0,1660000000.0,11.18,-82.8
2.8e-05,1.1e-05,6e-13,3e-10,2e-10,0.0652,35300000000.0,1650000000.0,11.18,-83.03
2.8e-05,1.1e-05,6e-13,3.5e-10,1e-10,0.0652,33200000000.0,1500000000.0,11.58,-81.42
2.8e-05,1.1e-05,6e-13,3.5e-10,5e-11,0.0652,33200000000.0,1500000000.0,11.58,-82.84
2.8e-05,1.1e-05,6e-13,3.5e-10,1.5e-10,0.0652,33200000000.0,1500000000.0,11.58,-81.97
2.8e-05,1.1e-05,6e-13,3.5e-10,2e-10,0.0652,33200000000.0,1500000000.0,11.58,-81.03
2.8e-05,1.1e-05,6e-13,3.5e-10,2.5e-10,0.0652,33200000000.0,1500000000.0,11.58,-81.55
2.8e-05,1.1e-05,6e-13,4.5e-10,1e-10,0.0652,30300000000.0,1320000000.0,12.08,-79.6
2.8e-05,1.1e-05,6e-13,4.5e-10,5e-11,0.0652,30300000000.0,1310000000.0,12.08,-79.74
2.8e-05,1.1e-05,6e-13,4.5e-10,2e-10,0.0652,30300000000.0,1320000000.0,12.08,-79.61
2.8e-05,1.1e-05,6e-13,5e-10,1.5e-10,0.0652,29200000000.0,1260000000.0,12.22,-78.9
2.8e-05,1.1e-05,6e-13,5e-10,2e-10,0.0652,29200000000.0,1260000000.0,12.21,-78.93
2.8e-05,1.1e-05,7e-13,4e-10,5e-11,0.0652,31600000000.0,1390000000.0,11.88,-80.32
2.8e-05,1.1e-05,7e-13,4e-10,2e-10,0.0652,31600000000.0,1390000000.0,11.87,-80.69
2.8e-05,1.1e-05,7e-13,4e-10,2.5e-10,0.0652,31600000000.0,1390000000.0,11.87,-80.43
2.8e-05,1.1e-05,7e-13,3e-10,5e-11,0.0652,35300000000.0,1640000000.0,11.18,-83.04
2.8e-05,1.1e-05,7e-13,3e-10,1.5e-10,0.0652,35300000000.0,1650000000.0,11.18,-83.2
2.8e-05,1.1e-05,7e-13,3e-10,2e-10,0.0652,35300000000.0,1650000000.0,11.18,-82.76
2.8e-05,1.1e-05,7e-13,3e-10,2.5e-10,0.0652,35300000000.0,1660000000.0,11.18,-83.05
2.8e-05,1.1e-05,7e-13,3.5e-10,1e-10,0.0652,33200000000.0,1500000000.0,11.58,-81.09
2.8e-05,1.1e-05,7e-13,3.5e-10,5e-11,0.0652,33200000000.0,1500000000.0,11.58,-81.41
2.8e-05,1.1e-05,7e-13,3.5e-10,2e-10,0.0652,33200000000.0,1500000000.0,11.58,-81.98
2.8e-05,1.1e-05,7e-13,4.5e-10,1e-10,0.0652,30300000000.0,1310000000.0,12.08,-79.78
2.8e-05,1.1e-05,7e-13,4.5e-10,5e-11,0.0652,30300000000.0,1310000000.0,12.08,-79.61
2.8e-05,1.1e-05,7e-13,4.5e-10,1.5e-10,0.0652,30300000000.0,1320000000.0,12.08,-79.66
2.8e-05,1.1e-05,7e-13,4.5e-10,2.5e-10,0.0652,30300000000.0,1320000000.0,12.08,-79.91
2.8e-05,1.1e-05,7e-13,5e-10,1e-10,0.0652,29200000000.0,1260000000.0,12.22,-79.17
2.8e-05,1.1e-05,7e-13,5e-10,5e-11,0.0652,29200000000.0,1260000000.0,12.22,-78.96
2.8e-05,1.1e-05,7e-13,5e-10,1.5e-10,0.0652,29200000000.0,1260000000.0,12.21,-79.08
2.8e-05,1.1e-05,7e-13,5e-10,2.5e-10,0.0652,29200000000.0,1260000000.0,12.22,-79.04
2.8e-05,1.2e-05,5e-13,4e-10,1e-10,0.0652,31400000000.0,1440000000.0,11.87,-80.24
2.8e-05,1.2e-05,5e-13,4e-10,5e-11,0.0652,31400000000.0,1430000000.0,11.87,-80.58
2.8e-05,1.2e-05,5e-13,4e-10,1.5e-10,0.0652,31400000000.0,1440000000.0,11.88,-80.48
2.8e-05,1.2e-05,5e-13,4e-10,2e-10,0.0652,31400000000.0,1440000000.0,11.87,-80.29
2.8e-05,1.2e-05,5e-13,3e-10,1e-10,0.0652,35100000000.0,1710000000.0,11.19,-82.84
2.8e-05,1.2e-05,5e-13,3e-10,5e-11,0.0652,35100000000.0,1700000000.0,11.19,-82.87
2.8e-05,1.2e-05,5e-13,3e-10,1.5e-10,0.0652,35100000000.0,1710000000.0,11.19,-80.64
2.8e-05,1.2e-05,5e-13,3e-10,2e-10,0.0652,35100000000.0,1700000000.0,11.19,-82.91
2.8e-05,1.2e-05,5e-13,3e-10,2.5e-10,0.0652,35100000000.0,1710000000.0,11.19,-83.03
2.8e-05,1.2e-05,5e-13,3.5e-10,1e-10,0.0652,33000000000.0,1540000000.0,11.59,-81.46
2.8e-05,1.2e-05,5e-13,3.5e-10,5e-11,0.0652,33000000000.0,1550000000.0,11.59,-81.29
2.8e-05,1.2e-05,5e-13,3.5e-10,1.5e-10,0.0652,33000000000.0,1540000000.0,11.59,-81.25
2.8e-05,1.2e-05,5e-13,3.5e-10,2e-10,0.0652,33000000000.0,1550000000.0,11.59,-81.74
2.8e-05,1.2e-05,5e-13,3.5e-10,2.5e-10,0.0652,33000000000.0,1540000000.0,11.59,-81.2
2.8e-05,1.2e-05,5e-13,4.5e-10,1e-10,0.0652,30100000000.0,1360000000.0,12.07,-79.65
2.8e-05,1.2e-05,5e-13,4.5e-10,5e-11,0.0652,30100000000.0,1360000000.0,12.07,-79.39
2.8e-05,1.2e-05,5e-13,4.5e-10,1.5e-10,0.0652,30100000000.0,1360000000.0,12.07,-79.91
2.8e-05,1.2e-05,5e-13,4.5e-10,2e-10,0.0652,30100000000.0,1360000000.0,12.07,-79.49
2.8e-05,1.2e-05,5e-13,4.5e-10,2.5e-10,0.0652,30100000000.0,1360000000.0,12.08,-79.59
2.8e-05,1.2e-05,5e-13,5e-10,1e-10,0.0652,29100000000.0,1300000000.0,12.21,-79.05
2.8e-05,1.2e-05,5e-13,5e-10,5e-11,0.0652,29100000000.0,1310000000.0,12.2,-78.79
2.8e-05,1.2e-05,5e-13,5e-10,1.5e-10,0.0652,29100000000.0,1300000000.0,12.21,-79.04
2.8e-05,1.2e-05,5e-13,5e-10,2e-10,0.0652,29100000000.0,1310000000.0,12.21,-78.99
2.8e-05,1.2e-05,5e-13,5e-10,2.5e-10,0.0652,29100000000.0,1300000000.0,12.21,-79.09
2.8e-05,1.2e-05,3e-13,4e-10,1e-10,0.0652,31400000000.0,1440000000.0,11.88,-80.49
2.8e-05,1.2e-05,3e-13,4e-10,5e-11,0.0652,31400000000.0,1440000000.0,11.88,-81.08
2.8e-05,1.2e-05,3e-13,4e-10,1.5e-10,0.0652,31400000000.0,1440000000.0,11.88,-80.46
2.8e-05,1.2e-05,3e-13,4e-10,2.5e-10,0.0652,31400000000.0,1440000000.0,11.87,-80.33
2.8e-05,1.2e-05,3e-13,3e-10,1e-10,0.0652,35100000000.0,1700000000.0,11.19,-82.95
2.8e-05,1.2e-05,3e-13,3e-10,5e-11,0.0652,35100000000.0,1700000000.0,11.19,-81.62
2.8e-05,1.2e-05,3e-13,3e-10,1.5e-10,0.0652,35100000000.0,1710000000.0,11.19,-82.74
2.8e-05,1.2e-05,3e-13,3e-10,2e-10,0.0652,35100000000.0,1700000000.0,11.19,-82.31
2.8e-05,1.2e-05,3e-13,3.5e-10,1e-10,0.0652,33000000000.0,1550000000.0,11.59,-81.33
2.8e-05,1.2e-05,3e-13,3.5e-10,5e-11,0.0652,33000000000.0,1550000000.0,11.59,-81.04
2.8e-05,1.2e-05,3e-13,3.5e-10,1.5e-10,0.0652,33000000000.0,1540000000.0,11.59,-81.22
2.8e-05,1.2e-05,3e-13,3.5e-10,2e-10,0.0652,33000000000.0,1550000000.0,11.59,-81.35
2.8e-05,1.2e-05,3e-13,3.5e-10,2.5e-10,0.0652,33000000000.0,1550000000.0,11.59,-81.57
2.8e-05,1.2e-05,3e-13,4.5e-10,1e-10,0.0652,30100000000.0,1350000000.0,12.07,-79.66
2.8e-05,1.2e-05,3e-13,4.5e-10,5e-11,0.0652,30100000000.0,1360000000.0,12.07,-80.18
2.8e-05,1.2e-05,3e-13,4.5e-10,1.5e-10,0.0652,30100000000.0,1370000000.0,12.07,-79.77
2.8e-05,1.2e-05,3e-13,4.5e-10,2e-10,0.0652,30100000000.0,1360000000.0,12.07,-79.38
2.8e-05,1.2e-05,3e-13,5e-10,5e-11,0.0652,29100000000.0,1300000000.0,12.2,-78.78
2.8e-05,1.2e-05,3e-13,5e-10,1.5e-10,0.0652,29100000000.0,1310000000.0,12.2,-78.97
2.8e-05,1.2e-05,3e-13,5e-10,2e-10,0.0652,29100000000.0,1300000000.0,12.21,-79.03
2.8e-05,1.2e-05,4e-13,4e-10,5e-11,0.0652,31400000000.0,1440000000.0,11.88,-80.33
2.8e-05,1.2e-05,4e-13,4e-10,1.5e-10,0.0652,31400000000.0,1440000000.0,11.87,-80.22
2.8e-05,1.2e-05,4e-13,4e-10,2e-10,0.0652,31400000000.0,1440000000.0,11.87,-80.28
2.8e-05,1.2e-05,4e-13,4e-10,2.5e-10,0.0652,31400000000.0,1440000000.0,11.87,-80.5
2.8e-05,1.2e-05,4e-13,3e-10,1e-10,0.0652,35100000000.0,1700000000.0,11.19,-82.81
2.8e-05,1.2e-05,4e-13,3e-10,5e-11,0.0652,35100000000.0,1700000000.0,11.19,-82.92
2.8e-05,1.2e-05,4e-13,3e-10,1.5e-10,0.0652,35100000000.0,1700000000.0,11.19,-82.76
2.8e-05,1.2e-05,4e-13,3e-10,2e-10,0.0652,35100000000.0,1700000000.0,11.19,-82.78
2.8e-05,1.2e-05,4e-13,3.5e-10,1e-10,0.0652,33000000000.0,1550000000.0,11.59,-81.08
2.8e-05,1.2e-05,4e-13,3.5e-10,1.5e-10,0.0652,33000000000.0,1540000000.0,11.58,-81.55
2.8e-05,1.2e-05,4e-13,3.5e-10,2e-10,0.0652,33000000000.0,1540000000.0,11.59,-81.41
2.8e-05,1.2e-05,4e-13,3.5e-10,2.5e-10,0.0652,33000000000.0,1550000000.0,11.59,-81.4
2.8e-05,1.2e-05,4e-13,4.5e-10,1e-10,0.0652,30100000000.0,1360000000.0,12.07,-79.59
2.8e-05,1.2e-05,4e-13,4.5e-10,5e-11,0.0652,30100000000.0,1360000000.0,12.07,-79.74
2.8e-05,1.2e-05,4e-13,4.5e-10,1.5e-10,0.0652,30100000000.0,1350000000.0,12.07,-79.48
2.8e-05,1.2e-05,4e-13,4.5e-10,2e-10,0.0652,30100000000.0,1360000000.0,12.07,-79.76
2.8e-05,1.2e-05,4e-13,4.5e-10,2.5e-10,0.0652,30100000000.0,1360000000.0,12.07,-79.8
2.8e-05,1.2e-05,4e-13,5e-10,1e-10,0.0652,29100000000.0,1300000000.0,12.21,-79.07
2.8e-05,1.2e-05,4e-13,5e-10,1.5e-10,0.0652,29100000000.0,1320000000.0,12.21,-78.89
2.8e-05,1.2e-05,4e-13,5e-10,2e-10,0.0652,29100000000.0,1310000000.0,12.2,-78.99
2.8e-05,1.2e-05,6e-13,4e-10,1e-10,0.0652,31400000000.0,1440000000.0,11.87,-80.68
2.8e-05,1.2e-05,6e-13,4e-10,5e-11,0.0652,31400000000.0,1440000000.0,11.88,-80.3
2.8e-05,1.2e-05,6e-13,4e-10,1.5e-10,0.0652,31400000000.0,1440000000.0,11.88,-80.36
2.8e-05,1.2e-05,6e-13,4e-10,2e-10,0.0652,31400000000.0,1430000000.0,11.87,-80.17
2.8e-05,1.2e-05,6e-13,4e-10,2.5e-10,0.0652,31400000000.0,1430000000.0,11.87,-80.26
2.8e-05,1.2e-05,6e-13,3e-10,1e-10,0.0652,35100000000.0,1710000000.0,11.19,-82.76
2.8e-05,1.2e-05,6e-13,3e-10,5e-11,0.0652,35100000000.0,1700000000.0,11.19,-82.82
2.8e-05,1.2e-05,6e-13,3e-10,1.5e-10,0.0652,35100000000.0,1710000000.0,11.19,-82.83
2.8e-05,1.2e-05,6e-13,3e-10,2e-10,0.0652,35100000000.0,1700000000.0,11.19,-82.88
2.8e-05,1.2e-05,6e-13,3e-10,2.5e-10,0.0652,35100000000.0,1700000000.0,11.19,-82.94
2.8e-05,1.2e-05,6e-13,3.5e-10,1e-10,0.0652,33000000000.0,1540000000.0,11.58,-81.45
2.8e-05,1.2e-05,6e-13,3.5e-10,5e-11,0.0652,33000000000.0,1540000000.0,11.58,-81.59
2.8e-05,1.2e-05,6e-13,3.5e-10,1.5e-10,0.0652,33000000000.0,1550000000.0,11.59,-81.32
2.8e-05,1.2e-05,6e-13,3.5e-10,2e-10,0.0652,33000000000.0,1540000000.0,11.59,-81.13
2.8e-05,1.2e-05,6e-13,3.5e-10,2.5e-10,0.0652,33000000000.0,1550000000.0,11.59,-81.31
2.8e-05,1.2e-05,6e-13,4.5e-10,1e-10,0.0652,30100000000.0,1360000000.0,12.07,-79.72
2.8e-05,1.2e-05,6e-13,4.5e-10,5e-11,0.0652,30100000000.0,1360000000.0,12.07,-79.58
2.8e-05,1.2e-05,6e-13,4.5e-10,1.5e-10,0.0652,30100000000.0,1360000000.0,12.07,-79.55
2.8e-05,1.2e-05,6e-13,4.5e-10,2e-10,0.0652,30100000000.0,1360000000.0,12.07,-79.66
2.8e-05,1.2e-05,6e-13,4.5e-10,2.5e-10,0.0652,30100000000.0,1350000000.0,12.07,-79.59
2.8e-05,1.2e-05,6e-13,5e-10,1e-10,0.0652,29100000000.0,1300000000.0,12.21,-79.06
2.8e-05,1.2e-05,6e-13,5e-10,5e-11,0.0652,29100000000.0,1310000000.0,12.2,-78.87
2.8e-05,1.2e-05,6e-13,5e-10,2e-10,0.0652,29100000000.0,1310000000.0,12.2,-78.8
2.8e-05,1.2e-05,7e-13,4e-10,1e-10,0.0652,31400000000.0,1430000000.0,11.88,-80.52
2.8e-05,1.2e-05,7e-13,4e-10,5e-11,0.0652,31400000000.0,1440000000.0,11.88,-80.96
2.8e-05,1.2e-05,7e-13,4e-10,2e-10,0.0652,31400000000.0,1440000000.0,11.87,-80.39
2.8e-05,1.2e-05,7e-13,4e-10,2.5e-10,0.0652,31400000000.0,1430000000.0,11.87,-80.41
2.8e-05,1.2e-05,7e-13,3e-10,1.5e-10,0.0652,35100000000.0,1710000000.0,11.19,-83.04
2.8e-05,1.2e-05,7e-13,3e-10,2e-10,0.0652,35100000000.0,1710000000.0,11.19,-81.15
2.8e-05,1.2e-05,7e-13,3e-10,2.5e-10,0.0652,35100000000.0,1700000000.0,11.19,-83.84
2.8e-05,1.2e-05,7e-13,3.5e-10,1e-10,0.0652,33000000000.0,1540000000.0,11.59,-81.92
2.8e-05,1.2e-05,7e-13,3.5e-10,5e-11,0.0652,33000000000.0,1550000000.0,11.59,-81.87
2.8e-05,1.2e-05,7e-13,3.5e-10,1.5e-10,0.0652,33000000000.0,1550000000.0,11.58,-81.61
2.8e-05,1.2e-05,7e-13,3.5e-10,2e-10,0.0652,33000000000.0,1550000000.0,11.58,-81.46
2.8e-05,1.2e-05,7e-13,3.5e-10,2.5e-10,0.0652,33000000000.0,1540000000.0,11.59,-80.74
2.8e-05,1.2e-05,7e-13,4.5e-10,1e-10,0.0652,30100000000.0,1350000000.0,12.07,-79.19
2.8e-05,1.2e-05,7e-13,4.5e-10,2e-10,0.0652,30100000000.0,1360000000.0,12.07,-79.4
2.8e-05,1.2e-05,7e-13,4.5e-10,2.5e-10,0.0652,30100000000.0,1350000000.0,12.07,-79.75
2.8e-05,1.2e-05,7e-13,5e-10,1e-10,0.0652,29100000000.0,1290000000.0,12.2,-78.9
2.8e-05,1.2e-05,7e-13,5e-10,5e-11,0.0652,29100000000.0,1300000000.0,12.21,-79.0
2.8e-05,1.2e-05,7e-13,5e-10,1.5e-10,0.0652,29100000000.0,1300000000.0,12.2,-78.82
2.8e-05,1.2e-05,7e-13,5e-10,2e-10,0.0652,29100000000.0,1300000000.0,12.21,-79.1
2.8e-05,1.3e-05,5e-13,4e-10,1e-10,0.0652,31200000000.0,1470000000.0,11.87,-80.41
2.8e-05,1.3e-05,5e-13,4e-10,5e-11,0.0652,31200000000.0,1470000000.0,11.87,-80.22
2.8e-05,1.3e-05,5e-13,4e-10,1.5e-10,0.0652,31200000000.0,1460000000.0,11.87,-80.51
2.8e-05,1.3e-05,5e-13,4e-10,2e-10,0.0652,31200000000.0,1470000000.0,11.87,-80.28
2.8e-05,1.3e-05,5e-13,4e-10,2.5e-10,0.0652,31200000000.0,1470000000.0,11.87,-80.47
2.8e-05,1.3e-05,5e-13,3e-10,1e-10,0.0652,34900000000.0,1730000000.0,11.19,-82.21
2.8e-05,1.3e-05,5e-13,3e-10,5e-11,0.0652,34900000000.0,1740000000.0,11.2,-72.54
2.8e-05,1.3e-05,5e-13,3e-10,1.5e-10,0.0652,34900000000.0,1730000000.0,11.19,-82.62
2.8e-05,1.3e-05,5e-13,3e-10,2e-10,0.0652,34900000000.0,1740000000.0,11.2,-82.74
2.8e-05,1.3e-05,5e-13,3e-10,2.5e-10,0.0652,34900000000.0,1750000000.0,11.2,-82.71
2.8e-05,1.3e-05,5e-13,3.5e-10,1e-10,0.0652,32800000000.0,1580000000.0,11.58,-81.36
2.8e-05,1.3e-05,5e-13,3.5e-10,5e-11,0.0652,32800000000.0,1580000000.0,11.59,-81.25
2.8e-05,1.3e-05,5e-13,3.5e-10,1.5e-10,0.0652,32800000000.0,1580000000.0,11.59,-81.28
2.8e-05,1.3e-05,5e-13,3.5e-10,2e-10,0.0652,32800000000.0,1580000000.0,11.59,-81.41
2.8e-05,1.3e-05,5e-13,3.5e-10,2.5e-10,0.0652,32800000000.0,1580000000.0,11.59,-81.22
2.8e-05,1.3e-05,5e-13,4.5e-10,1e-10,0.0652,30000000000.0,1390000000.0,12.06,-79.87
2.8e-05,1.3e-05,5e-13,4.5e-10,5e-11,0.0652,30000000000.0,1400000000.0,12.06,-79.43
2.8e-05,1.3e-05,5e-13,4.5e-10,1.5e-10,0.0652,30000000000.0,1400000000.0,12.06,-79.34
2.8e-05,1.3e-05,5e-13,4.5e-10,2e-10,0.0652,30000000000.0,1390000000.0,12.06,-79.4
2.8e-05,1.3e-05,5e-13,4.5e-10,2.5e-10,0.0652,30000000000.0,1400000000.0,12.06,-79.51
2.8e-05,1.3e-05,5e-13,5e-10,1e-10,0.0652,28900000000.0,1330000000.0,12.19,-79.04
2.8e-05,1.3e-05,5e-13,5e-10,5e-11,0.0652,28900000000.0,1340000000.0,12.19,-78.98
2.8e-05,1.3e-05,5e-13,5e-10,1.5e-10,0.0652,28900000000.0,1340000000.0,12.19,-78.77
2.8e-05,1.3e-05,5e-13,5e-10,2e-10,0.0652,28900000000.0,1330000000.0,12.19,-78.82
2.8e-05,1.3e-05,5e-13,5e-10,2.5e-10,0.0652,28900000000.0,1340000000.0,12.19,-78.78
2.8e-05,1.3e-05,3e-13,4e-10,1e-10,0.0652,31200000000.0,1470000000.0,11.87,-80.21
2.8e-05,1.3e-05,3e-13,4e-10,5e-11,0.0652,31300000000.0,1470000000.0,11.87,-80.51
2.8e-05,1.3e-05,3e-13,4e-10,1.5e-10,0.0652,31200000000.0,1470000000.0,11.87,-80.34
2.8e-05,1.3e-05,3e-13,4e-10,2e-10,0.0652,31200000000.0,1470000000.0,11.87,-80.37
2.8e-05,1.3e-05,3e-13,4e-10,2.5e-10,0.0652,31200000000.0,1470000000.0,11.87,-80.46
2.8e-05,1.3e-05,3e-13,3e-10,1e-10,0.0652,34900000000.0,1750000000.0,11.2,-82.76
2.8e-05,1.3e-05,3e-13,3e-10,5e-11,0.0652,34900000000.0,1730000000.0,11.2,-82.65
2.8e-05,1.3e-05,3e-13,3e-10,1.5e-10,0.0652,34900000000.0,1740000000.0,11.2,-82.72
2.8e-05,1.3e-05,3e-13,3e-10,2e-10,0.0652,34900000000.0,1730000000.0,11.19,-82.95
2.8e-05,1.3e-05,3e-13,3e-10,2.5e-10,0.0652,34900000000.0,1730000000.0,11.19,-83.18
2.8e-05,1.3e-05,3e-13,3.5e-10,1e-10,0.0652,32800000000.0,1580000000.0,11.59,-81.44
2.8e-05,1.3e-05,3e-13,3.5e-10,5e-11,0.0652,32800000000.0,1580000000.0,11.58,-80.34
2.8e-05,1.3e-05,3e-13,3.5e-10,1.5e-10,0.0652,32800000000.0,1580000000.0,11.59,-80.49
2.8e-05,1.3e-05,3e-13,3.5e-10,2e-10,0.0652,32800000000.0,1580000000.0,11.58,-81.38
2.8e-05,1.3e-05,3e-13,3.5e-10,2.5e-10,0.0652,32800000000.0,1580000000.0,11.58,-81.31
2.8e-05,1.3e-05,3e-13,4.5e-10,1e-10,0.0652,30000000000.0,1390000000.0,12.06,-79.58
2.8e-05,1.3e-05,3e-13,4.5e-10,5e-11,0.0652,30000000000.0,1390000000.0,12.06,-79.61
2.8e-05,1.3e-05,3e-13,4.5e-10,1.5e-10,0.0652,30000000000.0,1390000000.0,12.06,-79.56
2.8e-05,1.3e-05,3e-13,4.5e-10,2e-10,0.0652,30000000000.0,1400000000.0,12.06,-79.41
2.8e-05,1.3e-05,3e-13,4.5e-10,2.5e-10,0.0652,30000000000.0,1400000000.0,12.06,-79.65
2.8e-05,1.3e-05,3e-13,5e-10,1e-10,0.0652,28900000000.0,1330000000.0,12.19,-78.98
2.8e-05,1.3e-05,3e-13,5e-10,1.5e-10,0.0652,28900000000.0,1340000000.0,12.19,-78.7
2.8e-05,1.3e-05,3e-13,5e-10,2e-10,0.0652,28900000000.0,1340000000.0,12.19,-78.81
2.8e-05,1.3e-05,4e-13,4e-10,1e-10,0.0652,31200000000.0,1470000000.0,11.87,-80.74
2.8e-05,1.3e-05,4e-13,4e-10,2e-10,0.0652,31200000000.0,1470000000.0,11.87,-80.32
2.8e-05,1.3e-05,4e-13,4e-10,2.5e-10,0.0652,31200000000.0,1470000000.0,11.87,-80.48
2.8e-05,1.3e-05,4e-13,3e-10,1e-10,0.0652,34900000000.0,1740000000.0,11.2,-82.89
2.8e-05,1.3e-05,4e-13,3e-10,5e-11,0.0652,34900000000.0,1740000000.0,11.19,-83.09
2.8e-05,1.3e-05,4e-13,3e-10,1.5e-10,0.0652,34900000000.0,1740000000.0,11.19,-82.79
2.8e-05,1.3e-05,4e-13,3e-10,2e-10,0.0652,34900000000.0,1750000000.0,11.2,-82.52
2.8e-05,1.3e-05,4e-13,3e-10,2.5e-10,0.0652,34900000000.0,1740000000.0,11.19,-82.27
2.8e-05,1.3e-05,4e-13,3.5e-10,1e-10,0.0652,32800000000.0,1580000000.0,11.59,-81.33
2.8e-05,1.3e-05,4e-13,3.5e-10,5e-11,0.0652,32800000000.0,1580000000.0,11.59,-81.43
2.8e-05,1.3e-05,4e-13,3.5e-10,1.5e-10,0.0652,32800000000.0,1580000000.0,11.58,-81.51
2.8e-05,1.3e-05,4e-13,3.5e-10,2.5e-10,0.0652,32800000000.0,1570000000.0,11.59,-81.18
2.8e-05,1.3e-05,4e-13,4.5e-10,5e-11,0.0652,30000000000.0,1390000000.0,12.06,-79.67
2.8e-05,1.3e-05,4e-13,4.5e-10,2e-10,0.0652,30000000000.0,1390000000.0,12.06,-79.45
2.8e-05,1.3e-05,4e-13,5e-10,1e-10,0.0652,28900000000.0,1330000000.0,12.19,-78.99
2.8e-05,1.3e-05,4e-13,5e-10,5e-11,0.0652,28900000000.0,1330000000.0,12.19,-78.76
2.8e-05,1.3e-05,4e-13,5e-10,1.5e-10,0.0652,28900000000.0,1330000000.0,12.19,-78.97
2.8e-05,1.3e-05,4e-13,5e-10,2e-10,0.0652,28900000000.0,1340000000.0,12.19,-78.76
2.8e-05,1.3e-05,4e-13,5e-10,2.5e-10,0.0652,28900000000.0,1340000000.0,12.19,-78.82
2.8e-05,1.3e-05,6e-13,4e-10,1e-10,0.0652,31200000000.0,1470000000.0,11.87,-80.39
2.8e-05,1.3e-05,6e-13,4e-10,5e-11,0.0652,31200000000.0,1470000000.0,11.87,-80.23
2.8e-05,1.3e-05,6e-13,4e-10,1.5e-10,0.0652,31200000000.0,1470000000.0,11.87,-80.4
2.8e-05,1.3e-05,6e-13,4e-10,2e-10,0.0652,31200000000.0,1470000000.0,11.87,-80.76
2.8e-05,1.3e-05,6e-13,3e-10,1e-10,0.0652,34900000000.0,1730000000.0,11.19,-82.65
2.8e-05,1.3e-05,6e-13,3e-10,5e-11,0.0652,34900000000.0,1730000000.0,11.19,-82.88
2.8e-05,1.3e-05,6e-13,3e-10,1.5e-10,0.0652,34900000000.0,1730000000.0,11.19,-82.89
2.8e-05,1.3e-05,6e-13,3e-10,2e-10,0.0652,34900000000.0,1740000000.0,11.19,-82.91
2.8e-05,1.3e-05,6e-13,3e-10,2.5e-10,0.0652,34900000000.0,1740000000.0,11.19,-82.67
2.8e-05,1.3e-05,6e-13,3.5e-10,1e-10,0.0652,32800000000.0,1580000000.0,11.58,-81.4
2.8e-05,1.3e-05,6e-13,3.5e-10,5e-11,0.0652,32800000000.0,1580000000.0,11.58,-82.45
2.8e-05,1.3e-05,6e-13,3.5e-10,1.5e-10,0.0652,32800000000.0,1580000000.0,11.59,-81.34
2.8e-05,1.3e-05,6e-13,3.5e-10,2e-10,0.0652,32800000000.0,1580000000.0,11.59,-81.46
2.8e-05,1.3e-05,6e-13,4.5e-10,1e-10,0.0652,30000000000.0,1380000000.0,12.06,-79.66
2.8e-05,1.3e-05,6e-13,4.5e-10,5e-11,0.0652,30000000000.0,1400000000.0,12.06,-79.39
2.8e-05,1.3e-05,6e-13,4.5e-10,2.5e-10,0.0652,30000000000.0,1390000000.0,12.06,-79.5
2.8e-05,1.3e-05,6e-13,5e-10,1e-10,0.0652,28900000000.0,1340000000.0,12.19,-78.83
2.8e-05,1.3e-05,6e-13,5e-10,2e-10,0.0652,28900000000.0,1340000000.0,12.19,-78.75
2.8e-05,1.3e-05,6e-13,5e-10,2.5e-10,0.0652,28900000000.0,1330000000.0,12.19,-78.64
2.8e-05,1.3e-05,7e-13,4e-10,1e-10,0.0652,31200000000.0,1470000000.0,11.87,-80.24
2.8e-05,1.3e-05,7e-13,4e-10,1.5e-10,0.0652,31200000000.0,1470000000.0,11.87,-80.35
2.8e-05,1.3e-05,7e-13,3e-10,1e-10,0.0652,34900000000.0,1750000000.0,11.2,-82.55
2.8e-05,1.3e-05,7e-13,3e-10,1.5e-10,0.0652,34900000000.0,1740000000.0,11.19,-82.74
2.8e-05,1.3e-05,7e-13,3e-10,2.5e-10,0.0652,34900000000.0,1740000000.0,11.19,-82.4
2.8e-05,1.3e-05,7e-13,3.5e-10,1e-10,0.0652,32800000000.0,1570000000.0,11.59,-81.06
2.8e-05,1.3e-05,7e-13,3.5e-10,5e-11,0.0652,32800000000.0,1580000000.0,11.58,-81.33
2.8e-05,1.3e-05,7e-13,4.5e-10,1e-10,0.0652,30000000000.0,1390000000.0,12.06,-79.42
2.8e-05,1.3e-05,7e-13,4.5e-10,5e-11,0.0652,30000000000.0,1380000000.0,12.06,-79.67
2.8e-05,1.3e-05,7e-13,4.5e-10,1.5e-10,0.0652,30000000000.0,1380000000.0,12.06,-79.57
2.8e-05,1.3e-05,7e-13,4.5e-10,2e-10,0.0652,30000000000.0,1390000000.0,12.06,-79.41
2.8e-05,1.3e-05,7e-13,5e-10,5e-11,0.0652,28900000000.0,1330000000.0,12.19,-78.78
2.8e-05,1.3e-05,7e-13,5e-10,1.5e-10,0.0652,28900000000.0,1330000000.0,12.19,-78.69
2.8e-05,1.3e-05,7e-13,5e-10,2e-10,0.0652,28900000000.0,1340000000.0,12.19,-78.91
2.8e-05,1.3e-05,7e-13,5e-10,2.5e-10,0.0652,28900000000.0,1340000000.0,12.19,-78.8
2.8e-05,1.4e-05,5e-13,4e-10,1e-10,0.0652,31100000000.0,1490000000.0,11.86,-80.51
2.8e-05,1.4e-05,5e-13,4e-10,5e-11,0.0652,31100000000.0,1500000000.0,11.86,-80.34
2.8e-05,1.4e-05,5e-13,4e-10,1.5e-10,0.0652,31100000000.0,1490000000.0,11.86,-80.27
2.8e-05,1.4e-05,5e-13,4e-10,2e-10,0.0652,31100000000.0,1490000000.0,11.86,-80.31
2.8e-05,1.4e-05,5e-13,4e-10,2.5e-10,0.0652,31100000000.0,1500000000.0,11.86,-80.21
2.8e-05,1.4e-05,5e-13,3e-10,1e-10,0.0652,34700000000.0,1770000000.0,11.19,-82.55
2.8e-05,1.4e-05,5e-13,3e-10,5e-11,0.0652,34700000000.0,1760000000.0,11.19,-83.04
2.8e-05,1.4e-05,5e-13,3e-10,1.5e-10,0.0652,34700000000.0,1770000000.0,11.19,-82.49
2.8e-05,1.4e-05,5e-13,3e-10,2e-10,0.0652,34700000000.0,1760000000.0,11.19,-82.04
2.8e-05,1.4e-05,5e-13,3e-10,2.5e-10,0.0652,34700000000.0,1760000000.0,11.19,-82.01
2.8e-05,1.4e-05,5e-13,3.5e-10,1e-10,0.0652,32700000000.0,1610000000.0,11.58,-81.07
2.8e-05,1.4e-05,5e-13,3.5e-10,5e-11,0.0652,32700000000.0,1600000000.0,11.58,-81.19
2.8e-05,1.4e-05,5e-13,3.5e-10,1.5e-10,0.0652,32700000000.0,1600000000.0,11.58,-81.33
2.8e-05,1.4e-05,5e-13,3.5e-10,2e-10,0.0652,32700000000.0,1600000000.0,11.58,-81.58
2.8e-05,1.4e-05,5e-13,3.5e-10,2.5e-10,0.0652,32700000000.0,1600000000.0,11.58,-81.2
2.8e-05,1.4e-05,5e-13,4.5e-10,1e-10,0.0652,29800000000.0,1420000000.0,12.05,-79.51
2.8e-05,1.4e-05,5e-13,4.5e-10,5e-11,0.0652,29800000000.0,1410000000.0,12.04,-79.09
2.8e-05,1.4e-05,5e-13,4.5e-10,1.5e-10,0.0652,29800000000.0,1410000000.0,12.05,-79.71
2.8e-05,1.4e-05,5e-13,4.5e-10,2e-10,0.0652,29800000000.0,1410000000.0,12.05,-79.58
2.8e-05,1.4e-05,5e-13,5e-10,1e-10,0.0652,28800000000.0,1360000000.0,12.17,-78.73
2.8e-05,1.4e-05,5e-13,5e-10,5e-11,0.0652,28800000000.0,1370000000.0,12.17,-78.46
2.8e-05,1.4e-05,5e-13,5e-10,1.5e-10,0.0652,28800000000.0,1360000000.0,12.17,-78.97
2.8e-05,1.4e-05,5e-13,5e-10,2e-10,0.0652,28800000000.0,1350000000.0,12.17,-78.92
2.8e-05,1.4e-05,5e-13,5e-10,2.5e-10,0.0652,28800000000.0,1360000000.0,12.17,-78.82
2.8e-05,1.4e-05,3e-13,4e-10,1e-10,0.0652,31100000000.0,1500000000.0,11.86,-80.19
2.8e-05,1.4e-05,3e-13,4e-10,5e-11,0.0652,31100000000.0,1490000000.0,11.86,-80.13
2.8e-05,1.4e-05,3e-13,4e-10,2e-10,0.0652,31100000000.0,1490000000.0,11.86,-80.0
2.8e-05,1.4e-05,3e-13,4e-10,2.5e-10,0.0652,31100000000.0,1490000000.0,11.86,-80.37
2.8e-05,1.4e-05,3e-13,3e-10,1e-10,0.0652,34700000000.0,1770000000.0,11.19,-82.41
2.8e-05,1.4e-05,3e-13,3e-10,5e-11,0.0652,34700000000.0,1770000000.0,11.19,-82.24
2.8e-05,1.4e-05,3e-13,3e-10,1.5e-10,0.0652,34700000000.0,1770000000.0,11.19,-82.53
2.8e-05,1.4e-05,3e-13,3e-10,2e-10,0.0652,34700000000.0,1770000000.0,11.19,-80.15
2.8e-05,1.4e-05,3e-13,3e-10,2.5e-10,0.0652,34700000000.0,1770000000.0,11.19,-82.51
2.8e-05,1.4e-05,3e-13,3.5e-10,1e-10,0.0652,32700000000.0,1600000000.0,11.58,-80.72
2.8e-05,1.4e-05,3e-13,3.5e-10,5e-11,0.0652,32700000000.0,1610000000.0,11.58,-81.05
2.8e-05,1.4e-05,3e-13,3.5e-10,1.5e-10,0.0652,32700000000.0,1600000000.0,11.58,-81.21
2.8e-05,1.4e-05,3e-13,3.5e-10,2e-10,0.0652,32700000000.0,1600000000.0,11.58,-81.03
2.8e-05,1.4e-05,3e-13,3.5e-10,2.5e-10,0.0652,32700000000.0,1610000000.0,11.58,-81.12
2.8e-05,1.4e-05,3e-13,4.5e-10,1e-10,0.0652,29800000000.0,1410000000.0,12.05,-79.56
2.8e-05,1.4e-05,3e-13,4.5e-10,5e-11,0.0652,29800000000.0,1420000000.0,12.04,-79.34
2.8e-05,1.4e-05,3e-13,4.5e-10,1.5e-10,0.0652,29800000000.0,1420000000.0,12.04,-79.51
2.8e-05,1.4e-05,3e-13,4.5e-10,2e-10,0.0652,29800000000.0,1410000000.0,12.05,-79.35
2.8e-05,1.4e-05,3e-13,4.5e-10,2.5e-10,0.0652,29800000000.0,1420000000.0,12.05,-79.54
2.8e-05,1.4e-05,3e-13,5e-10,1e-10,0.0652,28800000000.0,1370000000.0,12.17,-78.62
2.8e-05,1.4e-05,3e-13,5e-10,5e-11,0.0652,28800000000.0,1370000000.0,12.17,-78.82
2.8e-05,1.4e-05,3e-13,5e-10,1.5e-10,0.0652,28800000000.0,1360000000.0,12.17,-78.72
2.8e-05,1.4e-05,3e-13,5e-10,2e-10,0.0652,28800000000.0,1350000000.0,12.17,-79.2
2.8e-05,1.4e-05,3e-13,5e-10,2.5e-10,0.0652,28800000000.0,1360000000.0,12.17,-78.92
2.8e-05,1.4e-05,4e-13,4e-10,1e-10,0.0652,31100000000.0,1490000000.0,11.86,-80.3
2.8e-05,1.4e-05,4e-13,4e-10,5e-11,0.0652,31100000000.0,1490000000.0,11.86,-80.17
2.8e-05,1.4e-05,4e-13,4e-10,2.5e-10,0.0652,31100000000.0,1500000000.0,11.86,-80.39
2.8e-05,1.4e-05,4e-13,3e-10,1e-10,0.0652,34700000000.0,1770000000.0,11.19,-81.51
2.8e-05,1.4e-05,4e-13,3e-10,5e-11,0.0652,34700000000.0,1770000000.0,11.19,-81.74
2.8e-05,1.4e-05,4e-13,3e-10,1.5e-10,0.0652,34700000000.0,1760000000.0,11.19,-82.93
2.8e-05,1.4e-05,4e-13,3e-10,2e-10,0.0652,34700000000.0,1770000000.0,11.19,-82.5
2.8e-05,1.4e-05,4e-13,3e-10,2.5e-10,0.0652,34700000000.0,1760000000.0,11.19,-82.94
2.8e-05,1.4e-05,4e-13,3.5e-10,1e-10,0.0652,32700000000.0,1610000000.0,11.58,-81.24
2.8e-05,1.4e-05,4e-13,3.5e-10,5e-11,0.0652,32700000000.0,1600000000.0,11.58,-81.34
2.8e-05,1.4e-05,4e-13,3.5e-10,2e-10,0.0652,32700000000.0,1610000000.0,11.58,-81.38
2.8e-05,1.4e-05,4e-13,4.5e-10,1.5e-10,0.0652,29800000000.0,1430000000.0,12.05,-79.51
2.8e-05,1.4e-05,4e-13,4.5e-10,2e-10,0.0652,29800000000.0,1420000000.0,12.05,-79.58
2.8e-05,1.4e-05,4e-13,4.5e-10,2.5e-10,0.0652,29800000000.0,1410000000.0,12.05,-79.5
2.8e-05,1.4e-05,4e-13,5e-10,1.5e-10,0.0652,28800000000.0,1350000000.0,12.17,-78.84
2.8e-05,1.4e-05,4e-13,5e-10,2e-10,0.0652,28800000000.0,1350000000.0,12.17,-78.7
2.8e-05,1.4e-05,6e-13,4e-10,1e-10,0.0652,31100000000.0,1490000000.0,11.86,-80.15
2.8e-05,1.4e-05,6e-13,4e-10,5e-11,0.0652,31100000000.0,1490000000.0,11.86,-80.26
2.8e-05,1.4e-05,6e-13,4e-10,1.5e-10,0.0652,31100000000.0,1490000000.0,11.86,-80.19
2.8e-05,1.4e-05,6e-13,3e-10,1e-10,0.0652,34700000000.0,1760000000.0,11.19,-78.48
2.8e-05,1.4e-05,6e-13,3e-10,5e-11,0.0652,34700000000.0,1770000000.0,11.19,-82.75
2.8e-05,1.4e-05,6e-13,3e-10,1.5e-10,0.0652,34700000000.0,1760000000.0,11.19,-82.59
2.8e-05,1.4e-05,6e-13,3e-10,2e-10,0.0652,34700000000.0,1770000000.0,11.19,-81.35
2.8e-05,1.4e-05,6e-13,3e-10,2.5e-10,0.0652,34700000000.0,1770000000.0,11.19,-80.07
2.8e-05,1.4e-05,6e-13,3.5e-10,1e-10,0.0652,32700000000.0,1600000000.0,11.58,-81.32
2.8e-05,1.4e-05,6e-13,3.5e-10,5e-11,0.0652,32700000000.0,1610000000.0,11.58,-81.08
2.8e-05,1.4e-05,6e-13,3.5e-10,1.5e-10,0.0652,32700000000.0,1600000000.0,11.58,-81.68
2.8e-05,1.4e-05,6e-13,3.5e-10,2.5e-10,0.0652,32700000000.0,1600000000.0,11.58,-81.18
2.8e-05,1.4e-05,6e-13,4.5e-10,1e-10,0.0652,29800000000.0,1410000000.0,12.05,-79.55
2.8e-05,1.4e-05,6e-13,4.5e-10,5e-11,0.0652,29800000000.0,1410000000.0,12.04,-79.1
2.8e-05,1.4e-05,6e-13,4.5e-10,2e-10,0.0652,29800000000.0,1410000000.0,12.05,-79.72
2.8e-05,1.4e-05,6e-13,5e-10,1e-10,0.0652,28800000000.0,1350000000.0,12.17,-78.82
2.8e-05,1.4e-05,6e-13,5e-10,5e-11,0.0652,28800000000.0,1350000000.0,12.17,-78.67
2.8e-05,1.4e-05,6e-13,5e-10,1.5e-10,0.0652,28800000000.0,1350000000.0,12.17,-79.23
2.8e-05,1.4e-05,6e-13,5e-10,2e-10,0.0652,28800000000.0,1350000000.0,12.17,-79.21
2.8e-05,1.4e-05,6e-13,5e-10,2.5e-10,0.0652,28800000000.0,1360000000.0,12.17,-78.67
2.8e-05,1.4e-05,7e-13,4e-10,1e-10,0.0652,31100000000.0,1490000000.0,11.86,-80.11
2.8e-05,1.4e-05,7e-13,4e-10,1.5e-10,0.0652,31100000000.0,1490000000.0,11.86,-80.33
2.8e-05,1.4e-05,7e-13,4e-10,2e-10,0.0652,31100000000.0,1490000000.0,11.86,-80.28
2.8e-05,1.4e-05,7e-13,4e-10,2.5e-10,0.0652,31100000000.0,1490000000.0,11.86,-80.2
2.8e-05,1.4e-05,7e-13,3e-10,1e-10,0.0652,34700000000.0,1770000000.0,11.19,-82.67
2.8e-05,1.4e-05,7e-13,3e-10,5e-11,0.0652,34700000000.0,1760000000.0,11.19,-82.69
2.8e-05,1.4e-05,7e-13,3e-10,1.5e-10,0.0652,34700000000.0,1760000000.0,11.18,-82.54
2.8e-05,1.4e-05,7e-13,3e-10,2e-10,0.0652,34700000000.0,1760000000.0,11.19,-82.61
2.8e-05,1.4e-05,7e-13,3e-10,2.5e-10,0.0652,34700000000.0,1770000000.0,11.19,-82.47
2.8e-05,1.4e-05,7e-13,3.5e-10,1e-10,0.0652,32700000000.0,1600000000.0,11.58,-81.61
2.8e-05,1.4e-05,7e-13,3.5e-10,2e-10,0.0652,32700000000.0,1600000000.0,11.58,-81.14
2.8e-05,1.4e-05,7e-13,3.5e-10,2.5e-10,0.0652,32700000000.0,1610000000.0,11.58,-82.18
2.8e-05,1.4e-05,7e-13,4.5e-10,1e-10,0.0652,29800000000.0,1420000000.0,12.05,-79.32
2.8e-05,1.4e-05,7e-13,4.5e-10,1.5e-10,0.0652,29800000000.0,1420000000.0,12.04,-79.44
2.8e-05,1.4e-05,7e-13,4.5e-10,2e-10,0.0652,29800000000.0,1420000000.0,12.05,-79.43
2.8e-05,1.4e-05,7e-13,4.5e-10,2.5e-10,0.0652,29800000000.0,1410000000.0,12.05,-79.32
2.8e-05,1.4e-05,7e-13,5e-10,5e-11,0.0652,28800000000.0,1350000000.0,12.17,-78.71
2.8e-05,1.4e-05,7e-13,5e-10,1.5e-10,0.0652,28800000000.0,1350000000.0,12.18,-78.98
2.8e-05,1.4e-05,7e-13,5e-10,2e-10,0.0652,28800000000.0,1350000000.0,12.17,-78.8
2.8e-05,1.4e-05,7e-13,5e-10,2.5e-10,0.0652,28800000000.0,1360000000.0,12.18,-78.91
2.8e-05,1.5e-05,5e-13,4e-10,1e-10,0.0652,30900000000.0,1510000000.0,11.84,-80.03
2.8e-05,1.5e-05,5e-13,4e-10,5e-11,0.0652,30900000000.0,1500000000.0,11.84,-80.14
2.8e-05,1.5e-05,5e-13,4e-10,1.5e-10,0.0652,30900000000.0,1510000000.0,11.84,-80.3
2.8e-05,1.5e-05,5e-13,4e-10,2e-10,0.0652,30900000000.0,1510000000.0,11.84,-80.14
2.8e-05,1.5e-05,5e-13,4e-10,2.5e-10,0.0652,30900000000.0,1510000000.0,11.84,-80.02
2.8e-05,1.5e-05,5e-13,3e-10,1e-10,0.0652,34500000000.0,1780000000.0,11.17,-82.39
2.8e-05,1.5e-05,5e-13,3e-10,5e-11,0.0652,34500000000.0,1780000000.0,11.18,-82.43
2.8e-05,1.5e-05,5e-13,3e-10,1.5e-10,0.0652,34500000000.0,1780000000.0,11.17,-82.45
2.8e-05,1.5e-05,5e-13,3e-10,2e-10,0.0652,34500000000.0,1770000000.0,11.18,-81.72
2.8e-05,1.5e-05,5e-13,3.5e-10,1e-10,0.0652,32500000000.0,1610000000.0,11.57,-81.22
2.8e-05,1.5e-05,5e-13,3.5e-10,5e-11,0.0652,32500000000.0,1620000000.0,11.56,-80.93
2.8e-05,1.5e-05,5e-13,3.5e-10,1.5e-10,0.0652,32500000000.0,1620000000.0,11.57,-81.62
2.8e-05,1.5e-05,5e-13,3.5e-10,2e-10,0.0652,32500000000.0,1620000000.0,11.57,-80.97
2.8e-05,1.5e-05,5e-13,4.5e-10,1e-10,0.0652,29700000000.0,1420000000.0,12.03,-79.68
2.8e-05,1.5e-05,5e-13,4.5e-10,5e-11,0.0652,29700000000.0,1430000000.0,12.03,-79.24
2.8e-05,1.5e-05,5e-13,4.5e-10,1.5e-10,0.0652,29700000000.0,1440000000.0,12.03,-77.64
2.8e-05,1.5e-05,5e-13,4.5e-10,2e-10,0.0652,29700000000.0,1430000000.0,12.02,-79.23
2.8e-05,1.5e-05,5e-13,4.5e-10,2.5e-10,0.0652,29700000000.0,1430000000.0,12.02,-79.21
2.8e-05,1.5e-05,5e-13,5e-10,1e-10,0.0652,28600000000.0,1370000000.0,12.15,-78.59
2.8e-05,1.5e-05,5e-13,5e-10,5e-11,0.0652,28600000000.0,1380000000.0,12.15,-78.58
2.8e-05,1.5e-05,5e-13,5e-10,1.5e-10,0.0652,28600000000.0,1380000000.0,12.15,-78.49
2.8e-05,1.5e-05,5e-13,5e-10,2.5e-10,0.0652,28600000000.0,1370000000.0,12.15,-78.82
2.8e-05,1.5e-05,3e-13,4e-10,1e-10,0.0652,30900000000.0,1510000000.0,11.84,-82.59
2.8e-05,1.5e-05,3e-13,4e-10,5e-11,0.0652,30900000000.0,1500000000.0,11.84,-79.96
2.8e-05,1.5e-05,3e-13,4e-10,1.5e-10,0.0652,30900000000.0,1510000000.0,11.84,-80.18
2.8e-05,1.5e-05,3e-13,4e-10,2e-10,0.0652,30900000000.0,1500000000.0,11.84,-80.2
2.8e-05,1.5e-05,3e-13,4e-10,2.5e-10,0.0652,30900000000.0,1500000000.0,11.84,-80.1
2.8e-05,1.5e-05,3e-13,3e-10,1e-10,0.0652,34500000000.0,1780000000.0,11.17,-81.7
2.8e-05,1.5e-05,3e-13,3e-10,5e-11,0.0652,34500000000.0,1790000000.0,11.17,-82.3
2.8e-05,1.5e-05,3e-13,3e-10,1.5e-10,0.0652,34500000000.0,1780000000.0,11.18,-82.44
2.8e-05,1.5e-05,3e-13,3e-10,2e-10,0.0652,34500000000.0,1780000000.0,11.17,-82.2
2.8e-05,1.5e-05,3e-13,3.5e-10,1e-10,0.0652,32500000000.0,1620000000.0,11.57,-81.24
2.8e-05,1.5e-05,3e-13,3.5e-10,5e-11,0.0652,32500000000.0,1620000000.0,11.56,-81.18
2.8e-05,1.5e-05,3e-13,3.5e-10,1.5e-10,0.0652,32500000000.0,1620000000.0,11.57,-80.82
2.8e-05,1.5e-05,3e-13,3.5e-10,2e-10,0.0652,32500000000.0,1620000000.0,11.57,-80.14
2.8e-05,1.5e-05,3e-13,3.5e-10,2.5e-10,0.0652,32500000000.0,1610000000.0,11.57,-81.01
2.8e-05,1.5e-05,3e-13,4.5e-10,1e-10,0.0652,29700000000.0,1420000000.0,12.02,-79.25
2.8e-05,1.5e-05,3e-13,4.5e-10,5e-11,0.0652,29700000000.0,1420000000.0,12.03,-79.42
2.8e-05,1.5e-05,3e-13,4.5e-10,2e-10,0.0652,29700000000.0,1430000000.0,12.02,-79.19
2.8e-05,1.5e-05,3e-13,5e-10,1e-10,0.0652,28600000000.0,1380000000.0,12.15,-78.88
2.8e-05,1.5e-05,3e-13,5e-10,5e-11,0.0652,28600000000.0,1380000000.0,12.15,-78.62
2.8e-05,1.5e-05,3e-13,5e-10,1.5e-10,0.0652,28600000000.0,1380000000.0,12.15,-78.79
2.8e-05,1.5e-05,3e-13,5e-10,2e-10,0.0652,28600000000.0,1370000000.0,12.15,-78.77
2.8e-05,1.5e-05,3e-13,5e-10,2.5e-10,0.0652,28600000000.0,1380000000.0,12.15,-78.83
2.8e-05,1.5e-05,4e-13,4e-10,1e-10,0.0652,30900000000.0,1500000000.0,11.84,-80.26
2.8e-05,1.5e-05,4e-13,4e-10,5e-11,0.0652,30900000000.0,1500000000.0,11.84,-80.21
2.8e-05,1.5e-05,4e-13,4e-10,1.5e-10,0.0652,30900000000.0,1510000000.0,11.84,-80.2
2.8e-05,1.5e-05,4e-13,4e-10,2e-10,0.0652,30900000000.0,1500000000.0,11.84,-80.01
2.8e-05,1.5e-05,4e-13,3e-10,1e-10,0.0652,34500000000.0,1780000000.0,11.17,-81.76
2.8e-05,1.5e-05,4e-13,3e-10,5e-11,0.0652,34500000000.0,1780000000.0,11.18,-82.45
2.8e-05,1.5e-05,4e-13,3e-10,2e-10,0.0652,34500000000.0,1780000000.0,11.18,-82.39
2.8e-05,1.5e-05,4e-13,3e-10,2.5e-10,0.0652,34500000000.0,1780000000.0,11.18,-86.04
2.8e-05,1.5e-05,4e-13,3.5e-10,1e-10,0.0652,32500000000.0,1610000000.0,11.56,-81.13
2.8e-05,1.5e-05,4e-13,3.5e-10,5e-11,0.0652,32500000000.0,1630000000.0,11.57,-80.99
2.8e-05,1.5e-05,4e-13,3.5e-10,1.5e-10,0.0652,32500000000.0,1620000000.0,11.57,-81.2
2.8e-05,1.5e-05,4e-13,3.5e-10,2e-10,0.0652,32500000000.0,1620000000.0,11.57,-81.18
2.8e-05,1.5e-05,4e-13,3.5e-10,2.5e-10,0.0652,32500000000.0,1610000000.0,11.56,-81.22
2.8e-05,1.5e-05,4e-13,4.5e-10,1e-10,0.0652,29700000000.0,1440000000.0,12.03,-79.45
2.8e-05,1.5e-05,4e-13,4.5e-10,2e-10,0.0652,29700000000.0,1430000000.0,12.02,-79.2
2.8e-05,1.5e-05,4e-13,4.5e-10,2.5e-10,0.0652,29700000000.0,1430000000.0,12.02,-79.47
2.8e-05,1.5e-05,4e-13,5e-10,5e-11,0.0652,28600000000.0,1370000000.0,12.15,-78.92
2.8e-05,1.5e-05,4e-13,5e-10,1.5e-10,0.0652,28600000000.0,1370000000.0,12.15,-79.18
2.8e-05,1.5e-05,4e-13,5e-10,2e-10,0.0652,28600000000.0,1380000000.0,12.15,-78.94
2.8e-05,1.5e-05,4e-13,5e-10,2.5e-10,0.0652,28600000000.0,1380000000.0,12.15,-78.73
2.8e-05,1.5e-05,6e-13,4e-10,1e-10,0.0652,30900000000.0,1500000000.0,11.85,-80.21
2.8e-05,1.5e-05,6e-13,4e-10,5e-11,0.0652,30900000000.0,1510000000.0,11.84,-80.19
2.8e-05,1.5e-05,6e-13,4e-10,1.5e-10,0.0652,30900000000.0,1510000000.0,11.84,-80.08
2.8e-05,1.5e-05,6e-13,4e-10,2e-10,0.0652,30900000000.0,1500000000.0,11.84,-80.03
2.8e-05,1.5e-05,6e-13,3e-10,5e-11,0.0652,34500000000.0,1780000000.0,11.17,-82.42
2.8e-05,1.5e-05,6e-13,3e-10,1.5e-10,0.0652,34500000000.0,1780000000.0,11.18,-83.44
2.8e-05,1.5e-05,6e-13,3e-10,2.5e-10,0.0652,34500000000.0,1780000000.0,11.17,-82.44
2.8e-05,1.5e-05,6e-13,3.5e-10,1e-10,0.0652,32500000000.0,1620000000.0,11.57,-81.13
2.8e-05,1.5e-05,6e-13,3.5e-10,5e-11,0.0652,32500000000.0,1610000000.0,11.56,-81.14
2.8e-05,1.5e-05,6e-13,3.5e-10,1.5e-10,0.0652,32500000000.0,1610000000.0,11.57,-81.21
2.8e-05,1.5e-05,6e-13,3.5e-10,2e-10,0.0652,32500000000.0,1620000000.0,11.57,-81.09
2.8e-05,1.5e-05,6e-13,3.5e-10,2.5e-10,0.0652,32500000000.0,1610000000.0,11.56,-81.37
2.8e-05,1.5e-05,6e-13,4.5e-10,1e-10,0.0652,29700000000.0,1440000000.0,12.03,-79.36
2.8e-05,1.5e-05,6e-13,4.5e-10,1.5e-10,0.0652,29700000000.0,1430000000.0,12.03,-79.5
2.8e-05,1.5e-05,6e-13,4.5e-10,2e-10,0.0652,29700000000.0,1440000000.0,12.03,-79.66
2.8e-05,1.5e-05,6e-13,4.5e-10,2.5e-10,0.0652,29700000000.0,1430000000.0,12.03,-79.21
2.8e-05,1.5e-05,6e-13,5e-10,1e-10,0.0652,28600000000.0,1380000000.0,12.15,-78.84
2.8e-05,1.5e-05,6e-13,5e-10,1.5e-10,0.0652,28600000000.0,1380000000.0,12.15,-78.82
2.8e-05,1.5e-05,6e-13,5e-10,2e-10,0.0652,28600000000.0,1360000000.0,12.15,-78.7
2.8e-05,1.5e-05,6e-13,5e-10,2.5e-10,0.0652,28600000000.0,1360000000.0,12.15,-78.61
2.8e-05,1.5e-05,7e-13,4e-10,1e-10,0.0652,30900000000.0,1510000000.0,11.84,-80.12
2.8e-05,1.5e-05,7e-13,4e-10,5e-11,0.0652,30900000000.0,1500000000.0,11.84,-80.3
2.8e-05,1.5e-05,7e-13,4e-10,2e-10,0.0652,30900000000.0,1500000000.0,11.84,-80.15
2.8e-05,1.5e-05,7e-13,4e-10,2.5e-10,0.0652,30900000000.0,1500000000.0,11.84,-80.25
2.8e-05,1.5e-05,7e-13,3e-10,1e-10,0.0652,34500000000.0,1770000000.0,11.18,-81.73
2.8e-05,1.5e-05,7e-13,3e-10,5e-11,0.0652,34500000000.0,1770000000.0,11.18,-82.47
2.8e-05,1.5e-05,7e-13,3e-10,1.5e-10,0.0652,34500000000.0,1770000000.0,11.18,-82.53
2.8e-05,1.5e-05,7e-13,3e-10,2e-10,0.0652,34500000000.0,1780000000.0,11.18,-82.63
2.8e-05,1.5e-05,7e-13,3e-10,2.5e-10,0.0652,34500000000.0,1780000000.0,11.17,-82.43
2.8e-05,1.5e-05,7e-13,3.5e-10,1e-10,0.0652,32500000000.0,1620000000.0,11.57,-81.49
2.8e-05,1.5e-05,7e-13,3.5e-10,5e-11,0.0652,32500000000.0,1620000000.0,11.57,-81.5
2.8e-05,1.5e-05,7e-13,3.5e-10,2e-10,0.0652,32500000000.0,1610000000.0,11.57,-79.02
2.8e-05,1.5e-05,7e-13,4.5e-10,1e-10,0.0652,29700000000.0,1420000000.0,12.03,-79.5
2.8e-05,1.5e-05,7e-13,4.5e-10,1.5e-10,0.0652,29700000000.0,1430000000.0,12.03,-79.4
2.8e-05,1.5e-05,7e-13,4.5e-10,2.5e-10,0.0652,29700000000.0,1430000000.0,12.03,-79.23
2.8e-05,1.5e-05,7e-13,5e-10,1e-10,0.0652,28600000000.0,1390000000.0,12.15,-78.6
2.8e-05,1.5e-05,7e-13,5e-10,5e-11,0.0652,28600000000.0,1370000000.0,12.15,-78.71
2.8e-05,1.5e-05,7e-13,5e-10,1.5e-10,0.0652,28600000000.0,1370000000.0,12.15,-78.5
2.8e-05,1.5e-05,7e-13,5e-10,2.5e-10,0.0652,28600000000.0,1370000000.0,12.15,-79.33
2.8e-05,1.6e-05,5e-13,4e-10,1e-10,0.0652,30800000000.0,1500000000.0,11.82,-80.21
2.8e-05,1.6e-05,5e-13,4e-10,5e-11,0.0652,30800000000.0,1510000000.0,11.82,-80.17
2.8e-05,1.6e-05,5e-13,4e-10,1.5e-10,0.0652,30800000000.0,1510000000.0,11.82,-80.2
2.8e-05,1.6e-05,5e-13,4e-10,2e-10,0.0652,30800000000.0,1510000000.0,11.82,-80.16
2.8e-05,1.6e-05,5e-13,4e-10,2.5e-10,0.0652,30800000000.0,1510000000.0,11.82,-80.14
2.8e-05,1.6e-05,5e-13,3e-10,1e-10,0.0652,34400000000.0,1780000000.0,11.16,-82.33
2.8e-05,1.6e-05,5e-13,3e-10,5e-11,0.0652,34400000000.0,1790000000.0,11.15,-81.97
2.8e-05,1.6e-05,5e-13,3e-10,1.5e-10,0.0652,34400000000.0,1780000000.0,11.16,-82.05
2.8e-05,1.6e-05,5e-13,3e-10,2e-10,0.0652,34400000000.0,1780000000.0,11.16,-82.22
2.8e-05,1.6e-05,5e-13,3e-10,2.5e-10,0.0652,34400000000.0,1790000000.0,11.16,-82.27
2.8e-05,1.6e-05,5e-13,3.5e-10,1e-10,0.0652,32300000000.0,1620000000.0,11.55,-80.83
2.8e-05,1.6e-05,5e-13,3.5e-10,5e-11,0.0652,32300000000.0,1620000000.0,11.55,-81.01
2.8e-05,1.6e-05,5e-13,3.5e-10,1.5e-10,0.0652,32300000000.0,1620000000.0,11.55,-79.09
2.8e-05,1.6e-05,5e-13,3.5e-10,2e-10,0.0652,32300000000.0,1620000000.0,11.55,-81.13
2.8e-05,1.6e-05,5e-13,3.5e-10,2.5e-10,0.0652,32300000000.0,1620000000.0,11.55,-80.9
2.8e-05,1.6e-05,5e-13,4.5e-10,1e-10,0.0652,29500000000.0,1440000000.0,12.0,-79.13
2.8e-05,1.6e-05,5e-13,4.5e-10,1.5e-10,0.0652,29500000000.0,1430000000.0,12.01,-78.92
2.8e-05,1.6e-05,5e-13,4.5e-10,2e-10,0.0652,29500000000.0,1440000000.0,12.0,-79.15
2.8e-05,1.6e-05,5e-13,4.5e-10,2.5e-10,0.0652,29500000000.0,1430000000.0,12.0,-79.72
2.8e-05,1.6e-05,5e-13,5e-10,1e-10,0.0652,28500000000.0,1380000000.0,12.12,-78.66
2.8e-05,1.6e-05,5e-13,5e-10,5e-11,0.0652,28500000000.0,1380000000.0,12.12,-78.62
2.8e-05,1.6e-05,5e-13,5e-10,1.5e-10,0.0652,28500000000.0,1390000000.0,12.13,-78.5
2.8e-05,1.6e-05,5e-13,5e-10,2e-10,0.0652,28500000000.0,1380000000.0,12.13,-78.68
2.8e-05,1.6e-05,5e-13,5e-10,2.5e-10,0.0652,28500000000.0,1380000000.0,12.12,-78.55
2.8e-05,1.6e-05,3e-13,4e-10,1e-10,0.0652,30800000000.0,1510000000.0,11.82,-79.85
2.8e-05,1.6e-05,3e-13,4e-10,5e-11,0.0652,30800000000.0,1510000000.0,11.82,-80.0
2.8e-05,1.6e-05,3e-13,4e-10,1.5e-10,0.0652,30800000000.0,1510000000.0,11.82,-79.99
2.8e-05,1.6e-05,3e-13,4e-10,2e-10,0.0652,30800000000.0,1510000000.0,11.82,-79.97
2.8e-05,1.6e-05,3e-13,3e-10,1e-10,0.0652,34400000000.0,1780000000.0,11.16,-82.28
2.8e-05,1.6e-05,3e-13,3e-10,5e-11,0.0652,34400000000.0,1790000000.0,11.16,-82.6
2.8e-05,1.6e-05,3e-13,3e-10,1.5e-10,0.0652,34400000000.0,1790000000.0,11.16,-82.23
2.8e-05,1.6e-05,3e-13,3e-10,2e-10,0.0652,34400000000.0,1790000000.0,11.16,-82.54
2.8e-05,1.6e-05,3e-13,3e-10,2.5e-10,0.0652,34400000000.0,1780000000.0,11.16,-82.24
2.8e-05,1.6e-05,3e-13,3.5e-10,1e-10,0.0652,32400000000.0,1620000000.0,11.55,-81.05
2.8e-05,1.6e-05,3e-13,3.5e-10,5e-11,0.0652,32400000000.0,1620000000.0,11.55,-81.33
2.8e-05,1.6e-05,3e-13,3.5e-10,1.5e-10,0.0652,32400000000.0,1620000000.0,11.55,-80.93
2.8e-05,1.6e-05,3e-13,3.5e-10,2e-10,0.0652,32400000000.0,1620000000.0,11.55,-80.89
2.8e-05,1.6e-05,3e-13,3.5e-10,2.5e-10,0.0652,32400000000.0,1630000000.0,11.55,-80.84
2.8e-05,1.6e-05,3e-13,4.5e-10,1e-10,0.0652,29500000000.0,1430000000.0,12.01,-79.37
2.8e-05,1.6e-05,3e-13,4.5e-10,5e-11,0.0652,29500000000.0,1440000000.0,12.0,-79.33
2.8e-05,1.6e-05,3e-13,4.5e-10,1.5e-10,0.0652,29500000000.0,1440000000.0,12.0,-79.09
2.8e-05,1.6e-05,3e-13,4.5e-10,2e-10,0.0652,29500000000.0,1440000000.0,12.0,-78.93
2.8e-05,1.6e-05,3e-13,4.5e-10,2.5e-10,0.0652,29500000000.0,1440000000.0,12.0,-79.18
2.8e-05,1.6e-05,3e-13,5e-10,1e-10,0.0652,28500000000.0,1380000000.0,12.12,-78.77
2.8e-05,1.6e-05,3e-13,5e-10,5e-11,0.0652,28500000000.0,1380000000.0,12.12,-78.49
2.8e-05,1.6e-05,3e-13,5e-10,1.5e-10,0.0652,28500000000.0,1370000000.0,12.13,-78.73
2.8e-05,1.6e-05,3e-13,5e-10,2e-10,0.0652,28500000000.0,1380000000.0,12.13,-78.63
2.8e-05,1.6e-05,3e-13,5e-10,2.5e-10,0.0652,28500000000.0,1390000000.0,12.13,-79.03
2.8e-05,1.6e-05,4e-13,4e-10,5e-11,0.0652,30800000000.0,1510000000.0,11.82,-79.91
2.8e-05,1.6e-05,4e-13,4e-10,2e-10,0.0652,30800000000.0,1510000000.0,11.82,-79.93
2.8e-05,1.6e-05,4e-13,4e-10,2.5e-10,0.0652,30800000000.0,1510000000.0,11.82,-79.9
2.8e-05,1.6e-05,4e-13,3e-10,1e-10,0.0652,34400000000.0,1790000000.0,11.15,-82.56
2.8e-05,1.6e-05,4e-13,3e-10,5e-11,0.0652,34400000000.0,1780000000.0,11.16,-82.13
2.8e-05,1.6e-05,4e-13,3e-10,1.5e-10,0.0652,34400000000.0,1790000000.0,11.16,-81.61
2.8e-05,1.6e-05,4e-13,3e-10,2e-10,0.0652,34400000000.0,1780000000.0,11.16,-82.14
2.8e-05,1.6e-05,4e-13,3e-10,2.5e-10,0.0652,34400000000.0,1790000000.0,11.16,-81.92
2.8e-05,1.6e-05,4e-13,3.5e-10,1e-10,0.0652,32400000000.0,1620000000.0,11.55,-81.11
2.8e-05,1.6e-05,4e-13,3.5e-10,5e-11,0.0652,32400000000.0,1620000000.0,11.55,-81.14
2.8e-05,1.6e-05,4e-13,3.5e-10,2e-10,0.0652,32400000000.0,1620000000.0,11.55,-81.06
2.8e-05,1.6e-05,4e-13,3.5e-10,2.5e-10,0.0652,32300000000.0,1620000000.0,11.55,-80.82
2.8e-05,1.6e-05,4e-13,4.5e-10,5e-11,0.0652,29500000000.0,1440000000.0,12.0,-78.65
2.8e-05,1.6e-05,4e-13,4.5e-10,2e-10,0.0652,29500000000.0,1440000000.0,12.0,-79.19
2.8e-05,1.6e-05,4e-13,5e-10,1e-10,0.0652,28500000000.0,1380000000.0,12.12,-78.63
2.8e-05,1.6e-05,4e-13,5e-10,5e-11,0.0652,28500000000.0,1390000000.0,12.13,-78.69
2.8e-05,1.6e-05,4e-13,5e-10,1.5e-10,0.0652,28500000000.0,1370000000.0,12.12,-78.52
2.8e-05,1.6e-05,4e-13,5e-10,2e-10,0.0652,28500000000.0,1370000000.0,12.12,-78.62
2.8e-05,1.6e-05,4e-13,5e-10,2.5e-10,0.0652,28500000000.0,1380000000.0,12.13,-78.77
2.8e-05,1.6e-05,6e-13,4e-10,1e-10,0.0652,30800000000.0,1510000000.0,11.82,-80.08
2.8e-05,1.6e-05,6e-13,4e-10,5e-11,0.0652,30800000000.0,1510000000.0,11.82,-80.05
2.8e-05,1.6e-05,6e-13,4e-10,1.5e-10,0.0652,30800000000.0,1510000000.0,11.82,-80.15
2.8e-05,1.6e-05,6e-13,4e-10,2e-10,0.0652,30800000000.0,1510000000.0,11.82,-80.09
2.8e-05,1.6e-05,6e-13,3e-10,1e-10,0.0652,34400000000.0,1770000000.0,11.16,-81.89
2.8e-05,1.6e-05,6e-13,3e-10,5e-11,0.0652,34400000000.0,1770000000.0,11.16,-82.24
2.8e-05,1.6e-05,6e-13,3e-10,1.5e-10,0.0652,34400000000.0,1770000000.0,11.16,-82.22
2.8e-05,1.6e-05,6e-13,3e-10,2e-10,0.0652,34400000000.0,1790000000.0,11.16,-82.11
2.8e-05,1.6e-05,6e-13,3e-10,2.5e-10,0.0652,34400000000.0,1790000000.0,11.15,-82.24
2.8e-05,1.6e-05,6e-13,3.5e-10,5e-11,0.0652,32300000000.0,1620000000.0,11.55,-80.74
2.8e-05,1.6e-05,6e-13,3.5e-10,1.5e-10,0.0652,32300000000.0,1620000000.0,11.55,-81.03
2.8e-05,1.6e-05,6e-13,3.5e-10,2e-10,0.0652,32300000000.0,1620000000.0,11.55,-80.8
2.8e-05,1.6e-05,6e-13,4.5e-10,5e-11,0.0652,29500000000.0,1430000000.0,12.01,-79.19
2.8e-05,1.6e-05,6e-13,4.5e-10,2e-10,0.0652,29500000000.0,1430000000.0,12.01,-79.39
2.8e-05,1.6e-05,6e-13,5e-10,1e-10,0.0652,28500000000.0,1370000000.0,12.12,-78.59
2.8e-05,1.6e-05,6e-13,5e-10,5e-11,0.0652,28500000000.0,1370000000.0,12.13,-78.63
2.8e-05,1.6e-05,6e-13,5e-10,1.5e-10,0.0652,28500000000.0,1390000000.0,12.12,-78.5
2.8e-05,1.6e-05,6e-13,5e-10,2e-10,0.0652,28500000000.0,1380000000.0,12.13,-78.88
2.8e-05,1.6e-05,6e-13,5e-10,2.5e-10,0.0652,28500000000.0,1370000000.0,12.13,-78.74
2.8e-05,1.6e-05,7e-13,4e-10,1e-10,0.0652,30800000000.0,1510000000.0,11.82,-80.11
2.8e-05,1.6e-05,7e-13,4e-10,5e-11,0.0652,30800000000.0,1510000000.0,11.82,-79.95
2.8e-05,1.6e-05,7e-13,4e-10,2e-10,0.0652,30800000000.0,1510000000.0,11.82,-79.92
2.8e-05,1.6e-05,7e-13,4e-10,2.5e-10,0.0652,30800000000.0,1510000000.0,11.82,-79.89
2.8e-05,1.6e-05,7e-13,3e-10,1e-10,0.0652,34400000000.0,1770000000.0,11.16,-81.79
2.8e-05,1.6e-05,7e-13,3e-10,5e-11,0.0652,34400000000.0,1780000000.0,11.16,-82.31
2.8e-05,1.6e-05,7e-13,3e-10,1.5e-10,0.0652,34400000000.0,1790000000.0,11.16,-82.28
2.8e-05,1.6e-05,7e-13,3e-10,2e-10,0.0652,34400000000.0,1790000000.0,11.16,-81.62
2.8e-05,1.6e-05,7e-13,3e-10,2.5e-10,0.0652,34400000000.0,1790000000.0,11.15,-82.27
2.8e-05,1.6e-05,7e-13,3.5e-10,1e-10,0.0652,32300000000.0,1620000000.0,11.55,-79.02
2.8e-05,1.6e-05,7e-13,3.5e-10,5e-11,0.0652,32300000000.0,1620000000.0,11.55,-80.99
2.8e-05,1.6e-05,7e-13,3.5e-10,2e-10,0.0652,32300000000.0,1620000000.0,11.55,-81.04
2.8e-05,1.6e-05,7e-13,3.5e-10,2.5e-10,0.0652,32300000000.0,1610000000.0,11.55,-81.13
2.8e-05,1.6e-05,7e-13,4.5e-10,1e-10,0.0652,29500000000.0,1430000000.0,12.0,-79.18
2.8e-05,1.6e-05,7e-13,4.5e-10,1.5e-10,0.0652,29500000000.0,1430000000.0,12.0,-79.2
2.8e-05,1.6e-05,7e-13,4.5e-10,2e-10,0.0652,29500000000.0,1430000000.0,12.01,-79.42
2.8e-05,1.6e-05,7e-13,5e-10,5e-11,0.0652,28500000000.0,1370000000.0,12.13,-78.72
2.8e-05,1.6e-05,7e-13,5e-10,1.5e-10,0.0652,28500000000.0,1370000000.0,12.13,-77.9
2.8e-05,1.6e-05,7e-13,5e-10,2e-10,0.0652,28500000000.0,1390000000.0,12.12,-78.48
2.8e-05,1.6e-05,7e-13,5e-10,2.5e-10,0.0652,28500000000.0,1390000000.0,12.13,-78.63
2.8e-05,1.7e-05,5e-13,4e-10,1e-10,0.0652,30700000000.0,1510000000.0,11.79,-79.84
2.8e-05,1.7e-05,5e-13,4e-10,5e-11,0.0652,30700000000.0,1500000000.0,11.79,-79.92
2.8e-05,1.7e-05,5e-13,4e-10,1.5e-10,0.0652,30700000000.0,1510000000.0,11.8,-79.75
2.8e-05,1.7e-05,5e-13,4e-10,2e-10,0.0652,30700000000.0,1510000000.0,11.8,-79.81
2.8e-05,1.7e-05,5e-13,4e-10,2.5e-10,0.0652,30700000000.0,1500000000.0,11.79,-80.06
2.8e-05,1.7e-05,5e-13,3e-10,1e-10,0.0652,34200000000.0,1780000000.0,11.13,-82.98
2.8e-05,1.7e-05,5e-13,3e-10,5e-11,0.0652,34200000000.0,1780000000.0,11.13,-82.37
2.8e-05,1.7e-05,5e-13,3e-10,1.5e-10,0.0652,34200000000.0,1790000000.0,11.13,-82.21
2.8e-05,1.7e-05,5e-13,3e-10,2e-10,0.0652,34200000000.0,1790000000.0,11.13,-82.17
2.8e-05,1.7e-05,5e-13,3e-10,2.5e-10,0.0652,34200000000.0,1780000000.0,11.13,-81.93
2.8e-05,1.7e-05,5e-13,3.5e-10,1e-10,0.0652,32200000000.0,1620000000.0,11.52,-81.14
2.8e-05,1.7e-05,5e-13,3.5e-10,1.5e-10,0.0652,32200000000.0,1610000000.0,11.52,-80.91
2.8e-05,1.7e-05,5e-13,3.5e-10,2e-10,0.0652,32200000000.0,1610000000.0,11.52,-81.07
2.8e-05,1.7e-05,5e-13,3.5e-10,2.5e-10,0.0652,32200000000.0,1620000000.0,11.52,-80.74
2.8e-05,1.7e-05,5e-13,4.5e-10,1e-10,0.0652,29400000000.0,1440000000.0,11.98,-79.14
2.8e-05,1.7e-05,5e-13,4.5e-10,5e-11,0.0652,29400000000.0,1430000000.0,11.98,-79.24
2.8e-05,1.7e-05,5e-13,4.5e-10,1.5e-10,0.0652,29400000000.0,1430000000.0,11.98,-79.26
2.8e-05,1.7e-05,5e-13,4.5e-10,2e-10,0.0652,29400000000.0,1430000000.0,11.98,-79.0
2.8e-05,1.7e-05,5e-13,4.5e-10,2.5e-10,0.0652,29400000000.0,1440000000.0,11.98,-79.02
2.8e-05,1.7e-05,5e-13,5e-10,1e-10,0.0652,28400000000.0,1380000000.0,12.1,-78.39
2.8e-05,1.7e-05,5e-13,5e-10,5e-11,0.0652,28400000000.0,1380000000.0,12.1,-78.42
2.8e-05,1.7e-05,5e-13,5e-10,1.5e-10,0.0652,28400000000.0,1390000000.0,12.1,-78.49
2.8e-05,1.7e-05,5e-13,5e-10,2e-10,0.0652,28400000000.0,1390000000.0,12.1,-78.46
2.8e-05,1.7e-05,5e-13,5e-10,2.5e-10,0.0652,28400000000.0,1390000000.0,12.1,-78.42
2.8e-05,1.7e-05,3e-13,4e-10,1e-10,0.0652,30700000000.0,1510000000.0,11.79,-79.78
2.8e-05,1.7e-05,3e-13,4e-10,5e-11,0.0652,30700000000.0,1510000000.0,11.8,-79.76
2.8e-05,1.7e-05,3e-13,4e-10,1.5e-10,0.0652,30700000000.0,1500000000.0,11.8,-80.05
2.8e-05,1.7e-05,3e-13,4e-10,2.5e-10,0.0652,30700000000.0,1500000000.0,11.8,-79.91
2.8e-05,1.7e-05,3e-13,3e-10,1e-10,0.0652,34200000000.0,1780000000.0,11.13,-82.27
2.8e-05,1.7e-05,3e-13,3e-10,5e-11,0.0652,34200000000.0,1780000000.0,11.13,-82.08
2.8e-05,1.7e-05,3e-13,3e-10,1.5e-10,0.0652,34200000000.0,1780000000.0,11.13,-82.12
2.8e-05,1.7e-05,3e-13,3e-10,2e-10,0.0652,34200000000.0,1780000000.0,11.13,-81.63
2.8e-05,1.7e-05,3e-13,3e-10,2.5e-10,0.0652,34200000000.0,1770000000.0,11.13,-82.54
2.8e-05,1.7e-05,3e-13,3.5e-10,1e-10,0.0652,32200000000.0,1620000000.0,11.52,-80.94
2.8e-05,1.7e-05,3e-13,3.5e-10,5e-11,0.0652,32200000000.0,1620000000.0,11.52,-80.89
2.8e-05,1.7e-05,3e-13,3.5e-10,1.5e-10,0.0652,32200000000.0,1620000000.0,11.52,-80.84
2.8e-05,1.7e-05,3e-13,3.5e-10,2e-10,0.0652,32200000000.0,1620000000.0,11.52,-80.86
2.8e-05,1.7e-05,3e-13,3.5e-10,2.5e-10,0.0652,32200000000.0,1620000000.0,11.52,-80.95
2.8e-05,1.7e-05,3e-13,4.5e-10,1e-10,0.0652,29400000000.0,1430000000.0,11.98,-79.07
2.8e-05,1.7e-05,3e-13,4.5e-10,5e-11,0.0652,29400000000.0,1430000000.0,11.98,-79.33
2.8e-05,1.7e-05,3e-13,4.5e-10,1.5e-10,0.0652,29400000000.0,1440000000.0,11.97,-78.97
2.8e-05,1.7e-05,3e-13,4.5e-10,2e-10,0.0652,29400000000.0,1430000000.0,11.98,-79.4
2.8e-05,1.7e-05,3e-13,4.5e-10,2.5e-10,0.0652,29400000000.0,1430000000.0,11.97,-79.57
2.8e-05,1.7e-05,3e-13,5e-10,1e-10,0.0652,28400000000.0,1370000000.0,12.1,-78.48
2.8e-05,1.7e-05,3e-13,5e-10,5e-11,0.0652,28400000000.0,1370000000.0,12.1,-78.64
2.8e-05,1.7e-05,3e-13,5e-10,1.5e-10,0.0652,28400000000.0,1390000000.0,12.1,-78.95
2.8e-05,1.7e-05,3e-13,5e-10,2e-10,0.0652,28400000000.0,1390000000.0,12.1,-78.64
2.8e-05,1.7e-05,3e-13,5e-10,2.5e-10,0.0652,28400000000.0,1370000000.0,12.1,-78.6
2.8e-05,1.7e-05,4e-13,4e-10,1e-10,0.0652,30700000000.0,1510000000.0,11.79,-79.96
2.8e-05,1.7e-05,4e-13,4e-10,5e-11,0.0652,30700000000.0,1500000000.0,11.79,-79.72
2.8e-05,1.7e-05,4e-13,4e-10,1.5e-10,0.0652,30700000000.0,1510000000.0,11.8,-80.08
2.8e-05,1.7e-05,4e-13,4e-10,2e-10,0.0652,30700000000.0,1500000000.0,11.79,-79.76
2.8e-05,1.7e-05,4e-13,4e-10,2.5e-10,0.0652,30700000000.0,1510000000.0,11.79,-79.93
2.8e-05,1.7e-05,4e-13,3e-10,1e-10,0.0652,34200000000.0,1790000000.0,11.13,-82.05
2.8e-05,1.7e-05,4e-13,3e-10,5e-11,0.0652,34200000000.0,1770000000.0,11.13,-82.01
2.8e-05,1.7e-05,4e-13,3e-10,1.5e-10,0.0652,34200000000.0,1780000000.0,11.13,-82.07
2.8e-05,1.7e-05,4e-13,3e-10,2.5e-10,0.0652,34200000000.0,1770000000.0,11.13,-82.19
2.8e-05,1.7e-05,4e-13,3.5e-10,1e-10,0.0652,32200000000.0,1620000000.0,11.52,-80.91
2.8e-05,1.7e-05,4e-13,3.5e-10,5e-11,0.0652,32200000000.0,1620000000.0,11.52,-81.37
2.8e-05,1.7e-05,4e-13,3.5e-10,1.5e-10,0.0652,32200000000.0,1620000000.0,11.52,-80.77
2.8e-05,1.7e-05,4e-13,3.5e-10,2.5e-10,0.0652,32200000000.0,1610000000.0,11.52,-80.72
2.8e-05,1.7e-05,4e-13,4.5e-10,1e-10,0.0652,29400000000.0,1430000000.0,11.97,-79.01
2.8e-05,1.7e-05,4e-13,4.5e-10,1.5e-10,0.0652,29400000000.0,1420000000.0,11.98,-79.13
2.8e-05,1.7e-05,4e-13,4.5e-10,2e-10,0.0652,29400000000.0,1430000000.0,11.97,-79.13
2.8e-05,1.7e-05,4e-13,4.5e-10,2.5e-10,0.0652,29400000000.0,1430000000.0,11.97,-79.06
2.8e-05,1.7e-05,4e-13,5e-10,1e-10,0.0652,28400000000.0,1380000000.0,12.1,-78.47
2.8e-05,1.7e-05,4e-13,5e-10,5e-11,0.0652,28400000000.0,1380000000.0,12.1,-78.72
2.8e-05,1.7e-05,4e-13,5e-10,1.5e-10,0.0652,28400000000.0,1370000000.0,12.1,-78.39
2.8e-05,1.7e-05,4e-13,5e-10,2e-10,0.0652,28400000000.0,1370000000.0,12.1,-78.5
2.8e-05,1.7e-05,4e-13,5e-10,2.5e-10,0.0652,28400000000.0,1370000000.0,12.1,-78.68
2.8e-05,1.7e-05,6e-13,4e-10,1e-10,0.0652,30700000000.0,1500000000.0,11.8,-80.07
2.8e-05,1.7e-05,6e-13,4e-10,5e-11,0.0652,30700000000.0,1500000000.0,11.79,-79.91
2.8e-05,1.7e-05,6e-13,4e-10,1.5e-10,0.0652,30700000000.0,1510000000.0,11.8,-79.93
2.8e-05,1.7e-05,6e-13,4e-10,2e-10,0.0652,30700000000.0,1500000000.0,11.8,-80.08
2.8e-05,1.7e-05,6e-13,3e-10,1e-10,0.0652,34200000000.0,1770000000.0,11.13,-82.02
2.8e-05,1.7e-05,6e-13,3e-10,5e-11,0.0652,34200000000.0,1780000000.0,11.13,-82.22
2.8e-05,1.7e-05,6e-13,3e-10,2e-10,0.0652,34200000000.0,1770000000.0,11.13,-81.94
2.8e-05,1.7e-05,6e-13,3e-10,2.5e-10,0.0652,34200000000.0,1780000000.0,11.13,-82.03
2.8e-05,1.7e-05,6e-13,3.5e-10,1e-10,0.0652,32200000000.0,1620000000.0,11.52,-80.7
2.8e-05,1.7e-05,6e-13,3.5e-10,1.5e-10,0.0652,32200000000.0,1620000000.0,11.52,-81.38
2.8e-05,1.7e-05,6e-13,4.5e-10,1e-10,0.0652,29400000000.0,1430000000.0,11.97,-79.02
2.8e-05,1.7e-05,6e-13,4.5e-10,5e-11,0.0652,29400000000.0,1430000000.0,11.98,-79.31
2.8e-05,1.7e-05,6e-13,5e-10,5e-11,0.0652,28400000000.0,1370000000.0,12.1,-78.41
2.8e-05,1.7e-05,6e-13,5e-10,1.5e-10,0.0652,28400000000.0,1380000000.0,12.1,-78.38
2.8e-05,1.7e-05,6e-13,5e-10,2e-10,0.0652,28400000000.0,1370000000.0,12.1,-78.67
2.8e-05,1.7e-05,6e-13,5e-10,2.5e-10,0.0652,28400000000.0,1390000000.0,12.1,-78.62
2.8e-05,1.7e-05,7e-13,4e-10,1e-10,0.0652,30700000000.0,1500000000.0,11.79,-79.88
2.8e-05,1.7e-05,7e-13,4e-10,5e-11,0.0652,30700000000.0,1500000000.0,11.79,-79.79
2.8e-05,1.7e-05,7e-13,4e-10,1.5e-10,0.0652,30700000000.0,1510000000.0,11.79,-79.97
2.8e-05,1.7e-05,7e-13,3e-10,1e-10,0.0652,34200000000.0,1770000000.0,11.13,-80.56
2.8e-05,1.7e-05,7e-13,3e-10,5e-11,0.0652,34200000000.0,1780000000.0,11.13,-82.11
2.8e-05,1.7e-05,7e-13,3e-10,1.5e-10,0.0652,34200000000.0,1770000000.0,11.13,-82.0
2.8e-05,1.7e-05,7e-13,3e-10,2e-10,0.0652,34200000000.0,1780000000.0,11.13,-82.93
2.8e-05,1.7e-05,7e-13,3.5e-10,1e-10,0.0652,32200000000.0,1610000000.0,11.52,-80.95
2.8e-05,1.7e-05,7e-13,3.5e-10,2e-10,0.0652,32200000000.0,1620000000.0,11.52,-81.39
2.8e-05,1.7e-05,7e-13,3.5e-10,2.5e-10,0.0652,32200000000.0,1610000000.0,11.52,-80.93
2.8e-05,1.7e-05,7e-13,4.5e-10,1e-10,0.0652,29400000000.0,1430000000.0,11.98,-79.2
2.8e-05,1.7e-05,7e-13,4.5e-10,5e-11,0.0652,29400000000.0,1430000000.0,11.98,-79.18
2.8e-05,1.7e-05,7e-13,4.5e-10,1.5e-10,0.0652,29400000000.0,1420000000.0,11.98,-79.0
2.8e-05,1.7e-05,7e-13,4.5e-10,2.5e-10,0.0652,29400000000.0,1440000000.0,11.97,-79.04
2.8e-05,1.7e-05,7e-13,5e-10,1e-10,0.0652,28400000000.0,1380000000.0,12.1,-78.05
2.8e-05,1.7e-05,7e-13,5e-10,5e-11,0.0652,28400000000.0,1370000000.0,12.1,-78.74
2.8e-05,1.7e-05,7e-13,5e-10,2e-10,0.0652,28400000000.0,1380000000.0,12.1,-78.68
2.8e-05,1.7e-05,7e-13,5e-10,2.5e-10,0.0652,28400000000.0,1380000000.0,12.1,-78.65
2.8e-05,1.8e-05,5e-13,4e-10,1e-10,0.0652,30500000000.0,1490000000.0,11.77,-79.65
2.8e-05,1.8e-05,5e-13,4e-10,5e-11,0.0652,30500000000.0,1490000000.0,11.77,-79.84
2.8e-05,1.8e-05,5e-13,4e-10,1.5e-10,0.0652,30500000000.0,1490000000.0,11.76,-79.72
2.8e-05,1.8e-05,5e-13,4e-10,2e-10,0.0652,30500000000.0,1490000000.0,11.77,-80.52
2.8e-05,1.8e-05,5e-13,4e-10,2.5e-10,0.0652,30500000000.0,1490000000.0,11.76,-79.82
2.8e-05,1.8e-05,5e-13,3e-10,1e-10,0.0652,34100000000.0,1760000000.0,11.1,-82.85
2.8e-05,1.8e-05,5e-13,3e-10,1.5e-10,0.0652,34100000000.0,1760000000.0,11.09,-82.21
2.8e-05,1.8e-05,5e-13,3e-10,2e-10,0.0652,34100000000.0,1760000000.0,11.1,-79.97
2.8e-05,1.8e-05,5e-13,3e-10,2.5e-10,0.0652,34100000000.0,1750000000.0,11.1,-82.0
2.8e-05,1.8e-05,5e-13,3.5e-10,1e-10,0.0652,32100000000.0,1600000000.0,11.49,-80.52
2.8e-05,1.8e-05,5e-13,3.5e-10,5e-11,0.0652,32100000000.0,1600000000.0,11.49,-80.58
2.8e-05,1.8e-05,5e-13,3.5e-10,1.5e-10,0.0652,32100000000.0,1600000000.0,11.49,-80.82
2.8e-05,1.8e-05,5e-13,3.5e-10,2e-10,0.0652,32100000000.0,1590000000.0,11.49,-72.64
2.8e-05,1.8e-05,5e-13,3.5e-10,2.5e-10,0.0652,32100000000.0,1600000000.0,11.49,-81.19
2.8e-05,1.8e-05,5e-13,4.5e-10,1e-10,0.0652,29300000000.0,1420000000.0,11.95,-78.95
2.8e-05,1.8e-05,5e-13,4.5e-10,5e-11,0.0652,29300000000.0,1420000000.0,11.94,-79.44
2.8e-05,1.8e-05,5e-13,4.5e-10,1.5e-10,0.0652,29300000000.0,1420000000.0,11.94,-78.92
2.8e-05,1.8e-05,5e-13,4.5e-10,2e-10,0.0652,29300000000.0,1430000000.0,11.95,-70.93
2.8e-05,1.8e-05,5e-13,4.5e-10,2.5e-10,0.0652,29300000000.0,1420000000.0,11.95,-78.91
2.8e-05,1.8e-05,5e-13,5e-10,1e-10,0.0652,28300000000.0,1370000000.0,12.07,-78.3
2.8e-05,1.8e-05,5e-13,5e-10,5e-11,0.0652,28300000000.0,1380000000.0,12.07,-78.48
2.8e-05,1.8e-05,5e-13,5e-10,1.5e-10,0.0652,28300000000.0,1360000000.0,12.07,-78.58
2.8e-05,1.8e-05,5e-13,5e-10,2e-10,0.0652,28300000000.0,1370000000.0,12.07,-78.32
2.8e-05,1.8e-05,5e-13,5e-10,2.5e-10,0.0652,28300000000.0,1370000000.0,12.07,-78.27
2.8e-05,1.8e-05,3e-13,4e-10,1e-10,0.0652,30500000000.0,1490000000.0,11.76,-79.95
2.8e-05,1.8e-05,3e-13,4e-10,5e-11,0.0652,30500000000.0,1500000000.0,11.76,-79.91
2.8e-05,1.8e-05,3e-13,4e-10,1.5e-10,0.0652,30500000000.0,1490000000.0,11.76,-79.93
2.8e-05,1.8e-05,3e-13,4e-10,2e-10,0.0652,30500000000.0,1490000000.0,11.76,-79.97
2.8e-05,1.8e-05,3e-13,4e-10,2.5e-10,0.0652,30500000000.0,1490000000.0,11.76,-79.6
2.8e-05,1.8e-05,3e-13,3e-10,1e-10,0.0652,34100000000.0,1770000000.0,11.1,-81.86
2.8e-05,1.8e-05,3e-13,3e-10,5e-11,0.0652,34100000000.0,1760000000.0,11.1,-81.52
2.8e-05,1.8e-05,3e-13,3e-10,2e-10,0.0652,34100000000.0,1760000000.0,11.1,-81.87
2.8e-05,1.8e-05,3e-13,3e-10,2.5e-10,0.0652,34100000000.0,1760000000.0,11.1,-81.86
2.8e-05,1.8e-05,3e-13,3.5e-10,1e-10,0.0652,32100000000.0,1600000000.0,11.49,-80.78
2.8e-05,1.8e-05,3e-13,3.5e-10,5e-11,0.0652,32100000000.0,1600000000.0,11.49,-80.67
2.8e-05,1.8e-05,3e-13,3.5e-10,1.5e-10,0.0652,32100000000.0,1600000000.0,11.49,-80.77
2.8e-05,1.8e-05,3e-13,3.5e-10,2e-10,0.0652,32100000000.0,1600000000.0,11.49,-80.63
2.8e-05,1.8e-05,3e-13,3.5e-10,2.5e-10,0.0652,32100000000.0,1600000000.0,11.49,-73.76
2.8e-05,1.8e-05,3e-13,4.5e-10,1e-10,0.0652,29300000000.0,1420000000.0,11.95,-79.2
2.8e-05,1.8e-05,3e-13,4.5e-10,5e-11,0.0652,29300000000.0,1420000000.0,11.94,-78.89
2.8e-05,1.8e-05,3e-13,4.5e-10,1.5e-10,0.0652,29300000000.0,1430000000.0,11.95,-79.03
2.8e-05,1.8e-05,3e-13,4.5e-10,2e-10,0.0652,29300000000.0,1420000000.0,11.95,-79.13
2.8e-05,1.8e-05,3e-13,4.5e-10,2.5e-10,0.0652,29300000000.0,1430000000.0,11.95,-79.28
2.8e-05,1.8e-05,3e-13,5e-10,1e-10,0.0652,28300000000.0,1370000000.0,12.07,-78.8
2.8e-05,1.8e-05,3e-13,5e-10,5e-11,0.0652,28300000000.0,1370000000.0,12.07,-78.28
2.8e-05,1.8e-05,3e-13,5e-10,1.5e-10,0.0652,28300000000.0,1370000000.0,12.07,-78.48
2.8e-05,1.8e-05,3e-13,5e-10,2e-10,0.0652,28300000000.0,1370000000.0,12.07,-80.37
2.8e-05,1.8e-05,3e-13,5e-10,2.5e-10,0.0652,28300000000.0,1370000000.0,12.07,-78.5
2.8e-05,1.8e-05,4e-13,4e-10,1e-10,0.0652,30500000000.0,1490000000.0,11.76,-79.68
2.8e-05,1.8e-05,4e-13,4e-10,5e-11,0.0652,30500000000.0,1490000000.0,11.76,-79.96
2.8e-05,1.8e-05,4e-13,4e-10,1.5e-10,0.0652,30500000000.0,1490000000.0,11.76,-79.91
2.8e-05,1.8e-05,4e-13,4e-10,2e-10,0.0652,30500000000.0,1490000000.0,11.77,-79.77
2.8e-05,1.8e-05,4e-13,4e-10,2.5e-10,0.0652,30500000000.0,1500000000.0,11.76,-79.81
2.8e-05,1.8e-05,4e-13,3e-10,1e-10,0.0652,34100000000.0,1750000000.0,11.1,-82.01
2.8e-05,1.8e-05,4e-13,3e-10,5e-11,0.0652,34100000000.0,1760000000.0,11.1,-80.11
2.8e-05,1.8e-05,4e-13,3e-10,1.5e-10,0.0652,34100000000.0,1750000000.0,11.1,-82.33
2.8e-05,1.8e-05,4e-13,3e-10,2e-10,0.0652,34100000000.0,1760000000.0,11.1,-82.03
2.8e-05,1.8e-05,4e-13,3e-10,2.5e-10,0.0652,34100000000.0,1760000000.0,11.1,-81.95
2.8e-05,1.8e-05,4e-13,3.5e-10,1e-10,0.0652,32100000000.0,1590000000.0,11.49,-80.81
2.8e-05,1.8e-05,4e-13,3.5e-10,5e-11,0.0652,32100000000.0,1610000000.0,11.49,-80.84
2.8e-05,1.8e-05,4e-13,3.5e-10,1.5e-10,0.0652,32100000000.0,1600000000.0,11.49,-80.8
2.8e-05,1.8e-05,4e-13,3.5e-10,2.5e-10,0.0652,32100000000.0,1600000000.0,11.49,-80.66
2.8e-05,1.8e-05,4e-13,4.5e-10,1e-10,0.0652,29300000000.0,1430000000.0,11.95,-78.91
2.8e-05,1.8e-05,4e-13,4.5e-10,5e-11,0.0652,29300000000.0,1430000000.0,11.95,-79.17
2.8e-05,1.8e-05,4e-13,4.5e-10,1.5e-10,0.0652,29300000000.0,1420000000.0,11.95,-79.21
2.8e-05,1.8e-05,4e-13,4.5e-10,2e-10,0.0652,29300000000.0,1420000000.0,11.95,-79.0
2.8e-05,1.8e-05,4e-13,5e-10,5e-11,0.0652,28300000000.0,1380000000.0,12.07,-78.84
2.8e-05,1.8e-05,4e-13,5e-10,1.5e-10,0.0652,28300000000.0,1370000000.0,12.07,-78.36
2.8e-05,1.8e-05,4e-13,5e-10,2e-10,0.0652,28300000000.0,1360000000.0,12.07,-78.45
2.8e-05,1.8e-05,6e-13,4e-10,1e-10,0.0652,30500000000.0,1490000000.0,11.76,-79.92
2.8e-05,1.8e-05,6e-13,4e-10,2e-10,0.0652,30500000000.0,1500000000.0,11.76,-79.74
2.8e-05,1.8e-05,6e-13,4e-10,2.5e-10,0.0652,30500000000.0,1490000000.0,11.77,-79.82
2.8e-05,1.8e-05,6e-13,3e-10,1e-10,0.0652,34100000000.0,1750000000.0,11.1,-81.75
2.8e-05,1.8e-05,6e-13,3e-10,5e-11,0.0652,34100000000.0,1760000000.0,11.1,-81.9
2.8e-05,1.8e-05,6e-13,3e-10,1.5e-10,0.0652,34100000000.0,1760000000.0,11.09,-82.03
2.8e-05,1.8e-05,6e-13,3e-10,2e-10,0.0652,34100000000.0,1750000000.0,11.1,-75.95
2.8e-05,1.8e-05,6e-13,3e-10,2.5e-10,0.0652,34100000000.0,1760000000.0,11.1,-82.16
2.8e-05,1.8e-05,6e-13,3.5e-10,1e-10,0.0652,32100000000.0,1600000000.0,11.49,-80.61
2.8e-05,1.8e-05,6e-13,3.5e-10,5e-11,0.0652,32100000000.0,1600000000.0,11.49,-80.69
2.8e-05,1.8e-05,6e-13,3.5e-10,1.5e-10,0.0652,32100000000.0,1600000000.0,11.49,-80.6
2.8e-05,1.8e-05,6e-13,3.5e-10,2e-10,0.0652,32100000000.0,1590000000.0,11.49,-80.87
2.8e-05,1.8e-05,6e-13,3.5e-10,2.5e-10,0.0652,32100000000.0,1600000000.0,11.49,-80.49
2.8e-05,1.8e-05,6e-13,4.5e-10,5e-11,0.0652,29300000000.0,1420000000.0,11.94,-78.85
2.8e-05,1.8e-05,6e-13,4.5e-10,1.5e-10,0.0652,29300000000.0,1420000000.0,11.95,-79.02
2.8e-05,1.8e-05,6e-13,4.5e-10,2e-10,0.0652,29300000000.0,1420000000.0,11.94,-79.31
2.8e-05,1.8e-05,6e-13,4.5e-10,2.5e-10,0.0652,29300000000.0,1420000000.0,11.94,-78.93
2.8e-05,1.8e-05,6e-13,5e-10,5e-11,0.0652,28300000000.0,1360000000.0,12.07,-78.48
2.8e-05,1.8e-05,6e-13,5e-10,2e-10,0.0652,28300000000.0,1360000000.0,12.07,-78.35
2.8e-05,1.8e-05,6e-13,5e-10,2.5e-10,0.0652,28300000000.0,1360000000.0,12.07,-78.46
2.8e-05,1.8e-05,7e-13,4e-10,1e-10,0.0652,30500000000.0,1490000000.0,11.76,-79.65
2.8e-05,1.8e-05,7e-13,4e-10,5e-11,0.0652,30500000000.0,1490000000.0,11.76,-79.98
2.8e-05,1.8e-05,7e-13,3e-10,1e-10,0.0652,34100000000.0,1760000000.0,11.1,-82.0
2.8e-05,1.8e-05,7e-13,3e-10,5e-11,0.0652,34100000000.0,1760000000.0,11.1,-82.17
2.8e-05,1.8e-05,7e-13,3e-10,1.5e-10,0.0652,34100000000.0,1750000000.0,11.1,-82.09
2.8e-05,1.8e-05,7e-13,3e-10,2e-10,0.0652,34100000000.0,1750000000.0,11.1,-75.87
2.8e-05,1.8e-05,7e-13,3e-10,2.5e-10,0.0652,34100000000.0,1760000000.0,11.09,-81.73
2.8e-05,1.8e-05,7e-13,3.5e-10,1e-10,0.0652,32100000000.0,1600000000.0,11.49,-80.87
2.8e-05,1.8e-05,7e-13,3.5e-10,5e-11,0.0652,32100000000.0,1600000000.0,11.49,-80.43
2.8e-05,1.8e-05,7e-13,3.5e-10,2.5e-10,0.0652,32100000000.0,1600000000.0,11.49,-80.65
2.8e-05,1.8e-05,7e-13,4.5e-10,1e-10,0.0652,29300000000.0,1420000000.0,11.95,-78.99
2.8e-05,1.8e-05,7e-13,4.5e-10,5e-11,0.0652,29300000000.0,1420000000.0,11.95,-78.9
2.8e-05,1.8e-05,7e-13,4.5e-10,1.5e-10,0.0652,29300000000.0,1410000000.0,11.94,-78.98
2.8e-05,1.8e-05,7e-13,4.5e-10,2e-10,0.0652,29300000000.0,1420000000.0,11.94,-79.14
2.8e-05,1.8e-05,7e-13,5e-10,1e-10,0.0652,28300000000.0,1370000000.0,12.07,-78.52
2.8e-05,1.8e-05,7e-13,5e-10,2.5e-10,0.0652,28300000000.0,1370000000.0,12.07,-78.26
2.8e-05,1.9e-05,5e-13,4e-10,1e-10,0.0652,30400000000.0,1470000000.0,11.73,-79.73
2.8e-05,1.9e-05,5e-13,4e-10,5e-11,0.0652,30400000000.0,1480000000.0,11.73,-79.63
2.8e-05,1.9e-05,5e-13,4e-10,1.5e-10,0.0652,30400000000.0,1480000000.0,11.73,-79.65
2.8e-05,1.9e-05,5e-13,4e-10,2e-10,0.0652,30400000000.0,1480000000.0,11.73,-79.78
2.8e-05,1.9e-05,5e-13,3e-10,1e-10,0.0652,34000000000.0,1720000000.0,11.06,-81.83
2.8e-05,1.9e-05,5e-13,3e-10,5e-11,0.0652,34000000000.0,1730000000.0,11.06,-81.6
2.8e-05,1.9e-05,5e-13,3e-10,1.5e-10,0.0652,34000000000.0,1740000000.0,11.06,-81.72
2.8e-05,1.9e-05,5e-13,3e-10,2e-10,0.0652,34000000000.0,1720000000.0,11.06,-81.82
2.8e-05,1.9e-05,5e-13,3e-10,2.5e-10,0.0652,34000000000.0,1720000000.0,11.06,-76.46
2.8e-05,1.9e-05,5e-13,3.5e-10,1e-10,0.0652,32000000000.0,1570000000.0,11.46,-80.47
2.8e-05,1.9e-05,5e-13,3.5e-10,5e-11,0.0652,32000000000.0,1570000000.0,11.45,-80.65
2.8e-05,1.9e-05,5e-13,3.5e-10,1.5e-10,0.0652,32000000000.0,1570000000.0,11.45,-80.41
2.8e-05,1.9e-05,5e-13,3.5e-10,2e-10,0.0652,32000000000.0,1570000000.0,11.45,-80.45
2.8e-05,1.9e-05,5e-13,3.5e-10,2.5e-10,0.0652,32000000000.0,1570000000.0,11.45,-80.66
2.8e-05,1.9e-05,5e-13,4.5e-10,1e-10,0.0652,29200000000.0,1400000000.0,11.91,-78.99
2.8e-05,1.9e-05,5e-13,4.5e-10,5e-11,0.0652,29200000000.0,1400000000.0,11.91,-78.98
2.8e-05,1.9e-05,5e-13,4.5e-10,1.5e-10,0.0652,29200000000.0,1400000000.0,11.91,-79.08
2.8e-05,1.9e-05,5e-13,4.5e-10,2e-10,0.0652,29200000000.0,1410000000.0,11.91,-79.16
2.8e-05,1.9e-05,5e-13,4.5e-10,2.5e-10,0.0652,29200000000.0,1400000000.0,11.91,-78.91
2.8e-05,1.9e-05,5e-13,5e-10,1e-10,0.0652,28200000000.0,1350000000.0,12.04,-78.53
2.8e-05,1.9e-05,5e-13,5e-10,5e-11,0.0652,28200000000.0,1350000000.0,12.04,-78.24
2.8e-05,1.9e-05,5e-13,5e-10,1.5e-10,0.0652,28200000000.0,1350000000.0,12.04,-78.38
2.8e-05,1.9e-05,5e-13,5e-10,2e-10,0.0652,28200000000.0,1350000000.0,12.04,-78.54
2.8e-05,1.9e-05,5e-13,5e-10,2.5e-10,0.0652,28200000000.0,1350000000.0,12.04,-78.21
2.8e-05,1.9e-05,3e-13,4e-10,1e-10,0.0652,30400000000.0,1480000000.0,11.73,-79.62
2.8e-05,1.9e-05,3e-13,4e-10,5e-11,0.0652,30500000000.0,1480000000.0,11.73,-79.53
2.8e-05,1.9e-05,3e-13,4e-10,1.5e-10,0.0652,30400000000.0,1470000000.0,11.73,-79.72
2.8e-05,1.9e-05,3e-13,4e-10,2e-10,0.0652,30400000000.0,1480000000.0,11.73,-79.54
2.8e-05,1.9e-05,3e-13,4e-10,2.5e-10,0.0652,30400000000.0,1480000000.0,11.73,-79.57
2.8e-05,1.9e-05,3e-13,3e-10,1e-10,0.0652,34000000000.0,1740000000.0,11.06,-81.65
2.8e-05,1.9e-05,3e-13,3e-10,5e-11,0.0652,34000000000.0,1730000000.0,11.06,-81.9
2.8e-05,1.9e-05,3e-13,3e-10,1.5e-10,0.0652,34000000000.0,1730000000.0,11.06,-81.69
2.8e-05,1.9e-05,3e-13,3e-10,2e-10,0.0652,34000000000.0,1730000000.0,11.06,-81.79
2.8e-05,1.9e-05,3e-13,3e-10,2.5e-10,0.0652,34000000000.0,1720000000.0,11.06,-81.77
2.8e-05,1.9e-05,3e-13,3.5e-10,1e-10,0.0652,32000000000.0,1580000000.0,11.46,-80.45
2.8e-05,1.9e-05,3e-13,3.5e-10,5e-11,0.0652,32000000000.0,1580000000.0,11.45,-80.89
2.8e-05,1.9e-05,3e-13,3.5e-10,1.5e-10,0.0652,32000000000.0,1580000000.0,11.45,-80.46
2.8e-05,1.9e-05,3e-13,3.5e-10,2e-10,0.0652,32000000000.0,1580000000.0,11.45,-80.57
2.8e-05,1.9e-05,3e-13,4.5e-10,1e-10,0.0652,29200000000.0,1410000000.0,11.91,-78.95
2.8e-05,1.9e-05,3e-13,4.5e-10,5e-11,0.0652,29200000000.0,1410000000.0,11.91,-78.86
2.8e-05,1.9e-05,3e-13,4.5e-10,1.5e-10,0.0652,29200000000.0,1400000000.0,11.91,-81.0
2.8e-05,1.9e-05,3e-13,4.5e-10,2.5e-10,0.0652,29200000000.0,1410000000.0,11.91,-78.54
2.8e-05,1.9e-05,3e-13,5e-10,1e-10,0.0652,28200000000.0,1350000000.0,12.03,-78.18
2.8e-05,1.9e-05,3e-13,5e-10,5e-11,0.0652,28200000000.0,1350000000.0,12.04,-78.48
2.8e-05,1.9e-05,3e-13,5e-10,1.5e-10,0.0652,28200000000.0,1350000000.0,12.04,-78.49
2.8e-05,1.9e-05,3e-13,5e-10,2e-10,0.0652,28200000000.0,1350000000.0,12.04,-78.27
2.8e-05,1.9e-05,3e-13,5e-10,2.5e-10,0.0652,28200000000.0,1350000000.0,12.04,-78.37
2.8e-05,1.9e-05,4e-13,4e-10,1e-10,0.0652,30400000000.0,1480000000.0,11.73,-79.66
2.8e-05,1.9e-05,4e-13,4e-10,5e-11,0.0652,30400000000.0,1470000000.0,11.73,-80.4
2.8e-05,1.9e-05,4e-13,4e-10,1.5e-10,0.0652,30400000000.0,1470000000.0,11.73,-79.65
2.8e-05,1.9e-05,4e-13,4e-10,2e-10,0.0652,30400000000.0,1470000000.0,11.73,-79.51
2.8e-05,1.9e-05,4e-13,4e-10,2.5e-10,0.0652,30400000000.0,1470000000.0,11.73,-79.87
2.8e-05,1.9e-05,4e-13,3e-10,1e-10,0.0652,34000000000.0,1730000000.0,11.06,-81.62
2.8e-05,1.9e-05,4e-13,3e-10,5e-11,0.0652,34000000000.0,1740000000.0,11.06,-82.08
2.8e-05,1.9e-05,4e-13,3e-10,1.5e-10,0.0652,34000000000.0,1740000000.0,11.06,-81.71
2.8e-05,1.9e-05,4e-13,3e-10,2e-10,0.0652,34000000000.0,1740000000.0,11.06,-81.66
2.8e-05,1.9e-05,4e-13,3e-10,2.5e-10,0.0652,34000000000.0,1720000000.0,11.06,-81.71
2.8e-05,1.9e-05,4e-13,3.5e-10,1e-10,0.0652,32000000000.0,1580000000.0,11.45,-80.58
2.8e-05,1.9e-05,4e-13,3.5e-10,5e-11,0.0652,32000000000.0,1580000000.0,11.45,-80.44
2.8e-05,1.9e-05,4e-13,3.5e-10,1.5e-10,0.0652,32000000000.0,1570000000.0,11.46,-80.23
2.8e-05,1.9e-05,4e-13,3.5e-10,2e-10,0.0652,32000000000.0,1570000000.0,11.45,-80.46
2.8e-05,1.9e-05,4e-13,3.5e-10,2.5e-10,0.0652,32000000000.0,1580000000.0,11.45,-80.71
2.8e-05,1.9e-05,4e-13,4.5e-10,1e-10,0.0652,29200000000.0,1400000000.0,11.91,-78.79
2.8e-05,1.9e-05,4e-13,4.5e-10,5e-11,0.0652,29200000000.0,1410000000.0,11.91,-79.06
2.8e-05,1.9e-05,4e-13,4.5e-10,1.5e-10,0.0652,29200000000.0,1400000000.0,11.91,-78.85
2.8e-05,1.9e-05,4e-13,4.5e-10,2e-10,0.0652,29200000000.0,1400000000.0,11.91,-79.1
2.8e-05,1.9e-05,4e-13,5e-10,5e-11,0.0652,28200000000.0,1350000000.0,12.04,-78.47
2.8e-05,1.9e-05,4e-13,5e-10,1.5e-10,0.0652,28200000000.0,1350000000.0,12.04,-78.34
2.8e-05,1.9e-05,4e-13,5e-10,2e-10,0.0652,28200000000.0,1360000000.0,12.03,-78.21
2.8e-05,1.9e-05,4e-13,5e-10,2.5e-10,0.0652,28200000000.0,1350000000.0,12.04,-78.46
2.8e-05,1.9e-05,6e-13,4e-10,5e-11,0.0652,30400000000.0,1480000000.0,11.73,-79.55
2.8e-05,1.9e-05,6e-13,4e-10,1.5e-10,0.0652,30400000000.0,1470000000.0,11.73,-79.79
2.8e-05,1.9e-05,6e-13,4e-10,2e-10,0.0652,30400000000.0,1480000000.0,11.73,-79.93
2.8e-05,1.9e-05,6e-13,3e-10,5e-11,0.0652,34000000000.0,1730000000.0,11.06,-81.81
2.8e-05,1.9e-05,6e-13,3e-10,1.5e-10,0.0652,34000000000.0,1730000000.0,11.06,-81.78
2.8e-05,1.9e-05,6e-13,3e-10,2e-10,0.0652,34000000000.0,1720000000.0,11.06,-81.81
2.8e-05,1.9e-05,6e-13,3.5e-10,1e-10,0.0652,32000000000.0,1570000000.0,11.45,-80.97
2.8e-05,1.9e-05,6e-13,3.5e-10,5e-11,0.0652,32000000000.0,1580000000.0,11.45,-80.62
2.8e-05,1.9e-05,6e-13,3.5e-10,2e-10,0.0652,32000000000.0,1580000000.0,11.46,-80.49
2.8e-05,1.9e-05,6e-13,4.5e-10,1e-10,0.0652,29200000000.0,1410000000.0,11.91,-78.94
2.8e-05,1.9e-05,6e-13,4.5e-10,5e-11,0.0652,29200000000.0,1400000000.0,11.91,-78.89
2.8e-05,1.9e-05,6e-13,4.5e-10,1.5e-10,0.0652,29200000000.0,1400000000.0,11.91,-78.8
2.8e-05,1.9e-05,6e-13,4.5e-10,2e-10,0.0652,29200000000.0,1400000000.0,11.91,-78.84
2.8e-05,1.9e-05,6e-13,4.5e-10,2.5e-10,0.0652,29200000000.0,1410000000.0,11.91,-78.83
2.8e-05,1.9e-05,6e-13,5e-10,1e-10,0.0652,28200000000.0,1340000000.0,12.04,-78.13
2.8e-05,1.9e-05,6e-13,5e-10,5e-11,0.0652,28200000000.0,1360000000.0,12.03,-78.19
2.8e-05,1.9e-05,7e-13,4e-10,1e-10,0.0652,30400000000.0,1470000000.0,11.73,-79.88
2.8e-05,1.9e-05,7e-13,4e-10,5e-11,0.0652,30400000000.0,1470000000.0,11.73,-79.67
2.8e-05,1.9e-05,7e-13,4e-10,1.5e-10,0.0652,30400000000.0,1470000000.0,11.73,-79.58
2.8e-05,1.9e-05,7e-13,4e-10,2e-10,0.0652,30400000000.0,1480000000.0,11.73,-79.56
2.8e-05,1.9e-05,7e-13,3e-10,5e-11,0.0652,34000000000.0,1740000000.0,11.06,-81.73
2.8e-05,1.9e-05,7e-13,3e-10,1.5e-10,0.0652,34000000000.0,1720000000.0,11.06,-76.33
2.8e-05,1.9e-05,7e-13,3e-10,2e-10,0.0652,34000000000.0,1720000000.0,11.06,-76.3
2.8e-05,1.9e-05,7e-13,3e-10,2.5e-10,0.0652,34000000000.0,1730000000.0,11.05,-81.62
2.8e-05,1.9e-05,7e-13,3.5e-10,1e-10,0.0652,32000000000.0,1580000000.0,11.45,-80.66
2.8e-05,1.9e-05,7e-13,3.5e-10,5e-11,0.0652,32000000000.0,1580000000.0,11.46,-80.37
2.8e-05,1.9e-05,7e-13,3.5e-10,1.5e-10,0.0652,32000000000.0,1570000000.0,11.45,-80.67
2.8e-05,1.9e-05,7e-13,3.5e-10,2e-10,0.0652,32000000000.0,1580000000.0,11.46,-80.41
2.8e-05,1.9e-05,7e-13,3.5e-10,2.5e-10,0.0652,32000000000.0,1580000000.0,11.45,-80.63
2.8e-05,1.9e-05,7e-13,4.5e-10,1e-10,0.0652,29200000000.0,1400000000.0,11.91,-78.82
2.8e-05,1.9e-05,7e-13,4.5e-10,5e-11,0.0652,29200000000.0,1410000000.0,11.91,-78.84
2.8e-05,1.9e-05,7e-13,4.5e-10,2e-10,0.0652,29200000000.0,1400000000.0,11.91,-78.9
2.8e-05,1.9e-05,7e-13,4.5e-10,2.5e-10,0.0652,29200000000.0,1400000000.0,11.91,-79.05
2.8e-05,1.9e-05,7e-13,5e-10,5e-11,0.0652,28200000000.0,1340000000.0,12.04,-78.33
2.8e-05,1.9e-05,7e-13,5e-10,1.5e-10,0.0652,28200000000.0,1350000000.0,12.04,-78.45
2.8e-05,1.9e-05,7e-13,5e-10,2.5e-10,0.0652,28200000000.0,1360000000.0,12.03,-78.22
2.8e-05,2e-05,5e-13,4e-10,1e-10,0.0652,30400000000.0,1440000000.0,11.69,-79.65
2.8e-05,2e-05,5e-13,4e-10,5e-11,0.0652,30400000000.0,1440000000.0,11.69,-79.37
2.8e-05,2e-05,5e-13,4e-10,1.5e-10,0.0652,30400000000.0,1440000000.0,11.69,-79.83
2.8e-05,2e-05,5e-13,4e-10,2e-10,0.0652,30400000000.0,1450000000.0,11.69,-79.64
2.8e-05,2e-05,5e-13,4e-10,2.5e-10,0.0652,30400000000.0,1450000000.0,11.69,-79.58
2.8e-05,2e-05,5e-13,3e-10,1e-10,0.0652,33900000000.0,1690000000.0,11.01,-81.72
2.8e-05,2e-05,5e-13,3e-10,5e-11,0.0652,33900000000.0,1690000000.0,11.01,-81.6
2.8e-05,2e-05,5e-13,3e-10,1.5e-10,0.0652,33900000000.0,1700000000.0,11.01,-81.69
2.8e-05,2e-05,5e-13,3e-10,2e-10,0.0652,33900000000.0,1700000000.0,11.01,-81.6
2.8e-05,2e-05,5e-13,3e-10,2.5e-10,0.0652,33900000000.0,1690000000.0,11.01,-81.52
2.8e-05,2e-05,5e-13,3.5e-10,1e-10,0.0652,31900000000.0,1550000000.0,11.41,-80.91
2.8e-05,2e-05,5e-13,3.5e-10,5e-11,0.0652,31900000000.0,1540000000.0,11.41,-80.4
2.8e-05,2e-05,5e-13,3.5e-10,1.5e-10,0.0652,31900000000.0,1550000000.0,11.41,-80.8
2.8e-05,2e-05,5e-13,3.5e-10,2e-10,0.0652,31900000000.0,1540000000.0,11.41,-80.28
2.8e-05,2e-05,5e-13,3.5e-10,2.5e-10,0.0652,31900000000.0,1540000000.0,11.41,-80.71
2.8e-05,2e-05,5e-13,4.5e-10,1e-10,0.0652,29100000000.0,1380000000.0,11.87,-78.95
2.8e-05,2e-05,5e-13,4.5e-10,5e-11,0.0652,29100000000.0,1370000000.0,11.87,-78.82
2.8e-05,2e-05,5e-13,4.5e-10,1.5e-10,0.0652,29100000000.0,1380000000.0,11.87,-78.74
2.8e-05,2e-05,5e-13,4.5e-10,2e-10,0.0652,29100000000.0,1380000000.0,11.87,-79.34
2.8e-05,2e-05,5e-13,4.5e-10,2.5e-10,0.0652,29100000000.0,1370000000.0,11.88,-78.99
2.8e-05,2e-05,5e-13,5e-10,1e-10,0.0652,28100000000.0,1340000000.0,12.0,-78.45
2.8e-05,2e-05,5e-13,5e-10,5e-11,0.0652,28100000000.0,1340000000.0,12.0,-78.18
2.8e-05,2e-05,5e-13,5e-10,1.5e-10,0.0652,28100000000.0,1330000000.0,12.0,-78.09
2.8e-05,2e-05,5e-13,5e-10,2e-10,0.0652,28100000000.0,1320000000.0,12.0,-77.76
2.8e-05,2e-05,3e-13,4e-10,1e-10,0.0652,30400000000.0,1440000000.0,11.69,-79.24
2.8e-05,2e-05,3e-13,4e-10,5e-11,0.0652,30400000000.0,1450000000.0,11.69,-79.34
2.8e-05,2e-05,3e-13,4e-10,2.5e-10,0.0652,30400000000.0,1440000000.0,11.69,-79.4
2.8e-05,2e-05,3e-13,3e-10,1e-10,0.0652,33900000000.0,1700000000.0,11.01,-81.63
2.8e-05,2e-05,3e-13,3e-10,5e-11,0.0652,33900000000.0,1690000000.0,11.01,-81.57
2.8e-05,2e-05,3e-13,3e-10,1.5e-10,0.0652,33900000000.0,1700000000.0,11.01,-81.48
2.8e-05,2e-05,3e-13,3e-10,2e-10,0.0652,33900000000.0,1700000000.0,11.01,-81.55
2.8e-05,2e-05,3e-13,3e-10,2.5e-10,0.0652,33900000000.0,1700000000.0,11.01,-81.22
2.8e-05,2e-05,3e-13,3.5e-10,1e-10,0.0652,31900000000.0,1550000000.0,11.41,-80.45
2.8e-05,2e-05,3e-13,3.5e-10,5e-11,0.0652,31900000000.0,1540000000.0,11.41,-80.56
2.8e-05,2e-05,3e-13,3.5e-10,1.5e-10,0.0652,31900000000.0,1550000000.0,11.41,-80.44
2.8e-05,2e-05,3e-13,3.5e-10,2e-10,0.0652,31900000000.0,1540000000.0,11.41,-80.75
2.8e-05,2e-05,3e-13,3.5e-10,2.5e-10,0.0652,31900000000.0,1540000000.0,11.41,-80.42
2.8e-05,2e-05,3e-13,4.5e-10,1e-10,0.0652,29100000000.0,1380000000.0,11.87,-78.7
2.8e-05,2e-05,3e-13,4.5e-10,5e-11,0.0652,29100000000.0,1380000000.0,11.88,-78.88
2.8e-05,2e-05,3e-13,4.5e-10,1.5e-10,0.0652,29100000000.0,1370000000.0,11.87,-78.9
2.8e-05,2e-05,3e-13,4.5e-10,2e-10,0.0652,29100000000.0,1380000000.0,11.87,-78.66
2.8e-05,2e-05,3e-13,4.5e-10,2.5e-10,0.0652,29100000000.0,1380000000.0,11.87,-78.8
2.8e-05,2e-05,3e-13,5e-10,1e-10,0.0652,28100000000.0,1340000000.0,12.0,-78.33
2.8e-05,2e-05,3e-13,5e-10,5e-11,0.0652,28100000000.0,1330000000.0,12.0,-78.32
2.8e-05,2e-05,3e-13,5e-10,1.5e-10,0.0652,28100000000.0,1340000000.0,12.0,-78.09
2.8e-05,2e-05,3e-13,5e-10,2e-10,0.0652,28100000000.0,1330000000.0,12.0,-78.24
2.8e-05,2e-05,3e-13,5e-10,2.5e-10,0.0652,28100000000.0,1330000000.0,12.0,-77.96
2.8e-05,2e-05,4e-13,4e-10,1e-10,0.0652,30400000000.0,1450000000.0,11.69,-79.59
2.8e-05,2e-05,4e-13,4e-10,1.5e-10,0.0652,30400000000.0,1440000000.0,11.69,-79.47
2.8e-05,2e-05,4e-13,4e-10,2e-10,0.0652,30400000000.0,1450000000.0,11.69,-79.35
2.8e-05,2e-05,4e-13,4e-10,2.5e-10,0.0652,30400000000.0,1440000000.0,11.69,-79.69
2.8e-05,2e-05,4e-13,3e-10,1.5e-10,0.0652,33900000000.0,1700000000.0,11.01,-81.46
2.8e-05,2e-05,4e-13,3e-10,2e-10,0.0652,33900000000.0,1690000000.0,11.01,-81.62
2.8e-05,2e-05,4e-13,3.5e-10,1e-10,0.0652,31900000000.0,1550000000.0,11.41,-80.33
2.8e-05,2e-05,4e-13,3.5e-10,1.5e-10,0.0652,31900000000.0,1540000000.0,11.41,-80.15
2.8e-05,2e-05,4e-13,3.5e-10,2e-10,0.0652,31900000000.0,1550000000.0,11.41,-80.25
2.8e-05,2e-05,4e-13,3.5e-10,2.5e-10,0.0652,31900000000.0,1550000000.0,11.41,-80.79
2.8e-05,2e-05,4e-13,4.5e-10,1e-10,0.0652,29100000000.0,1380000000.0,11.87,-78.67
2.8e-05,2e-05,4e-13,4.5e-10,5e-11,0.0652,29100000000.0,1380000000.0,11.88,-79.88
2.8e-05,2e-05,4e-13,4.5e-10,1.5e-10,0.0652,29100000000.0,1380000000.0,11.87,-78.96
2.8e-05,2e-05,4e-13,4.5e-10,2.5e-10,0.0652,29100000000.0,1370000000.0,11.87,-78.73
2.8e-05,2e-05,4e-13,5e-10,1e-10,0.0652,28100000000.0,1320000000.0,12.0,-78.22
2.8e-05,2e-05,4e-13,5e-10,5e-11,0.0652,28100000000.0,1340000000.0,12.0,-77.73
2.8e-05,2e-05,4e-13,5e-10,1.5e-10,0.0652,28100000000.0,1320000000.0,12.0,-78.35
2.8e-05,2e-05,4e-13,5e-10,2.5e-10,0.0652,28100000000.0,1320000000.0,12.0,-78.3
2.8e-05,2e-05,6e-13,4e-10,1e-10,0.0652,30400000000.0,1440000000.0,11.69,-79.41
2.8e-05,2e-05,6e-13,4e-10,5e-11,0.0652,30400000000.0,1450000000.0,11.69,-79.52
2.8e-05,2e-05,6e-13,4e-10,1.5e-10,0.0652,30400000000.0,1440000000.0,11.69,-79.81
2.8e-05,2e-05,6e-13,3e-10,1e-10,0.0652,33900000000.0,1700000000.0,11.01,-81.25
2.8e-05,2e-05,6e-13,3e-10,5e-11,0.0652,33900000000.0,1690000000.0,11.01,-81.63
2.8e-05,2e-05,6e-13,3e-10,2e-10,0.0652,33900000000.0,1700000000.0,11.01,-81.4
2.8e-05,2e-05,6e-13,3e-10,2.5e-10,0.0652,33900000000.0,1700000000.0,11.01,-81.74
2.8e-05,2e-05,6e-13,3.5e-10,1e-10,0.0652,31900000000.0,1540000000.0,11.41,-80.47
2.8e-05,2e-05,6e-13,3.5e-10,5e-11,0.0652,31900000000.0,1540000000.0,11.41,-79.58
2.8e-05,2e-05,6e-13,3.5e-10,2e-10,0.0652,31900000000.0,1540000000.0,11.41,-80.32
2.8e-05,2e-05,6e-13,4.5e-10,1e-10,0.0652,29100000000.0,1370000000.0,11.88,-78.7
2.8e-05,2e-05,6e-13,4.5e-10,5e-11,0.0652,29100000000.0,1370000000.0,11.87,-78.84
2.8e-05,2e-05,6e-13,4.5e-10,1.5e-10,0.0652,29100000000.0,1380000000.0,11.88,-78.91
2.8e-05,2e-05,6e-13,4.5e-10,2e-10,0.0652,29100000000.0,1370000000.0,11.87,-78.94
2.8e-05,2e-05,6e-13,4.5e-10,2.5e-10,0.0652,29100000000.0,1380000000.0,11.87,-78.75
2.8e-05,2e-05,6e-13,5e-10,1.5e-10,0.0652,28100000000.0,1330000000.0,12.0,-78.39
2.8e-05,2e-05,6e-13,5e-10,2e-10,0.0652,28100000000.0,1340000000.0,12.0,-78.12
2.8e-05,2e-05,7e-13,4e-10,1.5e-10,0.0652,30400000000.0,1440000000.0,11.69,-79.61
2.8e-05,2e-05,7e-13,4e-10,2e-10,0.0652,30400000000.0,1440000000.0,11.69,-79.7
2.8e-05,2e-05,7e-13,4e-10,2.5e-10,0.0652,30400000000.0,1440000000.0,11.69,-79.53
2.8e-05,2e-05,7e-13,3e-10,1e-10,0.0652,33900000000.0,1690000000.0,11.01,-81.61
2.8e-05,2e-05,7e-13,3e-10,5e-11,0.0652,33900000000.0,1700000000.0,11.01,-81.49
2.8e-05,2e-05,7e-13,3e-10,1.5e-10,0.0652,33900000000.0,1700000000.0,11.01,-81.61
2.8e-05,2e-05,7e-13,3e-10,2.5e-10,0.0652,33900000000.0,1690000000.0,11.01,-81.44
2.8e-05,2e-05,7e-13,3.5e-10,1e-10,0.0652,31900000000.0,1540000000.0,11.41,-80.39
2.8e-05,2e-05,7e-13,3.5e-10,5e-11,0.0652,31900000000.0,1540000000.0,11.41,-80.62
2.8e-05,2e-05,7e-13,3.5e-10,1.5e-10,0.0652,31900000000.0,1540000000.0,11.41,-80.43
2.8e-05,2e-05,7e-13,3.5e-10,2e-10,0.0652,31900000000.0,1540000000.0,11.41,-80.24
2.8e-05,2e-05,7e-13,4.5e-10,1e-10,0.0652,29100000000.0,1380000000.0,11.88,-78.78
2.8e-05,2e-05,7e-13,4.5e-10,5e-11,0.0652,29100000000.0,1370000000.0,11.87,-78.6
2.8e-05,2e-05,7e-13,4.5e-10,2e-10,0.0652,29100000000.0,1370000000.0,11.88,-79.53
2.8e-05,2e-05,7e-13,4.5e-10,2.5e-10,0.0652,29100000000.0,1380000000.0,11.88,-79.1
2.8e-05,2e-05,7e-13,5e-10,1e-10,0.0652,28100000000.0,1340000000.0,12.0,-78.11
2.8e-05,2e-05,7e-13,5e-10,1.5e-10,0.0652,28100000000.0,1330000000.0,12.0,-78.11
2.8e-05,2e-05,7e-13,5e-10,2e-10,0.0652,28100000000.0,1330000000.0,12.0,-77.73
2.8e-05,2.1e-05,5e-13,4e-10,1e-10,0.0652,30300000000.0,1410000000.0,11.65,-79.56
2.8e-05,2.1e-05,5e-13,4e-10,5e-11,0.0652,30300000000.0,1400000000.0,11.65,-79.48
2.8e-05,2.1e-05,5e-13,4e-10,1.5e-10,0.0652,30300000000.0,1400000000.0,11.65,-80.94
2.8e-05,2.1e-05,5e-13,4e-10,2e-10,0.0652,30300000000.0,1410000000.0,11.64,-79.58
2.8e-05,2.1e-05,5e-13,4e-10,2.5e-10,0.0652,30300000000.0,1410000000.0,11.64,-79.41
2.8e-05,2.1e-05,5e-13,3e-10,1e-10,0.0652,33800000000.0,1650000000.0,10.96,-81.33
2.8e-05,2.1e-05,5e-13,3e-10,5e-11,0.0652,33800000000.0,1650000000.0,10.96,-81.53
2.8e-05,2.1e-05,5e-13,3e-10,1.5e-10,0.0652,33800000000.0,1640000000.0,10.96,-80.47
2.8e-05,2.1e-05,5e-13,3e-10,2e-10,0.0652,33800000000.0,1630000000.0,10.96,-81.23
2.8e-05,2.1e-05,5e-13,3e-10,2.5e-10,0.0652,33800000000.0,1640000000.0,10.96,-80.85
2.8e-05,2.1e-05,5e-13,3.5e-10,1e-10,0.0652,31800000000.0,1510000000.0,11.36,-80.42
2.8e-05,2.1e-05,5e-13,3.5e-10,5e-11,0.0652,31800000000.0,1510000000.0,11.36,-80.31
2.8e-05,2.1e-05,5e-13,3.5e-10,1.5e-10,0.0652,31800000000.0,1500000000.0,11.36,-80.28
2.8e-05,2.1e-05,5e-13,3.5e-10,2e-10,0.0652,31800000000.0,1490000000.0,11.36,-80.33
2.8e-05,2.1e-05,5e-13,3.5e-10,2.5e-10,0.0652,31800000000.0,1490000000.0,11.36,-80.26
2.8e-05,2.1e-05,5e-13,4.5e-10,1e-10,0.0652,29000000000.0,1340000000.0,11.84,-78.66
2.8e-05,2.1e-05,5e-13,4.5e-10,5e-11,0.0652,29000000000.0,1340000000.0,11.84,-78.94
2.8e-05,2.1e-05,5e-13,4.5e-10,1.5e-10,0.0652,29000000000.0,1340000000.0,11.83,-78.82
2.8e-05,2.1e-05,5e-13,4.5e-10,2e-10,0.0652,29000000000.0,1340000000.0,11.83,-78.73
2.8e-05,2.1e-05,5e-13,4.5e-10,2.5e-10,0.0652,29000000000.0,1350000000.0,11.84,-78.7
2.8e-05,2.1e-05,5e-13,5e-10,1e-10,0.0652,28000000000.0,1300000000.0,11.96,-78.15
2.8e-05,2.1e-05,5e-13,5e-10,5e-11,0.0652,28000000000.0,1300000000.0,11.96,-78.01
2.8e-05,2.1e-05,5e-13,5e-10,1.5e-10,0.0652,28000000000.0,1290000000.0,11.96,-78.05
2.8e-05,2.1e-05,5e-13,5e-10,2.5e-10,0.0652,28000000000.0,1290000000.0,11.96,-78.13
2.8e-05,2.1e-05,3e-13,4e-10,1e-10,0.0652,30300000000.0,1410000000.0,11.65,-80.92
2.8e-05,2.1e-05,3e-13,4e-10,5e-11,0.0652,30300000000.0,1400000000.0,11.65,-79.41
2.8e-05,2.1e-05,3e-13,4e-10,1.5e-10,0.0652,30300000000.0,1410000000.0,11.64,-79.49
2.8e-05,2.1e-05,3e-13,4e-10,2e-10,0.0652,30300000000.0,1410000000.0,11.64,-79.47
2.8e-05,2.1e-05,3e-13,4e-10,2.5e-10,0.0652,30300000000.0,1410000000.0,11.65,-79.29
2.8e-05,2.1e-05,3e-13,3e-10,1e-10,0.0652,33800000000.0,1640000000.0,10.96,-81.32
2.8e-05,2.1e-05,3e-13,3e-10,1.5e-10,0.0652,33800000000.0,1630000000.0,10.96,-81.22
2.8e-05,2.1e-05,3e-13,3e-10,2e-10,0.0652,33800000000.0,1640000000.0,10.96,-81.25
2.8e-05,2.1e-05,3e-13,3e-10,2.5e-10,0.0652,33800000000.0,1630000000.0,10.96,-81.6
2.8e-05,2.1e-05,3e-13,3.5e-10,1e-10,0.0652,31800000000.0,1500000000.0,11.36,-80.15
2.8e-05,2.1e-05,3e-13,3.5e-10,5e-11,0.0652,31800000000.0,1510000000.0,11.36,-80.29
2.8e-05,2.1e-05,3e-13,3.5e-10,1.5e-10,0.0652,31800000000.0,1500000000.0,11.36,-80.26
2.8e-05,2.1e-05,3e-13,3.5e-10,2e-10,0.0652,31800000000.0,1500000000.0,11.37,-80.41
2.8e-05,2.1e-05,3e-13,3.5e-10,2.5e-10,0.0652,31800000000.0,1510000000.0,11.37,-80.37
2.8e-05,2.1e-05,3e-13,4.5e-10,1e-10,0.0652,29000000000.0,1350000000.0,11.83,-78.66
2.8e-05,2.1e-05,3e-13,4.5e-10,5e-11,0.0652,29000000000.0,1340000000.0,11.83,-78.51
2.8e-05,2.1e-05,3e-13,4.5e-10,1.5e-10,0.0652,29000000000.0,1340000000.0,11.83,-79.29
2.8e-05,2.1e-05,3e-13,4.5e-10,2e-10,0.0652,29000000000.0,1340000000.0,11.84,-78.72
2.8e-05,2.1e-05,3e-13,4.5e-10,2.5e-10,0.0652,29000000000.0,1350000000.0,11.83,-78.89
2.8e-05,2.1e-05,3e-13,5e-10,1e-10,0.0652,28000000000.0,1300000000.0,11.96,-78.29
2.8e-05,2.1e-05,3e-13,5e-10,5e-11,0.0652,28000000000.0,1300000000.0,11.96,-77.67
2.8e-05,2.1e-05,3e-13,5e-10,1.5e-10,0.0652,28000000000.0,1310000000.0,11.96,-78.1
2.8e-05,2.1e-05,3e-13,5e-10,2e-10,0.0652,28000000000.0,1290000000.0,11.96,-77.96
2.8e-05,2.1e-05,3e-13,5e-10,2.5e-10,0.0652,28000000000.0,1290000000.0,11.96,-77.99
2.8e-05,2.1e-05,4e-13,4e-10,1e-10,0.0652,30300000000.0,1410000000.0,11.64,-79.4
2.8e-05,2.1e-05,4e-13,4e-10,5e-11,0.0652,30300000000.0,1410000000.0,11.65,-79.48
2.8e-05,2.1e-05,4e-13,4e-10,1.5e-10,0.0652,30300000000.0,1410000000.0,11.65,-79.33
2.8e-05,2.1e-05,4e-13,4e-10,2e-10,0.0652,30300000000.0,1410000000.0,11.65,-79.47
2.8e-05,2.1e-05,4e-13,4e-10,2.5e-10,0.0652,30300000000.0,1410000000.0,11.64,-79.51
2.8e-05,2.1e-05,4e-13,3e-10,1e-10,0.0652,33800000000.0,1640000000.0,10.96,-81.46
2.8e-05,2.1e-05,4e-13,3e-10,1.5e-10,0.0652,33800000000.0,1640000000.0,10.96,-81.51
2.8e-05,2.1e-05,4e-13,3.5e-10,1e-10,0.0652,31800000000.0,1510000000.0,11.36,-80.62
2.8e-05,2.1e-05,4e-13,3.5e-10,1.5e-10,0.0652,31800000000.0,1500000000.0,11.36,-80.34
2.8e-05,2.1e-05,4e-13,3.5e-10,2e-10,0.0652,31800000000.0,1500000000.0,11.37,-80.2
2.8e-05,2.1e-05,4e-13,3.5e-10,2.5e-10,0.0652,31800000000.0,1490000000.0,11.36,-80.28
2.8e-05,2.1e-05,4e-13,4.5e-10,1e-10,0.0652,29000000000.0,1340000000.0,11.84,-78.6
2.8e-05,2.1e-05,4e-13,4.5e-10,5e-11,0.0652,29000000000.0,1350000000.0,11.83,-78.58
2.8e-05,2.1e-05,4e-13,4.5e-10,1.5e-10,0.0652,29000000000.0,1330000000.0,11.84,-78.78
2.8e-05,2.1e-05,4e-13,4.5e-10,2e-10,0.0652,29000000000.0,1340000000.0,11.83,-78.84
2.8e-05,2.1e-05,4e-13,4.5e-10,2.5e-10,0.0652,29000000000.0,1340000000.0,11.83,-78.66
2.8e-05,2.1e-05,4e-13,5e-10,1e-10,0.0652,28000000000.0,1310000000.0,11.96,-78.16
2.8e-05,2.1e-05,4e-13,5e-10,5e-11,0.0652,28000000000.0,1300000000.0,11.96,-78.11
2.8e-05,2.1e-05,4e-13,5e-10,1.5e-10,0.0652,28000000000.0,1310000000.0,11.96,-77.94
2.8e-05,2.1e-05,4e-13,5e-10,2e-10,0.0652,28000000000.0,1290000000.0,11.96,-78.0
2.8e-05,2.1e-05,4e-13,5e-10,2.5e-10,0.0652,28000000000.0,1290000000.0,11.96,-78.2
2.8e-05,2.1e-05,6e-13,4e-10,1e-10,0.0652,30300000000.0,1400000000.0,11.65,-79.31
2.8e-05,2.1e-05,6e-13,4e-10,5e-11,0.0652,30300000000.0,1400000000.0,11.65,-79.51
2.8e-05,2.1e-05,6e-13,4e-10,2e-10,0.0652,30300000000.0,1410000000.0,11.64,-79.59
2.8e-05,2.1e-05,6e-13,4e-10,2.5e-10,0.0652,30300000000.0,1410000000.0,11.64,-79.39
2.8e-05,2.1e-05,6e-13,3e-10,1e-10,0.0652,33800000000.0,1640000000.0,10.96,-80.48
2.8e-05,2.1e-05,6e-13,3e-10,1.5e-10,0.0652,33800000000.0,1640000000.0,10.96,-81.35
2.8e-05,2.1e-05,6e-13,3e-10,2e-10,0.0652,33800000000.0,1640000000.0,10.96,-81.76
2.8e-05,2.1e-05,6e-13,3e-10,2.5e-10,0.0652,33800000000.0,1640000000.0,10.96,-82.18
2.8e-05,2.1e-05,6e-13,3.5e-10,1e-10,0.0652,31800000000.0,1500000000.0,11.37,-80.33
2.8e-05,2.1e-05,6e-13,3.5e-10,5e-11,0.0652,31800000000.0,1500000000.0,11.36,-80.18
2.8e-05,2.1e-05,6e-13,3.5e-10,1.5e-10,0.0652,31800000000.0,1500000000.0,11.37,-80.22
2.8e-05,2.1e-05,6e-13,3.5e-10,2e-10,0.0652,31800000000.0,1500000000.0,11.37,-77.67
2.8e-05,2.1e-05,6e-13,3.5e-10,2.5e-10,0.0652,31800000000.0,1500000000.0,11.36,-80.41
2.8e-05,2.1e-05,6e-13,4.5e-10,1e-10,0.0652,29000000000.0,1340000000.0,11.83,-78.81
2.8e-05,2.1e-05,6e-13,4.5e-10,5e-11,0.0652,29000000000.0,1340000000.0,11.84,-78.62
2.8e-05,2.1e-05,6e-13,4.5e-10,2e-10,0.0652,29000000000.0,1340000000.0,11.83,-78.71
2.8e-05,2.1e-05,6e-13,4.5e-10,2.5e-10,0.0652,29000000000.0,1340000000.0,11.84,-78.75
2.8e-05,2.1e-05,6e-13,5e-10,2e-10,0.0652,28000000000.0,1300000000.0,11.96,-78.27
2.8e-05,2.1e-05,7e-13,4e-10,1e-10,0.0652,30300000000.0,1410000000.0,11.64,-79.52
2.8e-05,2.1e-05,7e-13,4e-10,2.5e-10,0.0652,30300000000.0,1400000000.0,11.65,-79.25
2.8e-05,2.1e-05,7e-13,3e-10,1e-10,0.0652,33800000000.0,1640000000.0,10.96,-81.27
2.8e-05,2.1e-05,7e-13,3e-10,1.5e-10,0.0652,33800000000.0,1650000000.0,10.96,-81.31
2.8e-05,2.1e-05,7e-13,3e-10,2e-10,0.0652,33800000000.0,1630000000.0,10.96,-81.45
2.8e-05,2.1e-05,7e-13,3e-10,2.5e-10,0.0652,33800000000.0,1640000000.0,10.96,-81.05
2.8e-05,2.1e-05,7e-13,3.5e-10,1e-10,0.0652,31800000000.0,1490000000.0,11.36,-80.29
2.8e-05,2.1e-05,7e-13,3.5e-10,5e-11,0.0652,31800000000.0,1490000000.0,11.36,-80.27
2.8e-05,2.1e-05,7e-13,3.5e-10,1.5e-10,0.0652,31800000000.0,1500000000.0,11.37,-80.15
2.8e-05,2.1e-05,7e-13,3.5e-10,2e-10,0.0652,31800000000.0,1500000000.0,11.36,-80.29
2.8e-05,2.1e-05,7e-13,3.5e-10,2.5e-10,0.0652,31800000000.0,1510000000.0,11.36,-80.34
2.8e-05,2.1e-05,7e-13,4.5e-10,1e-10,0.0652,29000000000.0,1340000000.0,11.83,-78.44
2.8e-05,2.1e-05,7e-13,4.5e-10,5e-11,0.0652,29000000000.0,1340000000.0,11.84,-79.78
2.8e-05,2.1e-05,7e-13,4.5e-10,1.5e-10,0.0652,29000000000.0,1350000000.0,11.83,-78.77
2.8e-05,2.1e-05,7e-13,4.5e-10,2.5e-10,0.0652,29000000000.0,1340000000.0,11.84,-78.84
2.8e-05,2.1e-05,7e-13,5e-10,1e-10,0.0652,28000000000.0,1300000000.0,11.97,-78.22
2.8e-05,2.1e-05,7e-13,5e-10,2.5e-10,0.0652,28000000000.0,1290000000.0,11.96,-78.1
2.8e-05,2.2e-05,5e-13,4e-10,1e-10,0.0652,30200000000.0,1360000000.0,11.6,-79.46
2.8e-05,2.2e-05,5e-13,4e-10,5e-11,0.0652,30200000000.0,1360000000.0,11.6,-79.3
2.8e-05,2.2e-05,5e-13,4e-10,1.5e-10,0.0652,30200000000.0,1360000000.0,11.6,-79.14
2.8e-05,2.2e-05,5e-13,4e-10,2e-10,0.0652,30200000000.0,1360000000.0,11.6,-79.2
2.8e-05,2.2e-05,5e-13,4e-10,2.5e-10,0.0652,30200000000.0,1360000000.0,11.6,-79.23
2.8e-05,2.2e-05,5e-13,3e-10,1e-10,0.0652,33800000000.0,1580000000.0,10.9,-81.19
2.8e-05,2.2e-05,5e-13,3e-10,5e-11,0.0652,33800000000.0,1570000000.0,10.9,-81.32
2.8e-05,2.2e-05,5e-13,3e-10,1.5e-10,0.0652,33800000000.0,1570000000.0,10.9,-81.52
2.8e-05,2.2e-05,5e-13,3e-10,2e-10,0.0652,33800000000.0,1580000000.0,10.9,-81.28
2.8e-05,2.2e-05,5e-13,3e-10,2.5e-10,0.0652,33800000000.0,1580000000.0,10.9,-81.11
2.8e-05,2.2e-05,5e-13,3.5e-10,1e-10,0.0652,31800000000.0,1440000000.0,11.31,-79.87
2.8e-05,2.2e-05,5e-13,3.5e-10,5e-11,0.0652,31800000000.0,1450000000.0,11.31,-80.11
2.8e-05,2.2e-05,5e-13,3.5e-10,2e-10,0.0652,31800000000.0,1440000000.0,11.31,-79.9
2.8e-05,2.2e-05,5e-13,3.5e-10,2.5e-10,0.0652,31800000000.0,1440000000.0,11.31,-80.17
2.8e-05,2.2e-05,5e-13,4.5e-10,1e-10,0.0652,29000000000.0,1300000000.0,11.79,-78.47
2.8e-05,2.2e-05,5e-13,4.5e-10,5e-11,0.0652,29000000000.0,1300000000.0,11.79,-78.64
2.8e-05,2.2e-05,5e-13,4.5e-10,1.5e-10,0.0652,29000000000.0,1300000000.0,11.79,-78.61
2.8e-05,2.2e-05,5e-13,4.5e-10,2e-10,0.0652,29000000000.0,1300000000.0,11.79,-78.43
2.8e-05,2.2e-05,5e-13,4.5e-10,2.5e-10,0.0652,29000000000.0,1300000000.0,11.79,-78.66
2.8e-05,2.2e-05,5e-13,5e-10,1e-10,0.0652,28000000000.0,1250000000.0,11.92,-78.15
2.8e-05,2.2e-05,5e-13,5e-10,5e-11,0.0652,28000000000.0,1260000000.0,11.92,-78.16
2.8e-05,2.2e-05,5e-13,5e-10,1.5e-10,0.0652,28000000000.0,1260000000.0,11.92,-77.96
2.8e-05,2.2e-05,5e-13,5e-10,2e-10,0.0652,28000000000.0,1260000000.0,11.92,-77.91
2.8e-05,2.2e-05,3e-13,4e-10,1e-10,0.0652,30200000000.0,1360000000.0,11.6,-79.41
2.8e-05,2.2e-05,3e-13,4e-10,5e-11,0.0652,30200000000.0,1360000000.0,11.6,-78.89
2.8e-05,2.2e-05,3e-13,4e-10,1.5e-10,0.0652,30200000000.0,1360000000.0,11.6,-79.22
2.8e-05,2.2e-05,3e-13,4e-10,2e-10,0.0652,30200000000.0,1360000000.0,11.6,-80.23
2.8e-05,2.2e-05,3e-13,4e-10,2.5e-10,0.0652,30200000000.0,1360000000.0,11.6,-79.18
2.8e-05,2.2e-05,3e-13,3e-10,1e-10,0.0652,33800000000.0,1580000000.0,10.9,-81.18
2.8e-05,2.2e-05,3e-13,3e-10,5e-11,0.0652,33800000000.0,1580000000.0,10.9,-81.23
2.8e-05,2.2e-05,3e-13,3e-10,1.5e-10,0.0652,33800000000.0,1570000000.0,10.91,-81.2
2.8e-05,2.2e-05,3e-13,3e-10,2e-10,0.0652,33800000000.0,1580000000.0,10.9,-81.16
2.8e-05,2.2e-05,3e-13,3e-10,2.5e-10,0.0652,33800000000.0,1570000000.0,10.91,-81.52
2.8e-05,2.2e-05,3e-13,3.5e-10,1e-10,0.0652,31800000000.0,1450000000.0,11.31,-80.91
2.8e-05,2.2e-05,3e-13,3.5e-10,5e-11,0.0652,31800000000.0,1440000000.0,11.31,-80.07
2.8e-05,2.2e-05,3e-13,3.5e-10,1.5e-10,0.0652,31800000000.0,1440000000.0,11.31,-80.61
2.8e-05,2.2e-05,3e-13,3.5e-10,2e-10,0.0652,31800000000.0,1460000000.0,11.31,-80.15
2.8e-05,2.2e-05,3e-13,3.5e-10,2.5e-10,0.0652,31800000000.0,1440000000.0,11.31,-80.16
2.8e-05,2.2e-05,3e-13,4.5e-10,1e-10,0.0652,29000000000.0,1310000000.0,11.79,-78.63
2.8e-05,2.2e-05,3e-13,4.5e-10,5e-11,0.0652,29000000000.0,1300000000.0,11.79,-79.26
2.8e-05,2.2e-05,3e-13,4.5e-10,2e-10,0.0652,29000000000.0,1310000000.0,11.79,-78.55
2.8e-05,2.2e-05,3e-13,4.5e-10,2.5e-10,0.0652,29000000000.0,1300000000.0,11.79,-78.94
2.8e-05,2.2e-05,3e-13,5e-10,1e-10,0.0652,28000000000.0,1270000000.0,11.92,-77.97
2.8e-05,2.2e-05,3e-13,5e-10,1.5e-10,0.0652,28000000000.0,1250000000.0,11.92,-78.16
2.8e-05,2.2e-05,3e-13,5e-10,2e-10,0.0652,28000000000.0,1260000000.0,11.92,-78.18
2.8e-05,2.2e-05,3e-13,5e-10,2.5e-10,0.0652,28000000000.0,1260000000.0,11.92,-77.86
2.8e-05,2.2e-05,4e-13,4e-10,1e-10,0.0652,30200000000.0,1360000000.0,11.6,-79.19
2.8e-05,2.2e-05,4e-13,4e-10,5e-11,0.0652,30200000000.0,1360000000.0,11.6,-79.36
2.8e-05,2.2e-05,4e-13,4e-10,1.5e-10,0.0652,30200000000.0,1360000000.0,11.6,-79.35
2.8e-05,2.2e-05,4e-13,3e-10,1e-10,0.0652,33800000000.0,1570000000.0,10.9,-80.91
2.8e-05,2.2e-05,4e-13,3e-10,5e-11,0.0652,33800000000.0,1570000000.0,10.91,-81.02
2.8e-05,2.2e-05,4e-13,3e-10,1.5e-10,0.0652,33800000000.0,1580000000.0,10.9,-81.27
2.8e-05,2.2e-05,4e-13,3e-10,2e-10,0.0652,33800000000.0,1580000000.0,10.9,-81.1
2.8e-05,2.2e-05,4e-13,3e-10,2.5e-10,0.0652,33800000000.0,1570000000.0,10.9,-81.27
2.8e-05,2.2e-05,4e-13,3.5e-10,1e-10,0.0652,31800000000.0,1440000000.0,11.31,-80.08
2.8e-05,2.2e-05,4e-13,3.5e-10,5e-11,0.0652,31800000000.0,1450000000.0,11.31,-80.59
2.8e-05,2.2e-05,4e-13,3.5e-10,1.5e-10,0.0652,31800000000.0,1450000000.0,11.31,-80.04
2.8e-05,2.2e-05,4e-13,3.5e-10,2e-10,0.0652,31800000000.0,1450000000.0,11.31,-80.19
2.8e-05,2.2e-05,4e-13,3.5e-10,2.5e-10,0.0652,31800000000.0,1460000000.0,11.31,-81.0
2.8e-05,2.2e-05,4e-13,4.5e-10,1e-10,0.0652,29000000000.0,1300000000.0,11.79,-78.29
2.8e-05,2.2e-05,4e-13,4.5e-10,5e-11,0.0652,29000000000.0,1300000000.0,11.79,-78.51
2.8e-05,2.2e-05,4e-13,4.5e-10,1.5e-10,0.0652,29000000000.0,1300000000.0,11.79,-78.58
2.8e-05,2.2e-05,4e-13,4.5e-10,2e-10,0.0652,29000000000.0,1300000000.0,11.79,-78.46
2.8e-05,2.2e-05,4e-13,4.5e-10,2.5e-10,0.0652,29000000000.0,1300000000.0,11.79,-78.72
2.8e-05,2.2e-05,4e-13,5e-10,1e-10,0.0652,28000000000.0,1270000000.0,11.92,-77.87
2.8e-05,2.2e-05,4e-13,5e-10,1.5e-10,0.0652,28000000000.0,1260000000.0,11.92,-77.95
2.8e-05,2.2e-05,4e-13,5e-10,2e-10,0.0652,28000000000.0,1260000000.0,11.92,-78.13
2.8e-05,2.2e-05,4e-13,5e-10,2.5e-10,0.0652,28000000000.0,1260000000.0,11.92,-78.12
2.8e-05,2.2e-05,6e-13,4e-10,1e-10,0.0652,30200000000.0,1350000000.0,11.6,-79.36
2.8e-05,2.2e-05,6e-13,4e-10,5e-11,0.0652,30200000000.0,1360000000.0,11.6,-73.95
2.8e-05,2.2e-05,6e-13,4e-10,1.5e-10,0.0652,30200000000.0,1360000000.0,11.6,-79.37
2.8e-05,2.2e-05,6e-13,4e-10,2e-10,0.0652,30200000000.0,1360000000.0,11.6,-79.25
2.8e-05,2.2e-05,6e-13,4e-10,2.5e-10,0.0652,30200000000.0,1360000000.0,11.6,-79.33
2.8e-05,2.2e-05,6e-13,3e-10,1e-10,0.0652,33800000000.0,1580000000.0,10.9,-81.13
2.8e-05,2.2e-05,6e-13,3e-10,1.5e-10,0.0652,33800000000.0,1570000000.0,10.9,-81.53
2.8e-05,2.2e-05,6e-13,3e-10,2.5e-10,0.0652,33800000000.0,1580000000.0,10.9,-80.97
2.8e-05,2.2e-05,6e-13,3.5e-10,1e-10,0.0652,31800000000.0,1450000000.0,11.31,-80.06
2.8e-05,2.2e-05,6e-13,3.5e-10,5e-11,0.0652,31800000000.0,1440000000.0,11.32,-80.04
2.8e-05,2.2e-05,6e-13,3.5e-10,1.5e-10,0.0652,31800000000.0,1440000000.0,11.31,-79.96
2.8e-05,2.2e-05,6e-13,3.5e-10,2e-10,0.0652,31800000000.0,1440000000.0,11.31,-80.13
2.8e-05,2.2e-05,6e-13,3.5e-10,2.5e-10,0.0652,31800000000.0,1450000000.0,11.31,-79.46
2.8e-05,2.2e-05,6e-13,4.5e-10,1e-10,0.0652,29000000000.0,1300000000.0,11.79,-79.3
2.8e-05,2.2e-05,6e-13,4.5e-10,5e-11,0.0652,29000000000.0,1300000000.0,11.79,-78.5
2.8e-05,2.2e-05,6e-13,4.5e-10,1.5e-10,0.0652,29000000000.0,1300000000.0,11.79,-78.37
2.8e-05,2.2e-05,6e-13,4.5e-10,2e-10,0.0652,29000000000.0,1310000000.0,11.79,-78.56
2.8e-05,2.2e-05,6e-13,4.5e-10,2.5e-10,0.0652,29000000000.0,1290000000.0,11.79,-78.62
2.8e-05,2.2e-05,6e-13,5e-10,1.5e-10,0.0652,28000000000.0,1270000000.0,11.92,-78.15
2.8e-05,2.2e-05,6e-13,5e-10,2e-10,0.0652,28000000000.0,1260000000.0,11.92,-78.05
2.8e-05,2.2e-05,6e-13,5e-10,2.5e-10,0.0652,28000000000.0,1270000000.0,11.92,-77.93
2.8e-05,2.2e-05,7e-13,4e-10,2e-10,0.0652,30200000000.0,1360000000.0,11.6,-79.17
2.8e-05,2.2e-05,7e-13,4e-10,2.5e-10,0.0652,30200000000.0,1350000000.0,11.6,-79.19
2.8e-05,2.2e-05,7e-13,3e-10,1e-10,0.0652,33800000000.0,1580000000.0,10.9,-81.17
2.8e-05,2.2e-05,7e-13,3e-10,1.5e-10,0.0652,33800000000.0,1570000000.0,10.9,-81.33
2.8e-05,2.2e-05,7e-13,3e-10,2.5e-10,0.0652,33800000000.0,1580000000.0,10.9,-81.43
2.8e-05,2.2e-05,7e-13,3.5e-10,1e-10,0.0652,31800000000.0,1440000000.0,11.31,-77.22
2.8e-05,2.2e-05,7e-13,3.5e-10,5e-11,0.0652,31800000000.0,1450000000.0,11.31,-79.89
2.8e-05,2.2e-05,7e-13,3.5e-10,1.5e-10,0.0652,31800000000.0,1450000000.0,11.31,-79.66
2.8e-05,2.2e-05,7e-13,3.5e-10,2.5e-10,0.0652,31800000000.0,1440000000.0,11.31,-80.19
2.8e-05,2.2e-05,7e-13,4.5e-10,1.5e-10,0.0652,29000000000.0,1300000000.0,11.79,-78.69
2.8e-05,2.2e-05,7e-13,4.5e-10,2e-10,0.0652,29000000000.0,1300000000.0,11.79,-79.02
2.8e-05,2.2e-05,7e-13,5e-10,1e-10,0.0652,28000000000.0,1270000000.0,11.92,-78.01
2.8e-05,2.2e-05,7e-13,5e-10,5e-11,0.0652,28000000000.0,1260000000.0,11.92,-78.02
2.8e-05,2.3e-05,5e-13,4e-10,1e-10,0.0652,30200000000.0,1310000000.0,11.55,-79.18
2.8e-05,2.3e-05,5e-13,4e-10,5e-11,0.0652,30200000000.0,1310000000.0,11.55,-79.34
2.8e-05,2.3e-05,5e-13,4e-10,1.5e-10,0.0652,30200000000.0,1300000000.0,11.55,-79.19
2.8e-05,2.3e-05,5e-13,4e-10,2e-10,0.0652,30200000000.0,1300000000.0,11.55,-79.12
2.8e-05,2.3e-05,5e-13,4e-10,2.5e-10,0.0652,30200000000.0,1300000000.0,11.55,-79.23
2.8e-05,2.3e-05,5e-13,3e-10,1e-10,0.0652,33700000000.0,1490000000.0,10.84,-81.12
2.8e-05,2.3e-05,5e-13,3e-10,5e-11,0.0652,33700000000.0,1490000000.0,10.84,-81.15
2.8e-05,2.3e-05,5e-13,3e-10,1.5e-10,0.0652,33700000000.0,1500000000.0,10.84,-81.13
2.8e-05,2.3e-05,5e-13,3e-10,2e-10,0.0652,33700000000.0,1490000000.0,10.84,-80.82
2.8e-05,2.3e-05,5e-13,3e-10,2.5e-10,0.0652,33700000000.0,1490000000.0,10.84,-81.21
2.8e-05,2.3e-05,5e-13,3.5e-10,1e-10,0.0652,31700000000.0,1390000000.0,11.25,-79.94
2.8e-05,2.3e-05,5e-13,3.5e-10,5e-11,0.0652,31700000000.0,1380000000.0,11.26,-80.55
2.8e-05,2.3e-05,5e-13,3.5e-10,1.5e-10,0.0652,31700000000.0,1390000000.0,11.25,-80.42
2.8e-05,2.3e-05,5e-13,3.5e-10,2e-10,0.0652,31700000000.0,1370000000.0,11.26,-80.01
2.8e-05,2.3e-05,5e-13,3.5e-10,2.5e-10,0.0652,31700000000.0,1390000000.0,11.26,-80.15
2.8e-05,2.3e-05,5e-13,4.5e-10,1e-10,0.0652,28900000000.0,1250000000.0,11.75,-78.53
2.8e-05,2.3e-05,5e-13,4.5e-10,5e-11,0.0652,28900000000.0,1250000000.0,11.75,-78.37
2.8e-05,2.3e-05,5e-13,4.5e-10,1.5e-10,0.0652,28900000000.0,1250000000.0,11.74,-78.96
2.8e-05,2.3e-05,5e-13,4.5e-10,2e-10,0.0652,28900000000.0,1250000000.0,11.74,-78.56
2.8e-05,2.3e-05,5e-13,4.5e-10,2.5e-10,0.0652,28900000000.0,1250000000.0,11.74,-78.5
2.8e-05,2.3e-05,5e-13,5e-10,1e-10,0.0652,27900000000.0,1210000000.0,11.88,-77.98
2.8e-05,2.3e-05,5e-13,5e-10,5e-11,0.0652,27900000000.0,1210000000.0,11.88,-78.0
2.8e-05,2.3e-05,5e-13,5e-10,1.5e-10,0.0652,27900000000.0,1220000000.0,11.88,-77.85
2.8e-05,2.3e-05,5e-13,5e-10,2e-10,0.0652,27900000000.0,1210000000.0,11.88,-77.94
2.8e-05,2.3e-05,5e-13,5e-10,2.5e-10,0.0652,27900000000.0,1200000000.0,11.88,-77.95
2.8e-05,2.3e-05,3e-13,4e-10,1e-10,0.0652,30200000000.0,1300000000.0,11.55,-79.09
2.8e-05,2.3e-05,3e-13,4e-10,5e-11,0.0652,30200000000.0,1310000000.0,11.55,-79.14
2.8e-05,2.3e-05,3e-13,4e-10,2e-10,0.0652,30200000000.0,1300000000.0,11.55,-79.06
2.8e-05,2.3e-05,3e-13,4e-10,2.5e-10,0.0652,30200000000.0,1300000000.0,11.55,-79.15
2.8e-05,2.3e-05,3e-13,3e-10,1e-10,0.0652,33700000000.0,1500000000.0,10.84,-81.0
2.8e-05,2.3e-05,3e-13,3e-10,5e-11,0.0652,33700000000.0,1500000000.0,10.84,-80.86
2.8e-05,2.3e-05,3e-13,3e-10,1.5e-10,0.0652,33700000000.0,1500000000.0,10.84,-81.11
2.8e-05,2.3e-05,3e-13,3e-10,2e-10,0.0652,33700000000.0,1500000000.0,10.84,-80.91
2.8e-05,2.3e-05,3e-13,3e-10,2.5e-10,0.0652,33700000000.0,1490000000.0,10.84,-79.84
2.8e-05,2.3e-05,3e-13,3.5e-10,1e-10,0.0652,31700000000.0,1380000000.0,11.26,-79.94
2.8e-05,2.3e-05,3e-13,3.5e-10,5e-11,0.0652,31700000000.0,1380000000.0,11.26,-79.82
2.8e-05,2.3e-05,3e-13,3.5e-10,1.5e-10,0.0652,31700000000.0,1390000000.0,11.26,-79.85
2.8e-05,2.3e-05,3e-13,3.5e-10,2e-10,0.0652,31700000000.0,1390000000.0,11.26,-79.91
2.8e-05,2.3e-05,3e-13,3.5e-10,2.5e-10,0.0652,31700000000.0,1370000000.0,11.26,-80.71
2.8e-05,2.3e-05,3e-13,4.5e-10,1e-10,0.0652,28900000000.0,1250000000.0,11.74,-78.23
2.8e-05,2.3e-05,3e-13,4.5e-10,5e-11,0.0652,28900000000.0,1250000000.0,11.74,-78.57
2.8e-05,2.3e-05,3e-13,4.5e-10,1.5e-10,0.0652,28900000000.0,1250000000.0,11.74,-78.41
2.8e-05,2.3e-05,3e-13,4.5e-10,2e-10,0.0652,28900000000.0,1250000000.0,11.75,-78.41
2.8e-05,2.3e-05,3e-13,4.5e-10,2.5e-10,0.0652,28900000000.0,1250000000.0,11.74,-78.63
2.8e-05,2.3e-05,3e-13,5e-10,1e-10,0.0652,27900000000.0,1210000000.0,11.88,-77.87
2.8e-05,2.3e-05,3e-13,5e-10,5e-11,0.0652,27900000000.0,1210000000.0,11.88,-78.02
2.8e-05,2.3e-05,3e-13,5e-10,2e-10,0.0652,27900000000.0,1220000000.0,11.88,-77.95
2.8e-05,2.3e-05,4e-13,4e-10,5e-11,0.0652,30200000000.0,1310000000.0,11.55,-79.37
2.8e-05,2.3e-05,4e-13,4e-10,1.5e-10,0.0652,30200000000.0,1310000000.0,11.55,-79.17
2.8e-05,2.3e-05,4e-13,4e-10,2.5e-10,0.0652,30200000000.0,1310000000.0,11.55,-79.11
2.8e-05,2.3e-05,4e-13,3e-10,1e-10,0.0652,33700000000.0,1500000000.0,10.84,-81.12
2.8e-05,2.3e-05,4e-13,3e-10,2e-10,0.0652,33700000000.0,1500000000.0,10.84,-79.9
2.8e-05,2.3e-05,4e-13,3.5e-10,1e-10,0.0652,31700000000.0,1380000000.0,11.26,-79.8
2.8e-05,2.3e-05,4e-13,3.5e-10,5e-11,0.0652,31700000000.0,1390000000.0,11.26,-79.98
2.8e-05,2.3e-05,4e-13,3.5e-10,1.5e-10,0.0652,31700000000.0,1390000000.0,11.26,-79.86
2.8e-05,2.3e-05,4e-13,3.5e-10,2e-10,0.0652,31700000000.0,1370000000.0,11.26,-79.92
2.8e-05,2.3e-05,4e-13,4.5e-10,1e-10,0.0652,28900000000.0,1240000000.0,11.75,-78.53
2.8e-05,2.3e-05,4e-13,4.5e-10,5e-11,0.0652,28900000000.0,1250000000.0,11.74,-78.55
2.8e-05,2.3e-05,4e-13,4.5e-10,1.5e-10,0.0652,28900000000.0,1250000000.0,11.74,-78.36
2.8e-05,2.3e-05,4e-13,4.5e-10,2e-10,0.0652,28900000000.0,1250000000.0,11.74,-78.4
2.8e-05,2.3e-05,4e-13,4.5e-10,2.5e-10,0.0652,28900000000.0,1240000000.0,11.75,-78.62
2.8e-05,2.3e-05,4e-13,5e-10,5e-11,0.0652,27900000000.0,1210000000.0,11.88,-77.99
2.8e-05,2.3e-05,4e-13,5e-10,1.5e-10,0.0652,27900000000.0,1210000000.0,11.88,-78.04
2.8e-05,2.3e-05,4e-13,5e-10,2.5e-10,0.0652,27900000000.0,1220000000.0,11.88,-77.81
2.8e-05,2.3e-05,6e-13,4e-10,1e-10,0.0652,30200000000.0,1300000000.0,11.55,-79.17
2.8e-05,2.3e-05,6e-13,4e-10,1.5e-10,0.0652,30200000000.0,1310000000.0,11.55,-79.32
2.8e-05,2.3e-05,6e-13,4e-10,2.5e-10,0.0652,30200000000.0,1300000000.0,11.55,-79.1
2.8e-05,2.3e-05,6e-13,3e-10,1e-10,0.0652,33700000000.0,1490000000.0,10.84,-80.81
2.8e-05,2.3e-05,6e-13,3e-10,2e-10,0.0652,33700000000.0,1490000000.0,10.84,-80.9
2.8e-05,2.3e-05,6e-13,3e-10,2.5e-10,0.0652,33700000000.0,1500000000.0,10.84,-80.99
2.8e-05,2.3e-05,6e-13,3.5e-10,1e-10,0.0652,31700000000.0,1390000000.0,11.25,-79.98
2.8e-05,2.3e-05,6e-13,3.5e-10,5e-11,0.0652,31700000000.0,1380000000.0,11.26,-77.56
2.8e-05,2.3e-05,6e-13,3.5e-10,1.5e-10,0.0652,31700000000.0,1390000000.0,11.26,-79.89
2.8e-05,2.3e-05,6e-13,3.5e-10,2e-10,0.0652,31700000000.0,1390000000.0,11.26,-80.13
2.8e-05,2.3e-05,6e-13,3.5e-10,2.5e-10,0.0652,31700000000.0,1380000000.0,11.26,-80.38
2.8e-05,2.3e-05,6e-13,4.5e-10,1e-10,0.0652,28900000000.0,1250000000.0,11.75,-78.4
2.8e-05,2.3e-05,6e-13,4.5e-10,1.5e-10,0.0652,28900000000.0,1250000000.0,11.74,-78.62
2.8e-05,2.3e-05,6e-13,4.5e-10,2e-10,0.0652,28900000000.0,1250000000.0,11.75,-78.47
2.8e-05,2.3e-05,6e-13,4.5e-10,2.5e-10,0.0652,28900000000.0,1250000000.0,11.74,-78.46
2.8e-05,2.3e-05,6e-13,5e-10,5e-11,0.0652,27900000000.0,1210000000.0,11.88,-77.82
2.8e-05,2.3e-05,6e-13,5e-10,2.5e-10,0.0652,27900000000.0,1210000000.0,11.88,-77.78
2.8e-05,2.3e-05,7e-13,4e-10,1e-10,0.0652,30200000000.0,1300000000.0,11.55,-79.24
2.8e-05,2.3e-05,7e-13,4e-10,5e-11,0.0652,30200000000.0,1300000000.0,11.55,-78.9
2.8e-05,2.3e-05,7e-13,4e-10,1.5e-10,0.0652,30200000000.0,1310000000.0,11.55,-79.21
2.8e-05,2.3e-05,7e-13,4e-10,2e-10,0.0652,30200000000.0,1300000000.0,11.55,-79.13
2.8e-05,2.3e-05,7e-13,4e-10,2.5e-10,0.0652,30200000000.0,1300000000.0,11.55,-79.9
2.8e-05,2.3e-05,7e-13,3e-10,1e-10,0.0652,33700000000.0,1490000000.0,10.84,-81.14
2.8e-05,2.3e-05,7e-13,3e-10,5e-11,0.0652,33700000000.0,1490000000.0,10.84,-80.95
2.8e-05,2.3e-05,7e-13,3e-10,1.5e-10,0.0652,33700000000.0,1490000000.0,10.84,-81.07
2.8e-05,2.3e-05,7e-13,3e-10,2e-10,0.0652,33700000000.0,1500000000.0,10.84,-81.01
2.8e-05,2.3e-05,7e-13,3e-10,2.5e-10,0.0652,33700000000.0,1500000000.0,10.84,-79.12
2.8e-05,2.3e-05,7e-13,3.5e-10,1e-10,0.0652,31700000000.0,1380000000.0,11.26,-79.96
2.8e-05,2.3e-05,7e-13,3.5e-10,5e-11,0.0652,31700000000.0,1380000000.0,11.26,-79.93
2.8e-05,2.3e-05,7e-13,3.5e-10,1.5e-10,0.0652,31700000000.0,1380000000.0,11.26,-80.42
2.8e-05,2.3e-05,7e-13,3.5e-10,2.5e-10,0.0652,31700000000.0,1380000000.0,11.26,-77.16
2.8e-05,2.3e-05,7e-13,4.5e-10,1e-10,0.0652,28900000000.0,1240000000.0,11.75,-78.44
2.8e-05,2.3e-05,7e-13,4.5e-10,5e-11,0.0652,28900000000.0,1250000000.0,11.74,-78.42
2.8e-05,2.3e-05,7e-13,4.5e-10,1.5e-10,0.0652,28900000000.0,1250000000.0,11.75,-78.38
2.8e-05,2.3e-05,7e-13,4.5e-10,2e-10,0.0652,28900000000.0,1240000000.0,11.75,-78.48
2.8e-05,2.3e-05,7e-13,4.5e-10,2.5e-10,0.0652,28900000000.0,1250000000.0,11.75,-78.44
2.8e-05,2.3e-05,7e-13,5e-10,1e-10,0.0652,27900000000.0,1210000000.0,11.88,-78.13
2.8e-05,2.3e-05,7e-13,5e-10,5e-11,0.0652,27900000000.0,1210000000.0,11.88,-77.83
2.8e-05,2.3e-05,7e-13,5e-10,1.5e-10,0.0652,27900000000.0,1210000000.0,11.88,-78.01
2.8e-05,2.3e-05,7e-13,5e-10,2e-10,0.0652,27900000000.0,1200000000.0,11.88,-78.0
2.8e-05,2.3e-05,7e-13,5e-10,2.5e-10,0.0652,27900000000.0,1210000000.0,11.88,-77.77
2.8e-05,2.4e-05,5e-13,4e-10,1e-10,0.0652,30100000000.0,1230000000.0,11.49,-79.09
2.8e-05,2.4e-05,5e-13,4e-10,5e-11,0.0652,30100000000.0,1240000000.0,11.5,-79.06
2.8e-05,2.4e-05,5e-13,4e-10,1.5e-10,0.0652,30100000000.0,1240000000.0,11.49,-79.05
2.8e-05,2.4e-05,5e-13,4e-10,2e-10,0.0652,30100000000.0,1230000000.0,11.5,-78.92
2.8e-05,2.4e-05,5e-13,4e-10,2.5e-10,0.0652,30100000000.0,1240000000.0,11.49,-79.06
2.8e-05,2.4e-05,5e-13,3e-10,1e-10,0.0652,33700000000.0,1400000000.0,10.77,-80.78
2.8e-05,2.4e-05,5e-13,3e-10,5e-11,0.0652,33700000000.0,1410000000.0,10.77,-80.84
2.8e-05,2.4e-05,5e-13,3e-10,1.5e-10,0.0652,33700000000.0,1400000000.0,10.78,-80.95
2.8e-05,2.4e-05,5e-13,3e-10,2e-10,0.0652,33700000000.0,1410000000.0,10.77,-80.71
2.8e-05,2.4e-05,5e-13,3e-10,2.5e-10,0.0652,33700000000.0,1410000000.0,10.77,-80.78
2.8e-05,2.4e-05,5e-13,3.5e-10,1e-10,0.0652,31700000000.0,1300000000.0,11.2,-80.09
2.8e-05,2.4e-05,5e-13,3.5e-10,5e-11,0.0652,31700000000.0,1310000000.0,11.2,-79.57
2.8e-05,2.4e-05,5e-13,3.5e-10,1.5e-10,0.0652,31700000000.0,1320000000.0,11.19,-79.89
2.8e-05,2.4e-05,5e-13,3.5e-10,2e-10,0.0652,31700000000.0,1310000000.0,11.2,-77.1
2.8e-05,2.4e-05,5e-13,3.5e-10,2.5e-10,0.0652,31700000000.0,1300000000.0,11.19,-79.8
2.8e-05,2.4e-05,5e-13,4.5e-10,1e-10,0.0652,28900000000.0,1190000000.0,11.7,-78.55
2.8e-05,2.4e-05,5e-13,4.5e-10,5e-11,0.0652,28900000000.0,1190000000.0,11.7,-78.27
2.8e-05,2.4e-05,5e-13,4.5e-10,1.5e-10,0.0652,28900000000.0,1190000000.0,11.7,-78.81
2.8e-05,2.4e-05,5e-13,4.5e-10,2e-10,0.0652,28900000000.0,1200000000.0,11.69,-78.34
2.8e-05,2.4e-05,5e-13,4.5e-10,2.5e-10,0.0652,28900000000.0,1200000000.0,11.7,-78.31
2.8e-05,2.4e-05,5e-13,5e-10,1e-10,0.0652,27900000000.0,1150000000.0,11.84,-77.9
2.8e-05,2.4e-05,5e-13,5e-10,5e-11,0.0652,27900000000.0,1150000000.0,11.84,-77.85
2.8e-05,2.4e-05,5e-13,5e-10,1.5e-10,0.0652,27900000000.0,1160000000.0,11.84,-77.95
2.8e-05,2.4e-05,5e-13,5e-10,2e-10,0.0652,27900000000.0,1170000000.0,11.83,-77.87
2.8e-05,2.4e-05,5e-13,5e-10,2.5e-10,0.0652,27900000000.0,1160000000.0,11.83,-77.84
2.8e-05,2.4e-05,3e-13,4e-10,1e-10,0.0652,30200000000.0,1230000000.0,11.49,-79.01
2.8e-05,2.4e-05,3e-13,4e-10,5e-11,0.0652,30200000000.0,1240000000.0,11.5,-78.9
2.8e-05,2.4e-05,3e-13,4e-10,1.5e-10,0.0652,30200000000.0,1240000000.0,11.5,-78.68
2.8e-05,2.4e-05,3e-13,4e-10,2e-10,0.0652,30200000000.0,1240000000.0,11.49,-79.05
2.8e-05,2.4e-05,3e-13,3e-10,1e-10,0.0652,33700000000.0,1400000000.0,10.77,-80.72
2.8e-05,2.4e-05,3e-13,3e-10,5e-11,0.0652,33700000000.0,1400000000.0,10.78,-76.41
2.8e-05,2.4e-05,3e-13,3e-10,1.5e-10,0.0652,33700000000.0,1400000000.0,10.77,-80.8
2.8e-05,2.4e-05,3e-13,3e-10,2e-10,0.0652,33700000000.0,1400000000.0,10.78,-80.75
2.8e-05,2.4e-05,3e-13,3e-10,2.5e-10,0.0652,33700000000.0,1400000000.0,10.78,-80.97
2.8e-05,2.4e-05,3e-13,3.5e-10,1e-10,0.0652,31700000000.0,1310000000.0,11.2,-79.83
2.8e-05,2.4e-05,3e-13,3.5e-10,5e-11,0.0652,31700000000.0,1310000000.0,11.19,-79.71
2.8e-05,2.4e-05,3e-13,3.5e-10,1.5e-10,0.0652,31700000000.0,1320000000.0,11.2,-79.82
2.8e-05,2.4e-05,3e-13,3.5e-10,2e-10,0.0652,31700000000.0,1310000000.0,11.19,-79.75
2.8e-05,2.4e-05,3e-13,3.5e-10,2.5e-10,0.0652,31700000000.0,1310000000.0,11.19,-79.43
2.8e-05,2.4e-05,3e-13,4.5e-10,1e-10,0.0652,28900000000.0,1190000000.0,11.69,-78.17
2.8e-05,2.4e-05,3e-13,4.5e-10,5e-11,0.0652,28900000000.0,1190000000.0,11.7,-78.37
2.8e-05,2.4e-05,3e-13,4.5e-10,1.5e-10,0.0652,28900000000.0,1190000000.0,11.69,-78.34
2.8e-05,2.4e-05,3e-13,4.5e-10,2e-10,0.0652,28900000000.0,1190000000.0,11.7,-78.28
2.8e-05,2.4e-05,3e-13,4.5e-10,2.5e-10,0.0652,28900000000.0,1190000000.0,11.69,-78.24
2.8e-05,2.4e-05,3e-13,5e-10,1e-10,0.0652,27900000000.0,1150000000.0,11.84,-77.76
2.8e-05,2.4e-05,3e-13,5e-10,5e-11,0.0652,27900000000.0,1160000000.0,11.83,-77.75
2.8e-05,2.4e-05,3e-13,5e-10,1.5e-10,0.0652,27900000000.0,1160000000.0,11.83,-77.89
2.8e-05,2.4e-05,3e-13,5e-10,2e-10,0.0652,27900000000.0,1150000000.0,11.84,-77.77
2.8e-05,2.4e-05,4e-13,4e-10,1e-10,0.0652,30200000000.0,1230000000.0,11.49,-78.95
2.8e-05,2.4e-05,4e-13,4e-10,5e-11,0.0652,30200000000.0,1240000000.0,11.5,-78.99
2.8e-05,2.4e-05,4e-13,4e-10,1.5e-10,0.0652,30200000000.0,1240000000.0,11.49,-78.97
2.8e-05,2.4e-05,4e-13,4e-10,2e-10,0.0652,30200000000.0,1240000000.0,11.49,-79.07
2.8e-05,2.4e-05,4e-13,4e-10,2.5e-10,0.0652,30200000000.0,1240000000.0,11.5,-78.95
2.8e-05,2.4e-05,4e-13,3e-10,1e-10,0.0652,33700000000.0,1400000000.0,10.77,-81.01
2.8e-05,2.4e-05,4e-13,3e-10,5e-11,0.0652,33700000000.0,1410000000.0,10.77,-80.94
2.8e-05,2.4e-05,4e-13,3e-10,1.5e-10,0.0652,33700000000.0,1400000000.0,10.78,-79.77
2.8e-05,2.4e-05,4e-13,3e-10,2.5e-10,0.0652,33700000000.0,1400000000.0,10.78,-79.75
2.8e-05,2.4e-05,4e-13,3.5e-10,1e-10,0.0652,31700000000.0,1310000000.0,11.2,-80.2
2.8e-05,2.4e-05,4e-13,3.5e-10,5e-11,0.0652,31700000000.0,1310000000.0,11.2,-79.53
2.8e-05,2.4e-05,4e-13,3.5e-10,1.5e-10,0.0652,31700000000.0,1310000000.0,11.2,-80.12
2.8e-05,2.4e-05,4e-13,3.5e-10,2e-10,0.0652,31700000000.0,1320000000.0,11.19,-79.83
2.8e-05,2.4e-05,4e-13,3.5e-10,2.5e-10,0.0652,31700000000.0,1320000000.0,11.2,-79.83
2.8e-05,2.4e-05,4e-13,4.5e-10,1e-10,0.0652,28900000000.0,1180000000.0,11.7,-78.34
2.8e-05,2.4e-05,4e-13,4.5e-10,5e-11,0.0652,28900000000.0,1190000000.0,11.69,-78.18
2.8e-05,2.4e-05,4e-13,4.5e-10,1.5e-10,0.0652,28900000000.0,1190000000.0,11.69,-78.37
2.8e-05,2.4e-05,4e-13,4.5e-10,2e-10,0.0652,28900000000.0,1190000000.0,11.7,-78.43
2.8e-05,2.4e-05,4e-13,4.5e-10,2.5e-10,0.0652,28900000000.0,1200000000.0,11.69,-78.39
2.8e-05,2.4e-05,4e-13,5e-10,1e-10,0.0652,27900000000.0,1160000000.0,11.83,-77.69
2.8e-05,2.4e-05,4e-13,5e-10,5e-11,0.0652,27900000000.0,1160000000.0,11.83,-77.91
2.8e-05,2.4e-05,4e-13,5e-10,1.5e-10,0.0652,27900000000.0,1160000000.0,11.83,-77.76
2.8e-05,2.4e-05,4e-13,5e-10,2e-10,0.0652,27900000000.0,1150000000.0,11.84,-77.75
2.8e-05,2.4e-05,6e-13,4e-10,1e-10,0.0652,30100000000.0,1240000000.0,11.5,-78.92
2.8e-05,2.4e-05,6e-13,4e-10,5e-11,0.0652,30100000000.0,1240000000.0,11.5,-79.04
2.8e-05,2.4e-05,6e-13,4e-10,1.5e-10,0.0652,30100000000.0,1240000000.0,11.49,-79.13
2.8e-05,2.4e-05,6e-13,4e-10,2.5e-10,0.0652,30100000000.0,1240000000.0,11.49,-79.09
2.8e-05,2.4e-05,6e-13,3e-10,1e-10,0.0652,33700000000.0,1400000000.0,10.77,-80.76
2.8e-05,2.4e-05,6e-13,3e-10,5e-11,0.0652,33700000000.0,1410000000.0,10.77,-80.61
2.8e-05,2.4e-05,6e-13,3e-10,1.5e-10,0.0652,33700000000.0,1400000000.0,10.78,-80.83
2.8e-05,2.4e-05,6e-13,3e-10,2.5e-10,0.0652,33700000000.0,1410000000.0,10.77,-81.02
2.8e-05,2.4e-05,6e-13,3.5e-10,1e-10,0.0652,31700000000.0,1320000000.0,11.2,-79.73
2.8e-05,2.4e-05,6e-13,3.5e-10,5e-11,0.0652,31700000000.0,1310000000.0,11.2,-79.76
2.8e-05,2.4e-05,6e-13,3.5e-10,1.5e-10,0.0652,31700000000.0,1310000000.0,11.2,-79.8
2.8e-05,2.4e-05,6e-13,3.5e-10,2e-10,0.0652,31700000000.0,1310000000.0,11.2,-79.87
2.8e-05,2.4e-05,6e-13,3.5e-10,2.5e-10,0.0652,31700000000.0,1310000000.0,11.2,-78.8
2.8e-05,2.4e-05,6e-13,4.5e-10,1e-10,0.0652,28900000000.0,1190000000.0,11.7,-78.45
2.8e-05,2.4e-05,6e-13,4.5e-10,5e-11,0.0652,28900000000.0,1190000000.0,11.7,-78.41
2.8e-05,2.4e-05,6e-13,4.5e-10,1.5e-10,0.0652,28900000000.0,1190000000.0,11.7,-78.56
2.8e-05,2.4e-05,6e-13,4.5e-10,2e-10,0.0652,28900000000.0,1190000000.0,11.7,-77.71
2.8e-05,2.4e-05,6e-13,4.5e-10,2.5e-10,0.0652,28900000000.0,1190000000.0,11.7,-78.14
2.8e-05,2.4e-05,6e-13,5e-10,1e-10,0.0652,27900000000.0,1150000000.0,11.84,-77.69
2.8e-05,2.4e-05,6e-13,5e-10,1.5e-10,0.0652,27900000000.0,1160000000.0,11.83,-77.74
2.8e-05,2.4e-05,6e-13,5e-10,2e-10,0.0652,27900000000.0,1160000000.0,11.84,-78.13
2.8e-05,2.4e-05,7e-13,4e-10,5e-11,0.0652,30100000000.0,1240000000.0,11.5,-78.94
2.8e-05,2.4e-05,7e-13,4e-10,1.5e-10,0.0652,30100000000.0,1240000000.0,11.5,-78.99
2.8e-05,2.4e-05,7e-13,4e-10,2e-10,0.0652,30100000000.0,1240000000.0,11.49,-78.25
2.8e-05,2.4e-05,7e-13,4e-10,2.5e-10,0.0652,30100000000.0,1230000000.0,11.5,-79.05
2.8e-05,2.4e-05,7e-13,3e-10,1e-10,0.0652,33700000000.0,1400000000.0,10.77,-80.17
2.8e-05,2.4e-05,7e-13,3e-10,5e-11,0.0652,33700000000.0,1400000000.0,10.77,-80.84
2.8e-05,2.4e-05,7e-13,3e-10,1.5e-10,0.0652,33700000000.0,1400000000.0,10.78,-80.96
2.8e-05,2.4e-05,7e-13,3e-10,2.5e-10,0.0652,33700000000.0,1410000000.0,10.77,-80.77
2.8e-05,2.4e-05,7e-13,3.5e-10,1e-10,0.0652,31700000000.0,1300000000.0,11.2,-79.79
2.8e-05,2.4e-05,7e-13,3.5e-10,5e-11,0.0652,31700000000.0,1310000000.0,11.2,-79.77
2.8e-05,2.4e-05,7e-13,3.5e-10,1.5e-10,0.0652,31700000000.0,1310000000.0,11.2,-80.24
2.8e-05,2.4e-05,7e-13,3.5e-10,2e-10,0.0652,31700000000.0,1310000000.0,11.2,-79.86
2.8e-05,2.4e-05,7e-13,3.5e-10,2.5e-10,0.0652,31700000000.0,1300000000.0,11.2,-79.43
2.8e-05,2.4e-05,7e-13,4.5e-10,1e-10,0.0652,28900000000.0,1190000000.0,11.69,-78.42
2.8e-05,2.4e-05,7e-13,4.5e-10,5e-11,0.0652,28900000000.0,1190000000.0,11.7,-78.32
2.8e-05,2.4e-05,7e-13,4.5e-10,1.5e-10,0.0652,28900000000.0,1190000000.0,11.7,-78.34
2.8e-05,2.4e-05,7e-13,4.5e-10,2e-10,0.0652,28900000000.0,1180000000.0,11.7,-78.37
2.8e-05,2.4e-05,7e-13,4.5e-10,2.5e-10,0.0652,28900000000.0,1190000000.0,11.7,-78.3
2.8e-05,2.4e-05,7e-13,5e-10,1e-10,0.0652,27900000000.0,1160000000.0,11.83,-77.78
2.8e-05,2.4e-05,7e-13,5e-10,5e-11,0.0652,27900000000.0,1170000000.0,11.83,-77.76
2.8e-05,2.4e-05,7e-13,5e-10,1.5e-10,0.0652,27900000000.0,1160000000.0,11.83,-77.88
2.8e-05,2.4e-05,7e-13,5e-10,2.5e-10,0.0652,27900000000.0,1160000000.0,11.83,-77.82
2.8e-05,2.5e-05,5e-13,4e-10,1e-10,0.0652,30100000000.0,1170000000.0,11.44,-78.98
2.8e-05,2.5e-05,5e-13,4e-10,5e-11,0.0652,30100000000.0,1170000000.0,11.44,-78.81
2.8e-05,2.5e-05,5e-13,4e-10,1.5e-10,0.0652,30100000000.0,1160000000.0,11.43,-78.94
2.8e-05,2.5e-05,5e-13,4e-10,2e-10,0.0652,30100000000.0,1150000000.0,11.43,-78.9
2.8e-05,2.5e-05,5e-13,4e-10,2.5e-10,0.0652,30100000000.0,1170000000.0,11.44,-78.58
2.8e-05,2.5e-05,5e-13,3e-10,1e-10,0.0652,33700000000.0,1300000000.0,10.7,-80.61
2.8e-05,2.5e-05,5e-13,3e-10,5e-11,0.0652,33700000000.0,1300000000.0,10.7,-80.75
2.8e-05,2.5e-05,5e-13,3e-10,1.5e-10,0.0652,33700000000.0,1300000000.0,10.7,-80.71
2.8e-05,2.5e-05,5e-13,3e-10,2e-10,0.0652,33700000000.0,1290000000.0,10.7,-80.71
2.8e-05,2.5e-05,5e-13,3e-10,2.5e-10,0.0652,33700000000.0,1290000000.0,10.7,-80.77
2.8e-05,2.5e-05,5e-13,3.5e-10,1e-10,0.0652,31700000000.0,1230000000.0,11.13,-79.95
2.8e-05,2.5e-05,5e-13,3.5e-10,5e-11,0.0652,31700000000.0,1210000000.0,11.13,-79.68
2.8e-05,2.5e-05,5e-13,3.5e-10,1.5e-10,0.0652,31700000000.0,1210000000.0,11.13,-79.51
2.8e-05,2.5e-05,5e-13,3.5e-10,2e-10,0.0652,31700000000.0,1220000000.0,11.13,-79.52
2.8e-05,2.5e-05,5e-13,4.5e-10,1e-10,0.0652,28900000000.0,1120000000.0,11.64,-78.26
2.8e-05,2.5e-05,5e-13,4.5e-10,5e-11,0.0652,28900000000.0,1120000000.0,11.64,-78.55
2.8e-05,2.5e-05,5e-13,4.5e-10,1.5e-10,0.0652,28900000000.0,1120000000.0,11.64,-78.1
2.8e-05,2.5e-05,5e-13,4.5e-10,2e-10,0.0652,28900000000.0,1120000000.0,11.64,-78.31
2.8e-05,2.5e-05,5e-13,4.5e-10,2.5e-10,0.0652,28900000000.0,1120000000.0,11.65,-77.65
2.8e-05,2.5e-05,5e-13,5e-10,1e-10,0.0652,27800000000.0,1090000000.0,11.79,-77.8
2.8e-05,2.5e-05,5e-13,5e-10,5e-11,0.0652,27800000000.0,1100000000.0,11.79,-77.74
2.8e-05,2.5e-05,5e-13,5e-10,1.5e-10,0.0652,27800000000.0,1100000000.0,11.79,-77.75
2.8e-05,2.5e-05,5e-13,5e-10,2e-10,0.0652,27800000000.0,1100000000.0,11.79,-77.73
2.8e-05,2.5e-05,5e-13,5e-10,2.5e-10,0.0652,27800000000.0,1090000000.0,11.79,-77.69
2.8e-05,2.5e-05,3e-13,4e-10,1e-10,0.0652,30100000000.0,1160000000.0,11.44,-78.81
2.8e-05,2.5e-05,3e-13,4e-10,5e-11,0.0652,30100000000.0,1160000000.0,11.44,-79.17
2.8e-05,2.5e-05,3e-13,4e-10,1.5e-10,0.0652,30100000000.0,1150000000.0,11.44,-78.89
2.8e-05,2.5e-05,3e-13,4e-10,2e-10,0.0652,30100000000.0,1170000000.0,11.44,-78.57
2.8e-05,2.5e-05,3e-13,4e-10,2.5e-10,0.0652,30100000000.0,1160000000.0,11.44,-78.9
2.8e-05,2.5e-05,3e-13,3e-10,1e-10,0.0652,33700000000.0,1300000000.0,10.7,-80.52
2.8e-05,2.5e-05,3e-13,3e-10,5e-11,0.0652,33700000000.0,1290000000.0,10.7,-80.62
2.8e-05,2.5e-05,3e-13,3e-10,1.5e-10,0.0652,33700000000.0,1290000000.0,10.7,-80.75
2.8e-05,2.5e-05,3e-13,3e-10,2e-10,0.0652,33700000000.0,1290000000.0,10.7,-80.65
2.8e-05,2.5e-05,3e-13,3e-10,2.5e-10,0.0652,33700000000.0,1290000000.0,10.7,-80.64
2.8e-05,2.5e-05,3e-13,3.5e-10,1e-10,0.0652,31700000000.0,1230000000.0,11.13,-79.8
2.8e-05,2.5e-05,3e-13,3.5e-10,5e-11,0.0652,31700000000.0,1220000000.0,11.13,-79.69
2.8e-05,2.5e-05,3e-13,3.5e-10,1.5e-10,0.0652,31700000000.0,1210000000.0,11.13,-79.67
2.8e-05,2.5e-05,3e-13,3.5e-10,2e-10,0.0652,31700000000.0,1220000000.0,11.13,-79.67
2.8e-05,2.5e-05,3e-13,4.5e-10,1e-10,0.0652,28900000000.0,1120000000.0,11.64,-78.29
2.8e-05,2.5e-05,3e-13,4.5e-10,5e-11,0.0652,28900000000.0,1120000000.0,11.64,-78.25
2.8e-05,2.5e-05,3e-13,4.5e-10,1.5e-10,0.0652,28900000000.0,1120000000.0,11.64,-78.24
2.8e-05,2.5e-05,3e-13,4.5e-10,2e-10,0.0652,28900000000.0,1130000000.0,11.64,-78.42
2.8e-05,2.5e-05,3e-13,4.5e-10,2.5e-10,0.0652,28900000000.0,1130000000.0,11.64,-78.21
2.8e-05,2.5e-05,3e-13,5e-10,1e-10,0.0652,27900000000.0,1100000000.0,11.79,-77.79
2.8e-05,2.5e-05,3e-13,5e-10,5e-11,0.0652,27900000000.0,1100000000.0,11.78,-77.71
2.8e-05,2.5e-05,3e-13,5e-10,1.5e-10,0.0652,27900000000.0,1090000000.0,11.79,-77.71
2.8e-05,2.5e-05,3e-13,5e-10,2e-10,0.0652,27900000000.0,1100000000.0,11.79,-77.76
2.8e-05,2.5e-05,3e-13,5e-10,2.5e-10,0.0652,27900000000.0,1100000000.0,11.79,-77.63
2.8e-05,2.5e-05,4e-13,4e-10,1e-10,0.0652,30100000000.0,1160000000.0,11.44,-79.11
2.8e-05,2.5e-05,4e-13,4e-10,5e-11,0.0652,30100000000.0,1160000000.0,11.43,-78.92
2.8e-05,2.5e-05,4e-13,4e-10,1.5e-10,0.0652,30100000000.0,1160000000.0,11.44,-78.97
2.8e-05,2.5e-05,4e-13,4e-10,2e-10,0.0652,30100000000.0,1160000000.0,11.44,-78.8
2.8e-05,2.5e-05,4e-13,3e-10,1e-10,0.0652,33700000000.0,1290000000.0,10.7,-80.59
2.8e-05,2.5e-05,4e-13,3e-10,5e-11,0.0652,33700000000.0,1290000000.0,10.7,-80.68
2.8e-05,2.5e-05,4e-13,3e-10,1.5e-10,0.0652,33700000000.0,1300000000.0,10.7,-80.73
2.8e-05,2.5e-05,4e-13,3e-10,2.5e-10,0.0652,33700000000.0,1300000000.0,10.7,-80.6
2.8e-05,2.5e-05,4e-13,3.5e-10,1e-10,0.0652,31700000000.0,1230000000.0,11.13,-79.62
2.8e-05,2.5e-05,4e-13,3.5e-10,5e-11,0.0652,31700000000.0,1220000000.0,11.13,-79.68
2.8e-05,2.5e-05,4e-13,3.5e-10,1.5e-10,0.0652,31700000000.0,1210000000.0,11.13,-79.92
2.8e-05,2.5e-05,4e-13,3.5e-10,2e-10,0.0652,31700000000.0,1220000000.0,11.13,-79.51
2.8e-05,2.5e-05,4e-13,3.5e-10,2.5e-10,0.0652,31700000000.0,1230000000.0,11.13,-79.58
2.8e-05,2.5e-05,4e-13,4.5e-10,1e-10,0.0652,28900000000.0,1120000000.0,11.64,-78.38
2.8e-05,2.5e-05,4e-13,4.5e-10,5e-11,0.0652,28900000000.0,1130000000.0,11.65,-78.17
2.8e-05,2.5e-05,4e-13,4.5e-10,1.5e-10,0.0652,28900000000.0,1120000000.0,11.65,-78.33
2.8e-05,2.5e-05,4e-13,4.5e-10,2e-10,0.0652,28900000000.0,1120000000.0,11.65,-78.17
2.8e-05,2.5e-05,4e-13,4.5e-10,2.5e-10,0.0652,28900000000.0,1130000000.0,11.65,-78.42
2.8e-05,2.5e-05,4e-13,5e-10,1e-10,0.0652,27800000000.0,1100000000.0,11.79,-77.77
2.8e-05,2.5e-05,4e-13,5e-10,5e-11,0.0652,27900000000.0,1090000000.0,11.79,-77.88
2.8e-05,2.5e-05,4e-13,5e-10,1.5e-10,0.0652,27800000000.0,1100000000.0,11.79,-77.68
2.8e-05,2.5e-05,4e-13,5e-10,2e-10,0.0652,27800000000.0,1100000000.0,11.79,-77.7
2.8e-05,2.5e-05,4e-13,5e-10,2.5e-10,0.0652,27800000000.0,1100000000.0,11.79,-77.65
2.8e-05,2.5e-05,6e-13,4e-10,1e-10,0.0652,30100000000.0,1160000000.0,11.44,-78.63
2.8e-05,2.5e-05,6e-13,4e-10,5e-11,0.0652,30100000000.0,1160000000.0,11.44,-78.93
2.8e-05,2.5e-05,6e-13,4e-10,2e-10,0.0652,30100000000.0,1160000000.0,11.44,-78.92
2.8e-05,2.5e-05,6e-13,4e-10,2.5e-10,0.0652,30100000000.0,1160000000.0,11.44,-78.58
2.8e-05,2.5e-05,6e-13,3e-10,1e-10,0.0652,33700000000.0,1300000000.0,10.7,-80.66
2.8e-05,2.5e-05,6e-13,3e-10,5e-11,0.0652,33700000000.0,1300000000.0,10.7,-80.41
2.8e-05,2.5e-05,6e-13,3e-10,1.5e-10,0.0652,33700000000.0,1300000000.0,10.7,-80.63
2.8e-05,2.5e-05,6e-13,3e-10,2e-10,0.0652,33700000000.0,1290000000.0,10.7,-80.58
2.8e-05,2.5e-05,6e-13,3.5e-10,1.5e-10,0.0652,31700000000.0,1230000000.0,11.13,-79.94
2.8e-05,2.5e-05,6e-13,4.5e-10,1e-10,0.0652,28900000000.0,1120000000.0,11.65,-78.07
2.8e-05,2.5e-05,6e-13,4.5e-10,5e-11,0.0652,28900000000.0,1130000000.0,11.64,-78.19
2.8e-05,2.5e-05,6e-13,4.5e-10,1.5e-10,0.0652,28900000000.0,1130000000.0,11.64,-78.2
2.8e-05,2.5e-05,6e-13,5e-10,1e-10,0.0652,27800000000.0,1090000000.0,11.79,-77.53
2.8e-05,2.5e-05,6e-13,5e-10,5e-11,0.0652,27800000000.0,1090000000.0,11.79,-77.83
2.8e-05,2.5e-05,6e-13,5e-10,1.5e-10,0.0652,27800000000.0,1090000000.0,11.79,-77.76
2.8e-05,2.5e-05,6e-13,5e-10,2e-10,0.0652,27800000000.0,1100000000.0,11.79,-77.69
2.8e-05,2.5e-05,6e-13,5e-10,2.5e-10,0.0652,27800000000.0,1100000000.0,11.79,-77.54
2.8e-05,2.5e-05,7e-13,4e-10,1e-10,0.0652,30100000000.0,1170000000.0,11.44,-78.89
2.8e-05,2.5e-05,7e-13,4e-10,1.5e-10,0.0652,30100000000.0,1150000000.0,11.44,-78.9
2.8e-05,2.5e-05,7e-13,4e-10,2e-10,0.0652,30100000000.0,1160000000.0,11.44,-78.86
2.8e-05,2.5e-05,7e-13,3e-10,1e-10,0.0652,33700000000.0,1290000000.0,10.7,-80.81
2.8e-05,2.5e-05,7e-13,3e-10,5e-11,0.0652,33700000000.0,1300000000.0,10.7,-80.58
2.8e-05,2.5e-05,7e-13,3e-10,1.5e-10,0.0652,33700000000.0,1300000000.0,10.7,-80.78
2.8e-05,2.5e-05,7e-13,3e-10,2e-10,0.0652,33700000000.0,1290000000.0,10.7,-80.67
2.8e-05,2.5e-05,7e-13,3.5e-10,1e-10,0.0652,31700000000.0,1220000000.0,11.13,-79.4
2.8e-05,2.5e-05,7e-13,3.5e-10,1.5e-10,0.0652,31700000000.0,1220000000.0,11.13,-79.77
2.8e-05,2.5e-05,7e-13,3.5e-10,2e-10,0.0652,31700000000.0,1230000000.0,11.13,-79.59
2.8e-05,2.5e-05,7e-13,4.5e-10,1e-10,0.0652,28900000000.0,1120000000.0,11.65,-78.29
2.8e-05,2.5e-05,7e-13,4.5e-10,1.5e-10,0.0652,28900000000.0,1120000000.0,11.65,-78.3
2.8e-05,2.5e-05,7e-13,4.5e-10,2e-10,0.0652,28900000000.0,1130000000.0,11.64,-78.25
2.8e-05,2.5e-05,7e-13,4.5e-10,2.5e-10,0.0652,28900000000.0,1120000000.0,11.65,-78.31
2.8e-05,2.5e-05,7e-13,5e-10,1e-10,0.0652,27800000000.0,1100000000.0,11.79,-77.66
2.8e-05,2.5e-05,7e-13,5e-10,5e-11,0.0652,27800000000.0,1100000000.0,11.79,-77.79
2.8e-05,2.5e-05,7e-13,5e-10,1.5e-10,0.0652,27800000000.0,1100000000.0,11.79,-77.76
2.8e-05,2.5e-05,7e-13,5e-10,2e-10,0.0652,27800000000.0,1100000000.0,11.79,-77.58
2.9e-05,5e-06,5e-13,4e-10,1e-10,0.0676,32200000000.0,821000000.0,11.61,-81.96
2.9e-05,5e-06,5e-13,4e-10,5e-11,0.0676,32200000000.0,823000000.0,11.61,-82.25
2.9e-05,5e-06,5e-13,4e-10,1.5e-10,0.0676,32200000000.0,822000000.0,11.61,-82.21
2.9e-05,5e-06,5e-13,4e-10,2e-10,0.0676,32200000000.0,822000000.0,11.61,-85.52
2.9e-05,5e-06,5e-13,4e-10,2.5e-10,0.0676,32200000000.0,822000000.0,11.61,-82.16
2.9e-05,5e-06,5e-13,3e-10,1e-10,0.0676,36100000000.0,983000000.0,10.89,-85.57
2.9e-05,5e-06,5e-13,3e-10,5e-11,0.0676,36100000000.0,983000000.0,10.89,-85.62
2.9e-05,5e-06,5e-13,3e-10,1.5e-10,0.0676,36100000000.0,980000000.0,10.88,-85.46
2.9e-05,5e-06,5e-13,3e-10,2e-10,0.0676,36100000000.0,985000000.0,10.89,-85.82
2.9e-05,5e-06,5e-13,3e-10,2.5e-10,0.0676,36100000000.0,982000000.0,10.89,-85.31
2.9e-05,5e-06,5e-13,3.5e-10,1e-10,0.0676,33900000000.0,887000000.0,11.28,-83.63
2.9e-05,5e-06,5e-13,3.5e-10,5e-11,0.0676,33900000000.0,889000000.0,11.28,-83.16
2.9e-05,5e-06,5e-13,3.5e-10,1.5e-10,0.0676,33900000000.0,891000000.0,11.28,-83.06
2.9e-05,5e-06,5e-13,3.5e-10,2e-10,0.0676,33900000000.0,891000000.0,11.27,-83.43
2.9e-05,5e-06,5e-13,3.5e-10,2.5e-10,0.0676,33900000000.0,890000000.0,11.27,-83.21
2.9e-05,5e-06,5e-13,4.5e-10,1e-10,0.0676,30900000000.0,771000000.0,11.89,-81.36
2.9e-05,5e-06,5e-13,4.5e-10,5e-11,0.0676,30900000000.0,770000000.0,11.89,-81.07
2.9e-05,5e-06,5e-13,4.5e-10,1.5e-10,0.0676,30900000000.0,770000000.0,11.89,-80.99
2.9e-05,5e-06,5e-13,4.5e-10,2e-10,0.0676,30900000000.0,771000000.0,11.89,-82.42
2.9e-05,5e-06,5e-13,4.5e-10,2.5e-10,0.0676,30900000000.0,770000000.0,11.89,-81.41
2.9e-05,5e-06,5e-13,5e-10,1e-10,0.0676,29700000000.0,723000000.0,12.11,-80.44
2.9e-05,5e-06,5e-13,5e-10,5e-11,0.0676,29700000000.0,727000000.0,12.11,-81.0
2.9e-05,5e-06,5e-13,5e-10,1.5e-10,0.0676,29700000000.0,727000000.0,12.11,-80.67
2.9e-05,5e-06,5e-13,5e-10,2e-10,0.0676,29700000000.0,723000000.0,12.11,-81.1
2.9e-05,5e-06,5e-13,5e-10,2.5e-10,0.0676,29700000000.0,729000000.0,12.11,-79.68
2.9e-05,5e-06,3e-13,4e-10,1e-10,0.0676,32200000000.0,822000000.0,11.61,-82.14
2.9e-05,5e-06,3e-13,4e-10,5e-11,0.0676,32200000000.0,821000000.0,11.61,-82.11
2.9e-05,5e-06,3e-13,4e-10,1.5e-10,0.0676,32200000000.0,821000000.0,11.61,-81.71
2.9e-05,5e-06,3e-13,4e-10,2e-10,0.0676,32200000000.0,822000000.0,11.61,-81.9
2.9e-05,5e-06,3e-13,4e-10,2.5e-10,0.0676,32200000000.0,823000000.0,11.61,-81.86
2.9e-05,5e-06,3e-13,3e-10,1e-10,0.0676,36100000000.0,982000000.0,10.89,-82.41
2.9e-05,5e-06,3e-13,3e-10,5e-11,0.0676,36100000000.0,984000000.0,10.89,-85.58
2.9e-05,5e-06,3e-13,3e-10,1.5e-10,0.0676,36100000000.0,982000000.0,10.89,-86.03
2.9e-05,5e-06,3e-13,3e-10,2e-10,0.0676,36100000000.0,982000000.0,10.89,-85.58
2.9e-05,5e-06,3e-13,3e-10,2.5e-10,0.0676,36100000000.0,983000000.0,10.89,-85.75
2.9e-05,5e-06,3e-13,3.5e-10,1e-10,0.0676,33900000000.0,891000000.0,11.28,-83.4
2.9e-05,5e-06,3e-13,3.5e-10,5e-11,0.0676,33900000000.0,891000000.0,11.28,-83.58
2.9e-05,5e-06,3e-13,3.5e-10,1.5e-10,0.0676,33900000000.0,887000000.0,11.28,-83.22
2.9e-05,5e-06,3e-13,3.5e-10,2e-10,0.0676,33900000000.0,891000000.0,11.27,-83.59
2.9e-05,5e-06,3e-13,3.5e-10,2.5e-10,0.0676,33900000000.0,889000000.0,11.28,-83.23
2.9e-05,5e-06,3e-13,4.5e-10,1e-10,0.0676,30900000000.0,770000000.0,11.89,-81.26
2.9e-05,5e-06,3e-13,4.5e-10,5e-11,0.0676,30900000000.0,770000000.0,11.89,-80.9
2.9e-05,5e-06,3e-13,4.5e-10,1.5e-10,0.0676,30900000000.0,771000000.0,11.89,-84.53
2.9e-05,5e-06,3e-13,4.5e-10,2e-10,0.0676,30900000000.0,770000000.0,11.89,-81.02
2.9e-05,5e-06,3e-13,4.5e-10,2.5e-10,0.0676,30900000000.0,772000000.0,11.89,-81.38
2.9e-05,5e-06,3e-13,5e-10,1e-10,0.0676,29700000000.0,727000000.0,12.11,-80.54
2.9e-05,5e-06,3e-13,5e-10,5e-11,0.0676,29700000000.0,730000000.0,12.11,-80.45
2.9e-05,5e-06,3e-13,5e-10,1.5e-10,0.0676,29700000000.0,727000000.0,12.11,-80.53
2.9e-05,5e-06,3e-13,5e-10,2e-10,0.0676,29700000000.0,729000000.0,12.11,-80.55
2.9e-05,5e-06,3e-13,5e-10,2.5e-10,0.0676,29700000000.0,729000000.0,12.11,-77.69
2.9e-05,5e-06,4e-13,4e-10,1e-10,0.0676,32200000000.0,821000000.0,11.61,-82.72
2.9e-05,5e-06,4e-13,4e-10,1.5e-10,0.0676,32200000000.0,821000000.0,11.61,-81.87
2.9e-05,5e-06,4e-13,4e-10,2e-10,0.0676,32200000000.0,822000000.0,11.61,-81.91
2.9e-05,5e-06,4e-13,4e-10,2.5e-10,0.0676,32200000000.0,822000000.0,11.61,-82.13
2.9e-05,5e-06,4e-13,3e-10,1e-10,0.0676,36100000000.0,985000000.0,10.89,-85.34
2.9e-05,5e-06,4e-13,3e-10,5e-11,0.0676,36100000000.0,981000000.0,10.89,-85.49
2.9e-05,5e-06,4e-13,3e-10,1.5e-10,0.0676,36100000000.0,985000000.0,10.89,-85.8
2.9e-05,5e-06,4e-13,3e-10,2e-10,0.0676,36100000000.0,981000000.0,10.89,-86.08
2.9e-05,5e-06,4e-13,3.5e-10,1e-10,0.0676,33900000000.0,890000000.0,11.27,-83.39
2.9e-05,5e-06,4e-13,3.5e-10,5e-11,0.0676,33900000000.0,889000000.0,11.28,-83.35
2.9e-05,5e-06,4e-13,3.5e-10,2e-10,0.0676,33900000000.0,889000000.0,11.28,-83.21
2.9e-05,5e-06,4e-13,3.5e-10,2.5e-10,0.0676,33900000000.0,889000000.0,11.27,-83.34
2.9e-05,5e-06,4e-13,4.5e-10,1e-10,0.0676,30900000000.0,771000000.0,11.89,-81.26
2.9e-05,5e-06,4e-13,4.5e-10,5e-11,0.0676,30900000000.0,772000000.0,11.89,-81.16
2.9e-05,5e-06,4e-13,4.5e-10,1.5e-10,0.0676,30900000000.0,772000000.0,11.89,-81.32
2.9e-05,5e-06,4e-13,4.5e-10,2e-10,0.0676,30900000000.0,771000000.0,11.89,-81.33
2.9e-05,5e-06,4e-13,4.5e-10,2.5e-10,0.0676,30900000000.0,770000000.0,11.89,-80.84
2.9e-05,5e-06,4e-13,5e-10,1e-10,0.0676,29700000000.0,730000000.0,12.11,-80.41
2.9e-05,5e-06,4e-13,5e-10,5e-11,0.0676,29700000000.0,727000000.0,12.11,-80.99
2.9e-05,5e-06,4e-13,5e-10,2e-10,0.0676,29700000000.0,730000000.0,12.11,-80.32
2.9e-05,5e-06,4e-13,5e-10,2.5e-10,0.0676,29700000000.0,723000000.0,12.11,-81.18
2.9e-05,5e-06,6e-13,4e-10,1e-10,0.0676,32200000000.0,822000000.0,11.61,-82.23
2.9e-05,5e-06,6e-13,4e-10,5e-11,0.0676,32200000000.0,822000000.0,11.61,-81.86
2.9e-05,5e-06,6e-13,4e-10,1.5e-10,0.0676,32200000000.0,822000000.0,11.61,-81.84
2.9e-05,5e-06,6e-13,4e-10,2e-10,0.0676,32200000000.0,822000000.0,11.61,-83.0
2.9e-05,5e-06,6e-13,4e-10,2.5e-10,0.0676,32200000000.0,822000000.0,11.61,-81.99
2.9e-05,5e-06,6e-13,3e-10,1e-10,0.0676,36100000000.0,985000000.0,10.89,-86.02
2.9e-05,5e-06,6e-13,3e-10,5e-11,0.0676,36100000000.0,982000000.0,10.88,-85.44
2.9e-05,5e-06,6e-13,3e-10,1.5e-10,0.0676,36100000000.0,982000000.0,10.89,-85.61
2.9e-05,5e-06,6e-13,3e-10,2e-10,0.0676,36100000000.0,982000000.0,10.88,-85.32
2.9e-05,5e-06,6e-13,3.5e-10,1e-10,0.0676,33900000000.0,890000000.0,11.28,-83.35
2.9e-05,5e-06,6e-13,3.5e-10,5e-11,0.0676,33900000000.0,889000000.0,11.28,-83.32
2.9e-05,5e-06,6e-13,3.5e-10,2.5e-10,0.0676,33900000000.0,889000000.0,11.28,-83.24
2.9e-05,5e-06,6e-13,4.5e-10,1e-10,0.0676,30900000000.0,770000000.0,11.89,-81.36
2.9e-05,5e-06,6e-13,4.5e-10,5e-11,0.0676,30900000000.0,770000000.0,11.89,-81.18
2.9e-05,5e-06,6e-13,4.5e-10,1.5e-10,0.0676,30900000000.0,771000000.0,11.89,-81.18
2.9e-05,5e-06,6e-13,4.5e-10,2e-10,0.0676,30900000000.0,769000000.0,11.89,-81.11
2.9e-05,5e-06,6e-13,4.5e-10,2.5e-10,0.0676,30900000000.0,770000000.0,11.89,-77.84
2.9e-05,5e-06,6e-13,5e-10,1e-10,0.0676,29700000000.0,723000000.0,12.11,-81.19
2.9e-05,5e-06,6e-13,5e-10,5e-11,0.0676,29700000000.0,723000000.0,12.11,-80.58
2.9e-05,5e-06,6e-13,5e-10,2e-10,0.0676,29700000000.0,729000000.0,12.11,-80.56
2.9e-05,5e-06,7e-13,4e-10,1e-10,0.0676,32200000000.0,821000000.0,11.61,-82.19
2.9e-05,5e-06,7e-13,4e-10,5e-11,0.0676,32200000000.0,821000000.0,11.61,-81.89
2.9e-05,5e-06,7e-13,4e-10,2e-10,0.0676,32200000000.0,821000000.0,11.61,-81.93
2.9e-05,5e-06,7e-13,4e-10,2.5e-10,0.0676,32200000000.0,823000000.0,11.61,-82.32
2.9e-05,5e-06,7e-13,3e-10,1e-10,0.0676,36100000000.0,982000000.0,10.88,-85.37
2.9e-05,5e-06,7e-13,3e-10,5e-11,0.0676,36100000000.0,985000000.0,10.89,-85.33
2.9e-05,5e-06,7e-13,3e-10,1.5e-10,0.0676,36100000000.0,982000000.0,10.89,-85.54
2.9e-05,5e-06,7e-13,3e-10,2e-10,0.0676,36100000000.0,982000000.0,10.88,-85.39
2.9e-05,5e-06,7e-13,3e-10,2.5e-10,0.0676,36100000000.0,981000000.0,10.88,-85.5
2.9e-05,5e-06,7e-13,3.5e-10,1e-10,0.0676,33900000000.0,890000000.0,11.27,-83.43
2.9e-05,5e-06,7e-13,3.5e-10,5e-11,0.0676,33900000000.0,890000000.0,11.27,-83.22
2.9e-05,5e-06,7e-13,3.5e-10,1.5e-10,0.0676,33900000000.0,889000000.0,11.28,-79.94
2.9e-05,5e-06,7e-13,3.5e-10,2e-10,0.0676,33900000000.0,888000000.0,11.27,-83.29
2.9e-05,5e-06,7e-13,3.5e-10,2.5e-10,0.0676,33900000000.0,889000000.0,11.27,-82.85
2.9e-05,5e-06,7e-13,4.5e-10,1e-10,0.0676,30900000000.0,769000000.0,11.89,-80.99
2.9e-05,5e-06,7e-13,4.5e-10,5e-11,0.0676,30900000000.0,770000000.0,11.89,-81.56
2.9e-05,5e-06,7e-13,4.5e-10,1.5e-10,0.0676,30900000000.0,771000000.0,11.89,-81.37
2.9e-05,5e-06,7e-13,4.5e-10,2.5e-10,0.0676,30900000000.0,770000000.0,11.89,-81.59
2.9e-05,5e-06,7e-13,5e-10,1e-10,0.0676,29700000000.0,729000000.0,12.11,-80.44
2.9e-05,5e-06,7e-13,5e-10,5e-11,0.0676,29700000000.0,731000000.0,12.11,-80.6
2.9e-05,5e-06,7e-13,5e-10,1.5e-10,0.0676,29700000000.0,726000000.0,12.11,-80.53
2.9e-05,5e-06,7e-13,5e-10,2e-10,0.0676,29700000000.0,731000000.0,12.11,-80.37
2.9e-05,6e-06,5e-13,4e-10,1e-10,0.0676,32000000000.0,942000000.0,11.65,-81.89
2.9e-05,6e-06,5e-13,4e-10,1.5e-10,0.0676,32000000000.0,943000000.0,11.65,-81.95
2.9e-05,6e-06,5e-13,4e-10,2e-10,0.0676,32000000000.0,943000000.0,11.65,-82.05
2.9e-05,6e-06,5e-13,4e-10,2.5e-10,0.0676,32000000000.0,943000000.0,11.65,-82.27
2.9e-05,6e-06,5e-13,3e-10,1e-10,0.0676,35800000000.0,1130000000.0,10.92,-85.57
2.9e-05,6e-06,5e-13,3e-10,5e-11,0.0676,35800000000.0,1130000000.0,10.92,-85.41
2.9e-05,6e-06,5e-13,3e-10,1.5e-10,0.0676,35800000000.0,1130000000.0,10.92,-85.52
2.9e-05,6e-06,5e-13,3e-10,2e-10,0.0676,35800000000.0,1130000000.0,10.92,-85.21
2.9e-05,6e-06,5e-13,3e-10,2.5e-10,0.0676,35800000000.0,1130000000.0,10.92,-85.58
2.9e-05,6e-06,5e-13,3.5e-10,1e-10,0.0676,33700000000.0,1020000000.0,11.31,-83.53
2.9e-05,6e-06,5e-13,3.5e-10,5e-11,0.0676,33700000000.0,1020000000.0,11.31,-83.37
2.9e-05,6e-06,5e-13,3.5e-10,1.5e-10,0.0676,33700000000.0,1020000000.0,11.31,-83.03
2.9e-05,6e-06,5e-13,3.5e-10,2e-10,0.0676,33700000000.0,1020000000.0,11.31,-83.18
2.9e-05,6e-06,5e-13,3.5e-10,2.5e-10,0.0676,33700000000.0,1020000000.0,11.31,-83.43
2.9e-05,6e-06,5e-13,4.5e-10,1e-10,0.0676,30600000000.0,884000000.0,11.92,-80.94
2.9e-05,6e-06,5e-13,4.5e-10,5e-11,0.0676,30600000000.0,884000000.0,11.92,-80.66
2.9e-05,6e-06,5e-13,4.5e-10,1.5e-10,0.0676,30600000000.0,883000000.0,11.92,-80.51
2.9e-05,6e-06,5e-13,4.5e-10,2e-10,0.0676,30600000000.0,883000000.0,11.92,-80.45
2.9e-05,6e-06,5e-13,4.5e-10,2.5e-10,0.0676,30600000000.0,884000000.0,11.92,-81.28
2.9e-05,6e-06,5e-13,5e-10,1e-10,0.0676,29500000000.0,839000000.0,12.13,-80.45
2.9e-05,6e-06,5e-13,5e-10,5e-11,0.0676,29500000000.0,836000000.0,12.14,-80.59
2.9e-05,6e-06,5e-13,5e-10,1.5e-10,0.0676,29500000000.0,841000000.0,12.13,-80.8
2.9e-05,6e-06,5e-13,5e-10,2e-10,0.0676,29500000000.0,831000000.0,12.14,-80.42
2.9e-05,6e-06,5e-13,5e-10,2.5e-10,0.0676,29500000000.0,836000000.0,12.14,-80.47
2.9e-05,6e-06,3e-13,4e-10,1e-10,0.0676,32000000000.0,943000000.0,11.65,-81.96
2.9e-05,6e-06,3e-13,4e-10,5e-11,0.0676,32000000000.0,942000000.0,11.65,-81.88
2.9e-05,6e-06,3e-13,4e-10,1.5e-10,0.0676,32000000000.0,944000000.0,11.65,-81.98
2.9e-05,6e-06,3e-13,4e-10,2e-10,0.0676,32000000000.0,943000000.0,11.65,-81.79
2.9e-05,6e-06,3e-13,4e-10,2.5e-10,0.0676,32000000000.0,943000000.0,11.65,-82.0
2.9e-05,6e-06,3e-13,3e-10,1e-10,0.0676,35800000000.0,1130000000.0,10.92,-85.4
2.9e-05,6e-06,3e-13,3e-10,5e-11,0.0676,35800000000.0,1130000000.0,10.92,-79.46
2.9e-05,6e-06,3e-13,3e-10,1.5e-10,0.0676,35800000000.0,1130000000.0,10.92,-85.11
2.9e-05,6e-06,3e-13,3e-10,2e-10,0.0676,35800000000.0,1130000000.0,10.92,-85.29
2.9e-05,6e-06,3e-13,3e-10,2.5e-10,0.0676,35800000000.0,1130000000.0,10.92,-85.56
2.9e-05,6e-06,3e-13,3.5e-10,5e-11,0.0676,33700000000.0,1020000000.0,11.31,-83.27
2.9e-05,6e-06,3e-13,3.5e-10,1.5e-10,0.0676,33700000000.0,1020000000.0,11.31,-83.05
2.9e-05,6e-06,3e-13,3.5e-10,2e-10,0.0676,33700000000.0,1020000000.0,11.31,-83.36
2.9e-05,6e-06,3e-13,3.5e-10,2.5e-10,0.0676,33700000000.0,1020000000.0,11.31,-83.29
2.9e-05,6e-06,3e-13,4.5e-10,1e-10,0.0676,30600000000.0,888000000.0,11.92,-81.07
2.9e-05,6e-06,3e-13,4.5e-10,5e-11,0.0676,30600000000.0,882000000.0,11.92,-81.4
2.9e-05,6e-06,3e-13,4.5e-10,1.5e-10,0.0676,30600000000.0,883000000.0,11.92,-80.46
2.9e-05,6e-06,3e-13,4.5e-10,2e-10,0.0676,30600000000.0,884000000.0,11.92,-81.03
2.9e-05,6e-06,3e-13,4.5e-10,2.5e-10,0.0676,30600000000.0,886000000.0,11.92,-81.36
2.9e-05,6e-06,3e-13,5e-10,1e-10,0.0676,29500000000.0,841000000.0,12.13,-80.41
2.9e-05,6e-06,3e-13,5e-10,5e-11,0.0676,29500000000.0,838000000.0,12.14,-80.68
2.9e-05,6e-06,3e-13,5e-10,1.5e-10,0.0676,29500000000.0,841000000.0,12.13,-80.79
2.9e-05,6e-06,3e-13,5e-10,2e-10,0.0676,29500000000.0,841000000.0,12.13,-80.6
2.9e-05,6e-06,3e-13,5e-10,2.5e-10,0.0676,29500000000.0,843000000.0,12.13,-80.37
2.9e-05,6e-06,4e-13,4e-10,1e-10,0.0676,32000000000.0,942000000.0,11.65,-81.76
2.9e-05,6e-06,4e-13,4e-10,1.5e-10,0.0676,32000000000.0,943000000.0,11.65,-82.1
2.9e-05,6e-06,4e-13,4e-10,2.5e-10,0.0676,32000000000.0,944000000.0,11.65,-82.11
2.9e-05,6e-06,4e-13,3e-10,1e-10,0.0676,35800000000.0,1130000000.0,10.92,-70.63
2.9e-05,6e-06,4e-13,3e-10,1.5e-10,0.0676,35800000000.0,1130000000.0,10.92,-85.25
2.9e-05,6e-06,4e-13,3e-10,2e-10,0.0676,35800000000.0,1130000000.0,10.92,-85.7
2.9e-05,6e-06,4e-13,3e-10,2.5e-10,0.0676,35800000000.0,1130000000.0,10.92,-85.34
2.9e-05,6e-06,4e-13,3.5e-10,1e-10,0.0676,33700000000.0,1020000000.0,11.31,-83.56
2.9e-05,6e-06,4e-13,3.5e-10,1.5e-10,0.0676,33700000000.0,1020000000.0,11.31,-82.93
2.9e-05,6e-06,4e-13,3.5e-10,2e-10,0.0676,33700000000.0,1020000000.0,11.31,-83.34
2.9e-05,6e-06,4e-13,3.5e-10,2.5e-10,0.0676,33700000000.0,1020000000.0,11.31,-83.48
2.9e-05,6e-06,4e-13,4.5e-10,1e-10,0.0676,30600000000.0,884000000.0,11.92,-81.45
2.9e-05,6e-06,4e-13,4.5e-10,5e-11,0.0676,30600000000.0,886000000.0,11.92,-80.96
2.9e-05,6e-06,4e-13,4.5e-10,1.5e-10,0.0676,30600000000.0,886000000.0,11.92,-81.33
2.9e-05,6e-06,4e-13,4.5e-10,2e-10,0.0676,30600000000.0,882000000.0,11.92,-81.01
2.9e-05,6e-06,4e-13,4.5e-10,2.5e-10,0.0676,30600000000.0,884000000.0,11.92,-81.32
2.9e-05,6e-06,4e-13,5e-10,1e-10,0.0676,29500000000.0,838000000.0,12.14,-80.51
2.9e-05,6e-06,4e-13,5e-10,1.5e-10,0.0676,29500000000.0,838000000.0,12.14,-77.4
2.9e-05,6e-06,4e-13,5e-10,2e-10,0.0676,29500000000.0,837000000.0,12.14,-80.7
2.9e-05,6e-06,4e-13,5e-10,2.5e-10,0.0676,29500000000.0,843000000.0,12.13,-80.08
2.9e-05,6e-06,6e-13,4e-10,1e-10,0.0676,32000000000.0,942000000.0,11.65,-81.79
2.9e-05,6e-06,6e-13,4e-10,2e-10,0.0676,32000000000.0,943000000.0,11.65,-82.2
2.9e-05,6e-06,6e-13,4e-10,2.5e-10,0.0676,32000000000.0,942000000.0,11.65,-81.98
2.9e-05,6e-06,6e-13,3e-10,1e-10,0.0676,35800000000.0,1130000000.0,10.92,-85.3
2.9e-05,6e-06,6e-13,3e-10,5e-11,0.0676,35800000000.0,1130000000.0,10.92,-85.66
2.9e-05,6e-06,6e-13,3e-10,1.5e-10,0.0676,35800000000.0,1130000000.0,10.92,-85.04
2.9e-05,6e-06,6e-13,3e-10,2e-10,0.0676,35800000000.0,1130000000.0,10.92,-85.51
2.9e-05,6e-06,6e-13,3e-10,2.5e-10,0.0676,35800000000.0,1130000000.0,10.92,-85.44
2.9e-05,6e-06,6e-13,3.5e-10,1e-10,0.0676,33700000000.0,1020000000.0,11.31,-73.08
2.9e-05,6e-06,6e-13,3.5e-10,5e-11,0.0676,33700000000.0,1020000000.0,11.31,-83.33
2.9e-05,6e-06,6e-13,3.5e-10,1.5e-10,0.0676,33700000000.0,1020000000.0,11.31,-83.2
2.9e-05,6e-06,6e-13,3.5e-10,2.5e-10,0.0676,33700000000.0,1020000000.0,11.31,-83.3
2.9e-05,6e-06,6e-13,4.5e-10,1e-10,0.0676,30600000000.0,884000000.0,11.92,-81.25
2.9e-05,6e-06,6e-13,4.5e-10,5e-11,0.0676,30600000000.0,885000000.0,11.92,-81.04
2.9e-05,6e-06,6e-13,4.5e-10,1.5e-10,0.0676,30600000000.0,884000000.0,11.92,-81.29
2.9e-05,6e-06,6e-13,4.5e-10,2e-10,0.0676,30600000000.0,882000000.0,11.92,-81.31
2.9e-05,6e-06,6e-13,4.5e-10,2.5e-10,0.0676,30600000000.0,883000000.0,11.92,-81.24
2.9e-05,6e-06,6e-13,5e-10,1e-10,0.0676,29500000000.0,837000000.0,12.14,-80.61
2.9e-05,6e-06,6e-13,5e-10,2.5e-10,0.0676,29500000000.0,839000000.0,12.13,-80.22
2.9e-05,6e-06,7e-13,4e-10,5e-11,0.0676,32000000000.0,942000000.0,11.65,-82.01
2.9e-05,6e-06,7e-13,4e-10,1.5e-10,0.0676,32000000000.0,942000000.0,11.65,-81.91
2.9e-05,6e-06,7e-13,4e-10,2e-10,0.0676,32000000000.0,942000000.0,11.65,-82.05
2.9e-05,6e-06,7e-13,3e-10,1e-10,0.0676,35800000000.0,1130000000.0,10.92,-85.62
2.9e-05,6e-06,7e-13,3e-10,5e-11,0.0676,35800000000.0,1130000000.0,10.92,-85.05
2.9e-05,6e-06,7e-13,3e-10,1.5e-10,0.0676,35800000000.0,1130000000.0,10.92,-85.47
2.9e-05,6e-06,7e-13,3e-10,2e-10,0.0676,35800000000.0,1130000000.0,10.92,-85.12
2.9e-05,6e-06,7e-13,3.5e-10,1e-10,0.0676,33700000000.0,1020000000.0,11.31,-83.31
2.9e-05,6e-06,7e-13,3.5e-10,5e-11,0.0676,33700000000.0,1020000000.0,11.31,-83.5
2.9e-05,6e-06,7e-13,3.5e-10,1.5e-10,0.0676,33700000000.0,1020000000.0,11.31,-83.1
2.9e-05,6e-06,7e-13,3.5e-10,2e-10,0.0676,33700000000.0,1020000000.0,11.31,-83.32
2.9e-05,6e-06,7e-13,4.5e-10,1e-10,0.0676,30600000000.0,884000000.0,11.92,-81.36
2.9e-05,6e-06,7e-13,4.5e-10,5e-11,0.0676,30600000000.0,884000000.0,11.92,-81.2
2.9e-05,6e-06,7e-13,4.5e-10,1.5e-10,0.0676,30600000000.0,884000000.0,11.92,-81.22
2.9e-05,6e-06,7e-13,4.5e-10,2e-10,0.0676,30600000000.0,884000000.0,11.92,-81.17
2.9e-05,6e-06,7e-13,4.5e-10,2.5e-10,0.0676,30600000000.0,880000000.0,11.92,-81.12
2.9e-05,6e-06,7e-13,5e-10,1e-10,0.0676,29500000000.0,837000000.0,12.13,-80.36
2.9e-05,6e-06,7e-13,5e-10,5e-11,0.0676,29500000000.0,838000000.0,12.14,-80.52
2.9e-05,6e-06,7e-13,5e-10,1.5e-10,0.0676,29500000000.0,837000000.0,12.14,-80.27
2.9e-05,6e-06,7e-13,5e-10,2.5e-10,0.0676,29500000000.0,838000000.0,12.13,-80.44
2.9e-05,7e-06,5e-13,4e-10,1e-10,0.0676,31800000000.0,1050000000.0,11.68,-82.09
2.9e-05,7e-06,5e-13,4e-10,5e-11,0.0676,31800000000.0,1050000000.0,11.68,-82.14
2.9e-05,7e-06,5e-13,4e-10,1.5e-10,0.0676,31800000000.0,1050000000.0,11.68,-81.94
2.9e-05,7e-06,5e-13,4e-10,2e-10,0.0676,31800000000.0,1050000000.0,11.68,-82.01
2.9e-05,7e-06,5e-13,4e-10,2.5e-10,0.0676,31800000000.0,1050000000.0,11.68,-81.77
2.9e-05,7e-06,5e-13,3e-10,1e-10,0.0676,35500000000.0,1250000000.0,10.95,-85.33
2.9e-05,7e-06,5e-13,3e-10,5e-11,0.0676,35500000000.0,1250000000.0,10.95,-85.2
2.9e-05,7e-06,5e-13,3e-10,1.5e-10,0.0676,35500000000.0,1260000000.0,10.95,-85.64
2.9e-05,7e-06,5e-13,3e-10,2.5e-10,0.0676,35500000000.0,1250000000.0,10.95,-85.27
2.9e-05,7e-06,5e-13,3.5e-10,1e-10,0.0676,33400000000.0,1130000000.0,11.35,-83.35
2.9e-05,7e-06,5e-13,3.5e-10,5e-11,0.0676,33400000000.0,1140000000.0,11.35,-83.18
2.9e-05,7e-06,5e-13,3.5e-10,1.5e-10,0.0676,33400000000.0,1130000000.0,11.35,-82.88
2.9e-05,7e-06,5e-13,3.5e-10,2e-10,0.0676,33400000000.0,1140000000.0,11.35,-83.24
2.9e-05,7e-06,5e-13,3.5e-10,2.5e-10,0.0676,33400000000.0,1130000000.0,11.35,-83.1
2.9e-05,7e-06,5e-13,4.5e-10,1e-10,0.0676,30400000000.0,984000000.0,11.95,-81.31
2.9e-05,7e-06,5e-13,4.5e-10,5e-11,0.0676,30400000000.0,984000000.0,11.95,-80.94
2.9e-05,7e-06,5e-13,4.5e-10,1.5e-10,0.0676,30400000000.0,982000000.0,11.95,-81.0
2.9e-05,7e-06,5e-13,4.5e-10,2e-10,0.0676,30400000000.0,987000000.0,11.95,-81.18
2.9e-05,7e-06,5e-13,4.5e-10,2.5e-10,0.0676,30400000000.0,985000000.0,11.95,-81.3
2.9e-05,7e-06,5e-13,5e-10,1e-10,0.0676,29300000000.0,938000000.0,12.15,-80.54
2.9e-05,7e-06,5e-13,5e-10,5e-11,0.0676,29300000000.0,932000000.0,12.15,-80.64
2.9e-05,7e-06,5e-13,5e-10,1.5e-10,0.0676,29300000000.0,938000000.0,12.15,-80.64
2.9e-05,7e-06,5e-13,5e-10,2e-10,0.0676,29300000000.0,938000000.0,12.15,-80.36
2.9e-05,7e-06,5e-13,5e-10,2.5e-10,0.0676,29300000000.0,930000000.0,12.16,-80.59
2.9e-05,7e-06,3e-13,4e-10,1e-10,0.0676,31800000000.0,1050000000.0,11.68,-82.34
2.9e-05,7e-06,3e-13,4e-10,5e-11,0.0676,31800000000.0,1050000000.0,11.68,-82.18
2.9e-05,7e-06,3e-13,4e-10,1.5e-10,0.0676,31800000000.0,1050000000.0,11.68,-82.07
2.9e-05,7e-06,3e-13,4e-10,2e-10,0.0676,31800000000.0,1050000000.0,11.68,-81.85
2.9e-05,7e-06,3e-13,4e-10,2.5e-10,0.0676,31800000000.0,1050000000.0,11.68,-82.21
2.9e-05,7e-06,3e-13,3e-10,1e-10,0.0676,35500000000.0,1260000000.0,10.95,-84.96
2.9e-05,7e-06,3e-13,3e-10,5e-11,0.0676,35500000000.0,1260000000.0,10.95,-84.86
2.9e-05,7e-06,3e-13,3e-10,1.5e-10,0.0676,35500000000.0,1250000000.0,10.95,-85.29
2.9e-05,7e-06,3e-13,3e-10,2e-10,0.0676,35500000000.0,1260000000.0,10.95,-85.33
2.9e-05,7e-06,3e-13,3e-10,2.5e-10,0.0676,35500000000.0,1260000000.0,10.96,-84.82
2.9e-05,7e-06,3e-13,3.5e-10,1e-10,0.0676,33400000000.0,1130000000.0,11.35,-82.17
2.9e-05,7e-06,3e-13,3.5e-10,5e-11,0.0676,33400000000.0,1130000000.0,11.35,-83.4
2.9e-05,7e-06,3e-13,3.5e-10,1.5e-10,0.0676,33400000000.0,1140000000.0,11.35,-83.23
2.9e-05,7e-06,3e-13,3.5e-10,2e-10,0.0676,33400000000.0,1140000000.0,11.35,-83.2
2.9e-05,7e-06,3e-13,3.5e-10,2.5e-10,0.0676,33400000000.0,1140000000.0,11.35,-83.34
2.9e-05,7e-06,3e-13,4.5e-10,1e-10,0.0676,30400000000.0,981000000.0,11.95,-81.37
2.9e-05,7e-06,3e-13,4.5e-10,5e-11,0.0676,30400000000.0,984000000.0,11.95,-81.35
2.9e-05,7e-06,3e-13,4.5e-10,1.5e-10,0.0676,30400000000.0,989000000.0,11.95,-81.03
2.9e-05,7e-06,3e-13,4.5e-10,2e-10,0.0676,30400000000.0,986000000.0,11.95,-81.65
2.9e-05,7e-06,3e-13,4.5e-10,2.5e-10,0.0676,30400000000.0,985000000.0,11.95,-81.28
2.9e-05,7e-06,3e-13,5e-10,1e-10,0.0676,29300000000.0,939000000.0,12.15,-80.63
2.9e-05,7e-06,3e-13,5e-10,5e-11,0.0676,29300000000.0,928000000.0,12.15,-80.42
2.9e-05,7e-06,3e-13,5e-10,1.5e-10,0.0676,29300000000.0,931000000.0,12.16,-80.37
2.9e-05,7e-06,3e-13,5e-10,2e-10,0.0676,29300000000.0,933000000.0,12.16,-80.66
2.9e-05,7e-06,3e-13,5e-10,2.5e-10,0.0676,29300000000.0,931000000.0,12.16,-80.59
2.9e-05,7e-06,4e-13,4e-10,5e-11,0.0676,31800000000.0,1050000000.0,11.68,-81.76
2.9e-05,7e-06,4e-13,4e-10,1.5e-10,0.0676,31800000000.0,1050000000.0,11.68,-81.74
2.9e-05,7e-06,4e-13,4e-10,2e-10,0.0676,31800000000.0,1050000000.0,11.68,-82.0
2.9e-05,7e-06,4e-13,4e-10,2.5e-10,0.0676,31800000000.0,1050000000.0,11.68,-82.61
2.9e-05,7e-06,4e-13,3e-10,1e-10,0.0676,35500000000.0,1250000000.0,10.95,-85.24
2.9e-05,7e-06,4e-13,3e-10,1.5e-10,0.0676,35500000000.0,1250000000.0,10.95,-83.55
2.9e-05,7e-06,4e-13,3e-10,2e-10,0.0676,35500000000.0,1260000000.0,10.96,-85.36
2.9e-05,7e-06,4e-13,3e-10,2.5e-10,0.0676,35500000000.0,1250000000.0,10.95,-85.23
2.9e-05,7e-06,4e-13,3.5e-10,1e-10,0.0676,33400000000.0,1140000000.0,11.35,-83.1
2.9e-05,7e-06,4e-13,3.5e-10,5e-11,0.0676,33400000000.0,1140000000.0,11.35,-83.29
2.9e-05,7e-06,4e-13,3.5e-10,1.5e-10,0.0676,33400000000.0,1130000000.0,11.35,-83.2
2.9e-05,7e-06,4e-13,3.5e-10,2e-10,0.0676,33400000000.0,1130000000.0,11.35,-82.96
2.9e-05,7e-06,4e-13,4.5e-10,1e-10,0.0676,30400000000.0,985000000.0,11.95,-80.87
2.9e-05,7e-06,4e-13,4.5e-10,5e-11,0.0676,30400000000.0,986000000.0,11.95,-81.16
2.9e-05,7e-06,4e-13,4.5e-10,1.5e-10,0.0676,30400000000.0,984000000.0,11.95,-81.39
2.9e-05,7e-06,4e-13,4.5e-10,2.5e-10,0.0676,30400000000.0,986000000.0,11.95,-80.89
2.9e-05,7e-06,4e-13,5e-10,1e-10,0.0676,29300000000.0,932000000.0,12.15,-80.55
2.9e-05,7e-06,4e-13,5e-10,5e-11,0.0676,29300000000.0,932000000.0,12.15,-80.54
2.9e-05,7e-06,4e-13,5e-10,1.5e-10,0.0676,29300000000.0,936000000.0,12.15,-80.6
2.9e-05,7e-06,4e-13,5e-10,2e-10,0.0676,29300000000.0,932000000.0,12.15,-80.59
2.9e-05,7e-06,4e-13,5e-10,2.5e-10,0.0676,29300000000.0,934000000.0,12.15,-80.4
2.9e-05,7e-06,6e-13,4e-10,1e-10,0.0676,31800000000.0,1050000000.0,11.68,-81.88
2.9e-05,7e-06,6e-13,4e-10,5e-11,0.0676,31800000000.0,1050000000.0,11.68,-81.87
2.9e-05,7e-06,6e-13,4e-10,2e-10,0.0676,31800000000.0,1050000000.0,11.68,-82.1
2.9e-05,7e-06,6e-13,3e-10,1e-10,0.0676,35500000000.0,1260000000.0,10.95,-85.4
2.9e-05,7e-06,6e-13,3e-10,5e-11,0.0676,35500000000.0,1250000000.0,10.95,-85.05
2.9e-05,7e-06,6e-13,3e-10,1.5e-10,0.0676,35500000000.0,1250000000.0,10.95,-88.82
2.9e-05,7e-06,6e-13,3e-10,2e-10,0.0676,35500000000.0,1250000000.0,10.95,-85.08
2.9e-05,7e-06,6e-13,3e-10,2.5e-10,0.0676,35500000000.0,1250000000.0,10.95,-86.19
2.9e-05,7e-06,6e-13,3.5e-10,1e-10,0.0676,33400000000.0,1140000000.0,11.35,-83.59
2.9e-05,7e-06,6e-13,3.5e-10,5e-11,0.0676,33400000000.0,1140000000.0,11.35,-83.11
2.9e-05,7e-06,6e-13,3.5e-10,1.5e-10,0.0676,33400000000.0,1140000000.0,11.35,-83.19
2.9e-05,7e-06,6e-13,3.5e-10,2e-10,0.0676,33400000000.0,1130000000.0,11.35,-83.11
2.9e-05,7e-06,6e-13,4.5e-10,1e-10,0.0676,30400000000.0,987000000.0,11.95,-81.15
2.9e-05,7e-06,6e-13,4.5e-10,5e-11,0.0676,30400000000.0,985000000.0,11.95,-81.33
2.9e-05,7e-06,6e-13,4.5e-10,1.5e-10,0.0676,30400000000.0,982000000.0,11.95,-81.17
2.9e-05,7e-06,6e-13,4.5e-10,2e-10,0.0676,30400000000.0,984000000.0,11.95,-81.13
2.9e-05,7e-06,6e-13,4.5e-10,2.5e-10,0.0676,30400000000.0,985000000.0,11.95,-81.36
2.9e-05,7e-06,6e-13,5e-10,1e-10,0.0676,29300000000.0,932000000.0,12.16,-80.59
2.9e-05,7e-06,6e-13,5e-10,5e-11,0.0676,29300000000.0,934000000.0,12.15,-80.5
2.9e-05,7e-06,6e-13,5e-10,1.5e-10,0.0676,29300000000.0,934000000.0,12.15,-80.25
2.9e-05,7e-06,6e-13,5e-10,2e-10,0.0676,29300000000.0,935000000.0,12.15,-80.38
2.9e-05,7e-06,6e-13,5e-10,2.5e-10,0.0676,29300000000.0,932000000.0,12.16,-80.64
2.9e-05,7e-06,7e-13,4e-10,1e-10,0.0676,31800000000.0,1050000000.0,11.68,-81.89
2.9e-05,7e-06,7e-13,4e-10,2e-10,0.0676,31800000000.0,1050000000.0,11.68,-82.15
2.9e-05,7e-06,7e-13,4e-10,2.5e-10,0.0676,31800000000.0,1050000000.0,11.68,-81.84
2.9e-05,7e-06,7e-13,3e-10,1e-10,0.0676,35500000000.0,1250000000.0,10.95,-85.98
2.9e-05,7e-06,7e-13,3e-10,5e-11,0.0676,35500000000.0,1250000000.0,10.95,-85.64
2.9e-05,7e-06,7e-13,3e-10,2e-10,0.0676,35500000000.0,1250000000.0,10.95,-85.15
2.9e-05,7e-06,7e-13,3e-10,2.5e-10,0.0676,35500000000.0,1250000000.0,10.95,-84.99
2.9e-05,7e-06,7e-13,3.5e-10,1e-10,0.0676,33400000000.0,1140000000.0,11.35,-83.26
2.9e-05,7e-06,7e-13,3.5e-10,1.5e-10,0.0676,33400000000.0,1130000000.0,11.35,-83.44
2.9e-05,7e-06,7e-13,3.5e-10,2.5e-10,0.0676,33400000000.0,1140000000.0,11.35,-83.27
2.9e-05,7e-06,7e-13,4.5e-10,1e-10,0.0676,30400000000.0,983000000.0,11.95,-81.31
2.9e-05,7e-06,7e-13,4.5e-10,5e-11,0.0676,30400000000.0,985000000.0,11.95,-81.31
2.9e-05,7e-06,7e-13,4.5e-10,2e-10,0.0676,30400000000.0,982000000.0,11.95,-80.81
2.9e-05,7e-06,7e-13,4.5e-10,2.5e-10,0.0676,30400000000.0,983000000.0,11.95,-81.33
2.9e-05,7e-06,7e-13,5e-10,1e-10,0.0676,29300000000.0,936000000.0,12.15,-80.46
2.9e-05,7e-06,7e-13,5e-10,5e-11,0.0676,29300000000.0,934000000.0,12.15,-81.64
2.9e-05,7e-06,7e-13,5e-10,2e-10,0.0676,29300000000.0,934000000.0,12.15,-80.52
2.9e-05,7e-06,7e-13,5e-10,2.5e-10,0.0676,29300000000.0,936000000.0,12.15,-80.26
2.9e-05,8e-06,5e-13,4e-10,1e-10,0.0676,31500000000.0,1140000000.0,11.71,-81.86
2.9e-05,8e-06,5e-13,4e-10,5e-11,0.0676,31500000000.0,1140000000.0,11.71,-81.71
2.9e-05,8e-06,5e-13,4e-10,1.5e-10,0.0676,31500000000.0,1140000000.0,11.71,-82.94
2.9e-05,8e-06,5e-13,4e-10,2e-10,0.0676,31500000000.0,1140000000.0,11.71,-81.87
2.9e-05,8e-06,5e-13,4e-10,2.5e-10,0.0676,31500000000.0,1140000000.0,11.71,-81.59
2.9e-05,8e-06,5e-13,3e-10,1e-10,0.0676,35300000000.0,1360000000.0,10.98,-82.81
2.9e-05,8e-06,5e-13,3e-10,5e-11,0.0676,35300000000.0,1360000000.0,10.98,-85.96
2.9e-05,8e-06,5e-13,3e-10,1.5e-10,0.0676,35300000000.0,1370000000.0,10.98,-85.32
2.9e-05,8e-06,5e-13,3e-10,2e-10,0.0676,35300000000.0,1360000000.0,10.98,-85.25
2.9e-05,8e-06,5e-13,3e-10,2.5e-10,0.0676,35300000000.0,1360000000.0,10.98,-85.68
2.9e-05,8e-06,5e-13,3.5e-10,1e-10,0.0676,33200000000.0,1240000000.0,11.38,-83.15
2.9e-05,8e-06,5e-13,3.5e-10,5e-11,0.0676,33200000000.0,1230000000.0,11.38,-83.43
2.9e-05,8e-06,5e-13,3.5e-10,1.5e-10,0.0676,33200000000.0,1230000000.0,11.38,-83.08
2.9e-05,8e-06,5e-13,3.5e-10,2e-10,0.0676,33200000000.0,1240000000.0,11.38,-83.23
2.9e-05,8e-06,5e-13,3.5e-10,2.5e-10,0.0676,33200000000.0,1230000000.0,11.38,-83.04
2.9e-05,8e-06,5e-13,4.5e-10,1e-10,0.0676,30200000000.0,1070000000.0,11.97,-81.05
2.9e-05,8e-06,5e-13,4.5e-10,5e-11,0.0676,30200000000.0,1070000000.0,11.97,-81.06
2.9e-05,8e-06,5e-13,4.5e-10,1.5e-10,0.0676,30200000000.0,1070000000.0,11.97,-81.17
2.9e-05,8e-06,5e-13,4.5e-10,2.5e-10,0.0676,30200000000.0,1070000000.0,11.97,-81.29
2.9e-05,8e-06,5e-13,5e-10,1e-10,0.0676,29100000000.0,1010000000.0,12.17,-80.43
2.9e-05,8e-06,5e-13,5e-10,5e-11,0.0676,29100000000.0,1020000000.0,12.16,-80.34
2.9e-05,8e-06,5e-13,5e-10,1.5e-10,0.0676,29100000000.0,1010000000.0,12.17,-80.46
2.9e-05,8e-06,5e-13,5e-10,2e-10,0.0676,29100000000.0,1020000000.0,12.17,-80.61
2.9e-05,8e-06,5e-13,5e-10,2.5e-10,0.0676,29100000000.0,1020000000.0,12.17,-80.32
2.9e-05,8e-06,3e-13,4e-10,5e-11,0.0676,31500000000.0,1140000000.0,11.71,-82.29
2.9e-05,8e-06,3e-13,4e-10,1.5e-10,0.0676,31500000000.0,1140000000.0,11.71,-82.11
2.9e-05,8e-06,3e-13,4e-10,2e-10,0.0676,31500000000.0,1140000000.0,11.71,-81.91
2.9e-05,8e-06,3e-13,4e-10,2.5e-10,0.0676,31500000000.0,1140000000.0,11.71,-82.01
2.9e-05,8e-06,3e-13,3e-10,1e-10,0.0676,35300000000.0,1370000000.0,10.98,-84.99
2.9e-05,8e-06,3e-13,3e-10,5e-11,0.0676,35300000000.0,1360000000.0,10.98,-85.18
2.9e-05,8e-06,3e-13,3e-10,1.5e-10,0.0676,35300000000.0,1360000000.0,10.98,-81.57
2.9e-05,8e-06,3e-13,3e-10,2e-10,0.0676,35300000000.0,1370000000.0,10.98,-85.34
2.9e-05,8e-06,3e-13,3e-10,2.5e-10,0.0676,35300000000.0,1360000000.0,10.98,-80.95
2.9e-05,8e-06,3e-13,3.5e-10,1e-10,0.0676,33200000000.0,1240000000.0,11.38,-83.4
2.9e-05,8e-06,3e-13,3.5e-10,5e-11,0.0676,33200000000.0,1230000000.0,11.38,-83.2
2.9e-05,8e-06,3e-13,3.5e-10,2e-10,0.0676,33200000000.0,1240000000.0,11.38,-83.06
2.9e-05,8e-06,3e-13,3.5e-10,2.5e-10,0.0676,33200000000.0,1240000000.0,11.38,-82.23
2.9e-05,8e-06,3e-13,4.5e-10,1e-10,0.0676,30200000000.0,1070000000.0,11.97,-81.62
2.9e-05,8e-06,3e-13,4.5e-10,5e-11,0.0676,30200000000.0,1070000000.0,11.97,-81.01
2.9e-05,8e-06,3e-13,4.5e-10,2e-10,0.0676,30200000000.0,1070000000.0,11.97,-80.87
2.9e-05,8e-06,3e-13,5e-10,1e-10,0.0676,29100000000.0,1020000000.0,12.16,-81.05
2.9e-05,8e-06,3e-13,5e-10,5e-11,0.0676,29100000000.0,1020000000.0,12.17,-80.58
2.9e-05,8e-06,3e-13,5e-10,1.5e-10,0.0676,29100000000.0,1020000000.0,12.16,-80.32
2.9e-05,8e-06,3e-13,5e-10,2e-10,0.0676,29100000000.0,1020000000.0,12.16,-81.28
2.9e-05,8e-06,3e-13,5e-10,2.5e-10,0.0676,29100000000.0,1020000000.0,12.17,-80.56
2.9e-05,8e-06,4e-13,4e-10,5e-11,0.0676,31500000000.0,1140000000.0,11.71,-82.0
2.9e-05,8e-06,4e-13,4e-10,2e-10,0.0676,31500000000.0,1140000000.0,11.71,-81.99
2.9e-05,8e-06,4e-13,3e-10,1e-10,0.0676,35300000000.0,1360000000.0,10.98,-85.29
2.9e-05,8e-06,4e-13,3e-10,5e-11,0.0676,35300000000.0,1370000000.0,10.98,-85.24
2.9e-05,8e-06,4e-13,3e-10,1.5e-10,0.0676,35300000000.0,1360000000.0,10.98,-85.28
2.9e-05,8e-06,4e-13,3e-10,2e-10,0.0676,35300000000.0,1370000000.0,10.98,-84.98
2.9e-05,8e-06,4e-13,3e-10,2.5e-10,0.0676,35300000000.0,1360000000.0,10.98,-85.15
2.9e-05,8e-06,4e-13,3.5e-10,1e-10,0.0676,33200000000.0,1230000000.0,11.38,-83.98
2.9e-05,8e-06,4e-13,3.5e-10,5e-11,0.0676,33200000000.0,1240000000.0,11.38,-83.28
2.9e-05,8e-06,4e-13,3.5e-10,1.5e-10,0.0676,33200000000.0,1240000000.0,11.38,-82.87
2.9e-05,8e-06,4e-13,3.5e-10,2e-10,0.0676,33200000000.0,1240000000.0,11.38,-83.13
2.9e-05,8e-06,4e-13,3.5e-10,2.5e-10,0.0676,33200000000.0,1240000000.0,11.38,-83.25
2.9e-05,8e-06,4e-13,4.5e-10,1e-10,0.0676,30200000000.0,1070000000.0,11.97,-81.27
2.9e-05,8e-06,4e-13,4.5e-10,5e-11,0.0676,30200000000.0,1070000000.0,11.97,-80.84
2.9e-05,8e-06,4e-13,4.5e-10,1.5e-10,0.0676,30200000000.0,1070000000.0,11.97,-80.95
2.9e-05,8e-06,4e-13,5e-10,1e-10,0.0676,29100000000.0,1010000000.0,12.17,-80.32
2.9e-05,8e-06,4e-13,5e-10,5e-11,0.0676,29100000000.0,1020000000.0,12.17,-81.01
2.9e-05,8e-06,4e-13,5e-10,1.5e-10,0.0676,29100000000.0,1010000000.0,12.17,-80.41
2.9e-05,8e-06,4e-13,5e-10,2e-10,0.0676,29100000000.0,1010000000.0,12.16,-80.27
2.9e-05,8e-06,6e-13,4e-10,1e-10,0.0676,31500000000.0,1140000000.0,11.71,-83.05
2.9e-05,8e-06,6e-13,4e-10,5e-11,0.0676,31500000000.0,1140000000.0,11.71,-82.12
2.9e-05,8e-06,6e-13,4e-10,1.5e-10,0.0676,31500000000.0,1140000000.0,11.71,-81.35
2.9e-05,8e-06,6e-13,4e-10,2e-10,0.0676,31500000000.0,1140000000.0,11.71,-81.73
2.9e-05,8e-06,6e-13,3e-10,1e-10,0.0676,35300000000.0,1370000000.0,10.98,-85.5
2.9e-05,8e-06,6e-13,3e-10,5e-11,0.0676,35300000000.0,1360000000.0,10.98,-85.41
2.9e-05,8e-06,6e-13,3e-10,1.5e-10,0.0676,35300000000.0,1370000000.0,10.98,-85.12
2.9e-05,8e-06,6e-13,3e-10,2.5e-10,0.0676,35300000000.0,1370000000.0,10.98,-85.14
2.9e-05,8e-06,6e-13,3.5e-10,1e-10,0.0676,33200000000.0,1230000000.0,11.38,-82.25
2.9e-05,8e-06,6e-13,3.5e-10,5e-11,0.0676,33200000000.0,1230000000.0,11.38,-83.25
2.9e-05,8e-06,6e-13,3.5e-10,1.5e-10,0.0676,33200000000.0,1240000000.0,11.38,-82.88
2.9e-05,8e-06,6e-13,3.5e-10,2e-10,0.0676,33200000000.0,1240000000.0,11.38,-83.29
2.9e-05,8e-06,6e-13,4.5e-10,1e-10,0.0676,30200000000.0,1070000000.0,11.97,-81.28
2.9e-05,8e-06,6e-13,4.5e-10,5e-11,0.0676,30200000000.0,1070000000.0,11.97,-80.91
2.9e-05,8e-06,6e-13,4.5e-10,1.5e-10,0.0676,30200000000.0,1070000000.0,11.97,-80.45
2.9e-05,8e-06,6e-13,4.5e-10,2e-10,0.0676,30200000000.0,1080000000.0,11.97,-81.26
2.9e-05,8e-06,6e-13,5e-10,1e-10,0.0676,29100000000.0,1020000000.0,12.17,-71.22
2.9e-05,8e-06,6e-13,5e-10,5e-11,0.0676,29100000000.0,1020000000.0,12.17,-80.48
2.9e-05,8e-06,6e-13,5e-10,1.5e-10,0.0676,29100000000.0,1020000000.0,12.17,-80.52
2.9e-05,8e-06,6e-13,5e-10,2e-10,0.0676,29100000000.0,1010000000.0,12.17,-80.97
2.9e-05,8e-06,6e-13,5e-10,2.5e-10,0.0676,29100000000.0,1020000000.0,12.17,-80.57
2.9e-05,8e-06,7e-13,4e-10,5e-11,0.0676,31500000000.0,1140000000.0,11.71,-81.72
2.9e-05,8e-06,7e-13,4e-10,1.5e-10,0.0676,31500000000.0,1140000000.0,11.71,-82.28
2.9e-05,8e-06,7e-13,4e-10,2.5e-10,0.0676,31500000000.0,1140000000.0,11.71,-82.06
2.9e-05,8e-06,7e-13,3e-10,5e-11,0.0676,35300000000.0,1370000000.0,10.98,-84.71
2.9e-05,8e-06,7e-13,3e-10,1.5e-10,0.0676,35300000000.0,1370000000.0,10.98,-85.04
2.9e-05,8e-06,7e-13,3e-10,2.5e-10,0.0676,35300000000.0,1360000000.0,10.98,-85.16
2.9e-05,8e-06,7e-13,3.5e-10,1e-10,0.0676,33200000000.0,1240000000.0,11.38,-83.27
2.9e-05,8e-06,7e-13,3.5e-10,5e-11,0.0676,33200000000.0,1240000000.0,11.38,-83.3
2.9e-05,8e-06,7e-13,3.5e-10,2.5e-10,0.0676,33200000000.0,1230000000.0,11.38,-83.06
2.9e-05,8e-06,7e-13,5e-10,1e-10,0.0676,29100000000.0,1020000000.0,12.17,-81.27
2.9e-05,8e-06,7e-13,5e-10,5e-11,0.0676,29100000000.0,1010000000.0,12.17,-80.33
2.9e-05,8e-06,7e-13,5e-10,1.5e-10,0.0676,29100000000.0,1020000000.0,12.17,-80.37
2.9e-05,8e-06,7e-13,5e-10,2e-10,0.0676,29100000000.0,1020000000.0,12.17,-80.41
2.9e-05,8e-06,7e-13,5e-10,2.5e-10,0.0676,29100000000.0,1020000000.0,12.17,-80.25
2.9e-05,9e-06,5e-13,4e-10,1e-10,0.0676,31300000000.0,1220000000.0,11.73,-81.89
2.9e-05,9e-06,5e-13,4e-10,5e-11,0.0676,31300000000.0,1220000000.0,11.73,-82.11
2.9e-05,9e-06,5e-13,4e-10,1.5e-10,0.0676,31300000000.0,1220000000.0,11.73,-81.98
2.9e-05,9e-06,5e-13,4e-10,2e-10,0.0676,31300000000.0,1220000000.0,11.73,-81.88
2.9e-05,9e-06,5e-13,4e-10,2.5e-10,0.0676,31300000000.0,1220000000.0,11.73,-81.92
2.9e-05,9e-06,5e-13,3e-10,1e-10,0.0676,35000000000.0,1460000000.0,11.01,-84.76
2.9e-05,9e-06,5e-13,3e-10,5e-11,0.0676,35000000000.0,1450000000.0,11.01,-84.77
2.9e-05,9e-06,5e-13,3e-10,1.5e-10,0.0676,35000000000.0,1460000000.0,11.01,-83.18
2.9e-05,9e-06,5e-13,3e-10,2e-10,0.0676,35000000000.0,1460000000.0,11.01,-85.06
2.9e-05,9e-06,5e-13,3e-10,2.5e-10,0.0676,35000000000.0,1460000000.0,11.01,-84.78
2.9e-05,9e-06,5e-13,3.5e-10,1e-10,0.0676,32900000000.0,1320000000.0,11.4,-82.85
2.9e-05,9e-06,5e-13,3.5e-10,5e-11,0.0676,32900000000.0,1320000000.0,11.4,-83.02
2.9e-05,9e-06,5e-13,3.5e-10,1.5e-10,0.0676,32900000000.0,1320000000.0,11.4,-83.23
2.9e-05,9e-06,5e-13,3.5e-10,2e-10,0.0676,32900000000.0,1320000000.0,11.4,-83.09
2.9e-05,9e-06,5e-13,3.5e-10,2.5e-10,0.0676,32900000000.0,1320000000.0,11.4,-83.16
2.9e-05,9e-06,5e-13,4.5e-10,1e-10,0.0676,30000000000.0,1140000000.0,11.99,-81.13
2.9e-05,9e-06,5e-13,4.5e-10,5e-11,0.0676,30000000000.0,1150000000.0,11.99,-77.6
2.9e-05,9e-06,5e-13,4.5e-10,1.5e-10,0.0676,30000000000.0,1150000000.0,11.99,-80.97
2.9e-05,9e-06,5e-13,4.5e-10,2e-10,0.0676,30000000000.0,1150000000.0,11.99,-81.31
2.9e-05,9e-06,5e-13,5e-10,1e-10,0.0676,28900000000.0,1090000000.0,12.18,-79.99
2.9e-05,9e-06,5e-13,5e-10,5e-11,0.0676,28900000000.0,1090000000.0,12.18,-80.21
2.9e-05,9e-06,5e-13,5e-10,1.5e-10,0.0676,28900000000.0,1080000000.0,12.18,-80.01
2.9e-05,9e-06,5e-13,5e-10,2e-10,0.0676,28900000000.0,1090000000.0,12.18,-80.33
2.9e-05,9e-06,5e-13,5e-10,2.5e-10,0.0676,28900000000.0,1080000000.0,12.18,-80.7
2.9e-05,9e-06,3e-13,4e-10,1e-10,0.0676,31300000000.0,1220000000.0,11.73,-81.81
2.9e-05,9e-06,3e-13,4e-10,5e-11,0.0676,31300000000.0,1220000000.0,11.73,-81.71
2.9e-05,9e-06,3e-13,4e-10,1.5e-10,0.0676,31300000000.0,1220000000.0,11.73,-81.97
2.9e-05,9e-06,3e-13,4e-10,2e-10,0.0676,31300000000.0,1220000000.0,11.73,-82.04
2.9e-05,9e-06,3e-13,4e-10,2.5e-10,0.0676,31300000000.0,1220000000.0,11.73,-81.82
2.9e-05,9e-06,3e-13,3e-10,1e-10,0.0676,35000000000.0,1460000000.0,11.01,-85.25
2.9e-05,9e-06,3e-13,3e-10,5e-11,0.0676,35000000000.0,1460000000.0,11.01,-84.92
2.9e-05,9e-06,3e-13,3e-10,1.5e-10,0.0676,35000000000.0,1460000000.0,11.01,-85.38
2.9e-05,9e-06,3e-13,3e-10,2e-10,0.0676,35000000000.0,1460000000.0,11.01,-85.26
2.9e-05,9e-06,3e-13,3e-10,2.5e-10,0.0676,35000000000.0,1460000000.0,11.01,-84.6
2.9e-05,9e-06,3e-13,3.5e-10,1e-10,0.0676,32900000000.0,1320000000.0,11.4,-82.17
2.9e-05,9e-06,3e-13,3.5e-10,5e-11,0.0676,32900000000.0,1320000000.0,11.4,-83.04
2.9e-05,9e-06,3e-13,3.5e-10,1.5e-10,0.0676,32900000000.0,1320000000.0,11.4,-83.19
2.9e-05,9e-06,3e-13,3.5e-10,2e-10,0.0676,32900000000.0,1320000000.0,11.4,-83.48
2.9e-05,9e-06,3e-13,3.5e-10,2.5e-10,0.0676,32900000000.0,1320000000.0,11.4,-82.83
2.9e-05,9e-06,3e-13,4.5e-10,1e-10,0.0676,30000000000.0,1150000000.0,11.99,-81.13
2.9e-05,9e-06,3e-13,4.5e-10,5e-11,0.0676,30000000000.0,1150000000.0,11.99,-81.22
2.9e-05,9e-06,3e-13,4.5e-10,1.5e-10,0.0676,30000000000.0,1150000000.0,11.99,-81.15
2.9e-05,9e-06,3e-13,4.5e-10,2e-10,0.0676,30000000000.0,1140000000.0,11.99,-81.11
2.9e-05,9e-06,3e-13,4.5e-10,2.5e-10,0.0676,30000000000.0,1140000000.0,11.99,-81.16
2.9e-05,9e-06,3e-13,5e-10,1e-10,0.0676,28900000000.0,1090000000.0,12.17,-80.26
2.9e-05,9e-06,3e-13,5e-10,5e-11,0.0676,28900000000.0,1090000000.0,12.18,-80.46
2.9e-05,9e-06,3e-13,5e-10,1.5e-10,0.0676,28900000000.0,1090000000.0,12.18,-79.5
2.9e-05,9e-06,3e-13,5e-10,2e-10,0.0676,28900000000.0,1090000000.0,12.17,-80.34
2.9e-05,9e-06,3e-13,5e-10,2.5e-10,0.0676,28900000000.0,1090000000.0,12.18,-80.51
2.9e-05,9e-06,4e-13,4e-10,1e-10,0.0676,31300000000.0,1220000000.0,11.73,-82.06
2.9e-05,9e-06,4e-13,4e-10,5e-11,0.0676,31300000000.0,1220000000.0,11.73,-81.93
2.9e-05,9e-06,4e-13,4e-10,1.5e-10,0.0676,31300000000.0,1220000000.0,11.73,-81.69
2.9e-05,9e-06,4e-13,4e-10,2e-10,0.0676,31300000000.0,1220000000.0,11.73,-83.35
2.9e-05,9e-06,4e-13,4e-10,2.5e-10,0.0676,31300000000.0,1220000000.0,11.73,-81.83
2.9e-05,9e-06,4e-13,3e-10,1e-10,0.0676,35000000000.0,1460000000.0,11.01,-84.9
2.9e-05,9e-06,4e-13,3e-10,5e-11,0.0676,35000000000.0,1460000000.0,11.01,-85.08
2.9e-05,9e-06,4e-13,3e-10,1.5e-10,0.0676,35000000000.0,1460000000.0,11.01,-84.95
2.9e-05,9e-06,4e-13,3e-10,2e-10,0.0676,35000000000.0,1460000000.0,11.01,-85.35
2.9e-05,9e-06,4e-13,3e-10,2.5e-10,0.0676,35000000000.0,1460000000.0,11.01,-85.6
2.9e-05,9e-06,4e-13,3.5e-10,5e-11,0.0676,32900000000.0,1320000000.0,11.4,-83.5
2.9e-05,9e-06,4e-13,3.5e-10,1.5e-10,0.0676,32900000000.0,1320000000.0,11.4,-83.38
2.9e-05,9e-06,4e-13,3.5e-10,2.5e-10,0.0676,32900000000.0,1320000000.0,11.4,-83.01
2.9e-05,9e-06,4e-13,4.5e-10,1e-10,0.0676,30000000000.0,1150000000.0,11.99,-81.01
2.9e-05,9e-06,4e-13,4.5e-10,5e-11,0.0676,30000000000.0,1150000000.0,11.99,-81.24
2.9e-05,9e-06,4e-13,4.5e-10,1.5e-10,0.0676,30000000000.0,1150000000.0,11.99,-81.25
2.9e-05,9e-06,4e-13,4.5e-10,2.5e-10,0.0676,30000000000.0,1150000000.0,11.99,-80.56
2.9e-05,9e-06,4e-13,5e-10,1e-10,0.0676,28900000000.0,1090000000.0,12.18,-80.49
2.9e-05,9e-06,4e-13,5e-10,1.5e-10,0.0676,28900000000.0,1090000000.0,12.18,-80.36
2.9e-05,9e-06,6e-13,4e-10,1e-10,0.0676,31300000000.0,1220000000.0,11.73,-82.09
2.9e-05,9e-06,6e-13,4e-10,5e-11,0.0676,31300000000.0,1220000000.0,11.73,-82.0
2.9e-05,9e-06,6e-13,4e-10,1.5e-10,0.0676,31300000000.0,1220000000.0,11.73,-81.9
2.9e-05,9e-06,6e-13,4e-10,2e-10,0.0676,31300000000.0,1220000000.0,11.73,-82.01
2.9e-05,9e-06,6e-13,3e-10,1e-10,0.0676,35000000000.0,1450000000.0,11.01,-85.95
2.9e-05,9e-06,6e-13,3e-10,1.5e-10,0.0676,35000000000.0,1460000000.0,11.01,-85.12
2.9e-05,9e-06,6e-13,3e-10,2e-10,0.0676,35000000000.0,1460000000.0,11.01,-85.09
2.9e-05,9e-06,6e-13,3e-10,2.5e-10,0.0676,35000000000.0,1460000000.0,11.01,-85.07
2.9e-05,9e-06,6e-13,3.5e-10,1e-10,0.0676,32900000000.0,1320000000.0,11.4,-83.12
2.9e-05,9e-06,6e-13,3.5e-10,5e-11,0.0676,32900000000.0,1320000000.0,11.4,-83.17
2.9e-05,9e-06,6e-13,3.5e-10,2.5e-10,0.0676,32900000000.0,1320000000.0,11.4,-82.96
2.9e-05,9e-06,6e-13,4.5e-10,1e-10,0.0676,30000000000.0,1150000000.0,11.99,-81.35
2.9e-05,9e-06,6e-13,4.5e-10,1.5e-10,0.0676,30000000000.0,1150000000.0,11.99,-81.2
2.9e-05,9e-06,6e-13,5e-10,1e-10,0.0676,28900000000.0,1090000000.0,12.18,-80.47
2.9e-05,9e-06,6e-13,5e-10,5e-11,0.0676,28900000000.0,1090000000.0,12.18,-80.41
2.9e-05,9e-06,6e-13,5e-10,1.5e-10,0.0676,28900000000.0,1090000000.0,12.18,-80.54
2.9e-05,9e-06,6e-13,5e-10,2e-10,0.0676,28900000000.0,1090000000.0,12.18,-80.65
2.9e-05,9e-06,6e-13,5e-10,2.5e-10,0.0676,28900000000.0,1090000000.0,12.18,-80.53
2.9e-05,9e-06,7e-13,4e-10,1e-10,0.0676,31300000000.0,1220000000.0,11.73,-82.05
2.9e-05,9e-06,7e-13,4e-10,5e-11,0.0676,31300000000.0,1220000000.0,11.73,-82.12
2.9e-05,9e-06,7e-13,4e-10,1.5e-10,0.0676,31300000000.0,1220000000.0,11.73,-81.7
2.9e-05,9e-06,7e-13,4e-10,2.5e-10,0.0676,31300000000.0,1220000000.0,11.73,-82.07
2.9e-05,9e-06,7e-13,3e-10,1.5e-10,0.0676,35000000000.0,1460000000.0,11.01,-85.42
2.9e-05,9e-06,7e-13,3e-10,2.5e-10,0.0676,35000000000.0,1450000000.0,11.01,-85.87
2.9e-05,9e-06,7e-13,3.5e-10,1e-10,0.0676,32900000000.0,1320000000.0,11.4,-83.15
2.9e-05,9e-06,7e-13,3.5e-10,5e-11,0.0676,32900000000.0,1320000000.0,11.4,-83.49
2.9e-05,9e-06,7e-13,3.5e-10,2e-10,0.0676,32900000000.0,1320000000.0,11.4,-83.2
2.9e-05,9e-06,7e-13,3.5e-10,2.5e-10,0.0676,32900000000.0,1320000000.0,11.4,-83.18
2.9e-05,9e-06,7e-13,4.5e-10,1e-10,0.0676,30000000000.0,1150000000.0,11.99,-80.88
2.9e-05,9e-06,7e-13,4.5e-10,5e-11,0.0676,30000000000.0,1150000000.0,11.99,-81.28
2.9e-05,9e-06,7e-13,4.5e-10,1.5e-10,0.0676,30000000000.0,1150000000.0,11.99,-81.21
2.9e-05,9e-06,7e-13,4.5e-10,2.5e-10,0.0676,30000000000.0,1150000000.0,11.99,-81.23
2.9e-05,9e-06,7e-13,5e-10,1e-10,0.0676,28900000000.0,1090000000.0,12.18,-80.34
2.9e-05,9e-06,7e-13,5e-10,1.5e-10,0.0676,28900000000.0,1090000000.0,12.18,-80.52
2.9e-05,1e-05,5e-13,4e-10,1e-10,0.0676,31100000000.0,1290000000.0,11.75,-81.79
2.9e-05,1e-05,5e-13,4e-10,5e-11,0.0676,31100000000.0,1290000000.0,11.75,-81.67
2.9e-05,1e-05,5e-13,4e-10,1.5e-10,0.0676,31100000000.0,1290000000.0,11.75,-82.28
2.9e-05,1e-05,5e-13,4e-10,2e-10,0.0676,31100000000.0,1290000000.0,11.75,-81.93
2.9e-05,1e-05,5e-13,4e-10,2.5e-10,0.0676,31100000000.0,1290000000.0,11.75,-81.84
2.9e-05,1e-05,5e-13,3e-10,1e-10,0.0676,34800000000.0,1540000000.0,11.03,-84.93
2.9e-05,1e-05,5e-13,3e-10,5e-11,0.0676,34800000000.0,1540000000.0,11.03,-79.89
2.9e-05,1e-05,5e-13,3e-10,1.5e-10,0.0676,34800000000.0,1540000000.0,11.03,-86.78
2.9e-05,1e-05,5e-13,3e-10,2e-10,0.0676,34800000000.0,1540000000.0,11.03,-84.91
2.9e-05,1e-05,5e-13,3e-10,2.5e-10,0.0676,34800000000.0,1540000000.0,11.03,-85.03
2.9e-05,1e-05,5e-13,3.5e-10,1e-10,0.0676,32700000000.0,1390000000.0,11.42,-83.05
2.9e-05,1e-05,5e-13,3.5e-10,5e-11,0.0676,32700000000.0,1390000000.0,11.43,-83.05
2.9e-05,1e-05,5e-13,3.5e-10,1.5e-10,0.0676,32700000000.0,1390000000.0,11.42,-82.97
2.9e-05,1e-05,5e-13,3.5e-10,2e-10,0.0676,32700000000.0,1390000000.0,11.43,-83.01
2.9e-05,1e-05,5e-13,3.5e-10,2.5e-10,0.0676,32700000000.0,1390000000.0,11.43,-82.93
2.9e-05,1e-05,5e-13,4.5e-10,1e-10,0.0676,29800000000.0,1210000000.0,12.0,-81.13
2.9e-05,1e-05,5e-13,4.5e-10,5e-11,0.0676,29800000000.0,1210000000.0,12.0,-80.86
2.9e-05,1e-05,5e-13,4.5e-10,1.5e-10,0.0676,29800000000.0,1210000000.0,12.0,-81.11
2.9e-05,1e-05,5e-13,4.5e-10,2e-10,0.0676,29800000000.0,1210000000.0,12.0,-80.8
2.9e-05,1e-05,5e-13,4.5e-10,2.5e-10,0.0676,29800000000.0,1210000000.0,12.0,-81.2
2.9e-05,1e-05,5e-13,5e-10,1e-10,0.0676,28700000000.0,1150000000.0,12.18,-80.26
2.9e-05,1e-05,5e-13,5e-10,5e-11,0.0676,28700000000.0,1150000000.0,12.18,-80.34
2.9e-05,1e-05,5e-13,5e-10,1.5e-10,0.0676,28700000000.0,1150000000.0,12.18,-80.19
2.9e-05,1e-05,5e-13,5e-10,2e-10,0.0676,28700000000.0,1150000000.0,12.18,-80.08
2.9e-05,1e-05,3e-13,4e-10,1e-10,0.0676,31100000000.0,1290000000.0,11.75,-82.14
2.9e-05,1e-05,3e-13,4e-10,5e-11,0.0676,31100000000.0,1290000000.0,11.75,-81.75
2.9e-05,1e-05,3e-13,4e-10,1.5e-10,0.0676,31100000000.0,1290000000.0,11.75,-81.49
2.9e-05,1e-05,3e-13,3e-10,1e-10,0.0676,34800000000.0,1540000000.0,11.03,-84.62
2.9e-05,1e-05,3e-13,3e-10,5e-11,0.0676,34800000000.0,1540000000.0,11.03,-84.95
2.9e-05,1e-05,3e-13,3e-10,1.5e-10,0.0676,34800000000.0,1540000000.0,11.03,-84.85
2.9e-05,1e-05,3e-13,3e-10,2e-10,0.0676,34800000000.0,1540000000.0,11.03,-84.83
2.9e-05,1e-05,3e-13,3e-10,2.5e-10,0.0676,34800000000.0,1530000000.0,11.03,-84.43
2.9e-05,1e-05,3e-13,3.5e-10,1e-10,0.0676,32700000000.0,1390000000.0,11.43,-83.18
2.9e-05,1e-05,3e-13,3.5e-10,5e-11,0.0676,32700000000.0,1400000000.0,11.43,-82.81
2.9e-05,1e-05,3e-13,3.5e-10,1.5e-10,0.0676,32700000000.0,1390000000.0,11.43,-83.15
2.9e-05,1e-05,3e-13,3.5e-10,2e-10,0.0676,32700000000.0,1390000000.0,11.42,-83.23
2.9e-05,1e-05,3e-13,3.5e-10,2.5e-10,0.0676,32700000000.0,1390000000.0,11.43,-82.98
2.9e-05,1e-05,3e-13,4.5e-10,1e-10,0.0676,29800000000.0,1210000000.0,12.0,-81.05
2.9e-05,1e-05,3e-13,4.5e-10,5e-11,0.0676,29800000000.0,1210000000.0,12.0,-81.03
2.9e-05,1e-05,3e-13,4.5e-10,1.5e-10,0.0676,29800000000.0,1210000000.0,12.0,-80.97
2.9e-05,1e-05,3e-13,4.5e-10,2e-10,0.0676,29800000000.0,1210000000.0,12.0,-80.88
2.9e-05,1e-05,3e-13,4.5e-10,2.5e-10,0.0676,29800000000.0,1210000000.0,12.0,-81.16
2.9e-05,1e-05,3e-13,5e-10,1e-10,0.0676,28700000000.0,1150000000.0,12.18,-79.61
2.9e-05,1e-05,3e-13,5e-10,5e-11,0.0676,28700000000.0,1160000000.0,12.18,-80.44
2.9e-05,1e-05,3e-13,5e-10,1.5e-10,0.0676,28700000000.0,1150000000.0,12.18,-80.28
2.9e-05,1e-05,3e-13,5e-10,2e-10,0.0676,28700000000.0,1150000000.0,12.18,-80.18
2.9e-05,1e-05,3e-13,5e-10,2.5e-10,0.0676,28700000000.0,1160000000.0,12.18,-80.18
2.9e-05,1e-05,4e-13,4e-10,1e-10,0.0676,31100000000.0,1290000000.0,11.75,-81.72
2.9e-05,1e-05,4e-13,4e-10,5e-11,0.0676,31100000000.0,1290000000.0,11.75,-81.76
2.9e-05,1e-05,4e-13,4e-10,1.5e-10,0.0676,31100000000.0,1290000000.0,11.75,-81.86
2.9e-05,1e-05,4e-13,4e-10,2e-10,0.0676,31100000000.0,1290000000.0,11.75,-82.15
2.9e-05,1e-05,4e-13,3e-10,1e-10,0.0676,34800000000.0,1540000000.0,11.03,-84.45
2.9e-05,1e-05,4e-13,3e-10,5e-11,0.0676,34800000000.0,1540000000.0,11.03,-84.76
2.9e-05,1e-05,4e-13,3e-10,1.5e-10,0.0676,34800000000.0,1540000000.0,11.03,-84.71
2.9e-05,1e-05,4e-13,3e-10,2e-10,0.0676,34800000000.0,1540000000.0,11.03,-84.79
2.9e-05,1e-05,4e-13,3e-10,2.5e-10,0.0676,34800000000.0,1540000000.0,11.03,-85.02
2.9e-05,1e-05,4e-13,3.5e-10,1e-10,0.0676,32700000000.0,1390000000.0,11.42,-82.91
2.9e-05,1e-05,4e-13,3.5e-10,5e-11,0.0676,32700000000.0,1400000000.0,11.42,-83.39
2.9e-05,1e-05,4e-13,3.5e-10,1.5e-10,0.0676,32700000000.0,1390000000.0,11.43,-82.44
2.9e-05,1e-05,4e-13,3.5e-10,2e-10,0.0676,32700000000.0,1390000000.0,11.43,-83.5
2.9e-05,1e-05,4e-13,3.5e-10,2.5e-10,0.0676,32700000000.0,1390000000.0,11.42,-82.8
2.9e-05,1e-05,4e-13,4.5e-10,1.5e-10,0.0676,29800000000.0,1210000000.0,12.0,-80.98
2.9e-05,1e-05,4e-13,4.5e-10,2.5e-10,0.0676,29800000000.0,1210000000.0,12.0,-80.85
2.9e-05,1e-05,4e-13,5e-10,1e-10,0.0676,28700000000.0,1150000000.0,12.18,-80.47
2.9e-05,1e-05,4e-13,5e-10,5e-11,0.0676,28700000000.0,1150000000.0,12.18,-81.18
2.9e-05,1e-05,4e-13,5e-10,1.5e-10,0.0676,28700000000.0,1150000000.0,12.18,-80.44
2.9e-05,1e-05,4e-13,5e-10,2.5e-10,0.0676,28700000000.0,1140000000.0,12.18,-80.4
2.9e-05,1e-05,6e-13,4e-10,1e-10,0.0676,31100000000.0,1290000000.0,11.75,-81.89
2.9e-05,1e-05,6e-13,4e-10,5e-11,0.0676,31100000000.0,1290000000.0,11.75,-81.66
2.9e-05,1e-05,6e-13,4e-10,1.5e-10,0.0676,31100000000.0,1290000000.0,11.75,-81.73
2.9e-05,1e-05,6e-13,4e-10,2.5e-10,0.0676,31100000000.0,1290000000.0,11.75,-82.01
2.9e-05,1e-05,6e-13,3e-10,1e-10,0.0676,34800000000.0,1540000000.0,11.03,-82.72
2.9e-05,1e-05,6e-13,3e-10,5e-11,0.0676,34800000000.0,1540000000.0,11.03,-85.0
2.9e-05,1e-05,6e-13,3e-10,1.5e-10,0.0676,34800000000.0,1530000000.0,11.03,-84.01
2.9e-05,1e-05,6e-13,3e-10,2e-10,0.0676,34800000000.0,1540000000.0,11.03,-79.6
2.9e-05,1e-05,6e-13,3e-10,2.5e-10,0.0676,34800000000.0,1540000000.0,11.03,-84.31
2.9e-05,1e-05,6e-13,3.5e-10,1e-10,0.0676,32700000000.0,1390000000.0,11.43,-82.66
2.9e-05,1e-05,6e-13,3.5e-10,5e-11,0.0676,32700000000.0,1400000000.0,11.42,-82.91
2.9e-05,1e-05,6e-13,3.5e-10,1.5e-10,0.0676,32700000000.0,1400000000.0,11.42,-83.26
2.9e-05,1e-05,6e-13,3.5e-10,2e-10,0.0676,32700000000.0,1390000000.0,11.42,-83.21
2.9e-05,1e-05,6e-13,3.5e-10,2.5e-10,0.0676,32700000000.0,1390000000.0,11.42,-82.9
2.9e-05,1e-05,6e-13,4.5e-10,1e-10,0.0676,29800000000.0,1210000000.0,12.0,-81.47
2.9e-05,1e-05,6e-13,4.5e-10,5e-11,0.0676,29800000000.0,1210000000.0,12.0,-80.92
2.9e-05,1e-05,6e-13,4.5e-10,2e-10,0.0676,29800000000.0,1210000000.0,12.0,-81.3
2.9e-05,1e-05,6e-13,4.5e-10,2.5e-10,0.0676,29800000000.0,1210000000.0,12.0,-80.64
2.9e-05,1e-05,6e-13,5e-10,1e-10,0.0676,28700000000.0,1140000000.0,12.18,-80.25
2.9e-05,1e-05,6e-13,5e-10,5e-11,0.0676,28700000000.0,1150000000.0,12.18,-80.46
2.9e-05,1e-05,6e-13,5e-10,1.5e-10,0.0676,28700000000.0,1140000000.0,12.18,-80.05
2.9e-05,1e-05,7e-13,4e-10,1e-10,0.0676,31100000000.0,1290000000.0,11.75,-81.92
2.9e-05,1e-05,7e-13,4e-10,1.5e-10,0.0676,31100000000.0,1290000000.0,11.75,-82.66
2.9e-05,1e-05,7e-13,4e-10,2e-10,0.0676,31100000000.0,1290000000.0,11.75,-82.17
2.9e-05,1e-05,7e-13,3e-10,5e-11,0.0676,34800000000.0,1540000000.0,11.02,-84.86
2.9e-05,1e-05,7e-13,3e-10,1.5e-10,0.0676,34800000000.0,1540000000.0,11.03,-84.99
2.9e-05,1e-05,7e-13,3e-10,2e-10,0.0676,34800000000.0,1540000000.0,11.03,-82.2
2.9e-05,1e-05,7e-13,3e-10,2.5e-10,0.0676,34800000000.0,1540000000.0,11.03,-86.44
2.9e-05,1e-05,7e-13,3.5e-10,1e-10,0.0676,32700000000.0,1390000000.0,11.43,-82.76
2.9e-05,1e-05,7e-13,3.5e-10,5e-11,0.0676,32700000000.0,1400000000.0,11.42,-83.53
2.9e-05,1e-05,7e-13,3.5e-10,1.5e-10,0.0676,32700000000.0,1390000000.0,11.42,-83.63
2.9e-05,1e-05,7e-13,3.5e-10,2e-10,0.0676,32700000000.0,1390000000.0,11.42,-83.28
2.9e-05,1e-05,7e-13,3.5e-10,2.5e-10,0.0676,32700000000.0,1390000000.0,11.42,-82.74
2.9e-05,1e-05,7e-13,4.5e-10,1e-10,0.0676,29800000000.0,1210000000.0,12.0,-81.04
2.9e-05,1e-05,7e-13,4.5e-10,5e-11,0.0676,29800000000.0,1210000000.0,12.0,-80.94
2.9e-05,1e-05,7e-13,4.5e-10,1.5e-10,0.0676,29800000000.0,1200000000.0,12.0,-80.91
2.9e-05,1e-05,7e-13,4.5e-10,2e-10,0.0676,29800000000.0,1210000000.0,12.0,-81.1
2.9e-05,1e-05,7e-13,5e-10,1e-10,0.0676,28700000000.0,1140000000.0,12.18,-80.29
2.9e-05,1e-05,7e-13,5e-10,5e-11,0.0676,28700000000.0,1160000000.0,12.19,-80.46
2.9e-05,1e-05,7e-13,5e-10,1.5e-10,0.0676,28700000000.0,1150000000.0,12.19,-80.41
2.9e-05,1e-05,7e-13,5e-10,2.5e-10,0.0676,28700000000.0,1140000000.0,12.18,-80.39
2.9e-05,1.1e-05,5e-13,4e-10,1e-10,0.0676,30900000000.0,1340000000.0,11.76,-81.83
2.9e-05,1.1e-05,5e-13,4e-10,5e-11,0.0676,30900000000.0,1340000000.0,11.76,-82.24
2.9e-05,1.1e-05,5e-13,4e-10,1.5e-10,0.0676,30900000000.0,1340000000.0,11.77,-81.59
2.9e-05,1.1e-05,5e-13,4e-10,2e-10,0.0676,30900000000.0,1340000000.0,11.76,-81.98
2.9e-05,1.1e-05,5e-13,4e-10,2.5e-10,0.0676,30900000000.0,1340000000.0,11.76,-81.91
2.9e-05,1.1e-05,5e-13,3e-10,1e-10,0.0676,34600000000.0,1600000000.0,11.04,-84.5
2.9e-05,1.1e-05,5e-13,3e-10,5e-11,0.0676,34600000000.0,1600000000.0,11.04,-84.59
2.9e-05,1.1e-05,5e-13,3e-10,2e-10,0.0676,34600000000.0,1600000000.0,11.04,-84.82
2.9e-05,1.1e-05,5e-13,3e-10,2.5e-10,0.0676,34600000000.0,1600000000.0,11.04,-84.79
2.9e-05,1.1e-05,5e-13,3.5e-10,1e-10,0.0676,32500000000.0,1450000000.0,11.44,-83.04
2.9e-05,1.1e-05,5e-13,3.5e-10,5e-11,0.0676,32500000000.0,1450000000.0,11.44,-83.07
2.9e-05,1.1e-05,5e-13,3.5e-10,1.5e-10,0.0676,32500000000.0,1450000000.0,11.44,-82.12
2.9e-05,1.1e-05,5e-13,3.5e-10,2e-10,0.0676,32500000000.0,1460000000.0,11.44,-83.49
2.9e-05,1.1e-05,5e-13,3.5e-10,2.5e-10,0.0676,32500000000.0,1450000000.0,11.44,-83.3
2.9e-05,1.1e-05,5e-13,4.5e-10,1e-10,0.0676,29600000000.0,1260000000.0,12.01,-81.11
2.9e-05,1.1e-05,5e-13,4.5e-10,5e-11,0.0676,29600000000.0,1260000000.0,12.01,-80.8
2.9e-05,1.1e-05,5e-13,4.5e-10,2e-10,0.0676,29600000000.0,1260000000.0,12.01,-81.07
2.9e-05,1.1e-05,5e-13,4.5e-10,2.5e-10,0.0676,29600000000.0,1260000000.0,12.01,-80.94
2.9e-05,1.1e-05,5e-13,5e-10,1e-10,0.0676,28600000000.0,1200000000.0,12.19,-80.52
2.9e-05,1.1e-05,5e-13,5e-10,5e-11,0.0676,28600000000.0,1200000000.0,12.19,-80.36
2.9e-05,1.1e-05,5e-13,5e-10,1.5e-10,0.0676,28600000000.0,1210000000.0,12.18,-80.31
2.9e-05,1.1e-05,5e-13,5e-10,2e-10,0.0676,28600000000.0,1200000000.0,12.18,-80.28
2.9e-05,1.1e-05,5e-13,5e-10,2.5e-10,0.0676,28600000000.0,1210000000.0,12.19,-76.85
2.9e-05,1.1e-05,3e-13,4e-10,1e-10,0.0676,30900000000.0,1340000000.0,11.77,-81.73
2.9e-05,1.1e-05,3e-13,4e-10,5e-11,0.0676,30900000000.0,1340000000.0,11.76,-81.76
2.9e-05,1.1e-05,3e-13,4e-10,1.5e-10,0.0676,30900000000.0,1340000000.0,11.76,-82.42
2.9e-05,1.1e-05,3e-13,4e-10,2e-10,0.0676,30900000000.0,1340000000.0,11.76,-81.71
2.9e-05,1.1e-05,3e-13,4e-10,2.5e-10,0.0676,30900000000.0,1340000000.0,11.76,-81.44
2.9e-05,1.1e-05,3e-13,3e-10,1e-10,0.0676,34600000000.0,1600000000.0,11.04,-84.86
2.9e-05,1.1e-05,3e-13,3e-10,5e-11,0.0676,34600000000.0,1610000000.0,11.04,-84.99
2.9e-05,1.1e-05,3e-13,3e-10,2e-10,0.0676,34600000000.0,1600000000.0,11.04,-85.77
2.9e-05,1.1e-05,3e-13,3e-10,2.5e-10,0.0676,34600000000.0,1600000000.0,11.04,-84.47
2.9e-05,1.1e-05,3e-13,3.5e-10,1e-10,0.0676,32500000000.0,1450000000.0,11.44,-83.03
2.9e-05,1.1e-05,3e-13,3.5e-10,5e-11,0.0676,32500000000.0,1460000000.0,11.44,-83.07
2.9e-05,1.1e-05,3e-13,3.5e-10,1.5e-10,0.0676,32500000000.0,1450000000.0,11.44,-82.84
2.9e-05,1.1e-05,3e-13,3.5e-10,2e-10,0.0676,32500000000.0,1450000000.0,11.44,-83.15
2.9e-05,1.1e-05,3e-13,3.5e-10,2.5e-10,0.0676,32500000000.0,1460000000.0,11.44,-83.1
2.9e-05,1.1e-05,3e-13,4.5e-10,1e-10,0.0676,29600000000.0,1260000000.0,12.01,-80.92
2.9e-05,1.1e-05,3e-13,4.5e-10,1.5e-10,0.0676,29600000000.0,1270000000.0,12.01,-80.81
2.9e-05,1.1e-05,3e-13,4.5e-10,2e-10,0.0676,29600000000.0,1270000000.0,12.01,-80.98
2.9e-05,1.1e-05,3e-13,4.5e-10,2.5e-10,0.0676,29600000000.0,1270000000.0,12.01,-80.94
2.9e-05,1.1e-05,3e-13,5e-10,1e-10,0.0676,28600000000.0,1200000000.0,12.19,-80.19
2.9e-05,1.1e-05,3e-13,5e-10,5e-11,0.0676,28600000000.0,1200000000.0,12.18,-80.9
2.9e-05,1.1e-05,3e-13,5e-10,1.5e-10,0.0676,28600000000.0,1200000000.0,12.18,-80.31
2.9e-05,1.1e-05,3e-13,5e-10,2e-10,0.0676,28600000000.0,1210000000.0,12.18,-80.16
2.9e-05,1.1e-05,3e-13,5e-10,2.5e-10,0.0676,28600000000.0,1190000000.0,12.18,-80.37
2.9e-05,1.1e-05,4e-13,4e-10,1e-10,0.0676,30900000000.0,1340000000.0,11.77,-81.94
2.9e-05,1.1e-05,4e-13,4e-10,5e-11,0.0676,30900000000.0,1340000000.0,11.76,-82.02
2.9e-05,1.1e-05,4e-13,4e-10,2e-10,0.0676,30900000000.0,1340000000.0,11.77,-85.8
2.9e-05,1.1e-05,4e-13,3e-10,1e-10,0.0676,34600000000.0,1600000000.0,11.04,-84.68
2.9e-05,1.1e-05,4e-13,3e-10,5e-11,0.0676,34600000000.0,1600000000.0,11.04,-84.58
2.9e-05,1.1e-05,4e-13,3e-10,1.5e-10,0.0676,34600000000.0,1600000000.0,11.04,-84.72
2.9e-05,1.1e-05,4e-13,3e-10,2e-10,0.0676,34600000000.0,1600000000.0,11.04,-83.8
2.9e-05,1.1e-05,4e-13,3e-10,2.5e-10,0.0676,34600000000.0,1600000000.0,11.05,-84.49
2.9e-05,1.1e-05,4e-13,3.5e-10,1e-10,0.0676,32500000000.0,1450000000.0,11.44,-82.87
2.9e-05,1.1e-05,4e-13,3.5e-10,5e-11,0.0676,32500000000.0,1450000000.0,11.44,-82.58
2.9e-05,1.1e-05,4e-13,3.5e-10,1.5e-10,0.0676,32500000000.0,1450000000.0,11.44,-82.57
2.9e-05,1.1e-05,4e-13,3.5e-10,2e-10,0.0676,32500000000.0,1450000000.0,11.44,-82.64
2.9e-05,1.1e-05,4e-13,3.5e-10,2.5e-10,0.0676,32500000000.0,1450000000.0,11.44,-82.46
2.9e-05,1.1e-05,4e-13,4.5e-10,1e-10,0.0676,29600000000.0,1260000000.0,12.01,-80.79
2.9e-05,1.1e-05,4e-13,4.5e-10,5e-11,0.0676,29600000000.0,1270000000.0,12.01,-81.16
2.9e-05,1.1e-05,4e-13,4.5e-10,1.5e-10,0.0676,29600000000.0,1270000000.0,12.01,-80.88
2.9e-05,1.1e-05,4e-13,4.5e-10,2e-10,0.0676,29600000000.0,1260000000.0,12.01,-81.46
2.9e-05,1.1e-05,4e-13,5e-10,1e-10,0.0676,28600000000.0,1210000000.0,12.18,-80.56
2.9e-05,1.1e-05,4e-13,5e-10,5e-11,0.0676,28600000000.0,1200000000.0,12.18,-80.12
2.9e-05,1.1e-05,4e-13,5e-10,1.5e-10,0.0676,28600000000.0,1210000000.0,12.19,-80.4
2.9e-05,1.1e-05,4e-13,5e-10,2e-10,0.0676,28600000000.0,1190000000.0,12.18,-80.38
2.9e-05,1.1e-05,4e-13,5e-10,2.5e-10,0.0676,28600000000.0,1200000000.0,12.19,-80.41
2.9e-05,1.1e-05,6e-13,4e-10,1e-10,0.0676,30900000000.0,1340000000.0,11.76,-81.8
2.9e-05,1.1e-05,6e-13,4e-10,2.5e-10,0.0676,30900000000.0,1340000000.0,11.76,-82.49
2.9e-05,1.1e-05,6e-13,3e-10,1e-10,0.0676,34600000000.0,1600000000.0,11.04,-85.73
2.9e-05,1.1e-05,6e-13,3e-10,5e-11,0.0676,34600000000.0,1600000000.0,11.04,-84.74
2.9e-05,1.1e-05,6e-13,3e-10,1.5e-10,0.0676,34600000000.0,1600000000.0,11.04,-84.42
2.9e-05,1.1e-05,6e-13,3e-10,2e-10,0.0676,34600000000.0,1600000000.0,11.04,-84.69
2.9e-05,1.1e-05,6e-13,3e-10,2.5e-10,0.0676,34600000000.0,1600000000.0,11.04,-84.83
2.9e-05,1.1e-05,6e-13,3.5e-10,1e-10,0.0676,32500000000.0,1450000000.0,11.44,-83.06
2.9e-05,1.1e-05,6e-13,3.5e-10,5e-11,0.0676,32500000000.0,1450000000.0,11.44,-76.57
2.9e-05,1.1e-05,6e-13,3.5e-10,1.5e-10,0.0676,32500000000.0,1450000000.0,11.44,-82.81
2.9e-05,1.1e-05,6e-13,4.5e-10,1e-10,0.0676,29600000000.0,1250000000.0,12.01,-80.87
2.9e-05,1.1e-05,6e-13,4.5e-10,5e-11,0.0676,29600000000.0,1260000000.0,12.01,-80.95
2.9e-05,1.1e-05,6e-13,4.5e-10,1.5e-10,0.0676,29600000000.0,1260000000.0,12.01,-81.05
2.9e-05,1.1e-05,6e-13,4.5e-10,2e-10,0.0676,29600000000.0,1260000000.0,12.01,-81.09
2.9e-05,1.1e-05,6e-13,4.5e-10,2.5e-10,0.0676,29600000000.0,1260000000.0,12.01,-80.88
2.9e-05,1.1e-05,6e-13,5e-10,5e-11,0.0676,28600000000.0,1210000000.0,12.19,-80.5
2.9e-05,1.1e-05,6e-13,5e-10,2e-10,0.0676,28600000000.0,1210000000.0,12.19,-80.39
2.9e-05,1.1e-05,6e-13,5e-10,2.5e-10,0.0676,28600000000.0,1190000000.0,12.18,-80.25
2.9e-05,1.1e-05,7e-13,4e-10,1e-10,0.0676,30900000000.0,1340000000.0,11.77,-81.89
2.9e-05,1.1e-05,7e-13,4e-10,5e-11,0.0676,30900000000.0,1340000000.0,11.76,-82.03
2.9e-05,1.1e-05,7e-13,3.5e-10,1e-10,0.0676,32500000000.0,1450000000.0,11.44,-82.39
2.9e-05,1.1e-05,7e-13,3.5e-10,5e-11,0.0676,32500000000.0,1450000000.0,11.44,-83.11
2.9e-05,1.1e-05,7e-13,3.5e-10,1.5e-10,0.0676,32500000000.0,1460000000.0,11.44,-83.03
2.9e-05,1.1e-05,7e-13,3.5e-10,2e-10,0.0676,32500000000.0,1450000000.0,11.44,-83.0
2.9e-05,1.1e-05,7e-13,3.5e-10,2.5e-10,0.0676,32500000000.0,1460000000.0,11.44,-83.08
2.9e-05,1.1e-05,7e-13,4.5e-10,1e-10,0.0676,29600000000.0,1260000000.0,12.01,-81.13
2.9e-05,1.1e-05,7e-13,4.5e-10,5e-11,0.0676,29600000000.0,1270000000.0,12.01,-81.26
2.9e-05,1.1e-05,7e-13,4.5e-10,1.5e-10,0.0676,29600000000.0,1260000000.0,12.01,-80.73
2.9e-05,1.1e-05,7e-13,4.5e-10,2e-10,0.0676,29600000000.0,1260000000.0,12.01,-81.08
2.9e-05,1.1e-05,7e-13,4.5e-10,2.5e-10,0.0676,29600000000.0,1260000000.0,12.01,-81.16
2.9e-05,1.1e-05,7e-13,5e-10,5e-11,0.0676,28600000000.0,1200000000.0,12.19,-80.4
2.9e-05,1.1e-05,7e-13,5e-10,1.5e-10,0.0676,28600000000.0,1200000000.0,12.18,-80.29
2.9e-05,1.2e-05,5e-13,4e-10,1e-10,0.0676,30700000000.0,1380000000.0,11.77,-81.85
2.9e-05,1.2e-05,5e-13,4e-10,5e-11,0.0676,30700000000.0,1380000000.0,11.77,-81.93
2.9e-05,1.2e-05,5e-13,4e-10,1.5e-10,0.0676,30700000000.0,1390000000.0,11.77,-81.95
2.9e-05,1.2e-05,5e-13,4e-10,2e-10,0.0676,30700000000.0,1390000000.0,11.77,-81.7
2.9e-05,1.2e-05,5e-13,4e-10,2.5e-10,0.0676,30700000000.0,1380000000.0,11.77,-81.43
2.9e-05,1.2e-05,5e-13,3e-10,1e-10,0.0676,34400000000.0,1660000000.0,11.05,-85.38
2.9e-05,1.2e-05,5e-13,3e-10,5e-11,0.0676,34400000000.0,1660000000.0,11.05,-84.76
2.9e-05,1.2e-05,5e-13,3e-10,1.5e-10,0.0676,34400000000.0,1650000000.0,11.05,-80.22
2.9e-05,1.2e-05,5e-13,3e-10,2e-10,0.0676,34400000000.0,1660000000.0,11.05,-84.57
2.9e-05,1.2e-05,5e-13,3e-10,2.5e-10,0.0676,34400000000.0,1660000000.0,11.05,-84.65
2.9e-05,1.2e-05,5e-13,3.5e-10,1e-10,0.0676,32300000000.0,1500000000.0,11.45,-82.73
2.9e-05,1.2e-05,5e-13,3.5e-10,5e-11,0.0676,32300000000.0,1500000000.0,11.45,-83.06
2.9e-05,1.2e-05,5e-13,3.5e-10,1.5e-10,0.0676,32300000000.0,1500000000.0,11.45,-80.96
2.9e-05,1.2e-05,5e-13,3.5e-10,2e-10,0.0676,32300000000.0,1500000000.0,11.45,-82.94
2.9e-05,1.2e-05,5e-13,3.5e-10,2.5e-10,0.0676,32300000000.0,1490000000.0,11.45,-78.75
2.9e-05,1.2e-05,5e-13,4.5e-10,1e-10,0.0676,29400000000.0,1300000000.0,12.01,-80.98
2.9e-05,1.2e-05,5e-13,4.5e-10,5e-11,0.0676,29500000000.0,1310000000.0,12.01,-80.8
2.9e-05,1.2e-05,5e-13,4.5e-10,1.5e-10,0.0676,29400000000.0,1300000000.0,12.01,-80.74
2.9e-05,1.2e-05,5e-13,4.5e-10,2e-10,0.0676,29400000000.0,1310000000.0,12.01,-80.94
2.9e-05,1.2e-05,5e-13,4.5e-10,2.5e-10,0.0676,29400000000.0,1310000000.0,12.01,-81.43
2.9e-05,1.2e-05,5e-13,5e-10,1e-10,0.0676,28400000000.0,1250000000.0,12.18,-80.6
2.9e-05,1.2e-05,5e-13,5e-10,5e-11,0.0676,28400000000.0,1250000000.0,12.18,-80.1
2.9e-05,1.2e-05,5e-13,5e-10,1.5e-10,0.0676,28400000000.0,1240000000.0,12.18,-80.33
2.9e-05,1.2e-05,5e-13,5e-10,2e-10,0.0676,28400000000.0,1240000000.0,12.18,-80.39
2.9e-05,1.2e-05,5e-13,5e-10,2.5e-10,0.0676,28400000000.0,1240000000.0,12.18,-80.1
2.9e-05,1.2e-05,3e-13,4e-10,1e-10,0.0676,30700000000.0,1380000000.0,11.77,-81.63
2.9e-05,1.2e-05,3e-13,4e-10,5e-11,0.0676,30700000000.0,1390000000.0,11.77,-81.8
2.9e-05,1.2e-05,3e-13,4e-10,1.5e-10,0.0676,30700000000.0,1390000000.0,11.77,-81.69
2.9e-05,1.2e-05,3e-13,4e-10,2e-10,0.0676,30700000000.0,1380000000.0,11.77,-82.08
2.9e-05,1.2e-05,3e-13,3e-10,1e-10,0.0676,34400000000.0,1660000000.0,11.05,-85.37
2.9e-05,1.2e-05,3e-13,3e-10,5e-11,0.0676,34400000000.0,1650000000.0,11.05,-80.45
2.9e-05,1.2e-05,3e-13,3e-10,1.5e-10,0.0676,34400000000.0,1660000000.0,11.05,-84.5
2.9e-05,1.2e-05,3e-13,3e-10,2.5e-10,0.0676,34400000000.0,1650000000.0,11.05,-84.77
2.9e-05,1.2e-05,3e-13,3.5e-10,1e-10,0.0676,32300000000.0,1500000000.0,11.45,-82.87
2.9e-05,1.2e-05,3e-13,3.5e-10,5e-11,0.0676,32300000000.0,1500000000.0,11.45,-83.28
2.9e-05,1.2e-05,3e-13,3.5e-10,1.5e-10,0.0676,32300000000.0,1500000000.0,11.46,-82.62
2.9e-05,1.2e-05,3e-13,3.5e-10,2e-10,0.0676,32300000000.0,1500000000.0,11.46,-83.04
2.9e-05,1.2e-05,3e-13,3.5e-10,2.5e-10,0.0676,32300000000.0,1500000000.0,11.45,-82.74
2.9e-05,1.2e-05,3e-13,4.5e-10,1e-10,0.0676,29500000000.0,1310000000.0,12.01,-80.81
2.9e-05,1.2e-05,3e-13,4.5e-10,5e-11,0.0676,29500000000.0,1310000000.0,12.01,-80.87
2.9e-05,1.2e-05,3e-13,4.5e-10,1.5e-10,0.0676,29500000000.0,1310000000.0,12.01,-81.02
2.9e-05,1.2e-05,3e-13,4.5e-10,2e-10,0.0676,29500000000.0,1300000000.0,12.01,-81.16
2.9e-05,1.2e-05,3e-13,4.5e-10,2.5e-10,0.0676,29500000000.0,1300000000.0,12.01,-80.95
2.9e-05,1.2e-05,3e-13,5e-10,1e-10,0.0676,28400000000.0,1250000000.0,12.18,-80.21
2.9e-05,1.2e-05,3e-13,5e-10,5e-11,0.0676,28400000000.0,1230000000.0,12.18,-79.59
2.9e-05,1.2e-05,3e-13,5e-10,2e-10,0.0676,28400000000.0,1240000000.0,12.18,-80.84
2.9e-05,1.2e-05,3e-13,5e-10,2.5e-10,0.0676,28400000000.0,1240000000.0,12.18,-80.32
2.9e-05,1.2e-05,4e-13,4e-10,1e-10,0.0676,30700000000.0,1390000000.0,11.77,-81.56
2.9e-05,1.2e-05,4e-13,4e-10,2e-10,0.0676,30700000000.0,1390000000.0,11.77,-81.96
2.9e-05,1.2e-05,4e-13,4e-10,2.5e-10,0.0676,30700000000.0,1380000000.0,11.77,-81.88
2.9e-05,1.2e-05,4e-13,3e-10,1e-10,0.0676,34400000000.0,1660000000.0,11.05,-84.52
2.9e-05,1.2e-05,4e-13,3e-10,5e-11,0.0676,34400000000.0,1670000000.0,11.05,-85.36
2.9e-05,1.2e-05,4e-13,3e-10,1.5e-10,0.0676,34400000000.0,1650000000.0,11.05,-86.54
2.9e-05,1.2e-05,4e-13,3e-10,2e-10,0.0676,34400000000.0,1660000000.0,11.05,-84.71
2.9e-05,1.2e-05,4e-13,3e-10,2.5e-10,0.0676,34400000000.0,1660000000.0,11.05,-85.01
2.9e-05,1.2e-05,4e-13,3.5e-10,1e-10,0.0676,32300000000.0,1500000000.0,11.45,-82.95
2.9e-05,1.2e-05,4e-13,3.5e-10,5e-11,0.0676,32300000000.0,1500000000.0,11.45,-82.89
2.9e-05,1.2e-05,4e-13,3.5e-10,1.5e-10,0.0676,32300000000.0,1500000000.0,11.45,-82.84
2.9e-05,1.2e-05,4e-13,3.5e-10,2e-10,0.0676,32300000000.0,1500000000.0,11.45,-82.76
2.9e-05,1.2e-05,4e-13,3.5e-10,2.5e-10,0.0676,32300000000.0,1500000000.0,11.45,-82.62
2.9e-05,1.2e-05,4e-13,4.5e-10,1e-10,0.0676,29500000000.0,1300000000.0,12.01,-81.09
2.9e-05,1.2e-05,4e-13,4.5e-10,5e-11,0.0676,29500000000.0,1300000000.0,12.01,-80.88
2.9e-05,1.2e-05,4e-13,4.5e-10,1.5e-10,0.0676,29500000000.0,1310000000.0,12.01,-80.85
2.9e-05,1.2e-05,4e-13,4.5e-10,2e-10,0.0676,29500000000.0,1310000000.0,12.01,-84.48
2.9e-05,1.2e-05,4e-13,4.5e-10,2.5e-10,0.0676,29500000000.0,1300000000.0,12.01,-81.03
2.9e-05,1.2e-05,4e-13,5e-10,1e-10,0.0676,28400000000.0,1240000000.0,12.18,-80.12
2.9e-05,1.2e-05,4e-13,5e-10,5e-11,0.0676,28400000000.0,1250000000.0,12.18,-80.09
2.9e-05,1.2e-05,4e-13,5e-10,1.5e-10,0.0676,28400000000.0,1250000000.0,12.18,-79.93
2.9e-05,1.2e-05,4e-13,5e-10,2e-10,0.0676,28400000000.0,1240000000.0,12.18,-79.97
2.9e-05,1.2e-05,4e-13,5e-10,2.5e-10,0.0676,28400000000.0,1250000000.0,12.18,-80.16
2.9e-05,1.2e-05,6e-13,4e-10,5e-11,0.0676,30700000000.0,1380000000.0,11.77,-81.57
2.9e-05,1.2e-05,6e-13,3e-10,1e-10,0.0676,34400000000.0,1660000000.0,11.05,-84.69
2.9e-05,1.2e-05,6e-13,3e-10,1.5e-10,0.0676,34400000000.0,1650000000.0,11.05,-85.56
2.9e-05,1.2e-05,6e-13,3e-10,2e-10,0.0676,34400000000.0,1660000000.0,11.05,-84.82
2.9e-05,1.2e-05,6e-13,3e-10,2.5e-10,0.0676,34400000000.0,1660000000.0,11.05,-84.33
2.9e-05,1.2e-05,6e-13,3.5e-10,1e-10,0.0676,32300000000.0,1500000000.0,11.45,-82.8
2.9e-05,1.2e-05,6e-13,3.5e-10,5e-11,0.0676,32300000000.0,1500000000.0,11.45,-82.55
2.9e-05,1.2e-05,6e-13,3.5e-10,1.5e-10,0.0676,32300000000.0,1500000000.0,11.45,-82.81
2.9e-05,1.2e-05,6e-13,3.5e-10,2e-10,0.0676,32300000000.0,1500000000.0,11.45,-83.12
2.9e-05,1.2e-05,6e-13,3.5e-10,2.5e-10,0.0676,32300000000.0,1500000000.0,11.45,-82.67
2.9e-05,1.2e-05,6e-13,4.5e-10,1e-10,0.0676,29500000000.0,1300000000.0,12.01,-80.79
2.9e-05,1.2e-05,6e-13,4.5e-10,5e-11,0.0676,29400000000.0,1300000000.0,12.01,-80.69
2.9e-05,1.2e-05,6e-13,4.5e-10,1.5e-10,0.0676,29400000000.0,1310000000.0,12.01,-81.14
2.9e-05,1.2e-05,6e-13,4.5e-10,2e-10,0.0676,29400000000.0,1310000000.0,12.01,-81.24
2.9e-05,1.2e-05,6e-13,4.5e-10,2.5e-10,0.0676,29400000000.0,1300000000.0,12.01,-80.79
2.9e-05,1.2e-05,6e-13,5e-10,5e-11,0.0676,28400000000.0,1240000000.0,12.18,-80.11
2.9e-05,1.2e-05,6e-13,5e-10,1.5e-10,0.0676,28400000000.0,1240000000.0,12.18,-80.01
2.9e-05,1.2e-05,6e-13,5e-10,2e-10,0.0676,28400000000.0,1240000000.0,12.18,-80.23
2.9e-05,1.2e-05,6e-13,5e-10,2.5e-10,0.0676,28400000000.0,1240000000.0,12.18,-80.83
2.9e-05,1.2e-05,7e-13,4e-10,5e-11,0.0676,30700000000.0,1380000000.0,11.77,-81.69
2.9e-05,1.2e-05,7e-13,4e-10,1.5e-10,0.0676,30700000000.0,1380000000.0,11.77,-81.77
2.9e-05,1.2e-05,7e-13,3e-10,1e-10,0.0676,34400000000.0,1660000000.0,11.05,-85.0
2.9e-05,1.2e-05,7e-13,3e-10,5e-11,0.0676,34400000000.0,1650000000.0,11.05,-85.57
2.9e-05,1.2e-05,7e-13,3e-10,2e-10,0.0676,34400000000.0,1660000000.0,11.05,-85.39
2.9e-05,1.2e-05,7e-13,3e-10,2.5e-10,0.0676,34400000000.0,1660000000.0,11.05,-84.56
2.9e-05,1.2e-05,7e-13,3.5e-10,1e-10,0.0676,32300000000.0,1500000000.0,11.45,-82.83
2.9e-05,1.2e-05,7e-13,3.5e-10,5e-11,0.0676,32300000000.0,1500000000.0,11.45,-84.46
2.9e-05,1.2e-05,7e-13,3.5e-10,1.5e-10,0.0676,32300000000.0,1500000000.0,11.45,-82.99
2.9e-05,1.2e-05,7e-13,3.5e-10,2e-10,0.0676,32300000000.0,1500000000.0,11.45,-81.96
2.9e-05,1.2e-05,7e-13,4.5e-10,1e-10,0.0676,29400000000.0,1300000000.0,12.01,-80.84
2.9e-05,1.2e-05,7e-13,4.5e-10,5e-11,0.0676,29400000000.0,1300000000.0,12.01,-80.56
2.9e-05,1.2e-05,7e-13,4.5e-10,1.5e-10,0.0676,29400000000.0,1310000000.0,12.01,-80.87
2.9e-05,1.2e-05,7e-13,4.5e-10,2.5e-10,0.0676,29400000000.0,1310000000.0,12.01,-80.92
2.9e-05,1.2e-05,7e-13,5e-10,1e-10,0.0676,28400000000.0,1240000000.0,12.18,-80.34
2.9e-05,1.2e-05,7e-13,5e-10,1.5e-10,0.0676,28400000000.0,1240000000.0,12.18,-80.24
2.9e-05,1.2e-05,7e-13,5e-10,2.5e-10,0.0676,28400000000.0,1240000000.0,12.18,-79.93
2.9e-05,1.3e-05,5e-13,4e-10,1e-10,0.0676,30600000000.0,1410000000.0,11.78,-81.67
2.9e-05,1.3e-05,5e-13,4e-10,5e-11,0.0676,30600000000.0,1410000000.0,11.78,-81.73
2.9e-05,1.3e-05,5e-13,4e-10,1.5e-10,0.0676,30600000000.0,1410000000.0,11.78,-81.55
2.9e-05,1.3e-05,5e-13,4e-10,2e-10,0.0676,30600000000.0,1420000000.0,11.78,-81.82
2.9e-05,1.3e-05,5e-13,4e-10,2.5e-10,0.0676,30600000000.0,1420000000.0,11.77,-81.86
2.9e-05,1.3e-05,5e-13,3e-10,1e-10,0.0676,34200000000.0,1700000000.0,11.05,-82.86
2.9e-05,1.3e-05,5e-13,3e-10,5e-11,0.0676,34200000000.0,1700000000.0,11.06,-84.41
2.9e-05,1.3e-05,5e-13,3e-10,1.5e-10,0.0676,34200000000.0,1690000000.0,11.06,-84.21
2.9e-05,1.3e-05,5e-13,3e-10,2e-10,0.0676,34200000000.0,1700000000.0,11.05,-82.85
2.9e-05,1.3e-05,5e-13,3e-10,2.5e-10,0.0676,34200000000.0,1690000000.0,11.06,-84.6
2.9e-05,1.3e-05,5e-13,3.5e-10,1e-10,0.0676,32100000000.0,1530000000.0,11.46,-82.66
2.9e-05,1.3e-05,5e-13,3.5e-10,5e-11,0.0676,32100000000.0,1530000000.0,11.46,-82.94
2.9e-05,1.3e-05,5e-13,3.5e-10,1.5e-10,0.0676,32100000000.0,1540000000.0,11.46,-82.58
2.9e-05,1.3e-05,5e-13,3.5e-10,2e-10,0.0676,32100000000.0,1530000000.0,11.46,-82.63
2.9e-05,1.3e-05,5e-13,3.5e-10,2.5e-10,0.0676,32100000000.0,1530000000.0,11.46,-82.88
2.9e-05,1.3e-05,5e-13,4.5e-10,1e-10,0.0676,29300000000.0,1330000000.0,12.01,-80.95
2.9e-05,1.3e-05,5e-13,4.5e-10,5e-11,0.0676,29300000000.0,1330000000.0,12.01,-80.67
2.9e-05,1.3e-05,5e-13,4.5e-10,1.5e-10,0.0676,29300000000.0,1340000000.0,12.01,-80.85
2.9e-05,1.3e-05,5e-13,4.5e-10,2e-10,0.0676,29300000000.0,1330000000.0,12.01,-80.86
2.9e-05,1.3e-05,5e-13,4.5e-10,2.5e-10,0.0676,29300000000.0,1330000000.0,12.01,-80.69
2.9e-05,1.3e-05,5e-13,5e-10,1e-10,0.0676,28200000000.0,1270000000.0,12.18,-80.19
2.9e-05,1.3e-05,5e-13,5e-10,5e-11,0.0676,28200000000.0,1270000000.0,12.17,-80.23
2.9e-05,1.3e-05,5e-13,5e-10,1.5e-10,0.0676,28200000000.0,1270000000.0,12.18,-80.22
2.9e-05,1.3e-05,5e-13,5e-10,2e-10,0.0676,28200000000.0,1280000000.0,12.17,-79.97
2.9e-05,1.3e-05,5e-13,5e-10,2.5e-10,0.0676,28200000000.0,1280000000.0,12.18,-80.25
2.9e-05,1.3e-05,3e-13,4e-10,1e-10,0.0676,30600000000.0,1420000000.0,11.77,-81.61
2.9e-05,1.3e-05,3e-13,4e-10,5e-11,0.0676,30600000000.0,1420000000.0,11.77,-81.96
2.9e-05,1.3e-05,3e-13,4e-10,1.5e-10,0.0676,30600000000.0,1420000000.0,11.78,-81.74
2.9e-05,1.3e-05,3e-13,4e-10,2e-10,0.0676,30600000000.0,1420000000.0,11.77,-82.45
2.9e-05,1.3e-05,3e-13,4e-10,2.5e-10,0.0676,30600000000.0,1420000000.0,11.78,-81.52
2.9e-05,1.3e-05,3e-13,3e-10,1e-10,0.0676,34200000000.0,1690000000.0,11.06,-85.77
2.9e-05,1.3e-05,3e-13,3e-10,5e-11,0.0676,34200000000.0,1700000000.0,11.06,-85.12
2.9e-05,1.3e-05,3e-13,3e-10,1.5e-10,0.0676,34200000000.0,1700000000.0,11.06,-84.15
2.9e-05,1.3e-05,3e-13,3e-10,2e-10,0.0676,34200000000.0,1700000000.0,11.06,-84.65
2.9e-05,1.3e-05,3e-13,3e-10,2.5e-10,0.0676,34200000000.0,1690000000.0,11.06,-84.1
2.9e-05,1.3e-05,3e-13,3.5e-10,1e-10,0.0676,32100000000.0,1530000000.0,11.46,-82.64
2.9e-05,1.3e-05,3e-13,3.5e-10,5e-11,0.0676,32100000000.0,1530000000.0,11.46,-82.82
2.9e-05,1.3e-05,3e-13,3.5e-10,1.5e-10,0.0676,32100000000.0,1540000000.0,11.46,-82.92
2.9e-05,1.3e-05,3e-13,3.5e-10,2.5e-10,0.0676,32100000000.0,1530000000.0,11.46,-82.84
2.9e-05,1.3e-05,3e-13,4.5e-10,1e-10,0.0676,29300000000.0,1330000000.0,12.01,-81.15
2.9e-05,1.3e-05,3e-13,4.5e-10,5e-11,0.0676,29300000000.0,1340000000.0,12.01,-80.8
2.9e-05,1.3e-05,3e-13,4.5e-10,1.5e-10,0.0676,29300000000.0,1330000000.0,12.01,-80.87
2.9e-05,1.3e-05,3e-13,4.5e-10,2e-10,0.0676,29300000000.0,1330000000.0,12.01,-80.41
2.9e-05,1.3e-05,3e-13,4.5e-10,2.5e-10,0.0676,29300000000.0,1330000000.0,12.01,-80.96
2.9e-05,1.3e-05,3e-13,5e-10,1e-10,0.0676,28200000000.0,1270000000.0,12.17,-79.97
2.9e-05,1.3e-05,3e-13,5e-10,1.5e-10,0.0676,28200000000.0,1280000000.0,12.17,-80.21
2.9e-05,1.3e-05,3e-13,5e-10,2e-10,0.0676,28200000000.0,1280000000.0,12.17,-80.06
2.9e-05,1.3e-05,3e-13,5e-10,2.5e-10,0.0676,28200000000.0,1260000000.0,12.17,-80.24
2.9e-05,1.3e-05,4e-13,4e-10,1e-10,0.0676,30600000000.0,1420000000.0,11.77,-81.81
2.9e-05,1.3e-05,4e-13,4e-10,5e-11,0.0676,30600000000.0,1420000000.0,11.78,-81.89
2.9e-05,1.3e-05,4e-13,4e-10,1.5e-10,0.0676,30600000000.0,1410000000.0,11.78,-81.76
2.9e-05,1.3e-05,4e-13,4e-10,2.5e-10,0.0676,30600000000.0,1420000000.0,11.78,-81.53
2.9e-05,1.3e-05,4e-13,3e-10,1e-10,0.0676,34200000000.0,1690000000.0,11.06,-84.56
2.9e-05,1.3e-05,4e-13,3e-10,5e-11,0.0676,34200000000.0,1690000000.0,11.06,-84.2
2.9e-05,1.3e-05,4e-13,3e-10,1.5e-10,0.0676,34200000000.0,1690000000.0,11.06,-85.2
2.9e-05,1.3e-05,4e-13,3e-10,2e-10,0.0676,34200000000.0,1700000000.0,11.06,-84.66
2.9e-05,1.3e-05,4e-13,3e-10,2.5e-10,0.0676,34200000000.0,1690000000.0,11.06,-84.59
2.9e-05,1.3e-05,4e-13,3.5e-10,1e-10,0.0676,32100000000.0,1530000000.0,11.46,-81.8
2.9e-05,1.3e-05,4e-13,3.5e-10,5e-11,0.0676,32100000000.0,1530000000.0,11.46,-83.01
2.9e-05,1.3e-05,4e-13,3.5e-10,1.5e-10,0.0676,32100000000.0,1530000000.0,11.46,-82.85
2.9e-05,1.3e-05,4e-13,3.5e-10,2e-10,0.0676,32100000000.0,1530000000.0,11.46,-82.83
2.9e-05,1.3e-05,4e-13,3.5e-10,2.5e-10,0.0676,32100000000.0,1530000000.0,11.46,-83.14
2.9e-05,1.3e-05,4e-13,4.5e-10,1e-10,0.0676,29300000000.0,1330000000.0,12.01,-80.94
2.9e-05,1.3e-05,4e-13,4.5e-10,5e-11,0.0676,29300000000.0,1330000000.0,12.01,-80.68
2.9e-05,1.3e-05,4e-13,4.5e-10,1.5e-10,0.0676,29300000000.0,1330000000.0,12.01,-80.88
2.9e-05,1.3e-05,4e-13,4.5e-10,2e-10,0.0676,29300000000.0,1340000000.0,12.01,-81.08
2.9e-05,1.3e-05,4e-13,4.5e-10,2.5e-10,0.0676,29300000000.0,1330000000.0,12.01,-80.84
2.9e-05,1.3e-05,4e-13,5e-10,1e-10,0.0676,28200000000.0,1260000000.0,12.17,-80.26
2.9e-05,1.3e-05,4e-13,5e-10,5e-11,0.0676,28200000000.0,1260000000.0,12.17,-80.07
2.9e-05,1.3e-05,4e-13,5e-10,1.5e-10,0.0676,28200000000.0,1290000000.0,12.17,-80.31
2.9e-05,1.3e-05,4e-13,5e-10,2e-10,0.0676,28200000000.0,1260000000.0,12.17,-80.31
2.9e-05,1.3e-05,4e-13,5e-10,2.5e-10,0.0676,28200000000.0,1260000000.0,12.17,-80.0
2.9e-05,1.3e-05,6e-13,4e-10,1e-10,0.0676,30600000000.0,1420000000.0,11.77,-81.78
2.9e-05,1.3e-05,6e-13,4e-10,1.5e-10,0.0676,30600000000.0,1420000000.0,11.77,-82.47
2.9e-05,1.3e-05,6e-13,4e-10,2.5e-10,0.0676,30600000000.0,1420000000.0,11.78,-81.55
2.9e-05,1.3e-05,6e-13,3e-10,1e-10,0.0676,34200000000.0,1690000000.0,11.06,-84.29
2.9e-05,1.3e-05,6e-13,3e-10,5e-11,0.0676,34200000000.0,1700000000.0,11.05,-82.88
2.9e-05,1.3e-05,6e-13,3e-10,1.5e-10,0.0676,34200000000.0,1690000000.0,11.06,-84.57
2.9e-05,1.3e-05,6e-13,3e-10,2e-10,0.0676,34200000000.0,1690000000.0,11.06,-84.14
2.9e-05,1.3e-05,6e-13,3.5e-10,1e-10,0.0676,32100000000.0,1530000000.0,11.46,-82.0
2.9e-05,1.3e-05,6e-13,3.5e-10,1.5e-10,0.0676,32100000000.0,1530000000.0,11.46,-82.7
2.9e-05,1.3e-05,6e-13,3.5e-10,2e-10,0.0676,32100000000.0,1530000000.0,11.46,-82.68
2.9e-05,1.3e-05,6e-13,4.5e-10,1e-10,0.0676,29300000000.0,1340000000.0,12.01,-80.71
2.9e-05,1.3e-05,6e-13,4.5e-10,5e-11,0.0676,29300000000.0,1330000000.0,12.01,-80.78
2.9e-05,1.3e-05,6e-13,4.5e-10,1.5e-10,0.0676,29300000000.0,1330000000.0,12.01,-80.7
2.9e-05,1.3e-05,6e-13,4.5e-10,2e-10,0.0676,29300000000.0,1340000000.0,12.01,-80.87
2.9e-05,1.3e-05,6e-13,4.5e-10,2.5e-10,0.0676,29300000000.0,1330000000.0,12.01,-80.71
2.9e-05,1.3e-05,6e-13,5e-10,5e-11,0.0676,28200000000.0,1280000000.0,12.17,-80.12
2.9e-05,1.3e-05,6e-13,5e-10,1.5e-10,0.0676,28200000000.0,1270000000.0,12.18,-80.28
2.9e-05,1.3e-05,6e-13,5e-10,2e-10,0.0676,28200000000.0,1260000000.0,12.17,-79.78
2.9e-05,1.3e-05,7e-13,4e-10,1.5e-10,0.0676,30600000000.0,1420000000.0,11.77,-81.92
2.9e-05,1.3e-05,7e-13,4e-10,2e-10,0.0676,30600000000.0,1420000000.0,11.77,-81.82
2.9e-05,1.3e-05,7e-13,3e-10,1e-10,0.0676,34200000000.0,1700000000.0,11.06,-83.9
2.9e-05,1.3e-05,7e-13,3e-10,1.5e-10,0.0676,34200000000.0,1700000000.0,11.06,-84.69
2.9e-05,1.3e-05,7e-13,3e-10,2e-10,0.0676,34200000000.0,1700000000.0,11.06,-86.31
2.9e-05,1.3e-05,7e-13,3e-10,2.5e-10,0.0676,34200000000.0,1700000000.0,11.06,-84.86
2.9e-05,1.3e-05,7e-13,3.5e-10,1.5e-10,0.0676,32100000000.0,1540000000.0,11.46,-82.59
2.9e-05,1.3e-05,7e-13,3.5e-10,2.5e-10,0.0676,32100000000.0,1530000000.0,11.46,-82.86
2.9e-05,1.3e-05,7e-13,4.5e-10,1e-10,0.0676,29300000000.0,1340000000.0,12.01,-80.72
2.9e-05,1.3e-05,7e-13,4.5e-10,5e-11,0.0676,29300000000.0,1330000000.0,12.01,-80.63
2.9e-05,1.3e-05,7e-13,4.5e-10,1.5e-10,0.0676,29300000000.0,1330000000.0,12.01,-81.0
2.9e-05,1.3e-05,7e-13,5e-10,1e-10,0.0676,28200000000.0,1270000000.0,12.17,-80.14
2.9e-05,1.4e-05,5e-13,4e-10,1e-10,0.0676,30400000000.0,1440000000.0,11.77,-81.54
2.9e-05,1.4e-05,5e-13,4e-10,5e-11,0.0676,30400000000.0,1440000000.0,11.77,-83.36
2.9e-05,1.4e-05,5e-13,4e-10,1.5e-10,0.0676,30400000000.0,1440000000.0,11.77,-81.49
2.9e-05,1.4e-05,5e-13,4e-10,2.5e-10,0.0676,30400000000.0,1440000000.0,11.77,-81.5
2.9e-05,1.4e-05,5e-13,3e-10,1e-10,0.0676,34000000000.0,1720000000.0,11.05,-84.03
2.9e-05,1.4e-05,5e-13,3e-10,5e-11,0.0676,34000000000.0,1730000000.0,11.05,-85.6
2.9e-05,1.4e-05,5e-13,3e-10,1.5e-10,0.0676,34000000000.0,1720000000.0,11.06,-85.33
2.9e-05,1.4e-05,5e-13,3e-10,2e-10,0.0676,34000000000.0,1730000000.0,11.05,-84.17
2.9e-05,1.4e-05,5e-13,3e-10,2.5e-10,0.0676,34000000000.0,1730000000.0,11.05,-84.5
2.9e-05,1.4e-05,5e-13,3.5e-10,1e-10,0.0676,32000000000.0,1550000000.0,11.46,-82.83
2.9e-05,1.4e-05,5e-13,3.5e-10,5e-11,0.0676,32000000000.0,1560000000.0,11.46,-82.61
2.9e-05,1.4e-05,5e-13,3.5e-10,1.5e-10,0.0676,32000000000.0,1560000000.0,11.46,-82.79
2.9e-05,1.4e-05,5e-13,3.5e-10,2e-10,0.0676,32000000000.0,1560000000.0,11.46,-82.56
2.9e-05,1.4e-05,5e-13,3.5e-10,2.5e-10,0.0676,32000000000.0,1560000000.0,11.46,-81.7
2.9e-05,1.4e-05,5e-13,4.5e-10,1e-10,0.0676,29100000000.0,1350000000.0,12.0,-80.6
2.9e-05,1.4e-05,5e-13,4.5e-10,5e-11,0.0676,29100000000.0,1350000000.0,12.0,-80.38
2.9e-05,1.4e-05,5e-13,4.5e-10,1.5e-10,0.0676,29100000000.0,1350000000.0,12.0,-80.68
2.9e-05,1.4e-05,5e-13,4.5e-10,2e-10,0.0676,29100000000.0,1350000000.0,12.0,-80.89
2.9e-05,1.4e-05,5e-13,4.5e-10,2.5e-10,0.0676,29100000000.0,1350000000.0,12.01,-80.97
2.9e-05,1.4e-05,5e-13,5e-10,1e-10,0.0676,28100000000.0,1300000000.0,12.16,-80.04
2.9e-05,1.4e-05,5e-13,5e-10,5e-11,0.0676,28100000000.0,1300000000.0,12.16,-79.9
2.9e-05,1.4e-05,5e-13,5e-10,1.5e-10,0.0676,28100000000.0,1300000000.0,12.16,-79.82
2.9e-05,1.4e-05,5e-13,5e-10,2e-10,0.0676,28100000000.0,1290000000.0,12.16,-80.08
2.9e-05,1.4e-05,5e-13,5e-10,2.5e-10,0.0676,28100000000.0,1290000000.0,12.17,-80.17
2.9e-05,1.4e-05,3e-13,4e-10,1e-10,0.0676,30400000000.0,1440000000.0,11.77,-81.36
2.9e-05,1.4e-05,3e-13,4e-10,5e-11,0.0676,30400000000.0,1440000000.0,11.77,-81.7
2.9e-05,1.4e-05,3e-13,4e-10,1.5e-10,0.0676,30400000000.0,1440000000.0,11.77,-81.67
2.9e-05,1.4e-05,3e-13,4e-10,2e-10,0.0676,30400000000.0,1440000000.0,11.77,-81.73
2.9e-05,1.4e-05,3e-13,4e-10,2.5e-10,0.0676,30400000000.0,1440000000.0,11.77,-81.4
2.9e-05,1.4e-05,3e-13,3e-10,1e-10,0.0676,34000000000.0,1720000000.0,11.05,-84.0
2.9e-05,1.4e-05,3e-13,3e-10,5e-11,0.0676,34000000000.0,1720000000.0,11.05,-84.6
2.9e-05,1.4e-05,3e-13,3e-10,1.5e-10,0.0676,34000000000.0,1730000000.0,11.06,-84.81
2.9e-05,1.4e-05,3e-13,3e-10,2e-10,0.0676,34000000000.0,1720000000.0,11.06,-85.62
2.9e-05,1.4e-05,3e-13,3e-10,2.5e-10,0.0676,34000000000.0,1720000000.0,11.06,-84.32
2.9e-05,1.4e-05,3e-13,3.5e-10,1e-10,0.0676,32000000000.0,1560000000.0,11.46,-82.67
2.9e-05,1.4e-05,3e-13,3.5e-10,1.5e-10,0.0676,32000000000.0,1560000000.0,11.46,-82.52
2.9e-05,1.4e-05,3e-13,3.5e-10,2e-10,0.0676,32000000000.0,1560000000.0,11.46,-82.44
2.9e-05,1.4e-05,3e-13,3.5e-10,2.5e-10,0.0676,32000000000.0,1560000000.0,11.46,-81.18
2.9e-05,1.4e-05,3e-13,4.5e-10,5e-11,0.0676,29100000000.0,1360000000.0,12.0,-81.3
2.9e-05,1.4e-05,3e-13,4.5e-10,1.5e-10,0.0676,29100000000.0,1350000000.0,12.0,-80.67
2.9e-05,1.4e-05,3e-13,4.5e-10,2e-10,0.0676,29100000000.0,1350000000.0,12.0,-80.84
2.9e-05,1.4e-05,3e-13,4.5e-10,2.5e-10,0.0676,29100000000.0,1350000000.0,12.0,-80.36
2.9e-05,1.4e-05,3e-13,5e-10,1e-10,0.0676,28100000000.0,1300000000.0,12.16,-80.14
2.9e-05,1.4e-05,3e-13,5e-10,5e-11,0.0676,28100000000.0,1300000000.0,12.16,-79.88
2.9e-05,1.4e-05,3e-13,5e-10,1.5e-10,0.0676,28100000000.0,1310000000.0,12.16,-79.97
2.9e-05,1.4e-05,3e-13,5e-10,2e-10,0.0676,28100000000.0,1300000000.0,12.16,-80.15
2.9e-05,1.4e-05,4e-13,4e-10,1e-10,0.0676,30400000000.0,1440000000.0,11.78,-81.52
2.9e-05,1.4e-05,4e-13,4e-10,5e-11,0.0676,30400000000.0,1440000000.0,11.77,-81.74
2.9e-05,1.4e-05,4e-13,4e-10,1.5e-10,0.0676,30400000000.0,1440000000.0,11.77,-81.72
2.9e-05,1.4e-05,4e-13,3e-10,5e-11,0.0676,34000000000.0,1730000000.0,11.05,-84.16
2.9e-05,1.4e-05,4e-13,3e-10,1.5e-10,0.0676,34000000000.0,1720000000.0,11.05,-85.45
2.9e-05,1.4e-05,4e-13,3e-10,2e-10,0.0676,34000000000.0,1720000000.0,11.06,-84.25
2.9e-05,1.4e-05,4e-13,3e-10,2.5e-10,0.0676,34000000000.0,1730000000.0,11.05,-86.09
2.9e-05,1.4e-05,4e-13,3.5e-10,1e-10,0.0676,32000000000.0,1560000000.0,11.46,-82.46
2.9e-05,1.4e-05,4e-13,3.5e-10,5e-11,0.0676,32000000000.0,1550000000.0,11.46,-82.82
2.9e-05,1.4e-05,4e-13,3.5e-10,1.5e-10,0.0676,32000000000.0,1560000000.0,11.46,-82.55
2.9e-05,1.4e-05,4e-13,3.5e-10,2e-10,0.0676,32000000000.0,1560000000.0,11.46,-82.76
2.9e-05,1.4e-05,4e-13,4.5e-10,1e-10,0.0676,29100000000.0,1350000000.0,12.01,-80.96
2.9e-05,1.4e-05,4e-13,4.5e-10,1.5e-10,0.0676,29100000000.0,1350000000.0,12.0,-80.94
2.9e-05,1.4e-05,4e-13,4.5e-10,2e-10,0.0676,29100000000.0,1370000000.0,12.0,-80.77
2.9e-05,1.4e-05,4e-13,4.5e-10,2.5e-10,0.0676,29100000000.0,1350000000.0,12.0,-80.96
2.9e-05,1.4e-05,4e-13,5e-10,1e-10,0.0676,28100000000.0,1300000000.0,12.16,-74.7
2.9e-05,1.4e-05,4e-13,5e-10,5e-11,0.0676,28100000000.0,1300000000.0,12.16,-81.91
2.9e-05,1.4e-05,4e-13,5e-10,1.5e-10,0.0676,28100000000.0,1290000000.0,12.16,-80.12
2.9e-05,1.4e-05,4e-13,5e-10,2e-10,0.0676,28100000000.0,1290000000.0,12.16,-79.68
2.9e-05,1.4e-05,4e-13,5e-10,2.5e-10,0.0676,28100000000.0,1310000000.0,12.16,-80.1
2.9e-05,1.4e-05,6e-13,4e-10,1e-10,0.0676,30400000000.0,1440000000.0,11.77,-81.61
2.9e-05,1.4e-05,6e-13,4e-10,5e-11,0.0676,30400000000.0,1440000000.0,11.78,-81.46
2.9e-05,1.4e-05,6e-13,4e-10,1.5e-10,0.0676,30400000000.0,1440000000.0,11.77,-81.46
2.9e-05,1.4e-05,6e-13,3e-10,1e-10,0.0676,34000000000.0,1730000000.0,11.05,-85.81
2.9e-05,1.4e-05,6e-13,3e-10,5e-11,0.0676,34000000000.0,1730000000.0,11.05,-84.37
2.9e-05,1.4e-05,6e-13,3e-10,1.5e-10,0.0676,34000000000.0,1720000000.0,11.06,-84.27
2.9e-05,1.4e-05,6e-13,3e-10,2e-10,0.0676,34000000000.0,1710000000.0,11.05,-84.21
2.9e-05,1.4e-05,6e-13,3e-10,2.5e-10,0.0676,34000000000.0,1720000000.0,11.05,-84.62
2.9e-05,1.4e-05,6e-13,3.5e-10,1e-10,0.0676,32000000000.0,1560000000.0,11.46,-82.72
2.9e-05,1.4e-05,6e-13,3.5e-10,5e-11,0.0676,32000000000.0,1560000000.0,11.46,-82.8
2.9e-05,1.4e-05,6e-13,3.5e-10,1.5e-10,0.0676,32000000000.0,1560000000.0,11.46,-82.54
2.9e-05,1.4e-05,6e-13,3.5e-10,2e-10,0.0676,32000000000.0,1560000000.0,11.46,-82.77
2.9e-05,1.4e-05,6e-13,3.5e-10,2.5e-10,0.0676,32000000000.0,1560000000.0,11.46,-82.47
2.9e-05,1.4e-05,6e-13,4.5e-10,1e-10,0.0676,29100000000.0,1350000000.0,12.0,-80.87
2.9e-05,1.4e-05,6e-13,4.5e-10,5e-11,0.0676,29100000000.0,1350000000.0,12.0,-80.9
2.9e-05,1.4e-05,6e-13,4.5e-10,1.5e-10,0.0676,29100000000.0,1360000000.0,12.0,-80.77
2.9e-05,1.4e-05,6e-13,4.5e-10,2e-10,0.0676,29100000000.0,1350000000.0,12.0,-80.93
2.9e-05,1.4e-05,6e-13,4.5e-10,2.5e-10,0.0676,29100000000.0,1360000000.0,12.0,-80.97
2.9e-05,1.4e-05,6e-13,5e-10,5e-11,0.0676,28100000000.0,1300000000.0,12.16,-79.81
2.9e-05,1.4e-05,6e-13,5e-10,1.5e-10,0.0676,28100000000.0,1300000000.0,12.17,-80.17
2.9e-05,1.4e-05,6e-13,5e-10,2e-10,0.0676,28100000000.0,1290000000.0,12.16,-79.91
2.9e-05,1.4e-05,6e-13,5e-10,2.5e-10,0.0676,28100000000.0,1280000000.0,12.16,-79.53
2.9e-05,1.4e-05,7e-13,4e-10,1e-10,0.0676,30400000000.0,1440000000.0,11.77,-81.51
2.9e-05,1.4e-05,7e-13,4e-10,2.5e-10,0.0676,30400000000.0,1440000000.0,11.77,-81.37
2.9e-05,1.4e-05,7e-13,3e-10,1e-10,0.0676,34000000000.0,1730000000.0,11.05,-84.25
2.9e-05,1.4e-05,7e-13,3e-10,5e-11,0.0676,34000000000.0,1720000000.0,11.05,-83.97
2.9e-05,1.4e-05,7e-13,3e-10,1.5e-10,0.0676,34000000000.0,1720000000.0,11.05,-85.67
2.9e-05,1.4e-05,7e-13,3e-10,2e-10,0.0676,34000000000.0,1720000000.0,11.06,-84.52
2.9e-05,1.4e-05,7e-13,3e-10,2.5e-10,0.0676,34000000000.0,1730000000.0,11.05,-82.34
2.9e-05,1.4e-05,7e-13,3.5e-10,5e-11,0.0676,32000000000.0,1560000000.0,11.46,-82.4
2.9e-05,1.4e-05,7e-13,3.5e-10,2.5e-10,0.0676,32000000000.0,1560000000.0,11.46,-83.53
2.9e-05,1.4e-05,7e-13,4.5e-10,1.5e-10,0.0676,29100000000.0,1360000000.0,12.0,-80.63
2.9e-05,1.4e-05,7e-13,4.5e-10,2.5e-10,0.0676,29100000000.0,1370000000.0,12.0,-80.86
2.9e-05,1.4e-05,7e-13,5e-10,1e-10,0.0676,28100000000.0,1280000000.0,12.16,-79.47
2.9e-05,1.4e-05,7e-13,5e-10,1.5e-10,0.0676,28100000000.0,1290000000.0,12.16,-80.58
2.9e-05,1.4e-05,7e-13,5e-10,2.5e-10,0.0676,28100000000.0,1290000000.0,12.16,-80.15
2.9e-05,1.5e-05,5e-13,4e-10,1e-10,0.0676,30200000000.0,1450000000.0,11.76,-81.25
2.9e-05,1.5e-05,5e-13,4e-10,5e-11,0.0676,30200000000.0,1450000000.0,11.76,-81.24
2.9e-05,1.5e-05,5e-13,4e-10,1.5e-10,0.0676,30200000000.0,1450000000.0,11.77,-81.32
2.9e-05,1.5e-05,5e-13,4e-10,2e-10,0.0676,30200000000.0,1450000000.0,11.76,-81.32
2.9e-05,1.5e-05,5e-13,4e-10,2.5e-10,0.0676,30200000000.0,1460000000.0,11.76,-81.6
2.9e-05,1.5e-05,5e-13,3e-10,1e-10,0.0676,33800000000.0,1740000000.0,11.04,-84.13
2.9e-05,1.5e-05,5e-13,3e-10,5e-11,0.0676,33800000000.0,1740000000.0,11.05,-83.73
2.9e-05,1.5e-05,5e-13,3e-10,1.5e-10,0.0676,33800000000.0,1740000000.0,11.05,-83.91
2.9e-05,1.5e-05,5e-13,3e-10,2e-10,0.0676,33800000000.0,1730000000.0,11.04,-84.33
2.9e-05,1.5e-05,5e-13,3e-10,2.5e-10,0.0676,33800000000.0,1740000000.0,11.04,-84.79
2.9e-05,1.5e-05,5e-13,3.5e-10,1e-10,0.0676,31800000000.0,1570000000.0,11.45,-82.28
2.9e-05,1.5e-05,5e-13,3.5e-10,5e-11,0.0676,31800000000.0,1570000000.0,11.45,-82.4
2.9e-05,1.5e-05,5e-13,3.5e-10,1.5e-10,0.0676,31800000000.0,1570000000.0,11.45,-81.21
2.9e-05,1.5e-05,5e-13,3.5e-10,2e-10,0.0676,31800000000.0,1570000000.0,11.45,-82.57
2.9e-05,1.5e-05,5e-13,3.5e-10,2.5e-10,0.0676,31800000000.0,1580000000.0,11.45,-82.69
2.9e-05,1.5e-05,5e-13,4.5e-10,1e-10,0.0676,29000000000.0,1370000000.0,11.99,-80.51
2.9e-05,1.5e-05,5e-13,4.5e-10,5e-11,0.0676,29000000000.0,1370000000.0,11.99,-80.71
2.9e-05,1.5e-05,5e-13,4.5e-10,1.5e-10,0.0676,29000000000.0,1370000000.0,11.99,-80.56
2.9e-05,1.5e-05,5e-13,4.5e-10,2.5e-10,0.0676,29000000000.0,1370000000.0,11.99,-80.62
2.9e-05,1.5e-05,5e-13,5e-10,1e-10,0.0676,28000000000.0,1300000000.0,12.14,-79.97
2.9e-05,1.5e-05,5e-13,5e-10,5e-11,0.0676,28000000000.0,1300000000.0,12.15,-80.13
2.9e-05,1.5e-05,5e-13,5e-10,1.5e-10,0.0676,28000000000.0,1310000000.0,12.15,-80.11
2.9e-05,1.5e-05,5e-13,5e-10,2e-10,0.0676,28000000000.0,1320000000.0,12.15,-79.99
2.9e-05,1.5e-05,5e-13,5e-10,2.5e-10,0.0676,28000000000.0,1310000000.0,12.15,-80.1
2.9e-05,1.5e-05,3e-13,4e-10,1e-10,0.0676,30200000000.0,1450000000.0,11.77,-81.4
2.9e-05,1.5e-05,3e-13,4e-10,5e-11,0.0676,30200000000.0,1460000000.0,11.77,-81.57
2.9e-05,1.5e-05,3e-13,4e-10,1.5e-10,0.0676,30200000000.0,1450000000.0,11.76,-81.55
2.9e-05,1.5e-05,3e-13,4e-10,2e-10,0.0676,30200000000.0,1460000000.0,11.77,-81.63
2.9e-05,1.5e-05,3e-13,4e-10,2.5e-10,0.0676,30200000000.0,1450000000.0,11.76,-81.63
2.9e-05,1.5e-05,3e-13,3e-10,1e-10,0.0676,33800000000.0,1740000000.0,11.05,-83.99
2.9e-05,1.5e-05,3e-13,3e-10,5e-11,0.0676,33800000000.0,1740000000.0,11.05,-84.16
2.9e-05,1.5e-05,3e-13,3e-10,1.5e-10,0.0676,33800000000.0,1740000000.0,11.05,-83.47
2.9e-05,1.5e-05,3e-13,3e-10,2e-10,0.0676,33800000000.0,1740000000.0,11.05,-83.9
2.9e-05,1.5e-05,3e-13,3e-10,2.5e-10,0.0676,33800000000.0,1740000000.0,11.05,-84.54
2.9e-05,1.5e-05,3e-13,3.5e-10,1e-10,0.0676,31800000000.0,1570000000.0,11.45,-82.15
2.9e-05,1.5e-05,3e-13,3.5e-10,5e-11,0.0676,31800000000.0,1570000000.0,11.45,-82.6
2.9e-05,1.5e-05,3e-13,3.5e-10,1.5e-10,0.0676,31800000000.0,1570000000.0,11.45,-81.17
2.9e-05,1.5e-05,3e-13,3.5e-10,2e-10,0.0676,31800000000.0,1580000000.0,11.45,-82.5
2.9e-05,1.5e-05,3e-13,3.5e-10,2.5e-10,0.0676,31800000000.0,1570000000.0,11.45,-82.26
2.9e-05,1.5e-05,3e-13,4.5e-10,1e-10,0.0676,29000000000.0,1370000000.0,11.99,-80.38
2.9e-05,1.5e-05,3e-13,4.5e-10,5e-11,0.0676,29000000000.0,1370000000.0,11.99,-80.36
2.9e-05,1.5e-05,3e-13,4.5e-10,1.5e-10,0.0676,29000000000.0,1370000000.0,11.99,-80.7
2.9e-05,1.5e-05,3e-13,4.5e-10,2.5e-10,0.0676,29000000000.0,1370000000.0,11.99,-80.74
2.9e-05,1.5e-05,3e-13,5e-10,1e-10,0.0676,28000000000.0,1310000000.0,12.15,-80.07
2.9e-05,1.5e-05,3e-13,5e-10,5e-11,0.0676,28000000000.0,1310000000.0,12.14,-79.96
2.9e-05,1.5e-05,3e-13,5e-10,1.5e-10,0.0676,28000000000.0,1300000000.0,12.14,-79.87
2.9e-05,1.5e-05,3e-13,5e-10,2e-10,0.0676,28000000000.0,1300000000.0,12.14,-79.96
2.9e-05,1.5e-05,3e-13,5e-10,2.5e-10,0.0676,28000000000.0,1300000000.0,12.14,-80.52
2.9e-05,1.5e-05,4e-13,4e-10,1e-10,0.0676,30200000000.0,1460000000.0,11.77,-81.34
2.9e-05,1.5e-05,4e-13,4e-10,5e-11,0.0676,30200000000.0,1450000000.0,11.77,-81.71
2.9e-05,1.5e-05,4e-13,4e-10,1.5e-10,0.0676,30200000000.0,1450000000.0,11.77,-81.51
2.9e-05,1.5e-05,4e-13,4e-10,2e-10,0.0676,30200000000.0,1450000000.0,11.77,-81.48
2.9e-05,1.5e-05,4e-13,4e-10,2.5e-10,0.0676,30200000000.0,1450000000.0,11.76,-81.69
2.9e-05,1.5e-05,4e-13,3e-10,1e-10,0.0676,33800000000.0,1740000000.0,11.05,-85.3
2.9e-05,1.5e-05,4e-13,3e-10,5e-11,0.0676,33800000000.0,1740000000.0,11.05,-85.46
2.9e-05,1.5e-05,4e-13,3e-10,1.5e-10,0.0676,33800000000.0,1740000000.0,11.05,-84.22
2.9e-05,1.5e-05,4e-13,3e-10,2e-10,0.0676,33800000000.0,1740000000.0,11.05,-84.11
2.9e-05,1.5e-05,4e-13,3e-10,2.5e-10,0.0676,33800000000.0,1740000000.0,11.05,-83.85
2.9e-05,1.5e-05,4e-13,3.5e-10,1e-10,0.0676,31800000000.0,1570000000.0,11.45,-82.71
2.9e-05,1.5e-05,4e-13,3.5e-10,5e-11,0.0676,31800000000.0,1570000000.0,11.45,-82.55
2.9e-05,1.5e-05,4e-13,3.5e-10,1.5e-10,0.0676,31800000000.0,1570000000.0,11.45,-81.22
2.9e-05,1.5e-05,4e-13,3.5e-10,2e-10,0.0676,31800000000.0,1570000000.0,11.45,-82.61
2.9e-05,1.5e-05,4e-13,3.5e-10,2.5e-10,0.0676,31800000000.0,1580000000.0,11.45,-82.62
2.9e-05,1.5e-05,4e-13,4.5e-10,1e-10,0.0676,29000000000.0,1370000000.0,11.99,-80.5
2.9e-05,1.5e-05,4e-13,4.5e-10,1.5e-10,0.0676,29000000000.0,1370000000.0,11.99,-80.63
2.9e-05,1.5e-05,4e-13,4.5e-10,2e-10,0.0676,29000000000.0,1370000000.0,11.99,-80.75
2.9e-05,1.5e-05,4e-13,5e-10,5e-11,0.0676,28000000000.0,1310000000.0,12.15,-79.98
2.9e-05,1.5e-05,4e-13,5e-10,1.5e-10,0.0676,28000000000.0,1300000000.0,12.15,-80.33
2.9e-05,1.5e-05,4e-13,5e-10,2e-10,0.0676,28000000000.0,1300000000.0,12.14,-80.53
2.9e-05,1.5e-05,4e-13,5e-10,2.5e-10,0.0676,28000000000.0,1300000000.0,12.15,-80.17
2.9e-05,1.5e-05,6e-13,4e-10,5e-11,0.0676,30200000000.0,1450000000.0,11.77,-81.59
2.9e-05,1.5e-05,6e-13,4e-10,1.5e-10,0.0676,30200000000.0,1460000000.0,11.76,-81.44
2.9e-05,1.5e-05,6e-13,4e-10,2e-10,0.0676,30200000000.0,1450000000.0,11.76,-81.53
2.9e-05,1.5e-05,6e-13,4e-10,2.5e-10,0.0676,30200000000.0,1450000000.0,11.77,-81.46
2.9e-05,1.5e-05,6e-13,3e-10,1e-10,0.0676,33800000000.0,1740000000.0,11.05,-83.86
2.9e-05,1.5e-05,6e-13,3e-10,5e-11,0.0676,33800000000.0,1740000000.0,11.05,-83.53
2.9e-05,1.5e-05,6e-13,3e-10,2e-10,0.0676,33800000000.0,1740000000.0,11.05,-84.18
2.9e-05,1.5e-05,6e-13,3e-10,2.5e-10,0.0676,33800000000.0,1740000000.0,11.05,-80.84
2.9e-05,1.5e-05,6e-13,3.5e-10,1e-10,0.0676,31800000000.0,1570000000.0,11.45,-82.54
2.9e-05,1.5e-05,6e-13,3.5e-10,1.5e-10,0.0676,31800000000.0,1570000000.0,11.45,-82.56
2.9e-05,1.5e-05,6e-13,3.5e-10,2e-10,0.0676,31800000000.0,1570000000.0,11.45,-82.72
2.9e-05,1.5e-05,6e-13,3.5e-10,2.5e-10,0.0676,31800000000.0,1570000000.0,11.45,-82.46
2.9e-05,1.5e-05,6e-13,4.5e-10,1e-10,0.0676,29000000000.0,1370000000.0,11.99,-80.8
2.9e-05,1.5e-05,6e-13,4.5e-10,5e-11,0.0676,29000000000.0,1370000000.0,11.99,-80.72
2.9e-05,1.5e-05,6e-13,4.5e-10,2e-10,0.0676,29000000000.0,1380000000.0,11.99,-80.72
2.9e-05,1.5e-05,6e-13,5e-10,1e-10,0.0676,28000000000.0,1320000000.0,12.15,-80.43
2.9e-05,1.5e-05,6e-13,5e-10,5e-11,0.0676,28000000000.0,1300000000.0,12.14,-79.83
2.9e-05,1.5e-05,6e-13,5e-10,1.5e-10,0.0676,28000000000.0,1310000000.0,12.14,-80.0
2.9e-05,1.5e-05,6e-13,5e-10,2e-10,0.0676,28000000000.0,1300000000.0,12.15,-80.05
2.9e-05,1.5e-05,6e-13,5e-10,2.5e-10,0.0676,28000000000.0,1310000000.0,12.15,-79.87
2.9e-05,1.5e-05,7e-13,4e-10,1e-10,0.0676,30200000000.0,1450000000.0,11.77,-81.67
2.9e-05,1.5e-05,7e-13,4e-10,5e-11,0.0676,30200000000.0,1450000000.0,11.77,-81.35
2.9e-05,1.5e-05,7e-13,4e-10,1.5e-10,0.0676,30200000000.0,1450000000.0,11.76,-81.61
2.9e-05,1.5e-05,7e-13,4e-10,2.5e-10,0.0676,30200000000.0,1460000000.0,11.76,-81.37
2.9e-05,1.5e-05,7e-13,3e-10,1e-10,0.0676,33800000000.0,1740000000.0,11.04,-84.04
2.9e-05,1.5e-05,7e-13,3e-10,5e-11,0.0676,33800000000.0,1740000000.0,11.04,-84.0
2.9e-05,1.5e-05,7e-13,3e-10,1.5e-10,0.0676,33800000000.0,1750000000.0,11.05,-84.31
2.9e-05,1.5e-05,7e-13,3e-10,2e-10,0.0676,33800000000.0,1740000000.0,11.05,-84.14
2.9e-05,1.5e-05,7e-13,3e-10,2.5e-10,0.0676,33800000000.0,1740000000.0,11.05,-83.79
2.9e-05,1.5e-05,7e-13,3.5e-10,1e-10,0.0676,31800000000.0,1580000000.0,11.45,-82.46
2.9e-05,1.5e-05,7e-13,3.5e-10,5e-11,0.0676,31800000000.0,1570000000.0,11.45,-82.74
2.9e-05,1.5e-05,7e-13,3.5e-10,1.5e-10,0.0676,31800000000.0,1570000000.0,11.45,-82.53
2.9e-05,1.5e-05,7e-13,4.5e-10,1e-10,0.0676,29000000000.0,1370000000.0,11.99,-80.57
2.9e-05,1.5e-05,7e-13,4.5e-10,5e-11,0.0676,29000000000.0,1380000000.0,11.99,-80.65
2.9e-05,1.5e-05,7e-13,4.5e-10,2e-10,0.0676,29000000000.0,1370000000.0,11.99,-80.65
2.9e-05,1.5e-05,7e-13,4.5e-10,2.5e-10,0.0676,29000000000.0,1380000000.0,11.99,-80.82
2.9e-05,1.5e-05,7e-13,5e-10,5e-11,0.0676,28000000000.0,1300000000.0,12.15,-80.0
2.9e-05,1.5e-05,7e-13,5e-10,1.5e-10,0.0676,28000000000.0,1310000000.0,12.15,-80.13
2.9e-05,1.5e-05,7e-13,5e-10,2e-10,0.0676,28000000000.0,1310000000.0,12.15,-80.03
2.9e-05,1.6e-05,5e-13,4e-10,1e-10,0.0676,30100000000.0,1460000000.0,11.75,-81.5
2.9e-05,1.6e-05,5e-13,4e-10,5e-11,0.0676,30100000000.0,1460000000.0,11.75,-81.49
2.9e-05,1.6e-05,5e-13,4e-10,1.5e-10,0.0676,30100000000.0,1460000000.0,11.75,-81.26
2.9e-05,1.6e-05,5e-13,4e-10,2e-10,0.0676,30100000000.0,1460000000.0,11.75,-81.14
2.9e-05,1.6e-05,5e-13,3e-10,1e-10,0.0676,33700000000.0,1740000000.0,11.03,-84.07
2.9e-05,1.6e-05,5e-13,3e-10,5e-11,0.0676,33700000000.0,1740000000.0,11.03,-80.57
2.9e-05,1.6e-05,5e-13,3e-10,1.5e-10,0.0676,33700000000.0,1750000000.0,11.03,-83.24
2.9e-05,1.6e-05,5e-13,3e-10,2e-10,0.0676,33700000000.0,1740000000.0,11.03,-83.82
2.9e-05,1.6e-05,5e-13,3.5e-10,1e-10,0.0676,31700000000.0,1580000000.0,11.44,-82.41
2.9e-05,1.6e-05,5e-13,3.5e-10,5e-11,0.0676,31700000000.0,1580000000.0,11.44,-82.36
2.9e-05,1.6e-05,5e-13,3.5e-10,1.5e-10,0.0676,31700000000.0,1580000000.0,11.44,-82.31
2.9e-05,1.6e-05,5e-13,3.5e-10,2e-10,0.0676,31700000000.0,1590000000.0,11.44,-82.1
2.9e-05,1.6e-05,5e-13,3.5e-10,2.5e-10,0.0676,31700000000.0,1580000000.0,11.44,-82.42
2.9e-05,1.6e-05,5e-13,4.5e-10,1e-10,0.0676,28900000000.0,1380000000.0,11.97,-80.65
2.9e-05,1.6e-05,5e-13,4.5e-10,5e-11,0.0676,28900000000.0,1380000000.0,11.97,-80.23
2.9e-05,1.6e-05,5e-13,4.5e-10,1.5e-10,0.0676,28900000000.0,1380000000.0,11.97,-80.49
2.9e-05,1.6e-05,5e-13,4.5e-10,2e-10,0.0676,28900000000.0,1370000000.0,11.97,-80.34
2.9e-05,1.6e-05,5e-13,5e-10,1e-10,0.0676,27800000000.0,1310000000.0,12.13,-79.95
2.9e-05,1.6e-05,5e-13,5e-10,5e-11,0.0676,27800000000.0,1320000000.0,12.13,-79.82
2.9e-05,1.6e-05,5e-13,5e-10,2e-10,0.0676,27800000000.0,1320000000.0,12.13,-79.87
2.9e-05,1.6e-05,5e-13,5e-10,2.5e-10,0.0676,27800000000.0,1320000000.0,12.13,-79.75
2.9e-05,1.6e-05,3e-13,4e-10,1e-10,0.0676,30100000000.0,1460000000.0,11.75,-81.47
2.9e-05,1.6e-05,3e-13,4e-10,5e-11,0.0676,30100000000.0,1460000000.0,11.75,-81.59
2.9e-05,1.6e-05,3e-13,4e-10,1.5e-10,0.0676,30100000000.0,1460000000.0,11.75,-81.23
2.9e-05,1.6e-05,3e-13,4e-10,2.5e-10,0.0676,30100000000.0,1460000000.0,11.75,-81.29
2.9e-05,1.6e-05,3e-13,3e-10,1e-10,0.0676,33700000000.0,1750000000.0,11.03,-84.19
2.9e-05,1.6e-05,3e-13,3e-10,5e-11,0.0676,33700000000.0,1740000000.0,11.03,-83.99
2.9e-05,1.6e-05,3e-13,3e-10,1.5e-10,0.0676,33700000000.0,1740000000.0,11.03,-80.63
2.9e-05,1.6e-05,3e-13,3e-10,2e-10,0.0676,33700000000.0,1760000000.0,11.03,-84.52
2.9e-05,1.6e-05,3e-13,3e-10,2.5e-10,0.0676,33700000000.0,1740000000.0,11.03,-83.4
2.9e-05,1.6e-05,3e-13,3.5e-10,1e-10,0.0676,31700000000.0,1580000000.0,11.44,-82.33
2.9e-05,1.6e-05,3e-13,3.5e-10,5e-11,0.0676,31700000000.0,1580000000.0,11.44,-81.15
2.9e-05,1.6e-05,3e-13,3.5e-10,1.5e-10,0.0676,31700000000.0,1580000000.0,11.44,-82.3
2.9e-05,1.6e-05,3e-13,3.5e-10,2e-10,0.0676,31700000000.0,1580000000.0,11.44,-81.98
2.9e-05,1.6e-05,3e-13,3.5e-10,2.5e-10,0.0676,31700000000.0,1580000000.0,11.44,-82.52
2.9e-05,1.6e-05,3e-13,4.5e-10,1e-10,0.0676,28900000000.0,1370000000.0,11.97,-80.35
2.9e-05,1.6e-05,3e-13,4.5e-10,5e-11,0.0676,28900000000.0,1370000000.0,11.97,-80.56
2.9e-05,1.6e-05,3e-13,4.5e-10,1.5e-10,0.0676,28900000000.0,1370000000.0,11.98,-80.3
2.9e-05,1.6e-05,3e-13,4.5e-10,2e-10,0.0676,28900000000.0,1380000000.0,11.98,-80.67
2.9e-05,1.6e-05,3e-13,4.5e-10,2.5e-10,0.0676,28900000000.0,1370000000.0,11.97,-80.69
2.9e-05,1.6e-05,3e-13,5e-10,1e-10,0.0676,27800000000.0,1320000000.0,12.13,-80.01
2.9e-05,1.6e-05,3e-13,5e-10,5e-11,0.0676,27800000000.0,1320000000.0,12.12,-79.76
2.9e-05,1.6e-05,3e-13,5e-10,1.5e-10,0.0676,27800000000.0,1310000000.0,12.12,-79.41
2.9e-05,1.6e-05,3e-13,5e-10,2e-10,0.0676,27800000000.0,1310000000.0,12.12,-79.72
2.9e-05,1.6e-05,4e-13,4e-10,1e-10,0.0676,30100000000.0,1460000000.0,11.75,-81.48
2.9e-05,1.6e-05,4e-13,4e-10,5e-11,0.0676,30100000000.0,1460000000.0,11.75,-81.21
2.9e-05,1.6e-05,4e-13,4e-10,1.5e-10,0.0676,30100000000.0,1460000000.0,11.75,-81.35
2.9e-05,1.6e-05,4e-13,4e-10,2e-10,0.0676,30100000000.0,1460000000.0,11.75,-81.41
2.9e-05,1.6e-05,4e-13,3e-10,1e-10,0.0676,33700000000.0,1740000000.0,11.03,-84.12
2.9e-05,1.6e-05,4e-13,3e-10,5e-11,0.0676,33700000000.0,1740000000.0,11.03,-84.02
2.9e-05,1.6e-05,4e-13,3e-10,2e-10,0.0676,33700000000.0,1750000000.0,11.03,-83.84
2.9e-05,1.6e-05,4e-13,3e-10,2.5e-10,0.0676,33700000000.0,1740000000.0,11.03,-84.13
2.9e-05,1.6e-05,4e-13,3.5e-10,1e-10,0.0676,31700000000.0,1580000000.0,11.44,-82.35
2.9e-05,1.6e-05,4e-13,3.5e-10,5e-11,0.0676,31700000000.0,1580000000.0,11.44,-81.28
2.9e-05,1.6e-05,4e-13,3.5e-10,1.5e-10,0.0676,31700000000.0,1580000000.0,11.44,-82.04
2.9e-05,1.6e-05,4e-13,3.5e-10,2e-10,0.0676,31700000000.0,1570000000.0,11.44,-82.39
2.9e-05,1.6e-05,4e-13,4.5e-10,1e-10,0.0676,28900000000.0,1370000000.0,11.97,-80.39
2.9e-05,1.6e-05,4e-13,4.5e-10,5e-11,0.0676,28900000000.0,1370000000.0,11.98,-80.7
2.9e-05,1.6e-05,4e-13,4.5e-10,2e-10,0.0676,28900000000.0,1370000000.0,11.97,-80.64
2.9e-05,1.6e-05,4e-13,5e-10,1e-10,0.0676,27800000000.0,1320000000.0,12.12,-79.72
2.9e-05,1.6e-05,4e-13,5e-10,5e-11,0.0676,27800000000.0,1320000000.0,12.12,-79.83
2.9e-05,1.6e-05,4e-13,5e-10,1.5e-10,0.0676,27800000000.0,1310000000.0,12.13,-79.97
2.9e-05,1.6e-05,4e-13,5e-10,2e-10,0.0676,27800000000.0,1320000000.0,12.13,-79.47
2.9e-05,1.6e-05,4e-13,5e-10,2.5e-10,0.0676,27800000000.0,1320000000.0,12.13,-79.86
2.9e-05,1.6e-05,6e-13,4e-10,1e-10,0.0676,30100000000.0,1460000000.0,11.75,-81.24
2.9e-05,1.6e-05,6e-13,4e-10,5e-11,0.0676,30100000000.0,1460000000.0,11.75,-81.51
2.9e-05,1.6e-05,6e-13,4e-10,1.5e-10,0.0676,30100000000.0,1460000000.0,11.75,-81.31
2.9e-05,1.6e-05,6e-13,4e-10,2e-10,0.0676,30100000000.0,1460000000.0,11.75,-81.46
2.9e-05,1.6e-05,6e-13,4e-10,2.5e-10,0.0676,30100000000.0,1460000000.0,11.75,-81.2
2.9e-05,1.6e-05,6e-13,3e-10,1e-10,0.0676,33700000000.0,1740000000.0,11.03,-83.9
2.9e-05,1.6e-05,6e-13,3e-10,5e-11,0.0676,33700000000.0,1740000000.0,11.03,-83.89
2.9e-05,1.6e-05,6e-13,3e-10,1.5e-10,0.0676,33700000000.0,1760000000.0,11.03,-84.54
2.9e-05,1.6e-05,6e-13,3e-10,2e-10,0.0676,33700000000.0,1740000000.0,11.03,-85.43
2.9e-05,1.6e-05,6e-13,3e-10,2.5e-10,0.0676,33700000000.0,1740000000.0,11.03,-84.01
2.9e-05,1.6e-05,6e-13,3.5e-10,5e-11,0.0676,31700000000.0,1580000000.0,11.44,-82.32
2.9e-05,1.6e-05,6e-13,3.5e-10,1.5e-10,0.0676,31700000000.0,1580000000.0,11.44,-82.51
2.9e-05,1.6e-05,6e-13,3.5e-10,2.5e-10,0.0676,31700000000.0,1580000000.0,11.44,-82.81
2.9e-05,1.6e-05,6e-13,4.5e-10,1e-10,0.0676,28900000000.0,1370000000.0,11.97,-80.4
2.9e-05,1.6e-05,6e-13,4.5e-10,5e-11,0.0676,28900000000.0,1380000000.0,11.97,-80.24
2.9e-05,1.6e-05,6e-13,4.5e-10,2e-10,0.0676,28900000000.0,1370000000.0,11.97,-80.65
2.9e-05,1.6e-05,6e-13,4.5e-10,2.5e-10,0.0676,28900000000.0,1380000000.0,11.98,-80.65
2.9e-05,1.6e-05,6e-13,5e-10,1e-10,0.0676,27800000000.0,1330000000.0,12.13,-79.9
2.9e-05,1.6e-05,6e-13,5e-10,5e-11,0.0676,27800000000.0,1320000000.0,12.12,-79.63
2.9e-05,1.6e-05,6e-13,5e-10,2e-10,0.0676,27800000000.0,1320000000.0,12.13,-79.91
2.9e-05,1.6e-05,6e-13,5e-10,2.5e-10,0.0676,27800000000.0,1300000000.0,12.13,-79.89
2.9e-05,1.6e-05,7e-13,4e-10,5e-11,0.0676,30100000000.0,1460000000.0,11.75,-81.34
2.9e-05,1.6e-05,7e-13,3e-10,1e-10,0.0676,33700000000.0,1750000000.0,11.03,-84.04
2.9e-05,1.6e-05,7e-13,3e-10,2e-10,0.0676,33700000000.0,1740000000.0,11.03,-84.09
2.9e-05,1.6e-05,7e-13,3e-10,2.5e-10,0.0676,33700000000.0,1740000000.0,11.03,-83.78
2.9e-05,1.6e-05,7e-13,3.5e-10,1e-10,0.0676,31700000000.0,1580000000.0,11.44,-82.55
2.9e-05,1.6e-05,7e-13,3.5e-10,5e-11,0.0676,31700000000.0,1580000000.0,11.44,-81.43
2.9e-05,1.6e-05,7e-13,3.5e-10,1.5e-10,0.0676,31700000000.0,1590000000.0,11.44,-82.29
2.9e-05,1.6e-05,7e-13,3.5e-10,2.5e-10,0.0676,31700000000.0,1580000000.0,11.44,-82.53
2.9e-05,1.6e-05,7e-13,4.5e-10,1.5e-10,0.0676,28900000000.0,1380000000.0,11.98,-80.73
2.9e-05,1.6e-05,7e-13,4.5e-10,2e-10,0.0676,28900000000.0,1370000000.0,11.97,-80.98
2.9e-05,1.6e-05,7e-13,4.5e-10,2.5e-10,0.0676,28900000000.0,1370000000.0,11.98,-80.71
2.9e-05,1.6e-05,7e-13,5e-10,1e-10,0.0676,27800000000.0,1300000000.0,12.13,-79.8
2.9e-05,1.6e-05,7e-13,5e-10,5e-11,0.0676,27800000000.0,1300000000.0,12.13,-79.95
2.9e-05,1.6e-05,7e-13,5e-10,2.5e-10,0.0676,27800000000.0,1310000000.0,12.13,-79.98
2.9e-05,1.7e-05,5e-13,4e-10,1e-10,0.0676,30000000000.0,1460000000.0,11.73,-81.12
2.9e-05,1.7e-05,5e-13,4e-10,1.5e-10,0.0676,30000000000.0,1460000000.0,11.73,-81.13
2.9e-05,1.7e-05,5e-13,3e-10,1e-10,0.0676,33500000000.0,1740000000.0,11.01,-80.97
2.9e-05,1.7e-05,5e-13,3e-10,5e-11,0.0676,33500000000.0,1750000000.0,11.01,-83.91
2.9e-05,1.7e-05,5e-13,3e-10,1.5e-10,0.0676,33500000000.0,1740000000.0,11.01,-83.83
2.9e-05,1.7e-05,5e-13,3e-10,2e-10,0.0676,33500000000.0,1740000000.0,11.01,-80.83
2.9e-05,1.7e-05,5e-13,3e-10,2.5e-10,0.0676,33500000000.0,1730000000.0,11.01,-83.88
2.9e-05,1.7e-05,5e-13,3.5e-10,1e-10,0.0676,31500000000.0,1570000000.0,11.42,-82.27
2.9e-05,1.7e-05,5e-13,3.5e-10,5e-11,0.0676,31500000000.0,1580000000.0,11.42,-82.24
2.9e-05,1.7e-05,5e-13,3.5e-10,1.5e-10,0.0676,31500000000.0,1580000000.0,11.42,-82.97
2.9e-05,1.7e-05,5e-13,3.5e-10,2.5e-10,0.0676,31500000000.0,1570000000.0,11.42,-82.09
2.9e-05,1.7e-05,5e-13,4.5e-10,1e-10,0.0676,28700000000.0,1370000000.0,11.95,-80.57
2.9e-05,1.7e-05,5e-13,4.5e-10,5e-11,0.0676,28700000000.0,1370000000.0,11.95,-80.28
2.9e-05,1.7e-05,5e-13,4.5e-10,1.5e-10,0.0676,28700000000.0,1370000000.0,11.95,-80.3
2.9e-05,1.7e-05,5e-13,4.5e-10,2e-10,0.0676,28700000000.0,1370000000.0,11.95,-80.6
2.9e-05,1.7e-05,5e-13,4.5e-10,2.5e-10,0.0676,28700000000.0,1370000000.0,11.95,-80.44
2.9e-05,1.7e-05,5e-13,5e-10,1e-10,0.0676,27700000000.0,1320000000.0,12.1,-79.84
2.9e-05,1.7e-05,5e-13,5e-10,5e-11,0.0676,27700000000.0,1300000000.0,12.1,-79.52
2.9e-05,1.7e-05,5e-13,5e-10,1.5e-10,0.0676,27700000000.0,1310000000.0,12.11,-80.26
2.9e-05,1.7e-05,5e-13,5e-10,2e-10,0.0676,27700000000.0,1310000000.0,12.11,-79.57
2.9e-05,1.7e-05,5e-13,5e-10,2.5e-10,0.0676,27700000000.0,1310000000.0,12.11,-79.93
2.9e-05,1.7e-05,3e-13,4e-10,1e-10,0.0676,30000000000.0,1450000000.0,11.73,-81.34
2.9e-05,1.7e-05,3e-13,4e-10,5e-11,0.0676,30000000000.0,1460000000.0,11.73,-81.29
2.9e-05,1.7e-05,3e-13,4e-10,1.5e-10,0.0676,30000000000.0,1460000000.0,11.73,-81.11
2.9e-05,1.7e-05,3e-13,4e-10,2e-10,0.0676,30000000000.0,1450000000.0,11.73,-81.28
2.9e-05,1.7e-05,3e-13,3e-10,1e-10,0.0676,33500000000.0,1750000000.0,11.01,-83.63
2.9e-05,1.7e-05,3e-13,3e-10,5e-11,0.0676,33500000000.0,1740000000.0,11.01,-83.35
2.9e-05,1.7e-05,3e-13,3e-10,1.5e-10,0.0676,33500000000.0,1740000000.0,11.01,-83.46
2.9e-05,1.7e-05,3e-13,3e-10,2e-10,0.0676,33500000000.0,1740000000.0,11.01,-83.73
2.9e-05,1.7e-05,3e-13,3.5e-10,1e-10,0.0676,31500000000.0,1570000000.0,11.42,-82.22
2.9e-05,1.7e-05,3e-13,3.5e-10,5e-11,0.0676,31500000000.0,1570000000.0,11.42,-82.12
2.9e-05,1.7e-05,3e-13,3.5e-10,1.5e-10,0.0676,31500000000.0,1580000000.0,11.42,-82.29
2.9e-05,1.7e-05,3e-13,3.5e-10,2e-10,0.0676,31500000000.0,1570000000.0,11.42,-82.29
2.9e-05,1.7e-05,3e-13,3.5e-10,2.5e-10,0.0676,31500000000.0,1570000000.0,11.42,-82.32
2.9e-05,1.7e-05,3e-13,4.5e-10,1e-10,0.0676,28700000000.0,1370000000.0,11.95,-80.56
2.9e-05,1.7e-05,3e-13,4.5e-10,5e-11,0.0676,28700000000.0,1380000000.0,11.95,-80.27
2.9e-05,1.7e-05,3e-13,4.5e-10,1.5e-10,0.0676,28700000000.0,1370000000.0,11.95,-80.29
2.9e-05,1.7e-05,3e-13,4.5e-10,2e-10,0.0676,28700000000.0,1380000000.0,11.95,-80.52
2.9e-05,1.7e-05,3e-13,4.5e-10,2.5e-10,0.0676,28700000000.0,1370000000.0,11.95,-80.19
2.9e-05,1.7e-05,3e-13,5e-10,1e-10,0.0676,27700000000.0,1310000000.0,12.1,-79.65
2.9e-05,1.7e-05,3e-13,5e-10,5e-11,0.0676,27700000000.0,1310000000.0,12.1,-79.7
2.9e-05,1.7e-05,3e-13,5e-10,1.5e-10,0.0676,27700000000.0,1300000000.0,12.11,-79.91
2.9e-05,1.7e-05,3e-13,5e-10,2e-10,0.0676,27700000000.0,1330000000.0,12.1,-79.81
2.9e-05,1.7e-05,3e-13,5e-10,2.5e-10,0.0676,27700000000.0,1320000000.0,12.1,-79.73
2.9e-05,1.7e-05,4e-13,4e-10,2e-10,0.0676,30000000000.0,1450000000.0,11.73,-81.41
2.9e-05,1.7e-05,4e-13,4e-10,2.5e-10,0.0676,30000000000.0,1450000000.0,11.73,-81.42
2.9e-05,1.7e-05,4e-13,3e-10,1e-10,0.0676,33500000000.0,1740000000.0,11.01,-84.05
2.9e-05,1.7e-05,4e-13,3e-10,5e-11,0.0676,33500000000.0,1740000000.0,11.01,-83.3
2.9e-05,1.7e-05,4e-13,3e-10,1.5e-10,0.0676,33500000000.0,1740000000.0,11.01,-83.82
2.9e-05,1.7e-05,4e-13,3e-10,2e-10,0.0676,33500000000.0,1730000000.0,11.01,-83.87
2.9e-05,1.7e-05,4e-13,3.5e-10,1e-10,0.0676,31500000000.0,1580000000.0,11.42,-82.41
2.9e-05,1.7e-05,4e-13,3.5e-10,5e-11,0.0676,31500000000.0,1580000000.0,11.42,-82.27
2.9e-05,1.7e-05,4e-13,3.5e-10,1.5e-10,0.0676,31500000000.0,1580000000.0,11.42,-82.33
2.9e-05,1.7e-05,4e-13,3.5e-10,2e-10,0.0676,31500000000.0,1570000000.0,11.42,-82.14
2.9e-05,1.7e-05,4e-13,3.5e-10,2.5e-10,0.0676,31500000000.0,1570000000.0,11.42,-82.52
2.9e-05,1.7e-05,4e-13,4.5e-10,5e-11,0.0676,28700000000.0,1370000000.0,11.95,-80.15
2.9e-05,1.7e-05,4e-13,4.5e-10,2e-10,0.0676,28700000000.0,1370000000.0,11.95,-80.43
2.9e-05,1.7e-05,4e-13,4.5e-10,2.5e-10,0.0676,28700000000.0,1380000000.0,11.95,-80.3
2.9e-05,1.7e-05,4e-13,5e-10,1e-10,0.0676,27700000000.0,1320000000.0,12.1,-79.61
2.9e-05,1.7e-05,4e-13,5e-10,5e-11,0.0676,27700000000.0,1320000000.0,12.11,-79.94
2.9e-05,1.7e-05,4e-13,5e-10,1.5e-10,0.0676,27700000000.0,1320000000.0,12.11,-74.34
2.9e-05,1.7e-05,4e-13,5e-10,2e-10,0.0676,27700000000.0,1310000000.0,12.1,-79.61
2.9e-05,1.7e-05,4e-13,5e-10,2.5e-10,0.0676,27700000000.0,1320000000.0,12.1,-79.63
2.9e-05,1.7e-05,6e-13,4e-10,1e-10,0.0676,30000000000.0,1450000000.0,11.73,-81.14
2.9e-05,1.7e-05,6e-13,4e-10,1.5e-10,0.0676,30000000000.0,1450000000.0,11.73,-81.2
2.9e-05,1.7e-05,6e-13,4e-10,2e-10,0.0676,30000000000.0,1450000000.0,11.73,-81.19
2.9e-05,1.7e-05,6e-13,4e-10,2.5e-10,0.0676,30000000000.0,1460000000.0,11.73,-81.1
2.9e-05,1.7e-05,6e-13,3e-10,1e-10,0.0676,33500000000.0,1740000000.0,11.01,-84.31
2.9e-05,1.7e-05,6e-13,3e-10,5e-11,0.0676,33500000000.0,1740000000.0,11.01,-84.46
2.9e-05,1.7e-05,6e-13,3e-10,1.5e-10,0.0676,33500000000.0,1740000000.0,11.01,-83.75
2.9e-05,1.7e-05,6e-13,3e-10,2e-10,0.0676,33500000000.0,1740000000.0,11.01,-83.72
2.9e-05,1.7e-05,6e-13,3e-10,2.5e-10,0.0676,33500000000.0,1750000000.0,11.01,-83.65
2.9e-05,1.7e-05,6e-13,3.5e-10,1.5e-10,0.0676,31500000000.0,1570000000.0,11.42,-82.37
2.9e-05,1.7e-05,6e-13,3.5e-10,2.5e-10,0.0676,31500000000.0,1570000000.0,11.42,-82.55
2.9e-05,1.7e-05,6e-13,4.5e-10,5e-11,0.0676,28700000000.0,1370000000.0,11.95,-80.55
2.9e-05,1.7e-05,6e-13,4.5e-10,1.5e-10,0.0676,28700000000.0,1380000000.0,11.95,-80.6
2.9e-05,1.7e-05,6e-13,4.5e-10,2.5e-10,0.0676,28700000000.0,1370000000.0,11.95,-80.46
2.9e-05,1.7e-05,6e-13,5e-10,1e-10,0.0676,27700000000.0,1310000000.0,12.1,-80.21
2.9e-05,1.7e-05,6e-13,5e-10,5e-11,0.0676,27700000000.0,1300000000.0,12.11,-79.95
2.9e-05,1.7e-05,6e-13,5e-10,1.5e-10,0.0676,27700000000.0,1320000000.0,12.11,-79.92
2.9e-05,1.7e-05,6e-13,5e-10,2e-10,0.0676,27700000000.0,1310000000.0,12.1,-79.96
2.9e-05,1.7e-05,6e-13,5e-10,2.5e-10,0.0676,27700000000.0,1320000000.0,12.1,-79.52
2.9e-05,1.7e-05,7e-13,4e-10,1e-10,0.0676,30000000000.0,1450000000.0,11.73,-81.21
2.9e-05,1.7e-05,7e-13,4e-10,2.5e-10,0.0676,30000000000.0,1460000000.0,11.73,-81.23
2.9e-05,1.7e-05,7e-13,3e-10,5e-11,0.0676,33500000000.0,1750000000.0,11.01,-83.46
2.9e-05,1.7e-05,7e-13,3e-10,1.5e-10,0.0676,33500000000.0,1740000000.0,11.01,-83.79
2.9e-05,1.7e-05,7e-13,3e-10,2e-10,0.0676,33500000000.0,1740000000.0,11.01,-83.7
2.9e-05,1.7e-05,7e-13,3e-10,2.5e-10,0.0676,33500000000.0,1740000000.0,11.01,-83.53
2.9e-05,1.7e-05,7e-13,3.5e-10,1e-10,0.0676,31500000000.0,1570000000.0,11.42,-82.84
2.9e-05,1.7e-05,7e-13,3.5e-10,5e-11,0.0676,31500000000.0,1580000000.0,11.42,-82.1
2.9e-05,1.7e-05,7e-13,3.5e-10,1.5e-10,0.0676,31500000000.0,1570000000.0,11.42,-81.94
2.9e-05,1.7e-05,7e-13,3.5e-10,2e-10,0.0676,31500000000.0,1570000000.0,11.42,-82.23
2.9e-05,1.7e-05,7e-13,3.5e-10,2.5e-10,0.0676,31500000000.0,1570000000.0,11.42,-82.58
2.9e-05,1.7e-05,7e-13,4.5e-10,1e-10,0.0676,28700000000.0,1370000000.0,11.95,-80.88
2.9e-05,1.7e-05,7e-13,4.5e-10,5e-11,0.0676,28700000000.0,1370000000.0,11.95,-80.31
2.9e-05,1.7e-05,7e-13,4.5e-10,2e-10,0.0676,28700000000.0,1370000000.0,11.95,-80.94
2.9e-05,1.7e-05,7e-13,5e-10,1e-10,0.0676,27700000000.0,1310000000.0,12.1,-79.62
2.9e-05,1.7e-05,7e-13,5e-10,5e-11,0.0676,27700000000.0,1310000000.0,12.1,-79.69
2.9e-05,1.7e-05,7e-13,5e-10,1.5e-10,0.0676,27700000000.0,1310000000.0,12.1,-79.22
2.9e-05,1.7e-05,7e-13,5e-10,2e-10,0.0676,27700000000.0,1310000000.0,12.11,-79.98
2.9e-05,1.7e-05,7e-13,5e-10,2.5e-10,0.0676,27700000000.0,1310000000.0,12.11,-79.86
2.9e-05,1.8e-05,5e-13,4e-10,1e-10,0.0676,29900000000.0,1450000000.0,11.71,-81.15
2.9e-05,1.8e-05,5e-13,4e-10,5e-11,0.0676,29900000000.0,1440000000.0,11.71,-81.27
2.9e-05,1.8e-05,5e-13,4e-10,1.5e-10,0.0676,29900000000.0,1450000000.0,11.71,-81.04
2.9e-05,1.8e-05,5e-13,4e-10,2e-10,0.0676,29900000000.0,1440000000.0,11.71,-81.1
2.9e-05,1.8e-05,5e-13,4e-10,2.5e-10,0.0676,29900000000.0,1440000000.0,11.71,-81.3
2.9e-05,1.8e-05,5e-13,3e-10,1e-10,0.0676,33400000000.0,1720000000.0,10.98,-83.11
2.9e-05,1.8e-05,5e-13,3e-10,5e-11,0.0676,33400000000.0,1730000000.0,10.98,-84.27
2.9e-05,1.8e-05,5e-13,3e-10,1.5e-10,0.0676,33400000000.0,1710000000.0,10.98,-83.76
2.9e-05,1.8e-05,5e-13,3e-10,2e-10,0.0676,33400000000.0,1720000000.0,10.98,-83.39
2.9e-05,1.8e-05,5e-13,3.5e-10,1e-10,0.0676,31400000000.0,1560000000.0,11.4,-81.85
2.9e-05,1.8e-05,5e-13,3.5e-10,5e-11,0.0676,31400000000.0,1560000000.0,11.4,-82.03
2.9e-05,1.8e-05,5e-13,3.5e-10,1.5e-10,0.0676,31400000000.0,1560000000.0,11.4,-82.11
2.9e-05,1.8e-05,5e-13,3.5e-10,2.5e-10,0.0676,31400000000.0,1560000000.0,11.39,-82.18
2.9e-05,1.8e-05,5e-13,4.5e-10,1e-10,0.0676,28600000000.0,1370000000.0,11.93,-80.17
2.9e-05,1.8e-05,5e-13,4.5e-10,5e-11,0.0676,28600000000.0,1360000000.0,11.93,-80.18
2.9e-05,1.8e-05,5e-13,4.5e-10,1.5e-10,0.0676,28600000000.0,1370000000.0,11.93,-83.76
2.9e-05,1.8e-05,5e-13,4.5e-10,2e-10,0.0676,28600000000.0,1370000000.0,11.93,-80.19
2.9e-05,1.8e-05,5e-13,4.5e-10,2.5e-10,0.0676,28600000000.0,1370000000.0,11.93,-80.2
2.9e-05,1.8e-05,5e-13,5e-10,1e-10,0.0676,27600000000.0,1300000000.0,12.08,-79.54
2.9e-05,1.8e-05,5e-13,5e-10,5e-11,0.0676,27600000000.0,1310000000.0,12.08,-79.71
2.9e-05,1.8e-05,5e-13,5e-10,1.5e-10,0.0676,27600000000.0,1310000000.0,12.08,-79.63
2.9e-05,1.8e-05,5e-13,5e-10,2e-10,0.0676,27600000000.0,1310000000.0,12.08,-79.29
2.9e-05,1.8e-05,5e-13,5e-10,2.5e-10,0.0676,27600000000.0,1310000000.0,12.08,-79.48
2.9e-05,1.8e-05,3e-13,4e-10,1e-10,0.0676,29900000000.0,1450000000.0,11.71,-81.3
2.9e-05,1.8e-05,3e-13,4e-10,1.5e-10,0.0676,29900000000.0,1450000000.0,11.71,-80.98
2.9e-05,1.8e-05,3e-13,4e-10,2e-10,0.0676,29900000000.0,1450000000.0,11.71,-80.97
2.9e-05,1.8e-05,3e-13,4e-10,2.5e-10,0.0676,29900000000.0,1450000000.0,11.71,-83.53
2.9e-05,1.8e-05,3e-13,3e-10,1e-10,0.0676,33400000000.0,1720000000.0,10.98,-83.91
2.9e-05,1.8e-05,3e-13,3e-10,5e-11,0.0676,33400000000.0,1720000000.0,10.98,-83.01
2.9e-05,1.8e-05,3e-13,3e-10,1.5e-10,0.0676,33400000000.0,1720000000.0,10.98,-83.59
2.9e-05,1.8e-05,3e-13,3e-10,2e-10,0.0676,33400000000.0,1730000000.0,10.98,-83.49
2.9e-05,1.8e-05,3e-13,3e-10,2.5e-10,0.0676,33400000000.0,1730000000.0,10.98,-82.03
2.9e-05,1.8e-05,3e-13,3.5e-10,1e-10,0.0676,31400000000.0,1560000000.0,11.4,-82.01
2.9e-05,1.8e-05,3e-13,3.5e-10,5e-11,0.0676,31400000000.0,1560000000.0,11.39,-82.13
2.9e-05,1.8e-05,3e-13,3.5e-10,1.5e-10,0.0676,31400000000.0,1560000000.0,11.4,-81.83
2.9e-05,1.8e-05,3e-13,3.5e-10,2e-10,0.0676,31400000000.0,1560000000.0,11.39,-81.86
2.9e-05,1.8e-05,3e-13,3.5e-10,2.5e-10,0.0676,31400000000.0,1560000000.0,11.4,-82.16
2.9e-05,1.8e-05,3e-13,4.5e-10,1e-10,0.0676,28600000000.0,1360000000.0,11.92,-80.46
2.9e-05,1.8e-05,3e-13,4.5e-10,5e-11,0.0676,28600000000.0,1360000000.0,11.93,-80.45
2.9e-05,1.8e-05,3e-13,4.5e-10,2e-10,0.0676,28600000000.0,1360000000.0,11.93,-80.37
2.9e-05,1.8e-05,3e-13,4.5e-10,2.5e-10,0.0676,28600000000.0,1360000000.0,11.93,-80.53
2.9e-05,1.8e-05,3e-13,5e-10,5e-11,0.0676,27600000000.0,1320000000.0,12.08,-78.72
2.9e-05,1.8e-05,3e-13,5e-10,1.5e-10,0.0676,27600000000.0,1310000000.0,12.08,-79.52
2.9e-05,1.8e-05,3e-13,5e-10,2e-10,0.0676,27600000000.0,1310000000.0,12.08,-79.28
2.9e-05,1.8e-05,3e-13,5e-10,2.5e-10,0.0676,27600000000.0,1320000000.0,12.08,-79.76
2.9e-05,1.8e-05,4e-13,4e-10,1e-10,0.0676,29900000000.0,1450000000.0,11.71,-81.03
2.9e-05,1.8e-05,4e-13,4e-10,5e-11,0.0676,29900000000.0,1440000000.0,11.71,-81.22
2.9e-05,1.8e-05,4e-13,4e-10,1.5e-10,0.0676,29900000000.0,1450000000.0,11.71,-80.99
2.9e-05,1.8e-05,4e-13,4e-10,2e-10,0.0676,29900000000.0,1440000000.0,11.71,-80.97
2.9e-05,1.8e-05,4e-13,4e-10,2.5e-10,0.0676,29900000000.0,1450000000.0,11.71,-81.18
2.9e-05,1.8e-05,4e-13,3e-10,5e-11,0.0676,33400000000.0,1720000000.0,10.98,-83.72
2.9e-05,1.8e-05,4e-13,3e-10,1.5e-10,0.0676,33400000000.0,1720000000.0,10.98,-83.62
2.9e-05,1.8e-05,4e-13,3e-10,2e-10,0.0676,33400000000.0,1720000000.0,10.98,-83.51
2.9e-05,1.8e-05,4e-13,3e-10,2.5e-10,0.0676,33400000000.0,1730000000.0,10.98,-84.3
2.9e-05,1.8e-05,4e-13,3.5e-10,1e-10,0.0676,31400000000.0,1560000000.0,11.4,-82.06
2.9e-05,1.8e-05,4e-13,3.5e-10,5e-11,0.0676,31400000000.0,1560000000.0,11.39,-82.19
2.9e-05,1.8e-05,4e-13,3.5e-10,1.5e-10,0.0676,31400000000.0,1560000000.0,11.39,-81.85
2.9e-05,1.8e-05,4e-13,3.5e-10,2e-10,0.0676,31400000000.0,1570000000.0,11.4,-81.86
2.9e-05,1.8e-05,4e-13,3.5e-10,2.5e-10,0.0676,31400000000.0,1560000000.0,11.4,-81.84
2.9e-05,1.8e-05,4e-13,4.5e-10,1e-10,0.0676,28600000000.0,1360000000.0,11.93,-80.29
2.9e-05,1.8e-05,4e-13,4.5e-10,5e-11,0.0676,28600000000.0,1370000000.0,11.92,-80.19
2.9e-05,1.8e-05,4e-13,4.5e-10,1.5e-10,0.0676,28600000000.0,1370000000.0,11.93,-80.32
2.9e-05,1.8e-05,4e-13,4.5e-10,2e-10,0.0676,28600000000.0,1360000000.0,11.93,-80.36
2.9e-05,1.8e-05,4e-13,4.5e-10,2.5e-10,0.0676,28600000000.0,1370000000.0,11.93,-84.11
2.9e-05,1.8e-05,4e-13,5e-10,1e-10,0.0676,27600000000.0,1320000000.0,12.08,-79.67
2.9e-05,1.8e-05,4e-13,5e-10,5e-11,0.0676,27600000000.0,1300000000.0,12.08,-79.65
2.9e-05,1.8e-05,4e-13,5e-10,1.5e-10,0.0676,27600000000.0,1300000000.0,12.08,-79.71
2.9e-05,1.8e-05,4e-13,5e-10,2e-10,0.0676,27600000000.0,1310000000.0,12.08,-79.88
2.9e-05,1.8e-05,4e-13,5e-10,2.5e-10,0.0676,27600000000.0,1310000000.0,12.08,-79.53
2.9e-05,1.8e-05,6e-13,4e-10,5e-11,0.0676,29900000000.0,1440000000.0,11.71,-81.28
2.9e-05,1.8e-05,6e-13,4e-10,1.5e-10,0.0676,29900000000.0,1450000000.0,11.71,-81.22
2.9e-05,1.8e-05,6e-13,4e-10,2e-10,0.0676,29900000000.0,1450000000.0,11.71,-81.13
2.9e-05,1.8e-05,6e-13,4e-10,2.5e-10,0.0676,29900000000.0,1440000000.0,11.71,-81.24
2.9e-05,1.8e-05,6e-13,3e-10,1e-10,0.0676,33400000000.0,1730000000.0,10.98,-83.28
2.9e-05,1.8e-05,6e-13,3e-10,5e-11,0.0676,33400000000.0,1730000000.0,10.98,-82.16
2.9e-05,1.8e-05,6e-13,3e-10,1.5e-10,0.0676,33400000000.0,1730000000.0,10.98,-83.69
2.9e-05,1.8e-05,6e-13,3e-10,2.5e-10,0.0676,33400000000.0,1730000000.0,10.98,-82.98
2.9e-05,1.8e-05,6e-13,3.5e-10,1e-10,0.0676,31400000000.0,1560000000.0,11.4,-82.12
2.9e-05,1.8e-05,6e-13,3.5e-10,1.5e-10,0.0676,31400000000.0,1550000000.0,11.39,-82.24
2.9e-05,1.8e-05,6e-13,3.5e-10,2e-10,0.0676,31400000000.0,1560000000.0,11.4,-82.14
2.9e-05,1.8e-05,6e-13,3.5e-10,2.5e-10,0.0676,31400000000.0,1560000000.0,11.39,-81.57
2.9e-05,1.8e-05,6e-13,4.5e-10,1e-10,0.0676,28600000000.0,1370000000.0,11.92,-80.11
2.9e-05,1.8e-05,6e-13,4.5e-10,5e-11,0.0676,28600000000.0,1360000000.0,11.93,-80.33
2.9e-05,1.8e-05,6e-13,4.5e-10,1.5e-10,0.0676,28600000000.0,1370000000.0,11.93,-80.42
2.9e-05,1.8e-05,6e-13,4.5e-10,2e-10,0.0676,28600000000.0,1360000000.0,11.93,-80.32
2.9e-05,1.8e-05,6e-13,4.5e-10,2.5e-10,0.0676,28600000000.0,1360000000.0,11.93,-80.23
2.9e-05,1.8e-05,6e-13,5e-10,1e-10,0.0676,27600000000.0,1300000000.0,12.08,-79.87
2.9e-05,1.8e-05,6e-13,5e-10,5e-11,0.0676,27600000000.0,1310000000.0,12.08,-81.43
2.9e-05,1.8e-05,6e-13,5e-10,1.5e-10,0.0676,27600000000.0,1320000000.0,12.08,-79.96
2.9e-05,1.8e-05,7e-13,4e-10,1e-10,0.0676,29900000000.0,1450000000.0,11.71,-81.07
2.9e-05,1.8e-05,7e-13,4e-10,5e-11,0.0676,29900000000.0,1440000000.0,11.71,-81.25
2.9e-05,1.8e-05,7e-13,4e-10,2.5e-10,0.0676,29900000000.0,1440000000.0,11.71,-81.03
2.9e-05,1.8e-05,7e-13,3e-10,1e-10,0.0676,33400000000.0,1710000000.0,10.98,-83.56
2.9e-05,1.8e-05,7e-13,3e-10,5e-11,0.0676,33400000000.0,1730000000.0,10.98,-83.56
2.9e-05,1.8e-05,7e-13,3e-10,1.5e-10,0.0676,33400000000.0,1730000000.0,10.98,-84.44
2.9e-05,1.8e-05,7e-13,3e-10,2e-10,0.0676,33400000000.0,1720000000.0,10.98,-83.18
2.9e-05,1.8e-05,7e-13,3e-10,2.5e-10,0.0676,33400000000.0,1710000000.0,10.98,-83.07
2.9e-05,1.8e-05,7e-13,3.5e-10,1e-10,0.0676,31400000000.0,1560000000.0,11.4,-79.45
2.9e-05,1.8e-05,7e-13,3.5e-10,5e-11,0.0676,31400000000.0,1570000000.0,11.4,-81.87
2.9e-05,1.8e-05,7e-13,3.5e-10,2.5e-10,0.0676,31400000000.0,1560000000.0,11.39,-82.07
2.9e-05,1.8e-05,7e-13,4.5e-10,1e-10,0.0676,28600000000.0,1360000000.0,11.93,-80.54
2.9e-05,1.8e-05,7e-13,4.5e-10,5e-11,0.0676,28600000000.0,1360000000.0,11.93,-80.34
2.9e-05,1.8e-05,7e-13,4.5e-10,1.5e-10,0.0676,28600000000.0,1360000000.0,11.93,-80.3
2.9e-05,1.8e-05,7e-13,4.5e-10,2.5e-10,0.0676,28600000000.0,1360000000.0,11.93,-80.65
2.9e-05,1.8e-05,7e-13,5e-10,1e-10,0.0676,27600000000.0,1310000000.0,12.08,-78.9
2.9e-05,1.8e-05,7e-13,5e-10,1.5e-10,0.0676,27600000000.0,1310000000.0,12.08,-79.84
2.9e-05,1.8e-05,7e-13,5e-10,2e-10,0.0676,27600000000.0,1310000000.0,12.08,-79.5
2.9e-05,1.9e-05,5e-13,4e-10,1e-10,0.0676,29800000000.0,1420000000.0,11.68,-81.11
2.9e-05,1.9e-05,5e-13,4e-10,5e-11,0.0676,29800000000.0,1430000000.0,11.68,-81.16
2.9e-05,1.9e-05,5e-13,4e-10,1.5e-10,0.0676,29800000000.0,1420000000.0,11.68,-80.85
2.9e-05,1.9e-05,5e-13,4e-10,2e-10,0.0676,29800000000.0,1420000000.0,11.68,-80.89
2.9e-05,1.9e-05,5e-13,4e-10,2.5e-10,0.0676,29800000000.0,1430000000.0,11.68,-81.04
2.9e-05,1.9e-05,5e-13,3e-10,1e-10,0.0676,33300000000.0,1700000000.0,10.95,-83.44
2.9e-05,1.9e-05,5e-13,3e-10,5e-11,0.0676,33300000000.0,1700000000.0,10.95,-83.3
2.9e-05,1.9e-05,5e-13,3e-10,1.5e-10,0.0676,33300000000.0,1700000000.0,10.95,-83.33
2.9e-05,1.9e-05,5e-13,3e-10,2e-10,0.0676,33300000000.0,1700000000.0,10.95,-83.08
2.9e-05,1.9e-05,5e-13,3e-10,2.5e-10,0.0676,33300000000.0,1700000000.0,10.95,-83.27
2.9e-05,1.9e-05,5e-13,3.5e-10,1e-10,0.0676,31300000000.0,1540000000.0,11.37,-82.01
2.9e-05,1.9e-05,5e-13,3.5e-10,5e-11,0.0676,31300000000.0,1540000000.0,11.37,-81.82
2.9e-05,1.9e-05,5e-13,3.5e-10,1.5e-10,0.0676,31300000000.0,1530000000.0,11.37,-81.76
2.9e-05,1.9e-05,5e-13,3.5e-10,2e-10,0.0676,31300000000.0,1540000000.0,11.37,-81.93
2.9e-05,1.9e-05,5e-13,3.5e-10,2.5e-10,0.0676,31300000000.0,1550000000.0,11.37,-82.05
2.9e-05,1.9e-05,5e-13,4.5e-10,1e-10,0.0676,28500000000.0,1350000000.0,11.9,-80.21
2.9e-05,1.9e-05,5e-13,4.5e-10,5e-11,0.0676,28500000000.0,1350000000.0,11.9,-80.41
2.9e-05,1.9e-05,5e-13,4.5e-10,1.5e-10,0.0676,28500000000.0,1340000000.0,11.9,-79.81
2.9e-05,1.9e-05,5e-13,4.5e-10,2e-10,0.0676,28500000000.0,1350000000.0,11.9,-80.12
2.9e-05,1.9e-05,5e-13,4.5e-10,2.5e-10,0.0676,28500000000.0,1350000000.0,11.9,-80.42
2.9e-05,1.9e-05,5e-13,5e-10,1e-10,0.0676,27500000000.0,1290000000.0,12.05,-79.81
2.9e-05,1.9e-05,5e-13,5e-10,1.5e-10,0.0676,27500000000.0,1280000000.0,12.05,-79.27
2.9e-05,1.9e-05,5e-13,5e-10,2e-10,0.0676,27500000000.0,1290000000.0,12.05,-79.41
2.9e-05,1.9e-05,5e-13,5e-10,2.5e-10,0.0676,27500000000.0,1290000000.0,12.05,-79.61
2.9e-05,1.9e-05,3e-13,4e-10,1e-10,0.0676,29800000000.0,1430000000.0,11.68,-81.0
2.9e-05,1.9e-05,3e-13,4e-10,5e-11,0.0676,29800000000.0,1430000000.0,11.68,-81.1
2.9e-05,1.9e-05,3e-13,4e-10,1.5e-10,0.0676,29800000000.0,1430000000.0,11.68,-80.97
2.9e-05,1.9e-05,3e-13,4e-10,2e-10,0.0676,29800000000.0,1430000000.0,11.68,-81.02
2.9e-05,1.9e-05,3e-13,4e-10,2.5e-10,0.0676,29800000000.0,1420000000.0,11.68,-80.88
2.9e-05,1.9e-05,3e-13,3e-10,1e-10,0.0676,33300000000.0,1700000000.0,10.95,-81.4
2.9e-05,1.9e-05,3e-13,3e-10,5e-11,0.0676,33300000000.0,1700000000.0,10.95,-83.6
2.9e-05,1.9e-05,3e-13,3e-10,2e-10,0.0676,33300000000.0,1700000000.0,10.95,-83.28
2.9e-05,1.9e-05,3e-13,3e-10,2.5e-10,0.0676,33300000000.0,1700000000.0,10.95,-83.45
2.9e-05,1.9e-05,3e-13,3.5e-10,1e-10,0.0676,31300000000.0,1530000000.0,11.37,-81.86
2.9e-05,1.9e-05,3e-13,3.5e-10,5e-11,0.0676,31300000000.0,1540000000.0,11.37,-81.81
2.9e-05,1.9e-05,3e-13,3.5e-10,1.5e-10,0.0676,31300000000.0,1550000000.0,11.37,-82.03
2.9e-05,1.9e-05,3e-13,3.5e-10,2e-10,0.0676,31300000000.0,1540000000.0,11.37,-70.51
2.9e-05,1.9e-05,3e-13,3.5e-10,2.5e-10,0.0676,31300000000.0,1540000000.0,11.36,-82.03
2.9e-05,1.9e-05,3e-13,4.5e-10,1e-10,0.0676,28500000000.0,1340000000.0,11.9,-80.32
2.9e-05,1.9e-05,3e-13,4.5e-10,5e-11,0.0676,28500000000.0,1340000000.0,11.9,-80.07
2.9e-05,1.9e-05,3e-13,4.5e-10,1.5e-10,0.0676,28500000000.0,1340000000.0,11.9,-79.79
2.9e-05,1.9e-05,3e-13,4.5e-10,2.5e-10,0.0676,28500000000.0,1340000000.0,11.9,-80.36
2.9e-05,1.9e-05,3e-13,5e-10,1e-10,0.0676,27500000000.0,1290000000.0,12.05,-79.78
2.9e-05,1.9e-05,3e-13,5e-10,1.5e-10,0.0676,27500000000.0,1290000000.0,12.05,-79.5
2.9e-05,1.9e-05,3e-13,5e-10,2e-10,0.0676,27500000000.0,1300000000.0,12.05,-79.29
2.9e-05,1.9e-05,4e-13,4e-10,5e-11,0.0676,29800000000.0,1420000000.0,11.68,-81.04
2.9e-05,1.9e-05,4e-13,4e-10,2e-10,0.0676,29800000000.0,1430000000.0,11.68,-80.92
2.9e-05,1.9e-05,4e-13,4e-10,2.5e-10,0.0676,29800000000.0,1430000000.0,11.68,-80.99
2.9e-05,1.9e-05,4e-13,3e-10,2e-10,0.0676,33300000000.0,1700000000.0,10.95,-83.32
2.9e-05,1.9e-05,4e-13,3e-10,2.5e-10,0.0676,33300000000.0,1700000000.0,10.95,-83.34
2.9e-05,1.9e-05,4e-13,3.5e-10,1e-10,0.0676,31300000000.0,1530000000.0,11.37,-81.75
2.9e-05,1.9e-05,4e-13,3.5e-10,5e-11,0.0676,31300000000.0,1540000000.0,11.36,-78.61
2.9e-05,1.9e-05,4e-13,3.5e-10,2e-10,0.0676,31300000000.0,1530000000.0,11.36,-81.78
2.9e-05,1.9e-05,4e-13,3.5e-10,2.5e-10,0.0676,31300000000.0,1540000000.0,11.37,-80.79
2.9e-05,1.9e-05,4e-13,4.5e-10,1e-10,0.0676,28500000000.0,1350000000.0,11.9,-80.14
2.9e-05,1.9e-05,4e-13,4.5e-10,5e-11,0.0676,28500000000.0,1350000000.0,11.9,-80.32
2.9e-05,1.9e-05,4e-13,4.5e-10,1.5e-10,0.0676,28500000000.0,1350000000.0,11.9,-80.2
2.9e-05,1.9e-05,4e-13,4.5e-10,2e-10,0.0676,28500000000.0,1340000000.0,11.9,-80.38
2.9e-05,1.9e-05,4e-13,4.5e-10,2.5e-10,0.0676,28500000000.0,1340000000.0,11.9,-80.16
2.9e-05,1.9e-05,4e-13,5e-10,5e-11,0.0676,27500000000.0,1290000000.0,12.05,-79.73
2.9e-05,1.9e-05,4e-13,5e-10,1.5e-10,0.0676,27500000000.0,1300000000.0,12.05,-79.56
2.9e-05,1.9e-05,4e-13,5e-10,2e-10,0.0676,27500000000.0,1290000000.0,12.05,-79.7
2.9e-05,1.9e-05,4e-13,5e-10,2.5e-10,0.0676,27500000000.0,1300000000.0,12.05,-79.51
2.9e-05,1.9e-05,6e-13,4e-10,1.5e-10,0.0676,29800000000.0,1430000000.0,11.68,-81.05
2.9e-05,1.9e-05,6e-13,4e-10,2e-10,0.0676,29800000000.0,1430000000.0,11.68,-81.64
2.9e-05,1.9e-05,6e-13,4e-10,2.5e-10,0.0676,29800000000.0,1430000000.0,11.68,-81.12
2.9e-05,1.9e-05,6e-13,3e-10,1e-10,0.0676,33300000000.0,1700000000.0,10.95,-83.17
2.9e-05,1.9e-05,6e-13,3e-10,5e-11,0.0676,33300000000.0,1690000000.0,10.95,-83.36
2.9e-05,1.9e-05,6e-13,3e-10,1.5e-10,0.0676,33300000000.0,1700000000.0,10.95,-83.37
2.9e-05,1.9e-05,6e-13,3e-10,2e-10,0.0676,33300000000.0,1710000000.0,10.95,-83.32
2.9e-05,1.9e-05,6e-13,3e-10,2.5e-10,0.0676,33300000000.0,1700000000.0,10.95,-83.53
2.9e-05,1.9e-05,6e-13,3.5e-10,1e-10,0.0676,31300000000.0,1530000000.0,11.37,-81.88
2.9e-05,1.9e-05,6e-13,3.5e-10,1.5e-10,0.0676,31300000000.0,1540000000.0,11.36,-81.85
2.9e-05,1.9e-05,6e-13,3.5e-10,2.5e-10,0.0676,31300000000.0,1540000000.0,11.36,-82.13
2.9e-05,1.9e-05,6e-13,4.5e-10,1e-10,0.0676,28500000000.0,1350000000.0,11.9,-80.06
2.9e-05,1.9e-05,6e-13,4.5e-10,2e-10,0.0676,28500000000.0,1350000000.0,11.9,-80.07
2.9e-05,1.9e-05,6e-13,4.5e-10,2.5e-10,0.0676,28500000000.0,1350000000.0,11.9,-80.35
2.9e-05,1.9e-05,6e-13,5e-10,1e-10,0.0676,27500000000.0,1300000000.0,12.05,-79.31
2.9e-05,1.9e-05,6e-13,5e-10,5e-11,0.0676,27500000000.0,1280000000.0,12.05,-79.57
2.9e-05,1.9e-05,6e-13,5e-10,2e-10,0.0676,27500000000.0,1290000000.0,12.05,-79.74
2.9e-05,1.9e-05,7e-13,4e-10,1e-10,0.0676,29800000000.0,1420000000.0,11.68,-80.86
2.9e-05,1.9e-05,7e-13,4e-10,2e-10,0.0676,29800000000.0,1430000000.0,11.68,-80.88
2.9e-05,1.9e-05,7e-13,3e-10,1e-10,0.0676,33300000000.0,1690000000.0,10.95,-83.83
2.9e-05,1.9e-05,7e-13,3e-10,5e-11,0.0676,33300000000.0,1700000000.0,10.95,-83.46
2.9e-05,1.9e-05,7e-13,3e-10,1.5e-10,0.0676,33300000000.0,1700000000.0,10.95,-83.64
2.9e-05,1.9e-05,7e-13,3e-10,2e-10,0.0676,33300000000.0,1700000000.0,10.95,-83.48
2.9e-05,1.9e-05,7e-13,3.5e-10,1e-10,0.0676,31300000000.0,1540000000.0,11.36,-82.07
2.9e-05,1.9e-05,7e-13,3.5e-10,5e-11,0.0676,31300000000.0,1530000000.0,11.36,-82.07
2.9e-05,1.9e-05,7e-13,3.5e-10,1.5e-10,0.0676,31300000000.0,1540000000.0,11.37,-81.83
2.9e-05,1.9e-05,7e-13,3.5e-10,2e-10,0.0676,31300000000.0,1540000000.0,11.36,-82.04
2.9e-05,1.9e-05,7e-13,3.5e-10,2.5e-10,0.0676,31300000000.0,1540000000.0,11.36,-80.04
2.9e-05,1.9e-05,7e-13,4.5e-10,2.5e-10,0.0676,28500000000.0,1340000000.0,11.9,-80.35
2.9e-05,1.9e-05,7e-13,5e-10,1e-10,0.0676,27500000000.0,1280000000.0,12.05,-78.97
2.9e-05,1.9e-05,7e-13,5e-10,1.5e-10,0.0676,27500000000.0,1280000000.0,12.05,-79.62
2.9e-05,1.9e-05,7e-13,5e-10,2e-10,0.0676,27500000000.0,1300000000.0,12.05,-79.45
2.9e-05,1.9e-05,7e-13,5e-10,2.5e-10,0.0676,27500000000.0,1280000000.0,12.05,-78.96
2.9e-05,2e-05,5e-13,4e-10,1e-10,0.0676,29700000000.0,1400000000.0,11.64,-80.95
2.9e-05,2e-05,5e-13,4e-10,5e-11,0.0676,29700000000.0,1400000000.0,11.64,-80.79
2.9e-05,2e-05,5e-13,4e-10,1.5e-10,0.0676,29700000000.0,1400000000.0,11.64,-80.99
2.9e-05,2e-05,5e-13,4e-10,2e-10,0.0676,29700000000.0,1400000000.0,11.64,-81.01
2.9e-05,2e-05,5e-13,4e-10,2.5e-10,0.0676,29700000000.0,1400000000.0,11.64,-80.81
2.9e-05,2e-05,5e-13,3e-10,1e-10,0.0676,33200000000.0,1670000000.0,10.91,-83.1
2.9e-05,2e-05,5e-13,3e-10,5e-11,0.0676,33200000000.0,1670000000.0,10.91,-83.32
2.9e-05,2e-05,5e-13,3e-10,1.5e-10,0.0676,33200000000.0,1670000000.0,10.91,-82.99
2.9e-05,2e-05,5e-13,3e-10,2e-10,0.0676,33200000000.0,1660000000.0,10.91,-83.6
2.9e-05,2e-05,5e-13,3e-10,2.5e-10,0.0676,33200000000.0,1660000000.0,10.91,-83.26
2.9e-05,2e-05,5e-13,3.5e-10,1e-10,0.0676,31200000000.0,1510000000.0,11.33,-81.76
2.9e-05,2e-05,5e-13,3.5e-10,5e-11,0.0676,31200000000.0,1510000000.0,11.33,-81.63
2.9e-05,2e-05,5e-13,3.5e-10,1.5e-10,0.0676,31200000000.0,1500000000.0,11.33,-81.88
2.9e-05,2e-05,5e-13,3.5e-10,2e-10,0.0676,31200000000.0,1510000000.0,11.33,-81.95
2.9e-05,2e-05,5e-13,3.5e-10,2.5e-10,0.0676,31200000000.0,1510000000.0,11.33,-81.82
2.9e-05,2e-05,5e-13,4.5e-10,1e-10,0.0676,28500000000.0,1320000000.0,11.86,-79.92
2.9e-05,2e-05,5e-13,4.5e-10,5e-11,0.0676,28500000000.0,1320000000.0,11.87,-81.98
2.9e-05,2e-05,5e-13,4.5e-10,1.5e-10,0.0676,28500000000.0,1320000000.0,11.87,-80.25
2.9e-05,2e-05,5e-13,4.5e-10,2e-10,0.0676,28500000000.0,1330000000.0,11.87,-79.94
2.9e-05,2e-05,5e-13,4.5e-10,2.5e-10,0.0676,28500000000.0,1330000000.0,11.86,-79.99
2.9e-05,2e-05,5e-13,5e-10,1e-10,0.0676,27400000000.0,1270000000.0,12.02,-79.38
2.9e-05,2e-05,5e-13,5e-10,5e-11,0.0676,27400000000.0,1270000000.0,12.02,-78.91
2.9e-05,2e-05,5e-13,5e-10,1.5e-10,0.0676,27400000000.0,1280000000.0,12.02,-79.31
2.9e-05,2e-05,5e-13,5e-10,2e-10,0.0676,27400000000.0,1280000000.0,12.02,-79.9
2.9e-05,2e-05,5e-13,5e-10,2.5e-10,0.0676,27400000000.0,1280000000.0,12.02,-79.89
2.9e-05,2e-05,3e-13,4e-10,1e-10,0.0676,29700000000.0,1410000000.0,11.64,-80.68
2.9e-05,2e-05,3e-13,4e-10,5e-11,0.0676,29700000000.0,1400000000.0,11.64,-80.8
2.9e-05,2e-05,3e-13,4e-10,1.5e-10,0.0676,29700000000.0,1400000000.0,11.64,-80.68
2.9e-05,2e-05,3e-13,4e-10,2e-10,0.0676,29700000000.0,1400000000.0,11.64,-80.89
2.9e-05,2e-05,3e-13,4e-10,2.5e-10,0.0676,29700000000.0,1400000000.0,11.64,-80.86
2.9e-05,2e-05,3e-13,3e-10,1e-10,0.0676,33200000000.0,1670000000.0,10.91,-83.54
2.9e-05,2e-05,3e-13,3e-10,5e-11,0.0676,33200000000.0,1670000000.0,10.91,-83.27
2.9e-05,2e-05,3e-13,3e-10,1.5e-10,0.0676,33200000000.0,1650000000.0,10.91,-83.37
2.9e-05,2e-05,3e-13,3e-10,2e-10,0.0676,33200000000.0,1670000000.0,10.91,-83.35
2.9e-05,2e-05,3e-13,3e-10,2.5e-10,0.0676,33200000000.0,1670000000.0,10.91,-83.23
2.9e-05,2e-05,3e-13,3.5e-10,1e-10,0.0676,31200000000.0,1510000000.0,11.33,-81.57
2.9e-05,2e-05,3e-13,3.5e-10,5e-11,0.0676,31200000000.0,1510000000.0,11.33,-81.85
2.9e-05,2e-05,3e-13,3.5e-10,1.5e-10,0.0676,31200000000.0,1500000000.0,11.33,-81.8
2.9e-05,2e-05,3e-13,3.5e-10,2e-10,0.0676,31200000000.0,1510000000.0,11.33,-81.75
2.9e-05,2e-05,3e-13,4.5e-10,1e-10,0.0676,28500000000.0,1330000000.0,11.86,-80.09
2.9e-05,2e-05,3e-13,4.5e-10,5e-11,0.0676,28500000000.0,1330000000.0,11.86,-79.97
2.9e-05,2e-05,3e-13,4.5e-10,1.5e-10,0.0676,28500000000.0,1330000000.0,11.86,-80.23
2.9e-05,2e-05,3e-13,4.5e-10,2e-10,0.0676,28500000000.0,1320000000.0,11.86,-80.22
2.9e-05,2e-05,3e-13,4.5e-10,2.5e-10,0.0676,28500000000.0,1320000000.0,11.87,-80.27
2.9e-05,2e-05,3e-13,5e-10,1e-10,0.0676,27400000000.0,1270000000.0,12.02,-79.6
2.9e-05,2e-05,3e-13,5e-10,5e-11,0.0676,27400000000.0,1270000000.0,12.02,-79.29
2.9e-05,2e-05,3e-13,5e-10,1.5e-10,0.0676,27400000000.0,1280000000.0,12.02,-79.43
2.9e-05,2e-05,3e-13,5e-10,2e-10,0.0676,27400000000.0,1270000000.0,12.02,-79.63
2.9e-05,2e-05,4e-13,4e-10,1e-10,0.0676,29700000000.0,1400000000.0,11.64,-80.73
2.9e-05,2e-05,4e-13,4e-10,5e-11,0.0676,29700000000.0,1400000000.0,11.64,-80.71
2.9e-05,2e-05,4e-13,4e-10,1.5e-10,0.0676,29700000000.0,1400000000.0,11.64,-80.85
2.9e-05,2e-05,4e-13,4e-10,2e-10,0.0676,29700000000.0,1400000000.0,11.64,-80.82
2.9e-05,2e-05,4e-13,4e-10,2.5e-10,0.0676,29700000000.0,1390000000.0,11.64,-80.83
2.9e-05,2e-05,4e-13,3e-10,1e-10,0.0676,33200000000.0,1660000000.0,10.91,-80.99
2.9e-05,2e-05,4e-13,3e-10,1.5e-10,0.0676,33200000000.0,1670000000.0,10.91,-84.15
2.9e-05,2e-05,4e-13,3e-10,2e-10,0.0676,33200000000.0,1660000000.0,10.91,-83.21
2.9e-05,2e-05,4e-13,3e-10,2.5e-10,0.0676,33200000000.0,1660000000.0,10.91,-82.74
2.9e-05,2e-05,4e-13,3.5e-10,1e-10,0.0676,31200000000.0,1510000000.0,11.33,-81.27
2.9e-05,2e-05,4e-13,3.5e-10,5e-11,0.0676,31200000000.0,1520000000.0,11.33,-81.91
2.9e-05,2e-05,4e-13,3.5e-10,1.5e-10,0.0676,31200000000.0,1510000000.0,11.33,-82.06
2.9e-05,2e-05,4e-13,3.5e-10,2e-10,0.0676,31200000000.0,1510000000.0,11.33,-81.77
2.9e-05,2e-05,4e-13,3.5e-10,2.5e-10,0.0676,31200000000.0,1510000000.0,11.33,-81.86
2.9e-05,2e-05,4e-13,4.5e-10,1e-10,0.0676,28500000000.0,1330000000.0,11.86,-79.65
2.9e-05,2e-05,4e-13,4.5e-10,5e-11,0.0676,28500000000.0,1320000000.0,11.86,-79.94
2.9e-05,2e-05,4e-13,4.5e-10,1.5e-10,0.0676,28500000000.0,1320000000.0,11.86,-80.16
2.9e-05,2e-05,4e-13,4.5e-10,2e-10,0.0676,28500000000.0,1320000000.0,11.86,-80.12
2.9e-05,2e-05,4e-13,4.5e-10,2.5e-10,0.0676,28500000000.0,1320000000.0,11.87,-79.93
2.9e-05,2e-05,4e-13,5e-10,5e-11,0.0676,27400000000.0,1280000000.0,12.02,-79.85
2.9e-05,2e-05,4e-13,5e-10,2e-10,0.0676,27400000000.0,1270000000.0,12.02,-79.64
2.9e-05,2e-05,6e-13,4e-10,1e-10,0.0676,29700000000.0,1400000000.0,11.64,-80.84
2.9e-05,2e-05,6e-13,4e-10,5e-11,0.0676,29700000000.0,1400000000.0,11.64,-81.57
2.9e-05,2e-05,6e-13,4e-10,1.5e-10,0.0676,29700000000.0,1400000000.0,11.64,-81.47
2.9e-05,2e-05,6e-13,4e-10,2e-10,0.0676,29700000000.0,1400000000.0,11.64,-80.92
2.9e-05,2e-05,6e-13,3e-10,1e-10,0.0676,33200000000.0,1660000000.0,10.91,-83.28
2.9e-05,2e-05,6e-13,3e-10,5e-11,0.0676,33200000000.0,1660000000.0,10.91,-83.23
2.9e-05,2e-05,6e-13,3e-10,1.5e-10,0.0676,33200000000.0,1660000000.0,10.91,-83.25
2.9e-05,2e-05,6e-13,3e-10,2e-10,0.0676,33200000000.0,1670000000.0,10.91,-83.04
2.9e-05,2e-05,6e-13,3e-10,2.5e-10,0.0676,33200000000.0,1660000000.0,10.91,-83.22
2.9e-05,2e-05,6e-13,3.5e-10,1.5e-10,0.0676,31200000000.0,1520000000.0,11.33,-82.59
2.9e-05,2e-05,6e-13,3.5e-10,2.5e-10,0.0676,31200000000.0,1510000000.0,11.33,-81.78
2.9e-05,2e-05,6e-13,4.5e-10,1e-10,0.0676,28500000000.0,1320000000.0,11.87,-80.43
2.9e-05,2e-05,6e-13,4.5e-10,5e-11,0.0676,28500000000.0,1320000000.0,11.87,-80.18
2.9e-05,2e-05,6e-13,4.5e-10,1.5e-10,0.0676,28500000000.0,1330000000.0,11.86,-80.24
2.9e-05,2e-05,6e-13,4.5e-10,2.5e-10,0.0676,28500000000.0,1320000000.0,11.87,-80.28
2.9e-05,2e-05,6e-13,5e-10,5e-11,0.0676,27400000000.0,1280000000.0,12.02,-79.59
2.9e-05,2e-05,6e-13,5e-10,1.5e-10,0.0676,27400000000.0,1270000000.0,12.02,-79.54
2.9e-05,2e-05,6e-13,5e-10,2e-10,0.0676,27400000000.0,1260000000.0,12.02,-79.6
2.9e-05,2e-05,7e-13,4e-10,1e-10,0.0676,29700000000.0,1400000000.0,11.64,-80.91
2.9e-05,2e-05,7e-13,4e-10,1.5e-10,0.0676,29700000000.0,1400000000.0,11.64,-81.03
2.9e-05,2e-05,7e-13,4e-10,2e-10,0.0676,29700000000.0,1400000000.0,11.64,-80.72
2.9e-05,2e-05,7e-13,4e-10,2.5e-10,0.0676,29700000000.0,1400000000.0,11.64,-80.98
2.9e-05,2e-05,7e-13,3e-10,1e-10,0.0676,33200000000.0,1650000000.0,10.91,-82.71
2.9e-05,2e-05,7e-13,3e-10,5e-11,0.0676,33200000000.0,1670000000.0,10.91,-81.69
2.9e-05,2e-05,7e-13,3e-10,1.5e-10,0.0676,33200000000.0,1670000000.0,10.91,-83.12
2.9e-05,2e-05,7e-13,3e-10,2e-10,0.0676,33200000000.0,1660000000.0,10.91,-82.96
2.9e-05,2e-05,7e-13,3e-10,2.5e-10,0.0676,33200000000.0,1670000000.0,10.91,-83.37
2.9e-05,2e-05,7e-13,3.5e-10,5e-11,0.0676,31200000000.0,1510000000.0,11.33,-81.66
2.9e-05,2e-05,7e-13,3.5e-10,1.5e-10,0.0676,31200000000.0,1510000000.0,11.33,-81.64
2.9e-05,2e-05,7e-13,3.5e-10,2e-10,0.0676,31200000000.0,1500000000.0,11.33,-81.85
2.9e-05,2e-05,7e-13,3.5e-10,2.5e-10,0.0676,31200000000.0,1520000000.0,11.33,-81.77
2.9e-05,2e-05,7e-13,4.5e-10,1e-10,0.0676,28500000000.0,1330000000.0,11.86,-79.88
2.9e-05,2e-05,7e-13,4.5e-10,5e-11,0.0676,28500000000.0,1320000000.0,11.87,-80.61
2.9e-05,2e-05,7e-13,4.5e-10,1.5e-10,0.0676,28500000000.0,1330000000.0,11.87,-79.7
2.9e-05,2e-05,7e-13,4.5e-10,2e-10,0.0676,28500000000.0,1320000000.0,11.87,-79.96
2.9e-05,2e-05,7e-13,4.5e-10,2.5e-10,0.0676,28500000000.0,1320000000.0,11.87,-80.22
2.9e-05,2e-05,7e-13,5e-10,1e-10,0.0676,27400000000.0,1280000000.0,12.02,-79.7
2.9e-05,2e-05,7e-13,5e-10,5e-11,0.0676,27400000000.0,1270000000.0,12.02,-79.27
2.9e-05,2e-05,7e-13,5e-10,1.5e-10,0.0676,27400000000.0,1280000000.0,12.02,-79.29
2.9e-05,2e-05,7e-13,5e-10,2.5e-10,0.0676,27400000000.0,1260000000.0,12.02,-79.61
2.9e-05,2.1e-05,5e-13,4e-10,1e-10,0.0676,29600000000.0,1370000000.0,11.6,-80.68
2.9e-05,2.1e-05,5e-13,4e-10,5e-11,0.0676,29600000000.0,1370000000.0,11.61,-80.78
2.9e-05,2.1e-05,5e-13,4e-10,1.5e-10,0.0676,29600000000.0,1370000000.0,11.6,-80.94
2.9e-05,2.1e-05,5e-13,4e-10,2e-10,0.0676,29600000000.0,1370000000.0,11.6,-81.04
2.9e-05,2.1e-05,5e-13,4e-10,2.5e-10,0.0676,29600000000.0,1360000000.0,11.61,-80.42
2.9e-05,2.1e-05,5e-13,3e-10,1e-10,0.0676,33100000000.0,1620000000.0,10.86,-83.36
2.9e-05,2.1e-05,5e-13,3e-10,5e-11,0.0676,33100000000.0,1610000000.0,10.87,-83.09
2.9e-05,2.1e-05,5e-13,3e-10,1.5e-10,0.0676,33100000000.0,1620000000.0,10.86,-82.79
2.9e-05,2.1e-05,5e-13,3e-10,2e-10,0.0676,33100000000.0,1620000000.0,10.86,-83.08
2.9e-05,2.1e-05,5e-13,3e-10,2.5e-10,0.0676,33100000000.0,1610000000.0,10.87,-83.55
2.9e-05,2.1e-05,5e-13,3.5e-10,1e-10,0.0676,31100000000.0,1470000000.0,11.29,-75.68
2.9e-05,2.1e-05,5e-13,3.5e-10,5e-11,0.0676,31100000000.0,1480000000.0,11.29,-81.61
2.9e-05,2.1e-05,5e-13,3.5e-10,1.5e-10,0.0676,31100000000.0,1470000000.0,11.29,-82.04
2.9e-05,2.1e-05,5e-13,3.5e-10,2e-10,0.0676,31100000000.0,1470000000.0,11.29,-81.69
2.9e-05,2.1e-05,5e-13,3.5e-10,2.5e-10,0.0676,31100000000.0,1470000000.0,11.29,-81.7
2.9e-05,2.1e-05,5e-13,4.5e-10,1e-10,0.0676,28400000000.0,1300000000.0,11.83,-79.99
2.9e-05,2.1e-05,5e-13,4.5e-10,5e-11,0.0676,28400000000.0,1290000000.0,11.83,-80.1
2.9e-05,2.1e-05,5e-13,4.5e-10,1.5e-10,0.0676,28400000000.0,1300000000.0,11.83,-80.06
2.9e-05,2.1e-05,5e-13,4.5e-10,2e-10,0.0676,28400000000.0,1290000000.0,11.83,-80.25
2.9e-05,2.1e-05,5e-13,4.5e-10,2.5e-10,0.0676,28400000000.0,1290000000.0,11.83,-81.11
2.9e-05,2.1e-05,5e-13,5e-10,1e-10,0.0676,27400000000.0,1250000000.0,11.98,-76.14
2.9e-05,2.1e-05,5e-13,5e-10,5e-11,0.0676,27400000000.0,1250000000.0,11.98,-79.31
2.9e-05,2.1e-05,5e-13,5e-10,1.5e-10,0.0676,27400000000.0,1240000000.0,11.98,-79.47
2.9e-05,2.1e-05,5e-13,5e-10,2.5e-10,0.0676,27400000000.0,1250000000.0,11.98,-79.23
2.9e-05,2.1e-05,3e-13,4e-10,1e-10,0.0676,29600000000.0,1370000000.0,11.6,-80.82
2.9e-05,2.1e-05,3e-13,4e-10,5e-11,0.0676,29600000000.0,1370000000.0,11.6,-81.1
2.9e-05,2.1e-05,3e-13,4e-10,1.5e-10,0.0676,29600000000.0,1370000000.0,11.6,-80.72
2.9e-05,2.1e-05,3e-13,4e-10,2e-10,0.0676,29600000000.0,1360000000.0,11.6,-80.57
2.9e-05,2.1e-05,3e-13,4e-10,2.5e-10,0.0676,29600000000.0,1370000000.0,11.6,-80.6
2.9e-05,2.1e-05,3e-13,3e-10,1e-10,0.0676,33100000000.0,1620000000.0,10.86,-83.14
2.9e-05,2.1e-05,3e-13,3e-10,5e-11,0.0676,33100000000.0,1620000000.0,10.86,-82.87
2.9e-05,2.1e-05,3e-13,3e-10,1.5e-10,0.0676,33100000000.0,1620000000.0,10.86,-83.03
2.9e-05,2.1e-05,3e-13,3e-10,2e-10,0.0676,33100000000.0,1620000000.0,10.87,-83.1
2.9e-05,2.1e-05,3e-13,3e-10,2.5e-10,0.0676,33100000000.0,1610000000.0,10.87,-82.99
2.9e-05,2.1e-05,3e-13,3.5e-10,1e-10,0.0676,31200000000.0,1470000000.0,11.29,-81.77
2.9e-05,2.1e-05,3e-13,3.5e-10,5e-11,0.0676,31200000000.0,1480000000.0,11.29,-81.49
2.9e-05,2.1e-05,3e-13,3.5e-10,1.5e-10,0.0676,31200000000.0,1480000000.0,11.29,-81.69
2.9e-05,2.1e-05,3e-13,3.5e-10,2e-10,0.0676,31200000000.0,1470000000.0,11.29,-80.96
2.9e-05,2.1e-05,3e-13,3.5e-10,2.5e-10,0.0676,31200000000.0,1480000000.0,11.29,-81.56
2.9e-05,2.1e-05,3e-13,4.5e-10,1e-10,0.0676,28400000000.0,1300000000.0,11.83,-79.92
2.9e-05,2.1e-05,3e-13,4.5e-10,5e-11,0.0676,28400000000.0,1290000000.0,11.83,-80.22
2.9e-05,2.1e-05,3e-13,4.5e-10,1.5e-10,0.0676,28400000000.0,1300000000.0,11.83,-79.95
2.9e-05,2.1e-05,3e-13,4.5e-10,2e-10,0.0676,28400000000.0,1300000000.0,11.83,-79.82
2.9e-05,2.1e-05,3e-13,5e-10,1e-10,0.0676,27400000000.0,1250000000.0,11.98,-79.24
2.9e-05,2.1e-05,3e-13,5e-10,5e-11,0.0676,27400000000.0,1250000000.0,11.98,-79.45
2.9e-05,2.1e-05,3e-13,5e-10,1.5e-10,0.0676,27400000000.0,1240000000.0,11.98,-79.51
2.9e-05,2.1e-05,3e-13,5e-10,2e-10,0.0676,27400000000.0,1240000000.0,11.98,-79.5
2.9e-05,2.1e-05,3e-13,5e-10,2.5e-10,0.0676,27400000000.0,1240000000.0,11.98,-78.85
2.9e-05,2.1e-05,4e-13,4e-10,1e-10,0.0676,29600000000.0,1360000000.0,11.61,-80.61
2.9e-05,2.1e-05,4e-13,4e-10,5e-11,0.0676,29600000000.0,1370000000.0,11.61,-80.53
2.9e-05,2.1e-05,4e-13,4e-10,1.5e-10,0.0676,29600000000.0,1360000000.0,11.6,-80.47
2.9e-05,2.1e-05,4e-13,4e-10,2e-10,0.0676,29600000000.0,1360000000.0,11.6,-80.75
2.9e-05,2.1e-05,4e-13,4e-10,2.5e-10,0.0676,29600000000.0,1360000000.0,11.6,-80.87
2.9e-05,2.1e-05,4e-13,3e-10,1e-10,0.0676,33100000000.0,1610000000.0,10.86,-82.57
2.9e-05,2.1e-05,4e-13,3e-10,5e-11,0.0676,33100000000.0,1620000000.0,10.87,-83.13
2.9e-05,2.1e-05,4e-13,3e-10,1.5e-10,0.0676,33100000000.0,1610000000.0,10.87,-83.04
2.9e-05,2.1e-05,4e-13,3e-10,2e-10,0.0676,33100000000.0,1610000000.0,10.87,-83.08
2.9e-05,2.1e-05,4e-13,3e-10,2.5e-10,0.0676,33100000000.0,1620000000.0,10.87,-83.12
2.9e-05,2.1e-05,4e-13,3.5e-10,1e-10,0.0676,31200000000.0,1470000000.0,11.29,-81.65
2.9e-05,2.1e-05,4e-13,3.5e-10,1.5e-10,0.0676,31200000000.0,1460000000.0,11.29,-81.53
2.9e-05,2.1e-05,4e-13,3.5e-10,2e-10,0.0676,31200000000.0,1470000000.0,11.29,-81.67
2.9e-05,2.1e-05,4e-13,3.5e-10,2.5e-10,0.0676,31200000000.0,1470000000.0,11.29,-81.62
2.9e-05,2.1e-05,4e-13,4.5e-10,5e-11,0.0676,28400000000.0,1290000000.0,11.83,-80.13
2.9e-05,2.1e-05,4e-13,4.5e-10,2e-10,0.0676,28400000000.0,1300000000.0,11.83,-79.8
2.9e-05,2.1e-05,4e-13,4.5e-10,2.5e-10,0.0676,28400000000.0,1290000000.0,11.83,-79.83
2.9e-05,2.1e-05,4e-13,5e-10,1e-10,0.0676,27400000000.0,1250000000.0,11.98,-79.18
2.9e-05,2.1e-05,4e-13,5e-10,5e-11,0.0676,27400000000.0,1240000000.0,11.99,-79.71
2.9e-05,2.1e-05,4e-13,5e-10,2.5e-10,0.0676,27400000000.0,1240000000.0,11.99,-79.49
2.9e-05,2.1e-05,6e-13,4e-10,1e-10,0.0676,29600000000.0,1370000000.0,11.6,-80.8
2.9e-05,2.1e-05,6e-13,4e-10,5e-11,0.0676,29600000000.0,1370000000.0,11.61,-80.56
2.9e-05,2.1e-05,6e-13,4e-10,1.5e-10,0.0676,29600000000.0,1360000000.0,11.6,-80.64
2.9e-05,2.1e-05,6e-13,4e-10,2.5e-10,0.0676,29600000000.0,1360000000.0,11.61,-78.9
2.9e-05,2.1e-05,6e-13,3e-10,1e-10,0.0676,33100000000.0,1620000000.0,10.86,-82.95
2.9e-05,2.1e-05,6e-13,3e-10,5e-11,0.0676,33100000000.0,1610000000.0,10.86,-82.98
2.9e-05,2.1e-05,6e-13,3e-10,1.5e-10,0.0676,33100000000.0,1610000000.0,10.87,-83.4
2.9e-05,2.1e-05,6e-13,3e-10,2e-10,0.0676,33100000000.0,1620000000.0,10.86,-82.82
2.9e-05,2.1e-05,6e-13,3e-10,2.5e-10,0.0676,33100000000.0,1620000000.0,10.86,-83.06
2.9e-05,2.1e-05,6e-13,3.5e-10,1e-10,0.0676,31100000000.0,1480000000.0,11.28,-81.67
2.9e-05,2.1e-05,6e-13,3.5e-10,5e-11,0.0676,31100000000.0,1460000000.0,11.29,-81.84
2.9e-05,2.1e-05,6e-13,3.5e-10,1.5e-10,0.0676,31100000000.0,1460000000.0,11.29,-81.58
2.9e-05,2.1e-05,6e-13,3.5e-10,2e-10,0.0676,31100000000.0,1470000000.0,11.29,-81.68
2.9e-05,2.1e-05,6e-13,4.5e-10,5e-11,0.0676,28400000000.0,1300000000.0,11.83,-79.98
2.9e-05,2.1e-05,6e-13,4.5e-10,1.5e-10,0.0676,28400000000.0,1290000000.0,11.83,-80.14
2.9e-05,2.1e-05,6e-13,4.5e-10,2e-10,0.0676,28400000000.0,1300000000.0,11.83,-80.08
2.9e-05,2.1e-05,6e-13,5e-10,1e-10,0.0676,27400000000.0,1240000000.0,11.99,-79.19
2.9e-05,2.1e-05,6e-13,5e-10,5e-11,0.0676,27400000000.0,1250000000.0,11.98,-79.28
2.9e-05,2.1e-05,6e-13,5e-10,2.5e-10,0.0676,27400000000.0,1230000000.0,11.98,-79.34
2.9e-05,2.1e-05,7e-13,4e-10,1e-10,0.0676,29600000000.0,1370000000.0,11.61,-80.51
2.9e-05,2.1e-05,7e-13,4e-10,5e-11,0.0676,29600000000.0,1370000000.0,11.61,-80.71
2.9e-05,2.1e-05,7e-13,4e-10,1.5e-10,0.0676,29600000000.0,1370000000.0,11.6,-80.76
2.9e-05,2.1e-05,7e-13,4e-10,2e-10,0.0676,29600000000.0,1360000000.0,11.6,-80.88
2.9e-05,2.1e-05,7e-13,4e-10,2.5e-10,0.0676,29600000000.0,1360000000.0,11.6,-80.8
2.9e-05,2.1e-05,7e-13,3e-10,5e-11,0.0676,33100000000.0,1610000000.0,10.87,-83.01
2.9e-05,2.1e-05,7e-13,3e-10,1.5e-10,0.0676,33100000000.0,1610000000.0,10.86,-83.16
2.9e-05,2.1e-05,7e-13,3e-10,2e-10,0.0676,33100000000.0,1620000000.0,10.86,-83.17
2.9e-05,2.1e-05,7e-13,3e-10,2.5e-10,0.0676,33100000000.0,1620000000.0,10.86,-82.91
2.9e-05,2.1e-05,7e-13,3.5e-10,1e-10,0.0676,31100000000.0,1480000000.0,11.29,-81.34
2.9e-05,2.1e-05,7e-13,3.5e-10,5e-11,0.0676,31100000000.0,1460000000.0,11.29,-81.69
2.9e-05,2.1e-05,7e-13,3.5e-10,1.5e-10,0.0676,31100000000.0,1480000000.0,11.29,-81.57
2.9e-05,2.1e-05,7e-13,3.5e-10,2e-10,0.0676,31100000000.0,1470000000.0,11.29,-81.37
2.9e-05,2.1e-05,7e-13,3.5e-10,2.5e-10,0.0676,31100000000.0,1470000000.0,11.29,-81.6
2.9e-05,2.1e-05,7e-13,4.5e-10,1e-10,0.0676,28400000000.0,1290000000.0,11.83,-80.07
2.9e-05,2.1e-05,7e-13,4.5e-10,5e-11,0.0676,28400000000.0,1300000000.0,11.83,-80.03
2.9e-05,2.1e-05,7e-13,4.5e-10,1.5e-10,0.0676,28400000000.0,1300000000.0,11.83,-80.12
2.9e-05,2.1e-05,7e-13,4.5e-10,2e-10,0.0676,28400000000.0,1300000000.0,11.83,-79.86
2.9e-05,2.1e-05,7e-13,5e-10,1.5e-10,0.0676,27400000000.0,1240000000.0,11.99,-79.42
2.9e-05,2.1e-05,7e-13,5e-10,2e-10,0.0676,27400000000.0,1240000000.0,11.98,-79.48
2.9e-05,2.1e-05,7e-13,5e-10,2.5e-10,0.0676,27400000000.0,1240000000.0,11.98,-79.53
2.9e-05,2.2e-05,5e-13,4e-10,1e-10,0.0676,29600000000.0,1330000000.0,11.56,-80.63
2.9e-05,2.2e-05,5e-13,4e-10,5e-11,0.0676,29600000000.0,1330000000.0,11.56,-80.61
2.9e-05,2.2e-05,5e-13,4e-10,1.5e-10,0.0676,29600000000.0,1320000000.0,11.56,-80.54
2.9e-05,2.2e-05,5e-13,4e-10,2e-10,0.0676,29600000000.0,1330000000.0,11.56,-80.6
2.9e-05,2.2e-05,5e-13,3e-10,1e-10,0.0676,33100000000.0,1550000000.0,10.82,-82.48
2.9e-05,2.2e-05,5e-13,3e-10,5e-11,0.0676,33100000000.0,1560000000.0,10.81,-82.74
2.9e-05,2.2e-05,5e-13,3e-10,1.5e-10,0.0676,33100000000.0,1560000000.0,10.81,-83.4
2.9e-05,2.2e-05,5e-13,3e-10,2e-10,0.0676,33100000000.0,1550000000.0,10.82,-82.81
2.9e-05,2.2e-05,5e-13,3e-10,2.5e-10,0.0676,33100000000.0,1560000000.0,10.81,-82.73
2.9e-05,2.2e-05,5e-13,3.5e-10,1e-10,0.0676,31100000000.0,1420000000.0,11.24,-81.72
2.9e-05,2.2e-05,5e-13,3.5e-10,5e-11,0.0676,31100000000.0,1420000000.0,11.24,-81.53
2.9e-05,2.2e-05,5e-13,3.5e-10,1.5e-10,0.0676,31100000000.0,1420000000.0,11.24,-81.45
2.9e-05,2.2e-05,5e-13,3.5e-10,2e-10,0.0676,31100000000.0,1430000000.0,11.24,-82.5
2.9e-05,2.2e-05,5e-13,3.5e-10,2.5e-10,0.0676,31100000000.0,1410000000.0,11.24,-81.56
2.9e-05,2.2e-05,5e-13,4.5e-10,1e-10,0.0676,28300000000.0,1250000000.0,11.79,-80.58
2.9e-05,2.2e-05,5e-13,4.5e-10,5e-11,0.0676,28300000000.0,1260000000.0,11.79,-79.77
2.9e-05,2.2e-05,5e-13,4.5e-10,1.5e-10,0.0676,28300000000.0,1260000000.0,11.79,-79.83
2.9e-05,2.2e-05,5e-13,4.5e-10,2e-10,0.0676,28300000000.0,1250000000.0,11.79,-79.91
2.9e-05,2.2e-05,5e-13,4.5e-10,2.5e-10,0.0676,28300000000.0,1250000000.0,11.79,-79.83
2.9e-05,2.2e-05,5e-13,5e-10,1e-10,0.0676,27300000000.0,1210000000.0,11.95,-79.11
2.9e-05,2.2e-05,5e-13,5e-10,5e-11,0.0676,27300000000.0,1210000000.0,11.94,-79.18
2.9e-05,2.2e-05,5e-13,5e-10,1.5e-10,0.0676,27300000000.0,1200000000.0,11.95,-79.36
2.9e-05,2.2e-05,5e-13,5e-10,2e-10,0.0676,27300000000.0,1210000000.0,11.95,-79.37
2.9e-05,2.2e-05,3e-13,4e-10,1e-10,0.0676,29600000000.0,1320000000.0,11.56,-80.79
2.9e-05,2.2e-05,3e-13,4e-10,5e-11,0.0676,29600000000.0,1320000000.0,11.56,-80.62
2.9e-05,2.2e-05,3e-13,4e-10,1.5e-10,0.0676,29600000000.0,1320000000.0,11.56,-80.6
2.9e-05,2.2e-05,3e-13,4e-10,2e-10,0.0676,29600000000.0,1320000000.0,11.56,-80.68
2.9e-05,2.2e-05,3e-13,4e-10,2.5e-10,0.0676,29600000000.0,1320000000.0,11.56,-80.44
2.9e-05,2.2e-05,3e-13,3e-10,1e-10,0.0676,33100000000.0,1560000000.0,10.81,-82.82
2.9e-05,2.2e-05,3e-13,3e-10,5e-11,0.0676,33100000000.0,1550000000.0,10.82,-83.02
2.9e-05,2.2e-05,3e-13,3e-10,1.5e-10,0.0676,33100000000.0,1550000000.0,10.82,-83.49
2.9e-05,2.2e-05,3e-13,3e-10,2e-10,0.0676,33100000000.0,1550000000.0,10.82,-82.85
2.9e-05,2.2e-05,3e-13,3e-10,2.5e-10,0.0676,33100000000.0,1550000000.0,10.82,-82.91
2.9e-05,2.2e-05,3e-13,3.5e-10,1e-10,0.0676,31100000000.0,1430000000.0,11.24,-82.06
2.9e-05,2.2e-05,3e-13,3.5e-10,5e-11,0.0676,31100000000.0,1410000000.0,11.24,-81.73
2.9e-05,2.2e-05,3e-13,3.5e-10,1.5e-10,0.0676,31100000000.0,1420000000.0,11.24,-81.21
2.9e-05,2.2e-05,3e-13,3.5e-10,2e-10,0.0676,31100000000.0,1430000000.0,11.24,-82.48
2.9e-05,2.2e-05,3e-13,3.5e-10,2.5e-10,0.0676,31100000000.0,1420000000.0,11.24,-81.51
2.9e-05,2.2e-05,3e-13,4.5e-10,1e-10,0.0676,28300000000.0,1260000000.0,11.79,-79.92
2.9e-05,2.2e-05,3e-13,4.5e-10,5e-11,0.0676,28300000000.0,1250000000.0,11.79,-80.03
2.9e-05,2.2e-05,3e-13,4.5e-10,1.5e-10,0.0676,28300000000.0,1270000000.0,11.79,-79.84
2.9e-05,2.2e-05,3e-13,4.5e-10,2e-10,0.0676,28300000000.0,1260000000.0,11.79,-80.94
2.9e-05,2.2e-05,3e-13,4.5e-10,2.5e-10,0.0676,28300000000.0,1260000000.0,11.79,-79.93
2.9e-05,2.2e-05,3e-13,5e-10,1e-10,0.0676,27300000000.0,1210000000.0,11.95,-79.1
2.9e-05,2.2e-05,3e-13,5e-10,5e-11,0.0676,27300000000.0,1210000000.0,11.94,-79.14
2.9e-05,2.2e-05,3e-13,5e-10,1.5e-10,0.0676,27300000000.0,1220000000.0,11.94,-79.33
2.9e-05,2.2e-05,3e-13,5e-10,2e-10,0.0676,27300000000.0,1210000000.0,11.94,-79.09
2.9e-05,2.2e-05,3e-13,5e-10,2.5e-10,0.0676,27300000000.0,1210000000.0,11.95,-79.36
2.9e-05,2.2e-05,4e-13,4e-10,1e-10,0.0676,29600000000.0,1330000000.0,11.56,-80.47
2.9e-05,2.2e-05,4e-13,4e-10,5e-11,0.0676,29600000000.0,1330000000.0,11.56,-81.31
2.9e-05,2.2e-05,4e-13,4e-10,1.5e-10,0.0676,29600000000.0,1330000000.0,11.56,-80.51
2.9e-05,2.2e-05,4e-13,4e-10,2e-10,0.0676,29600000000.0,1320000000.0,11.56,-78.11
2.9e-05,2.2e-05,4e-13,3e-10,1e-10,0.0676,33100000000.0,1550000000.0,10.81,-82.81
2.9e-05,2.2e-05,4e-13,3e-10,5e-11,0.0676,33100000000.0,1570000000.0,10.81,-82.86
2.9e-05,2.2e-05,4e-13,3e-10,1.5e-10,0.0676,33100000000.0,1550000000.0,10.82,-82.95
2.9e-05,2.2e-05,4e-13,3e-10,2e-10,0.0676,33100000000.0,1550000000.0,10.82,-83.04
2.9e-05,2.2e-05,4e-13,3e-10,2.5e-10,0.0676,33100000000.0,1550000000.0,10.81,-82.69
2.9e-05,2.2e-05,4e-13,3.5e-10,1e-10,0.0676,31100000000.0,1420000000.0,11.24,-81.49
2.9e-05,2.2e-05,4e-13,3.5e-10,5e-11,0.0676,31100000000.0,1430000000.0,11.24,-81.19
2.9e-05,2.2e-05,4e-13,3.5e-10,1.5e-10,0.0676,31100000000.0,1420000000.0,11.24,-81.07
2.9e-05,2.2e-05,4e-13,3.5e-10,2e-10,0.0676,31100000000.0,1420000000.0,11.24,-86.25
2.9e-05,2.2e-05,4e-13,3.5e-10,2.5e-10,0.0676,31100000000.0,1430000000.0,11.24,-81.46
2.9e-05,2.2e-05,4e-13,4.5e-10,1e-10,0.0676,28300000000.0,1260000000.0,11.79,-79.78
2.9e-05,2.2e-05,4e-13,4.5e-10,5e-11,0.0676,28300000000.0,1260000000.0,11.79,-79.88
2.9e-05,2.2e-05,4e-13,4.5e-10,1.5e-10,0.0676,28300000000.0,1260000000.0,11.79,-79.73
2.9e-05,2.2e-05,4e-13,4.5e-10,2e-10,0.0676,28300000000.0,1260000000.0,11.79,-79.91
2.9e-05,2.2e-05,4e-13,5e-10,1e-10,0.0676,27300000000.0,1210000000.0,11.94,-79.1
2.9e-05,2.2e-05,4e-13,5e-10,1.5e-10,0.0676,27300000000.0,1200000000.0,11.95,-79.56
2.9e-05,2.2e-05,6e-13,4e-10,1e-10,0.0676,29600000000.0,1320000000.0,11.56,-80.56
2.9e-05,2.2e-05,6e-13,4e-10,5e-11,0.0676,29600000000.0,1330000000.0,11.56,-81.32
2.9e-05,2.2e-05,6e-13,4e-10,2e-10,0.0676,29600000000.0,1330000000.0,11.56,-80.66
2.9e-05,2.2e-05,6e-13,4e-10,2.5e-10,0.0676,29600000000.0,1330000000.0,11.56,-80.71
2.9e-05,2.2e-05,6e-13,3e-10,1e-10,0.0676,33100000000.0,1550000000.0,10.81,-82.89
2.9e-05,2.2e-05,6e-13,3e-10,5e-11,0.0676,33100000000.0,1560000000.0,10.81,-82.35
2.9e-05,2.2e-05,6e-13,3e-10,1.5e-10,0.0676,33100000000.0,1560000000.0,10.81,-82.6
2.9e-05,2.2e-05,6e-13,3e-10,2e-10,0.0676,33100000000.0,1560000000.0,10.81,-82.83
2.9e-05,2.2e-05,6e-13,3e-10,2.5e-10,0.0676,33100000000.0,1560000000.0,10.81,-81.88
2.9e-05,2.2e-05,6e-13,3.5e-10,1e-10,0.0676,31100000000.0,1430000000.0,11.24,-81.61
2.9e-05,2.2e-05,6e-13,3.5e-10,5e-11,0.0676,31100000000.0,1420000000.0,11.24,-81.48
2.9e-05,2.2e-05,6e-13,3.5e-10,2e-10,0.0676,31100000000.0,1420000000.0,11.24,-81.47
2.9e-05,2.2e-05,6e-13,3.5e-10,2.5e-10,0.0676,31100000000.0,1420000000.0,11.24,-81.4
2.9e-05,2.2e-05,6e-13,4.5e-10,1e-10,0.0676,28300000000.0,1250000000.0,11.79,-80.11
2.9e-05,2.2e-05,6e-13,4.5e-10,1.5e-10,0.0676,28300000000.0,1260000000.0,11.79,-80.04
2.9e-05,2.2e-05,6e-13,4.5e-10,2e-10,0.0676,28300000000.0,1260000000.0,11.79,-79.75
2.9e-05,2.2e-05,6e-13,4.5e-10,2.5e-10,0.0676,28300000000.0,1250000000.0,11.79,-79.8
2.9e-05,2.2e-05,6e-13,5e-10,1.5e-10,0.0676,27300000000.0,1210000000.0,11.94,-78.77
2.9e-05,2.2e-05,6e-13,5e-10,2.5e-10,0.0676,27300000000.0,1210000000.0,11.95,-79.05
2.9e-05,2.2e-05,7e-13,4e-10,1e-10,0.0676,29600000000.0,1320000000.0,11.56,-80.65
2.9e-05,2.2e-05,7e-13,4e-10,1.5e-10,0.0676,29600000000.0,1330000000.0,11.56,-80.48
2.9e-05,2.2e-05,7e-13,4e-10,2e-10,0.0676,29600000000.0,1330000000.0,11.56,-80.64
2.9e-05,2.2e-05,7e-13,4e-10,2.5e-10,0.0676,29600000000.0,1330000000.0,11.56,-80.53
2.9e-05,2.2e-05,7e-13,3e-10,1e-10,0.0676,33100000000.0,1560000000.0,10.81,-83.33
2.9e-05,2.2e-05,7e-13,3e-10,5e-11,0.0676,33100000000.0,1560000000.0,10.81,-82.67
2.9e-05,2.2e-05,7e-13,3e-10,1.5e-10,0.0676,33100000000.0,1550000000.0,10.81,-82.95
2.9e-05,2.2e-05,7e-13,3e-10,2e-10,0.0676,33100000000.0,1560000000.0,10.81,-82.59
2.9e-05,2.2e-05,7e-13,3.5e-10,1e-10,0.0676,31100000000.0,1430000000.0,11.24,-81.42
2.9e-05,2.2e-05,7e-13,3.5e-10,1.5e-10,0.0676,31100000000.0,1420000000.0,11.24,-81.32
2.9e-05,2.2e-05,7e-13,3.5e-10,2e-10,0.0676,31100000000.0,1420000000.0,11.24,-81.37
2.9e-05,2.2e-05,7e-13,3.5e-10,2.5e-10,0.0676,31100000000.0,1420000000.0,11.24,-81.56
2.9e-05,2.2e-05,7e-13,4.5e-10,5e-11,0.0676,28300000000.0,1260000000.0,11.79,-79.8
2.9e-05,2.2e-05,7e-13,4.5e-10,1.5e-10,0.0676,28300000000.0,1250000000.0,11.79,-79.98
2.9e-05,2.2e-05,7e-13,4.5e-10,2e-10,0.0676,28300000000.0,1250000000.0,11.79,-79.96
2.9e-05,2.2e-05,7e-13,4.5e-10,2.5e-10,0.0676,28300000000.0,1260000000.0,11.79,-80.63
2.9e-05,2.2e-05,7e-13,5e-10,1e-10,0.0676,27300000000.0,1200000000.0,11.95,-79.34
2.9e-05,2.2e-05,7e-13,5e-10,1.5e-10,0.0676,27300000000.0,1210000000.0,11.95,-79.38
2.9e-05,2.3e-05,5e-13,4e-10,1e-10,0.0676,29500000000.0,1280000000.0,11.52,-80.45
2.9e-05,2.3e-05,5e-13,4e-10,5e-11,0.0676,29500000000.0,1280000000.0,11.52,-80.55
2.9e-05,2.3e-05,5e-13,4e-10,1.5e-10,0.0676,29500000000.0,1280000000.0,11.51,-80.49
2.9e-05,2.3e-05,5e-13,4e-10,2e-10,0.0676,29500000000.0,1280000000.0,11.51,-79.82
2.9e-05,2.3e-05,5e-13,4e-10,2.5e-10,0.0676,29500000000.0,1280000000.0,11.52,-80.34
2.9e-05,2.3e-05,5e-13,3e-10,1e-10,0.0676,33000000000.0,1490000000.0,10.76,-83.08
2.9e-05,2.3e-05,5e-13,3e-10,5e-11,0.0676,33000000000.0,1490000000.0,10.76,-82.41
2.9e-05,2.3e-05,5e-13,3e-10,2e-10,0.0676,33000000000.0,1490000000.0,10.76,-82.53
2.9e-05,2.3e-05,5e-13,3e-10,2.5e-10,0.0676,33000000000.0,1490000000.0,10.76,-82.52
2.9e-05,2.3e-05,5e-13,3.5e-10,1e-10,0.0676,31000000000.0,1370000000.0,11.19,-81.1
2.9e-05,2.3e-05,5e-13,3.5e-10,5e-11,0.0676,31000000000.0,1370000000.0,11.19,-81.31
2.9e-05,2.3e-05,5e-13,3.5e-10,1.5e-10,0.0676,31000000000.0,1360000000.0,11.19,-81.49
2.9e-05,2.3e-05,5e-13,3.5e-10,2e-10,0.0676,31000000000.0,1370000000.0,11.19,-80.92
2.9e-05,2.3e-05,5e-13,3.5e-10,2.5e-10,0.0676,31000000000.0,1370000000.0,11.19,-81.47
2.9e-05,2.3e-05,5e-13,4.5e-10,1e-10,0.0676,28300000000.0,1220000000.0,11.74,-79.68
2.9e-05,2.3e-05,5e-13,4.5e-10,5e-11,0.0676,28300000000.0,1200000000.0,11.75,-79.73
2.9e-05,2.3e-05,5e-13,4.5e-10,1.5e-10,0.0676,28300000000.0,1210000000.0,11.75,-79.67
2.9e-05,2.3e-05,5e-13,4.5e-10,2.5e-10,0.0676,28300000000.0,1210000000.0,11.74,-79.65
2.9e-05,2.3e-05,5e-13,5e-10,1e-10,0.0676,27300000000.0,1160000000.0,11.91,-79.0
2.9e-05,2.3e-05,5e-13,5e-10,5e-11,0.0676,27300000000.0,1170000000.0,11.9,-79.15
2.9e-05,2.3e-05,5e-13,5e-10,1.5e-10,0.0676,27300000000.0,1160000000.0,11.9,-78.92
2.9e-05,2.3e-05,5e-13,5e-10,2e-10,0.0676,27300000000.0,1160000000.0,11.91,-78.94
2.9e-05,2.3e-05,5e-13,5e-10,2.5e-10,0.0676,27300000000.0,1160000000.0,11.91,-79.27
2.9e-05,2.3e-05,3e-13,4e-10,1e-10,0.0676,29500000000.0,1270000000.0,11.51,-80.49
2.9e-05,2.3e-05,3e-13,4e-10,5e-11,0.0676,29500000000.0,1270000000.0,11.51,-80.63
2.9e-05,2.3e-05,3e-13,4e-10,1.5e-10,0.0676,29500000000.0,1270000000.0,11.51,-80.32
2.9e-05,2.3e-05,3e-13,4e-10,2e-10,0.0676,29500000000.0,1280000000.0,11.51,-80.45
2.9e-05,2.3e-05,3e-13,4e-10,2.5e-10,0.0676,29500000000.0,1270000000.0,11.51,-80.73
2.9e-05,2.3e-05,3e-13,3e-10,1e-10,0.0676,33000000000.0,1480000000.0,10.76,-82.51
2.9e-05,2.3e-05,3e-13,3e-10,5e-11,0.0676,33000000000.0,1490000000.0,10.76,-82.66
2.9e-05,2.3e-05,3e-13,3e-10,1.5e-10,0.0676,33000000000.0,1480000000.0,10.76,-82.56
2.9e-05,2.3e-05,3e-13,3e-10,2e-10,0.0676,33000000000.0,1480000000.0,10.76,-82.34
2.9e-05,2.3e-05,3e-13,3.5e-10,5e-11,0.0676,31000000000.0,1360000000.0,11.19,-81.22
2.9e-05,2.3e-05,3e-13,3.5e-10,1.5e-10,0.0676,31000000000.0,1360000000.0,11.19,-81.71
2.9e-05,2.3e-05,3e-13,3.5e-10,2.5e-10,0.0676,31000000000.0,1370000000.0,11.19,-80.84
2.9e-05,2.3e-05,3e-13,4.5e-10,1e-10,0.0676,28300000000.0,1210000000.0,11.75,-80.14
2.9e-05,2.3e-05,3e-13,4.5e-10,5e-11,0.0676,28300000000.0,1210000000.0,11.75,-79.41
2.9e-05,2.3e-05,3e-13,4.5e-10,1.5e-10,0.0676,28300000000.0,1210000000.0,11.75,-80.19
2.9e-05,2.3e-05,3e-13,4.5e-10,2e-10,0.0676,28300000000.0,1200000000.0,11.75,-79.77
2.9e-05,2.3e-05,3e-13,4.5e-10,2.5e-10,0.0676,28300000000.0,1200000000.0,11.75,-79.69
2.9e-05,2.3e-05,3e-13,5e-10,1e-10,0.0676,27300000000.0,1160000000.0,11.91,-79.3
2.9e-05,2.3e-05,3e-13,5e-10,5e-11,0.0676,27300000000.0,1170000000.0,11.91,-79.23
2.9e-05,2.3e-05,3e-13,5e-10,1.5e-10,0.0676,27300000000.0,1170000000.0,11.9,-79.19
2.9e-05,2.3e-05,3e-13,5e-10,2e-10,0.0676,27300000000.0,1170000000.0,11.91,-79.03
2.9e-05,2.3e-05,3e-13,5e-10,2.5e-10,0.0676,27300000000.0,1160000000.0,11.91,-79.26
2.9e-05,2.3e-05,4e-13,4e-10,1e-10,0.0676,29500000000.0,1270000000.0,11.51,-80.39
2.9e-05,2.3e-05,4e-13,4e-10,5e-11,0.0676,29500000000.0,1280000000.0,11.52,-80.39
2.9e-05,2.3e-05,4e-13,4e-10,1.5e-10,0.0676,29500000000.0,1280000000.0,11.52,-80.38
2.9e-05,2.3e-05,4e-13,4e-10,2e-10,0.0676,29500000000.0,1270000000.0,11.52,-80.36
2.9e-05,2.3e-05,4e-13,4e-10,2.5e-10,0.0676,29500000000.0,1280000000.0,11.51,-80.46
2.9e-05,2.3e-05,4e-13,3e-10,1e-10,0.0676,33000000000.0,1480000000.0,10.76,-82.57
2.9e-05,2.3e-05,4e-13,3e-10,1.5e-10,0.0676,33000000000.0,1490000000.0,10.76,-82.4
2.9e-05,2.3e-05,4e-13,3e-10,2e-10,0.0676,33000000000.0,1490000000.0,10.76,-82.48
2.9e-05,2.3e-05,4e-13,3e-10,2.5e-10,0.0676,33000000000.0,1490000000.0,10.76,-82.61
2.9e-05,2.3e-05,4e-13,3.5e-10,1e-10,0.0676,31000000000.0,1370000000.0,11.19,-81.62
2.9e-05,2.3e-05,4e-13,3.5e-10,5e-11,0.0676,31000000000.0,1360000000.0,11.19,-81.34
2.9e-05,2.3e-05,4e-13,3.5e-10,1.5e-10,0.0676,31000000000.0,1370000000.0,11.19,-81.97
2.9e-05,2.3e-05,4e-13,3.5e-10,2e-10,0.0676,31000000000.0,1360000000.0,11.19,-81.08
2.9e-05,2.3e-05,4e-13,3.5e-10,2.5e-10,0.0676,31000000000.0,1360000000.0,11.19,-81.35
2.9e-05,2.3e-05,4e-13,4.5e-10,1e-10,0.0676,28300000000.0,1220000000.0,11.74,-79.73
2.9e-05,2.3e-05,4e-13,4.5e-10,5e-11,0.0676,28300000000.0,1220000000.0,11.74,-79.77
2.9e-05,2.3e-05,4e-13,4.5e-10,1.5e-10,0.0676,28300000000.0,1210000000.0,11.74,-79.55
2.9e-05,2.3e-05,4e-13,4.5e-10,2e-10,0.0676,28300000000.0,1210000000.0,11.74,-79.83
2.9e-05,2.3e-05,4e-13,4.5e-10,2.5e-10,0.0676,28300000000.0,1210000000.0,11.74,-79.97
2.9e-05,2.3e-05,4e-13,5e-10,1e-10,0.0676,27300000000.0,1160000000.0,11.9,-79.09
2.9e-05,2.3e-05,4e-13,5e-10,5e-11,0.0676,27300000000.0,1170000000.0,11.91,-78.79
2.9e-05,2.3e-05,4e-13,5e-10,1.5e-10,0.0676,27300000000.0,1160000000.0,11.91,-79.7
2.9e-05,2.3e-05,4e-13,5e-10,2e-10,0.0676,27300000000.0,1170000000.0,11.9,-79.11
2.9e-05,2.3e-05,6e-13,4e-10,1e-10,0.0676,29500000000.0,1270000000.0,11.52,-80.38
2.9e-05,2.3e-05,6e-13,4e-10,5e-11,0.0676,29500000000.0,1280000000.0,11.52,-80.46
2.9e-05,2.3e-05,6e-13,4e-10,1.5e-10,0.0676,29500000000.0,1270000000.0,11.51,-80.48
2.9e-05,2.3e-05,6e-13,4e-10,2e-10,0.0676,29500000000.0,1280000000.0,11.51,-80.39
2.9e-05,2.3e-05,6e-13,3e-10,1e-10,0.0676,33000000000.0,1490000000.0,10.76,-81.09
2.9e-05,2.3e-05,6e-13,3e-10,5e-11,0.0676,33000000000.0,1490000000.0,10.76,-82.62
2.9e-05,2.3e-05,6e-13,3e-10,1.5e-10,0.0676,33000000000.0,1490000000.0,10.76,-82.54
2.9e-05,2.3e-05,6e-13,3e-10,2.5e-10,0.0676,33000000000.0,1480000000.0,10.76,-82.58
2.9e-05,2.3e-05,6e-13,3.5e-10,1e-10,0.0676,31000000000.0,1370000000.0,11.19,-81.55
2.9e-05,2.3e-05,6e-13,3.5e-10,1.5e-10,0.0676,31000000000.0,1370000000.0,11.19,-80.2
2.9e-05,2.3e-05,6e-13,3.5e-10,2e-10,0.0676,31000000000.0,1370000000.0,11.19,-81.22
2.9e-05,2.3e-05,6e-13,3.5e-10,2.5e-10,0.0676,31000000000.0,1370000000.0,11.19,-81.39
2.9e-05,2.3e-05,6e-13,4.5e-10,5e-11,0.0676,28300000000.0,1220000000.0,11.74,-79.74
2.9e-05,2.3e-05,6e-13,4.5e-10,2.5e-10,0.0676,28300000000.0,1200000000.0,11.75,-79.74
2.9e-05,2.3e-05,6e-13,5e-10,5e-11,0.0676,27300000000.0,1160000000.0,11.91,-79.14
2.9e-05,2.3e-05,6e-13,5e-10,1.5e-10,0.0676,27300000000.0,1160000000.0,11.91,-79.39
2.9e-05,2.3e-05,6e-13,5e-10,2.5e-10,0.0676,27300000000.0,1160000000.0,11.91,-79.16
2.9e-05,2.3e-05,7e-13,4e-10,1e-10,0.0676,29500000000.0,1270000000.0,11.52,-80.44
2.9e-05,2.3e-05,7e-13,4e-10,5e-11,0.0676,29500000000.0,1280000000.0,11.52,-80.19
2.9e-05,2.3e-05,7e-13,4e-10,1.5e-10,0.0676,29500000000.0,1270000000.0,11.52,-80.22
2.9e-05,2.3e-05,7e-13,4e-10,2.5e-10,0.0676,29500000000.0,1270000000.0,11.51,-80.55
2.9e-05,2.3e-05,7e-13,3e-10,1e-10,0.0676,33000000000.0,1480000000.0,10.76,-82.61
2.9e-05,2.3e-05,7e-13,3e-10,5e-11,0.0676,33000000000.0,1490000000.0,10.76,-82.63
2.9e-05,2.3e-05,7e-13,3e-10,1.5e-10,0.0676,33000000000.0,1490000000.0,10.76,-82.42
2.9e-05,2.3e-05,7e-13,3e-10,2.5e-10,0.0676,33000000000.0,1490000000.0,10.76,-82.75
2.9e-05,2.3e-05,7e-13,3.5e-10,1e-10,0.0676,31000000000.0,1380000000.0,11.19,-81.21
2.9e-05,2.3e-05,7e-13,3.5e-10,5e-11,0.0676,31000000000.0,1360000000.0,11.19,-81.32
2.9e-05,2.3e-05,7e-13,3.5e-10,1.5e-10,0.0676,31000000000.0,1360000000.0,11.19,-81.36
2.9e-05,2.3e-05,7e-13,3.5e-10,2e-10,0.0676,31000000000.0,1360000000.0,11.19,-80.84
2.9e-05,2.3e-05,7e-13,3.5e-10,2.5e-10,0.0676,31000000000.0,1360000000.0,11.19,-81.43
2.9e-05,2.3e-05,7e-13,4.5e-10,1e-10,0.0676,28300000000.0,1210000000.0,11.75,-79.85
2.9e-05,2.3e-05,7e-13,4.5e-10,1.5e-10,0.0676,28300000000.0,1210000000.0,11.75,-79.72
2.9e-05,2.3e-05,7e-13,4.5e-10,2e-10,0.0676,28300000000.0,1210000000.0,11.74,-79.77
2.9e-05,2.3e-05,7e-13,5e-10,5e-11,0.0676,27300000000.0,1160000000.0,11.91,-79.31
2.9e-05,2.3e-05,7e-13,5e-10,2e-10,0.0676,27300000000.0,1160000000.0,11.91,-79.03
2.9e-05,2.4e-05,5e-13,4e-10,1e-10,0.0676,29500000000.0,1210000000.0,11.46,-80.33
2.9e-05,2.4e-05,5e-13,4e-10,5e-11,0.0676,29500000000.0,1210000000.0,11.46,-80.31
2.9e-05,2.4e-05,5e-13,4e-10,1.5e-10,0.0676,29500000000.0,1210000000.0,11.46,-80.34
2.9e-05,2.4e-05,5e-13,4e-10,2e-10,0.0676,29500000000.0,1220000000.0,11.47,-80.32
2.9e-05,2.4e-05,5e-13,3e-10,1e-10,0.0676,33000000000.0,1400000000.0,10.7,-82.24
2.9e-05,2.4e-05,5e-13,3e-10,5e-11,0.0676,33000000000.0,1410000000.0,10.7,-82.33
2.9e-05,2.4e-05,5e-13,3e-10,1.5e-10,0.0676,33000000000.0,1400000000.0,10.7,-82.31
2.9e-05,2.4e-05,5e-13,3e-10,2e-10,0.0676,33000000000.0,1400000000.0,10.7,-82.4
2.9e-05,2.4e-05,5e-13,3e-10,2.5e-10,0.0676,33000000000.0,1400000000.0,10.7,-82.46
2.9e-05,2.4e-05,5e-13,3.5e-10,1e-10,0.0676,31000000000.0,1300000000.0,11.13,-80.76
2.9e-05,2.4e-05,5e-13,3.5e-10,5e-11,0.0676,31000000000.0,1290000000.0,11.14,-81.5
2.9e-05,2.4e-05,5e-13,3.5e-10,1.5e-10,0.0676,31000000000.0,1290000000.0,11.13,-81.32
2.9e-05,2.4e-05,5e-13,3.5e-10,2e-10,0.0676,31000000000.0,1300000000.0,11.13,-81.11
2.9e-05,2.4e-05,5e-13,3.5e-10,2.5e-10,0.0676,31000000000.0,1280000000.0,11.13,-81.17
2.9e-05,2.4e-05,5e-13,4.5e-10,1e-10,0.0676,28200000000.0,1160000000.0,11.7,-79.47
2.9e-05,2.4e-05,5e-13,4.5e-10,5e-11,0.0676,28200000000.0,1150000000.0,11.7,-79.67
2.9e-05,2.4e-05,5e-13,4.5e-10,1.5e-10,0.0676,28200000000.0,1160000000.0,11.7,-79.63
2.9e-05,2.4e-05,5e-13,4.5e-10,2e-10,0.0676,28200000000.0,1160000000.0,11.7,-79.34
2.9e-05,2.4e-05,5e-13,4.5e-10,2.5e-10,0.0676,28200000000.0,1150000000.0,11.7,-79.56
2.9e-05,2.4e-05,5e-13,5e-10,1e-10,0.0676,27200000000.0,1120000000.0,11.86,-79.17
2.9e-05,2.4e-05,5e-13,5e-10,5e-11,0.0676,27200000000.0,1110000000.0,11.87,-79.0
2.9e-05,2.4e-05,5e-13,5e-10,1.5e-10,0.0676,27200000000.0,1110000000.0,11.86,-79.18
2.9e-05,2.4e-05,5e-13,5e-10,2e-10,0.0676,27200000000.0,1120000000.0,11.86,-79.09
2.9e-05,2.4e-05,5e-13,5e-10,2.5e-10,0.0676,27200000000.0,1120000000.0,11.86,-78.95
2.9e-05,2.4e-05,3e-13,4e-10,5e-11,0.0676,29500000000.0,1210000000.0,11.46,-80.27
2.9e-05,2.4e-05,3e-13,4e-10,1.5e-10,0.0676,29500000000.0,1210000000.0,11.46,-80.2
2.9e-05,2.4e-05,3e-13,4e-10,2.5e-10,0.0676,29500000000.0,1220000000.0,11.46,-80.34
2.9e-05,2.4e-05,3e-13,3e-10,1e-10,0.0676,33000000000.0,1410000000.0,10.7,-82.31
2.9e-05,2.4e-05,3e-13,3e-10,5e-11,0.0676,33000000000.0,1400000000.0,10.7,-82.44
2.9e-05,2.4e-05,3e-13,3e-10,1.5e-10,0.0676,33000000000.0,1400000000.0,10.7,-82.6
2.9e-05,2.4e-05,3e-13,3e-10,2e-10,0.0676,33000000000.0,1400000000.0,10.7,-82.29
2.9e-05,2.4e-05,3e-13,3.5e-10,1e-10,0.0676,31000000000.0,1300000000.0,11.13,-81.66
2.9e-05,2.4e-05,3e-13,3.5e-10,5e-11,0.0676,31000000000.0,1290000000.0,11.13,-81.01
2.9e-05,2.4e-05,3e-13,3.5e-10,1.5e-10,0.0676,31000000000.0,1290000000.0,11.14,-81.17
2.9e-05,2.4e-05,3e-13,3.5e-10,2e-10,0.0676,31000000000.0,1300000000.0,11.13,-81.08
2.9e-05,2.4e-05,3e-13,3.5e-10,2.5e-10,0.0676,31000000000.0,1300000000.0,11.13,-81.25
2.9e-05,2.4e-05,3e-13,4.5e-10,1e-10,0.0676,28200000000.0,1160000000.0,11.7,-79.65
2.9e-05,2.4e-05,3e-13,4.5e-10,5e-11,0.0676,28200000000.0,1160000000.0,11.7,-79.53
2.9e-05,2.4e-05,3e-13,4.5e-10,1.5e-10,0.0676,28200000000.0,1160000000.0,11.7,-79.72
2.9e-05,2.4e-05,3e-13,4.5e-10,2.5e-10,0.0676,28200000000.0,1150000000.0,11.7,-79.51
2.9e-05,2.4e-05,3e-13,5e-10,5e-11,0.0676,27200000000.0,1120000000.0,11.86,-79.14
2.9e-05,2.4e-05,3e-13,5e-10,1.5e-10,0.0676,27200000000.0,1130000000.0,11.86,-79.08
2.9e-05,2.4e-05,3e-13,5e-10,2e-10,0.0676,27200000000.0,1110000000.0,11.86,-78.89
2.9e-05,2.4e-05,3e-13,5e-10,2.5e-10,0.0676,27200000000.0,1120000000.0,11.86,-78.73
2.9e-05,2.4e-05,4e-13,4e-10,1e-10,0.0676,29500000000.0,1220000000.0,11.46,-80.17
2.9e-05,2.4e-05,4e-13,4e-10,5e-11,0.0676,29500000000.0,1220000000.0,11.46,-81.04
2.9e-05,2.4e-05,4e-13,4e-10,1.5e-10,0.0676,29500000000.0,1220000000.0,11.47,-80.11
2.9e-05,2.4e-05,4e-13,4e-10,2e-10,0.0676,29500000000.0,1210000000.0,11.47,-80.17
2.9e-05,2.4e-05,4e-13,4e-10,2.5e-10,0.0676,29500000000.0,1220000000.0,11.46,-80.31
2.9e-05,2.4e-05,4e-13,3e-10,1e-10,0.0676,33000000000.0,1400000000.0,10.7,-82.61
2.9e-05,2.4e-05,4e-13,3e-10,1.5e-10,0.0676,33000000000.0,1400000000.0,10.7,-82.43
2.9e-05,2.4e-05,4e-13,3e-10,2e-10,0.0676,33000000000.0,1400000000.0,10.7,-82.22
2.9e-05,2.4e-05,4e-13,3e-10,2.5e-10,0.0676,33000000000.0,1410000000.0,10.7,-81.83
2.9e-05,2.4e-05,4e-13,3.5e-10,1e-10,0.0676,31000000000.0,1300000000.0,11.14,-81.1
2.9e-05,2.4e-05,4e-13,3.5e-10,5e-11,0.0676,31000000000.0,1300000000.0,11.13,-81.1
2.9e-05,2.4e-05,4e-13,3.5e-10,1.5e-10,0.0676,31000000000.0,1300000000.0,11.13,-81.21
2.9e-05,2.4e-05,4e-13,3.5e-10,2e-10,0.0676,31000000000.0,1290000000.0,11.13,-81.34
2.9e-05,2.4e-05,4e-13,3.5e-10,2.5e-10,0.0676,31000000000.0,1310000000.0,11.13,-81.31
2.9e-05,2.4e-05,4e-13,4.5e-10,1e-10,0.0676,28200000000.0,1160000000.0,11.7,-79.6
2.9e-05,2.4e-05,4e-13,4.5e-10,5e-11,0.0676,28200000000.0,1160000000.0,11.7,-79.57
2.9e-05,2.4e-05,4e-13,4.5e-10,1.5e-10,0.0676,28200000000.0,1160000000.0,11.7,-79.64
2.9e-05,2.4e-05,4e-13,4.5e-10,2e-10,0.0676,28200000000.0,1160000000.0,11.7,-79.81
2.9e-05,2.4e-05,4e-13,4.5e-10,2.5e-10,0.0676,28200000000.0,1150000000.0,11.7,-79.58
2.9e-05,2.4e-05,4e-13,5e-10,1e-10,0.0676,27200000000.0,1130000000.0,11.86,-79.06
2.9e-05,2.4e-05,4e-13,5e-10,5e-11,0.0676,27200000000.0,1120000000.0,11.86,-78.77
2.9e-05,2.4e-05,4e-13,5e-10,2e-10,0.0676,27200000000.0,1110000000.0,11.86,-78.93
2.9e-05,2.4e-05,4e-13,5e-10,2.5e-10,0.0676,27200000000.0,1120000000.0,11.86,-78.74
2.9e-05,2.4e-05,6e-13,4e-10,2e-10,0.0676,29500000000.0,1220000000.0,11.46,-80.35
2.9e-05,2.4e-05,6e-13,4e-10,2.5e-10,0.0676,29500000000.0,1220000000.0,11.46,-80.32
2.9e-05,2.4e-05,6e-13,3e-10,5e-11,0.0676,33000000000.0,1400000000.0,10.7,-82.35
2.9e-05,2.4e-05,6e-13,3e-10,1.5e-10,0.0676,33000000000.0,1400000000.0,10.7,-82.37
2.9e-05,2.4e-05,6e-13,3e-10,2.5e-10,0.0676,33000000000.0,1400000000.0,10.7,-82.85
2.9e-05,2.4e-05,6e-13,3.5e-10,1e-10,0.0676,31000000000.0,1300000000.0,11.14,-81.2
2.9e-05,2.4e-05,6e-13,3.5e-10,5e-11,0.0676,31000000000.0,1280000000.0,11.13,-81.06
2.9e-05,2.4e-05,6e-13,3.5e-10,1.5e-10,0.0676,31000000000.0,1300000000.0,11.13,-80.98
2.9e-05,2.4e-05,6e-13,3.5e-10,2e-10,0.0676,31000000000.0,1300000000.0,11.14,-81.37
2.9e-05,2.4e-05,6e-13,3.5e-10,2.5e-10,0.0676,31000000000.0,1290000000.0,11.13,-81.13
2.9e-05,2.4e-05,6e-13,4.5e-10,1e-10,0.0676,28200000000.0,1160000000.0,11.7,-79.69
2.9e-05,2.4e-05,6e-13,4.5e-10,2e-10,0.0676,28200000000.0,1160000000.0,11.7,-79.62
2.9e-05,2.4e-05,6e-13,4.5e-10,2.5e-10,0.0676,28200000000.0,1160000000.0,11.7,-79.54
2.9e-05,2.4e-05,6e-13,5e-10,1e-10,0.0676,27200000000.0,1110000000.0,11.86,-79.14
2.9e-05,2.4e-05,6e-13,5e-10,1.5e-10,0.0676,27200000000.0,1120000000.0,11.86,-79.1
2.9e-05,2.4e-05,6e-13,5e-10,2e-10,0.0676,27200000000.0,1110000000.0,11.87,-79.24
2.9e-05,2.4e-05,6e-13,5e-10,2.5e-10,0.0676,27200000000.0,1110000000.0,11.87,-78.9
2.9e-05,2.4e-05,7e-13,4e-10,2e-10,0.0676,29500000000.0,1220000000.0,11.46,-80.43
2.9e-05,2.4e-05,7e-13,3e-10,1e-10,0.0676,33000000000.0,1400000000.0,10.7,-82.23
2.9e-05,2.4e-05,7e-13,3e-10,5e-11,0.0676,33000000000.0,1400000000.0,10.7,-82.25
2.9e-05,2.4e-05,7e-13,3e-10,1.5e-10,0.0676,33000000000.0,1400000000.0,10.7,-82.38
2.9e-05,2.4e-05,7e-13,3e-10,2e-10,0.0676,33000000000.0,1390000000.0,10.7,-82.38
2.9e-05,2.4e-05,7e-13,3.5e-10,1e-10,0.0676,31000000000.0,1300000000.0,11.13,-81.14
2.9e-05,2.4e-05,7e-13,3.5e-10,5e-11,0.0676,31000000000.0,1290000000.0,11.13,-81.12
2.9e-05,2.4e-05,7e-13,3.5e-10,1.5e-10,0.0676,31000000000.0,1300000000.0,11.14,-81.18
2.9e-05,2.4e-05,7e-13,3.5e-10,2e-10,0.0676,31000000000.0,1300000000.0,11.13,-81.16
2.9e-05,2.4e-05,7e-13,3.5e-10,2.5e-10,0.0676,31000000000.0,1300000000.0,11.14,-81.29
2.9e-05,2.4e-05,7e-13,4.5e-10,1e-10,0.0676,28200000000.0,1150000000.0,11.7,-79.7
2.9e-05,2.4e-05,7e-13,4.5e-10,1.5e-10,0.0676,28200000000.0,1160000000.0,11.7,-79.46
2.9e-05,2.4e-05,7e-13,4.5e-10,2e-10,0.0676,28200000000.0,1150000000.0,11.7,-79.53
2.9e-05,2.4e-05,7e-13,4.5e-10,2.5e-10,0.0676,28200000000.0,1160000000.0,11.7,-79.61
2.9e-05,2.4e-05,7e-13,5e-10,1e-10,0.0676,27200000000.0,1110000000.0,11.87,-79.06
2.9e-05,2.4e-05,7e-13,5e-10,5e-11,0.0676,27200000000.0,1110000000.0,11.86,-79.15
2.9e-05,2.4e-05,7e-13,5e-10,1.5e-10,0.0676,27200000000.0,1120000000.0,11.86,-78.93
2.9e-05,2.4e-05,7e-13,5e-10,2e-10,0.0676,27200000000.0,1130000000.0,11.86,-79.04
2.9e-05,2.5e-05,5e-13,4e-10,1e-10,0.0676,29400000000.0,1140000000.0,11.41,-80.14
2.9e-05,2.5e-05,5e-13,4e-10,5e-11,0.0676,29400000000.0,1140000000.0,11.41,-80.24
2.9e-05,2.5e-05,5e-13,4e-10,1.5e-10,0.0676,29400000000.0,1160000000.0,11.41,-80.19
2.9e-05,2.5e-05,5e-13,4e-10,2e-10,0.0676,29400000000.0,1140000000.0,11.41,-80.22
2.9e-05,2.5e-05,5e-13,4e-10,2.5e-10,0.0676,29400000000.0,1150000000.0,11.41,-79.51
2.9e-05,2.5e-05,5e-13,3e-10,1e-10,0.0676,33000000000.0,1310000000.0,10.63,-82.39
2.9e-05,2.5e-05,5e-13,3e-10,5e-11,0.0676,33000000000.0,1300000000.0,10.64,-82.32
2.9e-05,2.5e-05,5e-13,3e-10,1.5e-10,0.0676,33000000000.0,1310000000.0,10.63,-82.31
2.9e-05,2.5e-05,5e-13,3e-10,2e-10,0.0676,33000000000.0,1300000000.0,10.63,-82.3
2.9e-05,2.5e-05,5e-13,3e-10,2.5e-10,0.0676,33000000000.0,1310000000.0,10.63,-82.2
2.9e-05,2.5e-05,5e-13,3.5e-10,1e-10,0.0676,31000000000.0,1210000000.0,11.08,-80.96
2.9e-05,2.5e-05,5e-13,3.5e-10,5e-11,0.0676,31000000000.0,1220000000.0,11.07,-81.65
2.9e-05,2.5e-05,5e-13,3.5e-10,1.5e-10,0.0676,31000000000.0,1210000000.0,11.08,-81.29
2.9e-05,2.5e-05,5e-13,3.5e-10,2e-10,0.0676,31000000000.0,1220000000.0,11.08,-81.09
2.9e-05,2.5e-05,5e-13,3.5e-10,2.5e-10,0.0676,31000000000.0,1210000000.0,11.07,-80.92
2.9e-05,2.5e-05,5e-13,4.5e-10,1e-10,0.0676,28200000000.0,1100000000.0,11.65,-79.6
2.9e-05,2.5e-05,5e-13,4.5e-10,5e-11,0.0676,28200000000.0,1090000000.0,11.65,-79.46
2.9e-05,2.5e-05,5e-13,4.5e-10,2e-10,0.0676,28200000000.0,1090000000.0,11.65,-79.42
2.9e-05,2.5e-05,5e-13,4.5e-10,2.5e-10,0.0676,28200000000.0,1100000000.0,11.65,-79.58
2.9e-05,2.5e-05,5e-13,5e-10,1e-10,0.0676,27200000000.0,1060000000.0,11.82,-78.97
2.9e-05,2.5e-05,5e-13,5e-10,5e-11,0.0676,27200000000.0,1050000000.0,11.82,-79.1
2.9e-05,2.5e-05,5e-13,5e-10,1.5e-10,0.0676,27200000000.0,1060000000.0,11.82,-79.2
2.9e-05,2.5e-05,5e-13,5e-10,2e-10,0.0676,27200000000.0,1060000000.0,11.82,-78.87
2.9e-05,2.5e-05,5e-13,5e-10,2.5e-10,0.0676,27200000000.0,1060000000.0,11.82,-79.02
2.9e-05,2.5e-05,3e-13,4e-10,1e-10,0.0676,29500000000.0,1160000000.0,11.41,-80.15
2.9e-05,2.5e-05,3e-13,4e-10,5e-11,0.0676,29500000000.0,1160000000.0,11.41,-80.09
2.9e-05,2.5e-05,3e-13,4e-10,1.5e-10,0.0676,29500000000.0,1140000000.0,11.41,-80.38
2.9e-05,2.5e-05,3e-13,4e-10,2e-10,0.0676,29500000000.0,1150000000.0,11.41,-80.41
2.9e-05,2.5e-05,3e-13,4e-10,2.5e-10,0.0676,29500000000.0,1140000000.0,11.41,-80.03
2.9e-05,2.5e-05,3e-13,3e-10,1e-10,0.0676,33000000000.0,1310000000.0,10.63,-82.13
2.9e-05,2.5e-05,3e-13,3e-10,5e-11,0.0676,33000000000.0,1300000000.0,10.63,-82.22
2.9e-05,2.5e-05,3e-13,3e-10,1.5e-10,0.0676,33000000000.0,1300000000.0,10.64,-82.35
2.9e-05,2.5e-05,3e-13,3e-10,2e-10,0.0676,33000000000.0,1310000000.0,10.63,-82.15
2.9e-05,2.5e-05,3e-13,3e-10,2.5e-10,0.0676,33000000000.0,1300000000.0,10.63,-82.25
2.9e-05,2.5e-05,3e-13,3.5e-10,1e-10,0.0676,31000000000.0,1220000000.0,11.07,-80.96
2.9e-05,2.5e-05,3e-13,3.5e-10,5e-11,0.0676,31000000000.0,1210000000.0,11.08,-80.87
2.9e-05,2.5e-05,3e-13,3.5e-10,1.5e-10,0.0676,31000000000.0,1210000000.0,11.08,-81.17
2.9e-05,2.5e-05,3e-13,3.5e-10,2e-10,0.0676,31000000000.0,1210000000.0,11.08,-80.72
2.9e-05,2.5e-05,3e-13,3.5e-10,2.5e-10,0.0676,31000000000.0,1210000000.0,11.08,-81.3
2.9e-05,2.5e-05,3e-13,4.5e-10,1e-10,0.0676,28200000000.0,1100000000.0,11.65,-79.5
2.9e-05,2.5e-05,3e-13,4.5e-10,5e-11,0.0676,28200000000.0,1090000000.0,11.65,-75.64
2.9e-05,2.5e-05,3e-13,4.5e-10,1.5e-10,0.0676,28200000000.0,1100000000.0,11.65,-79.68
2.9e-05,2.5e-05,3e-13,4.5e-10,2e-10,0.0676,28200000000.0,1100000000.0,11.65,-79.39
2.9e-05,2.5e-05,3e-13,5e-10,1e-10,0.0676,27200000000.0,1060000000.0,11.82,-79.03
2.9e-05,2.5e-05,3e-13,5e-10,5e-11,0.0676,27200000000.0,1060000000.0,11.82,-78.94
2.9e-05,2.5e-05,3e-13,5e-10,1.5e-10,0.0676,27200000000.0,1070000000.0,11.82,-78.98
2.9e-05,2.5e-05,3e-13,5e-10,2e-10,0.0676,27200000000.0,1070000000.0,11.82,-78.9
2.9e-05,2.5e-05,3e-13,5e-10,2.5e-10,0.0676,27200000000.0,1060000000.0,11.82,-79.04
2.9e-05,2.5e-05,4e-13,4e-10,1e-10,0.0676,29400000000.0,1140000000.0,11.41,-80.49
2.9e-05,2.5e-05,4e-13,4e-10,5e-11,0.0676,29500000000.0,1140000000.0,11.41,-80.48
2.9e-05,2.5e-05,4e-13,4e-10,2e-10,0.0676,29400000000.0,1150000000.0,11.41,-80.21
2.9e-05,2.5e-05,4e-13,3e-10,1e-10,0.0676,33000000000.0,1300000000.0,10.63,-82.35
2.9e-05,2.5e-05,4e-13,3e-10,5e-11,0.0676,33000000000.0,1300000000.0,10.63,-82.36
2.9e-05,2.5e-05,4e-13,3e-10,2.5e-10,0.0676,33000000000.0,1300000000.0,10.64,-82.37
2.9e-05,2.5e-05,4e-13,3.5e-10,1e-10,0.0676,31000000000.0,1210000000.0,11.08,-81.06
2.9e-05,2.5e-05,4e-13,3.5e-10,1.5e-10,0.0676,31000000000.0,1210000000.0,11.08,-81.14
2.9e-05,2.5e-05,4e-13,3.5e-10,2e-10,0.0676,31000000000.0,1210000000.0,11.08,-83.25
2.9e-05,2.5e-05,4e-13,3.5e-10,2.5e-10,0.0676,31000000000.0,1220000000.0,11.07,-81.47
2.9e-05,2.5e-05,4e-13,4.5e-10,5e-11,0.0676,28200000000.0,1090000000.0,11.65,-79.54
2.9e-05,2.5e-05,4e-13,4.5e-10,1.5e-10,0.0676,28200000000.0,1100000000.0,11.65,-79.34
2.9e-05,2.5e-05,4e-13,4.5e-10,2e-10,0.0676,28200000000.0,1090000000.0,11.65,-79.49
2.9e-05,2.5e-05,4e-13,4.5e-10,2.5e-10,0.0676,28200000000.0,1100000000.0,11.65,-79.45
2.9e-05,2.5e-05,4e-13,5e-10,1e-10,0.0676,27200000000.0,1060000000.0,11.82,-78.78
2.9e-05,2.5e-05,4e-13,5e-10,5e-11,0.0676,27200000000.0,1070000000.0,11.82,-78.87
2.9e-05,2.5e-05,4e-13,5e-10,1.5e-10,0.0676,27200000000.0,1070000000.0,11.82,-78.92
2.9e-05,2.5e-05,4e-13,5e-10,2.5e-10,0.0676,27200000000.0,1070000000.0,11.82,-78.86
2.9e-05,2.5e-05,6e-13,4e-10,1e-10,0.0676,29400000000.0,1150000000.0,11.41,-80.08
2.9e-05,2.5e-05,6e-13,4e-10,1.5e-10,0.0676,29400000000.0,1150000000.0,11.41,-80.12
2.9e-05,2.5e-05,6e-13,4e-10,2e-10,0.0676,29400000000.0,1140000000.0,11.41,-80.04
2.9e-05,2.5e-05,6e-13,3e-10,1e-10,0.0676,33000000000.0,1310000000.0,10.63,-82.35
2.9e-05,2.5e-05,6e-13,3e-10,5e-11,0.0676,33000000000.0,1310000000.0,10.63,-82.36
2.9e-05,2.5e-05,6e-13,3e-10,1.5e-10,0.0676,33000000000.0,1300000000.0,10.63,-82.38
2.9e-05,2.5e-05,6e-13,3e-10,2e-10,0.0676,33000000000.0,1300000000.0,10.63,-81.45
2.9e-05,2.5e-05,6e-13,3e-10,2.5e-10,0.0676,33000000000.0,1300000000.0,10.63,-82.15
2.9e-05,2.5e-05,6e-13,3.5e-10,1e-10,0.0676,31000000000.0,1220000000.0,11.08,-80.88
2.9e-05,2.5e-05,6e-13,3.5e-10,5e-11,0.0676,31000000000.0,1220000000.0,11.07,-81.01
2.9e-05,2.5e-05,6e-13,3.5e-10,1.5e-10,0.0676,31000000000.0,1220000000.0,11.07,-80.95
2.9e-05,2.5e-05,6e-13,3.5e-10,2e-10,0.0676,31000000000.0,1210000000.0,11.08,-81.24
2.9e-05,2.5e-05,6e-13,3.5e-10,2.5e-10,0.0676,31000000000.0,1210000000.0,11.08,-81.18
2.9e-05,2.5e-05,6e-13,4.5e-10,5e-11,0.0676,28200000000.0,1090000000.0,11.65,-79.41
2.9e-05,2.5e-05,6e-13,4.5e-10,2e-10,0.0676,28200000000.0,1100000000.0,11.65,-79.56
2.9e-05,2.5e-05,6e-13,5e-10,1e-10,0.0676,27200000000.0,1070000000.0,11.82,-78.95
2.9e-05,2.5e-05,6e-13,5e-10,5e-11,0.0676,27200000000.0,1060000000.0,11.82,-78.82
2.9e-05,2.5e-05,6e-13,5e-10,1.5e-10,0.0676,27200000000.0,1060000000.0,11.82,-78.95
2.9e-05,2.5e-05,6e-13,5e-10,2e-10,0.0676,27200000000.0,1060000000.0,11.82,-78.93
2.9e-05,2.5e-05,6e-13,5e-10,2.5e-10,0.0676,27200000000.0,1070000000.0,11.82,-78.83
2.9e-05,2.5e-05,7e-13,4e-10,1e-10,0.0676,29400000000.0,1140000000.0,11.41,-80.38
2.9e-05,2.5e-05,7e-13,4e-10,1.5e-10,0.0676,29400000000.0,1150000000.0,11.41,-80.2
2.9e-05,2.5e-05,7e-13,4e-10,2e-10,0.0676,29400000000.0,1140000000.0,11.41,-80.85
2.9e-05,2.5e-05,7e-13,4e-10,2.5e-10,0.0676,29400000000.0,1150000000.0,11.41,-80.19
2.9e-05,2.5e-05,7e-13,3e-10,1.5e-10,0.0676,33000000000.0,1300000000.0,10.63,-82.33
2.9e-05,2.5e-05,7e-13,3e-10,2e-10,0.0676,33000000000.0,1300000000.0,10.63,-82.31
2.9e-05,2.5e-05,7e-13,3.5e-10,1e-10,0.0676,31000000000.0,1220000000.0,11.08,-81.1
2.9e-05,2.5e-05,7e-13,3.5e-10,5e-11,0.0676,31000000000.0,1220000000.0,11.08,-80.87
2.9e-05,2.5e-05,7e-13,3.5e-10,2e-10,0.0676,31000000000.0,1220000000.0,11.08,-81.0
2.9e-05,2.5e-05,7e-13,3.5e-10,2.5e-10,0.0676,31000000000.0,1220000000.0,11.07,-80.92
2.9e-05,2.5e-05,7e-13,4.5e-10,1e-10,0.0676,28200000000.0,1100000000.0,11.65,-79.57
2.9e-05,2.5e-05,7e-13,4.5e-10,5e-11,0.0676,28200000000.0,1090000000.0,11.65,-79.39
2.9e-05,2.5e-05,7e-13,4.5e-10,1.5e-10,0.0676,28200000000.0,1100000000.0,11.65,-79.55
2.9e-05,2.5e-05,7e-13,4.5e-10,2e-10,0.0676,28200000000.0,1100000000.0,11.65,-79.46
2.9e-05,2.5e-05,7e-13,4.5e-10,2.5e-10,0.0676,28200000000.0,1100000000.0,11.65,-79.35
2.9e-05,2.5e-05,7e-13,5e-10,1e-10,0.0676,27200000000.0,1060000000.0,11.82,-81.54
2.9e-05,2.5e-05,7e-13,5e-10,5e-11,0.0676,27200000000.0,1050000000.0,11.82,-79.07
2.9e-05,2.5e-05,7e-13,5e-10,1.5e-10,0.0676,27200000000.0,1060000000.0,11.82,-78.9
2.9e-05,2.5e-05,7e-13,5e-10,2e-10,0.0676,27200000000.0,1060000000.0,11.82,-78.84
2.9e-05,2.5e-05,7e-13,5e-10,2.5e-10,0.0676,27200000000.0,1060000000.0,11.82,-79.05
3.1e-05,5e-06,5e-13,4e-10,1e-10,0.0722,30800000000.0,758000000.0,11.32,-85.2
3.1e-05,5e-06,5e-13,4e-10,5e-11,0.0722,30800000000.0,758000000.0,11.33,-84.91
3.1e-05,5e-06,5e-13,4e-10,1.5e-10,0.0722,30800000000.0,758000000.0,11.33,-84.84
3.1e-05,5e-06,5e-13,4e-10,2.5e-10,0.0722,30800000000.0,759000000.0,11.33,-84.86
3.1e-05,5e-06,5e-13,3e-10,1e-10,0.0722,34600000000.0,915000000.0,10.65,-90.27
3.1e-05,5e-06,5e-13,3e-10,5e-11,0.0722,34600000000.0,917000000.0,10.66,-90.49
3.1e-05,5e-06,5e-13,3e-10,1.5e-10,0.0722,34600000000.0,913000000.0,10.65,-90.07
3.1e-05,5e-06,5e-13,3e-10,2e-10,0.0722,34600000000.0,917000000.0,10.66,-90.42
3.1e-05,5e-06,5e-13,3e-10,2.5e-10,0.0722,34600000000.0,916000000.0,10.66,-90.68
3.1e-05,5e-06,5e-13,3.5e-10,1e-10,0.0722,32500000000.0,825000000.0,11.02,-84.44
3.1e-05,5e-06,5e-13,3.5e-10,5e-11,0.0722,32500000000.0,826000000.0,11.02,-87.01
3.1e-05,5e-06,5e-13,3.5e-10,1.5e-10,0.0722,32500000000.0,824000000.0,11.02,-87.09
3.1e-05,5e-06,5e-13,3.5e-10,2e-10,0.0722,32500000000.0,825000000.0,11.02,-84.34
3.1e-05,5e-06,5e-13,3.5e-10,2.5e-10,0.0722,32500000000.0,824000000.0,11.02,-86.98
3.1e-05,5e-06,5e-13,4.5e-10,1e-10,0.0722,29500000000.0,708000000.0,11.6,-83.63
3.1e-05,5e-06,5e-13,4.5e-10,5e-11,0.0722,29500000000.0,709000000.0,11.6,-83.51
3.1e-05,5e-06,5e-13,4.5e-10,2e-10,0.0722,29500000000.0,711000000.0,11.6,-83.43
3.1e-05,5e-06,5e-13,4.5e-10,2.5e-10,0.0722,29500000000.0,708000000.0,11.6,-83.57
3.1e-05,5e-06,5e-13,5e-10,1e-10,0.0722,28400000000.0,671000000.0,11.85,-82.7
3.1e-05,5e-06,5e-13,5e-10,5e-11,0.0722,28400000000.0,672000000.0,11.85,-82.54
3.1e-05,5e-06,5e-13,5e-10,1.5e-10,0.0722,28400000000.0,670000000.0,11.85,-83.2
3.1e-05,5e-06,5e-13,5e-10,2e-10,0.0722,28400000000.0,670000000.0,11.85,-83.0
3.1e-05,5e-06,5e-13,5e-10,2.5e-10,0.0722,28400000000.0,672000000.0,11.85,-82.68
3.1e-05,5e-06,3e-13,4e-10,5e-11,0.0722,30800000000.0,761000000.0,11.32,-85.02
3.1e-05,5e-06,3e-13,4e-10,1.5e-10,0.0722,30800000000.0,759000000.0,11.32,-84.96
3.1e-05,5e-06,3e-13,4e-10,2e-10,0.0722,30800000000.0,760000000.0,11.32,-85.11
3.1e-05,5e-06,3e-13,4e-10,2.5e-10,0.0722,30800000000.0,758000000.0,11.33,-84.81
3.1e-05,5e-06,3e-13,3e-10,1e-10,0.0722,34600000000.0,916000000.0,10.66,-90.53
3.1e-05,5e-06,3e-13,3e-10,5e-11,0.0722,34600000000.0,917000000.0,10.66,-90.56
3.1e-05,5e-06,3e-13,3e-10,1.5e-10,0.0722,34600000000.0,918000000.0,10.66,-89.91
3.1e-05,5e-06,3e-13,3e-10,2e-10,0.0722,34600000000.0,917000000.0,10.66,-90.48
3.1e-05,5e-06,3e-13,3e-10,2.5e-10,0.0722,34600000000.0,914000000.0,10.66,-90.16
3.1e-05,5e-06,3e-13,3.5e-10,1e-10,0.0722,32500000000.0,821000000.0,11.02,-87.74
3.1e-05,5e-06,3e-13,3.5e-10,5e-11,0.0722,32500000000.0,824000000.0,11.02,-86.75
3.1e-05,5e-06,3e-13,3.5e-10,1.5e-10,0.0722,32500000000.0,824000000.0,11.02,-87.4
3.1e-05,5e-06,3e-13,3.5e-10,2e-10,0.0722,32500000000.0,825000000.0,11.02,-86.69
3.1e-05,5e-06,3e-13,3.5e-10,2.5e-10,0.0722,32500000000.0,826000000.0,11.02,-87.27
3.1e-05,5e-06,3e-13,4.5e-10,1e-10,0.0722,29500000000.0,711000000.0,11.6,-83.42
3.1e-05,5e-06,3e-13,4.5e-10,5e-11,0.0722,29500000000.0,710000000.0,11.6,-83.9
3.1e-05,5e-06,3e-13,4.5e-10,1.5e-10,0.0722,29500000000.0,709000000.0,11.6,-83.53
3.1e-05,5e-06,3e-13,4.5e-10,2e-10,0.0722,29500000000.0,710000000.0,11.6,-84.08
3.1e-05,5e-06,3e-13,4.5e-10,2.5e-10,0.0722,29500000000.0,709000000.0,11.6,-83.73
3.1e-05,5e-06,3e-13,5e-10,1e-10,0.0722,28400000000.0,671000000.0,11.85,-82.87
3.1e-05,5e-06,3e-13,5e-10,5e-11,0.0722,28400000000.0,670000000.0,11.85,-82.74
3.1e-05,5e-06,3e-13,5e-10,1.5e-10,0.0722,28400000000.0,671000000.0,11.85,-82.68
3.1e-05,5e-06,3e-13,5e-10,2e-10,0.0722,28400000000.0,670000000.0,11.85,-82.75
3.1e-05,5e-06,3e-13,5e-10,2.5e-10,0.0722,28400000000.0,670000000.0,11.85,-82.78
3.1e-05,5e-06,4e-13,4e-10,5e-11,0.0722,30800000000.0,758000000.0,11.33,-84.8
3.1e-05,5e-06,4e-13,4e-10,1.5e-10,0.0722,30800000000.0,757000000.0,11.33,-85.04
3.1e-05,5e-06,4e-13,4e-10,2e-10,0.0722,30800000000.0,761000000.0,11.32,-85.17
3.1e-05,5e-06,4e-13,4e-10,2.5e-10,0.0722,30800000000.0,761000000.0,11.32,-84.18
3.1e-05,5e-06,4e-13,3e-10,1e-10,0.0722,34600000000.0,915000000.0,10.65,-90.2
3.1e-05,5e-06,4e-13,3e-10,5e-11,0.0722,34600000000.0,916000000.0,10.66,-90.49
3.1e-05,5e-06,4e-13,3e-10,1.5e-10,0.0722,34600000000.0,913000000.0,10.65,-90.24
3.1e-05,5e-06,4e-13,3e-10,2e-10,0.0722,34600000000.0,915000000.0,10.66,-89.25
3.1e-05,5e-06,4e-13,3e-10,2.5e-10,0.0722,34600000000.0,915000000.0,10.66,-90.47
3.1e-05,5e-06,4e-13,3.5e-10,1e-10,0.0722,32500000000.0,826000000.0,11.02,-87.28
3.1e-05,5e-06,4e-13,3.5e-10,5e-11,0.0722,32500000000.0,825000000.0,11.02,-87.14
3.1e-05,5e-06,4e-13,3.5e-10,1.5e-10,0.0722,32500000000.0,823000000.0,11.02,-87.06
3.1e-05,5e-06,4e-13,3.5e-10,2.5e-10,0.0722,32500000000.0,825000000.0,11.02,-86.9
3.1e-05,5e-06,4e-13,4.5e-10,1e-10,0.0722,29500000000.0,711000000.0,11.6,-83.84
3.1e-05,5e-06,4e-13,4.5e-10,5e-11,0.0722,29500000000.0,709000000.0,11.6,-83.61
3.1e-05,5e-06,4e-13,4.5e-10,1.5e-10,0.0722,29500000000.0,708000000.0,11.6,-83.56
3.1e-05,5e-06,4e-13,4.5e-10,2e-10,0.0722,29500000000.0,708000000.0,11.6,-83.78
3.1e-05,5e-06,4e-13,4.5e-10,2.5e-10,0.0722,29500000000.0,708000000.0,11.6,-83.73
3.1e-05,5e-06,4e-13,5e-10,1e-10,0.0722,28400000000.0,671000000.0,11.85,-82.95
3.1e-05,5e-06,4e-13,5e-10,5e-11,0.0722,28400000000.0,670000000.0,11.85,-82.7
3.1e-05,5e-06,4e-13,5e-10,1.5e-10,0.0722,28400000000.0,670000000.0,11.85,-80.27
3.1e-05,5e-06,4e-13,5e-10,2e-10,0.0722,28400000000.0,670000000.0,11.85,-82.68
3.1e-05,5e-06,6e-13,4e-10,1e-10,0.0722,30800000000.0,760000000.0,11.32,-84.83
3.1e-05,5e-06,6e-13,4e-10,5e-11,0.0722,30800000000.0,758000000.0,11.33,-84.82
3.1e-05,5e-06,6e-13,4e-10,1.5e-10,0.0722,30800000000.0,760000000.0,11.32,-85.18
3.1e-05,5e-06,6e-13,4e-10,2e-10,0.0722,30800000000.0,758000000.0,11.32,-85.21
3.1e-05,5e-06,6e-13,3e-10,1e-10,0.0722,34600000000.0,918000000.0,10.66,-90.5
3.1e-05,5e-06,6e-13,3e-10,5e-11,0.0722,34600000000.0,918000000.0,10.66,-90.48
3.1e-05,5e-06,6e-13,3e-10,1.5e-10,0.0722,34600000000.0,913000000.0,10.65,-91.09
3.1e-05,5e-06,6e-13,3e-10,2e-10,0.0722,34600000000.0,913000000.0,10.65,-90.66
3.1e-05,5e-06,6e-13,3e-10,2.5e-10,0.0722,34600000000.0,914000000.0,10.65,-90.08
3.1e-05,5e-06,6e-13,3.5e-10,1e-10,0.0722,32500000000.0,826000000.0,11.02,-86.53
3.1e-05,5e-06,6e-13,3.5e-10,5e-11,0.0722,32500000000.0,826000000.0,11.02,-87.23
3.1e-05,5e-06,6e-13,3.5e-10,1.5e-10,0.0722,32500000000.0,823000000.0,11.02,-87.44
3.1e-05,5e-06,6e-13,3.5e-10,2e-10,0.0722,32500000000.0,822000000.0,11.02,-86.57
3.1e-05,5e-06,6e-13,4.5e-10,5e-11,0.0722,29500000000.0,708000000.0,11.6,-83.68
3.1e-05,5e-06,6e-13,4.5e-10,1.5e-10,0.0722,29500000000.0,708000000.0,11.6,-83.62
3.1e-05,5e-06,6e-13,4.5e-10,2e-10,0.0722,29500000000.0,707000000.0,11.6,-83.44
3.1e-05,5e-06,6e-13,4.5e-10,2.5e-10,0.0722,29500000000.0,708000000.0,11.6,-83.44
3.1e-05,5e-06,6e-13,5e-10,1e-10,0.0722,28400000000.0,672000000.0,11.85,-82.79
3.1e-05,5e-06,6e-13,5e-10,5e-11,0.0722,28400000000.0,670000000.0,11.85,-82.65
3.1e-05,5e-06,6e-13,5e-10,1.5e-10,0.0722,28400000000.0,669000000.0,11.85,-82.78
3.1e-05,5e-06,6e-13,5e-10,2e-10,0.0722,28400000000.0,669000000.0,11.85,-82.7
3.1e-05,5e-06,6e-13,5e-10,2.5e-10,0.0722,28400000000.0,671000000.0,11.85,-82.91
3.1e-05,5e-06,7e-13,4e-10,1e-10,0.0722,30800000000.0,757000000.0,11.33,-85.05
3.1e-05,5e-06,7e-13,4e-10,5e-11,0.0722,30800000000.0,758000000.0,11.33,-84.74
3.1e-05,5e-06,7e-13,4e-10,2.5e-10,0.0722,30800000000.0,758000000.0,11.32,-84.99
3.1e-05,5e-06,7e-13,3e-10,1e-10,0.0722,34600000000.0,916000000.0,10.65,-90.56
3.1e-05,5e-06,7e-13,3e-10,5e-11,0.0722,34600000000.0,916000000.0,10.66,-85.16
3.1e-05,5e-06,7e-13,3e-10,1.5e-10,0.0722,34600000000.0,916000000.0,10.65,-90.02
3.1e-05,5e-06,7e-13,3e-10,2e-10,0.0722,34600000000.0,916000000.0,10.66,-90.57
3.1e-05,5e-06,7e-13,3e-10,2.5e-10,0.0722,34600000000.0,916000000.0,10.65,-90.52
3.1e-05,5e-06,7e-13,3.5e-10,1e-10,0.0722,32500000000.0,822000000.0,11.02,-87.21
3.1e-05,5e-06,7e-13,3.5e-10,1.5e-10,0.0722,32500000000.0,824000000.0,11.02,-84.41
3.1e-05,5e-06,7e-13,3.5e-10,2.5e-10,0.0722,32500000000.0,821000000.0,11.02,-86.69
3.1e-05,5e-06,7e-13,4.5e-10,1.5e-10,0.0722,29500000000.0,710000000.0,11.6,-83.68
3.1e-05,5e-06,7e-13,4.5e-10,2e-10,0.0722,29500000000.0,710000000.0,11.6,-83.84
3.1e-05,5e-06,7e-13,5e-10,1e-10,0.0722,28400000000.0,671000000.0,11.85,-83.03
3.1e-05,5e-06,7e-13,5e-10,5e-11,0.0722,28400000000.0,671000000.0,11.85,-82.69
3.1e-05,5e-06,7e-13,5e-10,1.5e-10,0.0722,28400000000.0,671000000.0,11.85,-83.02
3.1e-05,5e-06,7e-13,5e-10,2e-10,0.0722,28400000000.0,670000000.0,11.85,-82.88
3.1e-05,5e-06,7e-13,5e-10,2.5e-10,0.0722,28400000000.0,671000000.0,11.85,-82.99
3.1e-05,6e-06,5e-13,4e-10,1e-10,0.0722,30600000000.0,872000000.0,11.36,-85.12
3.1e-05,6e-06,5e-13,4e-10,5e-11,0.0722,30600000000.0,872000000.0,11.36,-84.81
3.1e-05,6e-06,5e-13,4e-10,2e-10,0.0722,30600000000.0,873000000.0,11.36,-85.05
3.1e-05,6e-06,5e-13,4e-10,2.5e-10,0.0722,30600000000.0,872000000.0,11.36,-84.82
3.1e-05,6e-06,5e-13,3e-10,1e-10,0.0722,34400000000.0,1050000000.0,10.69,-90.42
3.1e-05,6e-06,5e-13,3e-10,5e-11,0.0722,34400000000.0,1050000000.0,10.69,-90.62
3.1e-05,6e-06,5e-13,3e-10,1.5e-10,0.0722,34400000000.0,1050000000.0,10.69,-90.45
3.1e-05,6e-06,5e-13,3e-10,2e-10,0.0722,34400000000.0,1050000000.0,10.69,-90.94
3.1e-05,6e-06,5e-13,3e-10,2.5e-10,0.0722,34400000000.0,1050000000.0,10.69,-90.29
3.1e-05,6e-06,5e-13,3.5e-10,1e-10,0.0722,32200000000.0,946000000.0,11.05,-86.6
3.1e-05,6e-06,5e-13,3.5e-10,5e-11,0.0722,32200000000.0,945000000.0,11.05,-86.75
3.1e-05,6e-06,5e-13,3.5e-10,1.5e-10,0.0722,32200000000.0,947000000.0,11.05,-86.79
3.1e-05,6e-06,5e-13,3.5e-10,2e-10,0.0722,32200000000.0,947000000.0,11.05,-86.55
3.1e-05,6e-06,5e-13,3.5e-10,2.5e-10,0.0722,32200000000.0,948000000.0,11.05,-87.06
3.1e-05,6e-06,5e-13,4.5e-10,1e-10,0.0722,29300000000.0,815000000.0,11.64,-83.64
3.1e-05,6e-06,5e-13,4.5e-10,5e-11,0.0722,29300000000.0,815000000.0,11.64,-83.96
3.1e-05,6e-06,5e-13,4.5e-10,1.5e-10,0.0722,29300000000.0,816000000.0,11.64,-83.84
3.1e-05,6e-06,5e-13,4.5e-10,2e-10,0.0722,29300000000.0,815000000.0,11.64,-83.47
3.1e-05,6e-06,5e-13,4.5e-10,2.5e-10,0.0722,29300000000.0,814000000.0,11.64,-83.66
3.1e-05,6e-06,5e-13,5e-10,1e-10,0.0722,28200000000.0,772000000.0,11.88,-82.97
3.1e-05,6e-06,5e-13,5e-10,5e-11,0.0722,28200000000.0,770000000.0,11.88,-82.66
3.1e-05,6e-06,5e-13,5e-10,1.5e-10,0.0722,28200000000.0,772000000.0,11.88,-82.82
3.1e-05,6e-06,5e-13,5e-10,2e-10,0.0722,28200000000.0,772000000.0,11.88,-82.7
3.1e-05,6e-06,5e-13,5e-10,2.5e-10,0.0722,28200000000.0,772000000.0,11.88,-83.03
3.1e-05,6e-06,3e-13,4e-10,1e-10,0.0722,30600000000.0,872000000.0,11.36,-87.85
3.1e-05,6e-06,3e-13,4e-10,5e-11,0.0722,30600000000.0,874000000.0,11.36,-85.07
3.1e-05,6e-06,3e-13,4e-10,1.5e-10,0.0722,30600000000.0,872000000.0,11.36,-85.13
3.1e-05,6e-06,3e-13,4e-10,2e-10,0.0722,30600000000.0,872000000.0,11.36,-84.92
3.1e-05,6e-06,3e-13,4e-10,2.5e-10,0.0722,30600000000.0,874000000.0,11.36,-84.72
3.1e-05,6e-06,3e-13,3e-10,1e-10,0.0722,34400000000.0,1050000000.0,10.69,-90.1
3.1e-05,6e-06,3e-13,3e-10,5e-11,0.0722,34400000000.0,1050000000.0,10.69,-90.12
3.1e-05,6e-06,3e-13,3e-10,1.5e-10,0.0722,34400000000.0,1050000000.0,10.69,-90.35
3.1e-05,6e-06,3e-13,3e-10,2e-10,0.0722,34400000000.0,1050000000.0,10.69,-90.19
3.1e-05,6e-06,3e-13,3e-10,2.5e-10,0.0722,34400000000.0,1060000000.0,10.69,-89.85
3.1e-05,6e-06,3e-13,3.5e-10,1e-10,0.0722,32200000000.0,948000000.0,11.05,-86.84
3.1e-05,6e-06,3e-13,3.5e-10,5e-11,0.0722,32200000000.0,948000000.0,11.05,-86.77
3.1e-05,6e-06,3e-13,3.5e-10,1.5e-10,0.0722,32200000000.0,946000000.0,11.05,-87.29
3.1e-05,6e-06,3e-13,3.5e-10,2e-10,0.0722,32200000000.0,950000000.0,11.05,-86.64
3.1e-05,6e-06,3e-13,3.5e-10,2.5e-10,0.0722,32200000000.0,946000000.0,11.05,-86.74
3.1e-05,6e-06,3e-13,4.5e-10,1e-10,0.0722,29300000000.0,816000000.0,11.64,-83.65
3.1e-05,6e-06,3e-13,4.5e-10,5e-11,0.0722,29300000000.0,816000000.0,11.64,-83.7
3.1e-05,6e-06,3e-13,4.5e-10,1.5e-10,0.0722,29300000000.0,816000000.0,11.64,-83.64
3.1e-05,6e-06,3e-13,4.5e-10,2e-10,0.0722,29300000000.0,815000000.0,11.64,-83.72
3.1e-05,6e-06,3e-13,5e-10,1e-10,0.0722,28200000000.0,770000000.0,11.88,-82.8
3.1e-05,6e-06,3e-13,5e-10,5e-11,0.0722,28200000000.0,771000000.0,11.88,-82.76
3.1e-05,6e-06,3e-13,5e-10,1.5e-10,0.0722,28200000000.0,773000000.0,11.88,-82.71
3.1e-05,6e-06,3e-13,5e-10,2e-10,0.0722,28200000000.0,772000000.0,11.88,-83.01
3.1e-05,6e-06,3e-13,5e-10,2.5e-10,0.0722,28200000000.0,772000000.0,11.88,-83.08
3.1e-05,6e-06,4e-13,4e-10,1e-10,0.0722,30600000000.0,872000000.0,11.36,-84.66
3.1e-05,6e-06,4e-13,4e-10,5e-11,0.0722,30600000000.0,872000000.0,11.36,-84.8
3.1e-05,6e-06,4e-13,4e-10,2e-10,0.0722,30600000000.0,874000000.0,11.36,-85.0
3.1e-05,6e-06,4e-13,4e-10,2.5e-10,0.0722,30600000000.0,871000000.0,11.36,-87.9
3.1e-05,6e-06,4e-13,3e-10,1e-10,0.0722,34400000000.0,1050000000.0,10.69,-90.13
3.1e-05,6e-06,4e-13,3e-10,5e-11,0.0722,34400000000.0,1050000000.0,10.69,-90.44
3.1e-05,6e-06,4e-13,3e-10,1.5e-10,0.0722,34400000000.0,1050000000.0,10.69,-90.05
3.1e-05,6e-06,4e-13,3e-10,2e-10,0.0722,34400000000.0,1050000000.0,10.69,-90.79
3.1e-05,6e-06,4e-13,3e-10,2.5e-10,0.0722,34400000000.0,1050000000.0,10.69,-90.27
3.1e-05,6e-06,4e-13,3.5e-10,1e-10,0.0722,32200000000.0,947000000.0,11.05,-86.9
3.1e-05,6e-06,4e-13,3.5e-10,5e-11,0.0722,32200000000.0,947000000.0,11.05,-86.76
3.1e-05,6e-06,4e-13,3.5e-10,1.5e-10,0.0722,32200000000.0,950000000.0,11.05,-86.9
3.1e-05,6e-06,4e-13,3.5e-10,2e-10,0.0722,32200000000.0,947000000.0,11.05,-86.56
3.1e-05,6e-06,4e-13,3.5e-10,2.5e-10,0.0722,32200000000.0,950000000.0,11.05,-87.12
3.1e-05,6e-06,4e-13,4.5e-10,1e-10,0.0722,29300000000.0,815000000.0,11.64,-83.75
3.1e-05,6e-06,4e-13,4.5e-10,5e-11,0.0722,29300000000.0,814000000.0,11.64,-83.78
3.1e-05,6e-06,4e-13,4.5e-10,1.5e-10,0.0722,29300000000.0,816000000.0,11.64,-84.87
3.1e-05,6e-06,4e-13,4.5e-10,2e-10,0.0722,29300000000.0,815000000.0,11.64,-83.39
3.1e-05,6e-06,4e-13,4.5e-10,2.5e-10,0.0722,29300000000.0,816000000.0,11.64,-83.82
3.1e-05,6e-06,4e-13,5e-10,1e-10,0.0722,28200000000.0,771000000.0,11.88,-82.79
3.1e-05,6e-06,4e-13,5e-10,5e-11,0.0722,28200000000.0,772000000.0,11.88,-83.37
3.1e-05,6e-06,4e-13,5e-10,1.5e-10,0.0722,28200000000.0,770000000.0,11.88,-82.86
3.1e-05,6e-06,4e-13,5e-10,2e-10,0.0722,28200000000.0,772000000.0,11.88,-83.21
3.1e-05,6e-06,4e-13,5e-10,2.5e-10,0.0722,28200000000.0,772000000.0,11.88,-82.85
3.1e-05,6e-06,6e-13,4e-10,1e-10,0.0722,30600000000.0,874000000.0,11.36,-85.01
3.1e-05,6e-06,6e-13,4e-10,1.5e-10,0.0722,30600000000.0,871000000.0,11.36,-84.77
3.1e-05,6e-06,6e-13,4e-10,2.5e-10,0.0722,30600000000.0,873000000.0,11.36,-84.89
3.1e-05,6e-06,6e-13,3e-10,1e-10,0.0722,34400000000.0,1050000000.0,10.69,-89.78
3.1e-05,6e-06,6e-13,3e-10,5e-11,0.0722,34400000000.0,1050000000.0,10.69,-90.33
3.1e-05,6e-06,6e-13,3e-10,1.5e-10,0.0722,34400000000.0,1050000000.0,10.69,-90.37
3.1e-05,6e-06,6e-13,3e-10,2e-10,0.0722,34400000000.0,1050000000.0,10.69,-90.24
3.1e-05,6e-06,6e-13,3e-10,2.5e-10,0.0722,34400000000.0,1050000000.0,10.69,-89.88
3.1e-05,6e-06,6e-13,3.5e-10,1e-10,0.0722,32200000000.0,944000000.0,11.05,-87.7
3.1e-05,6e-06,6e-13,3.5e-10,5e-11,0.0722,32200000000.0,946000000.0,11.05,-86.78
3.1e-05,6e-06,6e-13,3.5e-10,1.5e-10,0.0722,32200000000.0,948000000.0,11.05,-86.85
3.1e-05,6e-06,6e-13,3.5e-10,2e-10,0.0722,32200000000.0,950000000.0,11.05,-87.19
3.1e-05,6e-06,6e-13,3.5e-10,2.5e-10,0.0722,32200000000.0,948000000.0,11.05,-85.01
3.1e-05,6e-06,6e-13,4.5e-10,5e-11,0.0722,29300000000.0,814000000.0,11.64,-83.42
3.1e-05,6e-06,6e-13,4.5e-10,1.5e-10,0.0722,29300000000.0,816000000.0,11.64,-83.93
3.1e-05,6e-06,6e-13,4.5e-10,2.5e-10,0.0722,29300000000.0,814000000.0,11.64,-83.49
3.1e-05,6e-06,6e-13,5e-10,5e-11,0.0722,28200000000.0,771000000.0,11.88,-82.56
3.1e-05,6e-06,6e-13,5e-10,2e-10,0.0722,28200000000.0,771000000.0,11.88,-82.85
3.1e-05,6e-06,6e-13,5e-10,2.5e-10,0.0722,28200000000.0,771000000.0,11.88,-83.02
3.1e-05,6e-06,7e-13,4e-10,5e-11,0.0722,30600000000.0,872000000.0,11.36,-84.84
3.1e-05,6e-06,7e-13,4e-10,1.5e-10,0.0722,30600000000.0,874000000.0,11.36,-85.18
3.1e-05,6e-06,7e-13,4e-10,2.5e-10,0.0722,30600000000.0,870000000.0,11.36,-84.89
3.1e-05,6e-06,7e-13,3e-10,1e-10,0.0722,34400000000.0,1050000000.0,10.69,-89.73
3.1e-05,6e-06,7e-13,3e-10,5e-11,0.0722,34400000000.0,1050000000.0,10.69,-87.69
3.1e-05,6e-06,7e-13,3e-10,1.5e-10,0.0722,34400000000.0,1050000000.0,10.69,-90.23
3.1e-05,6e-06,7e-13,3e-10,2.5e-10,0.0722,34400000000.0,1050000000.0,10.69,-90.4
3.1e-05,6e-06,7e-13,3.5e-10,1e-10,0.0722,32200000000.0,947000000.0,11.05,-86.62
3.1e-05,6e-06,7e-13,3.5e-10,5e-11,0.0722,32200000000.0,948000000.0,11.05,-85.51
3.1e-05,6e-06,7e-13,3.5e-10,1.5e-10,0.0722,32200000000.0,945000000.0,11.05,-87.44
3.1e-05,6e-06,7e-13,3.5e-10,2e-10,0.0722,32200000000.0,948000000.0,11.05,-86.47
3.1e-05,6e-06,7e-13,3.5e-10,2.5e-10,0.0722,32200000000.0,947000000.0,11.05,-86.94
3.1e-05,6e-06,7e-13,4.5e-10,1.5e-10,0.0722,29300000000.0,814000000.0,11.64,-83.67
3.1e-05,6e-06,7e-13,4.5e-10,2e-10,0.0722,29300000000.0,814000000.0,11.64,-83.41
3.1e-05,6e-06,7e-13,4.5e-10,2.5e-10,0.0722,29300000000.0,815000000.0,11.64,-83.74
3.1e-05,6e-06,7e-13,5e-10,5e-11,0.0722,28200000000.0,769000000.0,11.88,-83.06
3.1e-05,6e-06,7e-13,5e-10,1.5e-10,0.0722,28200000000.0,771000000.0,11.88,-82.6
3.1e-05,6e-06,7e-13,5e-10,2e-10,0.0722,28200000000.0,771000000.0,11.88,-83.09
3.1e-05,6e-06,7e-13,5e-10,2.5e-10,0.0722,28200000000.0,771000000.0,11.88,-83.08
3.1e-05,7e-06,5e-13,4e-10,1e-10,0.0722,30400000000.0,973000000.0,11.39,-84.62
3.1e-05,7e-06,5e-13,4e-10,5e-11,0.0722,30400000000.0,976000000.0,11.39,-84.94
3.1e-05,7e-06,5e-13,4e-10,1.5e-10,0.0722,30400000000.0,975000000.0,11.39,-85.06
3.1e-05,7e-06,5e-13,4e-10,2e-10,0.0722,30400000000.0,975000000.0,11.39,-84.98
3.1e-05,7e-06,5e-13,4e-10,2.5e-10,0.0722,30400000000.0,971000000.0,11.39,-85.09
3.1e-05,7e-06,5e-13,3e-10,1e-10,0.0722,34100000000.0,1170000000.0,10.71,-89.89
3.1e-05,7e-06,5e-13,3e-10,5e-11,0.0722,34100000000.0,1170000000.0,10.71,-90.82
3.1e-05,7e-06,5e-13,3e-10,1.5e-10,0.0722,34100000000.0,1180000000.0,10.71,-89.94
3.1e-05,7e-06,5e-13,3e-10,2e-10,0.0722,34100000000.0,1170000000.0,10.72,-90.13
3.1e-05,7e-06,5e-13,3e-10,2.5e-10,0.0722,34100000000.0,1180000000.0,10.72,-90.07
3.1e-05,7e-06,5e-13,3.5e-10,1e-10,0.0722,32000000000.0,1060000000.0,11.08,-86.61
3.1e-05,7e-06,5e-13,3.5e-10,1.5e-10,0.0722,32000000000.0,1060000000.0,11.08,-86.57
3.1e-05,7e-06,5e-13,3.5e-10,2e-10,0.0722,32000000000.0,1060000000.0,11.08,-86.82
3.1e-05,7e-06,5e-13,3.5e-10,2.5e-10,0.0722,32000000000.0,1060000000.0,11.08,-86.69
3.1e-05,7e-06,5e-13,4.5e-10,1e-10,0.0722,29100000000.0,910000000.0,11.67,-83.85
3.1e-05,7e-06,5e-13,4.5e-10,5e-11,0.0722,29100000000.0,910000000.0,11.67,-83.96
3.1e-05,7e-06,5e-13,4.5e-10,1.5e-10,0.0722,29100000000.0,910000000.0,11.67,-83.51
3.1e-05,7e-06,5e-13,4.5e-10,2e-10,0.0722,29100000000.0,910000000.0,11.67,-83.41
3.1e-05,7e-06,5e-13,4.5e-10,2.5e-10,0.0722,29100000000.0,911000000.0,11.67,-83.75
3.1e-05,7e-06,5e-13,5e-10,1e-10,0.0722,28000000000.0,861000000.0,11.91,-82.74
3.1e-05,7e-06,5e-13,5e-10,5e-11,0.0722,28000000000.0,862000000.0,11.91,-82.82
3.1e-05,7e-06,5e-13,5e-10,1.5e-10,0.0722,28000000000.0,860000000.0,11.91,-82.46
3.1e-05,7e-06,5e-13,5e-10,2e-10,0.0722,28000000000.0,861000000.0,11.91,-82.92
3.1e-05,7e-06,5e-13,5e-10,2.5e-10,0.0722,28000000000.0,861000000.0,11.91,-82.73
3.1e-05,7e-06,3e-13,4e-10,1e-10,0.0722,30400000000.0,974000000.0,11.39,-85.12
3.1e-05,7e-06,3e-13,4e-10,5e-11,0.0722,30400000000.0,973000000.0,11.39,-84.55
3.1e-05,7e-06,3e-13,4e-10,1.5e-10,0.0722,30400000000.0,972000000.0,11.39,-84.78
3.1e-05,7e-06,3e-13,4e-10,2e-10,0.0722,30400000000.0,973000000.0,11.39,-84.07
3.1e-05,7e-06,3e-13,4e-10,2.5e-10,0.0722,30400000000.0,974000000.0,11.39,-84.82
3.1e-05,7e-06,3e-13,3e-10,1e-10,0.0722,34100000000.0,1180000000.0,10.72,-89.61
3.1e-05,7e-06,3e-13,3e-10,5e-11,0.0722,34100000000.0,1180000000.0,10.72,-89.75
3.1e-05,7e-06,3e-13,3e-10,1.5e-10,0.0722,34100000000.0,1170000000.0,10.72,-90.15
3.1e-05,7e-06,3e-13,3e-10,2e-10,0.0722,34100000000.0,1170000000.0,10.72,-90.62
3.1e-05,7e-06,3e-13,3e-10,2.5e-10,0.0722,34100000000.0,1180000000.0,10.72,-89.98
3.1e-05,7e-06,3e-13,3.5e-10,1e-10,0.0722,32000000000.0,1060000000.0,11.08,-86.43
3.1e-05,7e-06,3e-13,3.5e-10,5e-11,0.0722,32000000000.0,1060000000.0,11.08,-86.96
3.1e-05,7e-06,3e-13,3.5e-10,1.5e-10,0.0722,32000000000.0,1060000000.0,11.08,-86.68
3.1e-05,7e-06,3e-13,3.5e-10,2.5e-10,0.0722,32000000000.0,1060000000.0,11.08,-87.1
3.1e-05,7e-06,3e-13,4.5e-10,1e-10,0.0722,29100000000.0,912000000.0,11.67,-83.87
3.1e-05,7e-06,3e-13,4.5e-10,1.5e-10,0.0722,29100000000.0,911000000.0,11.67,-83.43
3.1e-05,7e-06,3e-13,4.5e-10,2e-10,0.0722,29100000000.0,910000000.0,11.67,-83.48
3.1e-05,7e-06,3e-13,4.5e-10,2.5e-10,0.0722,29100000000.0,911000000.0,11.67,-83.47
3.1e-05,7e-06,3e-13,5e-10,1e-10,0.0722,28000000000.0,861000000.0,11.91,-82.88
3.1e-05,7e-06,3e-13,5e-10,5e-11,0.0722,28000000000.0,861000000.0,11.91,-83.0
3.1e-05,7e-06,3e-13,5e-10,1.5e-10,0.0722,28000000000.0,860000000.0,11.91,-83.07
3.1e-05,7e-06,3e-13,5e-10,2.5e-10,0.0722,28000000000.0,862000000.0,11.91,-82.74
3.1e-05,7e-06,4e-13,4e-10,1e-10,0.0722,30400000000.0,974000000.0,11.39,-84.95
3.1e-05,7e-06,4e-13,4e-10,5e-11,0.0722,30400000000.0,973000000.0,11.39,-84.7
3.1e-05,7e-06,4e-13,4e-10,1.5e-10,0.0722,30400000000.0,973000000.0,11.39,-84.76
3.1e-05,7e-06,4e-13,4e-10,2e-10,0.0722,30400000000.0,972000000.0,11.39,-84.64
3.1e-05,7e-06,4e-13,4e-10,2.5e-10,0.0722,30400000000.0,972000000.0,11.39,-84.87
3.1e-05,7e-06,4e-13,3e-10,1e-10,0.0722,34100000000.0,1170000000.0,10.72,-89.86
3.1e-05,7e-06,4e-13,3e-10,5e-11,0.0722,34100000000.0,1170000000.0,10.71,-89.7
3.1e-05,7e-06,4e-13,3e-10,1.5e-10,0.0722,34100000000.0,1170000000.0,10.71,-90.84
3.1e-05,7e-06,4e-13,3e-10,2e-10,0.0722,34100000000.0,1170000000.0,10.71,-89.85
3.1e-05,7e-06,4e-13,3e-10,2.5e-10,0.0722,34100000000.0,1180000000.0,10.72,-85.23
3.1e-05,7e-06,4e-13,3.5e-10,1e-10,0.0722,32000000000.0,1060000000.0,11.08,-86.6
3.1e-05,7e-06,4e-13,3.5e-10,1.5e-10,0.0722,32000000000.0,1060000000.0,11.08,-86.88
3.1e-05,7e-06,4e-13,3.5e-10,2e-10,0.0722,32000000000.0,1060000000.0,11.08,-86.65
3.1e-05,7e-06,4e-13,3.5e-10,2.5e-10,0.0722,32000000000.0,1060000000.0,11.08,-86.98
3.1e-05,7e-06,4e-13,4.5e-10,1e-10,0.0722,29100000000.0,911000000.0,11.67,-83.31
3.1e-05,7e-06,4e-13,4.5e-10,2e-10,0.0722,29100000000.0,911000000.0,11.67,-83.76
3.1e-05,7e-06,4e-13,4.5e-10,2.5e-10,0.0722,29100000000.0,911000000.0,11.67,-83.41
3.1e-05,7e-06,4e-13,5e-10,1e-10,0.0722,28000000000.0,861000000.0,11.91,-82.81
3.1e-05,7e-06,4e-13,5e-10,5e-11,0.0722,28000000000.0,862000000.0,11.91,-82.41
3.1e-05,7e-06,4e-13,5e-10,1.5e-10,0.0722,28000000000.0,860000000.0,11.91,-82.64
3.1e-05,7e-06,4e-13,5e-10,2e-10,0.0722,28000000000.0,859000000.0,11.91,-83.2
3.1e-05,7e-06,4e-13,5e-10,2.5e-10,0.0722,28000000000.0,859000000.0,11.91,-83.1
3.1e-05,7e-06,6e-13,4e-10,1e-10,0.0722,30400000000.0,972000000.0,11.39,-84.75
3.1e-05,7e-06,6e-13,4e-10,5e-11,0.0722,30400000000.0,976000000.0,11.39,-84.02
3.1e-05,7e-06,6e-13,4e-10,1.5e-10,0.0722,30400000000.0,973000000.0,11.39,-84.57
3.1e-05,7e-06,6e-13,4e-10,2.5e-10,0.0722,30400000000.0,972000000.0,11.39,-84.86
3.1e-05,7e-06,6e-13,3e-10,1e-10,0.0722,34100000000.0,1170000000.0,10.71,-89.59
3.1e-05,7e-06,6e-13,3e-10,5e-11,0.0722,34100000000.0,1180000000.0,10.72,-89.97
3.1e-05,7e-06,6e-13,3e-10,1.5e-10,0.0722,34100000000.0,1180000000.0,10.72,-90.19
3.1e-05,7e-06,6e-13,3e-10,2e-10,0.0722,34100000000.0,1180000000.0,10.72,-89.53
3.1e-05,7e-06,6e-13,3e-10,2.5e-10,0.0722,34100000000.0,1180000000.0,10.72,-89.94
3.1e-05,7e-06,6e-13,3.5e-10,1e-10,0.0722,32000000000.0,1060000000.0,11.08,-86.63
3.1e-05,7e-06,6e-13,3.5e-10,5e-11,0.0722,32000000000.0,1060000000.0,11.08,-86.56
3.1e-05,7e-06,6e-13,3.5e-10,1.5e-10,0.0722,32000000000.0,1060000000.0,11.08,-86.38
3.1e-05,7e-06,6e-13,3.5e-10,2e-10,0.0722,32000000000.0,1060000000.0,11.08,-86.8
3.1e-05,7e-06,6e-13,3.5e-10,2.5e-10,0.0722,32000000000.0,1060000000.0,11.08,-87.0
3.1e-05,7e-06,6e-13,4.5e-10,5e-11,0.0722,29100000000.0,910000000.0,11.67,-83.61
3.1e-05,7e-06,6e-13,4.5e-10,1.5e-10,0.0722,29100000000.0,910000000.0,11.67,-83.73
3.1e-05,7e-06,6e-13,4.5e-10,2e-10,0.0722,29100000000.0,909000000.0,11.67,-83.51
3.1e-05,7e-06,6e-13,5e-10,1e-10,0.0722,28000000000.0,860000000.0,11.91,-83.02
3.1e-05,7e-06,6e-13,5e-10,5e-11,0.0722,28000000000.0,860000000.0,11.91,-82.7
3.1e-05,7e-06,6e-13,5e-10,1.5e-10,0.0722,28000000000.0,860000000.0,11.91,-83.06
3.1e-05,7e-06,6e-13,5e-10,2e-10,0.0722,28000000000.0,860000000.0,11.91,-83.09
3.1e-05,7e-06,6e-13,5e-10,2.5e-10,0.0722,28000000000.0,859000000.0,11.91,-82.86
3.1e-05,7e-06,7e-13,4e-10,1e-10,0.0722,30400000000.0,975000000.0,11.39,-84.67
3.1e-05,7e-06,7e-13,4e-10,5e-11,0.0722,30400000000.0,972000000.0,11.39,-84.81
3.1e-05,7e-06,7e-13,4e-10,1.5e-10,0.0722,30400000000.0,972000000.0,11.39,-84.89
3.1e-05,7e-06,7e-13,4e-10,2e-10,0.0722,30400000000.0,973000000.0,11.39,-84.77
3.1e-05,7e-06,7e-13,4e-10,2.5e-10,0.0722,30400000000.0,974000000.0,11.39,-85.02
3.1e-05,7e-06,7e-13,3e-10,1e-10,0.0722,34100000000.0,1170000000.0,10.71,-89.65
3.1e-05,7e-06,7e-13,3e-10,5e-11,0.0722,34100000000.0,1180000000.0,10.72,-90.1
3.1e-05,7e-06,7e-13,3e-10,1.5e-10,0.0722,34100000000.0,1180000000.0,10.72,-90.18
3.1e-05,7e-06,7e-13,3e-10,2e-10,0.0722,34100000000.0,1170000000.0,10.71,-89.8
3.1e-05,7e-06,7e-13,3e-10,2.5e-10,0.0722,34100000000.0,1170000000.0,10.72,-90.35
3.1e-05,7e-06,7e-13,3.5e-10,1e-10,0.0722,32000000000.0,1060000000.0,11.08,-86.79
3.1e-05,7e-06,7e-13,3.5e-10,5e-11,0.0722,32000000000.0,1060000000.0,11.08,-86.55
3.1e-05,7e-06,7e-13,3.5e-10,1.5e-10,0.0722,32000000000.0,1060000000.0,11.08,-86.81
3.1e-05,7e-06,7e-13,3.5e-10,2e-10,0.0722,32000000000.0,1060000000.0,11.08,-87.29
3.1e-05,7e-06,7e-13,4.5e-10,5e-11,0.0722,29100000000.0,910000000.0,11.67,-83.81
3.1e-05,7e-06,7e-13,4.5e-10,1.5e-10,0.0722,29100000000.0,909000000.0,11.67,-83.5
3.1e-05,7e-06,7e-13,4.5e-10,2e-10,0.0722,29100000000.0,910000000.0,11.67,-83.67
3.1e-05,7e-06,7e-13,4.5e-10,2.5e-10,0.0722,29100000000.0,909000000.0,11.67,-85.35
3.1e-05,7e-06,7e-13,5e-10,1e-10,0.0722,28000000000.0,861000000.0,11.91,-82.76
3.1e-05,7e-06,7e-13,5e-10,5e-11,0.0722,28000000000.0,859000000.0,11.91,-82.66
3.1e-05,7e-06,7e-13,5e-10,1.5e-10,0.0722,28000000000.0,860000000.0,11.91,-82.72
3.1e-05,7e-06,7e-13,5e-10,2e-10,0.0722,28000000000.0,861000000.0,11.91,-84.23
3.1e-05,7e-06,7e-13,5e-10,2.5e-10,0.0722,28000000000.0,862000000.0,11.91,-82.99
3.1e-05,8e-06,5e-13,4e-10,1e-10,0.0722,30200000000.0,1060000000.0,11.42,-84.81
3.1e-05,8e-06,5e-13,4e-10,5e-11,0.0722,30200000000.0,1060000000.0,11.42,-84.62
3.1e-05,8e-06,5e-13,4e-10,1.5e-10,0.0722,30200000000.0,1060000000.0,11.42,-85.04
3.1e-05,8e-06,5e-13,4e-10,2e-10,0.0722,30200000000.0,1060000000.0,11.42,-85.01
3.1e-05,8e-06,5e-13,4e-10,2.5e-10,0.0722,30200000000.0,1060000000.0,11.42,-84.89
3.1e-05,8e-06,5e-13,3e-10,1e-10,0.0722,33900000000.0,1280000000.0,10.74,-90.19
3.1e-05,8e-06,5e-13,3e-10,5e-11,0.0722,33900000000.0,1280000000.0,10.74,-89.97
3.1e-05,8e-06,5e-13,3e-10,1.5e-10,0.0722,33900000000.0,1280000000.0,10.74,-90.03
3.1e-05,8e-06,5e-13,3e-10,2e-10,0.0722,33900000000.0,1280000000.0,10.74,-89.48
3.1e-05,8e-06,5e-13,3e-10,2.5e-10,0.0722,33900000000.0,1280000000.0,10.74,-89.73
3.1e-05,8e-06,5e-13,3.5e-10,1e-10,0.0722,31800000000.0,1160000000.0,11.1,-86.75
3.1e-05,8e-06,5e-13,3.5e-10,5e-11,0.0722,31800000000.0,1150000000.0,11.11,-86.69
3.1e-05,8e-06,5e-13,3.5e-10,1.5e-10,0.0722,31800000000.0,1160000000.0,11.11,-86.19
3.1e-05,8e-06,5e-13,3.5e-10,2.5e-10,0.0722,31800000000.0,1150000000.0,11.1,-86.83
3.1e-05,8e-06,5e-13,4.5e-10,1e-10,0.0722,28900000000.0,992000000.0,11.7,-83.59
3.1e-05,8e-06,5e-13,4.5e-10,5e-11,0.0722,28900000000.0,994000000.0,11.7,-83.32
3.1e-05,8e-06,5e-13,4.5e-10,1.5e-10,0.0722,28900000000.0,992000000.0,11.7,-83.55
3.1e-05,8e-06,5e-13,4.5e-10,2e-10,0.0722,28900000000.0,994000000.0,11.7,-83.54
3.1e-05,8e-06,5e-13,4.5e-10,2.5e-10,0.0722,28900000000.0,994000000.0,11.7,-83.68
3.1e-05,8e-06,5e-13,5e-10,1e-10,0.0722,27800000000.0,939000000.0,11.94,-82.95
3.1e-05,8e-06,5e-13,5e-10,5e-11,0.0722,27800000000.0,938000000.0,11.94,-82.98
3.1e-05,8e-06,5e-13,5e-10,1.5e-10,0.0722,27800000000.0,933000000.0,11.94,-82.74
3.1e-05,8e-06,5e-13,5e-10,2e-10,0.0722,27800000000.0,937000000.0,11.94,-82.33
3.1e-05,8e-06,5e-13,5e-10,2.5e-10,0.0722,27800000000.0,937000000.0,11.94,-82.89
3.1e-05,8e-06,3e-13,4e-10,1e-10,0.0722,30200000000.0,1060000000.0,11.42,-84.48
3.1e-05,8e-06,3e-13,4e-10,5e-11,0.0722,30200000000.0,1060000000.0,11.42,-84.75
3.1e-05,8e-06,3e-13,4e-10,1.5e-10,0.0722,30200000000.0,1060000000.0,11.42,-84.87
3.1e-05,8e-06,3e-13,4e-10,2e-10,0.0722,30200000000.0,1060000000.0,11.42,-84.54
3.1e-05,8e-06,3e-13,4e-10,2.5e-10,0.0722,30200000000.0,1060000000.0,11.42,-84.78
3.1e-05,8e-06,3e-13,3e-10,1e-10,0.0722,33900000000.0,1280000000.0,10.74,-89.49
3.1e-05,8e-06,3e-13,3e-10,5e-11,0.0722,33900000000.0,1280000000.0,10.74,-89.75
3.1e-05,8e-06,3e-13,3e-10,1.5e-10,0.0722,33900000000.0,1280000000.0,10.74,-89.93
3.1e-05,8e-06,3e-13,3e-10,2e-10,0.0722,33900000000.0,1280000000.0,10.74,-90.26
3.1e-05,8e-06,3e-13,3e-10,2.5e-10,0.0722,33900000000.0,1290000000.0,10.74,-90.1
3.1e-05,8e-06,3e-13,3.5e-10,1e-10,0.0722,31800000000.0,1150000000.0,11.11,-86.64
3.1e-05,8e-06,3e-13,3.5e-10,1.5e-10,0.0722,31800000000.0,1150000000.0,11.11,-85.82
3.1e-05,8e-06,3e-13,3.5e-10,2e-10,0.0722,31800000000.0,1150000000.0,11.11,-86.71
3.1e-05,8e-06,3e-13,4.5e-10,1e-10,0.0722,28900000000.0,995000000.0,11.7,-83.5
3.1e-05,8e-06,3e-13,4.5e-10,5e-11,0.0722,28900000000.0,993000000.0,11.7,-83.44
3.1e-05,8e-06,3e-13,4.5e-10,1.5e-10,0.0722,28900000000.0,994000000.0,11.7,-83.71
3.1e-05,8e-06,3e-13,4.5e-10,2e-10,0.0722,28900000000.0,993000000.0,11.7,-83.91
3.1e-05,8e-06,3e-13,4.5e-10,2.5e-10,0.0722,28900000000.0,993000000.0,11.7,-83.73
3.1e-05,8e-06,3e-13,5e-10,1e-10,0.0722,27800000000.0,943000000.0,11.94,-82.81
3.1e-05,8e-06,3e-13,5e-10,5e-11,0.0722,27800000000.0,938000000.0,11.94,-82.75
3.1e-05,8e-06,3e-13,5e-10,1.5e-10,0.0722,27800000000.0,939000000.0,11.94,-83.02
3.1e-05,8e-06,3e-13,5e-10,2e-10,0.0722,27800000000.0,937000000.0,11.94,-82.62
3.1e-05,8e-06,3e-13,5e-10,2.5e-10,0.0722,27800000000.0,939000000.0,11.94,-82.63
3.1e-05,8e-06,4e-13,4e-10,5e-11,0.0722,30200000000.0,1060000000.0,11.42,-84.71
3.1e-05,8e-06,4e-13,4e-10,1.5e-10,0.0722,30200000000.0,1060000000.0,11.42,-84.47
3.1e-05,8e-06,4e-13,4e-10,2e-10,0.0722,30200000000.0,1060000000.0,11.42,-84.66
3.1e-05,8e-06,4e-13,3e-10,1e-10,0.0722,33900000000.0,1280000000.0,10.74,-89.72
3.1e-05,8e-06,4e-13,3e-10,5e-11,0.0722,33900000000.0,1280000000.0,10.74,-89.95
3.1e-05,8e-06,4e-13,3e-10,1.5e-10,0.0722,33900000000.0,1280000000.0,10.74,-89.47
3.1e-05,8e-06,4e-13,3e-10,2e-10,0.0722,33900000000.0,1280000000.0,10.74,-90.37
3.1e-05,8e-06,4e-13,3e-10,2.5e-10,0.0722,33900000000.0,1280000000.0,10.74,-86.62
3.1e-05,8e-06,4e-13,3.5e-10,1e-10,0.0722,31800000000.0,1150000000.0,11.11,-85.84
3.1e-05,8e-06,4e-13,3.5e-10,5e-11,0.0722,31800000000.0,1160000000.0,11.1,-86.71
3.1e-05,8e-06,4e-13,3.5e-10,1.5e-10,0.0722,31800000000.0,1160000000.0,11.11,-86.79
3.1e-05,8e-06,4e-13,3.5e-10,2e-10,0.0722,31800000000.0,1160000000.0,11.11,-86.49
3.1e-05,8e-06,4e-13,4.5e-10,1e-10,0.0722,28900000000.0,994000000.0,11.7,-83.43
3.1e-05,8e-06,4e-13,4.5e-10,5e-11,0.0722,28900000000.0,994000000.0,11.7,-83.21
3.1e-05,8e-06,4e-13,4.5e-10,1.5e-10,0.0722,28900000000.0,994000000.0,11.7,-85.25
3.1e-05,8e-06,4e-13,4.5e-10,2e-10,0.0722,28900000000.0,994000000.0,11.7,-83.22
3.1e-05,8e-06,4e-13,4.5e-10,2.5e-10,0.0722,28900000000.0,993000000.0,11.7,-83.55
3.1e-05,8e-06,4e-13,5e-10,1e-10,0.0722,27800000000.0,940000000.0,11.94,-82.67
3.1e-05,8e-06,4e-13,5e-10,5e-11,0.0722,27800000000.0,940000000.0,11.94,-83.01
3.1e-05,8e-06,4e-13,5e-10,1.5e-10,0.0722,27800000000.0,939000000.0,11.94,-82.7
3.1e-05,8e-06,4e-13,5e-10,2e-10,0.0722,27800000000.0,941000000.0,11.94,-82.7
3.1e-05,8e-06,4e-13,5e-10,2.5e-10,0.0722,27800000000.0,938000000.0,11.94,-82.7
3.1e-05,8e-06,6e-13,4e-10,1e-10,0.0722,30200000000.0,1060000000.0,11.42,-84.93
3.1e-05,8e-06,6e-13,4e-10,5e-11,0.0722,30200000000.0,1060000000.0,11.42,-84.37
3.1e-05,8e-06,6e-13,4e-10,2e-10,0.0722,30200000000.0,1060000000.0,11.42,-84.9
3.1e-05,8e-06,6e-13,4e-10,2.5e-10,0.0722,30200000000.0,1060000000.0,11.42,-84.74
3.1e-05,8e-06,6e-13,3e-10,1e-10,0.0722,33900000000.0,1290000000.0,10.74,-89.37
3.1e-05,8e-06,6e-13,3e-10,5e-11,0.0722,33900000000.0,1280000000.0,10.74,-91.66
3.1e-05,8e-06,6e-13,3e-10,1.5e-10,0.0722,33900000000.0,1280000000.0,10.74,-89.96
3.1e-05,8e-06,6e-13,3e-10,2e-10,0.0722,33900000000.0,1280000000.0,10.74,-89.65
3.1e-05,8e-06,6e-13,3.5e-10,1e-10,0.0722,31800000000.0,1150000000.0,11.1,-86.61
3.1e-05,8e-06,6e-13,3.5e-10,5e-11,0.0722,31800000000.0,1150000000.0,11.1,-86.54
3.1e-05,8e-06,6e-13,3.5e-10,1.5e-10,0.0722,31800000000.0,1150000000.0,11.11,-86.59
3.1e-05,8e-06,6e-13,3.5e-10,2e-10,0.0722,31800000000.0,1160000000.0,11.11,-86.78
3.1e-05,8e-06,6e-13,3.5e-10,2.5e-10,0.0722,31800000000.0,1150000000.0,11.11,-86.44
3.1e-05,8e-06,6e-13,4.5e-10,1e-10,0.0722,28900000000.0,994000000.0,11.7,-83.87
3.1e-05,8e-06,6e-13,4.5e-10,5e-11,0.0722,28900000000.0,992000000.0,11.7,-83.71
3.1e-05,8e-06,6e-13,4.5e-10,1.5e-10,0.0722,28900000000.0,993000000.0,11.7,-83.39
3.1e-05,8e-06,6e-13,4.5e-10,2e-10,0.0722,28900000000.0,994000000.0,11.7,-83.57
3.1e-05,8e-06,6e-13,4.5e-10,2.5e-10,0.0722,28900000000.0,992000000.0,11.7,-85.65
3.1e-05,8e-06,6e-13,5e-10,1e-10,0.0722,27800000000.0,940000000.0,11.94,-83.12
3.1e-05,8e-06,6e-13,5e-10,5e-11,0.0722,27800000000.0,933000000.0,11.94,-82.73
3.1e-05,8e-06,6e-13,5e-10,1.5e-10,0.0722,27800000000.0,937000000.0,11.94,-82.74
3.1e-05,8e-06,6e-13,5e-10,2e-10,0.0722,27800000000.0,940000000.0,11.94,-82.71
3.1e-05,8e-06,6e-13,5e-10,2.5e-10,0.0722,27800000000.0,937000000.0,11.94,-82.9
3.1e-05,8e-06,7e-13,4e-10,1e-10,0.0722,30200000000.0,1060000000.0,11.42,-84.69
3.1e-05,8e-06,7e-13,4e-10,5e-11,0.0722,30200000000.0,1060000000.0,11.42,-84.83
3.1e-05,8e-06,7e-13,4e-10,1.5e-10,0.0722,30200000000.0,1070000000.0,11.42,-85.03
3.1e-05,8e-06,7e-13,4e-10,2.5e-10,0.0722,30200000000.0,1060000000.0,11.42,-84.73
3.1e-05,8e-06,7e-13,3e-10,1e-10,0.0722,33900000000.0,1280000000.0,10.74,-90.0
3.1e-05,8e-06,7e-13,3e-10,5e-11,0.0722,33900000000.0,1280000000.0,10.74,-87.66
3.1e-05,8e-06,7e-13,3e-10,1.5e-10,0.0722,33900000000.0,1280000000.0,10.74,-90.11
3.1e-05,8e-06,7e-13,3e-10,2e-10,0.0722,33900000000.0,1280000000.0,10.74,-89.99
3.1e-05,8e-06,7e-13,3e-10,2.5e-10,0.0722,33900000000.0,1280000000.0,10.74,-90.12
3.1e-05,8e-06,7e-13,3.5e-10,1e-10,0.0722,31800000000.0,1160000000.0,11.11,-86.8
3.1e-05,8e-06,7e-13,3.5e-10,5e-11,0.0722,31800000000.0,1160000000.0,11.11,-86.7
3.1e-05,8e-06,7e-13,3.5e-10,1.5e-10,0.0722,31800000000.0,1150000000.0,11.1,-87.4
3.1e-05,8e-06,7e-13,3.5e-10,2e-10,0.0722,31800000000.0,1150000000.0,11.11,-86.73
3.1e-05,8e-06,7e-13,3.5e-10,2.5e-10,0.0722,31800000000.0,1150000000.0,11.11,-86.36
3.1e-05,8e-06,7e-13,4.5e-10,1e-10,0.0722,28900000000.0,993000000.0,11.7,-83.5
3.1e-05,8e-06,7e-13,4.5e-10,5e-11,0.0722,28900000000.0,992000000.0,11.7,-83.43
3.1e-05,8e-06,7e-13,4.5e-10,1.5e-10,0.0722,28900000000.0,992000000.0,11.7,-83.5
3.1e-05,8e-06,7e-13,4.5e-10,2e-10,0.0722,28900000000.0,994000000.0,11.7,-83.61
3.1e-05,8e-06,7e-13,4.5e-10,2.5e-10,0.0722,28900000000.0,994000000.0,11.7,-84.11
3.1e-05,8e-06,7e-13,5e-10,5e-11,0.0722,27800000000.0,939000000.0,11.94,-85.74
3.1e-05,8e-06,7e-13,5e-10,1.5e-10,0.0722,27800000000.0,939000000.0,11.94,-82.61
3.1e-05,8e-06,7e-13,5e-10,2e-10,0.0722,27800000000.0,940000000.0,11.94,-82.96
3.1e-05,8e-06,7e-13,5e-10,2.5e-10,0.0722,27800000000.0,941000000.0,11.94,-82.62
3.1e-05,9e-06,5e-13,4e-10,1e-10,0.0722,30000000000.0,1140000000.0,11.45,-84.57
3.1e-05,9e-06,5e-13,4e-10,5e-11,0.0722,30000000000.0,1140000000.0,11.45,-84.56
3.1e-05,9e-06,5e-13,4e-10,1.5e-10,0.0722,30000000000.0,1140000000.0,11.45,-84.74
3.1e-05,9e-06,5e-13,4e-10,2e-10,0.0722,30000000000.0,1140000000.0,11.45,-84.63
3.1e-05,9e-06,5e-13,4e-10,2.5e-10,0.0722,30000000000.0,1140000000.0,11.45,-84.48
3.1e-05,9e-06,5e-13,3e-10,1e-10,0.0722,33600000000.0,1370000000.0,10.76,-89.62
3.1e-05,9e-06,5e-13,3e-10,5e-11,0.0722,33600000000.0,1370000000.0,10.76,-89.55
3.1e-05,9e-06,5e-13,3e-10,1.5e-10,0.0722,33600000000.0,1370000000.0,10.76,-89.7
3.1e-05,9e-06,5e-13,3e-10,2e-10,0.0722,33600000000.0,1370000000.0,10.76,-89.44
3.1e-05,9e-06,5e-13,3e-10,2.5e-10,0.0722,33600000000.0,1370000000.0,10.76,-90.45
3.1e-05,9e-06,5e-13,3.5e-10,1e-10,0.0722,31600000000.0,1240000000.0,11.13,-86.36
3.1e-05,9e-06,5e-13,3.5e-10,5e-11,0.0722,31600000000.0,1230000000.0,11.13,-86.35
3.1e-05,9e-06,5e-13,3.5e-10,1.5e-10,0.0722,31600000000.0,1240000000.0,11.13,-86.6
3.1e-05,9e-06,5e-13,3.5e-10,2e-10,0.0722,31600000000.0,1240000000.0,11.13,-86.51
3.1e-05,9e-06,5e-13,3.5e-10,2.5e-10,0.0722,31600000000.0,1240000000.0,11.13,-86.32
3.1e-05,9e-06,5e-13,4.5e-10,1e-10,0.0722,28700000000.0,1060000000.0,11.72,-83.86
3.1e-05,9e-06,5e-13,4.5e-10,5e-11,0.0722,28700000000.0,1070000000.0,11.73,-83.58
3.1e-05,9e-06,5e-13,4.5e-10,1.5e-10,0.0722,28700000000.0,1060000000.0,11.72,-84.18
3.1e-05,9e-06,5e-13,4.5e-10,2e-10,0.0722,28700000000.0,1070000000.0,11.73,-83.41
3.1e-05,9e-06,5e-13,4.5e-10,2.5e-10,0.0722,28700000000.0,1070000000.0,11.72,-83.73
3.1e-05,9e-06,5e-13,5e-10,1e-10,0.0722,27600000000.0,1010000000.0,11.97,-82.87
3.1e-05,9e-06,5e-13,5e-10,5e-11,0.0722,27600000000.0,1010000000.0,11.97,-83.04
3.1e-05,9e-06,5e-13,5e-10,1.5e-10,0.0722,27600000000.0,1010000000.0,11.97,-83.11
3.1e-05,9e-06,5e-13,5e-10,2e-10,0.0722,27600000000.0,1010000000.0,11.97,-82.74
3.1e-05,9e-06,3e-13,4e-10,1e-10,0.0722,30000000000.0,1140000000.0,11.45,-84.64
3.1e-05,9e-06,3e-13,4e-10,5e-11,0.0722,30000000000.0,1140000000.0,11.45,-84.65
3.1e-05,9e-06,3e-13,4e-10,1.5e-10,0.0722,30000000000.0,1140000000.0,11.45,-84.71
3.1e-05,9e-06,3e-13,4e-10,2e-10,0.0722,30000000000.0,1140000000.0,11.45,-84.42
3.1e-05,9e-06,3e-13,4e-10,2.5e-10,0.0722,30000000000.0,1140000000.0,11.45,-84.55
3.1e-05,9e-06,3e-13,3e-10,5e-11,0.0722,33600000000.0,1380000000.0,10.76,-89.52
3.1e-05,9e-06,3e-13,3e-10,1.5e-10,0.0722,33600000000.0,1370000000.0,10.77,-90.09
3.1e-05,9e-06,3e-13,3e-10,2e-10,0.0722,33600000000.0,1370000000.0,10.76,-89.66
3.1e-05,9e-06,3e-13,3e-10,2.5e-10,0.0722,33600000000.0,1370000000.0,10.76,-89.48
3.1e-05,9e-06,3e-13,3.5e-10,1e-10,0.0722,31600000000.0,1240000000.0,11.13,-86.62
3.1e-05,9e-06,3e-13,3.5e-10,5e-11,0.0722,31600000000.0,1240000000.0,11.13,-86.44
3.1e-05,9e-06,3e-13,3.5e-10,1.5e-10,0.0722,31600000000.0,1240000000.0,11.13,-84.77
3.1e-05,9e-06,3e-13,3.5e-10,2e-10,0.0722,31600000000.0,1240000000.0,11.13,-86.69
3.1e-05,9e-06,3e-13,3.5e-10,2.5e-10,0.0722,31600000000.0,1240000000.0,11.13,-86.28
3.1e-05,9e-06,3e-13,4.5e-10,1e-10,0.0722,28700000000.0,1070000000.0,11.72,-83.72
3.1e-05,9e-06,3e-13,4.5e-10,5e-11,0.0722,28700000000.0,1070000000.0,11.73,-83.36
3.1e-05,9e-06,3e-13,5e-10,1e-10,0.0722,27600000000.0,1010000000.0,11.97,-83.02
3.1e-05,9e-06,3e-13,5e-10,5e-11,0.0722,27600000000.0,1010000000.0,11.96,-84.13
3.1e-05,9e-06,3e-13,5e-10,2e-10,0.0722,27600000000.0,1010000000.0,11.97,-82.96
3.1e-05,9e-06,3e-13,5e-10,2.5e-10,0.0722,27600000000.0,1010000000.0,11.96,-83.11
3.1e-05,9e-06,4e-13,4e-10,1e-10,0.0722,30000000000.0,1140000000.0,11.45,-84.66
3.1e-05,9e-06,4e-13,4e-10,5e-11,0.0722,30000000000.0,1140000000.0,11.45,-84.67
3.1e-05,9e-06,4e-13,4e-10,2e-10,0.0722,30000000000.0,1140000000.0,11.45,-84.52
3.1e-05,9e-06,4e-13,4e-10,2.5e-10,0.0722,30000000000.0,1140000000.0,11.45,-84.77
3.1e-05,9e-06,4e-13,3e-10,1e-10,0.0722,33600000000.0,1380000000.0,10.76,-89.07
3.1e-05,9e-06,4e-13,3e-10,5e-11,0.0722,33600000000.0,1370000000.0,10.76,-89.3
3.1e-05,9e-06,4e-13,3e-10,1.5e-10,0.0722,33600000000.0,1380000000.0,10.76,-89.42
3.1e-05,9e-06,4e-13,3e-10,2e-10,0.0722,33600000000.0,1380000000.0,10.76,-89.74
3.1e-05,9e-06,4e-13,3e-10,2.5e-10,0.0722,33600000000.0,1370000000.0,10.76,-89.28
3.1e-05,9e-06,4e-13,3.5e-10,1e-10,0.0722,31600000000.0,1240000000.0,11.13,-86.54
3.1e-05,9e-06,4e-13,3.5e-10,5e-11,0.0722,31600000000.0,1240000000.0,11.13,-86.65
3.1e-05,9e-06,4e-13,3.5e-10,1.5e-10,0.0722,31600000000.0,1230000000.0,11.13,-86.01
3.1e-05,9e-06,4e-13,3.5e-10,2e-10,0.0722,31600000000.0,1240000000.0,11.13,-86.16
3.1e-05,9e-06,4e-13,4.5e-10,1e-10,0.0722,28700000000.0,1070000000.0,11.73,-77.75
3.1e-05,9e-06,4e-13,4.5e-10,5e-11,0.0722,28700000000.0,1070000000.0,11.73,-83.92
3.1e-05,9e-06,4e-13,4.5e-10,1.5e-10,0.0722,28700000000.0,1060000000.0,11.72,-83.76
3.1e-05,9e-06,4e-13,4.5e-10,2e-10,0.0722,28700000000.0,1070000000.0,11.73,-83.52
3.1e-05,9e-06,4e-13,4.5e-10,2.5e-10,0.0722,28700000000.0,1070000000.0,11.72,-83.26
3.1e-05,9e-06,4e-13,5e-10,1e-10,0.0722,27600000000.0,1010000000.0,11.96,-82.6
3.1e-05,9e-06,4e-13,5e-10,5e-11,0.0722,27600000000.0,1000000000.0,11.97,-83.22
3.1e-05,9e-06,4e-13,5e-10,1.5e-10,0.0722,27600000000.0,1010000000.0,11.97,-82.86
3.1e-05,9e-06,4e-13,5e-10,2.5e-10,0.0722,27600000000.0,1010000000.0,11.96,-82.63
3.1e-05,9e-06,6e-13,4e-10,5e-11,0.0722,30000000000.0,1140000000.0,11.45,-84.37
3.1e-05,9e-06,6e-13,4e-10,1.5e-10,0.0722,30000000000.0,1140000000.0,11.44,-85.2
3.1e-05,9e-06,6e-13,4e-10,2e-10,0.0722,30000000000.0,1140000000.0,11.45,-84.79
3.1e-05,9e-06,6e-13,4e-10,2.5e-10,0.0722,30000000000.0,1140000000.0,11.45,-84.75
3.1e-05,9e-06,6e-13,3e-10,1e-10,0.0722,33600000000.0,1370000000.0,10.76,-89.45
3.1e-05,9e-06,6e-13,3e-10,5e-11,0.0722,33600000000.0,1370000000.0,10.76,-90.24
3.1e-05,9e-06,6e-13,3e-10,1.5e-10,0.0722,33600000000.0,1380000000.0,10.76,-89.96
3.1e-05,9e-06,6e-13,3e-10,2e-10,0.0722,33600000000.0,1370000000.0,10.76,-89.84
3.1e-05,9e-06,6e-13,3e-10,2.5e-10,0.0722,33600000000.0,1370000000.0,10.76,-89.42
3.1e-05,9e-06,6e-13,3.5e-10,1e-10,0.0722,31600000000.0,1240000000.0,11.13,-84.65
3.1e-05,9e-06,6e-13,3.5e-10,5e-11,0.0722,31600000000.0,1240000000.0,11.13,-86.45
3.1e-05,9e-06,6e-13,3.5e-10,1.5e-10,0.0722,31600000000.0,1230000000.0,11.13,-86.74
3.1e-05,9e-06,6e-13,3.5e-10,2e-10,0.0722,31600000000.0,1230000000.0,11.13,-86.36
3.1e-05,9e-06,6e-13,4.5e-10,1e-10,0.0722,28700000000.0,1060000000.0,11.73,-83.26
3.1e-05,9e-06,6e-13,4.5e-10,5e-11,0.0722,28700000000.0,1060000000.0,11.73,-83.73
3.1e-05,9e-06,6e-13,4.5e-10,2e-10,0.0722,28700000000.0,1070000000.0,11.73,-83.45
3.1e-05,9e-06,6e-13,4.5e-10,2.5e-10,0.0722,28700000000.0,1070000000.0,11.73,-83.25
3.1e-05,9e-06,6e-13,5e-10,1e-10,0.0722,27600000000.0,1010000000.0,11.96,-82.78
3.1e-05,9e-06,6e-13,5e-10,5e-11,0.0722,27600000000.0,1010000000.0,11.96,-82.88
3.1e-05,9e-06,6e-13,5e-10,1.5e-10,0.0722,27600000000.0,1010000000.0,11.96,-82.62
3.1e-05,9e-06,6e-13,5e-10,2.5e-10,0.0722,27600000000.0,1010000000.0,11.97,-82.97
3.1e-05,9e-06,7e-13,4e-10,5e-11,0.0722,30000000000.0,1140000000.0,11.45,-84.04
3.1e-05,9e-06,7e-13,4e-10,1.5e-10,0.0722,30000000000.0,1140000000.0,11.45,-84.58
3.1e-05,9e-06,7e-13,4e-10,2e-10,0.0722,30000000000.0,1140000000.0,11.45,-84.05
3.1e-05,9e-06,7e-13,3e-10,1e-10,0.0722,33600000000.0,1370000000.0,10.76,-90.46
3.1e-05,9e-06,7e-13,3e-10,5e-11,0.0722,33600000000.0,1380000000.0,10.76,-89.93
3.1e-05,9e-06,7e-13,3e-10,1.5e-10,0.0722,33600000000.0,1370000000.0,10.76,-89.47
3.1e-05,9e-06,7e-13,3e-10,2e-10,0.0722,33600000000.0,1370000000.0,10.76,-89.31
3.1e-05,9e-06,7e-13,3e-10,2.5e-10,0.0722,33600000000.0,1380000000.0,10.76,-89.26
3.1e-05,9e-06,7e-13,3.5e-10,1e-10,0.0722,31600000000.0,1240000000.0,11.13,-84.62
3.1e-05,9e-06,7e-13,3.5e-10,5e-11,0.0722,31600000000.0,1240000000.0,11.13,-85.97
3.1e-05,9e-06,7e-13,3.5e-10,1.5e-10,0.0722,31600000000.0,1240000000.0,11.13,-86.4
3.1e-05,9e-06,7e-13,3.5e-10,2.5e-10,0.0722,31600000000.0,1240000000.0,11.13,-86.49
3.1e-05,9e-06,7e-13,4.5e-10,1e-10,0.0722,28700000000.0,1070000000.0,11.73,-83.61
3.1e-05,9e-06,7e-13,4.5e-10,1.5e-10,0.0722,28700000000.0,1070000000.0,11.72,-83.27
3.1e-05,9e-06,7e-13,4.5e-10,2.5e-10,0.0722,28700000000.0,1070000000.0,11.73,-82.38
3.1e-05,9e-06,7e-13,5e-10,5e-11,0.0722,27600000000.0,1010000000.0,11.97,-82.8
3.1e-05,9e-06,7e-13,5e-10,1.5e-10,0.0722,27600000000.0,1010000000.0,11.97,-82.95
3.1e-05,9e-06,7e-13,5e-10,2e-10,0.0722,27600000000.0,1010000000.0,11.96,-82.68
3.1e-05,1e-05,5e-13,4e-10,1e-10,0.0722,29800000000.0,1200000000.0,11.47,-84.78
3.1e-05,1e-05,5e-13,4e-10,5e-11,0.0722,29800000000.0,1200000000.0,11.47,-84.15
3.1e-05,1e-05,5e-13,4e-10,1.5e-10,0.0722,29800000000.0,1210000000.0,11.47,-84.79
3.1e-05,1e-05,5e-13,4e-10,2e-10,0.0722,29800000000.0,1200000000.0,11.47,-84.38
3.1e-05,1e-05,5e-13,4e-10,2.5e-10,0.0722,29800000000.0,1210000000.0,11.47,-84.71
3.1e-05,1e-05,5e-13,3e-10,1e-10,0.0722,33400000000.0,1450000000.0,10.78,-89.14
3.1e-05,1e-05,5e-13,3e-10,5e-11,0.0722,33400000000.0,1450000000.0,10.78,-89.75
3.1e-05,1e-05,5e-13,3e-10,1.5e-10,0.0722,33400000000.0,1450000000.0,10.78,-89.21
3.1e-05,1e-05,5e-13,3e-10,2e-10,0.0722,33400000000.0,1450000000.0,10.78,-87.29
3.1e-05,1e-05,5e-13,3e-10,2.5e-10,0.0722,33400000000.0,1450000000.0,10.78,-89.5
3.1e-05,1e-05,5e-13,3.5e-10,1e-10,0.0722,31400000000.0,1310000000.0,11.15,-86.19
3.1e-05,1e-05,5e-13,3.5e-10,5e-11,0.0722,31400000000.0,1310000000.0,11.15,-86.22
3.1e-05,1e-05,5e-13,3.5e-10,1.5e-10,0.0722,31400000000.0,1310000000.0,11.15,-86.41
3.1e-05,1e-05,5e-13,3.5e-10,2e-10,0.0722,31400000000.0,1310000000.0,11.15,-86.84
3.1e-05,1e-05,5e-13,3.5e-10,2.5e-10,0.0722,31400000000.0,1310000000.0,11.15,-85.97
3.1e-05,1e-05,5e-13,4.5e-10,1e-10,0.0722,28500000000.0,1130000000.0,11.75,-83.57
3.1e-05,1e-05,5e-13,4.5e-10,5e-11,0.0722,28500000000.0,1130000000.0,11.75,-83.36
3.1e-05,1e-05,5e-13,4.5e-10,1.5e-10,0.0722,28500000000.0,1130000000.0,11.75,-83.53
3.1e-05,1e-05,5e-13,4.5e-10,2e-10,0.0722,28500000000.0,1130000000.0,11.75,-83.41
3.1e-05,1e-05,5e-13,4.5e-10,2.5e-10,0.0722,28500000000.0,1120000000.0,11.75,-83.5
3.1e-05,1e-05,5e-13,5e-10,1e-10,0.0722,27400000000.0,1060000000.0,11.99,-82.91
3.1e-05,1e-05,5e-13,5e-10,5e-11,0.0722,27500000000.0,1070000000.0,11.99,-82.64
3.1e-05,1e-05,5e-13,5e-10,1.5e-10,0.0722,27500000000.0,1060000000.0,11.98,-82.33
3.1e-05,1e-05,5e-13,5e-10,2e-10,0.0722,27400000000.0,1070000000.0,11.99,-82.93
3.1e-05,1e-05,5e-13,5e-10,2.5e-10,0.0722,27400000000.0,1060000000.0,11.99,-83.24
3.1e-05,1e-05,3e-13,4e-10,1e-10,0.0722,29800000000.0,1210000000.0,11.47,-84.6
3.1e-05,1e-05,3e-13,4e-10,5e-11,0.0722,29800000000.0,1210000000.0,11.47,-84.4
3.1e-05,1e-05,3e-13,4e-10,1.5e-10,0.0722,29800000000.0,1210000000.0,11.47,-84.68
3.1e-05,1e-05,3e-13,4e-10,2e-10,0.0722,29800000000.0,1200000000.0,11.47,-76.41
3.1e-05,1e-05,3e-13,4e-10,2.5e-10,0.0722,29800000000.0,1200000000.0,11.47,-84.64
3.1e-05,1e-05,3e-13,3e-10,1e-10,0.0722,33400000000.0,1450000000.0,10.78,-89.16
3.1e-05,1e-05,3e-13,3e-10,5e-11,0.0722,33400000000.0,1460000000.0,10.78,-88.93
3.1e-05,1e-05,3e-13,3e-10,1.5e-10,0.0722,33400000000.0,1460000000.0,10.78,-89.61
3.1e-05,1e-05,3e-13,3e-10,2e-10,0.0722,33400000000.0,1450000000.0,10.78,-89.05
3.1e-05,1e-05,3e-13,3e-10,2.5e-10,0.0722,33400000000.0,1450000000.0,10.78,-89.01
3.1e-05,1e-05,3e-13,3.5e-10,1e-10,0.0722,31400000000.0,1310000000.0,11.15,-86.58
3.1e-05,1e-05,3e-13,3.5e-10,5e-11,0.0722,31400000000.0,1310000000.0,11.15,-84.01
3.1e-05,1e-05,3e-13,3.5e-10,1.5e-10,0.0722,31400000000.0,1310000000.0,11.15,-85.36
3.1e-05,1e-05,3e-13,3.5e-10,2e-10,0.0722,31400000000.0,1310000000.0,11.15,-86.36
3.1e-05,1e-05,3e-13,3.5e-10,2.5e-10,0.0722,31400000000.0,1310000000.0,11.15,-86.3
3.1e-05,1e-05,3e-13,4.5e-10,1e-10,0.0722,28500000000.0,1130000000.0,11.75,-83.45
3.1e-05,1e-05,3e-13,4.5e-10,5e-11,0.0722,28500000000.0,1130000000.0,11.75,-83.55
3.1e-05,1e-05,3e-13,4.5e-10,1.5e-10,0.0722,28500000000.0,1130000000.0,11.75,-85.69
3.1e-05,1e-05,3e-13,4.5e-10,2e-10,0.0722,28500000000.0,1130000000.0,11.75,-83.61
3.1e-05,1e-05,3e-13,4.5e-10,2.5e-10,0.0722,28500000000.0,1130000000.0,11.75,-83.21
3.1e-05,1e-05,3e-13,5e-10,1e-10,0.0722,27500000000.0,1060000000.0,11.98,-82.66
3.1e-05,1e-05,3e-13,5e-10,5e-11,0.0722,27500000000.0,1060000000.0,11.98,-81.9
3.1e-05,1e-05,3e-13,5e-10,1.5e-10,0.0722,27500000000.0,1060000000.0,11.99,-82.87
3.1e-05,1e-05,3e-13,5e-10,2e-10,0.0722,27500000000.0,1060000000.0,11.98,-82.43
3.1e-05,1e-05,3e-13,5e-10,2.5e-10,0.0722,27500000000.0,1070000000.0,11.98,-82.55
3.1e-05,1e-05,4e-13,4e-10,1e-10,0.0722,29800000000.0,1200000000.0,11.47,-84.82
3.1e-05,1e-05,4e-13,4e-10,5e-11,0.0722,29800000000.0,1210000000.0,11.47,-84.59
3.1e-05,1e-05,4e-13,4e-10,1.5e-10,0.0722,29800000000.0,1200000000.0,11.47,-84.48
3.1e-05,1e-05,4e-13,4e-10,2e-10,0.0722,29800000000.0,1210000000.0,11.47,-86.05
3.1e-05,1e-05,4e-13,4e-10,2.5e-10,0.0722,29800000000.0,1210000000.0,11.47,-84.62
3.1e-05,1e-05,4e-13,3e-10,1e-10,0.0722,33400000000.0,1460000000.0,10.78,-89.54
3.1e-05,1e-05,4e-13,3e-10,5e-11,0.0722,33400000000.0,1450000000.0,10.78,-89.37
3.1e-05,1e-05,4e-13,3e-10,1.5e-10,0.0722,33400000000.0,1460000000.0,10.78,-89.22
3.1e-05,1e-05,4e-13,3e-10,2e-10,0.0722,33400000000.0,1450000000.0,10.78,-89.48
3.1e-05,1e-05,4e-13,3e-10,2.5e-10,0.0722,33400000000.0,1450000000.0,10.78,-89.25
3.1e-05,1e-05,4e-13,3.5e-10,1e-10,0.0722,31400000000.0,1310000000.0,11.15,-86.6
3.1e-05,1e-05,4e-13,3.5e-10,5e-11,0.0722,31400000000.0,1310000000.0,11.15,-80.05
3.1e-05,1e-05,4e-13,3.5e-10,1.5e-10,0.0722,31400000000.0,1310000000.0,11.15,-86.09
3.1e-05,1e-05,4e-13,3.5e-10,2e-10,0.0722,31400000000.0,1310000000.0,11.15,-85.47
3.1e-05,1e-05,4e-13,3.5e-10,2.5e-10,0.0722,31400000000.0,1310000000.0,11.15,-86.29
3.1e-05,1e-05,4e-13,4.5e-10,1e-10,0.0722,28500000000.0,1130000000.0,11.75,-83.75
3.1e-05,1e-05,4e-13,4.5e-10,1.5e-10,0.0722,28500000000.0,1130000000.0,11.75,-83.59
3.1e-05,1e-05,4e-13,4.5e-10,2e-10,0.0722,28500000000.0,1120000000.0,11.75,-83.32
3.1e-05,1e-05,4e-13,5e-10,5e-11,0.0722,27500000000.0,1060000000.0,11.98,-82.62
3.1e-05,1e-05,4e-13,5e-10,1.5e-10,0.0722,27500000000.0,1070000000.0,11.99,-82.68
3.1e-05,1e-05,4e-13,5e-10,2e-10,0.0722,27500000000.0,1060000000.0,11.99,-82.7
3.1e-05,1e-05,4e-13,5e-10,2.5e-10,0.0722,27500000000.0,1070000000.0,11.98,-82.85
3.1e-05,1e-05,6e-13,4e-10,1.5e-10,0.0722,29800000000.0,1200000000.0,11.47,-84.44
3.1e-05,1e-05,6e-13,4e-10,2e-10,0.0722,29800000000.0,1200000000.0,11.47,-84.8
3.1e-05,1e-05,6e-13,4e-10,2.5e-10,0.0722,29800000000.0,1200000000.0,11.47,-84.35
3.1e-05,1e-05,6e-13,3e-10,1e-10,0.0722,33400000000.0,1450000000.0,10.78,-89.29
3.1e-05,1e-05,6e-13,3e-10,5e-11,0.0722,33400000000.0,1450000000.0,10.78,-89.13
3.1e-05,1e-05,6e-13,3e-10,1.5e-10,0.0722,33400000000.0,1450000000.0,10.78,-89.41
3.1e-05,1e-05,6e-13,3e-10,2e-10,0.0722,33400000000.0,1460000000.0,10.78,-88.78
3.1e-05,1e-05,6e-13,3e-10,2.5e-10,0.0722,33400000000.0,1450000000.0,10.78,-89.77
3.1e-05,1e-05,6e-13,3.5e-10,1e-10,0.0722,31400000000.0,1310000000.0,11.15,-86.39
3.1e-05,1e-05,6e-13,3.5e-10,5e-11,0.0722,31400000000.0,1300000000.0,11.15,-87.18
3.1e-05,1e-05,6e-13,3.5e-10,1.5e-10,0.0722,31400000000.0,1310000000.0,11.15,-86.38
3.1e-05,1e-05,6e-13,3.5e-10,2.5e-10,0.0722,31400000000.0,1310000000.0,11.15,-86.37
3.1e-05,1e-05,6e-13,4.5e-10,1e-10,0.0722,28500000000.0,1130000000.0,11.75,-83.76
3.1e-05,1e-05,6e-13,4.5e-10,5e-11,0.0722,28500000000.0,1130000000.0,11.75,-83.37
3.1e-05,1e-05,6e-13,4.5e-10,2e-10,0.0722,28500000000.0,1130000000.0,11.75,-83.39
3.1e-05,1e-05,6e-13,4.5e-10,2.5e-10,0.0722,28500000000.0,1120000000.0,11.75,-83.31
3.1e-05,1e-05,6e-13,5e-10,1e-10,0.0722,27400000000.0,1060000000.0,11.99,-83.59
3.1e-05,1e-05,6e-13,5e-10,5e-11,0.0722,27400000000.0,1060000000.0,11.99,-82.87
3.1e-05,1e-05,6e-13,5e-10,1.5e-10,0.0722,27400000000.0,1060000000.0,11.99,-82.7
3.1e-05,1e-05,6e-13,5e-10,2e-10,0.0722,27400000000.0,1060000000.0,11.99,-82.64
3.1e-05,1e-05,6e-13,5e-10,2.5e-10,0.0722,27400000000.0,1060000000.0,11.99,-83.23
3.1e-05,1e-05,7e-13,4e-10,5e-11,0.0722,29800000000.0,1210000000.0,11.47,-84.64
3.1e-05,1e-05,7e-13,4e-10,2e-10,0.0722,29800000000.0,1200000000.0,11.47,-84.9
3.1e-05,1e-05,7e-13,4e-10,2.5e-10,0.0722,29800000000.0,1200000000.0,11.47,-84.59
3.1e-05,1e-05,7e-13,3e-10,1e-10,0.0722,33400000000.0,1450000000.0,10.78,-89.19
3.1e-05,1e-05,7e-13,3e-10,5e-11,0.0722,33400000000.0,1460000000.0,10.78,-89.3
3.1e-05,1e-05,7e-13,3e-10,2e-10,0.0722,33400000000.0,1450000000.0,10.78,-89.69
3.1e-05,1e-05,7e-13,3e-10,2.5e-10,0.0722,33400000000.0,1450000000.0,10.78,-89.54
3.1e-05,1e-05,7e-13,3.5e-10,1e-10,0.0722,31400000000.0,1310000000.0,11.15,-86.61
3.1e-05,1e-05,7e-13,3.5e-10,5e-11,0.0722,31400000000.0,1310000000.0,11.15,-85.48
3.1e-05,1e-05,7e-13,3.5e-10,1.5e-10,0.0722,31400000000.0,1310000000.0,11.15,-86.47
3.1e-05,1e-05,7e-13,3.5e-10,2e-10,0.0722,31400000000.0,1310000000.0,11.15,-85.55
3.1e-05,1e-05,7e-13,4.5e-10,5e-11,0.0722,28500000000.0,1130000000.0,11.75,-83.49
3.1e-05,1e-05,7e-13,4.5e-10,1.5e-10,0.0722,28500000000.0,1130000000.0,11.75,-83.27
3.1e-05,1e-05,7e-13,4.5e-10,2.5e-10,0.0722,28500000000.0,1120000000.0,11.75,-83.56
3.1e-05,1e-05,7e-13,5e-10,1e-10,0.0722,27400000000.0,1070000000.0,11.98,-82.71
3.1e-05,1e-05,7e-13,5e-10,5e-11,0.0722,27400000000.0,1070000000.0,11.99,-82.64
3.1e-05,1e-05,7e-13,5e-10,1.5e-10,0.0722,27400000000.0,1070000000.0,11.98,-82.4
3.1e-05,1e-05,7e-13,5e-10,2e-10,0.0722,27400000000.0,1060000000.0,11.99,-82.69
3.1e-05,1e-05,7e-13,5e-10,2.5e-10,0.0722,27400000000.0,1060000000.0,11.99,-82.71
3.1e-05,1.1e-05,5e-13,4e-10,1e-10,0.0722,29600000000.0,1260000000.0,11.49,-84.82
3.1e-05,1.1e-05,5e-13,4e-10,5e-11,0.0722,29600000000.0,1260000000.0,11.49,-84.47
3.1e-05,1.1e-05,5e-13,4e-10,1.5e-10,0.0722,29600000000.0,1260000000.0,11.49,-84.67
3.1e-05,1.1e-05,5e-13,4e-10,2.5e-10,0.0722,29600000000.0,1260000000.0,11.49,-84.93
3.1e-05,1.1e-05,5e-13,3e-10,1e-10,0.0722,33200000000.0,1520000000.0,10.8,-89.33
3.1e-05,1.1e-05,5e-13,3e-10,5e-11,0.0722,33200000000.0,1520000000.0,10.8,-89.53
3.1e-05,1.1e-05,5e-13,3e-10,1.5e-10,0.0722,33200000000.0,1520000000.0,10.79,-88.83
3.1e-05,1.1e-05,5e-13,3e-10,2e-10,0.0722,33200000000.0,1520000000.0,10.8,-89.13
3.1e-05,1.1e-05,5e-13,3e-10,2.5e-10,0.0722,33200000000.0,1520000000.0,10.79,-88.68
3.1e-05,1.1e-05,5e-13,3.5e-10,1e-10,0.0722,31200000000.0,1370000000.0,11.17,-86.4
3.1e-05,1.1e-05,5e-13,3.5e-10,5e-11,0.0722,31200000000.0,1370000000.0,11.17,-86.01
3.1e-05,1.1e-05,5e-13,3.5e-10,1.5e-10,0.0722,31200000000.0,1370000000.0,11.17,-86.21
3.1e-05,1.1e-05,5e-13,3.5e-10,2.5e-10,0.0722,31200000000.0,1370000000.0,11.17,-86.28
3.1e-05,1.1e-05,5e-13,4.5e-10,1e-10,0.0722,28300000000.0,1180000000.0,11.77,-83.88
3.1e-05,1.1e-05,5e-13,4.5e-10,5e-11,0.0722,28300000000.0,1180000000.0,11.77,-83.61
3.1e-05,1.1e-05,5e-13,4.5e-10,1.5e-10,0.0722,28300000000.0,1180000000.0,11.77,-83.68
3.1e-05,1.1e-05,5e-13,4.5e-10,2e-10,0.0722,28300000000.0,1180000000.0,11.77,-83.34
3.1e-05,1.1e-05,5e-13,4.5e-10,2.5e-10,0.0722,28300000000.0,1180000000.0,11.77,-83.56
3.1e-05,1.1e-05,5e-13,5e-10,1e-10,0.0722,27300000000.0,1110000000.0,12.0,-82.72
3.1e-05,1.1e-05,5e-13,5e-10,5e-11,0.0722,27300000000.0,1110000000.0,12.0,-82.92
3.1e-05,1.1e-05,5e-13,5e-10,2e-10,0.0722,27300000000.0,1110000000.0,12.0,-82.46
3.1e-05,1.1e-05,5e-13,5e-10,2.5e-10,0.0722,27300000000.0,1110000000.0,12.0,-82.6
3.1e-05,1.1e-05,3e-13,4e-10,1e-10,0.0722,29600000000.0,1260000000.0,11.49,-84.53
3.1e-05,1.1e-05,3e-13,4e-10,5e-11,0.0722,29600000000.0,1260000000.0,11.49,-84.76
3.1e-05,1.1e-05,3e-13,4e-10,2e-10,0.0722,29600000000.0,1260000000.0,11.49,-84.5
3.1e-05,1.1e-05,3e-13,4e-10,2.5e-10,0.0722,29600000000.0,1260000000.0,11.49,-84.66
3.1e-05,1.1e-05,3e-13,3e-10,1e-10,0.0722,33200000000.0,1520000000.0,10.8,-89.37
3.1e-05,1.1e-05,3e-13,3e-10,5e-11,0.0722,33200000000.0,1520000000.0,10.8,-89.23
3.1e-05,1.1e-05,3e-13,3e-10,1.5e-10,0.0722,33200000000.0,1520000000.0,10.8,-88.92
3.1e-05,1.1e-05,3e-13,3e-10,2e-10,0.0722,33200000000.0,1520000000.0,10.8,-89.62
3.1e-05,1.1e-05,3e-13,3e-10,2.5e-10,0.0722,33200000000.0,1510000000.0,10.8,-88.82
3.1e-05,1.1e-05,3e-13,3.5e-10,1e-10,0.0722,31200000000.0,1370000000.0,11.17,-85.66
3.1e-05,1.1e-05,3e-13,3.5e-10,2e-10,0.0722,31200000000.0,1370000000.0,11.17,-86.2
3.1e-05,1.1e-05,3e-13,3.5e-10,2.5e-10,0.0722,31200000000.0,1370000000.0,11.17,-86.15
3.1e-05,1.1e-05,3e-13,4.5e-10,1e-10,0.0722,28300000000.0,1180000000.0,11.77,-82.95
3.1e-05,1.1e-05,3e-13,4.5e-10,5e-11,0.0722,28300000000.0,1180000000.0,11.77,-83.49
3.1e-05,1.1e-05,3e-13,4.5e-10,2e-10,0.0722,28300000000.0,1180000000.0,11.77,-83.48
3.1e-05,1.1e-05,3e-13,4.5e-10,2.5e-10,0.0722,28300000000.0,1180000000.0,11.77,-83.63
3.1e-05,1.1e-05,3e-13,5e-10,1e-10,0.0722,27300000000.0,1120000000.0,12.0,-82.45
3.1e-05,1.1e-05,3e-13,5e-10,1.5e-10,0.0722,27300000000.0,1120000000.0,12.0,-82.67
3.1e-05,1.1e-05,3e-13,5e-10,2e-10,0.0722,27300000000.0,1120000000.0,12.0,-82.91
3.1e-05,1.1e-05,3e-13,5e-10,2.5e-10,0.0722,27300000000.0,1110000000.0,12.0,-82.61
3.1e-05,1.1e-05,4e-13,4e-10,1e-10,0.0722,29600000000.0,1260000000.0,11.49,-84.46
3.1e-05,1.1e-05,4e-13,4e-10,5e-11,0.0722,29600000000.0,1260000000.0,11.49,-84.61
3.1e-05,1.1e-05,4e-13,4e-10,1.5e-10,0.0722,29600000000.0,1260000000.0,11.49,-84.89
3.1e-05,1.1e-05,4e-13,4e-10,2e-10,0.0722,29600000000.0,1260000000.0,11.49,-84.36
3.1e-05,1.1e-05,4e-13,4e-10,2.5e-10,0.0722,29600000000.0,1260000000.0,11.49,-83.74
3.1e-05,1.1e-05,4e-13,3e-10,1e-10,0.0722,33200000000.0,1520000000.0,10.8,-89.05
3.1e-05,1.1e-05,4e-13,3e-10,5e-11,0.0722,33200000000.0,1520000000.0,10.79,-88.82
3.1e-05,1.1e-05,4e-13,3e-10,1.5e-10,0.0722,33200000000.0,1520000000.0,10.8,-89.11
3.1e-05,1.1e-05,4e-13,3e-10,2e-10,0.0722,33200000000.0,1520000000.0,10.79,-88.96
3.1e-05,1.1e-05,4e-13,3e-10,2.5e-10,0.0722,33200000000.0,1520000000.0,10.79,-89.03
3.1e-05,1.1e-05,4e-13,3.5e-10,1e-10,0.0722,31200000000.0,1370000000.0,11.17,-86.3
3.1e-05,1.1e-05,4e-13,3.5e-10,5e-11,0.0722,31200000000.0,1370000000.0,11.17,-86.24
3.1e-05,1.1e-05,4e-13,3.5e-10,2e-10,0.0722,31200000000.0,1370000000.0,11.17,-86.16
3.1e-05,1.1e-05,4e-13,3.5e-10,2.5e-10,0.0722,31200000000.0,1360000000.0,11.17,-87.17
3.1e-05,1.1e-05,4e-13,4.5e-10,1e-10,0.0722,28300000000.0,1180000000.0,11.77,-83.62
3.1e-05,1.1e-05,4e-13,4.5e-10,5e-11,0.0722,28300000000.0,1180000000.0,11.77,-83.41
3.1e-05,1.1e-05,4e-13,4.5e-10,1.5e-10,0.0722,28300000000.0,1180000000.0,11.77,-83.38
3.1e-05,1.1e-05,4e-13,4.5e-10,2e-10,0.0722,28300000000.0,1180000000.0,11.77,-83.4
3.1e-05,1.1e-05,4e-13,4.5e-10,2.5e-10,0.0722,28300000000.0,1180000000.0,11.77,-83.45
3.1e-05,1.1e-05,4e-13,5e-10,1e-10,0.0722,27300000000.0,1110000000.0,12.0,-82.58
3.1e-05,1.1e-05,4e-13,5e-10,5e-11,0.0722,27300000000.0,1110000000.0,12.0,-82.83
3.1e-05,1.1e-05,4e-13,5e-10,1.5e-10,0.0722,27300000000.0,1110000000.0,12.0,-82.96
3.1e-05,1.1e-05,4e-13,5e-10,2e-10,0.0722,27300000000.0,1110000000.0,12.0,-82.87
3.1e-05,1.1e-05,4e-13,5e-10,2.5e-10,0.0722,27300000000.0,1110000000.0,12.0,-82.76
3.1e-05,1.1e-05,6e-13,4e-10,5e-11,0.0722,29600000000.0,1260000000.0,11.49,-84.06
3.1e-05,1.1e-05,6e-13,4e-10,1.5e-10,0.0722,29600000000.0,1260000000.0,11.49,-84.94
3.1e-05,1.1e-05,6e-13,4e-10,2e-10,0.0722,29600000000.0,1260000000.0,11.49,-84.68
3.1e-05,1.1e-05,6e-13,4e-10,2.5e-10,0.0722,29600000000.0,1260000000.0,11.49,-84.85
3.1e-05,1.1e-05,6e-13,3e-10,5e-11,0.0722,33200000000.0,1520000000.0,10.8,-88.83
3.1e-05,1.1e-05,6e-13,3e-10,1.5e-10,0.0722,33200000000.0,1520000000.0,10.8,-89.36
3.1e-05,1.1e-05,6e-13,3e-10,2e-10,0.0722,33200000000.0,1520000000.0,10.8,-86.22
3.1e-05,1.1e-05,6e-13,3e-10,2.5e-10,0.0722,33200000000.0,1520000000.0,10.8,-89.58
3.1e-05,1.1e-05,6e-13,3.5e-10,1e-10,0.0722,31200000000.0,1370000000.0,11.17,-86.33
3.1e-05,1.1e-05,6e-13,3.5e-10,5e-11,0.0722,31200000000.0,1370000000.0,11.17,-84.29
3.1e-05,1.1e-05,6e-13,3.5e-10,1.5e-10,0.0722,31200000000.0,1370000000.0,11.17,-86.12
3.1e-05,1.1e-05,6e-13,4.5e-10,1e-10,0.0722,28300000000.0,1180000000.0,11.77,-83.53
3.1e-05,1.1e-05,6e-13,4.5e-10,1.5e-10,0.0722,28300000000.0,1180000000.0,11.77,-83.69
3.1e-05,1.1e-05,6e-13,4.5e-10,2e-10,0.0722,28300000000.0,1180000000.0,11.77,-83.12
3.1e-05,1.1e-05,6e-13,4.5e-10,2.5e-10,0.0722,28300000000.0,1180000000.0,11.77,-83.8
3.1e-05,1.1e-05,6e-13,5e-10,5e-11,0.0722,27300000000.0,1110000000.0,12.0,-82.67
3.1e-05,1.1e-05,6e-13,5e-10,1.5e-10,0.0722,27300000000.0,1110000000.0,12.0,-82.56
3.1e-05,1.1e-05,6e-13,5e-10,2e-10,0.0722,27300000000.0,1110000000.0,12.0,-82.3
3.1e-05,1.1e-05,7e-13,4e-10,1e-10,0.0722,29600000000.0,1260000000.0,11.49,-84.51
3.1e-05,1.1e-05,7e-13,4e-10,1.5e-10,0.0722,29600000000.0,1260000000.0,11.49,-83.69
3.1e-05,1.1e-05,7e-13,4e-10,2e-10,0.0722,29600000000.0,1260000000.0,11.49,-84.48
3.1e-05,1.1e-05,7e-13,3e-10,1e-10,0.0722,33200000000.0,1520000000.0,10.79,-88.88
3.1e-05,1.1e-05,7e-13,3e-10,5e-11,0.0722,33200000000.0,1520000000.0,10.79,-89.31
3.1e-05,1.1e-05,7e-13,3e-10,1.5e-10,0.0722,33200000000.0,1520000000.0,10.8,-89.12
3.1e-05,1.1e-05,7e-13,3e-10,2e-10,0.0722,33200000000.0,1520000000.0,10.8,-89.22
3.1e-05,1.1e-05,7e-13,3e-10,2.5e-10,0.0722,33200000000.0,1520000000.0,10.8,-89.01
3.1e-05,1.1e-05,7e-13,3.5e-10,1e-10,0.0722,31200000000.0,1370000000.0,11.17,-86.41
3.1e-05,1.1e-05,7e-13,3.5e-10,5e-11,0.0722,31200000000.0,1370000000.0,11.17,-86.22
3.1e-05,1.1e-05,7e-13,3.5e-10,1.5e-10,0.0722,31200000000.0,1370000000.0,11.17,-86.32
3.1e-05,1.1e-05,7e-13,3.5e-10,2.5e-10,0.0722,31200000000.0,1360000000.0,11.17,-86.17
3.1e-05,1.1e-05,7e-13,4.5e-10,1e-10,0.0722,28300000000.0,1180000000.0,11.77,-83.14
3.1e-05,1.1e-05,7e-13,4.5e-10,2.5e-10,0.0722,28300000000.0,1180000000.0,11.77,-83.17
3.1e-05,1.1e-05,7e-13,5e-10,1e-10,0.0722,27300000000.0,1110000000.0,12.0,-82.31
3.1e-05,1.1e-05,7e-13,5e-10,5e-11,0.0722,27300000000.0,1110000000.0,12.0,-82.47
3.1e-05,1.1e-05,7e-13,5e-10,2.5e-10,0.0722,27300000000.0,1110000000.0,12.0,-82.93
3.1e-05,1.2e-05,5e-13,4e-10,1e-10,0.0722,29400000000.0,1310000000.0,11.5,-84.38
3.1e-05,1.2e-05,5e-13,4e-10,5e-11,0.0722,29400000000.0,1300000000.0,11.5,-84.58
3.1e-05,1.2e-05,5e-13,4e-10,1.5e-10,0.0722,29400000000.0,1300000000.0,11.5,-84.51
3.1e-05,1.2e-05,5e-13,4e-10,2e-10,0.0722,29400000000.0,1310000000.0,11.5,-84.83
3.1e-05,1.2e-05,5e-13,3e-10,1e-10,0.0722,33000000000.0,1570000000.0,10.81,-84.37
3.1e-05,1.2e-05,5e-13,3e-10,5e-11,0.0722,33000000000.0,1570000000.0,10.81,-88.68
3.1e-05,1.2e-05,5e-13,3e-10,1.5e-10,0.0722,33000000000.0,1580000000.0,10.81,-89.32
3.1e-05,1.2e-05,5e-13,3e-10,2e-10,0.0722,33000000000.0,1570000000.0,10.8,-88.73
3.1e-05,1.2e-05,5e-13,3e-10,2.5e-10,0.0722,33000000000.0,1570000000.0,10.8,-88.41
3.1e-05,1.2e-05,5e-13,3.5e-10,1e-10,0.0722,31000000000.0,1420000000.0,11.18,-86.19
3.1e-05,1.2e-05,5e-13,3.5e-10,5e-11,0.0722,31000000000.0,1420000000.0,11.18,-86.16
3.1e-05,1.2e-05,5e-13,3.5e-10,1.5e-10,0.0722,31000000000.0,1420000000.0,11.18,-86.29
3.1e-05,1.2e-05,5e-13,3.5e-10,2e-10,0.0722,31000000000.0,1420000000.0,11.18,-83.43
3.1e-05,1.2e-05,5e-13,3.5e-10,2.5e-10,0.0722,31000000000.0,1420000000.0,11.18,-86.08
3.1e-05,1.2e-05,5e-13,4.5e-10,1e-10,0.0722,28200000000.0,1210000000.0,11.78,-83.4
3.1e-05,1.2e-05,5e-13,4.5e-10,5e-11,0.0722,28200000000.0,1220000000.0,11.78,-83.22
3.1e-05,1.2e-05,5e-13,4.5e-10,1.5e-10,0.0722,28200000000.0,1220000000.0,11.78,-83.35
3.1e-05,1.2e-05,5e-13,4.5e-10,2e-10,0.0722,28200000000.0,1220000000.0,11.78,-83.23
3.1e-05,1.2e-05,5e-13,4.5e-10,2.5e-10,0.0722,28200000000.0,1220000000.0,11.78,-83.28
3.1e-05,1.2e-05,5e-13,5e-10,1e-10,0.0722,27100000000.0,1150000000.0,12.02,-82.56
3.1e-05,1.2e-05,5e-13,5e-10,1.5e-10,0.0722,27100000000.0,1150000000.0,12.01,-82.64
3.1e-05,1.2e-05,5e-13,5e-10,2e-10,0.0722,27100000000.0,1150000000.0,12.02,-82.83
3.1e-05,1.2e-05,5e-13,5e-10,2.5e-10,0.0722,27100000000.0,1150000000.0,12.01,-82.3
3.1e-05,1.2e-05,3e-13,4e-10,1e-10,0.0722,29400000000.0,1310000000.0,11.51,-84.42
3.1e-05,1.2e-05,3e-13,4e-10,5e-11,0.0722,29400000000.0,1300000000.0,11.5,-84.07
3.1e-05,1.2e-05,3e-13,4e-10,1.5e-10,0.0722,29400000000.0,1310000000.0,11.51,-84.21
3.1e-05,1.2e-05,3e-13,4e-10,2e-10,0.0722,29400000000.0,1310000000.0,11.51,-83.62
3.1e-05,1.2e-05,3e-13,4e-10,2.5e-10,0.0722,29400000000.0,1310000000.0,11.5,-84.54
3.1e-05,1.2e-05,3e-13,3e-10,1e-10,0.0722,33000000000.0,1570000000.0,10.81,-87.1
3.1e-05,1.2e-05,3e-13,3e-10,5e-11,0.0722,33000000000.0,1570000000.0,10.81,-89.14
3.1e-05,1.2e-05,3e-13,3e-10,1.5e-10,0.0722,33000000000.0,1570000000.0,10.81,-89.09
3.1e-05,1.2e-05,3e-13,3e-10,2e-10,0.0722,33000000000.0,1570000000.0,10.81,-89.01
3.1e-05,1.2e-05,3e-13,3e-10,2.5e-10,0.0722,33000000000.0,1570000000.0,10.81,-89.41
3.1e-05,1.2e-05,3e-13,3.5e-10,1e-10,0.0722,31000000000.0,1420000000.0,11.18,-86.33
3.1e-05,1.2e-05,3e-13,3.5e-10,5e-11,0.0722,31000000000.0,1420000000.0,11.18,-86.3
3.1e-05,1.2e-05,3e-13,3.5e-10,1.5e-10,0.0722,31000000000.0,1420000000.0,11.18,-86.23
3.1e-05,1.2e-05,3e-13,3.5e-10,2e-10,0.0722,31000000000.0,1420000000.0,11.18,-86.1
3.1e-05,1.2e-05,3e-13,3.5e-10,2.5e-10,0.0722,31000000000.0,1420000000.0,11.18,-86.89
3.1e-05,1.2e-05,3e-13,4.5e-10,1e-10,0.0722,28200000000.0,1210000000.0,11.78,-83.37
3.1e-05,1.2e-05,3e-13,4.5e-10,1.5e-10,0.0722,28200000000.0,1220000000.0,11.78,-83.61
3.1e-05,1.2e-05,3e-13,4.5e-10,2e-10,0.0722,28200000000.0,1220000000.0,11.78,-83.52
3.1e-05,1.2e-05,3e-13,4.5e-10,2.5e-10,0.0722,28200000000.0,1220000000.0,11.78,-83.19
3.1e-05,1.2e-05,3e-13,5e-10,1e-10,0.0722,27100000000.0,1150000000.0,12.01,-82.44
3.1e-05,1.2e-05,3e-13,5e-10,5e-11,0.0722,27100000000.0,1150000000.0,12.01,-82.7
3.1e-05,1.2e-05,3e-13,5e-10,1.5e-10,0.0722,27100000000.0,1150000000.0,12.01,-82.55
3.1e-05,1.2e-05,3e-13,5e-10,2e-10,0.0722,27100000000.0,1150000000.0,12.02,-82.71
3.1e-05,1.2e-05,3e-13,5e-10,2.5e-10,0.0722,27100000000.0,1150000000.0,12.01,-82.52
3.1e-05,1.2e-05,4e-13,4e-10,1e-10,0.0722,29400000000.0,1300000000.0,11.5,-84.53
3.1e-05,1.2e-05,4e-13,4e-10,5e-11,0.0722,29400000000.0,1300000000.0,11.51,-84.43
3.1e-05,1.2e-05,4e-13,4e-10,1.5e-10,0.0722,29400000000.0,1300000000.0,11.5,-84.23
3.1e-05,1.2e-05,4e-13,4e-10,2e-10,0.0722,29400000000.0,1300000000.0,11.5,-84.57
3.1e-05,1.2e-05,4e-13,3e-10,1e-10,0.0722,33000000000.0,1570000000.0,10.81,-89.08
3.1e-05,1.2e-05,4e-13,3e-10,5e-11,0.0722,33000000000.0,1570000000.0,10.8,-88.43
3.1e-05,1.2e-05,4e-13,3e-10,1.5e-10,0.0722,33000000000.0,1570000000.0,10.81,-88.99
3.1e-05,1.2e-05,4e-13,3e-10,2e-10,0.0722,33000000000.0,1570000000.0,10.8,-89.32
3.1e-05,1.2e-05,4e-13,3e-10,2.5e-10,0.0722,33000000000.0,1570000000.0,10.8,-88.53
3.1e-05,1.2e-05,4e-13,3.5e-10,1e-10,0.0722,31000000000.0,1410000000.0,11.18,-85.99
3.1e-05,1.2e-05,4e-13,3.5e-10,1.5e-10,0.0722,31000000000.0,1420000000.0,11.18,-85.95
3.1e-05,1.2e-05,4e-13,3.5e-10,2.5e-10,0.0722,31000000000.0,1420000000.0,11.18,-83.72
3.1e-05,1.2e-05,4e-13,4.5e-10,1e-10,0.0722,28200000000.0,1220000000.0,11.78,-83.54
3.1e-05,1.2e-05,4e-13,4.5e-10,5e-11,0.0722,28200000000.0,1220000000.0,11.79,-83.48
3.1e-05,1.2e-05,4e-13,4.5e-10,1.5e-10,0.0722,28200000000.0,1220000000.0,11.78,-83.63
3.1e-05,1.2e-05,4e-13,4.5e-10,2e-10,0.0722,28200000000.0,1220000000.0,11.78,-83.58
3.1e-05,1.2e-05,4e-13,5e-10,5e-11,0.0722,27100000000.0,1150000000.0,12.01,-82.82
3.1e-05,1.2e-05,4e-13,5e-10,1.5e-10,0.0722,27100000000.0,1150000000.0,12.01,-82.6
3.1e-05,1.2e-05,4e-13,5e-10,2e-10,0.0722,27100000000.0,1150000000.0,12.01,-82.54
3.1e-05,1.2e-05,6e-13,4e-10,1e-10,0.0722,29400000000.0,1300000000.0,11.5,-84.54
3.1e-05,1.2e-05,6e-13,4e-10,5e-11,0.0722,29400000000.0,1300000000.0,11.5,-84.71
3.1e-05,1.2e-05,6e-13,4e-10,2e-10,0.0722,29400000000.0,1300000000.0,11.5,-84.52
3.1e-05,1.2e-05,6e-13,4e-10,2.5e-10,0.0722,29400000000.0,1300000000.0,11.51,-84.3
3.1e-05,1.2e-05,6e-13,3e-10,1e-10,0.0722,33000000000.0,1570000000.0,10.8,-88.72
3.1e-05,1.2e-05,6e-13,3e-10,5e-11,0.0722,33000000000.0,1570000000.0,10.81,-89.16
3.1e-05,1.2e-05,6e-13,3e-10,1.5e-10,0.0722,33000000000.0,1570000000.0,10.81,-89.1
3.1e-05,1.2e-05,6e-13,3e-10,2e-10,0.0722,33000000000.0,1570000000.0,10.81,-88.9
3.1e-05,1.2e-05,6e-13,3e-10,2.5e-10,0.0722,33000000000.0,1570000000.0,10.81,-90.09
3.1e-05,1.2e-05,6e-13,3.5e-10,1e-10,0.0722,31000000000.0,1420000000.0,11.18,-85.54
3.1e-05,1.2e-05,6e-13,3.5e-10,1.5e-10,0.0722,31000000000.0,1410000000.0,11.18,-86.18
3.1e-05,1.2e-05,6e-13,3.5e-10,2e-10,0.0722,31000000000.0,1410000000.0,11.18,-86.11
3.1e-05,1.2e-05,6e-13,3.5e-10,2.5e-10,0.0722,31000000000.0,1410000000.0,11.18,-85.87
3.1e-05,1.2e-05,6e-13,4.5e-10,1e-10,0.0722,28200000000.0,1220000000.0,11.79,-83.49
3.1e-05,1.2e-05,6e-13,4.5e-10,1.5e-10,0.0722,28200000000.0,1220000000.0,11.78,-83.56
3.1e-05,1.2e-05,6e-13,4.5e-10,2e-10,0.0722,28200000000.0,1220000000.0,11.78,-83.46
3.1e-05,1.2e-05,6e-13,4.5e-10,2.5e-10,0.0722,28200000000.0,1220000000.0,11.78,-86.31
3.1e-05,1.2e-05,6e-13,5e-10,2e-10,0.0722,27100000000.0,1150000000.0,12.01,-82.36
3.1e-05,1.2e-05,6e-13,5e-10,2.5e-10,0.0722,27100000000.0,1150000000.0,12.01,-82.58
3.1e-05,1.2e-05,7e-13,4e-10,1e-10,0.0722,29400000000.0,1300000000.0,11.5,-84.59
3.1e-05,1.2e-05,7e-13,4e-10,1.5e-10,0.0722,29400000000.0,1300000000.0,11.5,-84.47
3.1e-05,1.2e-05,7e-13,4e-10,2e-10,0.0722,29400000000.0,1300000000.0,11.51,-84.29
3.1e-05,1.2e-05,7e-13,4e-10,2.5e-10,0.0722,29400000000.0,1300000000.0,11.5,-85.0
3.1e-05,1.2e-05,7e-13,3e-10,1e-10,0.0722,33000000000.0,1570000000.0,10.8,-88.99
3.1e-05,1.2e-05,7e-13,3e-10,5e-11,0.0722,33000000000.0,1570000000.0,10.8,-88.86
3.1e-05,1.2e-05,7e-13,3e-10,2e-10,0.0722,33000000000.0,1570000000.0,10.81,-89.11
3.1e-05,1.2e-05,7e-13,3e-10,2.5e-10,0.0722,33000000000.0,1570000000.0,10.8,-88.85
3.1e-05,1.2e-05,7e-13,3.5e-10,1e-10,0.0722,31000000000.0,1420000000.0,11.18,-86.22
3.1e-05,1.2e-05,7e-13,3.5e-10,1.5e-10,0.0722,31000000000.0,1410000000.0,11.18,-86.12
3.1e-05,1.2e-05,7e-13,3.5e-10,2e-10,0.0722,31000000000.0,1420000000.0,11.18,-86.25
3.1e-05,1.2e-05,7e-13,3.5e-10,2.5e-10,0.0722,31000000000.0,1420000000.0,11.18,-86.15
3.1e-05,1.2e-05,7e-13,4.5e-10,1e-10,0.0722,28200000000.0,1210000000.0,11.78,-83.41
3.1e-05,1.2e-05,7e-13,4.5e-10,5e-11,0.0722,28200000000.0,1220000000.0,11.78,-83.44
3.1e-05,1.2e-05,7e-13,4.5e-10,2.5e-10,0.0722,28200000000.0,1220000000.0,11.78,-83.24
3.1e-05,1.2e-05,7e-13,5e-10,1e-10,0.0722,27100000000.0,1150000000.0,12.01,-82.15
3.1e-05,1.2e-05,7e-13,5e-10,1.5e-10,0.0722,27100000000.0,1150000000.0,12.01,-82.61
3.1e-05,1.2e-05,7e-13,5e-10,2e-10,0.0722,27100000000.0,1150000000.0,12.01,-82.53
3.1e-05,1.2e-05,7e-13,5e-10,2.5e-10,0.0722,27100000000.0,1150000000.0,12.01,-82.69
3.1e-05,1.3e-05,5e-13,4e-10,1e-10,0.0722,29300000000.0,1340000000.0,11.52,-84.37
3.1e-05,1.3e-05,5e-13,4e-10,5e-11,0.0722,29300000000.0,1330000000.0,11.51,-84.84
3.1e-05,1.3e-05,5e-13,4e-10,1.5e-10,0.0722,29300000000.0,1330000000.0,11.52,-84.11
3.1e-05,1.3e-05,5e-13,4e-10,2e-10,0.0722,29300000000.0,1340000000.0,11.51,-84.54
3.1e-05,1.3e-05,5e-13,4e-10,2.5e-10,0.0722,29300000000.0,1340000000.0,11.51,-84.26
3.1e-05,1.3e-05,5e-13,3e-10,1e-10,0.0722,32800000000.0,1610000000.0,10.81,-88.84
3.1e-05,1.3e-05,5e-13,3e-10,5e-11,0.0722,32800000000.0,1610000000.0,10.81,-88.48
3.1e-05,1.3e-05,5e-13,3e-10,1.5e-10,0.0722,32800000000.0,1620000000.0,10.81,-88.54
3.1e-05,1.3e-05,5e-13,3e-10,2.5e-10,0.0722,32800000000.0,1620000000.0,10.81,-90.35
3.1e-05,1.3e-05,5e-13,3.5e-10,1e-10,0.0722,30800000000.0,1450000000.0,11.19,-85.93
3.1e-05,1.3e-05,5e-13,3.5e-10,5e-11,0.0722,30800000000.0,1450000000.0,11.19,-86.83
3.1e-05,1.3e-05,5e-13,3.5e-10,1.5e-10,0.0722,30800000000.0,1450000000.0,11.19,-86.08
3.1e-05,1.3e-05,5e-13,3.5e-10,2e-10,0.0722,30800000000.0,1450000000.0,11.19,-85.97
3.1e-05,1.3e-05,5e-13,3.5e-10,2.5e-10,0.0722,30800000000.0,1460000000.0,11.19,-86.68
3.1e-05,1.3e-05,5e-13,4.5e-10,1e-10,0.0722,28000000000.0,1250000000.0,11.79,-83.32
3.1e-05,1.3e-05,5e-13,4.5e-10,5e-11,0.0722,28000000000.0,1250000000.0,11.79,-84.31
3.1e-05,1.3e-05,5e-13,4.5e-10,1.5e-10,0.0722,28000000000.0,1240000000.0,11.8,-83.63
3.1e-05,1.3e-05,5e-13,4.5e-10,2e-10,0.0722,28000000000.0,1250000000.0,11.79,-83.4
3.1e-05,1.3e-05,5e-13,4.5e-10,2.5e-10,0.0722,28000000000.0,1250000000.0,11.8,-83.45
3.1e-05,1.3e-05,5e-13,5e-10,1e-10,0.0722,27000000000.0,1190000000.0,12.02,-82.34
3.1e-05,1.3e-05,5e-13,5e-10,5e-11,0.0722,27000000000.0,1180000000.0,12.02,-82.45
3.1e-05,1.3e-05,5e-13,5e-10,1.5e-10,0.0722,27000000000.0,1180000000.0,12.03,-82.64
3.1e-05,1.3e-05,5e-13,5e-10,2e-10,0.0722,27000000000.0,1180000000.0,12.02,-82.74
3.1e-05,1.3e-05,3e-13,4e-10,1e-10,0.0722,29300000000.0,1340000000.0,11.51,-84.72
3.1e-05,1.3e-05,3e-13,4e-10,5e-11,0.0722,29300000000.0,1340000000.0,11.52,-84.27
3.1e-05,1.3e-05,3e-13,4e-10,1.5e-10,0.0722,29300000000.0,1340000000.0,11.52,-84.31
3.1e-05,1.3e-05,3e-13,4e-10,2e-10,0.0722,29300000000.0,1340000000.0,11.52,-78.5
3.1e-05,1.3e-05,3e-13,4e-10,2.5e-10,0.0722,29300000000.0,1340000000.0,11.52,-84.34
3.1e-05,1.3e-05,3e-13,3e-10,1e-10,0.0722,32800000000.0,1610000000.0,10.81,-88.68
3.1e-05,1.3e-05,3e-13,3e-10,5e-11,0.0722,32800000000.0,1610000000.0,10.81,-88.58
3.1e-05,1.3e-05,3e-13,3e-10,1.5e-10,0.0722,32800000000.0,1620000000.0,10.81,-86.18
3.1e-05,1.3e-05,3e-13,3e-10,2e-10,0.0722,32800000000.0,1620000000.0,10.81,-88.84
3.1e-05,1.3e-05,3e-13,3e-10,2.5e-10,0.0722,32800000000.0,1610000000.0,10.81,-89.2
3.1e-05,1.3e-05,3e-13,3.5e-10,1e-10,0.0722,30800000000.0,1450000000.0,11.19,-85.81
3.1e-05,1.3e-05,3e-13,3.5e-10,5e-11,0.0722,30800000000.0,1450000000.0,11.19,-85.91
3.1e-05,1.3e-05,3e-13,3.5e-10,1.5e-10,0.0722,30800000000.0,1460000000.0,11.19,-86.0
3.1e-05,1.3e-05,3e-13,3.5e-10,2e-10,0.0722,30800000000.0,1450000000.0,11.19,-86.14
3.1e-05,1.3e-05,3e-13,3.5e-10,2.5e-10,0.0722,30800000000.0,1450000000.0,11.19,-85.92
3.1e-05,1.3e-05,3e-13,4.5e-10,1e-10,0.0722,28000000000.0,1250000000.0,11.8,-83.44
3.1e-05,1.3e-05,3e-13,4.5e-10,5e-11,0.0722,28000000000.0,1250000000.0,11.8,-83.26
3.1e-05,1.3e-05,3e-13,4.5e-10,1.5e-10,0.0722,28000000000.0,1250000000.0,11.79,-83.51
3.1e-05,1.3e-05,3e-13,4.5e-10,2e-10,0.0722,28000000000.0,1250000000.0,11.79,-83.35
3.1e-05,1.3e-05,3e-13,4.5e-10,2.5e-10,0.0722,28000000000.0,1250000000.0,11.79,-83.26
3.1e-05,1.3e-05,3e-13,5e-10,1e-10,0.0722,27000000000.0,1180000000.0,12.02,-82.44
3.1e-05,1.3e-05,3e-13,5e-10,5e-11,0.0722,27000000000.0,1180000000.0,12.02,-82.7
3.1e-05,1.3e-05,3e-13,5e-10,1.5e-10,0.0722,27000000000.0,1180000000.0,12.02,-82.73
3.1e-05,1.3e-05,3e-13,5e-10,2e-10,0.0722,27000000000.0,1180000000.0,12.02,-82.48
3.1e-05,1.3e-05,4e-13,4e-10,1e-10,0.0722,29300000000.0,1340000000.0,11.51,-84.86
3.1e-05,1.3e-05,4e-13,4e-10,5e-11,0.0722,29300000000.0,1340000000.0,11.52,-84.44
3.1e-05,1.3e-05,4e-13,4e-10,1.5e-10,0.0722,29300000000.0,1340000000.0,11.52,-84.36
3.1e-05,1.3e-05,4e-13,4e-10,2e-10,0.0722,29300000000.0,1340000000.0,11.52,-84.11
3.1e-05,1.3e-05,4e-13,4e-10,2.5e-10,0.0722,29300000000.0,1330000000.0,11.52,-78.33
3.1e-05,1.3e-05,4e-13,3e-10,1e-10,0.0722,32800000000.0,1610000000.0,10.81,-88.47
3.1e-05,1.3e-05,4e-13,3e-10,5e-11,0.0722,32800000000.0,1620000000.0,10.81,-88.64
3.1e-05,1.3e-05,4e-13,3e-10,1.5e-10,0.0722,32800000000.0,1620000000.0,10.81,-88.45
3.1e-05,1.3e-05,4e-13,3e-10,2.5e-10,0.0722,32800000000.0,1620000000.0,10.81,-88.86
3.1e-05,1.3e-05,4e-13,3.5e-10,1e-10,0.0722,30800000000.0,1450000000.0,11.19,-85.74
3.1e-05,1.3e-05,4e-13,3.5e-10,5e-11,0.0722,30800000000.0,1460000000.0,11.19,-85.91
3.1e-05,1.3e-05,4e-13,3.5e-10,2e-10,0.0722,30800000000.0,1460000000.0,11.19,-86.03
3.1e-05,1.3e-05,4e-13,3.5e-10,2.5e-10,0.0722,30800000000.0,1450000000.0,11.19,-86.02
3.1e-05,1.3e-05,4e-13,4.5e-10,1e-10,0.0722,28000000000.0,1240000000.0,11.79,-83.08
3.1e-05,1.3e-05,4e-13,4.5e-10,5e-11,0.0722,28000000000.0,1250000000.0,11.8,-83.36
3.1e-05,1.3e-05,4e-13,4.5e-10,1.5e-10,0.0722,28000000000.0,1250000000.0,11.8,-83.08
3.1e-05,1.3e-05,4e-13,4.5e-10,2e-10,0.0722,28000000000.0,1250000000.0,11.79,-83.36
3.1e-05,1.3e-05,4e-13,4.5e-10,2.5e-10,0.0722,28000000000.0,1250000000.0,11.79,-83.77
3.1e-05,1.3e-05,4e-13,5e-10,1e-10,0.0722,27000000000.0,1180000000.0,12.02,-82.86
3.1e-05,1.3e-05,4e-13,5e-10,5e-11,0.0722,27000000000.0,1180000000.0,12.03,-82.74
3.1e-05,1.3e-05,4e-13,5e-10,2e-10,0.0722,27000000000.0,1180000000.0,12.02,-82.71
3.1e-05,1.3e-05,6e-13,4e-10,1e-10,0.0722,29300000000.0,1330000000.0,11.52,-84.12
3.1e-05,1.3e-05,6e-13,4e-10,1.5e-10,0.0722,29300000000.0,1340000000.0,11.51,-84.44
3.1e-05,1.3e-05,6e-13,4e-10,2.5e-10,0.0722,29300000000.0,1340000000.0,11.52,-84.38
3.1e-05,1.3e-05,6e-13,3e-10,1e-10,0.0722,32800000000.0,1610000000.0,10.81,-88.5
3.1e-05,1.3e-05,6e-13,3e-10,5e-11,0.0722,32800000000.0,1610000000.0,10.81,-88.45
3.1e-05,1.3e-05,6e-13,3e-10,1.5e-10,0.0722,32800000000.0,1610000000.0,10.81,-88.33
3.1e-05,1.3e-05,6e-13,3e-10,2e-10,0.0722,32800000000.0,1610000000.0,10.81,-88.46
3.1e-05,1.3e-05,6e-13,3e-10,2.5e-10,0.0722,32800000000.0,1620000000.0,10.81,-88.55
3.1e-05,1.3e-05,6e-13,3.5e-10,1e-10,0.0722,30800000000.0,1450000000.0,11.19,-86.31
3.1e-05,1.3e-05,6e-13,3.5e-10,5e-11,0.0722,30800000000.0,1450000000.0,11.19,-85.94
3.1e-05,1.3e-05,6e-13,3.5e-10,1.5e-10,0.0722,30800000000.0,1450000000.0,11.19,-86.69
3.1e-05,1.3e-05,6e-13,3.5e-10,2e-10,0.0722,30800000000.0,1450000000.0,11.19,-86.05
3.1e-05,1.3e-05,6e-13,3.5e-10,2.5e-10,0.0722,30800000000.0,1450000000.0,11.19,-86.37
3.1e-05,1.3e-05,6e-13,4.5e-10,5e-11,0.0722,28000000000.0,1250000000.0,11.79,-83.25
3.1e-05,1.3e-05,6e-13,4.5e-10,2e-10,0.0722,28000000000.0,1250000000.0,11.79,-83.87
3.1e-05,1.3e-05,6e-13,5e-10,5e-11,0.0722,27000000000.0,1180000000.0,12.03,-82.75
3.1e-05,1.3e-05,6e-13,5e-10,1.5e-10,0.0722,27000000000.0,1180000000.0,12.02,-82.64
3.1e-05,1.3e-05,6e-13,5e-10,2e-10,0.0722,27000000000.0,1180000000.0,12.02,-82.75
3.1e-05,1.3e-05,7e-13,4e-10,1e-10,0.0722,29300000000.0,1340000000.0,11.51,-84.57
3.1e-05,1.3e-05,7e-13,4e-10,5e-11,0.0722,29300000000.0,1340000000.0,11.51,-84.73
3.1e-05,1.3e-05,7e-13,4e-10,1.5e-10,0.0722,29300000000.0,1340000000.0,11.52,-84.22
3.1e-05,1.3e-05,7e-13,4e-10,2e-10,0.0722,29300000000.0,1330000000.0,11.52,-84.2
3.1e-05,1.3e-05,7e-13,4e-10,2.5e-10,0.0722,29300000000.0,1330000000.0,11.52,-84.33
3.1e-05,1.3e-05,7e-13,3e-10,1e-10,0.0722,32800000000.0,1620000000.0,10.81,-88.49
3.1e-05,1.3e-05,7e-13,3e-10,5e-11,0.0722,32800000000.0,1620000000.0,10.81,-86.49
3.1e-05,1.3e-05,7e-13,3e-10,2.5e-10,0.0722,32800000000.0,1610000000.0,10.81,-88.9
3.1e-05,1.3e-05,7e-13,3.5e-10,1e-10,0.0722,30800000000.0,1460000000.0,11.19,-86.27
3.1e-05,1.3e-05,7e-13,3.5e-10,5e-11,0.0722,30800000000.0,1460000000.0,11.19,-85.92
3.1e-05,1.3e-05,7e-13,3.5e-10,1.5e-10,0.0722,30800000000.0,1450000000.0,11.19,-86.23
3.1e-05,1.3e-05,7e-13,3.5e-10,2e-10,0.0722,30800000000.0,1450000000.0,11.19,-86.22
3.1e-05,1.3e-05,7e-13,3.5e-10,2.5e-10,0.0722,30800000000.0,1460000000.0,11.19,-86.11
3.1e-05,1.3e-05,7e-13,4.5e-10,1e-10,0.0722,28000000000.0,1250000000.0,11.8,-83.28
3.1e-05,1.3e-05,7e-13,4.5e-10,5e-11,0.0722,28000000000.0,1250000000.0,11.79,-83.34
3.1e-05,1.3e-05,7e-13,4.5e-10,1.5e-10,0.0722,28000000000.0,1250000000.0,11.79,-83.24
3.1e-05,1.3e-05,7e-13,4.5e-10,2.5e-10,0.0722,28000000000.0,1250000000.0,11.79,-83.49
3.1e-05,1.3e-05,7e-13,5e-10,1e-10,0.0722,27000000000.0,1180000000.0,12.02,-82.87
3.1e-05,1.3e-05,7e-13,5e-10,1.5e-10,0.0722,27000000000.0,1180000000.0,12.02,-82.42
3.1e-05,1.3e-05,7e-13,5e-10,2e-10,0.0722,27000000000.0,1180000000.0,12.02,-82.76
3.1e-05,1.3e-05,7e-13,5e-10,2.5e-10,0.0722,27000000000.0,1180000000.0,12.03,-85.18
3.1e-05,1.4e-05,5e-13,4e-10,1e-10,0.0722,29100000000.0,1360000000.0,11.52,-84.19
3.1e-05,1.4e-05,5e-13,4e-10,5e-11,0.0722,29100000000.0,1360000000.0,11.52,-84.1
3.1e-05,1.4e-05,5e-13,4e-10,1.5e-10,0.0722,29100000000.0,1360000000.0,11.52,-84.38
3.1e-05,1.4e-05,5e-13,4e-10,2e-10,0.0722,29100000000.0,1360000000.0,11.52,-84.47
3.1e-05,1.4e-05,5e-13,4e-10,2.5e-10,0.0722,29100000000.0,1360000000.0,11.52,-85.21
3.1e-05,1.4e-05,5e-13,3e-10,1e-10,0.0722,32700000000.0,1640000000.0,10.81,-88.83
3.1e-05,1.4e-05,5e-13,3e-10,5e-11,0.0722,32700000000.0,1650000000.0,10.81,-88.44
3.1e-05,1.4e-05,5e-13,3e-10,1.5e-10,0.0722,32700000000.0,1650000000.0,10.81,-88.13
3.1e-05,1.4e-05,5e-13,3e-10,2e-10,0.0722,32700000000.0,1640000000.0,10.81,-88.01
3.1e-05,1.4e-05,5e-13,3e-10,2.5e-10,0.0722,32700000000.0,1650000000.0,10.81,-89.0
3.1e-05,1.4e-05,5e-13,3.5e-10,1e-10,0.0722,30700000000.0,1480000000.0,11.19,-85.81
3.1e-05,1.4e-05,5e-13,3.5e-10,5e-11,0.0722,30700000000.0,1480000000.0,11.19,-85.87
3.1e-05,1.4e-05,5e-13,3.5e-10,1.5e-10,0.0722,30700000000.0,1480000000.0,11.19,-85.79
3.1e-05,1.4e-05,5e-13,3.5e-10,2e-10,0.0722,30700000000.0,1470000000.0,11.19,-86.01
3.1e-05,1.4e-05,5e-13,4.5e-10,1e-10,0.0722,27900000000.0,1270000000.0,11.8,-83.31
3.1e-05,1.4e-05,5e-13,4.5e-10,5e-11,0.0722,27900000000.0,1270000000.0,11.8,-83.03
3.1e-05,1.4e-05,5e-13,4.5e-10,1.5e-10,0.0722,27900000000.0,1270000000.0,11.8,-83.39
3.1e-05,1.4e-05,5e-13,4.5e-10,2e-10,0.0722,27900000000.0,1270000000.0,11.8,-83.19
3.1e-05,1.4e-05,5e-13,5e-10,1e-10,0.0722,26800000000.0,1210000000.0,12.03,-82.42
3.1e-05,1.4e-05,5e-13,5e-10,5e-11,0.0722,26800000000.0,1200000000.0,12.03,-82.67
3.1e-05,1.4e-05,5e-13,5e-10,1.5e-10,0.0722,26800000000.0,1200000000.0,12.03,-82.59
3.1e-05,1.4e-05,5e-13,5e-10,2e-10,0.0722,26800000000.0,1210000000.0,12.03,-82.41
3.1e-05,1.4e-05,3e-13,4e-10,1e-10,0.0722,29100000000.0,1360000000.0,11.52,-84.16
3.1e-05,1.4e-05,3e-13,4e-10,5e-11,0.0722,29100000000.0,1360000000.0,11.52,-86.27
3.1e-05,1.4e-05,3e-13,4e-10,2.5e-10,0.0722,29100000000.0,1360000000.0,11.52,-84.39
3.1e-05,1.4e-05,3e-13,3e-10,1e-10,0.0722,32700000000.0,1640000000.0,10.81,-87.97
3.1e-05,1.4e-05,3e-13,3e-10,5e-11,0.0722,32700000000.0,1650000000.0,10.81,-88.36
3.1e-05,1.4e-05,3e-13,3e-10,1.5e-10,0.0722,32700000000.0,1650000000.0,10.81,-88.08
3.1e-05,1.4e-05,3e-13,3e-10,2e-10,0.0722,32700000000.0,1650000000.0,10.81,-88.66
3.1e-05,1.4e-05,3e-13,3.5e-10,1e-10,0.0722,30700000000.0,1480000000.0,11.2,-85.85
3.1e-05,1.4e-05,3e-13,3.5e-10,5e-11,0.0722,30700000000.0,1480000000.0,11.2,-85.65
3.1e-05,1.4e-05,3e-13,3.5e-10,1.5e-10,0.0722,30700000000.0,1480000000.0,11.2,-85.67
3.1e-05,1.4e-05,3e-13,3.5e-10,2e-10,0.0722,30700000000.0,1480000000.0,11.19,-86.21
3.1e-05,1.4e-05,3e-13,3.5e-10,2.5e-10,0.0722,30700000000.0,1480000000.0,11.2,-78.4
3.1e-05,1.4e-05,3e-13,4.5e-10,1e-10,0.0722,27900000000.0,1270000000.0,11.8,-83.15
3.1e-05,1.4e-05,3e-13,4.5e-10,5e-11,0.0722,27900000000.0,1270000000.0,11.8,-83.51
3.1e-05,1.4e-05,3e-13,4.5e-10,2.5e-10,0.0722,27900000000.0,1270000000.0,11.8,-83.26
3.1e-05,1.4e-05,3e-13,5e-10,1e-10,0.0722,26900000000.0,1200000000.0,12.02,-82.32
3.1e-05,1.4e-05,3e-13,5e-10,1.5e-10,0.0722,26900000000.0,1200000000.0,12.03,-82.68
3.1e-05,1.4e-05,3e-13,5e-10,2e-10,0.0722,26900000000.0,1200000000.0,12.03,-82.61
3.1e-05,1.4e-05,3e-13,5e-10,2.5e-10,0.0722,26900000000.0,1200000000.0,12.03,-82.59
3.1e-05,1.4e-05,4e-13,4e-10,1e-10,0.0722,29100000000.0,1360000000.0,11.52,-85.2
3.1e-05,1.4e-05,4e-13,4e-10,5e-11,0.0722,29100000000.0,1360000000.0,11.52,-84.08
3.1e-05,1.4e-05,4e-13,4e-10,1.5e-10,0.0722,29100000000.0,1360000000.0,11.52,-80.36
3.1e-05,1.4e-05,4e-13,4e-10,2e-10,0.0722,29100000000.0,1360000000.0,11.52,-84.14
3.1e-05,1.4e-05,4e-13,4e-10,2.5e-10,0.0722,29100000000.0,1360000000.0,11.52,-84.31
3.1e-05,1.4e-05,4e-13,3e-10,1e-10,0.0722,32700000000.0,1650000000.0,10.81,-89.89
3.1e-05,1.4e-05,4e-13,3e-10,5e-11,0.0722,32700000000.0,1650000000.0,10.81,-88.65
3.1e-05,1.4e-05,4e-13,3e-10,1.5e-10,0.0722,32700000000.0,1640000000.0,10.81,-89.01
3.1e-05,1.4e-05,4e-13,3e-10,2e-10,0.0722,32700000000.0,1640000000.0,10.81,-88.33
3.1e-05,1.4e-05,4e-13,3e-10,2.5e-10,0.0722,32700000000.0,1640000000.0,10.81,-88.04
3.1e-05,1.4e-05,4e-13,3.5e-10,5e-11,0.0722,30700000000.0,1480000000.0,11.19,-85.51
3.1e-05,1.4e-05,4e-13,3.5e-10,1.5e-10,0.0722,30700000000.0,1480000000.0,11.2,-85.84
3.1e-05,1.4e-05,4e-13,3.5e-10,2e-10,0.0722,30700000000.0,1480000000.0,11.2,-85.9
3.1e-05,1.4e-05,4e-13,3.5e-10,2.5e-10,0.0722,30700000000.0,1480000000.0,11.2,-78.24
3.1e-05,1.4e-05,4e-13,4.5e-10,5e-11,0.0722,27900000000.0,1270000000.0,11.8,-83.2
3.1e-05,1.4e-05,4e-13,4.5e-10,1.5e-10,0.0722,27900000000.0,1270000000.0,11.8,-83.16
3.1e-05,1.4e-05,4e-13,4.5e-10,2e-10,0.0722,27900000000.0,1270000000.0,11.8,-83.05
3.1e-05,1.4e-05,4e-13,4.5e-10,2.5e-10,0.0722,27900000000.0,1270000000.0,11.8,-83.35
3.1e-05,1.4e-05,4e-13,5e-10,1e-10,0.0722,26900000000.0,1200000000.0,12.03,-82.65
3.1e-05,1.4e-05,4e-13,5e-10,5e-11,0.0722,26900000000.0,1200000000.0,12.02,-82.41
3.1e-05,1.4e-05,4e-13,5e-10,1.5e-10,0.0722,26900000000.0,1200000000.0,12.03,-82.32
3.1e-05,1.4e-05,4e-13,5e-10,2e-10,0.0722,26800000000.0,1210000000.0,12.03,-82.58
3.1e-05,1.4e-05,4e-13,5e-10,2.5e-10,0.0722,26800000000.0,1200000000.0,12.03,-82.58
3.1e-05,1.4e-05,6e-13,4e-10,1e-10,0.0722,29100000000.0,1360000000.0,11.52,-84.24
3.1e-05,1.4e-05,6e-13,3e-10,1e-10,0.0722,32700000000.0,1650000000.0,10.81,-88.26
3.1e-05,1.4e-05,6e-13,3e-10,5e-11,0.0722,32700000000.0,1650000000.0,10.81,-88.24
3.1e-05,1.4e-05,6e-13,3e-10,1.5e-10,0.0722,32700000000.0,1640000000.0,10.81,-88.52
3.1e-05,1.4e-05,6e-13,3e-10,2.5e-10,0.0722,32700000000.0,1650000000.0,10.81,-88.71
3.1e-05,1.4e-05,6e-13,3.5e-10,1e-10,0.0722,30700000000.0,1480000000.0,11.19,-85.69
3.1e-05,1.4e-05,6e-13,3.5e-10,5e-11,0.0722,30700000000.0,1480000000.0,11.19,-85.75
3.1e-05,1.4e-05,6e-13,3.5e-10,1.5e-10,0.0722,30700000000.0,1480000000.0,11.19,-84.88
3.1e-05,1.4e-05,6e-13,3.5e-10,2.5e-10,0.0722,30700000000.0,1480000000.0,11.2,-85.8
3.1e-05,1.4e-05,6e-13,4.5e-10,1e-10,0.0722,27900000000.0,1270000000.0,11.8,-83.23
3.1e-05,1.4e-05,6e-13,4.5e-10,5e-11,0.0722,27900000000.0,1270000000.0,11.8,-83.06
3.1e-05,1.4e-05,6e-13,4.5e-10,1.5e-10,0.0722,27900000000.0,1270000000.0,11.8,-83.21
3.1e-05,1.4e-05,6e-13,4.5e-10,2e-10,0.0722,27900000000.0,1270000000.0,11.8,-83.4
3.1e-05,1.4e-05,6e-13,4.5e-10,2.5e-10,0.0722,27900000000.0,1270000000.0,11.8,-83.53
3.1e-05,1.4e-05,6e-13,5e-10,1e-10,0.0722,26800000000.0,1210000000.0,12.03,-82.67
3.1e-05,1.4e-05,6e-13,5e-10,5e-11,0.0722,26800000000.0,1200000000.0,12.03,-82.41
3.1e-05,1.4e-05,6e-13,5e-10,1.5e-10,0.0722,26800000000.0,1190000000.0,12.02,-82.32
3.1e-05,1.4e-05,6e-13,5e-10,2e-10,0.0722,26800000000.0,1200000000.0,12.03,-82.65
3.1e-05,1.4e-05,6e-13,5e-10,2.5e-10,0.0722,26800000000.0,1200000000.0,12.03,-82.27
3.1e-05,1.4e-05,7e-13,4e-10,1e-10,0.0722,29100000000.0,1360000000.0,11.52,-84.35
3.1e-05,1.4e-05,7e-13,4e-10,1.5e-10,0.0722,29100000000.0,1360000000.0,11.52,-84.21
3.1e-05,1.4e-05,7e-13,4e-10,2.5e-10,0.0722,29100000000.0,1350000000.0,11.52,-84.22
3.1e-05,1.4e-05,7e-13,3e-10,1e-10,0.0722,32700000000.0,1650000000.0,10.81,-88.67
3.1e-05,1.4e-05,7e-13,3e-10,5e-11,0.0722,32700000000.0,1640000000.0,10.81,-88.7
3.1e-05,1.4e-05,7e-13,3e-10,2e-10,0.0722,32700000000.0,1650000000.0,10.81,-89.98
3.1e-05,1.4e-05,7e-13,3e-10,2.5e-10,0.0722,32700000000.0,1640000000.0,10.81,-88.92
3.1e-05,1.4e-05,7e-13,3.5e-10,1e-10,0.0722,30700000000.0,1480000000.0,11.2,-85.86
3.1e-05,1.4e-05,7e-13,3.5e-10,5e-11,0.0722,30700000000.0,1470000000.0,11.2,-86.11
3.1e-05,1.4e-05,7e-13,3.5e-10,2e-10,0.0722,30700000000.0,1480000000.0,11.19,-85.77
3.1e-05,1.4e-05,7e-13,3.5e-10,2.5e-10,0.0722,30700000000.0,1480000000.0,11.19,-85.63
3.1e-05,1.4e-05,7e-13,4.5e-10,1e-10,0.0722,27900000000.0,1270000000.0,11.8,-83.42
3.1e-05,1.4e-05,7e-13,4.5e-10,5e-11,0.0722,27900000000.0,1270000000.0,11.8,-83.11
3.1e-05,1.4e-05,7e-13,4.5e-10,1.5e-10,0.0722,27900000000.0,1270000000.0,11.8,-83.3
3.1e-05,1.4e-05,7e-13,4.5e-10,2e-10,0.0722,27900000000.0,1270000000.0,11.8,-83.46
3.1e-05,1.4e-05,7e-13,4.5e-10,2.5e-10,0.0722,27900000000.0,1260000000.0,11.8,-83.19
3.1e-05,1.4e-05,7e-13,5e-10,1e-10,0.0722,26800000000.0,1200000000.0,12.02,-82.25
3.1e-05,1.4e-05,7e-13,5e-10,5e-11,0.0722,26800000000.0,1200000000.0,12.03,-82.51
3.1e-05,1.4e-05,7e-13,5e-10,1.5e-10,0.0722,26800000000.0,1200000000.0,12.03,-82.84
3.1e-05,1.4e-05,7e-13,5e-10,2e-10,0.0722,26800000000.0,1200000000.0,12.03,-82.66
3.1e-05,1.4e-05,7e-13,5e-10,2.5e-10,0.0722,26800000000.0,1200000000.0,12.03,-82.63
3.1e-05,1.5e-05,5e-13,4e-10,1e-10,0.0722,29000000000.0,1380000000.0,11.53,-84.0
3.1e-05,1.5e-05,5e-13,4e-10,5e-11,0.0722,29000000000.0,1380000000.0,11.53,-83.59
3.1e-05,1.5e-05,5e-13,4e-10,1.5e-10,0.0722,29000000000.0,1380000000.0,11.53,-84.06
3.1e-05,1.5e-05,5e-13,4e-10,2e-10,0.0722,29000000000.0,1380000000.0,11.52,-84.04
3.1e-05,1.5e-05,5e-13,4e-10,2.5e-10,0.0722,29000000000.0,1370000000.0,11.53,-83.82
3.1e-05,1.5e-05,5e-13,3e-10,1e-10,0.0722,32500000000.0,1660000000.0,10.81,-88.71
3.1e-05,1.5e-05,5e-13,3e-10,5e-11,0.0722,32500000000.0,1660000000.0,10.81,-79.35
3.1e-05,1.5e-05,5e-13,3e-10,1.5e-10,0.0722,32500000000.0,1670000000.0,10.81,-88.4
3.1e-05,1.5e-05,5e-13,3e-10,2e-10,0.0722,32500000000.0,1660000000.0,10.81,-87.76
3.1e-05,1.5e-05,5e-13,3e-10,2.5e-10,0.0722,32500000000.0,1670000000.0,10.81,-88.64
3.1e-05,1.5e-05,5e-13,3.5e-10,1e-10,0.0722,30500000000.0,1500000000.0,11.2,-86.54
3.1e-05,1.5e-05,5e-13,3.5e-10,5e-11,0.0722,30500000000.0,1500000000.0,11.19,-85.9
3.1e-05,1.5e-05,5e-13,3.5e-10,1.5e-10,0.0722,30500000000.0,1500000000.0,11.2,-85.63
3.1e-05,1.5e-05,5e-13,3.5e-10,2e-10,0.0722,30500000000.0,1500000000.0,11.19,-86.85
3.1e-05,1.5e-05,5e-13,3.5e-10,2.5e-10,0.0722,30500000000.0,1490000000.0,11.2,-85.86
3.1e-05,1.5e-05,5e-13,4.5e-10,1e-10,0.0722,27700000000.0,1290000000.0,11.8,-83.0
3.1e-05,1.5e-05,5e-13,4.5e-10,1.5e-10,0.0722,27700000000.0,1280000000.0,11.8,-83.67
3.1e-05,1.5e-05,5e-13,4.5e-10,2e-10,0.0722,27700000000.0,1280000000.0,11.8,-83.26
3.1e-05,1.5e-05,5e-13,4.5e-10,2.5e-10,0.0722,27700000000.0,1290000000.0,11.8,-83.16
3.1e-05,1.5e-05,5e-13,5e-10,1e-10,0.0722,26700000000.0,1210000000.0,12.03,-82.59
3.1e-05,1.5e-05,5e-13,5e-10,5e-11,0.0722,26700000000.0,1210000000.0,12.02,-82.46
3.1e-05,1.5e-05,5e-13,5e-10,1.5e-10,0.0722,26700000000.0,1200000000.0,12.02,-82.48
3.1e-05,1.5e-05,5e-13,5e-10,2e-10,0.0722,26700000000.0,1210000000.0,12.02,-82.26
3.1e-05,1.5e-05,5e-13,5e-10,2.5e-10,0.0722,26700000000.0,1220000000.0,12.03,-82.56
3.1e-05,1.5e-05,3e-13,4e-10,1e-10,0.0722,29000000000.0,1380000000.0,11.53,-84.14
3.1e-05,1.5e-05,3e-13,4e-10,5e-11,0.0722,29000000000.0,1370000000.0,11.52,-84.33
3.1e-05,1.5e-05,3e-13,4e-10,1.5e-10,0.0722,29000000000.0,1380000000.0,11.52,-84.42
3.1e-05,1.5e-05,3e-13,4e-10,2.5e-10,0.0722,29000000000.0,1380000000.0,11.53,-83.97
3.1e-05,1.5e-05,3e-13,3e-10,1e-10,0.0722,32500000000.0,1670000000.0,10.81,-88.24
3.1e-05,1.5e-05,3e-13,3e-10,5e-11,0.0722,32500000000.0,1670000000.0,10.81,-87.94
3.1e-05,1.5e-05,3e-13,3e-10,1.5e-10,0.0722,32500000000.0,1670000000.0,10.81,-89.71
3.1e-05,1.5e-05,3e-13,3e-10,2.5e-10,0.0722,32500000000.0,1660000000.0,10.81,-88.69
3.1e-05,1.5e-05,3e-13,3.5e-10,1e-10,0.0722,30500000000.0,1500000000.0,11.19,-85.63
3.1e-05,1.5e-05,3e-13,3.5e-10,5e-11,0.0722,30500000000.0,1500000000.0,11.19,-85.33
3.1e-05,1.5e-05,3e-13,3.5e-10,1.5e-10,0.0722,30500000000.0,1500000000.0,11.2,-85.67
3.1e-05,1.5e-05,3e-13,3.5e-10,2e-10,0.0722,30500000000.0,1500000000.0,11.2,-85.73
3.1e-05,1.5e-05,3e-13,3.5e-10,2.5e-10,0.0722,30500000000.0,1500000000.0,11.19,-85.04
3.1e-05,1.5e-05,3e-13,4.5e-10,1e-10,0.0722,27700000000.0,1290000000.0,11.8,-83.17
3.1e-05,1.5e-05,3e-13,4.5e-10,5e-11,0.0722,27700000000.0,1290000000.0,11.8,-83.12
3.1e-05,1.5e-05,3e-13,4.5e-10,1.5e-10,0.0722,27700000000.0,1280000000.0,11.8,-83.29
3.1e-05,1.5e-05,3e-13,4.5e-10,2.5e-10,0.0722,27700000000.0,1290000000.0,11.8,-83.06
3.1e-05,1.5e-05,3e-13,5e-10,1e-10,0.0722,26700000000.0,1200000000.0,12.02,-82.23
3.1e-05,1.5e-05,3e-13,5e-10,2e-10,0.0722,26700000000.0,1210000000.0,12.03,-82.72
3.1e-05,1.5e-05,3e-13,5e-10,2.5e-10,0.0722,26700000000.0,1210000000.0,12.02,-82.37
3.1e-05,1.5e-05,4e-13,4e-10,1e-10,0.0722,29000000000.0,1380000000.0,11.53,-83.91
3.1e-05,1.5e-05,4e-13,4e-10,5e-11,0.0722,29000000000.0,1380000000.0,11.53,-84.29
3.1e-05,1.5e-05,4e-13,4e-10,1.5e-10,0.0722,29000000000.0,1380000000.0,11.53,-83.62
3.1e-05,1.5e-05,4e-13,4e-10,2e-10,0.0722,29000000000.0,1380000000.0,11.52,-82.99
3.1e-05,1.5e-05,4e-13,4e-10,2.5e-10,0.0722,29000000000.0,1380000000.0,11.53,-84.05
3.1e-05,1.5e-05,4e-13,3e-10,1e-10,0.0722,32500000000.0,1670000000.0,10.81,-87.81
3.1e-05,1.5e-05,4e-13,3e-10,5e-11,0.0722,32500000000.0,1670000000.0,10.81,-87.82
3.1e-05,1.5e-05,4e-13,3e-10,1.5e-10,0.0722,32500000000.0,1670000000.0,10.81,-87.99
3.1e-05,1.5e-05,4e-13,3e-10,2e-10,0.0722,32500000000.0,1660000000.0,10.81,-88.35
3.1e-05,1.5e-05,4e-13,3e-10,2.5e-10,0.0722,32500000000.0,1660000000.0,10.81,-88.24
3.1e-05,1.5e-05,4e-13,3.5e-10,1e-10,0.0722,30500000000.0,1500000000.0,11.19,-83.97
3.1e-05,1.5e-05,4e-13,3.5e-10,5e-11,0.0722,30500000000.0,1500000000.0,11.19,-85.96
3.1e-05,1.5e-05,4e-13,3.5e-10,1.5e-10,0.0722,30500000000.0,1490000000.0,11.2,-81.79
3.1e-05,1.5e-05,4e-13,3.5e-10,2e-10,0.0722,30500000000.0,1500000000.0,11.19,-86.83
3.1e-05,1.5e-05,4e-13,3.5e-10,2.5e-10,0.0722,30500000000.0,1510000000.0,11.19,-85.4
3.1e-05,1.5e-05,4e-13,4.5e-10,1e-10,0.0722,27700000000.0,1290000000.0,11.8,-83.34
3.1e-05,1.5e-05,4e-13,4.5e-10,1.5e-10,0.0722,27700000000.0,1290000000.0,11.8,-83.07
3.1e-05,1.5e-05,4e-13,4.5e-10,2e-10,0.0722,27700000000.0,1280000000.0,11.8,-83.35
3.1e-05,1.5e-05,4e-13,4.5e-10,2.5e-10,0.0722,27700000000.0,1280000000.0,11.81,-83.28
3.1e-05,1.5e-05,4e-13,5e-10,1e-10,0.0722,26700000000.0,1220000000.0,12.02,-82.42
3.1e-05,1.5e-05,4e-13,5e-10,5e-11,0.0722,26700000000.0,1220000000.0,12.03,-82.76
3.1e-05,1.5e-05,4e-13,5e-10,1.5e-10,0.0722,26700000000.0,1210000000.0,12.03,-82.62
3.1e-05,1.5e-05,4e-13,5e-10,2e-10,0.0722,26700000000.0,1220000000.0,12.02,-82.28
3.1e-05,1.5e-05,4e-13,5e-10,2.5e-10,0.0722,26700000000.0,1210000000.0,12.03,-82.54
3.1e-05,1.5e-05,6e-13,4e-10,1e-10,0.0722,29000000000.0,1380000000.0,11.52,-84.27
3.1e-05,1.5e-05,6e-13,4e-10,5e-11,0.0722,29000000000.0,1380000000.0,11.52,-84.29
3.1e-05,1.5e-05,6e-13,4e-10,1.5e-10,0.0722,29000000000.0,1380000000.0,11.53,-85.63
3.1e-05,1.5e-05,6e-13,4e-10,2.5e-10,0.0722,29000000000.0,1370000000.0,11.52,-83.87
3.1e-05,1.5e-05,6e-13,3e-10,1e-10,0.0722,32500000000.0,1660000000.0,10.81,-87.77
3.1e-05,1.5e-05,6e-13,3e-10,1.5e-10,0.0722,32500000000.0,1660000000.0,10.81,-84.61
3.1e-05,1.5e-05,6e-13,3e-10,2e-10,0.0722,32500000000.0,1660000000.0,10.81,-87.41
3.1e-05,1.5e-05,6e-13,3e-10,2.5e-10,0.0722,32500000000.0,1660000000.0,10.81,-88.4
3.1e-05,1.5e-05,6e-13,3.5e-10,1e-10,0.0722,30500000000.0,1500000000.0,11.19,-84.05
3.1e-05,1.5e-05,6e-13,3.5e-10,5e-11,0.0722,30500000000.0,1500000000.0,11.19,-85.1
3.1e-05,1.5e-05,6e-13,3.5e-10,1.5e-10,0.0722,30500000000.0,1500000000.0,11.2,-85.71
3.1e-05,1.5e-05,6e-13,3.5e-10,2e-10,0.0722,30500000000.0,1490000000.0,11.19,-85.41
3.1e-05,1.5e-05,6e-13,3.5e-10,2.5e-10,0.0722,30500000000.0,1490000000.0,11.2,-85.57
3.1e-05,1.5e-05,6e-13,4.5e-10,1e-10,0.0722,27700000000.0,1280000000.0,11.8,-83.01
3.1e-05,1.5e-05,6e-13,4.5e-10,5e-11,0.0722,27700000000.0,1280000000.0,11.8,-83.36
3.1e-05,1.5e-05,6e-13,4.5e-10,1.5e-10,0.0722,27700000000.0,1280000000.0,11.8,-83.19
3.1e-05,1.5e-05,6e-13,4.5e-10,2e-10,0.0722,27700000000.0,1290000000.0,11.8,-83.24
3.1e-05,1.5e-05,6e-13,4.5e-10,2.5e-10,0.0722,27700000000.0,1280000000.0,11.8,-83.12
3.1e-05,1.5e-05,6e-13,5e-10,1e-10,0.0722,26700000000.0,1210000000.0,12.03,-82.74
3.1e-05,1.5e-05,6e-13,5e-10,5e-11,0.0722,26700000000.0,1220000000.0,12.03,-82.58
3.1e-05,1.5e-05,6e-13,5e-10,1.5e-10,0.0722,26700000000.0,1210000000.0,12.03,-82.6
3.1e-05,1.5e-05,6e-13,5e-10,2e-10,0.0722,26700000000.0,1220000000.0,12.02,-82.35
3.1e-05,1.5e-05,6e-13,5e-10,2.5e-10,0.0722,26700000000.0,1220000000.0,12.02,-82.27
3.1e-05,1.5e-05,7e-13,4e-10,5e-11,0.0722,29000000000.0,1380000000.0,11.52,-85.23
3.1e-05,1.5e-05,7e-13,4e-10,1.5e-10,0.0722,29000000000.0,1370000000.0,11.52,-83.96
3.1e-05,1.5e-05,7e-13,4e-10,2e-10,0.0722,29000000000.0,1370000000.0,11.52,-84.38
3.1e-05,1.5e-05,7e-13,4e-10,2.5e-10,0.0722,29000000000.0,1370000000.0,11.52,-84.31
3.1e-05,1.5e-05,7e-13,3e-10,1e-10,0.0722,32500000000.0,1660000000.0,10.81,-89.45
3.1e-05,1.5e-05,7e-13,3e-10,5e-11,0.0722,32500000000.0,1660000000.0,10.81,-88.73
3.1e-05,1.5e-05,7e-13,3e-10,1.5e-10,0.0722,32500000000.0,1660000000.0,10.81,-88.41
3.1e-05,1.5e-05,7e-13,3e-10,2e-10,0.0722,32500000000.0,1660000000.0,10.81,-88.16
3.1e-05,1.5e-05,7e-13,3e-10,2.5e-10,0.0722,32500000000.0,1660000000.0,10.81,-88.5
3.1e-05,1.5e-05,7e-13,3.5e-10,1e-10,0.0722,30500000000.0,1500000000.0,11.2,-85.59
3.1e-05,1.5e-05,7e-13,3.5e-10,5e-11,0.0722,30500000000.0,1500000000.0,11.19,-85.59
3.1e-05,1.5e-05,7e-13,3.5e-10,1.5e-10,0.0722,30500000000.0,1500000000.0,11.19,-85.66
3.1e-05,1.5e-05,7e-13,3.5e-10,2e-10,0.0722,30500000000.0,1490000000.0,11.19,-85.79
3.1e-05,1.5e-05,7e-13,3.5e-10,2.5e-10,0.0722,30500000000.0,1500000000.0,11.19,-85.64
3.1e-05,1.5e-05,7e-13,4.5e-10,1.5e-10,0.0722,27700000000.0,1280000000.0,11.81,-83.29
3.1e-05,1.5e-05,7e-13,4.5e-10,2e-10,0.0722,27700000000.0,1290000000.0,11.8,-83.79
3.1e-05,1.5e-05,7e-13,4.5e-10,2.5e-10,0.0722,27700000000.0,1290000000.0,11.8,-83.35
3.1e-05,1.5e-05,7e-13,5e-10,1e-10,0.0722,26700000000.0,1210000000.0,12.02,-82.32
3.1e-05,1.5e-05,7e-13,5e-10,1.5e-10,0.0722,26700000000.0,1220000000.0,12.03,-82.39
3.1e-05,1.5e-05,7e-13,5e-10,2e-10,0.0722,26700000000.0,1220000000.0,12.03,-82.59
3.1e-05,1.5e-05,7e-13,5e-10,2.5e-10,0.0722,26700000000.0,1210000000.0,12.02,-83.16
3.1e-05,1.6e-05,5e-13,4e-10,1e-10,0.0722,28800000000.0,1380000000.0,11.52,-83.91
3.1e-05,1.6e-05,5e-13,4e-10,5e-11,0.0722,28800000000.0,1380000000.0,11.52,-82.94
3.1e-05,1.6e-05,5e-13,4e-10,1.5e-10,0.0722,28800000000.0,1380000000.0,11.52,-83.52
3.1e-05,1.6e-05,5e-13,4e-10,2e-10,0.0722,28800000000.0,1390000000.0,11.52,-83.91
3.1e-05,1.6e-05,5e-13,4e-10,2.5e-10,0.0722,28800000000.0,1390000000.0,11.52,-83.95
3.1e-05,1.6e-05,5e-13,3e-10,1e-10,0.0722,32400000000.0,1670000000.0,10.8,-88.62
3.1e-05,1.6e-05,5e-13,3e-10,5e-11,0.0722,32400000000.0,1670000000.0,10.8,-87.2
3.1e-05,1.6e-05,5e-13,3e-10,1.5e-10,0.0722,32400000000.0,1670000000.0,10.8,-87.63
3.1e-05,1.6e-05,5e-13,3e-10,2e-10,0.0722,32400000000.0,1680000000.0,10.8,-87.36
3.1e-05,1.6e-05,5e-13,3.5e-10,1e-10,0.0722,30400000000.0,1510000000.0,11.19,-85.51
3.1e-05,1.6e-05,5e-13,3.5e-10,5e-11,0.0722,30400000000.0,1510000000.0,11.19,-87.0
3.1e-05,1.6e-05,5e-13,3.5e-10,1.5e-10,0.0722,30400000000.0,1510000000.0,11.19,-85.44
3.1e-05,1.6e-05,5e-13,3.5e-10,2e-10,0.0722,30400000000.0,1510000000.0,11.19,-85.64
3.1e-05,1.6e-05,5e-13,3.5e-10,2.5e-10,0.0722,30400000000.0,1520000000.0,11.19,-85.61
3.1e-05,1.6e-05,5e-13,4.5e-10,1e-10,0.0722,27600000000.0,1290000000.0,11.8,-83.06
3.1e-05,1.6e-05,5e-13,4.5e-10,5e-11,0.0722,27600000000.0,1290000000.0,11.8,-83.79
3.1e-05,1.6e-05,5e-13,4.5e-10,1.5e-10,0.0722,27600000000.0,1290000000.0,11.8,-83.26
3.1e-05,1.6e-05,5e-13,4.5e-10,2e-10,0.0722,27600000000.0,1290000000.0,11.8,-83.17
3.1e-05,1.6e-05,5e-13,5e-10,1e-10,0.0722,26600000000.0,1220000000.0,12.02,-82.15
3.1e-05,1.6e-05,5e-13,5e-10,5e-11,0.0722,26600000000.0,1220000000.0,12.02,-82.21
3.1e-05,1.6e-05,5e-13,5e-10,2e-10,0.0722,26600000000.0,1230000000.0,12.02,-82.42
3.1e-05,1.6e-05,5e-13,5e-10,2.5e-10,0.0722,26600000000.0,1220000000.0,12.02,-81.87
3.1e-05,1.6e-05,3e-13,4e-10,1e-10,0.0722,28900000000.0,1390000000.0,11.52,-83.94
3.1e-05,1.6e-05,3e-13,4e-10,5e-11,0.0722,28900000000.0,1380000000.0,11.52,-84.1
3.1e-05,1.6e-05,3e-13,4e-10,1.5e-10,0.0722,28900000000.0,1380000000.0,11.52,-84.21
3.1e-05,1.6e-05,3e-13,4e-10,2e-10,0.0722,28900000000.0,1390000000.0,11.52,-84.03
3.1e-05,1.6e-05,3e-13,4e-10,2.5e-10,0.0722,28900000000.0,1390000000.0,11.52,-84.08
3.1e-05,1.6e-05,3e-13,3e-10,1e-10,0.0722,32400000000.0,1670000000.0,10.8,-87.96
3.1e-05,1.6e-05,3e-13,3e-10,5e-11,0.0722,32400000000.0,1670000000.0,10.8,-87.6
3.1e-05,1.6e-05,3e-13,3e-10,1.5e-10,0.0722,32400000000.0,1670000000.0,10.8,-88.1
3.1e-05,1.6e-05,3e-13,3e-10,2e-10,0.0722,32400000000.0,1680000000.0,10.8,-87.66
3.1e-05,1.6e-05,3e-13,3e-10,2.5e-10,0.0722,32400000000.0,1670000000.0,10.8,-87.82
3.1e-05,1.6e-05,3e-13,3.5e-10,1e-10,0.0722,30400000000.0,1510000000.0,11.19,-85.43
3.1e-05,1.6e-05,3e-13,3.5e-10,1.5e-10,0.0722,30400000000.0,1500000000.0,11.19,-75.88
3.1e-05,1.6e-05,3e-13,3.5e-10,2e-10,0.0722,30400000000.0,1520000000.0,11.19,-85.26
3.1e-05,1.6e-05,3e-13,3.5e-10,2.5e-10,0.0722,30400000000.0,1510000000.0,11.19,-87.02
3.1e-05,1.6e-05,3e-13,4.5e-10,1e-10,0.0722,27600000000.0,1290000000.0,11.8,-82.86
3.1e-05,1.6e-05,3e-13,4.5e-10,5e-11,0.0722,27600000000.0,1290000000.0,11.8,-82.97
3.1e-05,1.6e-05,3e-13,4.5e-10,1.5e-10,0.0722,27600000000.0,1290000000.0,11.8,-83.05
3.1e-05,1.6e-05,3e-13,4.5e-10,2e-10,0.0722,27600000000.0,1290000000.0,11.8,-83.24
3.1e-05,1.6e-05,3e-13,5e-10,1e-10,0.0722,26600000000.0,1220000000.0,12.02,-83.02
3.1e-05,1.6e-05,3e-13,5e-10,5e-11,0.0722,26600000000.0,1220000000.0,12.02,-82.5
3.1e-05,1.6e-05,3e-13,5e-10,1.5e-10,0.0722,26600000000.0,1220000000.0,12.02,-82.23
3.1e-05,1.6e-05,3e-13,5e-10,2e-10,0.0722,26600000000.0,1220000000.0,12.02,-82.52
3.1e-05,1.6e-05,3e-13,5e-10,2.5e-10,0.0722,26600000000.0,1230000000.0,12.02,-75.94
3.1e-05,1.6e-05,4e-13,4e-10,1e-10,0.0722,28800000000.0,1390000000.0,11.52,-84.18
3.1e-05,1.6e-05,4e-13,4e-10,5e-11,0.0722,28900000000.0,1390000000.0,11.52,-83.81
3.1e-05,1.6e-05,4e-13,4e-10,1.5e-10,0.0722,28800000000.0,1390000000.0,11.52,-83.79
3.1e-05,1.6e-05,4e-13,4e-10,2e-10,0.0722,28800000000.0,1380000000.0,11.52,-84.31
3.1e-05,1.6e-05,4e-13,4e-10,2.5e-10,0.0722,28800000000.0,1380000000.0,11.52,-84.2
3.1e-05,1.6e-05,4e-13,3e-10,1e-10,0.0722,32400000000.0,1670000000.0,10.8,-88.06
3.1e-05,1.6e-05,4e-13,3e-10,5e-11,0.0722,32400000000.0,1680000000.0,10.8,-87.89
3.1e-05,1.6e-05,4e-13,3e-10,1.5e-10,0.0722,32400000000.0,1670000000.0,10.8,-87.28
3.1e-05,1.6e-05,4e-13,3e-10,2e-10,0.0722,32400000000.0,1670000000.0,10.8,-88.13
3.1e-05,1.6e-05,4e-13,3e-10,2.5e-10,0.0722,32400000000.0,1670000000.0,10.8,-87.49
3.1e-05,1.6e-05,4e-13,3.5e-10,1e-10,0.0722,30400000000.0,1510000000.0,11.19,-85.23
3.1e-05,1.6e-05,4e-13,3.5e-10,5e-11,0.0722,30400000000.0,1510000000.0,11.19,-85.88
3.1e-05,1.6e-05,4e-13,3.5e-10,1.5e-10,0.0722,30400000000.0,1510000000.0,11.19,-85.7
3.1e-05,1.6e-05,4e-13,3.5e-10,2e-10,0.0722,30400000000.0,1510000000.0,11.19,-85.41
3.1e-05,1.6e-05,4e-13,3.5e-10,2.5e-10,0.0722,30400000000.0,1500000000.0,11.19,-85.37
3.1e-05,1.6e-05,4e-13,4.5e-10,1.5e-10,0.0722,27600000000.0,1290000000.0,11.8,-83.27
3.1e-05,1.6e-05,4e-13,4.5e-10,2.5e-10,0.0722,27600000000.0,1290000000.0,11.8,-83.12
3.1e-05,1.6e-05,4e-13,5e-10,1e-10,0.0722,26600000000.0,1220000000.0,12.02,-82.51
3.1e-05,1.6e-05,4e-13,5e-10,5e-11,0.0722,26600000000.0,1220000000.0,12.02,-82.38
3.1e-05,1.6e-05,4e-13,5e-10,1.5e-10,0.0722,26600000000.0,1220000000.0,12.02,-82.46
3.1e-05,1.6e-05,6e-13,4e-10,5e-11,0.0722,28800000000.0,1380000000.0,11.52,-83.62
3.1e-05,1.6e-05,6e-13,4e-10,1.5e-10,0.0722,28800000000.0,1380000000.0,11.52,-84.1
3.1e-05,1.6e-05,6e-13,4e-10,2e-10,0.0722,28800000000.0,1380000000.0,11.52,-84.11
3.1e-05,1.6e-05,6e-13,4e-10,2.5e-10,0.0722,28800000000.0,1390000000.0,11.52,-83.78
3.1e-05,1.6e-05,6e-13,3e-10,1e-10,0.0722,32400000000.0,1670000000.0,10.8,-88.37
3.1e-05,1.6e-05,6e-13,3e-10,5e-11,0.0722,32400000000.0,1670000000.0,10.8,-88.15
3.1e-05,1.6e-05,6e-13,3e-10,2.5e-10,0.0722,32300000000.0,1670000000.0,10.8,-88.1
3.1e-05,1.6e-05,6e-13,3.5e-10,1e-10,0.0722,30400000000.0,1500000000.0,11.19,-85.73
3.1e-05,1.6e-05,6e-13,3.5e-10,5e-11,0.0722,30400000000.0,1510000000.0,11.19,-87.06
3.1e-05,1.6e-05,6e-13,3.5e-10,1.5e-10,0.0722,30400000000.0,1510000000.0,11.19,-85.53
3.1e-05,1.6e-05,6e-13,3.5e-10,2e-10,0.0722,30400000000.0,1500000000.0,11.19,-85.42
3.1e-05,1.6e-05,6e-13,3.5e-10,2.5e-10,0.0722,30400000000.0,1510000000.0,11.19,-85.52
3.1e-05,1.6e-05,6e-13,4.5e-10,1e-10,0.0722,27600000000.0,1290000000.0,11.8,-83.18
3.1e-05,1.6e-05,6e-13,4.5e-10,1.5e-10,0.0722,27600000000.0,1290000000.0,11.8,-83.22
3.1e-05,1.6e-05,6e-13,4.5e-10,2e-10,0.0722,27600000000.0,1290000000.0,11.8,-83.25
3.1e-05,1.6e-05,6e-13,5e-10,1e-10,0.0722,26600000000.0,1220000000.0,12.02,-82.53
3.1e-05,1.6e-05,6e-13,5e-10,5e-11,0.0722,26600000000.0,1230000000.0,12.02,-82.49
3.1e-05,1.6e-05,6e-13,5e-10,1.5e-10,0.0722,26600000000.0,1210000000.0,12.02,-82.33
3.1e-05,1.6e-05,6e-13,5e-10,2e-10,0.0722,26600000000.0,1230000000.0,12.02,-82.55
3.1e-05,1.6e-05,6e-13,5e-10,2.5e-10,0.0722,26600000000.0,1230000000.0,12.02,-82.43
3.1e-05,1.6e-05,7e-13,4e-10,1e-10,0.0722,28800000000.0,1380000000.0,11.52,-84.05
3.1e-05,1.6e-05,7e-13,4e-10,5e-11,0.0722,28800000000.0,1380000000.0,11.52,-84.26
3.1e-05,1.6e-05,7e-13,4e-10,1.5e-10,0.0722,28800000000.0,1380000000.0,11.52,-84.18
3.1e-05,1.6e-05,7e-13,4e-10,2e-10,0.0722,28800000000.0,1380000000.0,11.52,-84.16
3.1e-05,1.6e-05,7e-13,3e-10,1e-10,0.0722,32300000000.0,1670000000.0,10.8,-88.75
3.1e-05,1.6e-05,7e-13,3e-10,5e-11,0.0722,32300000000.0,1670000000.0,10.8,-87.85
3.1e-05,1.6e-05,7e-13,3e-10,1.5e-10,0.0722,32300000000.0,1670000000.0,10.8,-88.49
3.1e-05,1.6e-05,7e-13,3e-10,2e-10,0.0722,32300000000.0,1670000000.0,10.8,-88.09
3.1e-05,1.6e-05,7e-13,3e-10,2.5e-10,0.0722,32300000000.0,1680000000.0,10.8,-87.32
3.1e-05,1.6e-05,7e-13,3.5e-10,1e-10,0.0722,30400000000.0,1510000000.0,11.19,-86.13
3.1e-05,1.6e-05,7e-13,3.5e-10,5e-11,0.0722,30400000000.0,1500000000.0,11.19,-85.56
3.1e-05,1.6e-05,7e-13,3.5e-10,1.5e-10,0.0722,30400000000.0,1510000000.0,11.19,-85.99
3.1e-05,1.6e-05,7e-13,3.5e-10,2e-10,0.0722,30400000000.0,1510000000.0,11.19,-82.46
3.1e-05,1.6e-05,7e-13,4.5e-10,1e-10,0.0722,27600000000.0,1290000000.0,11.8,-83.04
3.1e-05,1.6e-05,7e-13,4.5e-10,5e-11,0.0722,27600000000.0,1290000000.0,11.8,-83.78
3.1e-05,1.6e-05,7e-13,4.5e-10,1.5e-10,0.0722,27600000000.0,1290000000.0,11.8,-83.02
3.1e-05,1.6e-05,7e-13,4.5e-10,2e-10,0.0722,27600000000.0,1290000000.0,11.8,-83.29
3.1e-05,1.6e-05,7e-13,4.5e-10,2.5e-10,0.0722,27600000000.0,1290000000.0,11.8,-83.28
3.1e-05,1.6e-05,7e-13,5e-10,1.5e-10,0.0722,26600000000.0,1220000000.0,12.02,-82.47
3.1e-05,1.6e-05,7e-13,5e-10,2.5e-10,0.0722,26600000000.0,1210000000.0,12.02,-82.21
3.1e-05,1.7e-05,5e-13,4e-10,1e-10,0.0722,28700000000.0,1380000000.0,11.51,-84.08
3.1e-05,1.7e-05,5e-13,4e-10,5e-11,0.0722,28700000000.0,1380000000.0,11.51,-83.56
3.1e-05,1.7e-05,5e-13,4e-10,1.5e-10,0.0722,28700000000.0,1380000000.0,11.51,-84.05
3.1e-05,1.7e-05,5e-13,4e-10,2e-10,0.0722,28700000000.0,1380000000.0,11.51,-83.75
3.1e-05,1.7e-05,5e-13,4e-10,2.5e-10,0.0722,28700000000.0,1390000000.0,11.51,-84.09
3.1e-05,1.7e-05,5e-13,3e-10,1e-10,0.0722,32200000000.0,1680000000.0,10.78,-87.51
3.1e-05,1.7e-05,5e-13,3e-10,5e-11,0.0722,32200000000.0,1670000000.0,10.78,-85.56
3.1e-05,1.7e-05,5e-13,3e-10,1.5e-10,0.0722,32200000000.0,1670000000.0,10.78,-87.55
3.1e-05,1.7e-05,5e-13,3e-10,2e-10,0.0722,32200000000.0,1670000000.0,10.78,-87.34
3.1e-05,1.7e-05,5e-13,3e-10,2.5e-10,0.0722,32200000000.0,1670000000.0,10.78,-88.69
3.1e-05,1.7e-05,5e-13,3.5e-10,1e-10,0.0722,30300000000.0,1510000000.0,11.18,-85.38
3.1e-05,1.7e-05,5e-13,3.5e-10,5e-11,0.0722,30300000000.0,1510000000.0,11.18,-85.74
3.1e-05,1.7e-05,5e-13,3.5e-10,1.5e-10,0.0722,30300000000.0,1500000000.0,11.18,-85.41
3.1e-05,1.7e-05,5e-13,3.5e-10,2.5e-10,0.0722,30300000000.0,1510000000.0,11.18,-82.7
3.1e-05,1.7e-05,5e-13,4.5e-10,1e-10,0.0722,27500000000.0,1290000000.0,11.79,-82.93
3.1e-05,1.7e-05,5e-13,4.5e-10,5e-11,0.0722,27500000000.0,1290000000.0,11.79,-83.14
3.1e-05,1.7e-05,5e-13,4.5e-10,1.5e-10,0.0722,27500000000.0,1300000000.0,11.79,-82.85
3.1e-05,1.7e-05,5e-13,4.5e-10,2e-10,0.0722,27500000000.0,1290000000.0,11.79,-83.12
3.1e-05,1.7e-05,5e-13,4.5e-10,2.5e-10,0.0722,27500000000.0,1290000000.0,11.79,-83.05
3.1e-05,1.7e-05,5e-13,5e-10,1e-10,0.0722,26500000000.0,1220000000.0,12.01,-82.19
3.1e-05,1.7e-05,5e-13,5e-10,5e-11,0.0722,26500000000.0,1220000000.0,12.01,-82.1
3.1e-05,1.7e-05,5e-13,5e-10,1.5e-10,0.0722,26500000000.0,1220000000.0,12.01,-82.31
3.1e-05,1.7e-05,5e-13,5e-10,2e-10,0.0722,26500000000.0,1220000000.0,12.01,-82.41
3.1e-05,1.7e-05,5e-13,5e-10,2.5e-10,0.0722,26500000000.0,1230000000.0,12.01,-82.19
3.1e-05,1.7e-05,3e-13,4e-10,1e-10,0.0722,28700000000.0,1380000000.0,11.51,-83.99
3.1e-05,1.7e-05,3e-13,4e-10,5e-11,0.0722,28700000000.0,1390000000.0,11.51,-83.77
3.1e-05,1.7e-05,3e-13,4e-10,1.5e-10,0.0722,28700000000.0,1390000000.0,11.51,-84.36
3.1e-05,1.7e-05,3e-13,4e-10,2e-10,0.0722,28700000000.0,1390000000.0,11.51,-84.31
3.1e-05,1.7e-05,3e-13,4e-10,2.5e-10,0.0722,28700000000.0,1390000000.0,11.51,-83.73
3.1e-05,1.7e-05,3e-13,3e-10,1e-10,0.0722,32200000000.0,1670000000.0,10.79,-87.89
3.1e-05,1.7e-05,3e-13,3e-10,5e-11,0.0722,32200000000.0,1680000000.0,10.78,-87.6
3.1e-05,1.7e-05,3e-13,3e-10,1.5e-10,0.0722,32200000000.0,1670000000.0,10.79,-88.25
3.1e-05,1.7e-05,3e-13,3e-10,2e-10,0.0722,32200000000.0,1670000000.0,10.78,-87.24
3.1e-05,1.7e-05,3e-13,3e-10,2.5e-10,0.0722,32200000000.0,1670000000.0,10.79,-87.78
3.1e-05,1.7e-05,3e-13,3.5e-10,1e-10,0.0722,30300000000.0,1500000000.0,11.18,-85.29
3.1e-05,1.7e-05,3e-13,3.5e-10,5e-11,0.0722,30300000000.0,1510000000.0,11.18,-85.49
3.1e-05,1.7e-05,3e-13,3.5e-10,1.5e-10,0.0722,30300000000.0,1510000000.0,11.18,-85.65
3.1e-05,1.7e-05,3e-13,3.5e-10,2.5e-10,0.0722,30300000000.0,1510000000.0,11.18,-85.19
3.1e-05,1.7e-05,3e-13,4.5e-10,1e-10,0.0722,27500000000.0,1290000000.0,11.79,-84.35
3.1e-05,1.7e-05,3e-13,4.5e-10,5e-11,0.0722,27500000000.0,1290000000.0,11.79,-82.85
3.1e-05,1.7e-05,3e-13,4.5e-10,1.5e-10,0.0722,27500000000.0,1300000000.0,11.79,-83.19
3.1e-05,1.7e-05,3e-13,4.5e-10,2e-10,0.0722,27500000000.0,1300000000.0,11.79,-82.81
3.1e-05,1.7e-05,3e-13,4.5e-10,2.5e-10,0.0722,27500000000.0,1290000000.0,11.79,-83.04
3.1e-05,1.7e-05,3e-13,5e-10,1e-10,0.0722,26500000000.0,1220000000.0,12.01,-82.09
3.1e-05,1.7e-05,3e-13,5e-10,5e-11,0.0722,26500000000.0,1220000000.0,12.01,-82.24
3.1e-05,1.7e-05,3e-13,5e-10,1.5e-10,0.0722,26500000000.0,1210000000.0,12.01,-81.82
3.1e-05,1.7e-05,3e-13,5e-10,2e-10,0.0722,26500000000.0,1220000000.0,12.01,-82.45
3.1e-05,1.7e-05,4e-13,4e-10,1e-10,0.0722,28700000000.0,1390000000.0,11.51,-83.74
3.1e-05,1.7e-05,4e-13,4e-10,5e-11,0.0722,28700000000.0,1380000000.0,11.51,-83.79
3.1e-05,1.7e-05,4e-13,4e-10,1.5e-10,0.0722,28700000000.0,1390000000.0,11.51,-83.87
3.1e-05,1.7e-05,4e-13,4e-10,2.5e-10,0.0722,28700000000.0,1390000000.0,11.51,-83.78
3.1e-05,1.7e-05,4e-13,3e-10,1e-10,0.0722,32200000000.0,1670000000.0,10.78,-87.83
3.1e-05,1.7e-05,4e-13,3e-10,5e-11,0.0722,32200000000.0,1670000000.0,10.78,-88.81
3.1e-05,1.7e-05,4e-13,3e-10,1.5e-10,0.0722,32200000000.0,1670000000.0,10.78,-87.71
3.1e-05,1.7e-05,4e-13,3e-10,2e-10,0.0722,32200000000.0,1680000000.0,10.78,-87.67
3.1e-05,1.7e-05,4e-13,3e-10,2.5e-10,0.0722,32200000000.0,1680000000.0,10.78,-87.37
3.1e-05,1.7e-05,4e-13,3.5e-10,1e-10,0.0722,30300000000.0,1510000000.0,11.18,-85.02
3.1e-05,1.7e-05,4e-13,3.5e-10,5e-11,0.0722,30300000000.0,1520000000.0,11.18,-85.48
3.1e-05,1.7e-05,4e-13,3.5e-10,1.5e-10,0.0722,30300000000.0,1510000000.0,11.18,-85.32
3.1e-05,1.7e-05,4e-13,3.5e-10,2e-10,0.0722,30300000000.0,1500000000.0,11.18,-85.36
3.1e-05,1.7e-05,4e-13,3.5e-10,2.5e-10,0.0722,30300000000.0,1510000000.0,11.18,-85.34
3.1e-05,1.7e-05,4e-13,4.5e-10,1e-10,0.0722,27500000000.0,1290000000.0,11.79,-83.16
3.1e-05,1.7e-05,4e-13,4.5e-10,2.5e-10,0.0722,27500000000.0,1300000000.0,11.79,-83.2
3.1e-05,1.7e-05,4e-13,5e-10,1e-10,0.0722,26500000000.0,1220000000.0,12.01,-82.3
3.1e-05,1.7e-05,4e-13,5e-10,2e-10,0.0722,26500000000.0,1220000000.0,12.01,-82.38
3.1e-05,1.7e-05,4e-13,5e-10,2.5e-10,0.0722,26500000000.0,1220000000.0,12.01,-82.43
3.1e-05,1.7e-05,6e-13,4e-10,1e-10,0.0722,28700000000.0,1390000000.0,11.51,-83.48
3.1e-05,1.7e-05,6e-13,4e-10,5e-11,0.0722,28700000000.0,1380000000.0,11.51,-83.98
3.1e-05,1.7e-05,6e-13,4e-10,1.5e-10,0.0722,28700000000.0,1380000000.0,11.51,-84.38
3.1e-05,1.7e-05,6e-13,4e-10,2e-10,0.0722,28700000000.0,1380000000.0,11.51,-84.09
3.1e-05,1.7e-05,6e-13,4e-10,2.5e-10,0.0722,28700000000.0,1380000000.0,11.51,-84.14
3.1e-05,1.7e-05,6e-13,3e-10,1e-10,0.0722,32200000000.0,1680000000.0,10.78,-87.88
3.1e-05,1.7e-05,6e-13,3e-10,5e-11,0.0722,32200000000.0,1670000000.0,10.78,-87.6
3.1e-05,1.7e-05,6e-13,3e-10,1.5e-10,0.0722,32200000000.0,1670000000.0,10.78,-86.96
3.1e-05,1.7e-05,6e-13,3e-10,2e-10,0.0722,32200000000.0,1680000000.0,10.78,-87.63
3.1e-05,1.7e-05,6e-13,3e-10,2.5e-10,0.0722,32200000000.0,1670000000.0,10.78,-88.03
3.1e-05,1.7e-05,6e-13,3.5e-10,1e-10,0.0722,30300000000.0,1500000000.0,11.18,-85.93
3.1e-05,1.7e-05,6e-13,3.5e-10,5e-11,0.0722,30300000000.0,1500000000.0,11.18,-85.39
3.1e-05,1.7e-05,6e-13,3.5e-10,1.5e-10,0.0722,30300000000.0,1510000000.0,11.18,-85.28
3.1e-05,1.7e-05,6e-13,3.5e-10,2e-10,0.0722,30300000000.0,1510000000.0,11.18,-85.1
3.1e-05,1.7e-05,6e-13,3.5e-10,2.5e-10,0.0722,30300000000.0,1510000000.0,11.18,-85.15
3.1e-05,1.7e-05,6e-13,4.5e-10,1e-10,0.0722,27500000000.0,1290000000.0,11.79,-82.9
3.1e-05,1.7e-05,6e-13,4.5e-10,5e-11,0.0722,27500000000.0,1290000000.0,11.79,-82.91
3.1e-05,1.7e-05,6e-13,4.5e-10,1.5e-10,0.0722,27500000000.0,1290000000.0,11.79,-82.82
3.1e-05,1.7e-05,6e-13,5e-10,5e-11,0.0722,26500000000.0,1210000000.0,12.01,-81.84
3.1e-05,1.7e-05,6e-13,5e-10,1.5e-10,0.0722,26500000000.0,1220000000.0,12.01,-82.35
3.1e-05,1.7e-05,6e-13,5e-10,2.5e-10,0.0722,26500000000.0,1220000000.0,12.01,-82.05
3.1e-05,1.7e-05,7e-13,4e-10,1e-10,0.0722,28700000000.0,1380000000.0,11.51,-83.82
3.1e-05,1.7e-05,7e-13,4e-10,5e-11,0.0722,28700000000.0,1380000000.0,11.51,-83.87
3.1e-05,1.7e-05,7e-13,4e-10,1.5e-10,0.0722,28700000000.0,1380000000.0,11.51,-76.18
3.1e-05,1.7e-05,7e-13,4e-10,2e-10,0.0722,28700000000.0,1390000000.0,11.51,-84.11
3.1e-05,1.7e-05,7e-13,4e-10,2.5e-10,0.0722,28700000000.0,1380000000.0,11.51,-84.07
3.1e-05,1.7e-05,7e-13,3e-10,1e-10,0.0722,32200000000.0,1670000000.0,10.78,-87.76
3.1e-05,1.7e-05,7e-13,3e-10,5e-11,0.0722,32200000000.0,1670000000.0,10.78,-87.84
3.1e-05,1.7e-05,7e-13,3e-10,1.5e-10,0.0722,32200000000.0,1680000000.0,10.78,-87.69
3.1e-05,1.7e-05,7e-13,3e-10,2e-10,0.0722,32200000000.0,1670000000.0,10.78,-87.73
3.1e-05,1.7e-05,7e-13,3e-10,2.5e-10,0.0722,32200000000.0,1680000000.0,10.78,-87.52
3.1e-05,1.7e-05,7e-13,3.5e-10,1e-10,0.0722,30300000000.0,1510000000.0,11.18,-85.97
3.1e-05,1.7e-05,7e-13,3.5e-10,5e-11,0.0722,30300000000.0,1510000000.0,11.18,-85.31
3.1e-05,1.7e-05,7e-13,3.5e-10,1.5e-10,0.0722,30300000000.0,1510000000.0,11.18,-84.06
3.1e-05,1.7e-05,7e-13,3.5e-10,2.5e-10,0.0722,30300000000.0,1520000000.0,11.18,-85.03
3.1e-05,1.7e-05,7e-13,4.5e-10,5e-11,0.0722,27500000000.0,1290000000.0,11.79,-84.5
3.1e-05,1.7e-05,7e-13,4.5e-10,1.5e-10,0.0722,27500000000.0,1290000000.0,11.79,-83.18
3.1e-05,1.7e-05,7e-13,4.5e-10,2e-10,0.0722,27500000000.0,1300000000.0,11.79,-82.9
3.1e-05,1.7e-05,7e-13,4.5e-10,2.5e-10,0.0722,27500000000.0,1290000000.0,11.79,-83.17
3.1e-05,1.7e-05,7e-13,5e-10,1e-10,0.0722,26500000000.0,1210000000.0,12.01,-82.28
3.1e-05,1.7e-05,7e-13,5e-10,1.5e-10,0.0722,26500000000.0,1220000000.0,12.01,-82.33
3.1e-05,1.7e-05,7e-13,5e-10,2e-10,0.0722,26500000000.0,1220000000.0,12.01,-82.46
3.1e-05,1.7e-05,7e-13,5e-10,2.5e-10,0.0722,26500000000.0,1230000000.0,12.01,-82.15
3.1e-05,1.8e-05,5e-13,4e-10,1e-10,0.0722,28600000000.0,1380000000.0,11.5,-83.79
3.1e-05,1.8e-05,5e-13,4e-10,5e-11,0.0722,28600000000.0,1370000000.0,11.5,-83.34
3.1e-05,1.8e-05,5e-13,4e-10,1.5e-10,0.0722,28600000000.0,1380000000.0,11.5,-83.95
3.1e-05,1.8e-05,5e-13,4e-10,2e-10,0.0722,28600000000.0,1380000000.0,11.5,-83.83
3.1e-05,1.8e-05,5e-13,4e-10,2.5e-10,0.0722,28600000000.0,1380000000.0,11.5,-83.11
3.1e-05,1.8e-05,5e-13,3e-10,1e-10,0.0722,32100000000.0,1670000000.0,10.76,-87.24
3.1e-05,1.8e-05,5e-13,3e-10,5e-11,0.0722,32100000000.0,1660000000.0,10.76,-87.05
3.1e-05,1.8e-05,5e-13,3e-10,1.5e-10,0.0722,32100000000.0,1660000000.0,10.76,-86.89
3.1e-05,1.8e-05,5e-13,3e-10,2e-10,0.0722,32100000000.0,1670000000.0,10.76,-85.91
3.1e-05,1.8e-05,5e-13,3e-10,2.5e-10,0.0722,32100000000.0,1660000000.0,10.76,-87.49
3.1e-05,1.8e-05,5e-13,3.5e-10,1e-10,0.0722,30100000000.0,1490000000.0,11.16,-85.05
3.1e-05,1.8e-05,5e-13,3.5e-10,1.5e-10,0.0722,30100000000.0,1510000000.0,11.16,-85.25
3.1e-05,1.8e-05,5e-13,3.5e-10,2e-10,0.0722,30100000000.0,1500000000.0,11.16,-85.29
3.1e-05,1.8e-05,5e-13,3.5e-10,2.5e-10,0.0722,30100000000.0,1490000000.0,11.16,-84.47
3.1e-05,1.8e-05,5e-13,4.5e-10,1e-10,0.0722,27400000000.0,1290000000.0,11.78,-82.74
3.1e-05,1.8e-05,5e-13,4.5e-10,1.5e-10,0.0722,27400000000.0,1290000000.0,11.78,-83.7
3.1e-05,1.8e-05,5e-13,4.5e-10,2e-10,0.0722,27400000000.0,1280000000.0,11.78,-82.93
3.1e-05,1.8e-05,5e-13,5e-10,1e-10,0.0722,26400000000.0,1230000000.0,12.0,-82.47
3.1e-05,1.8e-05,5e-13,5e-10,5e-11,0.0722,26400000000.0,1210000000.0,12.0,-82.17
3.1e-05,1.8e-05,5e-13,5e-10,1.5e-10,0.0722,26400000000.0,1220000000.0,11.99,-82.06
3.1e-05,1.8e-05,5e-13,5e-10,2e-10,0.0722,26400000000.0,1220000000.0,11.99,-81.99
3.1e-05,1.8e-05,5e-13,5e-10,2.5e-10,0.0722,26400000000.0,1220000000.0,12.0,-82.64
3.1e-05,1.8e-05,3e-13,4e-10,5e-11,0.0722,28600000000.0,1380000000.0,11.5,-83.66
3.1e-05,1.8e-05,3e-13,4e-10,1.5e-10,0.0722,28600000000.0,1380000000.0,11.5,-84.47
3.1e-05,1.8e-05,3e-13,4e-10,2e-10,0.0722,28600000000.0,1380000000.0,11.5,-83.85
3.1e-05,1.8e-05,3e-13,4e-10,2.5e-10,0.0722,28600000000.0,1380000000.0,11.5,-83.87
3.1e-05,1.8e-05,3e-13,3e-10,1e-10,0.0722,32100000000.0,1660000000.0,10.76,-87.3
3.1e-05,1.8e-05,3e-13,3e-10,5e-11,0.0722,32100000000.0,1660000000.0,10.77,-87.56
3.1e-05,1.8e-05,3e-13,3e-10,1.5e-10,0.0722,32100000000.0,1670000000.0,10.76,-87.18
3.1e-05,1.8e-05,3e-13,3e-10,2e-10,0.0722,32100000000.0,1660000000.0,10.77,-87.47
3.1e-05,1.8e-05,3e-13,3e-10,2.5e-10,0.0722,32100000000.0,1670000000.0,10.77,-88.42
3.1e-05,1.8e-05,3e-13,3.5e-10,1e-10,0.0722,30100000000.0,1500000000.0,11.16,-84.6
3.1e-05,1.8e-05,3e-13,3.5e-10,5e-11,0.0722,30100000000.0,1500000000.0,11.16,-80.94
3.1e-05,1.8e-05,3e-13,3.5e-10,1.5e-10,0.0722,30100000000.0,1500000000.0,11.16,-84.99
3.1e-05,1.8e-05,3e-13,3.5e-10,2e-10,0.0722,30100000000.0,1500000000.0,11.16,-85.26
3.1e-05,1.8e-05,3e-13,3.5e-10,2.5e-10,0.0722,30100000000.0,1490000000.0,11.16,-85.09
3.1e-05,1.8e-05,3e-13,4.5e-10,1e-10,0.0722,27400000000.0,1290000000.0,11.78,-83.07
3.1e-05,1.8e-05,3e-13,4.5e-10,5e-11,0.0722,27400000000.0,1290000000.0,11.78,-83.02
3.1e-05,1.8e-05,3e-13,4.5e-10,1.5e-10,0.0722,27400000000.0,1280000000.0,11.78,-82.63
3.1e-05,1.8e-05,3e-13,4.5e-10,2e-10,0.0722,27400000000.0,1290000000.0,11.78,-83.61
3.1e-05,1.8e-05,3e-13,4.5e-10,2.5e-10,0.0722,27400000000.0,1280000000.0,11.78,-82.71
3.1e-05,1.8e-05,3e-13,5e-10,1e-10,0.0722,26400000000.0,1210000000.0,12.0,-82.04
3.1e-05,1.8e-05,3e-13,5e-10,5e-11,0.0722,26400000000.0,1210000000.0,12.0,-82.15
3.1e-05,1.8e-05,3e-13,5e-10,1.5e-10,0.0722,26400000000.0,1210000000.0,11.99,-82.11
3.1e-05,1.8e-05,3e-13,5e-10,2e-10,0.0722,26400000000.0,1210000000.0,12.0,-82.01
3.1e-05,1.8e-05,3e-13,5e-10,2.5e-10,0.0722,26400000000.0,1210000000.0,12.0,-82.25
3.1e-05,1.8e-05,4e-13,4e-10,1e-10,0.0722,28600000000.0,1380000000.0,11.5,-83.96
3.1e-05,1.8e-05,4e-13,4e-10,5e-11,0.0722,28600000000.0,1380000000.0,11.5,-83.73
3.1e-05,1.8e-05,4e-13,4e-10,1.5e-10,0.0722,28600000000.0,1380000000.0,11.5,-83.63
3.1e-05,1.8e-05,4e-13,4e-10,2e-10,0.0722,28600000000.0,1380000000.0,11.5,-83.94
3.1e-05,1.8e-05,4e-13,3e-10,1e-10,0.0722,32100000000.0,1660000000.0,10.76,-88.33
3.1e-05,1.8e-05,4e-13,3e-10,5e-11,0.0722,32100000000.0,1660000000.0,10.76,-87.25
3.1e-05,1.8e-05,4e-13,3e-10,1.5e-10,0.0722,32100000000.0,1660000000.0,10.76,-87.62
3.1e-05,1.8e-05,4e-13,3e-10,2e-10,0.0722,32100000000.0,1660000000.0,10.76,-88.11
3.1e-05,1.8e-05,4e-13,3e-10,2.5e-10,0.0722,32100000000.0,1660000000.0,10.76,-87.48
3.1e-05,1.8e-05,4e-13,3.5e-10,1e-10,0.0722,30100000000.0,1510000000.0,11.16,-85.1
3.1e-05,1.8e-05,4e-13,3.5e-10,5e-11,0.0722,30100000000.0,1500000000.0,11.16,-85.83
3.1e-05,1.8e-05,4e-13,3.5e-10,2e-10,0.0722,30100000000.0,1510000000.0,11.16,-84.93
3.1e-05,1.8e-05,4e-13,3.5e-10,2.5e-10,0.0722,30100000000.0,1500000000.0,11.16,-85.17
3.1e-05,1.8e-05,4e-13,4.5e-10,1e-10,0.0722,27400000000.0,1280000000.0,11.78,-82.74
3.1e-05,1.8e-05,4e-13,4.5e-10,5e-11,0.0722,27400000000.0,1290000000.0,11.78,-83.11
3.1e-05,1.8e-05,4e-13,4.5e-10,1.5e-10,0.0722,27400000000.0,1280000000.0,11.78,-82.97
3.1e-05,1.8e-05,4e-13,4.5e-10,2e-10,0.0722,27400000000.0,1280000000.0,11.78,-83.05
3.1e-05,1.8e-05,4e-13,4.5e-10,2.5e-10,0.0722,27400000000.0,1290000000.0,11.78,-82.69
3.1e-05,1.8e-05,4e-13,5e-10,1e-10,0.0722,26400000000.0,1210000000.0,11.99,-82.12
3.1e-05,1.8e-05,4e-13,5e-10,5e-11,0.0722,26400000000.0,1210000000.0,12.0,-82.42
3.1e-05,1.8e-05,4e-13,5e-10,1.5e-10,0.0722,26400000000.0,1210000000.0,12.0,-82.22
3.1e-05,1.8e-05,4e-13,5e-10,2e-10,0.0722,26400000000.0,1220000000.0,11.99,-82.08
3.1e-05,1.8e-05,6e-13,4e-10,1e-10,0.0722,28600000000.0,1380000000.0,11.5,-83.69
3.1e-05,1.8e-05,6e-13,4e-10,1.5e-10,0.0722,28600000000.0,1380000000.0,11.5,-83.55
3.1e-05,1.8e-05,6e-13,4e-10,2e-10,0.0722,28600000000.0,1380000000.0,11.5,-84.25
3.1e-05,1.8e-05,6e-13,3e-10,1e-10,0.0722,32100000000.0,1660000000.0,10.76,-87.56
3.1e-05,1.8e-05,6e-13,3e-10,5e-11,0.0722,32100000000.0,1670000000.0,10.76,-87.64
3.1e-05,1.8e-05,6e-13,3e-10,1.5e-10,0.0722,32100000000.0,1660000000.0,10.76,-87.38
3.1e-05,1.8e-05,6e-13,3e-10,2e-10,0.0722,32100000000.0,1660000000.0,10.76,-87.5
3.1e-05,1.8e-05,6e-13,3.5e-10,1e-10,0.0722,30100000000.0,1500000000.0,11.16,-85.27
3.1e-05,1.8e-05,6e-13,3.5e-10,5e-11,0.0722,30100000000.0,1500000000.0,11.16,-85.14
3.1e-05,1.8e-05,6e-13,3.5e-10,1.5e-10,0.0722,30100000000.0,1490000000.0,11.16,-85.13
3.1e-05,1.8e-05,6e-13,3.5e-10,2e-10,0.0722,30100000000.0,1490000000.0,11.16,-85.32
3.1e-05,1.8e-05,6e-13,3.5e-10,2.5e-10,0.0722,30100000000.0,1500000000.0,11.16,-85.23
3.1e-05,1.8e-05,6e-13,4.5e-10,5e-11,0.0722,27400000000.0,1280000000.0,11.78,-82.64
3.1e-05,1.8e-05,6e-13,4.5e-10,2e-10,0.0722,27400000000.0,1280000000.0,11.78,-83.07
3.1e-05,1.8e-05,6e-13,5e-10,1e-10,0.0722,26400000000.0,1210000000.0,11.99,-82.1
3.1e-05,1.8e-05,6e-13,5e-10,5e-11,0.0722,26400000000.0,1210000000.0,12.0,-82.39
3.1e-05,1.8e-05,6e-13,5e-10,1.5e-10,0.0722,26400000000.0,1220000000.0,11.99,-82.34
3.1e-05,1.8e-05,6e-13,5e-10,2e-10,0.0722,26400000000.0,1210000000.0,12.0,-81.67
3.1e-05,1.8e-05,6e-13,5e-10,2.5e-10,0.0722,26400000000.0,1210000000.0,11.99,-82.91
3.1e-05,1.8e-05,7e-13,4e-10,1e-10,0.0722,28600000000.0,1370000000.0,11.5,-83.93
3.1e-05,1.8e-05,7e-13,4e-10,1.5e-10,0.0722,28600000000.0,1370000000.0,11.5,-83.66
3.1e-05,1.8e-05,7e-13,4e-10,2e-10,0.0722,28600000000.0,1370000000.0,11.5,-84.03
3.1e-05,1.8e-05,7e-13,3e-10,1e-10,0.0722,32100000000.0,1670000000.0,10.76,-87.2
3.1e-05,1.8e-05,7e-13,3e-10,5e-11,0.0722,32100000000.0,1660000000.0,10.76,-87.39
3.1e-05,1.8e-05,7e-13,3e-10,1.5e-10,0.0722,32100000000.0,1660000000.0,10.76,-87.32
3.1e-05,1.8e-05,7e-13,3e-10,2e-10,0.0722,32100000000.0,1670000000.0,10.76,-87.66
3.1e-05,1.8e-05,7e-13,3e-10,2.5e-10,0.0722,32100000000.0,1670000000.0,10.76,-87.52
3.1e-05,1.8e-05,7e-13,3.5e-10,1e-10,0.0722,30100000000.0,1490000000.0,11.16,-84.48
3.1e-05,1.8e-05,7e-13,3.5e-10,5e-11,0.0722,30100000000.0,1500000000.0,11.16,-85.13
3.1e-05,1.8e-05,7e-13,3.5e-10,1.5e-10,0.0722,30100000000.0,1500000000.0,11.16,-85.01
3.1e-05,1.8e-05,7e-13,3.5e-10,2e-10,0.0722,30100000000.0,1490000000.0,11.16,-85.12
3.1e-05,1.8e-05,7e-13,4.5e-10,5e-11,0.0722,27400000000.0,1280000000.0,11.78,-83.09
3.1e-05,1.8e-05,7e-13,4.5e-10,1.5e-10,0.0722,27400000000.0,1290000000.0,11.78,-82.7
3.1e-05,1.8e-05,7e-13,4.5e-10,2e-10,0.0722,27400000000.0,1290000000.0,11.78,-83.03
3.1e-05,1.8e-05,7e-13,5e-10,1e-10,0.0722,26400000000.0,1220000000.0,12.0,-82.08
3.1e-05,1.8e-05,7e-13,5e-10,5e-11,0.0722,26400000000.0,1210000000.0,12.0,-82.35
3.1e-05,1.8e-05,7e-13,5e-10,1.5e-10,0.0722,26400000000.0,1220000000.0,11.99,-82.0
3.1e-05,1.8e-05,7e-13,5e-10,2e-10,0.0722,26400000000.0,1220000000.0,11.99,-81.95
3.1e-05,1.8e-05,7e-13,5e-10,2.5e-10,0.0722,26400000000.0,1210000000.0,11.99,-82.07
3.1e-05,1.9e-05,5e-13,4e-10,1e-10,0.0722,28500000000.0,1360000000.0,11.48,-83.91
3.1e-05,1.9e-05,5e-13,4e-10,5e-11,0.0722,28500000000.0,1360000000.0,11.48,-84.05
3.1e-05,1.9e-05,5e-13,4e-10,1.5e-10,0.0722,28500000000.0,1370000000.0,11.48,-83.42
3.1e-05,1.9e-05,5e-13,4e-10,2e-10,0.0722,28500000000.0,1360000000.0,11.48,-83.44
3.1e-05,1.9e-05,5e-13,4e-10,2.5e-10,0.0722,28500000000.0,1360000000.0,11.48,-83.82
3.1e-05,1.9e-05,5e-13,3e-10,1e-10,0.0722,32000000000.0,1640000000.0,10.74,-87.77
3.1e-05,1.9e-05,5e-13,3e-10,5e-11,0.0722,32000000000.0,1650000000.0,10.74,-87.06
3.1e-05,1.9e-05,5e-13,3e-10,1.5e-10,0.0722,32000000000.0,1640000000.0,10.74,-87.67
3.1e-05,1.9e-05,5e-13,3e-10,2e-10,0.0722,32000000000.0,1640000000.0,10.74,-86.79
3.1e-05,1.9e-05,5e-13,3e-10,2.5e-10,0.0722,32000000000.0,1640000000.0,10.74,-87.21
3.1e-05,1.9e-05,5e-13,3.5e-10,1e-10,0.0722,30000000000.0,1480000000.0,11.14,-85.03
3.1e-05,1.9e-05,5e-13,3.5e-10,5e-11,0.0722,30000000000.0,1480000000.0,11.14,-85.07
3.1e-05,1.9e-05,5e-13,3.5e-10,1.5e-10,0.0722,30000000000.0,1480000000.0,11.14,-85.1
3.1e-05,1.9e-05,5e-13,3.5e-10,2e-10,0.0722,30000000000.0,1480000000.0,11.14,-85.09
3.1e-05,1.9e-05,5e-13,3.5e-10,2.5e-10,0.0722,30000000000.0,1480000000.0,11.14,-84.92
3.1e-05,1.9e-05,5e-13,4.5e-10,1e-10,0.0722,27300000000.0,1270000000.0,11.76,-82.94
3.1e-05,1.9e-05,5e-13,4.5e-10,5e-11,0.0722,27300000000.0,1270000000.0,11.76,-82.88
3.1e-05,1.9e-05,5e-13,4.5e-10,1.5e-10,0.0722,27300000000.0,1270000000.0,11.76,-82.57
3.1e-05,1.9e-05,5e-13,4.5e-10,2e-10,0.0722,27300000000.0,1270000000.0,11.76,-82.82
3.1e-05,1.9e-05,5e-13,4.5e-10,2.5e-10,0.0722,27300000000.0,1270000000.0,11.76,-82.76
3.1e-05,1.9e-05,5e-13,5e-10,1e-10,0.0722,26300000000.0,1210000000.0,11.98,-82.21
3.1e-05,1.9e-05,5e-13,5e-10,5e-11,0.0722,26300000000.0,1200000000.0,11.98,-81.66
3.1e-05,1.9e-05,5e-13,5e-10,1.5e-10,0.0722,26300000000.0,1200000000.0,11.98,-82.17
3.1e-05,1.9e-05,5e-13,5e-10,2e-10,0.0722,26300000000.0,1200000000.0,11.98,-82.38
3.1e-05,1.9e-05,5e-13,5e-10,2.5e-10,0.0722,26300000000.0,1200000000.0,11.97,-81.94
3.1e-05,1.9e-05,3e-13,4e-10,1e-10,0.0722,28500000000.0,1360000000.0,11.48,-83.69
3.1e-05,1.9e-05,3e-13,4e-10,5e-11,0.0722,28500000000.0,1370000000.0,11.48,-83.82
3.1e-05,1.9e-05,3e-13,4e-10,1.5e-10,0.0722,28500000000.0,1360000000.0,11.48,-83.71
3.1e-05,1.9e-05,3e-13,4e-10,2e-10,0.0722,28500000000.0,1370000000.0,11.48,-83.72
3.1e-05,1.9e-05,3e-13,4e-10,2.5e-10,0.0722,28500000000.0,1370000000.0,11.48,-83.76
3.1e-05,1.9e-05,3e-13,3e-10,1e-10,0.0722,32000000000.0,1650000000.0,10.74,-87.29
3.1e-05,1.9e-05,3e-13,3e-10,5e-11,0.0722,32000000000.0,1650000000.0,10.74,-87.1
3.1e-05,1.9e-05,3e-13,3e-10,1.5e-10,0.0722,32000000000.0,1640000000.0,10.74,-87.57
3.1e-05,1.9e-05,3e-13,3e-10,2e-10,0.0722,32000000000.0,1650000000.0,10.74,-86.8
3.1e-05,1.9e-05,3e-13,3e-10,2.5e-10,0.0722,32000000000.0,1640000000.0,10.74,-87.15
3.1e-05,1.9e-05,3e-13,3.5e-10,1e-10,0.0722,30000000000.0,1480000000.0,11.14,-84.93
3.1e-05,1.9e-05,3e-13,3.5e-10,5e-11,0.0722,30000000000.0,1480000000.0,11.14,-84.85
3.1e-05,1.9e-05,3e-13,3.5e-10,1.5e-10,0.0722,30000000000.0,1480000000.0,11.14,-82.1
3.1e-05,1.9e-05,3e-13,3.5e-10,2e-10,0.0722,30000000000.0,1490000000.0,11.14,-85.1
3.1e-05,1.9e-05,3e-13,3.5e-10,2.5e-10,0.0722,30000000000.0,1480000000.0,11.14,-85.39
3.1e-05,1.9e-05,3e-13,4.5e-10,1e-10,0.0722,27300000000.0,1280000000.0,11.76,-82.66
3.1e-05,1.9e-05,3e-13,4.5e-10,5e-11,0.0722,27300000000.0,1280000000.0,11.76,-82.76
3.1e-05,1.9e-05,3e-13,4.5e-10,2e-10,0.0722,27300000000.0,1270000000.0,11.76,-82.62
3.1e-05,1.9e-05,3e-13,4.5e-10,2.5e-10,0.0722,27300000000.0,1270000000.0,11.76,-82.69
3.1e-05,1.9e-05,3e-13,5e-10,1e-10,0.0722,26300000000.0,1210000000.0,11.97,-82.13
3.1e-05,1.9e-05,3e-13,5e-10,5e-11,0.0722,26300000000.0,1200000000.0,11.98,-81.58
3.1e-05,1.9e-05,3e-13,5e-10,1.5e-10,0.0722,26300000000.0,1200000000.0,11.98,-82.84
3.1e-05,1.9e-05,3e-13,5e-10,2e-10,0.0722,26300000000.0,1200000000.0,11.98,-82.08
3.1e-05,1.9e-05,3e-13,5e-10,2.5e-10,0.0722,26300000000.0,1200000000.0,11.97,-82.85
3.1e-05,1.9e-05,4e-13,4e-10,1e-10,0.0722,28500000000.0,1370000000.0,11.48,-83.75
3.1e-05,1.9e-05,4e-13,4e-10,5e-11,0.0722,28500000000.0,1360000000.0,11.48,-83.76
3.1e-05,1.9e-05,4e-13,4e-10,1.5e-10,0.0722,28500000000.0,1360000000.0,11.48,-83.27
3.1e-05,1.9e-05,4e-13,4e-10,2e-10,0.0722,28500000000.0,1370000000.0,11.48,-83.5
3.1e-05,1.9e-05,4e-13,3e-10,1e-10,0.0722,32000000000.0,1640000000.0,10.74,-87.17
3.1e-05,1.9e-05,4e-13,3e-10,5e-11,0.0722,32000000000.0,1650000000.0,10.74,-86.81
3.1e-05,1.9e-05,4e-13,3e-10,1.5e-10,0.0722,32000000000.0,1640000000.0,10.74,-87.19
3.1e-05,1.9e-05,4e-13,3e-10,2e-10,0.0722,32000000000.0,1650000000.0,10.74,-87.34
3.1e-05,1.9e-05,4e-13,3e-10,2.5e-10,0.0722,32000000000.0,1640000000.0,10.74,-87.26
3.1e-05,1.9e-05,4e-13,3.5e-10,1e-10,0.0722,30000000000.0,1480000000.0,11.14,-85.13
3.1e-05,1.9e-05,4e-13,3.5e-10,5e-11,0.0722,30000000000.0,1480000000.0,11.14,-81.25
3.1e-05,1.9e-05,4e-13,3.5e-10,1.5e-10,0.0722,30000000000.0,1480000000.0,11.14,-85.41
3.1e-05,1.9e-05,4e-13,3.5e-10,2e-10,0.0722,30000000000.0,1480000000.0,11.14,-85.08
3.1e-05,1.9e-05,4e-13,3.5e-10,2.5e-10,0.0722,30000000000.0,1490000000.0,11.14,-84.99
3.1e-05,1.9e-05,4e-13,4.5e-10,1e-10,0.0722,27300000000.0,1270000000.0,11.76,-83.0
3.1e-05,1.9e-05,4e-13,4.5e-10,5e-11,0.0722,27300000000.0,1270000000.0,11.76,-82.93
3.1e-05,1.9e-05,4e-13,4.5e-10,1.5e-10,0.0722,27300000000.0,1270000000.0,11.76,-82.6
3.1e-05,1.9e-05,4e-13,4.5e-10,2e-10,0.0722,27300000000.0,1270000000.0,11.76,-82.83
3.1e-05,1.9e-05,4e-13,4.5e-10,2.5e-10,0.0722,27300000000.0,1270000000.0,11.76,-82.45
3.1e-05,1.9e-05,4e-13,5e-10,1e-10,0.0722,26300000000.0,1210000000.0,11.97,-82.15
3.1e-05,1.9e-05,4e-13,5e-10,5e-11,0.0722,26300000000.0,1200000000.0,11.98,-82.01
3.1e-05,1.9e-05,4e-13,5e-10,1.5e-10,0.0722,26300000000.0,1200000000.0,11.98,-82.13
3.1e-05,1.9e-05,4e-13,5e-10,2e-10,0.0722,26300000000.0,1200000000.0,11.98,-82.19
3.1e-05,1.9e-05,4e-13,5e-10,2.5e-10,0.0722,26300000000.0,1200000000.0,11.98,-82.27
3.1e-05,1.9e-05,6e-13,4e-10,1e-10,0.0722,28500000000.0,1370000000.0,11.48,-83.85
3.1e-05,1.9e-05,6e-13,4e-10,5e-11,0.0722,28500000000.0,1370000000.0,11.48,-83.55
3.1e-05,1.9e-05,6e-13,4e-10,1.5e-10,0.0722,28500000000.0,1360000000.0,11.48,-83.83
3.1e-05,1.9e-05,6e-13,4e-10,2e-10,0.0722,28500000000.0,1360000000.0,11.48,-83.66
3.1e-05,1.9e-05,6e-13,4e-10,2.5e-10,0.0722,28500000000.0,1360000000.0,11.48,-82.77
3.1e-05,1.9e-05,6e-13,3e-10,1e-10,0.0722,32000000000.0,1650000000.0,10.74,-87.13
3.1e-05,1.9e-05,6e-13,3e-10,5e-11,0.0722,32000000000.0,1650000000.0,10.74,-87.01
3.1e-05,1.9e-05,6e-13,3e-10,1.5e-10,0.0722,32000000000.0,1650000000.0,10.74,-87.49
3.1e-05,1.9e-05,6e-13,3e-10,2e-10,0.0722,32000000000.0,1650000000.0,10.74,-87.38
3.1e-05,1.9e-05,6e-13,3e-10,2.5e-10,0.0722,32000000000.0,1640000000.0,10.74,-87.36
3.1e-05,1.9e-05,6e-13,3.5e-10,5e-11,0.0722,30000000000.0,1480000000.0,11.14,-85.0
3.1e-05,1.9e-05,6e-13,3.5e-10,1.5e-10,0.0722,30000000000.0,1480000000.0,11.14,-85.01
3.1e-05,1.9e-05,6e-13,4.5e-10,1e-10,0.0722,27300000000.0,1270000000.0,11.76,-82.95
3.1e-05,1.9e-05,6e-13,4.5e-10,5e-11,0.0722,27300000000.0,1270000000.0,11.76,-82.74
3.1e-05,1.9e-05,6e-13,4.5e-10,1.5e-10,0.0722,27300000000.0,1270000000.0,11.76,-83.06
3.1e-05,1.9e-05,6e-13,4.5e-10,2e-10,0.0722,27300000000.0,1270000000.0,11.76,-82.63
3.1e-05,1.9e-05,6e-13,5e-10,1e-10,0.0722,26300000000.0,1200000000.0,11.98,-81.92
3.1e-05,1.9e-05,6e-13,5e-10,5e-11,0.0722,26300000000.0,1200000000.0,11.98,-82.28
3.1e-05,1.9e-05,6e-13,5e-10,1.5e-10,0.0722,26300000000.0,1200000000.0,11.98,-82.2
3.1e-05,1.9e-05,6e-13,5e-10,2e-10,0.0722,26300000000.0,1200000000.0,11.98,-82.32
3.1e-05,1.9e-05,6e-13,5e-10,2.5e-10,0.0722,26300000000.0,1210000000.0,11.97,-82.38
3.1e-05,1.9e-05,7e-13,4e-10,1e-10,0.0722,28500000000.0,1370000000.0,11.48,-83.63
3.1e-05,1.9e-05,7e-13,4e-10,5e-11,0.0722,28500000000.0,1360000000.0,11.48,-83.67
3.1e-05,1.9e-05,7e-13,4e-10,2e-10,0.0722,28500000000.0,1360000000.0,11.48,-83.81
3.1e-05,1.9e-05,7e-13,3e-10,1e-10,0.0722,32000000000.0,1650000000.0,10.74,-87.65
3.1e-05,1.9e-05,7e-13,3e-10,5e-11,0.0722,32000000000.0,1640000000.0,10.74,-82.24
3.1e-05,1.9e-05,7e-13,3e-10,1.5e-10,0.0722,32000000000.0,1640000000.0,10.74,-87.14
3.1e-05,1.9e-05,7e-13,3e-10,2.5e-10,0.0722,32000000000.0,1650000000.0,10.74,-87.02
3.1e-05,1.9e-05,7e-13,3.5e-10,1e-10,0.0722,30000000000.0,1480000000.0,11.14,-85.16
3.1e-05,1.9e-05,7e-13,3.5e-10,5e-11,0.0722,30000000000.0,1480000000.0,11.14,-84.95
3.1e-05,1.9e-05,7e-13,3.5e-10,1.5e-10,0.0722,30000000000.0,1480000000.0,11.14,-85.14
3.1e-05,1.9e-05,7e-13,3.5e-10,2e-10,0.0722,30000000000.0,1490000000.0,11.14,-84.89
3.1e-05,1.9e-05,7e-13,3.5e-10,2.5e-10,0.0722,30000000000.0,1480000000.0,11.14,-84.96
3.1e-05,1.9e-05,7e-13,4.5e-10,1e-10,0.0722,27300000000.0,1270000000.0,11.76,-82.7
3.1e-05,1.9e-05,7e-13,4.5e-10,1.5e-10,0.0722,27300000000.0,1270000000.0,11.76,-82.97
3.1e-05,1.9e-05,7e-13,4.5e-10,2e-10,0.0722,27300000000.0,1270000000.0,11.76,-82.68
3.1e-05,1.9e-05,7e-13,5e-10,1e-10,0.0722,26300000000.0,1210000000.0,11.98,-82.05
3.1e-05,1.9e-05,7e-13,5e-10,5e-11,0.0722,26300000000.0,1210000000.0,11.97,-81.95
3.1e-05,1.9e-05,7e-13,5e-10,1.5e-10,0.0722,26300000000.0,1190000000.0,11.98,-82.26
3.1e-05,1.9e-05,7e-13,5e-10,2e-10,0.0722,26300000000.0,1200000000.0,11.98,-82.29
3.1e-05,1.9e-05,7e-13,5e-10,2.5e-10,0.0722,26300000000.0,1210000000.0,11.97,-81.94
3.1e-05,2e-05,5e-13,4e-10,1e-10,0.0722,28400000000.0,1350000000.0,11.46,-83.41
3.1e-05,2e-05,5e-13,4e-10,5e-11,0.0722,28400000000.0,1340000000.0,11.46,-83.57
3.1e-05,2e-05,5e-13,4e-10,1.5e-10,0.0722,28400000000.0,1340000000.0,11.46,-83.62
3.1e-05,2e-05,5e-13,4e-10,2e-10,0.0722,28400000000.0,1340000000.0,11.46,-83.5
3.1e-05,2e-05,5e-13,4e-10,2.5e-10,0.0722,28400000000.0,1340000000.0,11.46,-83.31
3.1e-05,2e-05,5e-13,3e-10,1e-10,0.0722,31900000000.0,1620000000.0,10.71,-86.77
3.1e-05,2e-05,5e-13,3e-10,5e-11,0.0722,31900000000.0,1610000000.0,10.71,-87.01
3.1e-05,2e-05,5e-13,3e-10,1.5e-10,0.0722,31900000000.0,1620000000.0,10.71,-86.88
3.1e-05,2e-05,5e-13,3e-10,2e-10,0.0722,31900000000.0,1620000000.0,10.71,-86.68
3.1e-05,2e-05,5e-13,3.5e-10,1e-10,0.0722,30000000000.0,1460000000.0,11.11,-84.69
3.1e-05,2e-05,5e-13,3.5e-10,5e-11,0.0722,30000000000.0,1460000000.0,11.12,-85.06
3.1e-05,2e-05,5e-13,3.5e-10,1.5e-10,0.0722,30000000000.0,1460000000.0,11.11,-82.63
3.1e-05,2e-05,5e-13,3.5e-10,2e-10,0.0722,30000000000.0,1460000000.0,11.11,-84.72
3.1e-05,2e-05,5e-13,3.5e-10,2.5e-10,0.0722,30000000000.0,1460000000.0,11.11,-84.8
3.1e-05,2e-05,5e-13,4.5e-10,1e-10,0.0722,27200000000.0,1250000000.0,11.74,-82.81
3.1e-05,2e-05,5e-13,4.5e-10,5e-11,0.0722,27200000000.0,1250000000.0,11.74,-82.52
3.1e-05,2e-05,5e-13,4.5e-10,1.5e-10,0.0722,27200000000.0,1250000000.0,11.74,-82.5
3.1e-05,2e-05,5e-13,4.5e-10,2e-10,0.0722,27200000000.0,1250000000.0,11.74,-82.54
3.1e-05,2e-05,5e-13,4.5e-10,2.5e-10,0.0722,27200000000.0,1250000000.0,11.74,-83.12
3.1e-05,2e-05,5e-13,5e-10,1e-10,0.0722,26200000000.0,1190000000.0,11.95,-81.89
3.1e-05,2e-05,5e-13,5e-10,5e-11,0.0722,26200000000.0,1190000000.0,11.96,-84.39
3.1e-05,2e-05,5e-13,5e-10,1.5e-10,0.0722,26200000000.0,1180000000.0,11.96,-82.14
3.1e-05,2e-05,5e-13,5e-10,2e-10,0.0722,26200000000.0,1190000000.0,11.96,-82.04
3.1e-05,2e-05,5e-13,5e-10,2.5e-10,0.0722,26200000000.0,1180000000.0,11.95,-81.23
3.1e-05,2e-05,3e-13,4e-10,1e-10,0.0722,28400000000.0,1350000000.0,11.46,-83.4
3.1e-05,2e-05,3e-13,4e-10,5e-11,0.0722,28400000000.0,1340000000.0,11.46,-80.68
3.1e-05,2e-05,3e-13,4e-10,1.5e-10,0.0722,28400000000.0,1340000000.0,11.46,-83.44
3.1e-05,2e-05,3e-13,4e-10,2e-10,0.0722,28400000000.0,1350000000.0,11.46,-83.67
3.1e-05,2e-05,3e-13,4e-10,2.5e-10,0.0722,28400000000.0,1350000000.0,11.46,-83.52
3.1e-05,2e-05,3e-13,3e-10,1e-10,0.0722,31900000000.0,1610000000.0,10.71,-86.73
3.1e-05,2e-05,3e-13,3e-10,5e-11,0.0722,31900000000.0,1620000000.0,10.71,-86.73
3.1e-05,2e-05,3e-13,3e-10,1.5e-10,0.0722,31900000000.0,1620000000.0,10.71,-86.75
3.1e-05,2e-05,3e-13,3e-10,2e-10,0.0722,31900000000.0,1620000000.0,10.71,-86.76
3.1e-05,2e-05,3e-13,3e-10,2.5e-10,0.0722,31900000000.0,1610000000.0,10.71,-87.16
3.1e-05,2e-05,3e-13,3.5e-10,1e-10,0.0722,30000000000.0,1460000000.0,11.12,-84.54
3.1e-05,2e-05,3e-13,3.5e-10,5e-11,0.0722,30000000000.0,1460000000.0,11.12,-84.68
3.1e-05,2e-05,3e-13,3.5e-10,1.5e-10,0.0722,30000000000.0,1460000000.0,11.12,-84.71
3.1e-05,2e-05,3e-13,3.5e-10,2e-10,0.0722,30000000000.0,1460000000.0,11.12,-84.77
3.1e-05,2e-05,3e-13,3.5e-10,2.5e-10,0.0722,30000000000.0,1460000000.0,11.12,-84.6
3.1e-05,2e-05,3e-13,4.5e-10,1e-10,0.0722,27200000000.0,1260000000.0,11.74,-82.64
3.1e-05,2e-05,3e-13,4.5e-10,5e-11,0.0722,27200000000.0,1250000000.0,11.74,-82.33
3.1e-05,2e-05,3e-13,4.5e-10,1.5e-10,0.0722,27200000000.0,1260000000.0,11.74,-82.53
3.1e-05,2e-05,3e-13,4.5e-10,2e-10,0.0722,27200000000.0,1250000000.0,11.74,-82.49
3.1e-05,2e-05,3e-13,4.5e-10,2.5e-10,0.0722,27200000000.0,1260000000.0,11.74,-83.12
3.1e-05,2e-05,3e-13,5e-10,1e-10,0.0722,26200000000.0,1190000000.0,11.95,-82.13
3.1e-05,2e-05,3e-13,5e-10,5e-11,0.0722,26200000000.0,1190000000.0,11.95,-81.76
3.1e-05,2e-05,3e-13,5e-10,1.5e-10,0.0722,26200000000.0,1180000000.0,11.95,-82.95
3.1e-05,2e-05,3e-13,5e-10,2e-10,0.0722,26200000000.0,1190000000.0,11.95,-81.78
3.1e-05,2e-05,3e-13,5e-10,2.5e-10,0.0722,26200000000.0,1190000000.0,11.95,-81.62
3.1e-05,2e-05,4e-13,4e-10,5e-11,0.0722,28400000000.0,1340000000.0,11.46,-83.59
3.1e-05,2e-05,4e-13,4e-10,1.5e-10,0.0722,28400000000.0,1340000000.0,11.46,-82.82
3.1e-05,2e-05,4e-13,4e-10,2e-10,0.0722,28400000000.0,1350000000.0,11.46,-83.49
3.1e-05,2e-05,4e-13,4e-10,2.5e-10,0.0722,28400000000.0,1340000000.0,11.46,-83.67
3.1e-05,2e-05,4e-13,3e-10,5e-11,0.0722,31900000000.0,1610000000.0,10.71,-87.31
3.1e-05,2e-05,4e-13,3e-10,1.5e-10,0.0722,31900000000.0,1620000000.0,10.71,-86.93
3.1e-05,2e-05,4e-13,3e-10,2e-10,0.0722,31900000000.0,1620000000.0,10.71,-86.85
3.1e-05,2e-05,4e-13,3e-10,2.5e-10,0.0722,31900000000.0,1620000000.0,10.71,-86.74
3.1e-05,2e-05,4e-13,3.5e-10,1e-10,0.0722,30000000000.0,1460000000.0,11.12,-84.96
3.1e-05,2e-05,4e-13,3.5e-10,5e-11,0.0722,30000000000.0,1470000000.0,11.12,-84.75
3.1e-05,2e-05,4e-13,3.5e-10,2e-10,0.0722,30000000000.0,1460000000.0,11.11,-82.69
3.1e-05,2e-05,4e-13,3.5e-10,2.5e-10,0.0722,30000000000.0,1450000000.0,11.12,-84.61
3.1e-05,2e-05,4e-13,4.5e-10,1e-10,0.0722,27200000000.0,1250000000.0,11.74,-82.77
3.1e-05,2e-05,4e-13,4.5e-10,1.5e-10,0.0722,27200000000.0,1250000000.0,11.74,-82.68
3.1e-05,2e-05,4e-13,4.5e-10,2e-10,0.0722,27200000000.0,1250000000.0,11.74,-82.43
3.1e-05,2e-05,4e-13,4.5e-10,2.5e-10,0.0722,27200000000.0,1260000000.0,11.74,-82.58
3.1e-05,2e-05,4e-13,5e-10,1e-10,0.0722,26200000000.0,1180000000.0,11.95,-82.03
3.1e-05,2e-05,4e-13,5e-10,5e-11,0.0722,26200000000.0,1190000000.0,11.96,-82.09
3.1e-05,2e-05,4e-13,5e-10,1.5e-10,0.0722,26200000000.0,1190000000.0,11.95,-82.23
3.1e-05,2e-05,4e-13,5e-10,2e-10,0.0722,26200000000.0,1180000000.0,11.96,-82.24
3.1e-05,2e-05,4e-13,5e-10,2.5e-10,0.0722,26200000000.0,1180000000.0,11.96,-82.1
3.1e-05,2e-05,6e-13,4e-10,1e-10,0.0722,28400000000.0,1340000000.0,11.46,-83.45
3.1e-05,2e-05,6e-13,4e-10,1.5e-10,0.0722,28400000000.0,1340000000.0,11.46,-79.74
3.1e-05,2e-05,6e-13,4e-10,2e-10,0.0722,28400000000.0,1340000000.0,11.46,-83.69
3.1e-05,2e-05,6e-13,4e-10,2.5e-10,0.0722,28400000000.0,1340000000.0,11.46,-83.65
3.1e-05,2e-05,6e-13,3e-10,1e-10,0.0722,31900000000.0,1610000000.0,10.71,-87.07
3.1e-05,2e-05,6e-13,3e-10,5e-11,0.0722,31900000000.0,1620000000.0,10.71,-86.84
3.1e-05,2e-05,6e-13,3e-10,1.5e-10,0.0722,31900000000.0,1620000000.0,10.71,-86.04
3.1e-05,2e-05,6e-13,3e-10,2e-10,0.0722,31900000000.0,1610000000.0,10.71,-87.1
3.1e-05,2e-05,6e-13,3e-10,2.5e-10,0.0722,31900000000.0,1620000000.0,10.71,-87.73
3.1e-05,2e-05,6e-13,3.5e-10,1e-10,0.0722,30000000000.0,1450000000.0,11.12,-84.91
3.1e-05,2e-05,6e-13,3.5e-10,5e-11,0.0722,30000000000.0,1450000000.0,11.12,-84.77
3.1e-05,2e-05,6e-13,3.5e-10,1.5e-10,0.0722,29900000000.0,1460000000.0,11.11,-84.57
3.1e-05,2e-05,6e-13,3.5e-10,2e-10,0.0722,29900000000.0,1450000000.0,11.12,-84.84
3.1e-05,2e-05,6e-13,3.5e-10,2.5e-10,0.0722,29900000000.0,1460000000.0,11.12,-84.92
3.1e-05,2e-05,6e-13,4.5e-10,1e-10,0.0722,27200000000.0,1250000000.0,11.74,-82.44
3.1e-05,2e-05,6e-13,4.5e-10,5e-11,0.0722,27200000000.0,1260000000.0,11.74,-82.59
3.1e-05,2e-05,6e-13,4.5e-10,1.5e-10,0.0722,27200000000.0,1250000000.0,11.74,-82.98
3.1e-05,2e-05,6e-13,4.5e-10,2e-10,0.0722,27200000000.0,1250000000.0,11.74,-82.99
3.1e-05,2e-05,6e-13,4.5e-10,2.5e-10,0.0722,27200000000.0,1250000000.0,11.74,-82.69
3.1e-05,2e-05,6e-13,5e-10,1e-10,0.0722,26200000000.0,1180000000.0,11.95,-81.48
3.1e-05,2e-05,6e-13,5e-10,2e-10,0.0722,26200000000.0,1190000000.0,11.95,-81.77
3.1e-05,2e-05,6e-13,5e-10,2.5e-10,0.0722,26200000000.0,1180000000.0,11.95,-81.73
3.1e-05,2e-05,7e-13,4e-10,1e-10,0.0722,28400000000.0,1340000000.0,11.46,-83.74
3.1e-05,2e-05,7e-13,4e-10,5e-11,0.0722,28400000000.0,1350000000.0,11.46,-83.06
3.1e-05,2e-05,7e-13,4e-10,1.5e-10,0.0722,28400000000.0,1340000000.0,11.46,-83.73
3.1e-05,2e-05,7e-13,4e-10,2.5e-10,0.0722,28400000000.0,1340000000.0,11.46,-83.78
3.1e-05,2e-05,7e-13,3e-10,1e-10,0.0722,31900000000.0,1610000000.0,10.71,-84.95
3.1e-05,2e-05,7e-13,3e-10,5e-11,0.0722,31900000000.0,1620000000.0,10.71,-87.24
3.1e-05,2e-05,7e-13,3e-10,1.5e-10,0.0722,31900000000.0,1620000000.0,10.71,-86.98
3.1e-05,2e-05,7e-13,3e-10,2e-10,0.0722,31900000000.0,1620000000.0,10.71,-86.86
3.1e-05,2e-05,7e-13,3e-10,2.5e-10,0.0722,31900000000.0,1620000000.0,10.71,-85.35
3.1e-05,2e-05,7e-13,3.5e-10,5e-11,0.0722,29900000000.0,1460000000.0,11.11,-84.81
3.1e-05,2e-05,7e-13,3.5e-10,1.5e-10,0.0722,29900000000.0,1460000000.0,11.12,-84.75
3.1e-05,2e-05,7e-13,3.5e-10,2e-10,0.0722,29900000000.0,1460000000.0,11.11,-84.46
3.1e-05,2e-05,7e-13,3.5e-10,2.5e-10,0.0722,29900000000.0,1450000000.0,11.12,-85.27
3.1e-05,2e-05,7e-13,4.5e-10,1e-10,0.0722,27200000000.0,1250000000.0,11.74,-82.56
3.1e-05,2e-05,7e-13,4.5e-10,5e-11,0.0722,27200000000.0,1260000000.0,11.74,-82.66
3.1e-05,2e-05,7e-13,4.5e-10,1.5e-10,0.0722,27200000000.0,1260000000.0,11.74,-82.41
3.1e-05,2e-05,7e-13,4.5e-10,2e-10,0.0722,27200000000.0,1250000000.0,11.74,-82.62
3.1e-05,2e-05,7e-13,5e-10,5e-11,0.0722,26200000000.0,1180000000.0,11.95,-81.92
3.1e-05,2e-05,7e-13,5e-10,1.5e-10,0.0722,26200000000.0,1190000000.0,11.95,-81.8
3.1e-05,2e-05,7e-13,5e-10,2e-10,0.0722,26200000000.0,1190000000.0,11.96,-81.9
3.1e-05,2e-05,7e-13,5e-10,2.5e-10,0.0722,26200000000.0,1190000000.0,11.96,-82.08
3.1e-05,2.1e-05,5e-13,4e-10,1e-10,0.0722,28400000000.0,1320000000.0,11.43,-83.81
3.1e-05,2.1e-05,5e-13,4e-10,5e-11,0.0722,28400000000.0,1320000000.0,11.43,-83.33
3.1e-05,2.1e-05,5e-13,4e-10,1.5e-10,0.0722,28400000000.0,1310000000.0,11.43,-83.77
3.1e-05,2.1e-05,5e-13,4e-10,2e-10,0.0722,28400000000.0,1320000000.0,11.43,-83.23
3.1e-05,2.1e-05,5e-13,4e-10,2.5e-10,0.0722,28400000000.0,1320000000.0,11.43,-83.83
3.1e-05,2.1e-05,5e-13,3e-10,1e-10,0.0722,31800000000.0,1580000000.0,10.67,-86.7
3.1e-05,2.1e-05,5e-13,3e-10,5e-11,0.0722,31800000000.0,1580000000.0,10.67,-87.39
3.1e-05,2.1e-05,5e-13,3e-10,1.5e-10,0.0722,31800000000.0,1570000000.0,10.67,-86.97
3.1e-05,2.1e-05,5e-13,3e-10,2e-10,0.0722,31800000000.0,1570000000.0,10.67,-85.43
3.1e-05,2.1e-05,5e-13,3e-10,2.5e-10,0.0722,31800000000.0,1570000000.0,10.67,-86.49
3.1e-05,2.1e-05,5e-13,3.5e-10,1e-10,0.0722,29900000000.0,1430000000.0,11.09,-84.72
3.1e-05,2.1e-05,5e-13,3.5e-10,5e-11,0.0722,29900000000.0,1430000000.0,11.09,-84.5
3.1e-05,2.1e-05,5e-13,3.5e-10,1.5e-10,0.0722,29900000000.0,1430000000.0,11.09,-85.07
3.1e-05,2.1e-05,5e-13,3.5e-10,2e-10,0.0722,29900000000.0,1430000000.0,11.09,-84.45
3.1e-05,2.1e-05,5e-13,4.5e-10,1e-10,0.0722,27100000000.0,1230000000.0,11.71,-78.57
3.1e-05,2.1e-05,5e-13,4.5e-10,5e-11,0.0722,27100000000.0,1230000000.0,11.71,-82.58
3.1e-05,2.1e-05,5e-13,4.5e-10,1.5e-10,0.0722,27100000000.0,1220000000.0,11.71,-82.51
3.1e-05,2.1e-05,5e-13,4.5e-10,2e-10,0.0722,27100000000.0,1230000000.0,11.71,-82.46
3.1e-05,2.1e-05,5e-13,4.5e-10,2.5e-10,0.0722,27100000000.0,1230000000.0,11.71,-82.37
3.1e-05,2.1e-05,5e-13,5e-10,1e-10,0.0722,26100000000.0,1160000000.0,11.93,-81.99
3.1e-05,2.1e-05,5e-13,5e-10,5e-11,0.0722,26200000000.0,1160000000.0,11.93,-82.04
3.1e-05,2.1e-05,5e-13,5e-10,1.5e-10,0.0722,26100000000.0,1160000000.0,11.93,-81.83
3.1e-05,2.1e-05,5e-13,5e-10,2e-10,0.0722,26100000000.0,1160000000.0,11.93,-81.68
3.1e-05,2.1e-05,5e-13,5e-10,2.5e-10,0.0722,26100000000.0,1160000000.0,11.93,-81.6
3.1e-05,2.1e-05,3e-13,4e-10,1e-10,0.0722,28400000000.0,1320000000.0,11.43,-83.55
3.1e-05,2.1e-05,3e-13,4e-10,5e-11,0.0722,28400000000.0,1320000000.0,11.43,-83.35
3.1e-05,2.1e-05,3e-13,4e-10,1.5e-10,0.0722,28400000000.0,1320000000.0,11.43,-83.68
3.1e-05,2.1e-05,3e-13,4e-10,2e-10,0.0722,28400000000.0,1320000000.0,11.43,-83.53
3.1e-05,2.1e-05,3e-13,4e-10,2.5e-10,0.0722,28400000000.0,1320000000.0,11.43,-83.34
3.1e-05,2.1e-05,3e-13,3e-10,1e-10,0.0722,31800000000.0,1580000000.0,10.67,-86.54
3.1e-05,2.1e-05,3e-13,3e-10,5e-11,0.0722,31800000000.0,1580000000.0,10.67,-86.74
3.1e-05,2.1e-05,3e-13,3e-10,1.5e-10,0.0722,31800000000.0,1580000000.0,10.67,-86.82
3.1e-05,2.1e-05,3e-13,3e-10,2e-10,0.0722,31800000000.0,1580000000.0,10.67,-86.44
3.1e-05,2.1e-05,3e-13,3e-10,2.5e-10,0.0722,31800000000.0,1580000000.0,10.67,-87.38
3.1e-05,2.1e-05,3e-13,3.5e-10,1e-10,0.0722,29900000000.0,1430000000.0,11.08,-85.49
3.1e-05,2.1e-05,3e-13,3.5e-10,5e-11,0.0722,29900000000.0,1420000000.0,11.09,-84.63
3.1e-05,2.1e-05,3e-13,3.5e-10,1.5e-10,0.0722,29900000000.0,1430000000.0,11.08,-85.5
3.1e-05,2.1e-05,3e-13,3.5e-10,2e-10,0.0722,29900000000.0,1420000000.0,11.09,-84.68
3.1e-05,2.1e-05,3e-13,3.5e-10,2.5e-10,0.0722,29900000000.0,1430000000.0,11.09,-84.47
3.1e-05,2.1e-05,3e-13,4.5e-10,1e-10,0.0722,27200000000.0,1240000000.0,11.71,-82.57
3.1e-05,2.1e-05,3e-13,4.5e-10,5e-11,0.0722,27200000000.0,1230000000.0,11.71,-82.39
3.1e-05,2.1e-05,3e-13,4.5e-10,1.5e-10,0.0722,27200000000.0,1230000000.0,11.71,-83.38
3.1e-05,2.1e-05,3e-13,4.5e-10,2e-10,0.0722,27200000000.0,1230000000.0,11.71,-82.78
3.1e-05,2.1e-05,3e-13,4.5e-10,2.5e-10,0.0722,27200000000.0,1240000000.0,11.71,-82.52
3.1e-05,2.1e-05,3e-13,5e-10,1e-10,0.0722,26200000000.0,1160000000.0,11.93,-81.87
3.1e-05,2.1e-05,3e-13,5e-10,5e-11,0.0722,26200000000.0,1170000000.0,11.93,-81.92
3.1e-05,2.1e-05,3e-13,5e-10,1.5e-10,0.0722,26200000000.0,1170000000.0,11.93,-81.93
3.1e-05,2.1e-05,3e-13,5e-10,2e-10,0.0722,26200000000.0,1170000000.0,11.93,-81.79
3.1e-05,2.1e-05,3e-13,5e-10,2.5e-10,0.0722,26200000000.0,1160000000.0,11.93,-81.68
3.1e-05,2.1e-05,4e-13,4e-10,1e-10,0.0722,28400000000.0,1320000000.0,11.43,-83.32
3.1e-05,2.1e-05,4e-13,4e-10,5e-11,0.0722,28400000000.0,1320000000.0,11.43,-83.65
3.1e-05,2.1e-05,4e-13,4e-10,1.5e-10,0.0722,28400000000.0,1310000000.0,11.43,-83.36
3.1e-05,2.1e-05,4e-13,4e-10,2e-10,0.0722,28400000000.0,1310000000.0,11.43,-83.53
3.1e-05,2.1e-05,4e-13,4e-10,2.5e-10,0.0722,28400000000.0,1310000000.0,11.43,-83.28
3.1e-05,2.1e-05,4e-13,3e-10,1e-10,0.0722,31800000000.0,1580000000.0,10.67,-87.07
3.1e-05,2.1e-05,4e-13,3e-10,5e-11,0.0722,31800000000.0,1570000000.0,10.67,-85.04
3.1e-05,2.1e-05,4e-13,3e-10,1.5e-10,0.0722,31800000000.0,1580000000.0,10.67,-86.9
3.1e-05,2.1e-05,4e-13,3e-10,2e-10,0.0722,31800000000.0,1580000000.0,10.67,-86.5
3.1e-05,2.1e-05,4e-13,3e-10,2.5e-10,0.0722,31800000000.0,1570000000.0,10.67,-86.32
3.1e-05,2.1e-05,4e-13,3.5e-10,1e-10,0.0722,29900000000.0,1430000000.0,11.09,-84.71
3.1e-05,2.1e-05,4e-13,3.5e-10,5e-11,0.0722,29900000000.0,1440000000.0,11.09,-84.42
3.1e-05,2.1e-05,4e-13,3.5e-10,1.5e-10,0.0722,29900000000.0,1420000000.0,11.09,-84.45
3.1e-05,2.1e-05,4e-13,3.5e-10,2e-10,0.0722,29900000000.0,1430000000.0,11.08,-84.6
3.1e-05,2.1e-05,4e-13,3.5e-10,2.5e-10,0.0722,29900000000.0,1430000000.0,11.09,-82.06
3.1e-05,2.1e-05,4e-13,4.5e-10,1e-10,0.0722,27200000000.0,1230000000.0,11.71,-82.32
3.1e-05,2.1e-05,4e-13,4.5e-10,5e-11,0.0722,27200000000.0,1230000000.0,11.71,-82.71
3.1e-05,2.1e-05,4e-13,4.5e-10,1.5e-10,0.0722,27200000000.0,1230000000.0,11.71,-82.79
3.1e-05,2.1e-05,4e-13,4.5e-10,2e-10,0.0722,27200000000.0,1230000000.0,11.71,-82.36
3.1e-05,2.1e-05,4e-13,4.5e-10,2.5e-10,0.0722,27200000000.0,1230000000.0,11.71,-82.34
3.1e-05,2.1e-05,4e-13,5e-10,1e-10,0.0722,26200000000.0,1170000000.0,11.93,-81.97
3.1e-05,2.1e-05,4e-13,5e-10,5e-11,0.0722,26200000000.0,1160000000.0,11.93,-84.29
3.1e-05,2.1e-05,4e-13,5e-10,1.5e-10,0.0722,26200000000.0,1170000000.0,11.93,-81.99
3.1e-05,2.1e-05,4e-13,5e-10,2e-10,0.0722,26200000000.0,1160000000.0,11.93,-81.99
3.1e-05,2.1e-05,4e-13,5e-10,2.5e-10,0.0722,26200000000.0,1170000000.0,11.93,-81.86
3.1e-05,2.1e-05,6e-13,4e-10,1e-10,0.0722,28400000000.0,1310000000.0,11.43,-83.24
3.1e-05,2.1e-05,6e-13,4e-10,5e-11,0.0722,28400000000.0,1320000000.0,11.43,-83.54
3.1e-05,2.1e-05,6e-13,4e-10,1.5e-10,0.0722,28400000000.0,1310000000.0,11.43,-83.35
3.1e-05,2.1e-05,6e-13,4e-10,2e-10,0.0722,28400000000.0,1310000000.0,11.43,-83.43
3.1e-05,2.1e-05,6e-13,4e-10,2.5e-10,0.0722,28400000000.0,1320000000.0,11.43,-83.46
3.1e-05,2.1e-05,6e-13,3e-10,1e-10,0.0722,31800000000.0,1570000000.0,10.67,-86.6
3.1e-05,2.1e-05,6e-13,3e-10,5e-11,0.0722,31800000000.0,1580000000.0,10.67,-86.59
3.1e-05,2.1e-05,6e-13,3e-10,1.5e-10,0.0722,31800000000.0,1570000000.0,10.67,-86.67
3.1e-05,2.1e-05,6e-13,3e-10,2e-10,0.0722,31800000000.0,1580000000.0,10.67,-86.92
3.1e-05,2.1e-05,6e-13,3e-10,2.5e-10,0.0722,31800000000.0,1580000000.0,10.67,-86.58
3.1e-05,2.1e-05,6e-13,3.5e-10,1e-10,0.0722,29900000000.0,1430000000.0,11.09,-84.64
3.1e-05,2.1e-05,6e-13,3.5e-10,5e-11,0.0722,29900000000.0,1430000000.0,11.09,-84.73
3.1e-05,2.1e-05,6e-13,3.5e-10,1.5e-10,0.0722,29900000000.0,1430000000.0,11.08,-84.57
3.1e-05,2.1e-05,6e-13,3.5e-10,2.5e-10,0.0722,29900000000.0,1430000000.0,11.08,-84.67
3.1e-05,2.1e-05,6e-13,4.5e-10,1e-10,0.0722,27100000000.0,1230000000.0,11.71,-82.42
3.1e-05,2.1e-05,6e-13,4.5e-10,5e-11,0.0722,27100000000.0,1230000000.0,11.71,-82.59
3.1e-05,2.1e-05,6e-13,4.5e-10,2e-10,0.0722,27100000000.0,1240000000.0,11.71,-82.41
3.1e-05,2.1e-05,6e-13,4.5e-10,2.5e-10,0.0722,27100000000.0,1230000000.0,11.71,-82.73
3.1e-05,2.1e-05,6e-13,5e-10,1e-10,0.0722,26100000000.0,1150000000.0,11.93,-81.7
3.1e-05,2.1e-05,6e-13,5e-10,5e-11,0.0722,26100000000.0,1160000000.0,11.93,-81.38
3.1e-05,2.1e-05,6e-13,5e-10,1.5e-10,0.0722,26100000000.0,1160000000.0,11.93,-81.84
3.1e-05,2.1e-05,6e-13,5e-10,2e-10,0.0722,26100000000.0,1160000000.0,11.93,-81.98
3.1e-05,2.1e-05,6e-13,5e-10,2.5e-10,0.0722,26100000000.0,1160000000.0,11.93,-81.63
3.1e-05,2.1e-05,7e-13,4e-10,1e-10,0.0722,28400000000.0,1320000000.0,11.43,-83.57
3.1e-05,2.1e-05,7e-13,4e-10,5e-11,0.0722,28400000000.0,1310000000.0,11.43,-83.39
3.1e-05,2.1e-05,7e-13,4e-10,1.5e-10,0.0722,28400000000.0,1320000000.0,11.43,-82.53
3.1e-05,2.1e-05,7e-13,4e-10,2e-10,0.0722,28400000000.0,1310000000.0,11.43,-83.22
3.1e-05,2.1e-05,7e-13,4e-10,2.5e-10,0.0722,28400000000.0,1320000000.0,11.43,-82.88
3.1e-05,2.1e-05,7e-13,3e-10,1e-10,0.0722,31800000000.0,1570000000.0,10.67,-86.61
3.1e-05,2.1e-05,7e-13,3e-10,5e-11,0.0722,31800000000.0,1580000000.0,10.67,-87.03
3.1e-05,2.1e-05,7e-13,3e-10,1.5e-10,0.0722,31800000000.0,1580000000.0,10.67,-86.22
3.1e-05,2.1e-05,7e-13,3e-10,2e-10,0.0722,31800000000.0,1570000000.0,10.67,-86.41
3.1e-05,2.1e-05,7e-13,3e-10,2.5e-10,0.0722,31800000000.0,1570000000.0,10.67,-86.38
3.1e-05,2.1e-05,7e-13,3.5e-10,5e-11,0.0722,29900000000.0,1420000000.0,11.09,-85.08
3.1e-05,2.1e-05,7e-13,3.5e-10,2e-10,0.0722,29900000000.0,1430000000.0,11.09,-84.66
3.1e-05,2.1e-05,7e-13,3.5e-10,2.5e-10,0.0722,29900000000.0,1430000000.0,11.08,-84.3
3.1e-05,2.1e-05,7e-13,4.5e-10,5e-11,0.0722,27100000000.0,1220000000.0,11.71,-82.56
3.1e-05,2.1e-05,7e-13,4.5e-10,1.5e-10,0.0722,27100000000.0,1230000000.0,11.71,-82.75
3.1e-05,2.1e-05,7e-13,4.5e-10,2e-10,0.0722,27100000000.0,1230000000.0,11.71,-83.17
3.1e-05,2.1e-05,7e-13,4.5e-10,2.5e-10,0.0722,27100000000.0,1230000000.0,11.71,-82.6
3.1e-05,2.1e-05,7e-13,5e-10,1e-10,0.0722,26100000000.0,1170000000.0,11.93,-82.26
3.1e-05,2.1e-05,7e-13,5e-10,5e-11,0.0722,26100000000.0,1170000000.0,11.93,-82.28
3.1e-05,2.1e-05,7e-13,5e-10,1.5e-10,0.0722,26100000000.0,1160000000.0,11.93,-81.96
3.1e-05,2.1e-05,7e-13,5e-10,2e-10,0.0722,26100000000.0,1160000000.0,11.93,-82.06
3.1e-05,2.1e-05,7e-13,5e-10,2.5e-10,0.0722,26100000000.0,1160000000.0,11.93,-81.89
3.1e-05,2.2e-05,5e-13,4e-10,1e-10,0.0722,28300000000.0,1290000000.0,11.4,-83.37
3.1e-05,2.2e-05,5e-13,4e-10,5e-11,0.0722,28300000000.0,1280000000.0,11.4,-83.33
3.1e-05,2.2e-05,5e-13,4e-10,1.5e-10,0.0722,28300000000.0,1280000000.0,11.4,-83.16
3.1e-05,2.2e-05,5e-13,4e-10,2e-10,0.0722,28300000000.0,1280000000.0,11.4,-83.36
3.1e-05,2.2e-05,5e-13,4e-10,2.5e-10,0.0722,28300000000.0,1280000000.0,11.4,-83.45
3.1e-05,2.2e-05,5e-13,3e-10,1e-10,0.0722,31800000000.0,1530000000.0,10.63,-86.5
3.1e-05,2.2e-05,5e-13,3e-10,5e-11,0.0722,31800000000.0,1520000000.0,10.63,-86.53
3.1e-05,2.2e-05,5e-13,3e-10,1.5e-10,0.0722,31800000000.0,1520000000.0,10.63,-86.6
3.1e-05,2.2e-05,5e-13,3e-10,2e-10,0.0722,31800000000.0,1530000000.0,10.63,-86.63
3.1e-05,2.2e-05,5e-13,3e-10,2.5e-10,0.0722,31800000000.0,1520000000.0,10.63,-86.69
3.1e-05,2.2e-05,5e-13,3.5e-10,1e-10,0.0722,29800000000.0,1380000000.0,11.05,-84.76
3.1e-05,2.2e-05,5e-13,3.5e-10,5e-11,0.0722,29800000000.0,1390000000.0,11.05,-84.51
3.1e-05,2.2e-05,5e-13,3.5e-10,1.5e-10,0.0722,29800000000.0,1390000000.0,11.05,-84.61
3.1e-05,2.2e-05,5e-13,3.5e-10,2e-10,0.0722,29800000000.0,1400000000.0,11.05,-84.54
3.1e-05,2.2e-05,5e-13,3.5e-10,2.5e-10,0.0722,29800000000.0,1380000000.0,11.05,-84.41
3.1e-05,2.2e-05,5e-13,4.5e-10,1e-10,0.0722,27100000000.0,1200000000.0,11.68,-83.52
3.1e-05,2.2e-05,5e-13,4.5e-10,5e-11,0.0722,27100000000.0,1200000000.0,11.68,-82.56
3.1e-05,2.2e-05,5e-13,4.5e-10,1.5e-10,0.0722,27100000000.0,1200000000.0,11.68,-82.38
3.1e-05,2.2e-05,5e-13,4.5e-10,2e-10,0.0722,27100000000.0,1200000000.0,11.68,-83.55
3.1e-05,2.2e-05,5e-13,4.5e-10,2.5e-10,0.0722,27100000000.0,1190000000.0,11.68,-82.55
3.1e-05,2.2e-05,5e-13,5e-10,1e-10,0.0722,26100000000.0,1140000000.0,11.9,-81.62
3.1e-05,2.2e-05,5e-13,5e-10,5e-11,0.0722,26100000000.0,1140000000.0,11.9,-81.49
3.1e-05,2.2e-05,5e-13,5e-10,1.5e-10,0.0722,26100000000.0,1130000000.0,11.9,-81.7
3.1e-05,2.2e-05,5e-13,5e-10,2e-10,0.0722,26100000000.0,1130000000.0,11.9,-81.88
3.1e-05,2.2e-05,5e-13,5e-10,2.5e-10,0.0722,26100000000.0,1140000000.0,11.9,-81.57
3.1e-05,2.2e-05,3e-13,4e-10,1e-10,0.0722,28300000000.0,1280000000.0,11.4,-83.18
3.1e-05,2.2e-05,3e-13,4e-10,5e-11,0.0722,28300000000.0,1280000000.0,11.4,-83.43
3.1e-05,2.2e-05,3e-13,4e-10,1.5e-10,0.0722,28300000000.0,1270000000.0,11.4,-83.33
3.1e-05,2.2e-05,3e-13,4e-10,2e-10,0.0722,28300000000.0,1280000000.0,11.4,-83.5
3.1e-05,2.2e-05,3e-13,4e-10,2.5e-10,0.0722,28300000000.0,1280000000.0,11.4,-83.11
3.1e-05,2.2e-05,3e-13,3e-10,1e-10,0.0722,31800000000.0,1530000000.0,10.63,-86.47
3.1e-05,2.2e-05,3e-13,3e-10,5e-11,0.0722,31800000000.0,1530000000.0,10.63,-84.92
3.1e-05,2.2e-05,3e-13,3e-10,1.5e-10,0.0722,31800000000.0,1530000000.0,10.63,-86.36
3.1e-05,2.2e-05,3e-13,3e-10,2e-10,0.0722,31800000000.0,1530000000.0,10.63,-86.23
3.1e-05,2.2e-05,3e-13,3e-10,2.5e-10,0.0722,31800000000.0,1530000000.0,10.63,-87.01
3.1e-05,2.2e-05,3e-13,3.5e-10,1e-10,0.0722,29800000000.0,1390000000.0,11.05,-84.56
3.1e-05,2.2e-05,3e-13,3.5e-10,5e-11,0.0722,29800000000.0,1390000000.0,11.05,-84.55
3.1e-05,2.2e-05,3e-13,3.5e-10,2e-10,0.0722,29800000000.0,1390000000.0,11.05,-84.31
3.1e-05,2.2e-05,3e-13,3.5e-10,2.5e-10,0.0722,29800000000.0,1390000000.0,11.05,-84.58
3.1e-05,2.2e-05,3e-13,4.5e-10,1e-10,0.0722,27100000000.0,1200000000.0,11.68,-83.61
3.1e-05,2.2e-05,3e-13,4.5e-10,5e-11,0.0722,27100000000.0,1200000000.0,11.68,-82.37
3.1e-05,2.2e-05,3e-13,4.5e-10,1.5e-10,0.0722,27100000000.0,1200000000.0,11.68,-83.59
3.1e-05,2.2e-05,3e-13,4.5e-10,2e-10,0.0722,27100000000.0,1200000000.0,11.68,-82.17
3.1e-05,2.2e-05,3e-13,4.5e-10,2.5e-10,0.0722,27100000000.0,1190000000.0,11.68,-82.64
3.1e-05,2.2e-05,3e-13,5e-10,1e-10,0.0722,26100000000.0,1140000000.0,11.9,-81.67
3.1e-05,2.2e-05,3e-13,5e-10,5e-11,0.0722,26100000000.0,1130000000.0,11.9,-81.8
3.1e-05,2.2e-05,3e-13,5e-10,1.5e-10,0.0722,26100000000.0,1140000000.0,11.9,-81.5
3.1e-05,2.2e-05,3e-13,5e-10,2e-10,0.0722,26100000000.0,1130000000.0,11.9,-81.55
3.1e-05,2.2e-05,3e-13,5e-10,2.5e-10,0.0722,26100000000.0,1140000000.0,11.9,-82.35
3.1e-05,2.2e-05,4e-13,4e-10,1e-10,0.0722,28300000000.0,1280000000.0,11.4,-83.29
3.1e-05,2.2e-05,4e-13,4e-10,5e-11,0.0722,28300000000.0,1270000000.0,11.4,-83.0
3.1e-05,2.2e-05,4e-13,4e-10,2e-10,0.0722,28300000000.0,1280000000.0,11.4,-83.38
3.1e-05,2.2e-05,4e-13,4e-10,2.5e-10,0.0722,28300000000.0,1280000000.0,11.4,-83.09
3.1e-05,2.2e-05,4e-13,3e-10,1e-10,0.0722,31800000000.0,1520000000.0,10.63,-86.72
3.1e-05,2.2e-05,4e-13,3e-10,2e-10,0.0722,31800000000.0,1530000000.0,10.63,-86.26
3.1e-05,2.2e-05,4e-13,3e-10,2.5e-10,0.0722,31800000000.0,1520000000.0,10.63,-86.61
3.1e-05,2.2e-05,4e-13,3.5e-10,1e-10,0.0722,29800000000.0,1380000000.0,11.05,-84.73
3.1e-05,2.2e-05,4e-13,3.5e-10,5e-11,0.0722,29800000000.0,1390000000.0,11.05,-84.37
3.1e-05,2.2e-05,4e-13,3.5e-10,1.5e-10,0.0722,29800000000.0,1380000000.0,11.05,-84.4
3.1e-05,2.2e-05,4e-13,3.5e-10,2e-10,0.0722,29800000000.0,1400000000.0,11.05,-84.62
3.1e-05,2.2e-05,4e-13,3.5e-10,2.5e-10,0.0722,29800000000.0,1380000000.0,11.05,-84.65
3.1e-05,2.2e-05,4e-13,4.5e-10,1e-10,0.0722,27100000000.0,1190000000.0,11.68,-82.42
3.1e-05,2.2e-05,4e-13,4.5e-10,1.5e-10,0.0722,27100000000.0,1200000000.0,11.68,-82.39
3.1e-05,2.2e-05,4e-13,4.5e-10,2.5e-10,0.0722,27100000000.0,1200000000.0,11.68,-82.42
3.1e-05,2.2e-05,4e-13,5e-10,1e-10,0.0722,26100000000.0,1140000000.0,11.9,-81.48
3.1e-05,2.2e-05,4e-13,5e-10,5e-11,0.0722,26100000000.0,1130000000.0,11.9,-81.59
3.1e-05,2.2e-05,4e-13,5e-10,1.5e-10,0.0722,26100000000.0,1130000000.0,11.9,-81.97
3.1e-05,2.2e-05,4e-13,5e-10,2e-10,0.0722,26100000000.0,1140000000.0,11.9,-81.7
3.1e-05,2.2e-05,4e-13,5e-10,2.5e-10,0.0722,26100000000.0,1140000000.0,11.9,-81.63
3.1e-05,2.2e-05,6e-13,4e-10,5e-11,0.0722,28300000000.0,1280000000.0,11.4,-81.62
3.1e-05,2.2e-05,6e-13,4e-10,1.5e-10,0.0722,28300000000.0,1280000000.0,11.4,-83.41
3.1e-05,2.2e-05,6e-13,4e-10,2e-10,0.0722,28300000000.0,1280000000.0,11.4,-83.32
3.1e-05,2.2e-05,6e-13,4e-10,2.5e-10,0.0722,28300000000.0,1280000000.0,11.4,-82.16
3.1e-05,2.2e-05,6e-13,3e-10,1e-10,0.0722,31800000000.0,1520000000.0,10.63,-89.48
3.1e-05,2.2e-05,6e-13,3e-10,5e-11,0.0722,31800000000.0,1530000000.0,10.63,-87.18
3.1e-05,2.2e-05,6e-13,3e-10,1.5e-10,0.0722,31800000000.0,1520000000.0,10.63,-86.3
3.1e-05,2.2e-05,6e-13,3e-10,2e-10,0.0722,31800000000.0,1530000000.0,10.63,-86.33
3.1e-05,2.2e-05,6e-13,3e-10,2.5e-10,0.0722,31800000000.0,1520000000.0,10.63,-86.57
3.1e-05,2.2e-05,6e-13,3.5e-10,1e-10,0.0722,29800000000.0,1380000000.0,11.05,-84.53
3.1e-05,2.2e-05,6e-13,3.5e-10,5e-11,0.0722,29800000000.0,1390000000.0,11.05,-84.47
3.1e-05,2.2e-05,6e-13,3.5e-10,1.5e-10,0.0722,29800000000.0,1390000000.0,11.05,-84.33
3.1e-05,2.2e-05,6e-13,3.5e-10,2e-10,0.0722,29800000000.0,1380000000.0,11.05,-84.48
3.1e-05,2.2e-05,6e-13,3.5e-10,2.5e-10,0.0722,29800000000.0,1390000000.0,11.05,-84.04
3.1e-05,2.2e-05,6e-13,4.5e-10,1e-10,0.0722,27100000000.0,1190000000.0,11.68,-82.34
3.1e-05,2.2e-05,6e-13,4.5e-10,1.5e-10,0.0722,27100000000.0,1190000000.0,11.68,-82.33
3.1e-05,2.2e-05,6e-13,4.5e-10,2e-10,0.0722,27100000000.0,1200000000.0,11.68,-82.34
3.1e-05,2.2e-05,6e-13,4.5e-10,2.5e-10,0.0722,27100000000.0,1200000000.0,11.68,-83.51
3.1e-05,2.2e-05,6e-13,5e-10,1e-10,0.0722,26100000000.0,1140000000.0,11.9,-86.23
3.1e-05,2.2e-05,6e-13,5e-10,5e-11,0.0722,26100000000.0,1140000000.0,11.9,-81.82
3.1e-05,2.2e-05,6e-13,5e-10,1.5e-10,0.0722,26100000000.0,1130000000.0,11.9,-81.49
3.1e-05,2.2e-05,6e-13,5e-10,2e-10,0.0722,26100000000.0,1130000000.0,11.9,-81.84
3.1e-05,2.2e-05,6e-13,5e-10,2.5e-10,0.0722,26100000000.0,1140000000.0,11.9,-81.36
3.1e-05,2.2e-05,7e-13,4e-10,1e-10,0.0722,28300000000.0,1280000000.0,11.4,-83.17
3.1e-05,2.2e-05,7e-13,4e-10,1.5e-10,0.0722,28300000000.0,1280000000.0,11.4,-83.2
3.1e-05,2.2e-05,7e-13,4e-10,2e-10,0.0722,28300000000.0,1270000000.0,11.4,-83.25
3.1e-05,2.2e-05,7e-13,4e-10,2.5e-10,0.0722,28300000000.0,1290000000.0,11.4,-83.11
3.1e-05,2.2e-05,7e-13,3e-10,1e-10,0.0722,31800000000.0,1520000000.0,10.63,-86.42
3.1e-05,2.2e-05,7e-13,3e-10,5e-11,0.0722,31800000000.0,1530000000.0,10.63,-86.69
3.1e-05,2.2e-05,7e-13,3e-10,1.5e-10,0.0722,31800000000.0,1530000000.0,10.63,-86.21
3.1e-05,2.2e-05,7e-13,3e-10,2.5e-10,0.0722,31800000000.0,1520000000.0,10.63,-86.11
3.1e-05,2.2e-05,7e-13,3.5e-10,1e-10,0.0722,29800000000.0,1390000000.0,11.05,-83.09
3.1e-05,2.2e-05,7e-13,3.5e-10,5e-11,0.0722,29800000000.0,1390000000.0,11.05,-79.92
3.1e-05,2.2e-05,7e-13,3.5e-10,1.5e-10,0.0722,29800000000.0,1390000000.0,11.05,-84.38
3.1e-05,2.2e-05,7e-13,4.5e-10,1e-10,0.0722,27100000000.0,1200000000.0,11.68,-82.43
3.1e-05,2.2e-05,7e-13,4.5e-10,5e-11,0.0722,27100000000.0,1200000000.0,11.68,-82.4
3.1e-05,2.2e-05,7e-13,4.5e-10,2e-10,0.0722,27100000000.0,1200000000.0,11.68,-83.49
3.1e-05,2.2e-05,7e-13,4.5e-10,2.5e-10,0.0722,27100000000.0,1200000000.0,11.68,-82.65
3.1e-05,2.2e-05,7e-13,5e-10,1e-10,0.0722,26100000000.0,1130000000.0,11.9,-81.9
3.1e-05,2.2e-05,7e-13,5e-10,5e-11,0.0722,26100000000.0,1140000000.0,11.9,-81.89
3.1e-05,2.2e-05,7e-13,5e-10,1.5e-10,0.0722,26100000000.0,1130000000.0,11.9,-81.86
3.1e-05,2.2e-05,7e-13,5e-10,2.5e-10,0.0722,26100000000.0,1130000000.0,11.9,-82.21
3.1e-05,2.3e-05,5e-13,4e-10,1e-10,0.0722,28300000000.0,1240000000.0,11.36,-83.88
3.1e-05,2.3e-05,5e-13,4e-10,5e-11,0.0722,28300000000.0,1230000000.0,11.36,-82.77
3.1e-05,2.3e-05,5e-13,4e-10,1.5e-10,0.0722,28300000000.0,1240000000.0,11.36,-83.28
3.1e-05,2.3e-05,5e-13,4e-10,2e-10,0.0722,28300000000.0,1240000000.0,11.36,-82.98
3.1e-05,2.3e-05,5e-13,4e-10,2.5e-10,0.0722,28300000000.0,1240000000.0,11.36,-83.27
3.1e-05,2.3e-05,5e-13,3e-10,1e-10,0.0722,31700000000.0,1470000000.0,10.59,-86.01
3.1e-05,2.3e-05,5e-13,3e-10,5e-11,0.0722,31700000000.0,1460000000.0,10.59,-86.1
3.1e-05,2.3e-05,5e-13,3e-10,1.5e-10,0.0722,31700000000.0,1460000000.0,10.59,-86.4
3.1e-05,2.3e-05,5e-13,3e-10,2e-10,0.0722,31700000000.0,1470000000.0,10.58,-86.09
3.1e-05,2.3e-05,5e-13,3e-10,2.5e-10,0.0722,31700000000.0,1460000000.0,10.59,-86.56
3.1e-05,2.3e-05,5e-13,3.5e-10,1e-10,0.0722,29800000000.0,1340000000.0,11.01,-81.14
3.1e-05,2.3e-05,5e-13,3.5e-10,5e-11,0.0722,29800000000.0,1340000000.0,11.01,-80.78
3.1e-05,2.3e-05,5e-13,3.5e-10,1.5e-10,0.0722,29800000000.0,1340000000.0,11.01,-84.38
3.1e-05,2.3e-05,5e-13,3.5e-10,2e-10,0.0722,29800000000.0,1340000000.0,11.01,-84.08
3.1e-05,2.3e-05,5e-13,3.5e-10,2.5e-10,0.0722,29800000000.0,1340000000.0,11.01,-84.31
3.1e-05,2.3e-05,5e-13,4.5e-10,1e-10,0.0722,27000000000.0,1170000000.0,11.65,-82.06
3.1e-05,2.3e-05,5e-13,4.5e-10,5e-11,0.0722,27000000000.0,1160000000.0,11.64,-82.29
3.1e-05,2.3e-05,5e-13,4.5e-10,1.5e-10,0.0722,27000000000.0,1160000000.0,11.64,-82.4
3.1e-05,2.3e-05,5e-13,4.5e-10,2e-10,0.0722,27000000000.0,1160000000.0,11.65,-84.86
3.1e-05,2.3e-05,5e-13,4.5e-10,2.5e-10,0.0722,27000000000.0,1160000000.0,11.64,-82.37
3.1e-05,2.3e-05,5e-13,5e-10,1e-10,0.0722,26000000000.0,1100000000.0,11.86,-81.39
3.1e-05,2.3e-05,5e-13,5e-10,5e-11,0.0722,26000000000.0,1100000000.0,11.86,-81.93
3.1e-05,2.3e-05,5e-13,5e-10,1.5e-10,0.0722,26000000000.0,1110000000.0,11.86,-81.3
3.1e-05,2.3e-05,5e-13,5e-10,2e-10,0.0722,26000000000.0,1100000000.0,11.87,-78.79
3.1e-05,2.3e-05,5e-13,5e-10,2.5e-10,0.0722,26000000000.0,1100000000.0,11.87,-81.65
3.1e-05,2.3e-05,3e-13,4e-10,1e-10,0.0722,28300000000.0,1240000000.0,11.36,-83.12
3.1e-05,2.3e-05,3e-13,4e-10,5e-11,0.0722,28300000000.0,1230000000.0,11.36,-82.96
3.1e-05,2.3e-05,3e-13,4e-10,1.5e-10,0.0722,28300000000.0,1230000000.0,11.36,-83.02
3.1e-05,2.3e-05,3e-13,4e-10,2e-10,0.0722,28300000000.0,1240000000.0,11.36,-83.15
3.1e-05,2.3e-05,3e-13,4e-10,2.5e-10,0.0722,28300000000.0,1240000000.0,11.36,-82.96
3.1e-05,2.3e-05,3e-13,3e-10,1e-10,0.0722,31700000000.0,1460000000.0,10.59,-85.99
3.1e-05,2.3e-05,3e-13,3e-10,5e-11,0.0722,31700000000.0,1470000000.0,10.59,-86.5
3.1e-05,2.3e-05,3e-13,3e-10,1.5e-10,0.0722,31700000000.0,1470000000.0,10.59,-86.43
3.1e-05,2.3e-05,3e-13,3e-10,2e-10,0.0722,31700000000.0,1460000000.0,10.59,-86.31
3.1e-05,2.3e-05,3e-13,3e-10,2.5e-10,0.0722,31700000000.0,1470000000.0,10.59,-85.97
3.1e-05,2.3e-05,3e-13,3.5e-10,1e-10,0.0722,29800000000.0,1350000000.0,11.01,-84.21
3.1e-05,2.3e-05,3e-13,3.5e-10,5e-11,0.0722,29800000000.0,1330000000.0,11.01,-84.12
3.1e-05,2.3e-05,3e-13,3.5e-10,1.5e-10,0.0722,29800000000.0,1350000000.0,11.01,-84.22
3.1e-05,2.3e-05,3e-13,3.5e-10,2e-10,0.0722,29800000000.0,1340000000.0,11.01,-84.37
3.1e-05,2.3e-05,3e-13,3.5e-10,2.5e-10,0.0722,29800000000.0,1330000000.0,11.01,-84.25
3.1e-05,2.3e-05,3e-13,4.5e-10,5e-11,0.0722,27000000000.0,1170000000.0,11.64,-82.23
3.1e-05,2.3e-05,3e-13,4.5e-10,1.5e-10,0.0722,27000000000.0,1160000000.0,11.64,-82.28
3.1e-05,2.3e-05,3e-13,4.5e-10,2e-10,0.0722,27000000000.0,1160000000.0,11.65,-84.66
3.1e-05,2.3e-05,3e-13,4.5e-10,2.5e-10,0.0722,27000000000.0,1160000000.0,11.65,-82.18
3.1e-05,2.3e-05,3e-13,5e-10,1e-10,0.0722,26000000000.0,1100000000.0,11.86,-81.43
3.1e-05,2.3e-05,3e-13,5e-10,5e-11,0.0722,26000000000.0,1110000000.0,11.86,-81.53
3.1e-05,2.3e-05,3e-13,5e-10,1.5e-10,0.0722,26000000000.0,1100000000.0,11.86,-81.78
3.1e-05,2.3e-05,3e-13,5e-10,2e-10,0.0722,26000000000.0,1100000000.0,11.86,-81.81
3.1e-05,2.3e-05,3e-13,5e-10,2.5e-10,0.0722,26000000000.0,1100000000.0,11.86,-81.76
3.1e-05,2.3e-05,4e-13,4e-10,1e-10,0.0722,28300000000.0,1240000000.0,11.36,-83.07
3.1e-05,2.3e-05,4e-13,4e-10,5e-11,0.0722,28300000000.0,1240000000.0,11.36,-83.23
3.1e-05,2.3e-05,4e-13,4e-10,1.5e-10,0.0722,28300000000.0,1240000000.0,11.36,-82.99
3.1e-05,2.3e-05,4e-13,4e-10,2e-10,0.0722,28300000000.0,1230000000.0,11.36,-82.51
3.1e-05,2.3e-05,4e-13,4e-10,2.5e-10,0.0722,28300000000.0,1240000000.0,11.36,-82.97
3.1e-05,2.3e-05,4e-13,3e-10,1e-10,0.0722,31700000000.0,1460000000.0,10.59,-86.36
3.1e-05,2.3e-05,4e-13,3e-10,5e-11,0.0722,31700000000.0,1460000000.0,10.59,-86.26
3.1e-05,2.3e-05,4e-13,3e-10,1.5e-10,0.0722,31700000000.0,1470000000.0,10.59,-86.28
3.1e-05,2.3e-05,4e-13,3e-10,2e-10,0.0722,31700000000.0,1460000000.0,10.59,-86.33
3.1e-05,2.3e-05,4e-13,3e-10,2.5e-10,0.0722,31700000000.0,1470000000.0,10.59,-86.04
3.1e-05,2.3e-05,4e-13,3.5e-10,1e-10,0.0722,29800000000.0,1330000000.0,11.01,-84.29
3.1e-05,2.3e-05,4e-13,3.5e-10,5e-11,0.0722,29800000000.0,1340000000.0,11.01,-81.73
3.1e-05,2.3e-05,4e-13,3.5e-10,1.5e-10,0.0722,29800000000.0,1340000000.0,11.01,-84.23
3.1e-05,2.3e-05,4e-13,3.5e-10,2e-10,0.0722,29800000000.0,1340000000.0,11.01,-84.84
3.1e-05,2.3e-05,4e-13,3.5e-10,2.5e-10,0.0722,29800000000.0,1330000000.0,11.01,-84.46
3.1e-05,2.3e-05,4e-13,4.5e-10,1e-10,0.0722,27000000000.0,1160000000.0,11.65,-82.11
3.1e-05,2.3e-05,4e-13,4.5e-10,1.5e-10,0.0722,27000000000.0,1160000000.0,11.64,-82.43
3.1e-05,2.3e-05,4e-13,4.5e-10,2e-10,0.0722,27000000000.0,1160000000.0,11.65,-82.14
3.1e-05,2.3e-05,4e-13,4.5e-10,2.5e-10,0.0722,27000000000.0,1160000000.0,11.64,-82.1
3.1e-05,2.3e-05,4e-13,5e-10,1e-10,0.0722,26000000000.0,1100000000.0,11.86,-81.75
3.1e-05,2.3e-05,4e-13,5e-10,5e-11,0.0722,26000000000.0,1100000000.0,11.86,-81.68
3.1e-05,2.3e-05,4e-13,5e-10,1.5e-10,0.0722,26000000000.0,1090000000.0,11.87,-81.71
3.1e-05,2.3e-05,4e-13,5e-10,2e-10,0.0722,26000000000.0,1100000000.0,11.86,-81.73
3.1e-05,2.3e-05,6e-13,4e-10,1e-10,0.0722,28300000000.0,1230000000.0,11.36,-83.12
3.1e-05,2.3e-05,6e-13,4e-10,5e-11,0.0722,28300000000.0,1240000000.0,11.36,-83.83
3.1e-05,2.3e-05,6e-13,4e-10,2e-10,0.0722,28200000000.0,1230000000.0,11.36,-83.14
3.1e-05,2.3e-05,6e-13,4e-10,2.5e-10,0.0722,28300000000.0,1240000000.0,11.36,-83.06
3.1e-05,2.3e-05,6e-13,3e-10,1e-10,0.0722,31700000000.0,1470000000.0,10.59,-86.18
3.1e-05,2.3e-05,6e-13,3e-10,5e-11,0.0722,31700000000.0,1470000000.0,10.59,-86.2
3.1e-05,2.3e-05,6e-13,3e-10,1.5e-10,0.0722,31700000000.0,1460000000.0,10.59,-86.39
3.1e-05,2.3e-05,6e-13,3e-10,2e-10,0.0722,31700000000.0,1470000000.0,10.59,-86.15
3.1e-05,2.3e-05,6e-13,3e-10,2.5e-10,0.0722,31700000000.0,1470000000.0,10.59,-85.58
3.1e-05,2.3e-05,6e-13,3.5e-10,5e-11,0.0722,29800000000.0,1340000000.0,11.01,-84.59
3.1e-05,2.3e-05,6e-13,3.5e-10,1.5e-10,0.0722,29800000000.0,1340000000.0,11.01,-81.83
3.1e-05,2.3e-05,6e-13,3.5e-10,2e-10,0.0722,29800000000.0,1350000000.0,11.01,-84.28
3.1e-05,2.3e-05,6e-13,4.5e-10,1e-10,0.0722,27000000000.0,1150000000.0,11.64,-82.39
3.1e-05,2.3e-05,6e-13,4.5e-10,5e-11,0.0722,27000000000.0,1160000000.0,11.65,-82.04
3.1e-05,2.3e-05,6e-13,4.5e-10,1.5e-10,0.0722,27000000000.0,1160000000.0,11.64,-82.38
3.1e-05,2.3e-05,6e-13,4.5e-10,2e-10,0.0722,27000000000.0,1150000000.0,11.64,-82.25
3.1e-05,2.3e-05,6e-13,4.5e-10,2.5e-10,0.0722,27000000000.0,1160000000.0,11.64,-82.18
3.1e-05,2.3e-05,6e-13,5e-10,1e-10,0.0722,26000000000.0,1110000000.0,11.86,-81.61
3.1e-05,2.3e-05,6e-13,5e-10,5e-11,0.0722,26000000000.0,1090000000.0,11.87,-81.43
3.1e-05,2.3e-05,6e-13,5e-10,1.5e-10,0.0722,26000000000.0,1100000000.0,11.87,-81.54
3.1e-05,2.3e-05,6e-13,5e-10,2e-10,0.0722,26000000000.0,1100000000.0,11.86,-81.26
3.1e-05,2.3e-05,6e-13,5e-10,2.5e-10,0.0722,26000000000.0,1110000000.0,11.86,-81.31
3.1e-05,2.3e-05,7e-13,4e-10,1e-10,0.0722,28200000000.0,1240000000.0,11.36,-83.06
3.1e-05,2.3e-05,7e-13,4e-10,5e-11,0.0722,28200000000.0,1250000000.0,11.36,-82.95
3.1e-05,2.3e-05,7e-13,4e-10,1.5e-10,0.0722,28200000000.0,1240000000.0,11.36,-83.17
3.1e-05,2.3e-05,7e-13,4e-10,2e-10,0.0722,28200000000.0,1250000000.0,11.36,-83.05
3.1e-05,2.3e-05,7e-13,4e-10,2.5e-10,0.0722,28200000000.0,1240000000.0,11.36,-82.96
3.1e-05,2.3e-05,7e-13,3e-10,1e-10,0.0722,31700000000.0,1470000000.0,10.59,-86.58
3.1e-05,2.3e-05,7e-13,3e-10,5e-11,0.0722,31700000000.0,1470000000.0,10.59,-86.21
3.1e-05,2.3e-05,7e-13,3e-10,1.5e-10,0.0722,31700000000.0,1470000000.0,10.59,-86.16
3.1e-05,2.3e-05,7e-13,3e-10,2.5e-10,0.0722,31700000000.0,1460000000.0,10.59,-86.28
3.1e-05,2.3e-05,7e-13,3.5e-10,5e-11,0.0722,29800000000.0,1350000000.0,11.01,-84.1
3.1e-05,2.3e-05,7e-13,3.5e-10,2e-10,0.0722,29800000000.0,1340000000.0,11.01,-81.17
3.1e-05,2.3e-05,7e-13,3.5e-10,2.5e-10,0.0722,29800000000.0,1340000000.0,11.01,-81.18
3.1e-05,2.3e-05,7e-13,4.5e-10,1.5e-10,0.0722,27000000000.0,1150000000.0,11.64,-82.47
3.1e-05,2.3e-05,7e-13,4.5e-10,2e-10,0.0722,27000000000.0,1170000000.0,11.65,-82.1
3.1e-05,2.3e-05,7e-13,4.5e-10,2.5e-10,0.0722,27000000000.0,1160000000.0,11.64,-82.44
3.1e-05,2.3e-05,7e-13,5e-10,1e-10,0.0722,26000000000.0,1110000000.0,11.86,-81.32
3.1e-05,2.3e-05,7e-13,5e-10,5e-11,0.0722,26000000000.0,1100000000.0,11.86,-81.71
3.1e-05,2.3e-05,7e-13,5e-10,1.5e-10,0.0722,26000000000.0,1100000000.0,11.87,-81.47
3.1e-05,2.3e-05,7e-13,5e-10,2e-10,0.0722,26000000000.0,1110000000.0,11.86,-81.68
3.1e-05,2.3e-05,7e-13,5e-10,2.5e-10,0.0722,26000000000.0,1100000000.0,11.86,-81.12
3.1e-05,2.4e-05,5e-13,4e-10,1e-10,0.0722,28200000000.0,1180000000.0,11.32,-83.11
3.1e-05,2.4e-05,5e-13,4e-10,5e-11,0.0722,28200000000.0,1200000000.0,11.32,-82.78
3.1e-05,2.4e-05,5e-13,4e-10,1.5e-10,0.0722,28200000000.0,1190000000.0,11.32,-83.12
3.1e-05,2.4e-05,5e-13,4e-10,2e-10,0.0722,28200000000.0,1190000000.0,11.32,-82.95
3.1e-05,2.4e-05,5e-13,4e-10,2.5e-10,0.0722,28200000000.0,1180000000.0,11.32,-82.71
3.1e-05,2.4e-05,5e-13,3e-10,1e-10,0.0722,31700000000.0,1400000000.0,10.54,-86.32
3.1e-05,2.4e-05,5e-13,3e-10,5e-11,0.0722,31700000000.0,1390000000.0,10.54,-85.99
3.1e-05,2.4e-05,5e-13,3e-10,1.5e-10,0.0722,31700000000.0,1400000000.0,10.54,-85.9
3.1e-05,2.4e-05,5e-13,3e-10,2e-10,0.0722,31700000000.0,1390000000.0,10.54,-86.1
3.1e-05,2.4e-05,5e-13,3.5e-10,1e-10,0.0722,29700000000.0,1290000000.0,10.97,-84.53
3.1e-05,2.4e-05,5e-13,3.5e-10,5e-11,0.0722,29700000000.0,1270000000.0,10.97,-84.14
3.1e-05,2.4e-05,5e-13,3.5e-10,1.5e-10,0.0722,29700000000.0,1280000000.0,10.97,-84.2
3.1e-05,2.4e-05,5e-13,3.5e-10,2e-10,0.0722,29700000000.0,1270000000.0,10.97,-83.74
3.1e-05,2.4e-05,5e-13,3.5e-10,2.5e-10,0.0722,29700000000.0,1270000000.0,10.97,-84.12
3.1e-05,2.4e-05,5e-13,4.5e-10,1e-10,0.0722,27000000000.0,1120000000.0,11.61,-82.02
3.1e-05,2.4e-05,5e-13,4.5e-10,5e-11,0.0722,27000000000.0,1110000000.0,11.61,-82.15
3.1e-05,2.4e-05,5e-13,4.5e-10,1.5e-10,0.0722,27000000000.0,1110000000.0,11.6,-82.08
3.1e-05,2.4e-05,5e-13,4.5e-10,2e-10,0.0722,27000000000.0,1120000000.0,11.61,-82.08
3.1e-05,2.4e-05,5e-13,5e-10,1e-10,0.0722,26000000000.0,1060000000.0,11.83,-81.61
3.1e-05,2.4e-05,5e-13,5e-10,5e-11,0.0722,26000000000.0,1060000000.0,11.83,-81.23
3.1e-05,2.4e-05,5e-13,5e-10,1.5e-10,0.0722,26000000000.0,1070000000.0,11.83,-81.56
3.1e-05,2.4e-05,5e-13,5e-10,2e-10,0.0722,26000000000.0,1060000000.0,11.83,-81.19
3.1e-05,2.4e-05,5e-13,5e-10,2.5e-10,0.0722,26000000000.0,1060000000.0,11.83,-81.39
3.1e-05,2.4e-05,3e-13,4e-10,1e-10,0.0722,28200000000.0,1190000000.0,11.32,-83.06
3.1e-05,2.4e-05,3e-13,4e-10,5e-11,0.0722,28200000000.0,1180000000.0,11.32,-82.9
3.1e-05,2.4e-05,3e-13,4e-10,1.5e-10,0.0722,28200000000.0,1190000000.0,11.32,-81.18
3.1e-05,2.4e-05,3e-13,4e-10,2e-10,0.0722,28200000000.0,1200000000.0,11.32,-82.9
3.1e-05,2.4e-05,3e-13,4e-10,2.5e-10,0.0722,28200000000.0,1190000000.0,11.32,-82.6
3.1e-05,2.4e-05,3e-13,3e-10,1e-10,0.0722,31700000000.0,1400000000.0,10.54,-86.04
3.1e-05,2.4e-05,3e-13,3e-10,5e-11,0.0722,31700000000.0,1390000000.0,10.54,-86.13
3.1e-05,2.4e-05,3e-13,3e-10,1.5e-10,0.0722,31700000000.0,1390000000.0,10.54,-86.05
3.1e-05,2.4e-05,3e-13,3e-10,2e-10,0.0722,31700000000.0,1390000000.0,10.54,-86.36
3.1e-05,2.4e-05,3e-13,3e-10,2.5e-10,0.0722,31700000000.0,1400000000.0,10.54,-85.93
3.1e-05,2.4e-05,3e-13,3.5e-10,1e-10,0.0722,29700000000.0,1290000000.0,10.97,-84.92
3.1e-05,2.4e-05,3e-13,3.5e-10,5e-11,0.0722,29700000000.0,1280000000.0,10.96,-84.01
3.1e-05,2.4e-05,3e-13,3.5e-10,1.5e-10,0.0722,29700000000.0,1290000000.0,10.97,-84.47
3.1e-05,2.4e-05,3e-13,3.5e-10,2e-10,0.0722,29700000000.0,1290000000.0,10.97,-83.94
3.1e-05,2.4e-05,3e-13,3.5e-10,2.5e-10,0.0722,29700000000.0,1290000000.0,10.97,-84.64
3.1e-05,2.4e-05,3e-13,4.5e-10,1e-10,0.0722,27000000000.0,1120000000.0,11.61,-79.52
3.1e-05,2.4e-05,3e-13,4.5e-10,5e-11,0.0722,27000000000.0,1120000000.0,11.6,-82.24
3.1e-05,2.4e-05,3e-13,4.5e-10,1.5e-10,0.0722,27000000000.0,1120000000.0,11.61,-82.1
3.1e-05,2.4e-05,3e-13,4.5e-10,2e-10,0.0722,27000000000.0,1110000000.0,11.6,-82.41
3.1e-05,2.4e-05,3e-13,4.5e-10,2.5e-10,0.0722,27000000000.0,1120000000.0,11.6,-82.27
3.1e-05,2.4e-05,3e-13,5e-10,1e-10,0.0722,26000000000.0,1060000000.0,11.83,-81.34
3.1e-05,2.4e-05,3e-13,5e-10,5e-11,0.0722,26000000000.0,1060000000.0,11.83,-81.2
3.1e-05,2.4e-05,3e-13,5e-10,1.5e-10,0.0722,26000000000.0,1050000000.0,11.83,-81.22
3.1e-05,2.4e-05,3e-13,5e-10,2e-10,0.0722,26000000000.0,1060000000.0,11.83,-81.1
3.1e-05,2.4e-05,4e-13,4e-10,1e-10,0.0722,28200000000.0,1180000000.0,11.32,-82.99
3.1e-05,2.4e-05,4e-13,4e-10,5e-11,0.0722,28200000000.0,1200000000.0,11.32,-82.99
3.1e-05,2.4e-05,4e-13,4e-10,1.5e-10,0.0722,28200000000.0,1190000000.0,11.32,-82.74
3.1e-05,2.4e-05,4e-13,4e-10,2e-10,0.0722,28200000000.0,1190000000.0,11.32,-83.13
3.1e-05,2.4e-05,4e-13,4e-10,2.5e-10,0.0722,28200000000.0,1190000000.0,11.32,-82.67
3.1e-05,2.4e-05,4e-13,3e-10,1e-10,0.0722,31700000000.0,1400000000.0,10.54,-85.98
3.1e-05,2.4e-05,4e-13,3e-10,5e-11,0.0722,31700000000.0,1390000000.0,10.54,-86.17
3.1e-05,2.4e-05,4e-13,3e-10,1.5e-10,0.0722,31700000000.0,1400000000.0,10.54,-85.88
3.1e-05,2.4e-05,4e-13,3e-10,2e-10,0.0722,31700000000.0,1390000000.0,10.54,-85.94
3.1e-05,2.4e-05,4e-13,3e-10,2.5e-10,0.0722,31700000000.0,1390000000.0,10.54,-86.25
3.1e-05,2.4e-05,4e-13,3.5e-10,1e-10,0.0722,29700000000.0,1280000000.0,10.97,-84.28
3.1e-05,2.4e-05,4e-13,3.5e-10,5e-11,0.0722,29700000000.0,1270000000.0,10.97,-83.93
3.1e-05,2.4e-05,4e-13,3.5e-10,1.5e-10,0.0722,29700000000.0,1290000000.0,10.96,-84.03
3.1e-05,2.4e-05,4e-13,3.5e-10,2e-10,0.0722,29700000000.0,1280000000.0,10.96,-84.04
3.1e-05,2.4e-05,4e-13,3.5e-10,2.5e-10,0.0722,29700000000.0,1270000000.0,10.97,-83.8
3.1e-05,2.4e-05,4e-13,4.5e-10,1e-10,0.0722,27000000000.0,1120000000.0,11.61,-82.01
3.1e-05,2.4e-05,4e-13,4.5e-10,5e-11,0.0722,27000000000.0,1110000000.0,11.6,-82.26
3.1e-05,2.4e-05,4e-13,4.5e-10,1.5e-10,0.0722,27000000000.0,1120000000.0,11.61,-82.18
3.1e-05,2.4e-05,4e-13,4.5e-10,2e-10,0.0722,27000000000.0,1120000000.0,11.61,-81.74
3.1e-05,2.4e-05,4e-13,4.5e-10,2.5e-10,0.0722,27000000000.0,1110000000.0,11.61,-82.01
3.1e-05,2.4e-05,4e-13,5e-10,5e-11,0.0722,26000000000.0,1060000000.0,11.83,-81.56
3.1e-05,2.4e-05,4e-13,5e-10,1.5e-10,0.0722,26000000000.0,1070000000.0,11.83,-81.29
3.1e-05,2.4e-05,4e-13,5e-10,2e-10,0.0722,26000000000.0,1060000000.0,11.83,-81.77
3.1e-05,2.4e-05,4e-13,5e-10,2.5e-10,0.0722,26000000000.0,1060000000.0,11.83,-81.41
3.1e-05,2.4e-05,6e-13,4e-10,1e-10,0.0722,28200000000.0,1190000000.0,11.32,-82.9
3.1e-05,2.4e-05,6e-13,4e-10,5e-11,0.0722,28200000000.0,1190000000.0,11.32,-82.97
3.1e-05,2.4e-05,6e-13,4e-10,1.5e-10,0.0722,28200000000.0,1190000000.0,11.32,-83.04
3.1e-05,2.4e-05,6e-13,4e-10,2e-10,0.0722,28200000000.0,1180000000.0,11.32,-83.13
3.1e-05,2.4e-05,6e-13,4e-10,2.5e-10,0.0722,28200000000.0,1180000000.0,11.32,-83.0
3.1e-05,2.4e-05,6e-13,3e-10,1e-10,0.0722,31700000000.0,1390000000.0,10.54,-86.4
3.1e-05,2.4e-05,6e-13,3e-10,5e-11,0.0722,31700000000.0,1390000000.0,10.54,-85.92
3.1e-05,2.4e-05,6e-13,3e-10,1.5e-10,0.0722,31700000000.0,1390000000.0,10.54,-86.04
3.1e-05,2.4e-05,6e-13,3e-10,2e-10,0.0722,31700000000.0,1390000000.0,10.54,-85.97
3.1e-05,2.4e-05,6e-13,3e-10,2.5e-10,0.0722,31700000000.0,1390000000.0,10.54,-86.12
3.1e-05,2.4e-05,6e-13,3.5e-10,1e-10,0.0722,29700000000.0,1270000000.0,10.97,-83.95
3.1e-05,2.4e-05,6e-13,3.5e-10,1.5e-10,0.0722,29700000000.0,1280000000.0,10.97,-84.17
3.1e-05,2.4e-05,6e-13,3.5e-10,2e-10,0.0722,29700000000.0,1280000000.0,10.97,-84.24
3.1e-05,2.4e-05,6e-13,3.5e-10,2.5e-10,0.0722,29700000000.0,1280000000.0,10.97,-84.18
3.1e-05,2.4e-05,6e-13,4.5e-10,1e-10,0.0722,27000000000.0,1120000000.0,11.61,-82.2
3.1e-05,2.4e-05,6e-13,4.5e-10,5e-11,0.0722,27000000000.0,1120000000.0,11.61,-81.75
3.1e-05,2.4e-05,6e-13,4.5e-10,1.5e-10,0.0722,27000000000.0,1120000000.0,11.61,-82.05
3.1e-05,2.4e-05,6e-13,4.5e-10,2e-10,0.0722,27000000000.0,1120000000.0,11.61,-82.19
3.1e-05,2.4e-05,6e-13,4.5e-10,2.5e-10,0.0722,27000000000.0,1120000000.0,11.6,-81.7
3.1e-05,2.4e-05,6e-13,5e-10,1e-10,0.0722,26000000000.0,1060000000.0,11.83,-81.58
3.1e-05,2.4e-05,6e-13,5e-10,5e-11,0.0722,26000000000.0,1060000000.0,11.83,-81.54
3.1e-05,2.4e-05,6e-13,5e-10,1.5e-10,0.0722,26000000000.0,1060000000.0,11.83,-81.31
3.1e-05,2.4e-05,6e-13,5e-10,2e-10,0.0722,26000000000.0,1070000000.0,11.83,-81.3
3.1e-05,2.4e-05,6e-13,5e-10,2.5e-10,0.0722,26000000000.0,1060000000.0,11.83,-81.3
3.1e-05,2.4e-05,7e-13,4e-10,1e-10,0.0722,28200000000.0,1180000000.0,11.32,-82.89
3.1e-05,2.4e-05,7e-13,4e-10,5e-11,0.0722,28200000000.0,1180000000.0,11.32,-83.29
3.1e-05,2.4e-05,7e-13,4e-10,1.5e-10,0.0722,28200000000.0,1200000000.0,11.32,-82.45
3.1e-05,2.4e-05,7e-13,4e-10,2e-10,0.0722,28200000000.0,1190000000.0,11.32,-82.98
3.1e-05,2.4e-05,7e-13,4e-10,2.5e-10,0.0722,28200000000.0,1190000000.0,11.32,-82.86
3.1e-05,2.4e-05,7e-13,3e-10,1e-10,0.0722,31700000000.0,1390000000.0,10.54,-86.07
3.1e-05,2.4e-05,7e-13,3e-10,5e-11,0.0722,31700000000.0,1400000000.0,10.54,-86.01
3.1e-05,2.4e-05,7e-13,3e-10,2e-10,0.0722,31700000000.0,1400000000.0,10.54,-85.99
3.1e-05,2.4e-05,7e-13,3.5e-10,1e-10,0.0722,29700000000.0,1290000000.0,10.97,-84.19
3.1e-05,2.4e-05,7e-13,3.5e-10,5e-11,0.0722,29700000000.0,1270000000.0,10.97,-84.09
3.1e-05,2.4e-05,7e-13,3.5e-10,1.5e-10,0.0722,29700000000.0,1280000000.0,10.97,-84.27
3.1e-05,2.4e-05,7e-13,3.5e-10,2.5e-10,0.0722,29700000000.0,1280000000.0,10.97,-84.12
3.1e-05,2.4e-05,7e-13,4.5e-10,1e-10,0.0722,27000000000.0,1120000000.0,11.61,-82.23
3.1e-05,2.4e-05,7e-13,4.5e-10,5e-11,0.0722,27000000000.0,1120000000.0,11.61,-81.96
3.1e-05,2.4e-05,7e-13,4.5e-10,1.5e-10,0.0722,27000000000.0,1120000000.0,11.61,-81.95
3.1e-05,2.4e-05,7e-13,4.5e-10,2e-10,0.0722,27000000000.0,1120000000.0,11.61,-82.69
3.1e-05,2.4e-05,7e-13,4.5e-10,2.5e-10,0.0722,27000000000.0,1110000000.0,11.61,-82.06
3.1e-05,2.4e-05,7e-13,5e-10,1e-10,0.0722,26000000000.0,1050000000.0,11.83,-81.66
3.1e-05,2.4e-05,7e-13,5e-10,5e-11,0.0722,26000000000.0,1070000000.0,11.83,-81.5
3.1e-05,2.4e-05,7e-13,5e-10,1.5e-10,0.0722,26000000000.0,1070000000.0,11.83,-81.55
3.1e-05,2.4e-05,7e-13,5e-10,2e-10,0.0722,26000000000.0,1060000000.0,11.83,-81.55
3.1e-05,2.5e-05,5e-13,4e-10,1e-10,0.0722,28200000000.0,1130000000.0,11.27,-82.74
3.1e-05,2.5e-05,5e-13,4e-10,5e-11,0.0722,28200000000.0,1130000000.0,11.27,-82.77
3.1e-05,2.5e-05,5e-13,4e-10,1.5e-10,0.0722,28200000000.0,1140000000.0,11.27,-83.68
3.1e-05,2.5e-05,5e-13,4e-10,2e-10,0.0722,28200000000.0,1130000000.0,11.27,-82.81
3.1e-05,2.5e-05,5e-13,4e-10,2.5e-10,0.0722,28200000000.0,1130000000.0,11.28,-82.25
3.1e-05,2.5e-05,5e-13,3e-10,1e-10,0.0722,31600000000.0,1310000000.0,10.49,-85.95
3.1e-05,2.5e-05,5e-13,3e-10,5e-11,0.0722,31600000000.0,1310000000.0,10.48,-85.96
3.1e-05,2.5e-05,5e-13,3e-10,1.5e-10,0.0722,31600000000.0,1310000000.0,10.49,-85.88
3.1e-05,2.5e-05,5e-13,3e-10,2e-10,0.0722,31600000000.0,1310000000.0,10.48,-85.71
3.1e-05,2.5e-05,5e-13,3e-10,2.5e-10,0.0722,31600000000.0,1310000000.0,10.48,-85.8
3.1e-05,2.5e-05,5e-13,3.5e-10,1e-10,0.0722,29700000000.0,1220000000.0,10.92,-83.78
3.1e-05,2.5e-05,5e-13,3.5e-10,5e-11,0.0722,29700000000.0,1210000000.0,10.92,-82.77
3.1e-05,2.5e-05,5e-13,3.5e-10,1.5e-10,0.0722,29700000000.0,1210000000.0,10.92,-84.23
3.1e-05,2.5e-05,5e-13,3.5e-10,2e-10,0.0722,29700000000.0,1210000000.0,10.92,-83.86
3.1e-05,2.5e-05,5e-13,3.5e-10,2.5e-10,0.0722,29700000000.0,1220000000.0,10.92,-83.91
3.1e-05,2.5e-05,5e-13,4.5e-10,1e-10,0.0722,27000000000.0,1070000000.0,11.56,-81.88
3.1e-05,2.5e-05,5e-13,4.5e-10,5e-11,0.0722,27000000000.0,1060000000.0,11.56,-82.03
3.1e-05,2.5e-05,5e-13,4.5e-10,1.5e-10,0.0722,27000000000.0,1070000000.0,11.56,-81.8
3.1e-05,2.5e-05,5e-13,4.5e-10,2e-10,0.0722,27000000000.0,1060000000.0,11.56,-81.96
3.1e-05,2.5e-05,5e-13,4.5e-10,2.5e-10,0.0722,27000000000.0,1070000000.0,11.56,-81.83
3.1e-05,2.5e-05,5e-13,5e-10,1e-10,0.0722,26000000000.0,1010000000.0,11.79,-81.17
3.1e-05,2.5e-05,5e-13,5e-10,5e-11,0.0722,26000000000.0,1020000000.0,11.79,-81.29
3.1e-05,2.5e-05,5e-13,5e-10,1.5e-10,0.0722,26000000000.0,1010000000.0,11.79,-81.42
3.1e-05,2.5e-05,5e-13,5e-10,2e-10,0.0722,26000000000.0,1020000000.0,11.79,-81.33
3.1e-05,2.5e-05,5e-13,5e-10,2.5e-10,0.0722,26000000000.0,1010000000.0,11.79,-81.3
3.1e-05,2.5e-05,3e-13,4e-10,1e-10,0.0722,28200000000.0,1120000000.0,11.27,-82.95
3.1e-05,2.5e-05,3e-13,4e-10,5e-11,0.0722,28200000000.0,1140000000.0,11.27,-82.84
3.1e-05,2.5e-05,3e-13,4e-10,2e-10,0.0722,28200000000.0,1130000000.0,11.27,-82.69
3.1e-05,2.5e-05,3e-13,4e-10,2.5e-10,0.0722,28200000000.0,1130000000.0,11.27,-82.73
3.1e-05,2.5e-05,3e-13,3e-10,1e-10,0.0722,31600000000.0,1310000000.0,10.48,-85.74
3.1e-05,2.5e-05,3e-13,3e-10,5e-11,0.0722,31600000000.0,1310000000.0,10.48,-85.76
3.1e-05,2.5e-05,3e-13,3e-10,1.5e-10,0.0722,31600000000.0,1310000000.0,10.49,-85.87
3.1e-05,2.5e-05,3e-13,3e-10,2e-10,0.0722,31600000000.0,1310000000.0,10.49,-85.8
3.1e-05,2.5e-05,3e-13,3e-10,2.5e-10,0.0722,31600000000.0,1310000000.0,10.48,-85.69
3.1e-05,2.5e-05,3e-13,3.5e-10,1e-10,0.0722,29700000000.0,1210000000.0,10.92,-82.75
3.1e-05,2.5e-05,3e-13,3.5e-10,5e-11,0.0722,29700000000.0,1220000000.0,10.92,-83.85
3.1e-05,2.5e-05,3e-13,3.5e-10,1.5e-10,0.0722,29700000000.0,1220000000.0,10.92,-83.79
3.1e-05,2.5e-05,3e-13,3.5e-10,2e-10,0.0722,29700000000.0,1220000000.0,10.92,-83.84
3.1e-05,2.5e-05,3e-13,3.5e-10,2.5e-10,0.0722,29700000000.0,1210000000.0,10.92,-83.95
3.1e-05,2.5e-05,3e-13,4.5e-10,1e-10,0.0722,27000000000.0,1060000000.0,11.56,-82.29
3.1e-05,2.5e-05,3e-13,4.5e-10,5e-11,0.0722,27000000000.0,1070000000.0,11.56,-82.09
3.1e-05,2.5e-05,3e-13,4.5e-10,1.5e-10,0.0722,27000000000.0,1070000000.0,11.56,-81.96
3.1e-05,2.5e-05,3e-13,4.5e-10,2e-10,0.0722,27000000000.0,1060000000.0,11.56,-81.81
3.1e-05,2.5e-05,3e-13,4.5e-10,2.5e-10,0.0722,27000000000.0,1070000000.0,11.56,-81.91
3.1e-05,2.5e-05,3e-13,5e-10,1e-10,0.0722,26000000000.0,1010000000.0,11.79,-81.13
3.1e-05,2.5e-05,3e-13,5e-10,5e-11,0.0722,26000000000.0,1010000000.0,11.79,-81.2
3.1e-05,2.5e-05,3e-13,5e-10,1.5e-10,0.0722,26000000000.0,1020000000.0,11.79,-81.17
3.1e-05,2.5e-05,3e-13,5e-10,2.5e-10,0.0722,26000000000.0,1020000000.0,11.79,-81.15
3.1e-05,2.5e-05,4e-13,4e-10,1e-10,0.0722,28200000000.0,1130000000.0,11.27,-82.83
3.1e-05,2.5e-05,4e-13,4e-10,5e-11,0.0722,28200000000.0,1120000000.0,11.28,-82.57
3.1e-05,2.5e-05,4e-13,4e-10,1.5e-10,0.0722,28200000000.0,1130000000.0,11.27,-82.52
3.1e-05,2.5e-05,4e-13,4e-10,2e-10,0.0722,28200000000.0,1120000000.0,11.27,-82.83
3.1e-05,2.5e-05,4e-13,4e-10,2.5e-10,0.0722,28200000000.0,1140000000.0,11.27,-82.92
3.1e-05,2.5e-05,4e-13,3e-10,1e-10,0.0722,31600000000.0,1310000000.0,10.49,-84.73
3.1e-05,2.5e-05,4e-13,3e-10,5e-11,0.0722,31600000000.0,1310000000.0,10.49,-85.68
3.1e-05,2.5e-05,4e-13,3e-10,1.5e-10,0.0722,31600000000.0,1310000000.0,10.49,-85.9
3.1e-05,2.5e-05,4e-13,3e-10,2e-10,0.0722,31600000000.0,1310000000.0,10.49,-85.7
3.1e-05,2.5e-05,4e-13,3e-10,2.5e-10,0.0722,31600000000.0,1310000000.0,10.49,-85.74
3.1e-05,2.5e-05,4e-13,3.5e-10,1e-10,0.0722,29700000000.0,1210000000.0,10.92,-83.61
3.1e-05,2.5e-05,4e-13,3.5e-10,5e-11,0.0722,29700000000.0,1220000000.0,10.92,-83.83
3.1e-05,2.5e-05,4e-13,3.5e-10,1.5e-10,0.0722,29700000000.0,1210000000.0,10.92,-84.09
3.1e-05,2.5e-05,4e-13,3.5e-10,2e-10,0.0722,29700000000.0,1210000000.0,10.92,-84.01
3.1e-05,2.5e-05,4e-13,3.5e-10,2.5e-10,0.0722,29700000000.0,1220000000.0,10.92,-83.8
3.1e-05,2.5e-05,4e-13,4.5e-10,1e-10,0.0722,27000000000.0,1070000000.0,11.56,-81.93
3.1e-05,2.5e-05,4e-13,4.5e-10,5e-11,0.0722,27000000000.0,1070000000.0,11.56,-82.64
3.1e-05,2.5e-05,4e-13,4.5e-10,1.5e-10,0.0722,27000000000.0,1060000000.0,11.56,-81.72
3.1e-05,2.5e-05,4e-13,4.5e-10,2e-10,0.0722,27000000000.0,1060000000.0,11.56,-82.08
3.1e-05,2.5e-05,4e-13,4.5e-10,2.5e-10,0.0722,27000000000.0,1060000000.0,11.56,-82.13
3.1e-05,2.5e-05,4e-13,5e-10,1e-10,0.0722,26000000000.0,1020000000.0,11.79,-81.4
3.1e-05,2.5e-05,4e-13,5e-10,5e-11,0.0722,26000000000.0,1010000000.0,11.79,-81.11
3.1e-05,2.5e-05,4e-13,5e-10,1.5e-10,0.0722,26000000000.0,1020000000.0,11.79,-81.47
3.1e-05,2.5e-05,4e-13,5e-10,2.5e-10,0.0722,26000000000.0,1020000000.0,11.79,-81.38
3.1e-05,2.5e-05,6e-13,4e-10,1e-10,0.0722,28200000000.0,1120000000.0,11.27,-82.5
3.1e-05,2.5e-05,6e-13,4e-10,5e-11,0.0722,28200000000.0,1130000000.0,11.28,-82.63
3.1e-05,2.5e-05,6e-13,4e-10,1.5e-10,0.0722,28200000000.0,1130000000.0,11.27,-82.61
3.1e-05,2.5e-05,6e-13,4e-10,2e-10,0.0722,28200000000.0,1120000000.0,11.27,-82.87
3.1e-05,2.5e-05,6e-13,4e-10,2.5e-10,0.0722,28200000000.0,1130000000.0,11.27,-82.53
3.1e-05,2.5e-05,6e-13,3e-10,1e-10,0.0722,31600000000.0,1310000000.0,10.48,-85.99
3.1e-05,2.5e-05,6e-13,3e-10,5e-11,0.0722,31600000000.0,1310000000.0,10.49,-85.81
3.1e-05,2.5e-05,6e-13,3e-10,2e-10,0.0722,31600000000.0,1310000000.0,10.48,-85.81
3.1e-05,2.5e-05,6e-13,3e-10,2.5e-10,0.0722,31600000000.0,1310000000.0,10.48,-85.67
3.1e-05,2.5e-05,6e-13,3.5e-10,1e-10,0.0722,29700000000.0,1200000000.0,10.92,-83.85
3.1e-05,2.5e-05,6e-13,3.5e-10,5e-11,0.0722,29700000000.0,1210000000.0,10.92,-83.97
3.1e-05,2.5e-05,6e-13,3.5e-10,1.5e-10,0.0722,29700000000.0,1210000000.0,10.92,-83.88
3.1e-05,2.5e-05,6e-13,3.5e-10,2e-10,0.0722,29700000000.0,1210000000.0,10.92,-81.74
3.1e-05,2.5e-05,6e-13,3.5e-10,2.5e-10,0.0722,29700000000.0,1220000000.0,10.92,-83.97
3.1e-05,2.5e-05,6e-13,4.5e-10,1e-10,0.0722,27000000000.0,1070000000.0,11.56,-82.02
3.1e-05,2.5e-05,6e-13,4.5e-10,5e-11,0.0722,27000000000.0,1060000000.0,11.56,-81.98
3.1e-05,2.5e-05,6e-13,4.5e-10,2e-10,0.0722,27000000000.0,1070000000.0,11.56,-81.94
3.1e-05,2.5e-05,6e-13,4.5e-10,2.5e-10,0.0722,27000000000.0,1070000000.0,11.56,-81.87
3.1e-05,2.5e-05,7e-13,4e-10,1e-10,0.0722,28200000000.0,1130000000.0,11.27,-82.75
3.1e-05,2.5e-05,7e-13,4e-10,5e-11,0.0722,28200000000.0,1130000000.0,11.27,-83.0
3.1e-05,2.5e-05,7e-13,4e-10,1.5e-10,0.0722,28200000000.0,1130000000.0,11.28,-85.0
3.1e-05,2.5e-05,7e-13,4e-10,2e-10,0.0722,28200000000.0,1130000000.0,11.27,-82.87
3.1e-05,2.5e-05,7e-13,4e-10,2.5e-10,0.0722,28200000000.0,1130000000.0,11.27,-82.86
3.1e-05,2.5e-05,7e-13,3e-10,1e-10,0.0722,31600000000.0,1310000000.0,10.48,-85.7
3.1e-05,2.5e-05,7e-13,3e-10,5e-11,0.0722,31600000000.0,1310000000.0,10.48,-85.89
3.1e-05,2.5e-05,7e-13,3e-10,1.5e-10,0.0722,31600000000.0,1310000000.0,10.48,-85.73
3.1e-05,2.5e-05,7e-13,3e-10,2e-10,0.0722,31600000000.0,1310000000.0,10.48,-85.66
3.1e-05,2.5e-05,7e-13,3e-10,2.5e-10,0.0722,31600000000.0,1310000000.0,10.48,-85.83
3.1e-05,2.5e-05,7e-13,3.5e-10,5e-11,0.0722,29700000000.0,1210000000.0,10.92,-84.1
3.1e-05,2.5e-05,7e-13,3.5e-10,1.5e-10,0.0722,29700000000.0,1210000000.0,10.92,-81.76
3.1e-05,2.5e-05,7e-13,4.5e-10,1e-10,0.0722,27000000000.0,1060000000.0,11.56,-82.05
3.1e-05,2.5e-05,7e-13,4.5e-10,5e-11,0.0722,27000000000.0,1060000000.0,11.56,-81.66
3.1e-05,2.5e-05,7e-13,4.5e-10,1.5e-10,0.0722,27000000000.0,1060000000.0,11.56,-81.63
3.1e-05,2.5e-05,7e-13,4.5e-10,2e-10,0.0722,27000000000.0,1070000000.0,11.56,-82.03
3.1e-05,2.5e-05,7e-13,4.5e-10,2.5e-10,0.0722,27000000000.0,1060000000.0,11.56,-81.73
3.1e-05,2.5e-05,7e-13,5e-10,1e-10,0.0722,26000000000.0,1010000000.0,11.79,-81.25
3.1e-05,2.5e-05,7e-13,5e-10,5e-11,0.0722,26000000000.0,1020000000.0,11.79,-81.21
3.1e-05,2.5e-05,7e-13,5e-10,2e-10,0.0722,26000000000.0,1020000000.0,11.79,-81.35
3.1e-05,2.5e-05,7e-13,5e-10,2.5e-10,0.0722,26000000000.0,1020000000.0,11.79,-81.24
3.2e-05,5e-06,5e-13,4e-10,1e-10,0.0746,30100000000.0,729000000.0,11.2,-86.67
3.2e-05,5e-06,5e-13,4e-10,5e-11,0.0746,30100000000.0,727000000.0,11.2,-86.31
3.2e-05,5e-06,5e-13,4e-10,1.5e-10,0.0746,30100000000.0,731000000.0,11.2,-86.31
3.2e-05,5e-06,5e-13,4e-10,2e-10,0.0746,30100000000.0,728000000.0,11.2,-85.57
3.2e-05,5e-06,5e-13,4e-10,2.5e-10,0.0746,30100000000.0,730000000.0,11.2,-86.6
3.2e-05,5e-06,5e-13,3e-10,1e-10,0.0746,33900000000.0,884000000.0,10.55,-92.43
3.2e-05,5e-06,5e-13,3e-10,5e-11,0.0746,33900000000.0,886000000.0,10.56,-92.7
3.2e-05,5e-06,5e-13,3e-10,1.5e-10,0.0746,33900000000.0,886000000.0,10.56,-92.59
3.2e-05,5e-06,5e-13,3e-10,2e-10,0.0746,33900000000.0,884000000.0,10.55,-92.58
3.2e-05,5e-06,5e-13,3e-10,2.5e-10,0.0746,33900000000.0,886000000.0,10.55,-92.65
3.2e-05,5e-06,5e-13,3.5e-10,1e-10,0.0746,31800000000.0,796000000.0,10.91,-88.71
3.2e-05,5e-06,5e-13,3.5e-10,5e-11,0.0746,31800000000.0,793000000.0,10.91,-89.04
3.2e-05,5e-06,5e-13,3.5e-10,1.5e-10,0.0746,31800000000.0,792000000.0,10.91,-88.88
3.2e-05,5e-06,5e-13,3.5e-10,2e-10,0.0746,31800000000.0,795000000.0,10.91,-89.09
3.2e-05,5e-06,5e-13,3.5e-10,2.5e-10,0.0746,31800000000.0,795000000.0,10.91,-89.02
3.2e-05,5e-06,5e-13,4.5e-10,1e-10,0.0746,28800000000.0,679000000.0,11.47,-84.9
3.2e-05,5e-06,5e-13,4.5e-10,5e-11,0.0746,28800000000.0,681000000.0,11.47,-84.97
3.2e-05,5e-06,5e-13,4.5e-10,1.5e-10,0.0746,28800000000.0,681000000.0,11.46,-85.3
3.2e-05,5e-06,5e-13,4.5e-10,2e-10,0.0746,28800000000.0,680000000.0,11.47,-84.95
3.2e-05,5e-06,5e-13,4.5e-10,2.5e-10,0.0746,28800000000.0,680000000.0,11.47,-84.97
3.2e-05,5e-06,5e-13,5e-10,1e-10,0.0746,27700000000.0,644000000.0,11.7,-84.36
3.2e-05,5e-06,5e-13,5e-10,5e-11,0.0746,27700000000.0,643000000.0,11.7,-84.09
3.2e-05,5e-06,5e-13,5e-10,1.5e-10,0.0746,27700000000.0,643000000.0,11.7,-84.19
3.2e-05,5e-06,5e-13,5e-10,2.5e-10,0.0746,27700000000.0,644000000.0,11.7,-84.16
3.2e-05,5e-06,3e-13,4e-10,1e-10,0.0746,30100000000.0,727000000.0,11.2,-86.77
3.2e-05,5e-06,3e-13,4e-10,5e-11,0.0746,30100000000.0,729000000.0,11.2,-86.73
3.2e-05,5e-06,3e-13,4e-10,1.5e-10,0.0746,30100000000.0,730000000.0,11.2,-86.68
3.2e-05,5e-06,3e-13,4e-10,2e-10,0.0746,30100000000.0,730000000.0,11.2,-86.49
3.2e-05,5e-06,3e-13,4e-10,2.5e-10,0.0746,30100000000.0,729000000.0,11.2,-86.66
3.2e-05,5e-06,3e-13,3e-10,1e-10,0.0746,33900000000.0,884000000.0,10.56,-92.71
3.2e-05,5e-06,3e-13,3e-10,5e-11,0.0746,33900000000.0,885000000.0,10.56,-92.6
3.2e-05,5e-06,3e-13,3e-10,1.5e-10,0.0746,33900000000.0,886000000.0,10.56,-92.26
3.2e-05,5e-06,3e-13,3e-10,2.5e-10,0.0746,33900000000.0,886000000.0,10.56,-92.62
3.2e-05,5e-06,3e-13,3.5e-10,1e-10,0.0746,31800000000.0,795000000.0,10.91,-88.75
3.2e-05,5e-06,3e-13,3.5e-10,5e-11,0.0746,31800000000.0,796000000.0,10.91,-89.53
3.2e-05,5e-06,3e-13,3.5e-10,2e-10,0.0746,31800000000.0,794000000.0,10.91,-89.12
3.2e-05,5e-06,3e-13,3.5e-10,2.5e-10,0.0746,31800000000.0,795000000.0,10.91,-89.22
3.2e-05,5e-06,3e-13,4.5e-10,1e-10,0.0746,28800000000.0,680000000.0,11.47,-84.87
3.2e-05,5e-06,3e-13,4.5e-10,5e-11,0.0746,28800000000.0,682000000.0,11.47,-85.16
3.2e-05,5e-06,3e-13,4.5e-10,1.5e-10,0.0746,28800000000.0,679000000.0,11.47,-85.16
3.2e-05,5e-06,3e-13,4.5e-10,2e-10,0.0746,28800000000.0,682000000.0,11.46,-85.2
3.2e-05,5e-06,3e-13,4.5e-10,2.5e-10,0.0746,28800000000.0,681000000.0,11.47,-84.7
3.2e-05,5e-06,3e-13,5e-10,1e-10,0.0746,27700000000.0,642000000.0,11.7,-83.89
3.2e-05,5e-06,3e-13,5e-10,5e-11,0.0746,27700000000.0,644000000.0,11.7,-84.03
3.2e-05,5e-06,3e-13,5e-10,1.5e-10,0.0746,27700000000.0,642000000.0,11.7,-83.93
3.2e-05,5e-06,3e-13,5e-10,2e-10,0.0746,27700000000.0,644000000.0,11.7,-84.14
3.2e-05,5e-06,3e-13,5e-10,2.5e-10,0.0746,27700000000.0,643000000.0,11.7,-84.36
3.2e-05,5e-06,4e-13,4e-10,1e-10,0.0746,30100000000.0,731000000.0,11.2,-86.63
3.2e-05,5e-06,4e-13,4e-10,5e-11,0.0746,30100000000.0,727000000.0,11.2,-87.03
3.2e-05,5e-06,4e-13,4e-10,1.5e-10,0.0746,30100000000.0,729000000.0,11.2,-86.53
3.2e-05,5e-06,4e-13,4e-10,2e-10,0.0746,30100000000.0,727000000.0,11.2,-87.15
3.2e-05,5e-06,4e-13,4e-10,2.5e-10,0.0746,30100000000.0,730000000.0,11.2,-86.67
3.2e-05,5e-06,4e-13,3e-10,1e-10,0.0746,33900000000.0,884000000.0,10.55,-92.48
3.2e-05,5e-06,4e-13,3e-10,5e-11,0.0746,33900000000.0,886000000.0,10.56,-92.63
3.2e-05,5e-06,4e-13,3e-10,1.5e-10,0.0746,33900000000.0,886000000.0,10.56,-92.42
3.2e-05,5e-06,4e-13,3e-10,2e-10,0.0746,33900000000.0,887000000.0,10.56,-92.59
3.2e-05,5e-06,4e-13,3e-10,2.5e-10,0.0746,33900000000.0,886000000.0,10.56,-92.46
3.2e-05,5e-06,4e-13,3.5e-10,1e-10,0.0746,31800000000.0,795000000.0,10.91,-89.36
3.2e-05,5e-06,4e-13,3.5e-10,5e-11,0.0746,31800000000.0,797000000.0,10.91,-89.46
3.2e-05,5e-06,4e-13,3.5e-10,1.5e-10,0.0746,31800000000.0,796000000.0,10.91,-89.65
3.2e-05,5e-06,4e-13,3.5e-10,2e-10,0.0746,31800000000.0,795000000.0,10.91,-89.23
3.2e-05,5e-06,4e-13,3.5e-10,2.5e-10,0.0746,31800000000.0,793000000.0,10.91,-89.03
3.2e-05,5e-06,4e-13,4.5e-10,1e-10,0.0746,28800000000.0,681000000.0,11.46,-85.35
3.2e-05,5e-06,4e-13,4.5e-10,5e-11,0.0746,28800000000.0,681000000.0,11.47,-85.0
3.2e-05,5e-06,4e-13,4.5e-10,2e-10,0.0746,28800000000.0,682000000.0,11.46,-85.33
3.2e-05,5e-06,4e-13,4.5e-10,2.5e-10,0.0746,28800000000.0,681000000.0,11.46,-85.06
3.2e-05,5e-06,4e-13,5e-10,1e-10,0.0746,27700000000.0,643000000.0,11.7,-83.95
3.2e-05,5e-06,4e-13,5e-10,5e-11,0.0746,27700000000.0,643000000.0,11.7,-83.93
3.2e-05,5e-06,4e-13,5e-10,1.5e-10,0.0746,27700000000.0,643000000.0,11.7,-84.2
3.2e-05,5e-06,4e-13,5e-10,2e-10,0.0746,27700000000.0,643000000.0,11.7,-84.17
3.2e-05,5e-06,4e-13,5e-10,2.5e-10,0.0746,27700000000.0,643000000.0,11.7,-84.07
3.2e-05,5e-06,6e-13,4e-10,1e-10,0.0746,30100000000.0,729000000.0,11.2,-86.6
3.2e-05,5e-06,6e-13,4e-10,5e-11,0.0746,30100000000.0,728000000.0,11.2,-86.5
3.2e-05,5e-06,6e-13,4e-10,1.5e-10,0.0746,30100000000.0,728000000.0,11.2,-86.72
3.2e-05,5e-06,6e-13,4e-10,2e-10,0.0746,30100000000.0,726000000.0,11.2,-86.56
3.2e-05,5e-06,6e-13,3e-10,1e-10,0.0746,33900000000.0,883000000.0,10.55,-92.68
3.2e-05,5e-06,6e-13,3e-10,5e-11,0.0746,33900000000.0,885000000.0,10.55,-90.74
3.2e-05,5e-06,6e-13,3e-10,1.5e-10,0.0746,33900000000.0,884000000.0,10.55,-92.59
3.2e-05,5e-06,6e-13,3e-10,2e-10,0.0746,33900000000.0,885000000.0,10.55,-92.74
3.2e-05,5e-06,6e-13,3e-10,2.5e-10,0.0746,33900000000.0,885000000.0,10.55,-92.63
3.2e-05,5e-06,6e-13,3.5e-10,1e-10,0.0746,31800000000.0,795000000.0,10.91,-88.97
3.2e-05,5e-06,6e-13,3.5e-10,5e-11,0.0746,31800000000.0,794000000.0,10.91,-88.87
3.2e-05,5e-06,6e-13,3.5e-10,1.5e-10,0.0746,31800000000.0,795000000.0,10.91,-89.26
3.2e-05,5e-06,6e-13,3.5e-10,2e-10,0.0746,31800000000.0,793000000.0,10.91,-89.17
3.2e-05,5e-06,6e-13,3.5e-10,2.5e-10,0.0746,31800000000.0,794000000.0,10.91,-89.23
3.2e-05,5e-06,6e-13,4.5e-10,1e-10,0.0746,28800000000.0,680000000.0,11.47,-85.07
3.2e-05,5e-06,6e-13,4.5e-10,5e-11,0.0746,28800000000.0,680000000.0,11.47,-84.57
3.2e-05,5e-06,6e-13,4.5e-10,2e-10,0.0746,28800000000.0,680000000.0,11.47,-84.93
3.2e-05,5e-06,6e-13,4.5e-10,2.5e-10,0.0746,28800000000.0,680000000.0,11.47,-85.13
3.2e-05,5e-06,6e-13,5e-10,1e-10,0.0746,27700000000.0,645000000.0,11.7,-84.29
3.2e-05,5e-06,6e-13,5e-10,5e-11,0.0746,27700000000.0,643000000.0,11.7,-83.66
3.2e-05,5e-06,6e-13,5e-10,1.5e-10,0.0746,27700000000.0,644000000.0,11.7,-84.48
3.2e-05,5e-06,6e-13,5e-10,2e-10,0.0746,27700000000.0,643000000.0,11.7,-83.91
3.2e-05,5e-06,6e-13,5e-10,2.5e-10,0.0746,27700000000.0,644000000.0,11.71,-84.2
3.2e-05,5e-06,7e-13,4e-10,1e-10,0.0746,30100000000.0,727000000.0,11.2,-86.57
3.2e-05,5e-06,7e-13,4e-10,5e-11,0.0746,30100000000.0,730000000.0,11.2,-86.52
3.2e-05,5e-06,7e-13,4e-10,2e-10,0.0746,30100000000.0,729000000.0,11.2,-86.87
3.2e-05,5e-06,7e-13,3e-10,5e-11,0.0746,33900000000.0,882000000.0,10.55,-92.42
3.2e-05,5e-06,7e-13,3e-10,1.5e-10,0.0746,33900000000.0,883000000.0,10.55,-92.64
3.2e-05,5e-06,7e-13,3e-10,2e-10,0.0746,33900000000.0,885000000.0,10.55,-92.56
3.2e-05,5e-06,7e-13,3e-10,2.5e-10,0.0746,33900000000.0,883000000.0,10.55,-92.78
3.2e-05,5e-06,7e-13,3.5e-10,1e-10,0.0746,31800000000.0,793000000.0,10.91,-88.91
3.2e-05,5e-06,7e-13,3.5e-10,5e-11,0.0746,31800000000.0,793000000.0,10.91,-89.01
3.2e-05,5e-06,7e-13,3.5e-10,1.5e-10,0.0746,31800000000.0,795000000.0,10.91,-89.2
3.2e-05,5e-06,7e-13,3.5e-10,2e-10,0.0746,31800000000.0,793000000.0,10.91,-89.68
3.2e-05,5e-06,7e-13,3.5e-10,2.5e-10,0.0746,31800000000.0,791000000.0,10.91,-89.05
3.2e-05,5e-06,7e-13,4.5e-10,1e-10,0.0746,28800000000.0,679000000.0,11.47,-84.88
3.2e-05,5e-06,7e-13,4.5e-10,5e-11,0.0746,28800000000.0,680000000.0,11.46,-85.04
3.2e-05,5e-06,7e-13,4.5e-10,2e-10,0.0746,28800000000.0,681000000.0,11.47,-85.24
3.2e-05,5e-06,7e-13,4.5e-10,2.5e-10,0.0746,28800000000.0,681000000.0,11.46,-85.18
3.2e-05,5e-06,7e-13,5e-10,5e-11,0.0746,27700000000.0,643000000.0,11.7,-83.92
3.2e-05,5e-06,7e-13,5e-10,1.5e-10,0.0746,27700000000.0,644000000.0,11.7,-84.25
3.2e-05,5e-06,7e-13,5e-10,2e-10,0.0746,27700000000.0,642000000.0,11.7,-83.94
3.2e-05,6e-06,5e-13,4e-10,1e-10,0.0746,29900000000.0,840000000.0,11.23,-85.74
3.2e-05,6e-06,5e-13,4e-10,5e-11,0.0746,29900000000.0,840000000.0,11.23,-86.49
3.2e-05,6e-06,5e-13,4e-10,1.5e-10,0.0746,29900000000.0,838000000.0,11.23,-86.31
3.2e-05,6e-06,5e-13,4e-10,2e-10,0.0746,29900000000.0,840000000.0,11.23,-86.45
3.2e-05,6e-06,5e-13,4e-10,2.5e-10,0.0746,29900000000.0,842000000.0,11.23,-86.25
3.2e-05,6e-06,5e-13,3e-10,1e-10,0.0746,33700000000.0,1020000000.0,10.58,-92.54
3.2e-05,6e-06,5e-13,3e-10,5e-11,0.0746,33700000000.0,1020000000.0,10.58,-92.57
3.2e-05,6e-06,5e-13,3e-10,1.5e-10,0.0746,33700000000.0,1020000000.0,10.58,-92.25
3.2e-05,6e-06,5e-13,3e-10,2e-10,0.0746,33700000000.0,1020000000.0,10.58,-92.55
3.2e-05,6e-06,5e-13,3e-10,2.5e-10,0.0746,33700000000.0,1020000000.0,10.59,-92.73
3.2e-05,6e-06,5e-13,3.5e-10,1e-10,0.0746,31600000000.0,913000000.0,10.94,-88.98
3.2e-05,6e-06,5e-13,3.5e-10,5e-11,0.0746,31600000000.0,914000000.0,10.94,-89.06
3.2e-05,6e-06,5e-13,3.5e-10,1.5e-10,0.0746,31600000000.0,915000000.0,10.94,-89.0
3.2e-05,6e-06,5e-13,3.5e-10,2e-10,0.0746,31600000000.0,916000000.0,10.94,-89.09
3.2e-05,6e-06,5e-13,3.5e-10,2.5e-10,0.0746,31600000000.0,912000000.0,10.94,-88.59
3.2e-05,6e-06,5e-13,4.5e-10,1e-10,0.0746,28600000000.0,783000000.0,11.5,-84.76
3.2e-05,6e-06,5e-13,4.5e-10,5e-11,0.0746,28600000000.0,784000000.0,11.5,-85.04
3.2e-05,6e-06,5e-13,4.5e-10,1.5e-10,0.0746,28600000000.0,785000000.0,11.5,-85.31
3.2e-05,6e-06,5e-13,4.5e-10,2e-10,0.0746,28600000000.0,785000000.0,11.5,-85.02
3.2e-05,6e-06,5e-13,4.5e-10,2.5e-10,0.0746,28600000000.0,785000000.0,11.5,-85.28
3.2e-05,6e-06,5e-13,5e-10,1e-10,0.0746,27500000000.0,741000000.0,11.74,-84.04
3.2e-05,6e-06,5e-13,5e-10,5e-11,0.0746,27500000000.0,739000000.0,11.74,-83.96
3.2e-05,6e-06,5e-13,5e-10,1.5e-10,0.0746,27500000000.0,741000000.0,11.74,-84.35
3.2e-05,6e-06,5e-13,5e-10,2e-10,0.0746,27500000000.0,741000000.0,11.74,-84.15
3.2e-05,6e-06,5e-13,5e-10,2.5e-10,0.0746,27500000000.0,741000000.0,11.74,-84.19
3.2e-05,6e-06,3e-13,4e-10,1e-10,0.0746,29900000000.0,840000000.0,11.24,-86.46
3.2e-05,6e-06,3e-13,4e-10,5e-11,0.0746,29900000000.0,842000000.0,11.23,-86.82
3.2e-05,6e-06,3e-13,4e-10,1.5e-10,0.0746,29900000000.0,841000000.0,11.23,-86.46
3.2e-05,6e-06,3e-13,4e-10,2e-10,0.0746,29900000000.0,842000000.0,11.23,-86.27
3.2e-05,6e-06,3e-13,4e-10,2.5e-10,0.0746,29900000000.0,843000000.0,11.23,-85.2
3.2e-05,6e-06,3e-13,3e-10,1e-10,0.0746,33700000000.0,1020000000.0,10.58,-92.3
3.2e-05,6e-06,3e-13,3e-10,5e-11,0.0746,33700000000.0,1020000000.0,10.59,-92.52
3.2e-05,6e-06,3e-13,3e-10,2e-10,0.0746,33700000000.0,1020000000.0,10.59,-92.32
3.2e-05,6e-06,3e-13,3.5e-10,1e-10,0.0746,31600000000.0,914000000.0,10.94,-89.18
3.2e-05,6e-06,3e-13,3.5e-10,5e-11,0.0746,31600000000.0,918000000.0,10.94,-89.28
3.2e-05,6e-06,3e-13,3.5e-10,1.5e-10,0.0746,31600000000.0,914000000.0,10.94,-88.93
3.2e-05,6e-06,3e-13,3.5e-10,2e-10,0.0746,31600000000.0,918000000.0,10.94,-88.45
3.2e-05,6e-06,3e-13,3.5e-10,2.5e-10,0.0746,31600000000.0,911000000.0,10.94,-88.6
3.2e-05,6e-06,3e-13,4.5e-10,1e-10,0.0746,28600000000.0,784000000.0,11.5,-83.61
3.2e-05,6e-06,3e-13,4.5e-10,5e-11,0.0746,28600000000.0,782000000.0,11.5,-85.12
3.2e-05,6e-06,3e-13,4.5e-10,1.5e-10,0.0746,28600000000.0,784000000.0,11.5,-84.75
3.2e-05,6e-06,3e-13,4.5e-10,2e-10,0.0746,28600000000.0,784000000.0,11.5,-85.03
3.2e-05,6e-06,3e-13,4.5e-10,2.5e-10,0.0746,28600000000.0,782000000.0,11.5,-85.11
3.2e-05,6e-06,3e-13,5e-10,1e-10,0.0746,27500000000.0,740000000.0,11.74,-84.17
3.2e-05,6e-06,3e-13,5e-10,5e-11,0.0746,27500000000.0,741000000.0,11.74,-84.13
3.2e-05,6e-06,3e-13,5e-10,1.5e-10,0.0746,27500000000.0,741000000.0,11.74,-84.21
3.2e-05,6e-06,3e-13,5e-10,2e-10,0.0746,27500000000.0,741000000.0,11.74,-83.83
3.2e-05,6e-06,3e-13,5e-10,2.5e-10,0.0746,27500000000.0,741000000.0,11.74,-84.2
3.2e-05,6e-06,4e-13,4e-10,1e-10,0.0746,29900000000.0,841000000.0,11.23,-86.45
3.2e-05,6e-06,4e-13,4e-10,5e-11,0.0746,29900000000.0,840000000.0,11.23,-86.65
3.2e-05,6e-06,4e-13,4e-10,1.5e-10,0.0746,29900000000.0,838000000.0,11.23,-86.45
3.2e-05,6e-06,4e-13,4e-10,2e-10,0.0746,29900000000.0,840000000.0,11.23,-86.46
3.2e-05,6e-06,4e-13,4e-10,2.5e-10,0.0746,29900000000.0,839000000.0,11.23,-86.82
3.2e-05,6e-06,4e-13,3e-10,1e-10,0.0746,33700000000.0,1020000000.0,10.59,-92.36
3.2e-05,6e-06,4e-13,3e-10,5e-11,0.0746,33700000000.0,1020000000.0,10.58,-92.19
3.2e-05,6e-06,4e-13,3e-10,1.5e-10,0.0746,33700000000.0,1020000000.0,10.59,-92.31
3.2e-05,6e-06,4e-13,3e-10,2e-10,0.0746,33700000000.0,1020000000.0,10.58,-92.79
3.2e-05,6e-06,4e-13,3e-10,2.5e-10,0.0746,33700000000.0,1020000000.0,10.59,-92.39
3.2e-05,6e-06,4e-13,3.5e-10,1e-10,0.0746,31600000000.0,914000000.0,10.94,-89.41
3.2e-05,6e-06,4e-13,3.5e-10,5e-11,0.0746,31600000000.0,911000000.0,10.94,-89.87
3.2e-05,6e-06,4e-13,3.5e-10,2e-10,0.0746,31600000000.0,915000000.0,10.94,-89.33
3.2e-05,6e-06,4e-13,3.5e-10,2.5e-10,0.0746,31600000000.0,917000000.0,10.94,-89.31
3.2e-05,6e-06,4e-13,4.5e-10,1e-10,0.0746,28600000000.0,783000000.0,11.5,-84.96
3.2e-05,6e-06,4e-13,4.5e-10,5e-11,0.0746,28600000000.0,785000000.0,11.5,-85.01
3.2e-05,6e-06,4e-13,4.5e-10,2e-10,0.0746,28600000000.0,782000000.0,11.5,-85.13
3.2e-05,6e-06,4e-13,4.5e-10,2.5e-10,0.0746,28600000000.0,785000000.0,11.5,-85.18
3.2e-05,6e-06,4e-13,5e-10,1e-10,0.0746,27500000000.0,740000000.0,11.74,-84.36
3.2e-05,6e-06,4e-13,5e-10,5e-11,0.0746,27500000000.0,740000000.0,11.74,-84.21
3.2e-05,6e-06,4e-13,5e-10,1.5e-10,0.0746,27500000000.0,741000000.0,11.74,-84.51
3.2e-05,6e-06,4e-13,5e-10,2e-10,0.0746,27500000000.0,739000000.0,11.74,-84.2
3.2e-05,6e-06,4e-13,5e-10,2.5e-10,0.0746,27500000000.0,741000000.0,11.74,-83.99
3.2e-05,6e-06,6e-13,4e-10,1e-10,0.0746,29900000000.0,839000000.0,11.23,-86.59
3.2e-05,6e-06,6e-13,4e-10,5e-11,0.0746,29900000000.0,839000000.0,11.23,-86.47
3.2e-05,6e-06,6e-13,4e-10,1.5e-10,0.0746,29900000000.0,839000000.0,11.23,-86.81
3.2e-05,6e-06,6e-13,4e-10,2e-10,0.0746,29900000000.0,838000000.0,11.23,-86.3
3.2e-05,6e-06,6e-13,4e-10,2.5e-10,0.0746,29900000000.0,838000000.0,11.23,-86.29
3.2e-05,6e-06,6e-13,3e-10,1e-10,0.0746,33700000000.0,1020000000.0,10.58,-92.34
3.2e-05,6e-06,6e-13,3e-10,5e-11,0.0746,33700000000.0,1020000000.0,10.58,-92.59
3.2e-05,6e-06,6e-13,3e-10,1.5e-10,0.0746,33700000000.0,1020000000.0,10.59,-92.27
3.2e-05,6e-06,6e-13,3e-10,2e-10,0.0746,33700000000.0,1020000000.0,10.58,-92.47
3.2e-05,6e-06,6e-13,3e-10,2.5e-10,0.0746,33700000000.0,1020000000.0,10.58,-92.2
3.2e-05,6e-06,6e-13,3.5e-10,1e-10,0.0746,31600000000.0,916000000.0,10.94,-89.08
3.2e-05,6e-06,6e-13,3.5e-10,5e-11,0.0746,31600000000.0,916000000.0,10.94,-89.03
3.2e-05,6e-06,6e-13,3.5e-10,1.5e-10,0.0746,31600000000.0,913000000.0,10.94,-88.73
3.2e-05,6e-06,6e-13,3.5e-10,2e-10,0.0746,31600000000.0,912000000.0,10.94,-89.64
3.2e-05,6e-06,6e-13,3.5e-10,2.5e-10,0.0746,31600000000.0,915000000.0,10.94,-89.11
3.2e-05,6e-06,6e-13,4.5e-10,1e-10,0.0746,28600000000.0,785000000.0,11.5,-85.0
3.2e-05,6e-06,6e-13,4.5e-10,1.5e-10,0.0746,28600000000.0,783000000.0,11.5,-85.59
3.2e-05,6e-06,6e-13,4.5e-10,2e-10,0.0746,28600000000.0,784000000.0,11.5,-85.13
3.2e-05,6e-06,6e-13,4.5e-10,2.5e-10,0.0746,28600000000.0,785000000.0,11.5,-85.24
3.2e-05,6e-06,6e-13,5e-10,1e-10,0.0746,27500000000.0,740000000.0,11.74,-84.19
3.2e-05,6e-06,6e-13,5e-10,5e-11,0.0746,27500000000.0,740000000.0,11.74,-83.94
3.2e-05,6e-06,6e-13,5e-10,1.5e-10,0.0746,27500000000.0,741000000.0,11.74,-84.24
3.2e-05,6e-06,6e-13,5e-10,2e-10,0.0746,27500000000.0,740000000.0,11.74,-83.93
3.2e-05,6e-06,7e-13,4e-10,1e-10,0.0746,29900000000.0,837000000.0,11.23,-86.28
3.2e-05,6e-06,7e-13,4e-10,5e-11,0.0746,29900000000.0,840000000.0,11.23,-86.48
3.2e-05,6e-06,7e-13,4e-10,1.5e-10,0.0746,29900000000.0,841000000.0,11.23,-86.57
3.2e-05,6e-06,7e-13,4e-10,2e-10,0.0746,29900000000.0,839000000.0,11.23,-86.61
3.2e-05,6e-06,7e-13,4e-10,2.5e-10,0.0746,29900000000.0,841000000.0,11.23,-86.95
3.2e-05,6e-06,7e-13,3e-10,1e-10,0.0746,33700000000.0,1020000000.0,10.58,-92.29
3.2e-05,6e-06,7e-13,3e-10,5e-11,0.0746,33700000000.0,1020000000.0,10.58,-92.49
3.2e-05,6e-06,7e-13,3e-10,1.5e-10,0.0746,33700000000.0,1020000000.0,10.58,-92.52
3.2e-05,6e-06,7e-13,3e-10,2e-10,0.0746,33700000000.0,1020000000.0,10.58,-92.45
3.2e-05,6e-06,7e-13,3e-10,2.5e-10,0.0746,33700000000.0,1020000000.0,10.59,-92.56
3.2e-05,6e-06,7e-13,3.5e-10,1e-10,0.0746,31600000000.0,917000000.0,10.94,-89.05
3.2e-05,6e-06,7e-13,3.5e-10,5e-11,0.0746,31600000000.0,913000000.0,10.94,-89.01
3.2e-05,6e-06,7e-13,3.5e-10,1.5e-10,0.0746,31600000000.0,914000000.0,10.94,-89.27
3.2e-05,6e-06,7e-13,3.5e-10,2e-10,0.0746,31600000000.0,914000000.0,10.94,-88.69
3.2e-05,6e-06,7e-13,3.5e-10,2.5e-10,0.0746,31600000000.0,916000000.0,10.94,-88.67
3.2e-05,6e-06,7e-13,4.5e-10,1e-10,0.0746,28600000000.0,784000000.0,11.5,-84.64
3.2e-05,6e-06,7e-13,4.5e-10,5e-11,0.0746,28600000000.0,784000000.0,11.5,-84.97
3.2e-05,6e-06,7e-13,4.5e-10,1.5e-10,0.0746,28600000000.0,784000000.0,11.5,-85.09
3.2e-05,6e-06,7e-13,4.5e-10,2e-10,0.0746,28600000000.0,786000000.0,11.5,-85.27
3.2e-05,6e-06,7e-13,4.5e-10,2.5e-10,0.0746,28600000000.0,782000000.0,11.5,-85.14
3.2e-05,6e-06,7e-13,5e-10,1e-10,0.0746,27500000000.0,741000000.0,11.74,-84.27
3.2e-05,6e-06,7e-13,5e-10,5e-11,0.0746,27500000000.0,739000000.0,11.74,-83.85
3.2e-05,6e-06,7e-13,5e-10,1.5e-10,0.0746,27500000000.0,742000000.0,11.74,-83.95
3.2e-05,6e-06,7e-13,5e-10,2.5e-10,0.0746,27500000000.0,740000000.0,11.74,-84.06
3.2e-05,7e-06,5e-13,4e-10,1e-10,0.0746,29700000000.0,935000000.0,11.26,-86.33
3.2e-05,7e-06,5e-13,4e-10,5e-11,0.0746,29700000000.0,939000000.0,11.26,-86.55
3.2e-05,7e-06,5e-13,4e-10,1.5e-10,0.0746,29700000000.0,938000000.0,11.26,-86.43
3.2e-05,7e-06,5e-13,4e-10,2e-10,0.0746,29700000000.0,939000000.0,11.26,-86.71
3.2e-05,7e-06,5e-13,4e-10,2.5e-10,0.0746,29700000000.0,938000000.0,11.26,-86.37
3.2e-05,7e-06,5e-13,3e-10,1e-10,0.0746,33400000000.0,1140000000.0,10.61,-92.06
3.2e-05,7e-06,5e-13,3e-10,5e-11,0.0746,33400000000.0,1140000000.0,10.61,-92.31
3.2e-05,7e-06,5e-13,3e-10,1.5e-10,0.0746,33400000000.0,1140000000.0,10.61,-92.63
3.2e-05,7e-06,5e-13,3e-10,2e-10,0.0746,33400000000.0,1140000000.0,10.61,-92.21
3.2e-05,7e-06,5e-13,3e-10,2.5e-10,0.0746,33400000000.0,1140000000.0,10.61,-92.09
3.2e-05,7e-06,5e-13,3.5e-10,1e-10,0.0746,31300000000.0,1020000000.0,10.96,-88.76
3.2e-05,7e-06,5e-13,3.5e-10,5e-11,0.0746,31300000000.0,1020000000.0,10.97,-88.7
3.2e-05,7e-06,5e-13,3.5e-10,1.5e-10,0.0746,31300000000.0,1020000000.0,10.97,-88.67
3.2e-05,7e-06,5e-13,3.5e-10,2e-10,0.0746,31300000000.0,1020000000.0,10.97,-88.78
3.2e-05,7e-06,5e-13,3.5e-10,2.5e-10,0.0746,31300000000.0,1020000000.0,10.96,-88.69
3.2e-05,7e-06,5e-13,4.5e-10,1e-10,0.0746,28400000000.0,875000000.0,11.53,-84.75
3.2e-05,7e-06,5e-13,4.5e-10,5e-11,0.0746,28400000000.0,877000000.0,11.53,-84.96
3.2e-05,7e-06,5e-13,4.5e-10,1.5e-10,0.0746,28400000000.0,876000000.0,11.53,-84.91
3.2e-05,7e-06,5e-13,4.5e-10,2e-10,0.0746,28400000000.0,877000000.0,11.53,-85.06
3.2e-05,7e-06,5e-13,4.5e-10,2.5e-10,0.0746,28400000000.0,876000000.0,11.53,-85.11
3.2e-05,7e-06,5e-13,5e-10,1e-10,0.0746,27400000000.0,828000000.0,11.77,-83.87
3.2e-05,7e-06,5e-13,5e-10,5e-11,0.0746,27400000000.0,828000000.0,11.77,-84.18
3.2e-05,7e-06,5e-13,5e-10,1.5e-10,0.0746,27400000000.0,828000000.0,11.77,-84.29
3.2e-05,7e-06,5e-13,5e-10,2e-10,0.0746,27400000000.0,827000000.0,11.77,-83.95
3.2e-05,7e-06,5e-13,5e-10,2.5e-10,0.0746,27400000000.0,828000000.0,11.77,-83.94
3.2e-05,7e-06,3e-13,4e-10,1e-10,0.0746,29700000000.0,938000000.0,11.26,-86.33
3.2e-05,7e-06,3e-13,4e-10,5e-11,0.0746,29700000000.0,939000000.0,11.26,-86.51
3.2e-05,7e-06,3e-13,4e-10,1.5e-10,0.0746,29700000000.0,938000000.0,11.26,-86.54
3.2e-05,7e-06,3e-13,4e-10,2e-10,0.0746,29700000000.0,937000000.0,11.26,-86.45
3.2e-05,7e-06,3e-13,4e-10,2.5e-10,0.0746,29700000000.0,939000000.0,11.26,-86.35
3.2e-05,7e-06,3e-13,3e-10,1e-10,0.0746,33400000000.0,1140000000.0,10.61,-92.43
3.2e-05,7e-06,3e-13,3e-10,5e-11,0.0746,33400000000.0,1140000000.0,10.61,-92.45
3.2e-05,7e-06,3e-13,3e-10,1.5e-10,0.0746,33400000000.0,1140000000.0,10.61,-92.34
3.2e-05,7e-06,3e-13,3e-10,2e-10,0.0746,33400000000.0,1140000000.0,10.61,-92.18
3.2e-05,7e-06,3e-13,3e-10,2.5e-10,0.0746,33400000000.0,1140000000.0,10.61,-92.51
3.2e-05,7e-06,3e-13,3.5e-10,1e-10,0.0746,31300000000.0,1020000000.0,10.97,-89.03
3.2e-05,7e-06,3e-13,3.5e-10,5e-11,0.0746,31300000000.0,1020000000.0,10.97,-88.85
3.2e-05,7e-06,3e-13,3.5e-10,1.5e-10,0.0746,31300000000.0,1020000000.0,10.97,-89.08
3.2e-05,7e-06,3e-13,3.5e-10,2e-10,0.0746,31300000000.0,1030000000.0,10.97,-88.29
3.2e-05,7e-06,3e-13,3.5e-10,2.5e-10,0.0746,31300000000.0,1020000000.0,10.97,-89.06
3.2e-05,7e-06,3e-13,4.5e-10,1e-10,0.0746,28400000000.0,877000000.0,11.53,-84.66
3.2e-05,7e-06,3e-13,4.5e-10,5e-11,0.0746,28400000000.0,876000000.0,11.53,-84.94
3.2e-05,7e-06,3e-13,4.5e-10,1.5e-10,0.0746,28400000000.0,878000000.0,11.53,-85.18
3.2e-05,7e-06,3e-13,4.5e-10,2.5e-10,0.0746,28400000000.0,875000000.0,11.53,-84.92
3.2e-05,7e-06,3e-13,5e-10,1e-10,0.0746,27400000000.0,828000000.0,11.77,-83.96
3.2e-05,7e-06,3e-13,5e-10,5e-11,0.0746,27400000000.0,828000000.0,11.77,-83.92
3.2e-05,7e-06,3e-13,5e-10,1.5e-10,0.0746,27400000000.0,829000000.0,11.77,-83.63
3.2e-05,7e-06,3e-13,5e-10,2e-10,0.0746,27400000000.0,827000000.0,11.77,-83.99
3.2e-05,7e-06,3e-13,5e-10,2.5e-10,0.0746,27400000000.0,828000000.0,11.77,-84.05
3.2e-05,7e-06,4e-13,4e-10,1e-10,0.0746,29700000000.0,938000000.0,11.26,-86.68
3.2e-05,7e-06,4e-13,4e-10,5e-11,0.0746,29700000000.0,939000000.0,11.26,-86.42
3.2e-05,7e-06,4e-13,4e-10,1.5e-10,0.0746,29700000000.0,938000000.0,11.26,-86.22
3.2e-05,7e-06,4e-13,4e-10,2e-10,0.0746,29700000000.0,939000000.0,11.26,-86.44
3.2e-05,7e-06,4e-13,4e-10,2.5e-10,0.0746,29700000000.0,936000000.0,11.26,-86.86
3.2e-05,7e-06,4e-13,3e-10,1e-10,0.0746,33400000000.0,1140000000.0,10.61,-74.09
3.2e-05,7e-06,4e-13,3e-10,5e-11,0.0746,33400000000.0,1140000000.0,10.61,-92.19
3.2e-05,7e-06,4e-13,3e-10,1.5e-10,0.0746,33400000000.0,1140000000.0,10.61,-92.39
3.2e-05,7e-06,4e-13,3e-10,2e-10,0.0746,33400000000.0,1140000000.0,10.61,-92.46
3.2e-05,7e-06,4e-13,3e-10,2.5e-10,0.0746,33400000000.0,1140000000.0,10.61,-92.49
3.2e-05,7e-06,4e-13,3.5e-10,1e-10,0.0746,31300000000.0,1020000000.0,10.96,-87.67
3.2e-05,7e-06,4e-13,3.5e-10,5e-11,0.0746,31300000000.0,1020000000.0,10.97,-88.86
3.2e-05,7e-06,4e-13,3.5e-10,2e-10,0.0746,31300000000.0,1020000000.0,10.97,-88.84
3.2e-05,7e-06,4e-13,3.5e-10,2.5e-10,0.0746,31300000000.0,1020000000.0,10.97,-88.82
3.2e-05,7e-06,4e-13,4.5e-10,1e-10,0.0746,28400000000.0,876000000.0,11.53,-85.12
3.2e-05,7e-06,4e-13,4.5e-10,5e-11,0.0746,28400000000.0,875000000.0,11.53,-84.99
3.2e-05,7e-06,4e-13,4.5e-10,1.5e-10,0.0746,28400000000.0,877000000.0,11.53,-85.31
3.2e-05,7e-06,4e-13,4.5e-10,2e-10,0.0746,28400000000.0,876000000.0,11.53,-84.98
3.2e-05,7e-06,4e-13,4.5e-10,2.5e-10,0.0746,28400000000.0,877000000.0,11.53,-85.02
3.2e-05,7e-06,4e-13,5e-10,1e-10,0.0746,27400000000.0,828000000.0,11.77,-83.83
3.2e-05,7e-06,4e-13,5e-10,5e-11,0.0746,27400000000.0,828000000.0,11.77,-84.13
3.2e-05,7e-06,4e-13,5e-10,1.5e-10,0.0746,27400000000.0,826000000.0,11.77,-83.72
3.2e-05,7e-06,4e-13,5e-10,2e-10,0.0746,27400000000.0,827000000.0,11.77,-83.85
3.2e-05,7e-06,4e-13,5e-10,2.5e-10,0.0746,27400000000.0,827000000.0,11.77,-83.94
3.2e-05,7e-06,6e-13,4e-10,1e-10,0.0746,29700000000.0,938000000.0,11.26,-86.66
3.2e-05,7e-06,6e-13,4e-10,5e-11,0.0746,29700000000.0,936000000.0,11.26,-86.16
3.2e-05,7e-06,6e-13,4e-10,1.5e-10,0.0746,29700000000.0,939000000.0,11.26,-86.54
3.2e-05,7e-06,6e-13,4e-10,2e-10,0.0746,29700000000.0,941000000.0,11.26,-86.58
3.2e-05,7e-06,6e-13,4e-10,2.5e-10,0.0746,29700000000.0,936000000.0,11.26,-86.04
3.2e-05,7e-06,6e-13,3e-10,1e-10,0.0746,33400000000.0,1140000000.0,10.61,-92.15
3.2e-05,7e-06,6e-13,3e-10,5e-11,0.0746,33400000000.0,1140000000.0,10.61,-92.42
3.2e-05,7e-06,6e-13,3e-10,1.5e-10,0.0746,33400000000.0,1140000000.0,10.61,-91.18
3.2e-05,7e-06,6e-13,3e-10,2e-10,0.0746,33400000000.0,1140000000.0,10.61,-92.68
3.2e-05,7e-06,6e-13,3e-10,2.5e-10,0.0746,33400000000.0,1140000000.0,10.61,-92.14
3.2e-05,7e-06,6e-13,3.5e-10,5e-11,0.0746,31300000000.0,1020000000.0,10.97,-88.89
3.2e-05,7e-06,6e-13,3.5e-10,1.5e-10,0.0746,31300000000.0,1020000000.0,10.96,-87.33
3.2e-05,7e-06,6e-13,3.5e-10,2e-10,0.0746,31300000000.0,1020000000.0,10.97,-88.87
3.2e-05,7e-06,6e-13,3.5e-10,2.5e-10,0.0746,31300000000.0,1020000000.0,10.96,-88.77
3.2e-05,7e-06,6e-13,4.5e-10,1e-10,0.0746,28400000000.0,876000000.0,11.53,-81.5
3.2e-05,7e-06,6e-13,4.5e-10,5e-11,0.0746,28400000000.0,876000000.0,11.53,-84.35
3.2e-05,7e-06,6e-13,4.5e-10,1.5e-10,0.0746,28400000000.0,877000000.0,11.53,-85.1
3.2e-05,7e-06,6e-13,4.5e-10,2e-10,0.0746,28400000000.0,877000000.0,11.53,-84.97
3.2e-05,7e-06,6e-13,4.5e-10,2.5e-10,0.0746,28400000000.0,876000000.0,11.53,-85.06
3.2e-05,7e-06,6e-13,5e-10,1e-10,0.0746,27400000000.0,827000000.0,11.77,-83.91
3.2e-05,7e-06,6e-13,5e-10,5e-11,0.0746,27400000000.0,828000000.0,11.77,-83.89
3.2e-05,7e-06,6e-13,5e-10,1.5e-10,0.0746,27400000000.0,828000000.0,11.77,-84.25
3.2e-05,7e-06,6e-13,5e-10,2e-10,0.0746,27400000000.0,828000000.0,11.77,-84.0
3.2e-05,7e-06,6e-13,5e-10,2.5e-10,0.0746,27400000000.0,828000000.0,11.77,-84.17
3.2e-05,7e-06,7e-13,4e-10,1e-10,0.0746,29700000000.0,940000000.0,11.26,-86.47
3.2e-05,7e-06,7e-13,4e-10,5e-11,0.0746,29700000000.0,942000000.0,11.26,-85.32
3.2e-05,7e-06,7e-13,4e-10,1.5e-10,0.0746,29700000000.0,938000000.0,11.26,-86.39
3.2e-05,7e-06,7e-13,4e-10,2e-10,0.0746,29700000000.0,939000000.0,11.26,-86.48
3.2e-05,7e-06,7e-13,4e-10,2.5e-10,0.0746,29700000000.0,936000000.0,11.26,-86.05
3.2e-05,7e-06,7e-13,3e-10,1e-10,0.0746,33400000000.0,1140000000.0,10.61,-92.71
3.2e-05,7e-06,7e-13,3e-10,5e-11,0.0746,33400000000.0,1140000000.0,10.61,-92.56
3.2e-05,7e-06,7e-13,3e-10,2e-10,0.0746,33400000000.0,1140000000.0,10.61,-92.41
3.2e-05,7e-06,7e-13,3e-10,2.5e-10,0.0746,33400000000.0,1140000000.0,10.61,-92.6
3.2e-05,7e-06,7e-13,3.5e-10,1e-10,0.0746,31300000000.0,1020000000.0,10.97,-88.63
3.2e-05,7e-06,7e-13,3.5e-10,5e-11,0.0746,31300000000.0,1020000000.0,10.96,-88.87
3.2e-05,7e-06,7e-13,3.5e-10,2e-10,0.0746,31300000000.0,1020000000.0,10.97,-88.9
3.2e-05,7e-06,7e-13,3.5e-10,2.5e-10,0.0746,31300000000.0,1020000000.0,10.96,-89.07
3.2e-05,7e-06,7e-13,4.5e-10,1e-10,0.0746,28400000000.0,875000000.0,11.53,-84.9
3.2e-05,7e-06,7e-13,4.5e-10,5e-11,0.0746,28400000000.0,875000000.0,11.53,-84.93
3.2e-05,7e-06,7e-13,4.5e-10,1.5e-10,0.0746,28400000000.0,874000000.0,11.53,-84.82
3.2e-05,7e-06,7e-13,4.5e-10,2e-10,0.0746,28400000000.0,875000000.0,11.53,-84.8
3.2e-05,7e-06,7e-13,4.5e-10,2.5e-10,0.0746,28400000000.0,876000000.0,11.53,-84.97
3.2e-05,7e-06,7e-13,5e-10,1e-10,0.0746,27400000000.0,828000000.0,11.77,-84.16
3.2e-05,7e-06,7e-13,5e-10,5e-11,0.0746,27400000000.0,826000000.0,11.77,-83.86
3.2e-05,7e-06,7e-13,5e-10,1.5e-10,0.0746,27400000000.0,827000000.0,11.77,-84.09
3.2e-05,7e-06,7e-13,5e-10,2e-10,0.0746,27400000000.0,828000000.0,11.77,-83.62
3.2e-05,7e-06,7e-13,5e-10,2.5e-10,0.0746,27400000000.0,826000000.0,11.77,-83.89
3.2e-05,8e-06,5e-13,4e-10,1e-10,0.0746,29500000000.0,1020000000.0,11.29,-86.18
3.2e-05,8e-06,5e-13,4e-10,5e-11,0.0746,29500000000.0,1030000000.0,11.29,-86.51
3.2e-05,8e-06,5e-13,4e-10,1.5e-10,0.0746,29500000000.0,1030000000.0,11.29,-86.44
3.2e-05,8e-06,5e-13,4e-10,2e-10,0.0746,29500000000.0,1030000000.0,11.29,-86.17
3.2e-05,8e-06,5e-13,4e-10,2.5e-10,0.0746,29500000000.0,1030000000.0,11.29,-86.53
3.2e-05,8e-06,5e-13,3e-10,1e-10,0.0746,33200000000.0,1240000000.0,10.64,-92.41
3.2e-05,8e-06,5e-13,3e-10,5e-11,0.0746,33200000000.0,1240000000.0,10.64,-92.23
3.2e-05,8e-06,5e-13,3e-10,1.5e-10,0.0746,33200000000.0,1250000000.0,10.64,-92.46
3.2e-05,8e-06,5e-13,3e-10,2e-10,0.0746,33200000000.0,1240000000.0,10.64,-92.05
3.2e-05,8e-06,5e-13,3e-10,2.5e-10,0.0746,33200000000.0,1240000000.0,10.64,-91.98
3.2e-05,8e-06,5e-13,3.5e-10,1e-10,0.0746,31100000000.0,1120000000.0,10.99,-88.19
3.2e-05,8e-06,5e-13,3.5e-10,5e-11,0.0746,31100000000.0,1120000000.0,10.99,-88.71
3.2e-05,8e-06,5e-13,3.5e-10,2e-10,0.0746,31100000000.0,1120000000.0,10.99,-88.94
3.2e-05,8e-06,5e-13,3.5e-10,2.5e-10,0.0746,31100000000.0,1120000000.0,10.99,-88.46
3.2e-05,8e-06,5e-13,4.5e-10,1e-10,0.0746,28200000000.0,958000000.0,11.56,-85.25
3.2e-05,8e-06,5e-13,4.5e-10,5e-11,0.0746,28200000000.0,957000000.0,11.56,-84.49
3.2e-05,8e-06,5e-13,4.5e-10,1.5e-10,0.0746,28200000000.0,958000000.0,11.56,-84.65
3.2e-05,8e-06,5e-13,4.5e-10,2e-10,0.0746,28200000000.0,956000000.0,11.56,-84.62
3.2e-05,8e-06,5e-13,4.5e-10,2.5e-10,0.0746,28200000000.0,957000000.0,11.56,-84.95
3.2e-05,8e-06,5e-13,5e-10,1e-10,0.0746,27200000000.0,904000000.0,11.8,-84.19
3.2e-05,8e-06,5e-13,5e-10,5e-11,0.0746,27200000000.0,904000000.0,11.8,-84.12
3.2e-05,8e-06,5e-13,5e-10,1.5e-10,0.0746,27200000000.0,906000000.0,11.8,-83.77
3.2e-05,8e-06,5e-13,5e-10,2e-10,0.0746,27200000000.0,906000000.0,11.8,-83.95
3.2e-05,8e-06,5e-13,5e-10,2.5e-10,0.0746,27200000000.0,906000000.0,11.8,-83.56
3.2e-05,8e-06,3e-13,4e-10,1e-10,0.0746,29500000000.0,1020000000.0,11.29,-86.45
3.2e-05,8e-06,3e-13,4e-10,5e-11,0.0746,29500000000.0,1030000000.0,11.29,-86.37
3.2e-05,8e-06,3e-13,4e-10,2e-10,0.0746,29500000000.0,1020000000.0,11.29,-86.19
3.2e-05,8e-06,3e-13,3e-10,1e-10,0.0746,33200000000.0,1240000000.0,10.64,-92.32
3.2e-05,8e-06,3e-13,3e-10,5e-11,0.0746,33200000000.0,1240000000.0,10.64,-92.22
3.2e-05,8e-06,3e-13,3e-10,1.5e-10,0.0746,33200000000.0,1240000000.0,10.64,-92.34
3.2e-05,8e-06,3e-13,3e-10,2e-10,0.0746,33200000000.0,1240000000.0,10.64,-91.97
3.2e-05,8e-06,3e-13,3e-10,2.5e-10,0.0746,33200000000.0,1240000000.0,10.64,-91.91
3.2e-05,8e-06,3e-13,3.5e-10,1e-10,0.0746,31100000000.0,1120000000.0,10.99,-88.51
3.2e-05,8e-06,3e-13,3.5e-10,5e-11,0.0746,31100000000.0,1120000000.0,10.99,-88.54
3.2e-05,8e-06,3e-13,3.5e-10,1.5e-10,0.0746,31100000000.0,1120000000.0,10.99,-88.58
3.2e-05,8e-06,3e-13,3.5e-10,2e-10,0.0746,31100000000.0,1120000000.0,10.99,-88.7
3.2e-05,8e-06,3e-13,3.5e-10,2.5e-10,0.0746,31100000000.0,1110000000.0,10.99,-88.3
3.2e-05,8e-06,3e-13,4.5e-10,1e-10,0.0746,28200000000.0,958000000.0,11.56,-85.24
3.2e-05,8e-06,3e-13,4.5e-10,5e-11,0.0746,28300000000.0,957000000.0,11.56,-84.79
3.2e-05,8e-06,3e-13,4.5e-10,1.5e-10,0.0746,28200000000.0,957000000.0,11.56,-84.29
3.2e-05,8e-06,3e-13,4.5e-10,2e-10,0.0746,28200000000.0,959000000.0,11.56,-84.85
3.2e-05,8e-06,3e-13,4.5e-10,2.5e-10,0.0746,28200000000.0,959000000.0,11.56,-85.01
3.2e-05,8e-06,3e-13,5e-10,1e-10,0.0746,27200000000.0,904000000.0,11.8,-84.09
3.2e-05,8e-06,3e-13,5e-10,5e-11,0.0746,27200000000.0,905000000.0,11.8,-84.13
3.2e-05,8e-06,3e-13,5e-10,1.5e-10,0.0746,27200000000.0,904000000.0,11.8,-84.04
3.2e-05,8e-06,3e-13,5e-10,2e-10,0.0746,27200000000.0,905000000.0,11.8,-84.05
3.2e-05,8e-06,3e-13,5e-10,2.5e-10,0.0746,27200000000.0,907000000.0,11.8,-84.02
3.2e-05,8e-06,4e-13,4e-10,1e-10,0.0746,29500000000.0,1030000000.0,11.29,-85.18
3.2e-05,8e-06,4e-13,4e-10,5e-11,0.0746,29500000000.0,1030000000.0,11.29,-86.36
3.2e-05,8e-06,4e-13,4e-10,1.5e-10,0.0746,29500000000.0,1020000000.0,11.29,-86.59
3.2e-05,8e-06,4e-13,4e-10,2e-10,0.0746,29500000000.0,1030000000.0,11.29,-86.39
3.2e-05,8e-06,4e-13,4e-10,2.5e-10,0.0746,29500000000.0,1030000000.0,11.29,-86.13
3.2e-05,8e-06,4e-13,3e-10,1e-10,0.0746,33200000000.0,1240000000.0,10.64,-92.43
3.2e-05,8e-06,4e-13,3e-10,5e-11,0.0746,33200000000.0,1240000000.0,10.64,-88.66
3.2e-05,8e-06,4e-13,3e-10,1.5e-10,0.0746,33200000000.0,1240000000.0,10.64,-92.58
3.2e-05,8e-06,4e-13,3e-10,2e-10,0.0746,33200000000.0,1240000000.0,10.64,-92.69
3.2e-05,8e-06,4e-13,3e-10,2.5e-10,0.0746,33200000000.0,1240000000.0,10.64,-91.99
3.2e-05,8e-06,4e-13,3.5e-10,1e-10,0.0746,31100000000.0,1120000000.0,10.99,-89.25
3.2e-05,8e-06,4e-13,3.5e-10,5e-11,0.0746,31100000000.0,1120000000.0,10.99,-88.22
3.2e-05,8e-06,4e-13,3.5e-10,1.5e-10,0.0746,31100000000.0,1120000000.0,10.99,-88.25
3.2e-05,8e-06,4e-13,3.5e-10,2e-10,0.0746,31100000000.0,1110000000.0,10.99,-88.6
3.2e-05,8e-06,4e-13,3.5e-10,2.5e-10,0.0746,31100000000.0,1120000000.0,10.99,-88.75
3.2e-05,8e-06,4e-13,4.5e-10,1e-10,0.0746,28200000000.0,957000000.0,11.56,-84.81
3.2e-05,8e-06,4e-13,4.5e-10,5e-11,0.0746,28200000000.0,958000000.0,11.56,-85.13
3.2e-05,8e-06,4e-13,4.5e-10,1.5e-10,0.0746,28200000000.0,957000000.0,11.56,-84.91
3.2e-05,8e-06,4e-13,4.5e-10,2.5e-10,0.0746,28200000000.0,958000000.0,11.56,-84.95
3.2e-05,8e-06,4e-13,5e-10,1e-10,0.0746,27200000000.0,905000000.0,11.8,-83.74
3.2e-05,8e-06,4e-13,5e-10,5e-11,0.0746,27200000000.0,903000000.0,11.8,-84.74
3.2e-05,8e-06,4e-13,5e-10,1.5e-10,0.0746,27200000000.0,905000000.0,11.8,-84.11
3.2e-05,8e-06,4e-13,5e-10,2e-10,0.0746,27200000000.0,903000000.0,11.8,-83.93
3.2e-05,8e-06,6e-13,4e-10,5e-11,0.0746,29500000000.0,1020000000.0,11.29,-86.48
3.2e-05,8e-06,6e-13,4e-10,1.5e-10,0.0746,29500000000.0,1020000000.0,11.29,-85.95
3.2e-05,8e-06,6e-13,4e-10,2e-10,0.0746,29500000000.0,1020000000.0,11.29,-86.47
3.2e-05,8e-06,6e-13,4e-10,2.5e-10,0.0746,29500000000.0,1030000000.0,11.29,-86.45
3.2e-05,8e-06,6e-13,3e-10,1e-10,0.0746,33200000000.0,1250000000.0,10.64,-92.13
3.2e-05,8e-06,6e-13,3e-10,5e-11,0.0746,33200000000.0,1240000000.0,10.64,-92.08
3.2e-05,8e-06,6e-13,3e-10,1.5e-10,0.0746,33200000000.0,1240000000.0,10.64,-92.42
3.2e-05,8e-06,6e-13,3e-10,2e-10,0.0746,33200000000.0,1240000000.0,10.64,-92.06
3.2e-05,8e-06,6e-13,3e-10,2.5e-10,0.0746,33200000000.0,1240000000.0,10.64,-92.01
3.2e-05,8e-06,6e-13,3.5e-10,1e-10,0.0746,31100000000.0,1120000000.0,10.99,-88.95
3.2e-05,8e-06,6e-13,3.5e-10,5e-11,0.0746,31100000000.0,1120000000.0,10.99,-80.55
3.2e-05,8e-06,6e-13,3.5e-10,1.5e-10,0.0746,31100000000.0,1120000000.0,10.99,-88.72
3.2e-05,8e-06,6e-13,3.5e-10,2.5e-10,0.0746,31100000000.0,1120000000.0,10.99,-88.81
3.2e-05,8e-06,6e-13,4.5e-10,1e-10,0.0746,28200000000.0,956000000.0,11.56,-84.54
3.2e-05,8e-06,6e-13,4.5e-10,5e-11,0.0746,28200000000.0,956000000.0,11.56,-84.83
3.2e-05,8e-06,6e-13,4.5e-10,1.5e-10,0.0746,28200000000.0,957000000.0,11.56,-84.83
3.2e-05,8e-06,6e-13,4.5e-10,2e-10,0.0746,28200000000.0,956000000.0,11.56,-84.9
3.2e-05,8e-06,6e-13,4.5e-10,2.5e-10,0.0746,28200000000.0,958000000.0,11.56,-85.06
3.2e-05,8e-06,6e-13,5e-10,1e-10,0.0746,27200000000.0,904000000.0,11.8,-87.46
3.2e-05,8e-06,6e-13,5e-10,1.5e-10,0.0746,27200000000.0,903000000.0,11.8,-84.7
3.2e-05,8e-06,6e-13,5e-10,2e-10,0.0746,27200000000.0,904000000.0,11.8,-84.16
3.2e-05,8e-06,6e-13,5e-10,2.5e-10,0.0746,27200000000.0,906000000.0,11.8,-84.17
3.2e-05,8e-06,7e-13,4e-10,2e-10,0.0746,29500000000.0,1030000000.0,11.29,-86.11
3.2e-05,8e-06,7e-13,4e-10,2.5e-10,0.0746,29500000000.0,1030000000.0,11.29,-86.28
3.2e-05,8e-06,7e-13,3e-10,1e-10,0.0746,33200000000.0,1240000000.0,10.64,-92.37
3.2e-05,8e-06,7e-13,3e-10,1.5e-10,0.0746,33200000000.0,1240000000.0,10.64,-91.94
3.2e-05,8e-06,7e-13,3e-10,2e-10,0.0746,33200000000.0,1240000000.0,10.64,-92.24
3.2e-05,8e-06,7e-13,3e-10,2.5e-10,0.0746,33200000000.0,1250000000.0,10.64,-92.44
3.2e-05,8e-06,7e-13,3.5e-10,5e-11,0.0746,31100000000.0,1120000000.0,10.99,-89.04
3.2e-05,8e-06,7e-13,3.5e-10,1.5e-10,0.0746,31100000000.0,1120000000.0,10.99,-83.43
3.2e-05,8e-06,7e-13,3.5e-10,2e-10,0.0746,31100000000.0,1120000000.0,10.99,-89.24
3.2e-05,8e-06,7e-13,4.5e-10,1e-10,0.0746,28200000000.0,958000000.0,11.56,-85.01
3.2e-05,8e-06,7e-13,4.5e-10,5e-11,0.0746,28200000000.0,957000000.0,11.56,-84.97
3.2e-05,8e-06,7e-13,4.5e-10,1.5e-10,0.0746,28200000000.0,957000000.0,11.56,-84.79
3.2e-05,8e-06,7e-13,4.5e-10,2e-10,0.0746,28200000000.0,958000000.0,11.56,-84.88
3.2e-05,8e-06,7e-13,4.5e-10,2.5e-10,0.0746,28200000000.0,956000000.0,11.56,-84.94
3.2e-05,8e-06,7e-13,5e-10,1e-10,0.0746,27200000000.0,904000000.0,11.8,-84.33
3.2e-05,8e-06,7e-13,5e-10,5e-11,0.0746,27200000000.0,903000000.0,11.8,-83.94
3.2e-05,8e-06,7e-13,5e-10,1.5e-10,0.0746,27200000000.0,904000000.0,11.8,-86.0
3.2e-05,8e-06,7e-13,5e-10,2e-10,0.0746,27200000000.0,906000000.0,11.8,-84.01
3.2e-05,8e-06,7e-13,5e-10,2.5e-10,0.0746,27200000000.0,903000000.0,11.8,-83.55
3.2e-05,9e-06,5e-13,4e-10,1e-10,0.0746,29300000000.0,1100000000.0,11.32,-81.47
3.2e-05,9e-06,5e-13,4e-10,5e-11,0.0746,29300000000.0,1100000000.0,11.32,-86.26
3.2e-05,9e-06,5e-13,4e-10,1.5e-10,0.0746,29300000000.0,1100000000.0,11.31,-86.64
3.2e-05,9e-06,5e-13,4e-10,2e-10,0.0746,29300000000.0,1100000000.0,11.31,-86.65
3.2e-05,9e-06,5e-13,4e-10,2.5e-10,0.0746,29300000000.0,1100000000.0,11.32,-86.27
3.2e-05,9e-06,5e-13,3e-10,1e-10,0.0746,33000000000.0,1340000000.0,10.66,-91.97
3.2e-05,9e-06,5e-13,3e-10,5e-11,0.0746,33000000000.0,1330000000.0,10.66,-91.85
3.2e-05,9e-06,5e-13,3e-10,1.5e-10,0.0746,33000000000.0,1330000000.0,10.66,-92.11
3.2e-05,9e-06,5e-13,3e-10,2e-10,0.0746,33000000000.0,1340000000.0,10.66,-92.29
3.2e-05,9e-06,5e-13,3e-10,2.5e-10,0.0746,33000000000.0,1340000000.0,10.66,-92.22
3.2e-05,9e-06,5e-13,3.5e-10,1e-10,0.0746,30900000000.0,1200000000.0,11.01,-88.49
3.2e-05,9e-06,5e-13,3.5e-10,5e-11,0.0746,30900000000.0,1200000000.0,11.01,-88.57
3.2e-05,9e-06,5e-13,3.5e-10,1.5e-10,0.0746,30900000000.0,1200000000.0,11.01,-88.63
3.2e-05,9e-06,5e-13,3.5e-10,2e-10,0.0746,30900000000.0,1200000000.0,11.01,-88.77
3.2e-05,9e-06,5e-13,4.5e-10,1e-10,0.0746,28100000000.0,1030000000.0,11.59,-84.81
3.2e-05,9e-06,5e-13,4.5e-10,5e-11,0.0746,28100000000.0,1030000000.0,11.59,-84.86
3.2e-05,9e-06,5e-13,4.5e-10,1.5e-10,0.0746,28100000000.0,1030000000.0,11.58,-84.73
3.2e-05,9e-06,5e-13,4.5e-10,2e-10,0.0746,28100000000.0,1030000000.0,11.58,-84.87
3.2e-05,9e-06,5e-13,4.5e-10,2.5e-10,0.0746,28100000000.0,1030000000.0,11.58,-84.62
3.2e-05,9e-06,5e-13,5e-10,1e-10,0.0746,27000000000.0,971000000.0,11.83,-83.92
3.2e-05,9e-06,5e-13,5e-10,5e-11,0.0746,27000000000.0,971000000.0,11.83,-84.07
3.2e-05,9e-06,5e-13,5e-10,1.5e-10,0.0746,27000000000.0,970000000.0,11.83,-83.82
3.2e-05,9e-06,5e-13,5e-10,2e-10,0.0746,27000000000.0,970000000.0,11.82,-84.06
3.2e-05,9e-06,5e-13,5e-10,2.5e-10,0.0746,27000000000.0,971000000.0,11.82,-84.53
3.2e-05,9e-06,3e-13,4e-10,1e-10,0.0746,29300000000.0,1100000000.0,11.31,-86.39
3.2e-05,9e-06,3e-13,4e-10,5e-11,0.0746,29300000000.0,1100000000.0,11.32,-86.06
3.2e-05,9e-06,3e-13,4e-10,1.5e-10,0.0746,29300000000.0,1100000000.0,11.31,-86.13
3.2e-05,9e-06,3e-13,4e-10,2e-10,0.0746,29300000000.0,1100000000.0,11.31,-86.24
3.2e-05,9e-06,3e-13,3e-10,1e-10,0.0746,33000000000.0,1340000000.0,10.66,-91.93
3.2e-05,9e-06,3e-13,3e-10,5e-11,0.0746,33000000000.0,1340000000.0,10.66,-91.96
3.2e-05,9e-06,3e-13,3e-10,1.5e-10,0.0746,33000000000.0,1340000000.0,10.66,-91.74
3.2e-05,9e-06,3e-13,3e-10,2e-10,0.0746,33000000000.0,1340000000.0,10.66,-91.8
3.2e-05,9e-06,3e-13,3e-10,2.5e-10,0.0746,33000000000.0,1340000000.0,10.66,-92.02
3.2e-05,9e-06,3e-13,3.5e-10,1e-10,0.0746,30900000000.0,1200000000.0,11.01,-88.51
3.2e-05,9e-06,3e-13,3.5e-10,5e-11,0.0746,30900000000.0,1200000000.0,11.01,-88.75
3.2e-05,9e-06,3e-13,3.5e-10,1.5e-10,0.0746,30900000000.0,1200000000.0,11.01,-88.15
3.2e-05,9e-06,3e-13,3.5e-10,2.5e-10,0.0746,30900000000.0,1200000000.0,11.01,-88.98
3.2e-05,9e-06,3e-13,4.5e-10,1e-10,0.0746,28100000000.0,1030000000.0,11.59,-84.77
3.2e-05,9e-06,3e-13,4.5e-10,5e-11,0.0746,28100000000.0,1030000000.0,11.59,-84.7
3.2e-05,9e-06,3e-13,4.5e-10,1.5e-10,0.0746,28100000000.0,1030000000.0,11.59,-84.51
3.2e-05,9e-06,3e-13,4.5e-10,2e-10,0.0746,28100000000.0,1030000000.0,11.59,-84.85
3.2e-05,9e-06,3e-13,4.5e-10,2.5e-10,0.0746,28100000000.0,1030000000.0,11.59,-84.67
3.2e-05,9e-06,3e-13,5e-10,1e-10,0.0746,27000000000.0,972000000.0,11.83,-84.03
3.2e-05,9e-06,3e-13,5e-10,5e-11,0.0746,27000000000.0,973000000.0,11.83,-84.1
3.2e-05,9e-06,3e-13,5e-10,1.5e-10,0.0746,27000000000.0,972000000.0,11.83,-83.87
3.2e-05,9e-06,3e-13,5e-10,2e-10,0.0746,27000000000.0,973000000.0,11.82,-84.06
3.2e-05,9e-06,4e-13,4e-10,1e-10,0.0746,29300000000.0,1100000000.0,11.32,-86.37
3.2e-05,9e-06,4e-13,4e-10,5e-11,0.0746,29300000000.0,1100000000.0,11.32,-86.39
3.2e-05,9e-06,4e-13,4e-10,1.5e-10,0.0746,29300000000.0,1100000000.0,11.32,-85.8
3.2e-05,9e-06,4e-13,4e-10,2e-10,0.0746,29300000000.0,1100000000.0,11.32,-86.1
3.2e-05,9e-06,4e-13,4e-10,2.5e-10,0.0746,29300000000.0,1100000000.0,11.32,-86.13
3.2e-05,9e-06,4e-13,3e-10,1e-10,0.0746,33000000000.0,1330000000.0,10.66,-91.83
3.2e-05,9e-06,4e-13,3e-10,5e-11,0.0746,33000000000.0,1330000000.0,10.66,-91.97
3.2e-05,9e-06,4e-13,3e-10,1.5e-10,0.0746,33000000000.0,1340000000.0,10.66,-92.2
3.2e-05,9e-06,4e-13,3e-10,2e-10,0.0746,33000000000.0,1340000000.0,10.66,-92.27
3.2e-05,9e-06,4e-13,3e-10,2.5e-10,0.0746,33000000000.0,1340000000.0,10.66,-92.25
3.2e-05,9e-06,4e-13,3.5e-10,5e-11,0.0746,30900000000.0,1200000000.0,11.01,-88.88
3.2e-05,9e-06,4e-13,3.5e-10,2e-10,0.0746,30900000000.0,1200000000.0,11.01,-88.38
3.2e-05,9e-06,4e-13,3.5e-10,2.5e-10,0.0746,30900000000.0,1200000000.0,11.01,-87.99
3.2e-05,9e-06,4e-13,4.5e-10,1e-10,0.0746,28100000000.0,1030000000.0,11.59,-84.68
3.2e-05,9e-06,4e-13,4.5e-10,1.5e-10,0.0746,28100000000.0,1030000000.0,11.58,-84.88
3.2e-05,9e-06,4e-13,5e-10,1e-10,0.0746,27000000000.0,974000000.0,11.83,-83.78
3.2e-05,9e-06,4e-13,5e-10,5e-11,0.0746,27000000000.0,970000000.0,11.83,-83.81
3.2e-05,9e-06,4e-13,5e-10,1.5e-10,0.0746,27000000000.0,971000000.0,11.83,-84.05
3.2e-05,9e-06,4e-13,5e-10,2e-10,0.0746,27000000000.0,970000000.0,11.83,-83.91
3.2e-05,9e-06,4e-13,5e-10,2.5e-10,0.0746,27000000000.0,972000000.0,11.82,-83.61
3.2e-05,9e-06,6e-13,4e-10,1e-10,0.0746,29300000000.0,1100000000.0,11.31,-86.17
3.2e-05,9e-06,6e-13,4e-10,5e-11,0.0746,29300000000.0,1100000000.0,11.31,-86.19
3.2e-05,9e-06,6e-13,4e-10,1.5e-10,0.0746,29300000000.0,1100000000.0,11.31,-86.31
3.2e-05,9e-06,6e-13,4e-10,2e-10,0.0746,29300000000.0,1100000000.0,11.31,-84.95
3.2e-05,9e-06,6e-13,3e-10,1e-10,0.0746,33000000000.0,1330000000.0,10.66,-91.92
3.2e-05,9e-06,6e-13,3e-10,5e-11,0.0746,33000000000.0,1330000000.0,10.66,-92.42
3.2e-05,9e-06,6e-13,3e-10,1.5e-10,0.0746,33000000000.0,1340000000.0,10.66,-92.05
3.2e-05,9e-06,6e-13,3e-10,2.5e-10,0.0746,33000000000.0,1330000000.0,10.66,-91.95
3.2e-05,9e-06,6e-13,3.5e-10,1e-10,0.0746,30900000000.0,1190000000.0,11.01,-88.43
3.2e-05,9e-06,6e-13,3.5e-10,5e-11,0.0746,30900000000.0,1200000000.0,11.01,-88.58
3.2e-05,9e-06,6e-13,3.5e-10,1.5e-10,0.0746,30900000000.0,1200000000.0,11.01,-89.03
3.2e-05,9e-06,6e-13,3.5e-10,2e-10,0.0746,30900000000.0,1200000000.0,11.01,-83.68
3.2e-05,9e-06,6e-13,3.5e-10,2.5e-10,0.0746,30900000000.0,1200000000.0,11.01,-88.46
3.2e-05,9e-06,6e-13,4.5e-10,1e-10,0.0746,28100000000.0,1030000000.0,11.58,-85.06
3.2e-05,9e-06,6e-13,4.5e-10,5e-11,0.0746,28100000000.0,1030000000.0,11.58,-85.1
3.2e-05,9e-06,6e-13,4.5e-10,1.5e-10,0.0746,28100000000.0,1030000000.0,11.59,-84.58
3.2e-05,9e-06,6e-13,4.5e-10,2e-10,0.0746,28100000000.0,1030000000.0,11.58,-84.85
3.2e-05,9e-06,6e-13,4.5e-10,2.5e-10,0.0746,28100000000.0,1030000000.0,11.58,-85.35
3.2e-05,9e-06,6e-13,5e-10,1e-10,0.0746,27000000000.0,973000000.0,11.83,-84.19
3.2e-05,9e-06,6e-13,5e-10,5e-11,0.0746,27000000000.0,973000000.0,11.83,-84.15
3.2e-05,9e-06,6e-13,5e-10,1.5e-10,0.0746,27000000000.0,972000000.0,11.83,-84.14
3.2e-05,9e-06,6e-13,5e-10,2e-10,0.0746,27000000000.0,973000000.0,11.83,-83.79
3.2e-05,9e-06,6e-13,5e-10,2.5e-10,0.0746,27000000000.0,972000000.0,11.83,-83.78
3.2e-05,9e-06,7e-13,4e-10,1e-10,0.0746,29300000000.0,1100000000.0,11.32,-81.23
3.2e-05,9e-06,7e-13,4e-10,5e-11,0.0746,29300000000.0,1100000000.0,11.32,-86.15
3.2e-05,9e-06,7e-13,4e-10,1.5e-10,0.0746,29300000000.0,1100000000.0,11.31,-86.38
3.2e-05,9e-06,7e-13,4e-10,2e-10,0.0746,29300000000.0,1100000000.0,11.31,-86.1
3.2e-05,9e-06,7e-13,4e-10,2.5e-10,0.0746,29300000000.0,1100000000.0,11.31,-86.3
3.2e-05,9e-06,7e-13,3e-10,1e-10,0.0746,33000000000.0,1330000000.0,10.66,-91.73
3.2e-05,9e-06,7e-13,3e-10,5e-11,0.0746,33000000000.0,1330000000.0,10.66,-92.62
3.2e-05,9e-06,7e-13,3e-10,1.5e-10,0.0746,33000000000.0,1340000000.0,10.66,-91.64
3.2e-05,9e-06,7e-13,3e-10,2e-10,0.0746,33000000000.0,1340000000.0,10.66,-92.28
3.2e-05,9e-06,7e-13,3e-10,2.5e-10,0.0746,33000000000.0,1330000000.0,10.66,-91.88
3.2e-05,9e-06,7e-13,3.5e-10,1e-10,0.0746,30900000000.0,1200000000.0,11.01,-89.04
3.2e-05,9e-06,7e-13,3.5e-10,5e-11,0.0746,30900000000.0,1200000000.0,11.01,-88.59
3.2e-05,9e-06,7e-13,3.5e-10,2e-10,0.0746,30900000000.0,1200000000.0,11.01,-88.02
3.2e-05,9e-06,7e-13,3.5e-10,2.5e-10,0.0746,30900000000.0,1200000000.0,11.01,-88.54
3.2e-05,9e-06,7e-13,4.5e-10,1e-10,0.0746,28100000000.0,1030000000.0,11.59,-84.83
3.2e-05,9e-06,7e-13,4.5e-10,1.5e-10,0.0746,28100000000.0,1030000000.0,11.58,-84.49
3.2e-05,9e-06,7e-13,5e-10,1e-10,0.0746,27000000000.0,970000000.0,11.83,-83.75
3.2e-05,9e-06,7e-13,5e-10,5e-11,0.0746,27000000000.0,970000000.0,11.82,-83.91
3.2e-05,9e-06,7e-13,5e-10,1.5e-10,0.0746,27000000000.0,970000000.0,11.83,-83.86
3.2e-05,9e-06,7e-13,5e-10,2.5e-10,0.0746,27000000000.0,970000000.0,11.83,-83.95
3.2e-05,1e-05,5e-13,4e-10,1e-10,0.0746,29200000000.0,1170000000.0,11.34,-86.32
3.2e-05,1e-05,5e-13,4e-10,5e-11,0.0746,29200000000.0,1170000000.0,11.34,-86.61
3.2e-05,1e-05,5e-13,4e-10,1.5e-10,0.0746,29200000000.0,1160000000.0,11.34,-86.63
3.2e-05,1e-05,5e-13,4e-10,2e-10,0.0746,29200000000.0,1170000000.0,11.34,-86.28
3.2e-05,1e-05,5e-13,4e-10,2.5e-10,0.0746,29200000000.0,1170000000.0,11.34,-86.29
3.2e-05,1e-05,5e-13,3e-10,1e-10,0.0746,32800000000.0,1410000000.0,10.68,-91.8
3.2e-05,1e-05,5e-13,3e-10,5e-11,0.0746,32800000000.0,1410000000.0,10.67,-91.56
3.2e-05,1e-05,5e-13,3e-10,1.5e-10,0.0746,32800000000.0,1410000000.0,10.67,-91.67
3.2e-05,1e-05,5e-13,3e-10,2e-10,0.0746,32800000000.0,1420000000.0,10.68,-91.99
3.2e-05,1e-05,5e-13,3e-10,2.5e-10,0.0746,32800000000.0,1410000000.0,10.67,-91.75
3.2e-05,1e-05,5e-13,3.5e-10,1e-10,0.0746,30700000000.0,1270000000.0,11.03,-87.77
3.2e-05,1e-05,5e-13,3.5e-10,5e-11,0.0746,30700000000.0,1270000000.0,11.03,-88.29
3.2e-05,1e-05,5e-13,3.5e-10,1.5e-10,0.0746,30700000000.0,1270000000.0,11.03,-88.59
3.2e-05,1e-05,5e-13,3.5e-10,2e-10,0.0746,30700000000.0,1270000000.0,11.03,-87.83
3.2e-05,1e-05,5e-13,3.5e-10,2.5e-10,0.0746,30700000000.0,1270000000.0,11.03,-88.56
3.2e-05,1e-05,5e-13,4.5e-10,1e-10,0.0746,27900000000.0,1090000000.0,11.61,-87.51
3.2e-05,1e-05,5e-13,4.5e-10,5e-11,0.0746,27900000000.0,1090000000.0,11.61,-86.33
3.2e-05,1e-05,5e-13,4.5e-10,1.5e-10,0.0746,27900000000.0,1090000000.0,11.61,-85.08
3.2e-05,1e-05,5e-13,4.5e-10,2e-10,0.0746,27900000000.0,1090000000.0,11.61,-84.78
3.2e-05,1e-05,5e-13,4.5e-10,2.5e-10,0.0746,27900000000.0,1090000000.0,11.61,-86.36
3.2e-05,1e-05,5e-13,5e-10,1e-10,0.0746,26900000000.0,1030000000.0,11.85,-84.11
3.2e-05,1e-05,5e-13,5e-10,5e-11,0.0746,26900000000.0,1030000000.0,11.85,-83.72
3.2e-05,1e-05,5e-13,5e-10,2e-10,0.0746,26900000000.0,1030000000.0,11.85,-84.07
3.2e-05,1e-05,3e-13,4e-10,1e-10,0.0746,29200000000.0,1170000000.0,11.34,-86.14
3.2e-05,1e-05,3e-13,4e-10,5e-11,0.0746,29200000000.0,1170000000.0,11.34,-86.17
3.2e-05,1e-05,3e-13,4e-10,1.5e-10,0.0746,29200000000.0,1160000000.0,11.34,-85.87
3.2e-05,1e-05,3e-13,4e-10,2e-10,0.0746,29200000000.0,1160000000.0,11.34,-86.65
3.2e-05,1e-05,3e-13,4e-10,2.5e-10,0.0746,29200000000.0,1170000000.0,11.34,-86.09
3.2e-05,1e-05,3e-13,3e-10,1e-10,0.0746,32800000000.0,1410000000.0,10.68,-91.91
3.2e-05,1e-05,3e-13,3e-10,5e-11,0.0746,32800000000.0,1420000000.0,10.68,-91.94
3.2e-05,1e-05,3e-13,3e-10,1.5e-10,0.0746,32800000000.0,1420000000.0,10.68,-87.51
3.2e-05,1e-05,3e-13,3e-10,2e-10,0.0746,32800000000.0,1420000000.0,10.68,-91.39
3.2e-05,1e-05,3e-13,3e-10,2.5e-10,0.0746,32800000000.0,1420000000.0,10.68,-91.79
3.2e-05,1e-05,3e-13,3.5e-10,1e-10,0.0746,30700000000.0,1270000000.0,11.03,-88.01
3.2e-05,1e-05,3e-13,3.5e-10,5e-11,0.0746,30700000000.0,1270000000.0,11.03,-88.28
3.2e-05,1e-05,3e-13,3.5e-10,1.5e-10,0.0746,30700000000.0,1270000000.0,11.03,-88.5
3.2e-05,1e-05,3e-13,3.5e-10,2e-10,0.0746,30700000000.0,1270000000.0,11.03,-88.11
3.2e-05,1e-05,3e-13,3.5e-10,2.5e-10,0.0746,30700000000.0,1270000000.0,11.03,-88.24
3.2e-05,1e-05,3e-13,4.5e-10,1e-10,0.0746,27900000000.0,1090000000.0,11.61,-84.76
3.2e-05,1e-05,3e-13,4.5e-10,1.5e-10,0.0746,27900000000.0,1090000000.0,11.61,-84.8
3.2e-05,1e-05,3e-13,4.5e-10,2e-10,0.0746,27900000000.0,1090000000.0,11.61,-84.14
3.2e-05,1e-05,3e-13,4.5e-10,2.5e-10,0.0746,27900000000.0,1090000000.0,11.61,-85.0
3.2e-05,1e-05,3e-13,5e-10,1e-10,0.0746,26900000000.0,1030000000.0,11.85,-83.83
3.2e-05,1e-05,3e-13,5e-10,5e-11,0.0746,26900000000.0,1030000000.0,11.85,-83.85
3.2e-05,1e-05,3e-13,5e-10,1.5e-10,0.0746,26900000000.0,1030000000.0,11.85,-83.86
3.2e-05,1e-05,3e-13,5e-10,2e-10,0.0746,26900000000.0,1030000000.0,11.85,-84.0
3.2e-05,1e-05,3e-13,5e-10,2.5e-10,0.0746,26900000000.0,1030000000.0,11.85,-83.71
3.2e-05,1e-05,4e-13,4e-10,5e-11,0.0746,29200000000.0,1170000000.0,11.34,-86.21
3.2e-05,1e-05,4e-13,4e-10,1.5e-10,0.0746,29200000000.0,1170000000.0,11.34,-86.13
3.2e-05,1e-05,4e-13,4e-10,2.5e-10,0.0746,29200000000.0,1170000000.0,11.34,-86.31
3.2e-05,1e-05,4e-13,3e-10,1e-10,0.0746,32800000000.0,1410000000.0,10.67,-91.51
3.2e-05,1e-05,4e-13,3e-10,5e-11,0.0746,32800000000.0,1420000000.0,10.68,-92.12
3.2e-05,1e-05,4e-13,3e-10,1.5e-10,0.0746,32800000000.0,1420000000.0,10.68,-91.9
3.2e-05,1e-05,4e-13,3e-10,2.5e-10,0.0746,32800000000.0,1420000000.0,10.68,-91.91
3.2e-05,1e-05,4e-13,3.5e-10,1e-10,0.0746,30700000000.0,1270000000.0,11.03,-87.95
3.2e-05,1e-05,4e-13,3.5e-10,5e-11,0.0746,30700000000.0,1270000000.0,11.03,-88.07
3.2e-05,1e-05,4e-13,3.5e-10,1.5e-10,0.0746,30700000000.0,1270000000.0,11.03,-87.97
3.2e-05,1e-05,4e-13,3.5e-10,2e-10,0.0746,30700000000.0,1270000000.0,11.03,-86.44
3.2e-05,1e-05,4e-13,4.5e-10,1e-10,0.0746,27900000000.0,1090000000.0,11.61,-84.89
3.2e-05,1e-05,4e-13,4.5e-10,5e-11,0.0746,27900000000.0,1090000000.0,11.61,-84.7
3.2e-05,1e-05,4e-13,4.5e-10,1.5e-10,0.0746,27900000000.0,1090000000.0,11.61,-85.04
3.2e-05,1e-05,4e-13,4.5e-10,2.5e-10,0.0746,27900000000.0,1090000000.0,11.61,-84.11
3.2e-05,1e-05,4e-13,5e-10,1e-10,0.0746,26900000000.0,1030000000.0,11.85,-84.3
3.2e-05,1e-05,4e-13,5e-10,5e-11,0.0746,26900000000.0,1030000000.0,11.85,-83.93
3.2e-05,1e-05,4e-13,5e-10,1.5e-10,0.0746,26900000000.0,1030000000.0,11.85,-83.7
3.2e-05,1e-05,4e-13,5e-10,2e-10,0.0746,26900000000.0,1020000000.0,11.85,-83.85
3.2e-05,1e-05,6e-13,4e-10,1e-10,0.0746,29200000000.0,1160000000.0,11.34,-86.24
3.2e-05,1e-05,6e-13,4e-10,5e-11,0.0746,29200000000.0,1160000000.0,11.34,-86.15
3.2e-05,1e-05,6e-13,4e-10,1.5e-10,0.0746,29200000000.0,1170000000.0,11.34,-86.1
3.2e-05,1e-05,6e-13,3e-10,1e-10,0.0746,32800000000.0,1410000000.0,10.68,-91.71
3.2e-05,1e-05,6e-13,3e-10,5e-11,0.0746,32800000000.0,1410000000.0,10.68,-92.04
3.2e-05,1e-05,6e-13,3e-10,1.5e-10,0.0746,32800000000.0,1420000000.0,10.68,-92.17
3.2e-05,1e-05,6e-13,3e-10,2e-10,0.0746,32800000000.0,1410000000.0,10.68,-86.63
3.2e-05,1e-05,6e-13,3e-10,2.5e-10,0.0746,32800000000.0,1420000000.0,10.68,-91.95
3.2e-05,1e-05,6e-13,3.5e-10,1e-10,0.0746,30700000000.0,1270000000.0,11.03,-88.78
3.2e-05,1e-05,6e-13,3.5e-10,5e-11,0.0746,30700000000.0,1270000000.0,11.03,-88.13
3.2e-05,1e-05,6e-13,3.5e-10,1.5e-10,0.0746,30700000000.0,1270000000.0,11.03,-88.09
3.2e-05,1e-05,6e-13,3.5e-10,2.5e-10,0.0746,30700000000.0,1270000000.0,11.03,-88.77
3.2e-05,1e-05,6e-13,4.5e-10,1e-10,0.0746,27900000000.0,1090000000.0,11.61,-84.84
3.2e-05,1e-05,6e-13,4.5e-10,5e-11,0.0746,27900000000.0,1090000000.0,11.61,-84.82
3.2e-05,1e-05,6e-13,4.5e-10,1.5e-10,0.0746,27900000000.0,1090000000.0,11.61,-84.96
3.2e-05,1e-05,6e-13,4.5e-10,2e-10,0.0746,27900000000.0,1090000000.0,11.61,-84.75
3.2e-05,1e-05,6e-13,4.5e-10,2.5e-10,0.0746,27900000000.0,1090000000.0,11.61,-84.71
3.2e-05,1e-05,6e-13,5e-10,1e-10,0.0746,26900000000.0,1030000000.0,11.85,-84.02
3.2e-05,1e-05,6e-13,5e-10,1.5e-10,0.0746,26900000000.0,1020000000.0,11.85,-84.13
3.2e-05,1e-05,6e-13,5e-10,2.5e-10,0.0746,26900000000.0,1030000000.0,11.85,-83.89
3.2e-05,1e-05,7e-13,4e-10,1e-10,0.0746,29200000000.0,1170000000.0,11.34,-86.22
3.2e-05,1e-05,7e-13,4e-10,5e-11,0.0746,29200000000.0,1160000000.0,11.34,-85.93
3.2e-05,1e-05,7e-13,4e-10,1.5e-10,0.0746,29200000000.0,1170000000.0,11.34,-86.07
3.2e-05,1e-05,7e-13,4e-10,2.5e-10,0.0746,29200000000.0,1170000000.0,11.34,-86.26
3.2e-05,1e-05,7e-13,3e-10,1e-10,0.0746,32800000000.0,1420000000.0,10.68,-91.38
3.2e-05,1e-05,7e-13,3e-10,5e-11,0.0746,32800000000.0,1410000000.0,10.68,-91.76
3.2e-05,1e-05,7e-13,3e-10,1.5e-10,0.0746,32800000000.0,1420000000.0,10.68,-92.01
3.2e-05,1e-05,7e-13,3e-10,2e-10,0.0746,32800000000.0,1410000000.0,10.67,-91.84
3.2e-05,1e-05,7e-13,3e-10,2.5e-10,0.0746,32800000000.0,1410000000.0,10.67,-91.87
3.2e-05,1e-05,7e-13,3.5e-10,1e-10,0.0746,30700000000.0,1270000000.0,11.03,-88.6
3.2e-05,1e-05,7e-13,3.5e-10,1.5e-10,0.0746,30700000000.0,1270000000.0,11.03,-86.75
3.2e-05,1e-05,7e-13,3.5e-10,2.5e-10,0.0746,30700000000.0,1270000000.0,11.03,-88.22
3.2e-05,1e-05,7e-13,4.5e-10,1.5e-10,0.0746,27900000000.0,1090000000.0,11.61,-84.6
3.2e-05,1e-05,7e-13,4.5e-10,2e-10,0.0746,27900000000.0,1090000000.0,11.61,-84.87
3.2e-05,1e-05,7e-13,4.5e-10,2.5e-10,0.0746,27900000000.0,1090000000.0,11.61,-84.88
3.2e-05,1e-05,7e-13,5e-10,1e-10,0.0746,26900000000.0,1020000000.0,11.85,-83.86
3.2e-05,1e-05,7e-13,5e-10,5e-11,0.0746,26900000000.0,1030000000.0,11.85,-83.53
3.2e-05,1e-05,7e-13,5e-10,1.5e-10,0.0746,26900000000.0,1030000000.0,11.85,-84.12
3.2e-05,1e-05,7e-13,5e-10,2e-10,0.0746,26800000000.0,1030000000.0,11.85,-83.49
3.2e-05,1e-05,7e-13,5e-10,2.5e-10,0.0746,26800000000.0,1020000000.0,11.85,-83.72
3.2e-05,1.1e-05,5e-13,4e-10,1e-10,0.0746,29000000000.0,1220000000.0,11.36,-85.78
3.2e-05,1.1e-05,5e-13,4e-10,5e-11,0.0746,29000000000.0,1220000000.0,11.36,-86.18
3.2e-05,1.1e-05,5e-13,4e-10,1.5e-10,0.0746,29000000000.0,1220000000.0,11.35,-85.81
3.2e-05,1.1e-05,5e-13,4e-10,2e-10,0.0746,29000000000.0,1220000000.0,11.35,-86.23
3.2e-05,1.1e-05,5e-13,4e-10,2.5e-10,0.0746,29000000000.0,1220000000.0,11.35,-86.22
3.2e-05,1.1e-05,5e-13,3e-10,1e-10,0.0746,32600000000.0,1480000000.0,10.69,-91.83
3.2e-05,1.1e-05,5e-13,3e-10,5e-11,0.0746,32600000000.0,1480000000.0,10.69,-91.59
3.2e-05,1.1e-05,5e-13,3e-10,1.5e-10,0.0746,32600000000.0,1480000000.0,10.69,-87.81
3.2e-05,1.1e-05,5e-13,3e-10,2e-10,0.0746,32600000000.0,1480000000.0,10.69,-91.42
3.2e-05,1.1e-05,5e-13,3e-10,2.5e-10,0.0746,32600000000.0,1480000000.0,10.69,-91.43
3.2e-05,1.1e-05,5e-13,3.5e-10,1e-10,0.0746,30600000000.0,1330000000.0,11.05,-87.81
3.2e-05,1.1e-05,5e-13,3.5e-10,5e-11,0.0746,30600000000.0,1330000000.0,11.05,-88.17
3.2e-05,1.1e-05,5e-13,3.5e-10,1.5e-10,0.0746,30600000000.0,1330000000.0,11.05,-88.76
3.2e-05,1.1e-05,5e-13,3.5e-10,2e-10,0.0746,30600000000.0,1330000000.0,11.05,-88.31
3.2e-05,1.1e-05,5e-13,3.5e-10,2.5e-10,0.0746,30600000000.0,1330000000.0,11.05,-87.85
3.2e-05,1.1e-05,5e-13,4.5e-10,1e-10,0.0746,27700000000.0,1140000000.0,11.63,-84.86
3.2e-05,1.1e-05,5e-13,4.5e-10,5e-11,0.0746,27700000000.0,1140000000.0,11.63,-84.77
3.2e-05,1.1e-05,5e-13,4.5e-10,1.5e-10,0.0746,27700000000.0,1140000000.0,11.63,-84.8
3.2e-05,1.1e-05,5e-13,4.5e-10,2e-10,0.0746,27700000000.0,1140000000.0,11.63,-84.59
3.2e-05,1.1e-05,5e-13,4.5e-10,2.5e-10,0.0746,27700000000.0,1140000000.0,11.63,-84.58
3.2e-05,1.1e-05,5e-13,5e-10,1e-10,0.0746,26700000000.0,1070000000.0,11.87,-84.09
3.2e-05,1.1e-05,5e-13,5e-10,5e-11,0.0746,26700000000.0,1080000000.0,11.87,-83.8
3.2e-05,1.1e-05,5e-13,5e-10,1.5e-10,0.0746,26700000000.0,1080000000.0,11.87,-83.95
3.2e-05,1.1e-05,5e-13,5e-10,2.5e-10,0.0746,26700000000.0,1070000000.0,11.87,-84.1
3.2e-05,1.1e-05,3e-13,4e-10,1e-10,0.0746,29000000000.0,1220000000.0,11.35,-86.14
3.2e-05,1.1e-05,3e-13,4e-10,5e-11,0.0746,29000000000.0,1220000000.0,11.36,-85.25
3.2e-05,1.1e-05,3e-13,4e-10,1.5e-10,0.0746,29000000000.0,1220000000.0,11.35,-86.32
3.2e-05,1.1e-05,3e-13,4e-10,2e-10,0.0746,29000000000.0,1220000000.0,11.36,-86.12
3.2e-05,1.1e-05,3e-13,4e-10,2.5e-10,0.0746,29000000000.0,1220000000.0,11.36,-86.16
3.2e-05,1.1e-05,3e-13,3e-10,1e-10,0.0746,32600000000.0,1480000000.0,10.69,-91.77
3.2e-05,1.1e-05,3e-13,3e-10,5e-11,0.0746,32600000000.0,1480000000.0,10.69,-91.36
3.2e-05,1.1e-05,3e-13,3e-10,1.5e-10,0.0746,32600000000.0,1480000000.0,10.69,-91.38
3.2e-05,1.1e-05,3e-13,3e-10,2e-10,0.0746,32600000000.0,1480000000.0,10.69,-91.39
3.2e-05,1.1e-05,3e-13,3e-10,2.5e-10,0.0746,32600000000.0,1480000000.0,10.69,-91.28
3.2e-05,1.1e-05,3e-13,3.5e-10,1e-10,0.0746,30600000000.0,1330000000.0,11.05,-88.02
3.2e-05,1.1e-05,3e-13,3.5e-10,5e-11,0.0746,30600000000.0,1330000000.0,11.05,-88.05
3.2e-05,1.1e-05,3e-13,3.5e-10,1.5e-10,0.0746,30600000000.0,1340000000.0,11.05,-86.07
3.2e-05,1.1e-05,3e-13,3.5e-10,2e-10,0.0746,30600000000.0,1330000000.0,11.05,-88.09
3.2e-05,1.1e-05,3e-13,3.5e-10,2.5e-10,0.0746,30600000000.0,1330000000.0,11.05,-88.23
3.2e-05,1.1e-05,3e-13,4.5e-10,1e-10,0.0746,27700000000.0,1140000000.0,11.63,-84.73
3.2e-05,1.1e-05,3e-13,4.5e-10,5e-11,0.0746,27700000000.0,1140000000.0,11.63,-83.98
3.2e-05,1.1e-05,3e-13,4.5e-10,1.5e-10,0.0746,27700000000.0,1140000000.0,11.63,-84.49
3.2e-05,1.1e-05,3e-13,4.5e-10,2e-10,0.0746,27700000000.0,1140000000.0,11.63,-85.52
3.2e-05,1.1e-05,3e-13,4.5e-10,2.5e-10,0.0746,27700000000.0,1140000000.0,11.63,-84.66
3.2e-05,1.1e-05,3e-13,5e-10,1e-10,0.0746,26700000000.0,1080000000.0,11.87,-84.01
3.2e-05,1.1e-05,3e-13,5e-10,5e-11,0.0746,26700000000.0,1080000000.0,11.87,-83.65
3.2e-05,1.1e-05,3e-13,5e-10,1.5e-10,0.0746,26700000000.0,1080000000.0,11.87,-83.77
3.2e-05,1.1e-05,3e-13,5e-10,2e-10,0.0746,26700000000.0,1080000000.0,11.87,-83.63
3.2e-05,1.1e-05,3e-13,5e-10,2.5e-10,0.0746,26700000000.0,1080000000.0,11.87,-83.59
3.2e-05,1.1e-05,4e-13,4e-10,1e-10,0.0746,29000000000.0,1220000000.0,11.36,-85.99
3.2e-05,1.1e-05,4e-13,4e-10,5e-11,0.0746,29000000000.0,1220000000.0,11.35,-86.1
3.2e-05,1.1e-05,4e-13,4e-10,1.5e-10,0.0746,29000000000.0,1220000000.0,11.36,-86.1
3.2e-05,1.1e-05,4e-13,4e-10,2e-10,0.0746,29000000000.0,1220000000.0,11.35,-86.17
3.2e-05,1.1e-05,4e-13,4e-10,2.5e-10,0.0746,29000000000.0,1220000000.0,11.35,-86.3
3.2e-05,1.1e-05,4e-13,3e-10,1e-10,0.0746,32600000000.0,1480000000.0,10.69,-91.82
3.2e-05,1.1e-05,4e-13,3e-10,5e-11,0.0746,32600000000.0,1480000000.0,10.69,-91.62
3.2e-05,1.1e-05,4e-13,3e-10,1.5e-10,0.0746,32600000000.0,1480000000.0,10.69,-91.81
3.2e-05,1.1e-05,4e-13,3e-10,2e-10,0.0746,32600000000.0,1480000000.0,10.69,-87.68
3.2e-05,1.1e-05,4e-13,3e-10,2.5e-10,0.0746,32600000000.0,1480000000.0,10.69,-91.65
3.2e-05,1.1e-05,4e-13,3.5e-10,1e-10,0.0746,30600000000.0,1330000000.0,11.05,-88.08
3.2e-05,1.1e-05,4e-13,3.5e-10,1.5e-10,0.0746,30600000000.0,1330000000.0,11.05,-88.19
3.2e-05,1.1e-05,4e-13,3.5e-10,2e-10,0.0746,30600000000.0,1330000000.0,11.05,-88.44
3.2e-05,1.1e-05,4e-13,4.5e-10,1e-10,0.0746,27700000000.0,1140000000.0,11.63,-84.93
3.2e-05,1.1e-05,4e-13,4.5e-10,5e-11,0.0746,27700000000.0,1140000000.0,11.63,-84.7
3.2e-05,1.1e-05,4e-13,4.5e-10,1.5e-10,0.0746,27700000000.0,1140000000.0,11.63,-84.74
3.2e-05,1.1e-05,4e-13,4.5e-10,2e-10,0.0746,27700000000.0,1140000000.0,11.63,-85.23
3.2e-05,1.1e-05,4e-13,4.5e-10,2.5e-10,0.0746,27700000000.0,1140000000.0,11.63,-84.43
3.2e-05,1.1e-05,4e-13,5e-10,1e-10,0.0746,26700000000.0,1070000000.0,11.87,-83.47
3.2e-05,1.1e-05,4e-13,5e-10,5e-11,0.0746,26700000000.0,1070000000.0,11.87,-84.01
3.2e-05,1.1e-05,4e-13,5e-10,1.5e-10,0.0746,26700000000.0,1070000000.0,11.87,-84.0
3.2e-05,1.1e-05,4e-13,5e-10,2e-10,0.0746,26700000000.0,1080000000.0,11.87,-83.93
3.2e-05,1.1e-05,4e-13,5e-10,2.5e-10,0.0746,26700000000.0,1080000000.0,11.87,-83.89
3.2e-05,1.1e-05,6e-13,4e-10,1e-10,0.0746,29000000000.0,1220000000.0,11.36,-85.91
3.2e-05,1.1e-05,6e-13,4e-10,5e-11,0.0746,29000000000.0,1220000000.0,11.35,-86.11
3.2e-05,1.1e-05,6e-13,4e-10,1.5e-10,0.0746,29000000000.0,1220000000.0,11.35,-86.38
3.2e-05,1.1e-05,6e-13,4e-10,2e-10,0.0746,29000000000.0,1220000000.0,11.36,-85.74
3.2e-05,1.1e-05,6e-13,4e-10,2.5e-10,0.0746,29000000000.0,1220000000.0,11.35,-86.18
3.2e-05,1.1e-05,6e-13,3e-10,1e-10,0.0746,32600000000.0,1480000000.0,10.69,-91.56
3.2e-05,1.1e-05,6e-13,3e-10,5e-11,0.0746,32600000000.0,1480000000.0,10.69,-91.71
3.2e-05,1.1e-05,6e-13,3e-10,1.5e-10,0.0746,32600000000.0,1480000000.0,10.69,-91.37
3.2e-05,1.1e-05,6e-13,3e-10,2e-10,0.0746,32600000000.0,1480000000.0,10.69,-91.99
3.2e-05,1.1e-05,6e-13,3e-10,2.5e-10,0.0746,32600000000.0,1480000000.0,10.69,-92.01
3.2e-05,1.1e-05,6e-13,3.5e-10,1e-10,0.0746,30600000000.0,1330000000.0,11.05,-88.66
3.2e-05,1.1e-05,6e-13,3.5e-10,1.5e-10,0.0746,30600000000.0,1330000000.0,11.05,-88.26
3.2e-05,1.1e-05,6e-13,3.5e-10,2e-10,0.0746,30500000000.0,1330000000.0,11.05,-88.77
3.2e-05,1.1e-05,6e-13,4.5e-10,1e-10,0.0746,27700000000.0,1140000000.0,11.63,-85.27
3.2e-05,1.1e-05,6e-13,4.5e-10,5e-11,0.0746,27700000000.0,1140000000.0,11.63,-84.83
3.2e-05,1.1e-05,6e-13,4.5e-10,1.5e-10,0.0746,27700000000.0,1140000000.0,11.63,-85.11
3.2e-05,1.1e-05,6e-13,4.5e-10,2e-10,0.0746,27700000000.0,1140000000.0,11.63,-84.29
3.2e-05,1.1e-05,6e-13,4.5e-10,2.5e-10,0.0746,27700000000.0,1140000000.0,11.63,-84.51
3.2e-05,1.1e-05,6e-13,5e-10,1e-10,0.0746,26700000000.0,1080000000.0,11.87,-85.69
3.2e-05,1.1e-05,6e-13,5e-10,1.5e-10,0.0746,26700000000.0,1070000000.0,11.87,-83.98
3.2e-05,1.1e-05,6e-13,5e-10,2e-10,0.0746,26700000000.0,1070000000.0,11.87,-84.04
3.2e-05,1.1e-05,6e-13,5e-10,2.5e-10,0.0746,26700000000.0,1070000000.0,11.87,-83.59
3.2e-05,1.1e-05,7e-13,4e-10,5e-11,0.0746,29000000000.0,1220000000.0,11.35,-85.21
3.2e-05,1.1e-05,7e-13,4e-10,1.5e-10,0.0746,29000000000.0,1220000000.0,11.35,-85.78
3.2e-05,1.1e-05,7e-13,4e-10,2e-10,0.0746,29000000000.0,1220000000.0,11.36,-86.17
3.2e-05,1.1e-05,7e-13,4e-10,2.5e-10,0.0746,29000000000.0,1220000000.0,11.35,-85.87
3.2e-05,1.1e-05,7e-13,3e-10,5e-11,0.0746,32600000000.0,1480000000.0,10.69,-91.31
3.2e-05,1.1e-05,7e-13,3e-10,1.5e-10,0.0746,32600000000.0,1480000000.0,10.69,-91.07
3.2e-05,1.1e-05,7e-13,3e-10,2e-10,0.0746,32600000000.0,1480000000.0,10.69,-91.3
3.2e-05,1.1e-05,7e-13,3e-10,2.5e-10,0.0746,32600000000.0,1470000000.0,10.69,-92.35
3.2e-05,1.1e-05,7e-13,3.5e-10,1e-10,0.0746,30600000000.0,1320000000.0,11.05,-89.19
3.2e-05,1.1e-05,7e-13,3.5e-10,5e-11,0.0746,30500000000.0,1330000000.0,11.05,-88.17
3.2e-05,1.1e-05,7e-13,3.5e-10,1.5e-10,0.0746,30500000000.0,1340000000.0,11.05,-88.48
3.2e-05,1.1e-05,7e-13,3.5e-10,2e-10,0.0746,30500000000.0,1330000000.0,11.05,-88.26
3.2e-05,1.1e-05,7e-13,3.5e-10,2.5e-10,0.0746,30500000000.0,1330000000.0,11.05,-88.48
3.2e-05,1.1e-05,7e-13,4.5e-10,1e-10,0.0746,27700000000.0,1140000000.0,11.63,-84.67
3.2e-05,1.1e-05,7e-13,4.5e-10,5e-11,0.0746,27700000000.0,1140000000.0,11.63,-84.98
3.2e-05,1.1e-05,7e-13,4.5e-10,1.5e-10,0.0746,27700000000.0,1140000000.0,11.63,-84.0
3.2e-05,1.1e-05,7e-13,4.5e-10,2e-10,0.0746,27700000000.0,1140000000.0,11.63,-84.32
3.2e-05,1.1e-05,7e-13,5e-10,1e-10,0.0746,26700000000.0,1070000000.0,11.87,-84.03
3.2e-05,1.1e-05,7e-13,5e-10,1.5e-10,0.0746,26700000000.0,1070000000.0,11.87,-83.78
3.2e-05,1.1e-05,7e-13,5e-10,2e-10,0.0746,26700000000.0,1080000000.0,11.87,-83.97
3.2e-05,1.1e-05,7e-13,5e-10,2.5e-10,0.0746,26700000000.0,1070000000.0,11.87,-83.89
3.2e-05,1.2e-05,5e-13,4e-10,1e-10,0.0746,28800000000.0,1270000000.0,11.37,-85.86
3.2e-05,1.2e-05,5e-13,4e-10,1.5e-10,0.0746,28800000000.0,1260000000.0,11.37,-85.92
3.2e-05,1.2e-05,5e-13,4e-10,2e-10,0.0746,28800000000.0,1260000000.0,11.37,-85.93
3.2e-05,1.2e-05,5e-13,4e-10,2.5e-10,0.0746,28800000000.0,1260000000.0,11.37,-86.02
3.2e-05,1.2e-05,5e-13,3e-10,1e-10,0.0746,32400000000.0,1530000000.0,10.7,-90.97
3.2e-05,1.2e-05,5e-13,3e-10,5e-11,0.0746,32400000000.0,1540000000.0,10.7,-91.26
3.2e-05,1.2e-05,5e-13,3e-10,1.5e-10,0.0746,32400000000.0,1530000000.0,10.7,-91.51
3.2e-05,1.2e-05,5e-13,3e-10,2e-10,0.0746,32400000000.0,1530000000.0,10.7,-91.31
3.2e-05,1.2e-05,5e-13,3e-10,2.5e-10,0.0746,32400000000.0,1540000000.0,10.7,-91.57
3.2e-05,1.2e-05,5e-13,3.5e-10,1e-10,0.0746,30400000000.0,1380000000.0,11.06,-88.14
3.2e-05,1.2e-05,5e-13,3.5e-10,5e-11,0.0746,30400000000.0,1370000000.0,11.06,-87.86
3.2e-05,1.2e-05,5e-13,3.5e-10,1.5e-10,0.0746,30400000000.0,1380000000.0,11.06,-87.97
3.2e-05,1.2e-05,5e-13,3.5e-10,2e-10,0.0746,30400000000.0,1380000000.0,11.06,-88.05
3.2e-05,1.2e-05,5e-13,3.5e-10,2.5e-10,0.0746,30400000000.0,1380000000.0,11.06,-87.94
3.2e-05,1.2e-05,5e-13,4.5e-10,1e-10,0.0746,27600000000.0,1180000000.0,11.65,-84.24
3.2e-05,1.2e-05,5e-13,4.5e-10,5e-11,0.0746,27600000000.0,1180000000.0,11.64,-84.95
3.2e-05,1.2e-05,5e-13,4.5e-10,1.5e-10,0.0746,27600000000.0,1180000000.0,11.65,-84.22
3.2e-05,1.2e-05,5e-13,4.5e-10,2e-10,0.0746,27600000000.0,1180000000.0,11.65,-83.94
3.2e-05,1.2e-05,5e-13,4.5e-10,2.5e-10,0.0746,27600000000.0,1180000000.0,11.65,-84.64
3.2e-05,1.2e-05,5e-13,5e-10,1e-10,0.0746,26500000000.0,1110000000.0,11.89,-83.91
3.2e-05,1.2e-05,5e-13,5e-10,5e-11,0.0746,26500000000.0,1120000000.0,11.89,-83.7
3.2e-05,1.2e-05,5e-13,5e-10,1.5e-10,0.0746,26500000000.0,1110000000.0,11.89,-83.73
3.2e-05,1.2e-05,5e-13,5e-10,2e-10,0.0746,26500000000.0,1110000000.0,11.89,-83.89
3.2e-05,1.2e-05,5e-13,5e-10,2.5e-10,0.0746,26500000000.0,1120000000.0,11.89,-83.87
3.2e-05,1.2e-05,3e-13,4e-10,1e-10,0.0746,28800000000.0,1270000000.0,11.37,-86.06
3.2e-05,1.2e-05,3e-13,4e-10,5e-11,0.0746,28800000000.0,1260000000.0,11.37,-85.85
3.2e-05,1.2e-05,3e-13,4e-10,1.5e-10,0.0746,28800000000.0,1260000000.0,11.37,-86.0
3.2e-05,1.2e-05,3e-13,4e-10,2e-10,0.0746,28800000000.0,1270000000.0,11.37,-86.22
3.2e-05,1.2e-05,3e-13,4e-10,2.5e-10,0.0746,28800000000.0,1260000000.0,11.37,-85.81
3.2e-05,1.2e-05,3e-13,3e-10,1e-10,0.0746,32400000000.0,1530000000.0,10.7,-91.49
3.2e-05,1.2e-05,3e-13,3e-10,5e-11,0.0746,32400000000.0,1540000000.0,10.7,-91.61
3.2e-05,1.2e-05,3e-13,3e-10,1.5e-10,0.0746,32400000000.0,1530000000.0,10.7,-91.54
3.2e-05,1.2e-05,3e-13,3e-10,2e-10,0.0746,32400000000.0,1530000000.0,10.7,-91.3
3.2e-05,1.2e-05,3e-13,3e-10,2.5e-10,0.0746,32400000000.0,1530000000.0,10.7,-91.78
3.2e-05,1.2e-05,3e-13,3.5e-10,1e-10,0.0746,30400000000.0,1380000000.0,11.06,-88.1
3.2e-05,1.2e-05,3e-13,3.5e-10,5e-11,0.0746,30400000000.0,1370000000.0,11.06,-88.37
3.2e-05,1.2e-05,3e-13,3.5e-10,1.5e-10,0.0746,30400000000.0,1380000000.0,11.06,-84.76
3.2e-05,1.2e-05,3e-13,3.5e-10,2e-10,0.0746,30400000000.0,1380000000.0,11.06,-88.0
3.2e-05,1.2e-05,3e-13,3.5e-10,2.5e-10,0.0746,30400000000.0,1370000000.0,11.06,-87.9
3.2e-05,1.2e-05,3e-13,4.5e-10,1e-10,0.0746,27600000000.0,1180000000.0,11.65,-84.63
3.2e-05,1.2e-05,3e-13,4.5e-10,1.5e-10,0.0746,27600000000.0,1180000000.0,11.65,-84.57
3.2e-05,1.2e-05,3e-13,4.5e-10,2e-10,0.0746,27600000000.0,1180000000.0,11.65,-75.63
3.2e-05,1.2e-05,3e-13,4.5e-10,2.5e-10,0.0746,27600000000.0,1180000000.0,11.65,-84.68
3.2e-05,1.2e-05,3e-13,5e-10,1e-10,0.0746,26600000000.0,1120000000.0,11.89,-83.55
3.2e-05,1.2e-05,3e-13,5e-10,5e-11,0.0746,26600000000.0,1110000000.0,11.89,-83.83
3.2e-05,1.2e-05,3e-13,5e-10,1.5e-10,0.0746,26600000000.0,1120000000.0,11.89,-83.73
3.2e-05,1.2e-05,3e-13,5e-10,2e-10,0.0746,26600000000.0,1120000000.0,11.89,-83.96
3.2e-05,1.2e-05,3e-13,5e-10,2.5e-10,0.0746,26600000000.0,1120000000.0,11.89,-83.68
3.2e-05,1.2e-05,4e-13,4e-10,1e-10,0.0746,28800000000.0,1260000000.0,11.37,-86.34
3.2e-05,1.2e-05,4e-13,4e-10,1.5e-10,0.0746,28800000000.0,1270000000.0,11.37,-86.01
3.2e-05,1.2e-05,4e-13,4e-10,2e-10,0.0746,28800000000.0,1260000000.0,11.37,-70.58
3.2e-05,1.2e-05,4e-13,4e-10,2.5e-10,0.0746,28800000000.0,1260000000.0,11.37,-85.82
3.2e-05,1.2e-05,4e-13,3e-10,1e-10,0.0746,32400000000.0,1530000000.0,10.7,-91.19
3.2e-05,1.2e-05,4e-13,3e-10,5e-11,0.0746,32400000000.0,1540000000.0,10.7,-91.52
3.2e-05,1.2e-05,4e-13,3e-10,1.5e-10,0.0746,32400000000.0,1530000000.0,10.7,-91.12
3.2e-05,1.2e-05,4e-13,3e-10,2e-10,0.0746,32400000000.0,1540000000.0,10.7,-91.72
3.2e-05,1.2e-05,4e-13,3e-10,2.5e-10,0.0746,32400000000.0,1530000000.0,10.7,-86.9
3.2e-05,1.2e-05,4e-13,3.5e-10,1e-10,0.0746,30400000000.0,1380000000.0,11.06,-87.33
3.2e-05,1.2e-05,4e-13,3.5e-10,5e-11,0.0746,30400000000.0,1380000000.0,11.06,-87.72
3.2e-05,1.2e-05,4e-13,3.5e-10,2e-10,0.0746,30400000000.0,1380000000.0,11.06,-87.83
3.2e-05,1.2e-05,4e-13,3.5e-10,2.5e-10,0.0746,30400000000.0,1380000000.0,11.06,-88.33
3.2e-05,1.2e-05,4e-13,4.5e-10,1e-10,0.0746,27600000000.0,1180000000.0,11.64,-84.71
3.2e-05,1.2e-05,4e-13,4.5e-10,1.5e-10,0.0746,27600000000.0,1180000000.0,11.65,-84.87
3.2e-05,1.2e-05,4e-13,4.5e-10,2e-10,0.0746,27600000000.0,1180000000.0,11.65,-84.49
3.2e-05,1.2e-05,4e-13,4.5e-10,2.5e-10,0.0746,27600000000.0,1180000000.0,11.65,-84.92
3.2e-05,1.2e-05,4e-13,5e-10,1e-10,0.0746,26500000000.0,1110000000.0,11.89,-83.97
3.2e-05,1.2e-05,4e-13,5e-10,1.5e-10,0.0746,26500000000.0,1110000000.0,11.89,-83.92
3.2e-05,1.2e-05,4e-13,5e-10,2e-10,0.0746,26500000000.0,1110000000.0,11.89,-84.62
3.2e-05,1.2e-05,4e-13,5e-10,2.5e-10,0.0746,26500000000.0,1110000000.0,11.89,-85.27
3.2e-05,1.2e-05,6e-13,4e-10,1e-10,0.0746,28800000000.0,1260000000.0,11.37,-85.69
3.2e-05,1.2e-05,6e-13,4e-10,5e-11,0.0746,28800000000.0,1260000000.0,11.37,-85.96
3.2e-05,1.2e-05,6e-13,4e-10,1.5e-10,0.0746,28800000000.0,1270000000.0,11.37,-86.53
3.2e-05,1.2e-05,6e-13,4e-10,2e-10,0.0746,28800000000.0,1260000000.0,11.37,-74.0
3.2e-05,1.2e-05,6e-13,4e-10,2.5e-10,0.0746,28800000000.0,1270000000.0,11.37,-86.21
3.2e-05,1.2e-05,6e-13,3e-10,1e-10,0.0746,32400000000.0,1530000000.0,10.7,-91.18
3.2e-05,1.2e-05,6e-13,3e-10,5e-11,0.0746,32400000000.0,1530000000.0,10.7,-91.37
3.2e-05,1.2e-05,6e-13,3e-10,1.5e-10,0.0746,32400000000.0,1530000000.0,10.7,-91.47
3.2e-05,1.2e-05,6e-13,3e-10,2e-10,0.0746,32400000000.0,1530000000.0,10.7,-91.58
3.2e-05,1.2e-05,6e-13,3e-10,2.5e-10,0.0746,32400000000.0,1530000000.0,10.7,-91.35
3.2e-05,1.2e-05,6e-13,3.5e-10,1e-10,0.0746,30400000000.0,1370000000.0,11.06,-87.72
3.2e-05,1.2e-05,6e-13,3.5e-10,5e-11,0.0746,30400000000.0,1370000000.0,11.06,-88.87
3.2e-05,1.2e-05,6e-13,3.5e-10,1.5e-10,0.0746,30400000000.0,1380000000.0,11.06,-87.48
3.2e-05,1.2e-05,6e-13,3.5e-10,2e-10,0.0746,30400000000.0,1380000000.0,11.06,-88.04
3.2e-05,1.2e-05,6e-13,3.5e-10,2.5e-10,0.0746,30400000000.0,1380000000.0,11.06,-87.95
3.2e-05,1.2e-05,6e-13,4.5e-10,5e-11,0.0746,27600000000.0,1180000000.0,11.65,-84.67
3.2e-05,1.2e-05,6e-13,4.5e-10,2e-10,0.0746,27600000000.0,1180000000.0,11.65,-84.7
3.2e-05,1.2e-05,6e-13,4.5e-10,2.5e-10,0.0746,27600000000.0,1180000000.0,11.65,-84.76
3.2e-05,1.2e-05,6e-13,5e-10,1e-10,0.0746,26500000000.0,1110000000.0,11.89,-83.52
3.2e-05,1.2e-05,6e-13,5e-10,5e-11,0.0746,26500000000.0,1120000000.0,11.89,-83.71
3.2e-05,1.2e-05,6e-13,5e-10,1.5e-10,0.0746,26500000000.0,1110000000.0,11.89,-83.98
3.2e-05,1.2e-05,6e-13,5e-10,2e-10,0.0746,26500000000.0,1110000000.0,11.89,-84.17
3.2e-05,1.2e-05,6e-13,5e-10,2.5e-10,0.0746,26500000000.0,1110000000.0,11.89,-83.67
3.2e-05,1.2e-05,7e-13,4e-10,1e-10,0.0746,28800000000.0,1270000000.0,11.37,-86.39
3.2e-05,1.2e-05,7e-13,4e-10,1.5e-10,0.0746,28800000000.0,1260000000.0,11.37,-85.87
3.2e-05,1.2e-05,7e-13,3e-10,1e-10,0.0746,32400000000.0,1530000000.0,10.7,-91.41
3.2e-05,1.2e-05,7e-13,3e-10,1.5e-10,0.0746,32400000000.0,1530000000.0,10.7,-91.34
3.2e-05,1.2e-05,7e-13,3e-10,2e-10,0.0746,32400000000.0,1540000000.0,10.7,-90.7
3.2e-05,1.2e-05,7e-13,3.5e-10,1e-10,0.0746,30400000000.0,1370000000.0,11.06,-87.52
3.2e-05,1.2e-05,7e-13,3.5e-10,5e-11,0.0746,30400000000.0,1380000000.0,11.06,-88.07
3.2e-05,1.2e-05,7e-13,3.5e-10,1.5e-10,0.0746,30400000000.0,1380000000.0,11.06,-87.36
3.2e-05,1.2e-05,7e-13,3.5e-10,2e-10,0.0746,30400000000.0,1380000000.0,11.06,-87.98
3.2e-05,1.2e-05,7e-13,3.5e-10,2.5e-10,0.0746,30400000000.0,1380000000.0,11.06,-87.43
3.2e-05,1.2e-05,7e-13,4.5e-10,1e-10,0.0746,27600000000.0,1180000000.0,11.65,-84.43
3.2e-05,1.2e-05,7e-13,4.5e-10,2.5e-10,0.0746,27600000000.0,1180000000.0,11.64,-84.94
3.2e-05,1.2e-05,7e-13,5e-10,5e-11,0.0746,26500000000.0,1110000000.0,11.89,-83.72
3.2e-05,1.2e-05,7e-13,5e-10,1.5e-10,0.0746,26500000000.0,1110000000.0,11.89,-83.69
3.2e-05,1.2e-05,7e-13,5e-10,2e-10,0.0746,26500000000.0,1110000000.0,11.89,-84.11
3.2e-05,1.2e-05,7e-13,5e-10,2.5e-10,0.0746,26500000000.0,1110000000.0,11.89,-83.6
3.2e-05,1.3e-05,5e-13,4e-10,1e-10,0.0746,28700000000.0,1300000000.0,11.38,-85.87
3.2e-05,1.3e-05,5e-13,4e-10,5e-11,0.0746,28700000000.0,1300000000.0,11.38,-85.21
3.2e-05,1.3e-05,5e-13,4e-10,1.5e-10,0.0746,28700000000.0,1300000000.0,11.38,-85.86
3.2e-05,1.3e-05,5e-13,4e-10,2e-10,0.0746,28700000000.0,1300000000.0,11.38,-86.1
3.2e-05,1.3e-05,5e-13,4e-10,2.5e-10,0.0746,28700000000.0,1300000000.0,11.38,-85.8
3.2e-05,1.3e-05,5e-13,3e-10,1e-10,0.0746,32200000000.0,1570000000.0,10.71,-90.76
3.2e-05,1.3e-05,5e-13,3e-10,5e-11,0.0746,32200000000.0,1570000000.0,10.7,-90.82
3.2e-05,1.3e-05,5e-13,3e-10,1.5e-10,0.0746,32200000000.0,1580000000.0,10.71,-91.0
3.2e-05,1.3e-05,5e-13,3e-10,2e-10,0.0746,32200000000.0,1570000000.0,10.7,-90.77
3.2e-05,1.3e-05,5e-13,3e-10,2.5e-10,0.0746,32200000000.0,1580000000.0,10.71,-90.77
3.2e-05,1.3e-05,5e-13,3.5e-10,1e-10,0.0746,30200000000.0,1420000000.0,11.07,-87.53
3.2e-05,1.3e-05,5e-13,3.5e-10,5e-11,0.0746,30200000000.0,1420000000.0,11.07,-88.07
3.2e-05,1.3e-05,5e-13,3.5e-10,1.5e-10,0.0746,30200000000.0,1410000000.0,11.07,-88.05
3.2e-05,1.3e-05,5e-13,3.5e-10,2e-10,0.0746,30200000000.0,1420000000.0,11.07,-87.77
3.2e-05,1.3e-05,5e-13,3.5e-10,2.5e-10,0.0746,30200000000.0,1420000000.0,11.07,-87.83
3.2e-05,1.3e-05,5e-13,4.5e-10,1e-10,0.0746,27400000000.0,1210000000.0,11.66,-84.25
3.2e-05,1.3e-05,5e-13,4.5e-10,5e-11,0.0746,27400000000.0,1210000000.0,11.66,-84.57
3.2e-05,1.3e-05,5e-13,4.5e-10,1.5e-10,0.0746,27400000000.0,1210000000.0,11.66,-84.54
3.2e-05,1.3e-05,5e-13,4.5e-10,2e-10,0.0746,27400000000.0,1210000000.0,11.66,-84.67
3.2e-05,1.3e-05,5e-13,4.5e-10,2.5e-10,0.0746,27400000000.0,1210000000.0,11.66,-84.63
3.2e-05,1.3e-05,5e-13,5e-10,1e-10,0.0746,26400000000.0,1150000000.0,11.9,-83.91
3.2e-05,1.3e-05,5e-13,5e-10,5e-11,0.0746,26400000000.0,1140000000.0,11.9,-83.84
3.2e-05,1.3e-05,5e-13,5e-10,1.5e-10,0.0746,26400000000.0,1140000000.0,11.9,-83.71
3.2e-05,1.3e-05,5e-13,5e-10,2.5e-10,0.0746,26400000000.0,1150000000.0,11.9,-83.88
3.2e-05,1.3e-05,3e-13,4e-10,5e-11,0.0746,28700000000.0,1300000000.0,11.38,-85.59
3.2e-05,1.3e-05,3e-13,4e-10,1.5e-10,0.0746,28700000000.0,1300000000.0,11.38,-85.83
3.2e-05,1.3e-05,3e-13,4e-10,2.5e-10,0.0746,28700000000.0,1300000000.0,11.38,-85.1
3.2e-05,1.3e-05,3e-13,3e-10,1e-10,0.0746,32200000000.0,1580000000.0,10.71,-91.26
3.2e-05,1.3e-05,3e-13,3e-10,5e-11,0.0746,32200000000.0,1580000000.0,10.71,-91.28
3.2e-05,1.3e-05,3e-13,3e-10,1.5e-10,0.0746,32200000000.0,1570000000.0,10.71,-90.94
3.2e-05,1.3e-05,3e-13,3e-10,2e-10,0.0746,32200000000.0,1580000000.0,10.71,-91.22
3.2e-05,1.3e-05,3e-13,3e-10,2.5e-10,0.0746,32200000000.0,1580000000.0,10.71,-91.52
3.2e-05,1.3e-05,3e-13,3.5e-10,5e-11,0.0746,30200000000.0,1420000000.0,11.07,-87.86
3.2e-05,1.3e-05,3e-13,3.5e-10,1.5e-10,0.0746,30200000000.0,1420000000.0,11.07,-87.68
3.2e-05,1.3e-05,3e-13,3.5e-10,2e-10,0.0746,30200000000.0,1420000000.0,11.07,-87.9
3.2e-05,1.3e-05,3e-13,3.5e-10,2.5e-10,0.0746,30200000000.0,1410000000.0,11.07,-88.21
3.2e-05,1.3e-05,3e-13,4.5e-10,1e-10,0.0746,27400000000.0,1210000000.0,11.66,-84.55
3.2e-05,1.3e-05,3e-13,4.5e-10,5e-11,0.0746,27400000000.0,1210000000.0,11.66,-84.79
3.2e-05,1.3e-05,3e-13,4.5e-10,1.5e-10,0.0746,27400000000.0,1210000000.0,11.66,-84.58
3.2e-05,1.3e-05,3e-13,4.5e-10,2e-10,0.0746,27400000000.0,1210000000.0,11.66,-85.03
3.2e-05,1.3e-05,3e-13,4.5e-10,2.5e-10,0.0746,27400000000.0,1210000000.0,11.66,-84.19
3.2e-05,1.3e-05,3e-13,5e-10,1e-10,0.0746,26400000000.0,1140000000.0,11.9,-83.85
3.2e-05,1.3e-05,3e-13,5e-10,5e-11,0.0746,26400000000.0,1140000000.0,11.9,-83.57
3.2e-05,1.3e-05,3e-13,5e-10,1.5e-10,0.0746,26400000000.0,1140000000.0,11.9,-84.23
3.2e-05,1.3e-05,3e-13,5e-10,2e-10,0.0746,26400000000.0,1140000000.0,11.9,-83.9
3.2e-05,1.3e-05,3e-13,5e-10,2.5e-10,0.0746,26400000000.0,1150000000.0,11.9,-83.93
3.2e-05,1.3e-05,4e-13,4e-10,1e-10,0.0746,28700000000.0,1300000000.0,11.38,-85.91
3.2e-05,1.3e-05,4e-13,4e-10,5e-11,0.0746,28700000000.0,1300000000.0,11.38,-85.85
3.2e-05,1.3e-05,4e-13,4e-10,1.5e-10,0.0746,28700000000.0,1300000000.0,11.38,-85.51
3.2e-05,1.3e-05,4e-13,4e-10,2e-10,0.0746,28700000000.0,1300000000.0,11.38,-86.3
3.2e-05,1.3e-05,4e-13,4e-10,2.5e-10,0.0746,28700000000.0,1300000000.0,11.38,-85.99
3.2e-05,1.3e-05,4e-13,3e-10,1e-10,0.0746,32200000000.0,1580000000.0,10.71,-91.08
3.2e-05,1.3e-05,4e-13,3e-10,5e-11,0.0746,32200000000.0,1570000000.0,10.71,-91.25
3.2e-05,1.3e-05,4e-13,3e-10,1.5e-10,0.0746,32200000000.0,1580000000.0,10.71,-91.53
3.2e-05,1.3e-05,4e-13,3e-10,2e-10,0.0746,32200000000.0,1570000000.0,10.7,-90.95
3.2e-05,1.3e-05,4e-13,3e-10,2.5e-10,0.0746,32200000000.0,1580000000.0,10.7,-90.93
3.2e-05,1.3e-05,4e-13,3.5e-10,1e-10,0.0746,30200000000.0,1410000000.0,11.07,-87.6
3.2e-05,1.3e-05,4e-13,3.5e-10,1.5e-10,0.0746,30200000000.0,1420000000.0,11.07,-88.02
3.2e-05,1.3e-05,4e-13,3.5e-10,2e-10,0.0746,30200000000.0,1420000000.0,11.07,-88.1
3.2e-05,1.3e-05,4e-13,3.5e-10,2.5e-10,0.0746,30200000000.0,1420000000.0,11.07,-87.81
3.2e-05,1.3e-05,4e-13,4.5e-10,1e-10,0.0746,27400000000.0,1210000000.0,11.66,-84.75
3.2e-05,1.3e-05,4e-13,4.5e-10,5e-11,0.0746,27400000000.0,1210000000.0,11.66,-84.03
3.2e-05,1.3e-05,4e-13,4.5e-10,1.5e-10,0.0746,27400000000.0,1210000000.0,11.66,-84.72
3.2e-05,1.3e-05,4e-13,4.5e-10,2e-10,0.0746,27400000000.0,1210000000.0,11.66,-84.21
3.2e-05,1.3e-05,4e-13,4.5e-10,2.5e-10,0.0746,27400000000.0,1210000000.0,11.66,-84.68
3.2e-05,1.3e-05,4e-13,5e-10,1e-10,0.0746,26400000000.0,1140000000.0,11.9,-83.81
3.2e-05,1.3e-05,4e-13,5e-10,5e-11,0.0746,26400000000.0,1150000000.0,11.9,-83.77
3.2e-05,1.3e-05,4e-13,5e-10,1.5e-10,0.0746,26400000000.0,1140000000.0,11.9,-83.75
3.2e-05,1.3e-05,4e-13,5e-10,2e-10,0.0746,26400000000.0,1140000000.0,11.9,-83.72
3.2e-05,1.3e-05,4e-13,5e-10,2.5e-10,0.0746,26400000000.0,1140000000.0,11.9,-83.62
3.2e-05,1.3e-05,6e-13,4e-10,1e-10,0.0746,28700000000.0,1300000000.0,11.38,-86.47
3.2e-05,1.3e-05,6e-13,4e-10,5e-11,0.0746,28700000000.0,1300000000.0,11.38,-85.92
3.2e-05,1.3e-05,6e-13,4e-10,1.5e-10,0.0746,28700000000.0,1300000000.0,11.38,-85.88
3.2e-05,1.3e-05,6e-13,4e-10,2e-10,0.0746,28700000000.0,1300000000.0,11.38,-86.11
3.2e-05,1.3e-05,6e-13,4e-10,2.5e-10,0.0746,28700000000.0,1300000000.0,11.38,-84.19
3.2e-05,1.3e-05,6e-13,3e-10,1e-10,0.0746,32200000000.0,1570000000.0,10.71,-91.01
3.2e-05,1.3e-05,6e-13,3e-10,5e-11,0.0746,32200000000.0,1580000000.0,10.71,-91.03
3.2e-05,1.3e-05,6e-13,3e-10,1.5e-10,0.0746,32200000000.0,1570000000.0,10.71,-90.97
3.2e-05,1.3e-05,6e-13,3e-10,2e-10,0.0746,32200000000.0,1570000000.0,10.71,-91.22
3.2e-05,1.3e-05,6e-13,3e-10,2.5e-10,0.0746,32200000000.0,1570000000.0,10.7,-91.18
3.2e-05,1.3e-05,6e-13,3.5e-10,1e-10,0.0746,30200000000.0,1420000000.0,11.07,-87.54
3.2e-05,1.3e-05,6e-13,3.5e-10,1.5e-10,0.0746,30200000000.0,1410000000.0,11.07,-87.78
3.2e-05,1.3e-05,6e-13,3.5e-10,2e-10,0.0746,30200000000.0,1410000000.0,11.07,-87.73
3.2e-05,1.3e-05,6e-13,3.5e-10,2.5e-10,0.0746,30200000000.0,1420000000.0,11.07,-87.78
3.2e-05,1.3e-05,6e-13,4.5e-10,5e-11,0.0746,27400000000.0,1210000000.0,11.66,-84.74
3.2e-05,1.3e-05,6e-13,4.5e-10,1.5e-10,0.0746,27400000000.0,1210000000.0,11.66,-84.66
3.2e-05,1.3e-05,6e-13,4.5e-10,2e-10,0.0746,27400000000.0,1210000000.0,11.66,-84.84
3.2e-05,1.3e-05,6e-13,4.5e-10,2.5e-10,0.0746,27400000000.0,1210000000.0,11.66,-86.37
3.2e-05,1.3e-05,6e-13,5e-10,1e-10,0.0746,26400000000.0,1140000000.0,11.9,-83.93
3.2e-05,1.3e-05,6e-13,5e-10,1.5e-10,0.0746,26400000000.0,1140000000.0,11.9,-83.87
3.2e-05,1.3e-05,6e-13,5e-10,2.5e-10,0.0746,26400000000.0,1140000000.0,11.9,-83.43
3.2e-05,1.3e-05,7e-13,4e-10,1e-10,0.0746,28700000000.0,1300000000.0,11.38,-85.96
3.2e-05,1.3e-05,7e-13,4e-10,5e-11,0.0746,28700000000.0,1300000000.0,11.38,-87.41
3.2e-05,1.3e-05,7e-13,4e-10,1.5e-10,0.0746,28700000000.0,1300000000.0,11.38,-86.0
3.2e-05,1.3e-05,7e-13,4e-10,2e-10,0.0746,28700000000.0,1300000000.0,11.38,-86.6
3.2e-05,1.3e-05,7e-13,4e-10,2.5e-10,0.0746,28700000000.0,1300000000.0,11.38,-86.65
3.2e-05,1.3e-05,7e-13,3e-10,1e-10,0.0746,32200000000.0,1580000000.0,10.7,-90.92
3.2e-05,1.3e-05,7e-13,3e-10,5e-11,0.0746,32200000000.0,1570000000.0,10.71,-90.54
3.2e-05,1.3e-05,7e-13,3e-10,1.5e-10,0.0746,32200000000.0,1580000000.0,10.71,-91.6
3.2e-05,1.3e-05,7e-13,3e-10,2e-10,0.0746,32200000000.0,1570000000.0,10.7,-91.49
3.2e-05,1.3e-05,7e-13,3e-10,2.5e-10,0.0746,32200000000.0,1580000000.0,10.71,-91.71
3.2e-05,1.3e-05,7e-13,3.5e-10,1e-10,0.0746,30200000000.0,1410000000.0,11.07,-87.66
3.2e-05,1.3e-05,7e-13,3.5e-10,1.5e-10,0.0746,30200000000.0,1420000000.0,11.07,-87.59
3.2e-05,1.3e-05,7e-13,3.5e-10,2e-10,0.0746,30200000000.0,1420000000.0,11.07,-87.64
3.2e-05,1.3e-05,7e-13,3.5e-10,2.5e-10,0.0746,30200000000.0,1420000000.0,11.07,-88.91
3.2e-05,1.3e-05,7e-13,4.5e-10,5e-11,0.0746,27400000000.0,1210000000.0,11.66,-84.73
3.2e-05,1.3e-05,7e-13,4.5e-10,1.5e-10,0.0746,27400000000.0,1210000000.0,11.66,-80.66
3.2e-05,1.3e-05,7e-13,4.5e-10,2e-10,0.0746,27400000000.0,1210000000.0,11.66,-84.64
3.2e-05,1.3e-05,7e-13,4.5e-10,2.5e-10,0.0746,27400000000.0,1210000000.0,11.66,-84.56
3.2e-05,1.3e-05,7e-13,5e-10,1e-10,0.0746,26400000000.0,1150000000.0,11.9,-83.96
3.2e-05,1.3e-05,7e-13,5e-10,1.5e-10,0.0746,26400000000.0,1150000000.0,11.9,-83.97
3.2e-05,1.3e-05,7e-13,5e-10,2e-10,0.0746,26400000000.0,1140000000.0,11.9,-83.96
3.2e-05,1.4e-05,5e-13,4e-10,1e-10,0.0746,28500000000.0,1320000000.0,11.39,-85.67
3.2e-05,1.4e-05,5e-13,4e-10,5e-11,0.0746,28500000000.0,1330000000.0,11.39,-85.81
3.2e-05,1.4e-05,5e-13,4e-10,2e-10,0.0746,28500000000.0,1330000000.0,11.39,-85.46
3.2e-05,1.4e-05,5e-13,4e-10,2.5e-10,0.0746,28500000000.0,1330000000.0,11.39,-85.93
3.2e-05,1.4e-05,5e-13,3e-10,1e-10,0.0746,32000000000.0,1600000000.0,10.71,-90.73
3.2e-05,1.4e-05,5e-13,3e-10,5e-11,0.0746,32000000000.0,1610000000.0,10.71,-90.35
3.2e-05,1.4e-05,5e-13,3e-10,1.5e-10,0.0746,32000000000.0,1610000000.0,10.71,-91.23
3.2e-05,1.4e-05,5e-13,3e-10,2e-10,0.0746,32000000000.0,1610000000.0,10.71,-91.03
3.2e-05,1.4e-05,5e-13,3e-10,2.5e-10,0.0746,32000000000.0,1600000000.0,10.71,-91.93
3.2e-05,1.4e-05,5e-13,3.5e-10,1e-10,0.0746,30100000000.0,1450000000.0,11.08,-84.24
3.2e-05,1.4e-05,5e-13,3.5e-10,5e-11,0.0746,30100000000.0,1440000000.0,11.08,-84.53
3.2e-05,1.4e-05,5e-13,3.5e-10,1.5e-10,0.0746,30100000000.0,1440000000.0,11.07,-87.22
3.2e-05,1.4e-05,5e-13,3.5e-10,2e-10,0.0746,30100000000.0,1450000000.0,11.07,-87.52
3.2e-05,1.4e-05,5e-13,3.5e-10,2.5e-10,0.0746,30100000000.0,1440000000.0,11.08,-86.61
3.2e-05,1.4e-05,5e-13,4.5e-10,1e-10,0.0746,27300000000.0,1240000000.0,11.67,-84.45
3.2e-05,1.4e-05,5e-13,4.5e-10,5e-11,0.0746,27300000000.0,1230000000.0,11.67,-84.53
3.2e-05,1.4e-05,5e-13,4.5e-10,1.5e-10,0.0746,27300000000.0,1230000000.0,11.67,-84.32
3.2e-05,1.4e-05,5e-13,4.5e-10,2e-10,0.0746,27300000000.0,1240000000.0,11.67,-83.06
3.2e-05,1.4e-05,5e-13,4.5e-10,2.5e-10,0.0746,27300000000.0,1230000000.0,11.67,-84.07
3.2e-05,1.4e-05,5e-13,5e-10,1e-10,0.0746,26300000000.0,1170000000.0,11.91,-83.52
3.2e-05,1.4e-05,5e-13,5e-10,5e-11,0.0746,26300000000.0,1160000000.0,11.91,-83.6
3.2e-05,1.4e-05,5e-13,5e-10,1.5e-10,0.0746,26300000000.0,1170000000.0,11.91,-83.61
3.2e-05,1.4e-05,5e-13,5e-10,2e-10,0.0746,26300000000.0,1160000000.0,11.91,-83.83
3.2e-05,1.4e-05,5e-13,5e-10,2.5e-10,0.0746,26300000000.0,1160000000.0,11.91,-83.63
3.2e-05,1.4e-05,3e-13,4e-10,1e-10,0.0746,28500000000.0,1320000000.0,11.39,-85.55
3.2e-05,1.4e-05,3e-13,4e-10,5e-11,0.0746,28500000000.0,1320000000.0,11.39,-83.03
3.2e-05,1.4e-05,3e-13,4e-10,1.5e-10,0.0746,28500000000.0,1330000000.0,11.39,-85.86
3.2e-05,1.4e-05,3e-13,4e-10,2e-10,0.0746,28500000000.0,1330000000.0,11.39,-86.1
3.2e-05,1.4e-05,3e-13,4e-10,2.5e-10,0.0746,28500000000.0,1320000000.0,11.39,-85.93
3.2e-05,1.4e-05,3e-13,3e-10,1e-10,0.0746,32000000000.0,1610000000.0,10.71,-91.01
3.2e-05,1.4e-05,3e-13,3e-10,5e-11,0.0746,32000000000.0,1600000000.0,10.71,-90.52
3.2e-05,1.4e-05,3e-13,3e-10,1.5e-10,0.0746,32000000000.0,1610000000.0,10.71,-91.21
3.2e-05,1.4e-05,3e-13,3e-10,2e-10,0.0746,32000000000.0,1610000000.0,10.71,-90.97
3.2e-05,1.4e-05,3e-13,3e-10,2.5e-10,0.0746,32000000000.0,1610000000.0,10.71,-90.6
3.2e-05,1.4e-05,3e-13,3.5e-10,1e-10,0.0746,30100000000.0,1440000000.0,11.07,-87.55
3.2e-05,1.4e-05,3e-13,3.5e-10,5e-11,0.0746,30100000000.0,1440000000.0,11.08,-87.52
3.2e-05,1.4e-05,3e-13,3.5e-10,1.5e-10,0.0746,30100000000.0,1450000000.0,11.08,-87.61
3.2e-05,1.4e-05,3e-13,3.5e-10,2e-10,0.0746,30100000000.0,1440000000.0,11.08,-87.56
3.2e-05,1.4e-05,3e-13,3.5e-10,2.5e-10,0.0746,30100000000.0,1440000000.0,11.08,-87.66
3.2e-05,1.4e-05,3e-13,4.5e-10,1e-10,0.0746,27300000000.0,1240000000.0,11.67,-84.49
3.2e-05,1.4e-05,3e-13,4.5e-10,5e-11,0.0746,27300000000.0,1240000000.0,11.67,-84.71
3.2e-05,1.4e-05,3e-13,4.5e-10,1.5e-10,0.0746,27300000000.0,1240000000.0,11.67,-84.28
3.2e-05,1.4e-05,3e-13,4.5e-10,2e-10,0.0746,27300000000.0,1240000000.0,11.67,-84.04
3.2e-05,1.4e-05,3e-13,4.5e-10,2.5e-10,0.0746,27300000000.0,1240000000.0,11.67,-84.41
3.2e-05,1.4e-05,3e-13,5e-10,1e-10,0.0746,26300000000.0,1160000000.0,11.91,-83.86
3.2e-05,1.4e-05,3e-13,5e-10,5e-11,0.0746,26300000000.0,1170000000.0,11.91,-83.58
3.2e-05,1.4e-05,3e-13,5e-10,1.5e-10,0.0746,26300000000.0,1170000000.0,11.91,-83.8
3.2e-05,1.4e-05,3e-13,5e-10,2e-10,0.0746,26300000000.0,1170000000.0,11.91,-84.48
3.2e-05,1.4e-05,3e-13,5e-10,2.5e-10,0.0746,26300000000.0,1170000000.0,11.91,-83.59
3.2e-05,1.4e-05,4e-13,4e-10,5e-11,0.0746,28500000000.0,1330000000.0,11.39,-85.9
3.2e-05,1.4e-05,4e-13,4e-10,1.5e-10,0.0746,28500000000.0,1330000000.0,11.39,-86.96
3.2e-05,1.4e-05,4e-13,4e-10,2e-10,0.0746,28500000000.0,1330000000.0,11.39,-85.63
3.2e-05,1.4e-05,4e-13,4e-10,2.5e-10,0.0746,28500000000.0,1330000000.0,11.39,-85.92
3.2e-05,1.4e-05,4e-13,3e-10,1e-10,0.0746,32000000000.0,1610000000.0,10.71,-90.66
3.2e-05,1.4e-05,4e-13,3e-10,5e-11,0.0746,32000000000.0,1610000000.0,10.71,-91.24
3.2e-05,1.4e-05,4e-13,3e-10,2e-10,0.0746,32000000000.0,1610000000.0,10.71,-91.05
3.2e-05,1.4e-05,4e-13,3e-10,2.5e-10,0.0746,32000000000.0,1610000000.0,10.71,-90.43
3.2e-05,1.4e-05,4e-13,3.5e-10,1e-10,0.0746,30100000000.0,1450000000.0,11.07,-88.1
3.2e-05,1.4e-05,4e-13,3.5e-10,5e-11,0.0746,30100000000.0,1450000000.0,11.07,-87.23
3.2e-05,1.4e-05,4e-13,3.5e-10,1.5e-10,0.0746,30100000000.0,1450000000.0,11.07,-87.43
3.2e-05,1.4e-05,4e-13,3.5e-10,2e-10,0.0746,30100000000.0,1450000000.0,11.08,-87.96
3.2e-05,1.4e-05,4e-13,3.5e-10,2.5e-10,0.0746,30100000000.0,1440000000.0,11.07,-87.75
3.2e-05,1.4e-05,4e-13,4.5e-10,1e-10,0.0746,27300000000.0,1230000000.0,11.67,-84.63
3.2e-05,1.4e-05,4e-13,4.5e-10,5e-11,0.0746,27300000000.0,1240000000.0,11.67,-84.46
3.2e-05,1.4e-05,4e-13,4.5e-10,1.5e-10,0.0746,27300000000.0,1240000000.0,11.67,-84.59
3.2e-05,1.4e-05,4e-13,4.5e-10,2e-10,0.0746,27300000000.0,1240000000.0,11.67,-83.97
3.2e-05,1.4e-05,4e-13,4.5e-10,2.5e-10,0.0746,27300000000.0,1240000000.0,11.67,-84.6
3.2e-05,1.4e-05,4e-13,5e-10,1e-10,0.0746,26300000000.0,1170000000.0,11.91,-83.78
3.2e-05,1.4e-05,4e-13,5e-10,1.5e-10,0.0746,26300000000.0,1170000000.0,11.91,-83.43
3.2e-05,1.4e-05,4e-13,5e-10,2e-10,0.0746,26300000000.0,1170000000.0,11.91,-84.49
3.2e-05,1.4e-05,4e-13,5e-10,2.5e-10,0.0746,26300000000.0,1160000000.0,11.91,-83.58
3.2e-05,1.4e-05,6e-13,4e-10,1e-10,0.0746,28500000000.0,1320000000.0,11.39,-85.63
3.2e-05,1.4e-05,6e-13,4e-10,5e-11,0.0746,28500000000.0,1320000000.0,11.39,-86.15
3.2e-05,1.4e-05,6e-13,4e-10,1.5e-10,0.0746,28500000000.0,1320000000.0,11.39,-85.62
3.2e-05,1.4e-05,6e-13,4e-10,2e-10,0.0746,28500000000.0,1320000000.0,11.39,-85.82
3.2e-05,1.4e-05,6e-13,4e-10,2.5e-10,0.0746,28500000000.0,1320000000.0,11.39,-85.84
3.2e-05,1.4e-05,6e-13,3e-10,1e-10,0.0746,32000000000.0,1610000000.0,10.71,-90.76
3.2e-05,1.4e-05,6e-13,3e-10,5e-11,0.0746,32000000000.0,1610000000.0,10.7,-90.83
3.2e-05,1.4e-05,6e-13,3e-10,1.5e-10,0.0746,32000000000.0,1610000000.0,10.71,-91.34
3.2e-05,1.4e-05,6e-13,3e-10,2.5e-10,0.0746,32000000000.0,1610000000.0,10.7,-90.37
3.2e-05,1.4e-05,6e-13,3.5e-10,1e-10,0.0746,30100000000.0,1440000000.0,11.08,-86.18
3.2e-05,1.4e-05,6e-13,3.5e-10,5e-11,0.0746,30100000000.0,1440000000.0,11.08,-87.89
3.2e-05,1.4e-05,6e-13,3.5e-10,1.5e-10,0.0746,30100000000.0,1440000000.0,11.07,-87.8
3.2e-05,1.4e-05,6e-13,3.5e-10,2e-10,0.0746,30100000000.0,1440000000.0,11.08,-88.07
3.2e-05,1.4e-05,6e-13,3.5e-10,2.5e-10,0.0746,30100000000.0,1450000000.0,11.08,-88.15
3.2e-05,1.4e-05,6e-13,4.5e-10,1e-10,0.0746,27300000000.0,1230000000.0,11.67,-84.79
3.2e-05,1.4e-05,6e-13,4.5e-10,5e-11,0.0746,27300000000.0,1230000000.0,11.67,-84.33
3.2e-05,1.4e-05,6e-13,4.5e-10,1.5e-10,0.0746,27300000000.0,1240000000.0,11.67,-85.29
3.2e-05,1.4e-05,6e-13,4.5e-10,2.5e-10,0.0746,27300000000.0,1240000000.0,11.67,-84.64
3.2e-05,1.4e-05,6e-13,5e-10,5e-11,0.0746,26300000000.0,1170000000.0,11.91,-83.75
3.2e-05,1.4e-05,6e-13,5e-10,1.5e-10,0.0746,26300000000.0,1160000000.0,11.91,-83.94
3.2e-05,1.4e-05,6e-13,5e-10,2e-10,0.0746,26300000000.0,1170000000.0,11.91,-83.53
3.2e-05,1.4e-05,7e-13,4e-10,1e-10,0.0746,28500000000.0,1320000000.0,11.39,-85.66
3.2e-05,1.4e-05,7e-13,4e-10,5e-11,0.0746,28500000000.0,1330000000.0,11.39,-85.78
3.2e-05,1.4e-05,7e-13,4e-10,1.5e-10,0.0746,28500000000.0,1320000000.0,11.39,-85.7
3.2e-05,1.4e-05,7e-13,4e-10,2e-10,0.0746,28500000000.0,1320000000.0,11.39,-86.68
3.2e-05,1.4e-05,7e-13,4e-10,2.5e-10,0.0746,28500000000.0,1330000000.0,11.39,-86.04
3.2e-05,1.4e-05,7e-13,3e-10,1e-10,0.0746,32000000000.0,1610000000.0,10.71,-87.5
3.2e-05,1.4e-05,7e-13,3e-10,1.5e-10,0.0746,32000000000.0,1600000000.0,10.71,-91.04
3.2e-05,1.4e-05,7e-13,3e-10,2e-10,0.0746,32000000000.0,1610000000.0,10.71,-90.63
3.2e-05,1.4e-05,7e-13,3e-10,2.5e-10,0.0746,32000000000.0,1600000000.0,10.71,-91.03
3.2e-05,1.4e-05,7e-13,3.5e-10,1e-10,0.0746,30100000000.0,1440000000.0,11.08,-87.54
3.2e-05,1.4e-05,7e-13,3.5e-10,5e-11,0.0746,30100000000.0,1440000000.0,11.07,-87.36
3.2e-05,1.4e-05,7e-13,3.5e-10,1.5e-10,0.0746,30100000000.0,1440000000.0,11.07,-86.55
3.2e-05,1.4e-05,7e-13,3.5e-10,2e-10,0.0746,30100000000.0,1440000000.0,11.08,-87.73
3.2e-05,1.4e-05,7e-13,3.5e-10,2.5e-10,0.0746,30100000000.0,1440000000.0,11.07,-87.58
3.2e-05,1.4e-05,7e-13,4.5e-10,1e-10,0.0746,27300000000.0,1230000000.0,11.67,-84.56
3.2e-05,1.4e-05,7e-13,4.5e-10,5e-11,0.0746,27300000000.0,1240000000.0,11.67,-85.19
3.2e-05,1.4e-05,7e-13,4.5e-10,1.5e-10,0.0746,27300000000.0,1230000000.0,11.67,-84.82
3.2e-05,1.4e-05,7e-13,4.5e-10,2e-10,0.0746,27300000000.0,1240000000.0,11.67,-84.43
3.2e-05,1.4e-05,7e-13,5e-10,1e-10,0.0746,26300000000.0,1170000000.0,11.91,-83.63
3.2e-05,1.4e-05,7e-13,5e-10,2e-10,0.0746,26300000000.0,1160000000.0,11.91,-83.59
3.2e-05,1.4e-05,7e-13,5e-10,2.5e-10,0.0746,26300000000.0,1170000000.0,11.91,-83.79
3.2e-05,1.5e-05,5e-13,4e-10,1e-10,0.0746,28400000000.0,1350000000.0,11.39,-86.98
3.2e-05,1.5e-05,5e-13,4e-10,5e-11,0.0746,28400000000.0,1340000000.0,11.39,-85.59
3.2e-05,1.5e-05,5e-13,4e-10,1.5e-10,0.0746,28400000000.0,1340000000.0,11.4,-85.68
3.2e-05,1.5e-05,5e-13,4e-10,2e-10,0.0746,28400000000.0,1350000000.0,11.39,-85.59
3.2e-05,1.5e-05,5e-13,4e-10,2.5e-10,0.0746,28400000000.0,1340000000.0,11.4,-85.88
3.2e-05,1.5e-05,5e-13,3e-10,1e-10,0.0746,31900000000.0,1630000000.0,10.7,-90.05
3.2e-05,1.5e-05,5e-13,3e-10,5e-11,0.0746,31900000000.0,1630000000.0,10.7,-90.63
3.2e-05,1.5e-05,5e-13,3e-10,1.5e-10,0.0746,31900000000.0,1630000000.0,10.7,-90.37
3.2e-05,1.5e-05,5e-13,3e-10,2e-10,0.0746,31900000000.0,1620000000.0,10.7,-91.92
3.2e-05,1.5e-05,5e-13,3e-10,2.5e-10,0.0746,31900000000.0,1630000000.0,10.7,-90.79
3.2e-05,1.5e-05,5e-13,3.5e-10,1e-10,0.0746,29900000000.0,1460000000.0,11.08,-88.75
3.2e-05,1.5e-05,5e-13,3.5e-10,5e-11,0.0746,29900000000.0,1460000000.0,11.08,-87.12
3.2e-05,1.5e-05,5e-13,3.5e-10,1.5e-10,0.0746,29900000000.0,1460000000.0,11.08,-89.03
3.2e-05,1.5e-05,5e-13,3.5e-10,2e-10,0.0746,29900000000.0,1460000000.0,11.08,-87.51
3.2e-05,1.5e-05,5e-13,3.5e-10,2.5e-10,0.0746,29900000000.0,1470000000.0,11.07,-87.66
3.2e-05,1.5e-05,5e-13,4.5e-10,1e-10,0.0746,27200000000.0,1250000000.0,11.68,-84.0
3.2e-05,1.5e-05,5e-13,4.5e-10,5e-11,0.0746,27200000000.0,1250000000.0,11.67,-84.33
3.2e-05,1.5e-05,5e-13,4.5e-10,1.5e-10,0.0746,27200000000.0,1250000000.0,11.67,-84.59
3.2e-05,1.5e-05,5e-13,4.5e-10,2e-10,0.0746,27200000000.0,1250000000.0,11.68,-84.25
3.2e-05,1.5e-05,5e-13,4.5e-10,2.5e-10,0.0746,27200000000.0,1250000000.0,11.67,-84.62
3.2e-05,1.5e-05,5e-13,5e-10,1e-10,0.0746,26100000000.0,1190000000.0,11.92,-83.85
3.2e-05,1.5e-05,5e-13,5e-10,5e-11,0.0746,26100000000.0,1190000000.0,11.92,-83.7
3.2e-05,1.5e-05,5e-13,5e-10,1.5e-10,0.0746,26100000000.0,1180000000.0,11.91,-83.46
3.2e-05,1.5e-05,5e-13,5e-10,2e-10,0.0746,26100000000.0,1180000000.0,11.91,-83.56
3.2e-05,1.5e-05,5e-13,5e-10,2.5e-10,0.0746,26100000000.0,1180000000.0,11.91,-83.5
3.2e-05,1.5e-05,3e-13,4e-10,1e-10,0.0746,28400000000.0,1350000000.0,11.4,-85.41
3.2e-05,1.5e-05,3e-13,4e-10,5e-11,0.0746,28400000000.0,1340000000.0,11.4,-85.13
3.2e-05,1.5e-05,3e-13,4e-10,1.5e-10,0.0746,28400000000.0,1340000000.0,11.4,-85.49
3.2e-05,1.5e-05,3e-13,4e-10,2.5e-10,0.0746,28400000000.0,1340000000.0,11.39,-85.24
3.2e-05,1.5e-05,3e-13,3e-10,1e-10,0.0746,31900000000.0,1630000000.0,10.71,-90.6
3.2e-05,1.5e-05,3e-13,3e-10,5e-11,0.0746,31900000000.0,1630000000.0,10.71,-90.89
3.2e-05,1.5e-05,3e-13,3e-10,1.5e-10,0.0746,31900000000.0,1630000000.0,10.71,-90.71
3.2e-05,1.5e-05,3e-13,3e-10,2.5e-10,0.0746,31900000000.0,1630000000.0,10.7,-90.6
3.2e-05,1.5e-05,3e-13,3.5e-10,1e-10,0.0746,29900000000.0,1460000000.0,11.08,-87.15
3.2e-05,1.5e-05,3e-13,3.5e-10,5e-11,0.0746,29900000000.0,1460000000.0,11.08,-87.53
3.2e-05,1.5e-05,3e-13,3.5e-10,1.5e-10,0.0746,29900000000.0,1460000000.0,11.07,-87.1
3.2e-05,1.5e-05,3e-13,3.5e-10,2e-10,0.0746,29900000000.0,1470000000.0,11.08,-87.66
3.2e-05,1.5e-05,3e-13,3.5e-10,2.5e-10,0.0746,29900000000.0,1460000000.0,11.08,-87.99
3.2e-05,1.5e-05,3e-13,4.5e-10,1e-10,0.0746,27200000000.0,1250000000.0,11.67,-84.36
3.2e-05,1.5e-05,3e-13,4.5e-10,5e-11,0.0746,27200000000.0,1250000000.0,11.68,-84.62
3.2e-05,1.5e-05,3e-13,4.5e-10,1.5e-10,0.0746,27200000000.0,1250000000.0,11.68,-84.57
3.2e-05,1.5e-05,3e-13,4.5e-10,2e-10,0.0746,27200000000.0,1250000000.0,11.68,-84.56
3.2e-05,1.5e-05,3e-13,4.5e-10,2.5e-10,0.0746,27200000000.0,1250000000.0,11.68,-84.26
3.2e-05,1.5e-05,3e-13,5e-10,1e-10,0.0746,26200000000.0,1180000000.0,11.91,-83.77
3.2e-05,1.5e-05,3e-13,5e-10,5e-11,0.0746,26200000000.0,1190000000.0,11.91,-83.72
3.2e-05,1.5e-05,3e-13,5e-10,1.5e-10,0.0746,26200000000.0,1180000000.0,11.91,-83.73
3.2e-05,1.5e-05,3e-13,5e-10,2e-10,0.0746,26200000000.0,1180000000.0,11.91,-83.56
3.2e-05,1.5e-05,3e-13,5e-10,2.5e-10,0.0746,26200000000.0,1170000000.0,11.92,-83.64
3.2e-05,1.5e-05,4e-13,4e-10,1e-10,0.0746,28400000000.0,1340000000.0,11.39,-83.8
3.2e-05,1.5e-05,4e-13,4e-10,5e-11,0.0746,28400000000.0,1340000000.0,11.4,-85.46
3.2e-05,1.5e-05,4e-13,4e-10,1.5e-10,0.0746,28400000000.0,1340000000.0,11.4,-85.43
3.2e-05,1.5e-05,4e-13,4e-10,2.5e-10,0.0746,28400000000.0,1340000000.0,11.4,-85.52
3.2e-05,1.5e-05,4e-13,3e-10,1e-10,0.0746,31900000000.0,1620000000.0,10.7,-91.93
3.2e-05,1.5e-05,4e-13,3e-10,5e-11,0.0746,31900000000.0,1630000000.0,10.7,-91.05
3.2e-05,1.5e-05,4e-13,3e-10,1.5e-10,0.0746,31900000000.0,1630000000.0,10.7,-90.34
3.2e-05,1.5e-05,4e-13,3e-10,2e-10,0.0746,31900000000.0,1630000000.0,10.71,-90.96
3.2e-05,1.5e-05,4e-13,3.5e-10,1e-10,0.0746,29900000000.0,1460000000.0,11.07,-87.4
3.2e-05,1.5e-05,4e-13,3.5e-10,5e-11,0.0746,29900000000.0,1460000000.0,11.07,-87.66
3.2e-05,1.5e-05,4e-13,3.5e-10,1.5e-10,0.0746,29900000000.0,1470000000.0,11.08,-88.19
3.2e-05,1.5e-05,4e-13,3.5e-10,2e-10,0.0746,29900000000.0,1470000000.0,11.07,-85.87
3.2e-05,1.5e-05,4e-13,3.5e-10,2.5e-10,0.0746,29900000000.0,1460000000.0,11.08,-82.57
3.2e-05,1.5e-05,4e-13,4.5e-10,5e-11,0.0746,27200000000.0,1250000000.0,11.68,-82.46
3.2e-05,1.5e-05,4e-13,4.5e-10,1.5e-10,0.0746,27200000000.0,1250000000.0,11.68,-84.28
3.2e-05,1.5e-05,4e-13,4.5e-10,2e-10,0.0746,27200000000.0,1250000000.0,11.68,-84.02
3.2e-05,1.5e-05,4e-13,4.5e-10,2.5e-10,0.0746,27200000000.0,1250000000.0,11.68,-84.38
3.2e-05,1.5e-05,4e-13,5e-10,1e-10,0.0746,26100000000.0,1180000000.0,11.91,-83.45
3.2e-05,1.5e-05,4e-13,5e-10,1.5e-10,0.0746,26100000000.0,1180000000.0,11.91,-83.3
3.2e-05,1.5e-05,4e-13,5e-10,2.5e-10,0.0746,26100000000.0,1180000000.0,11.91,-84.36
3.2e-05,1.5e-05,6e-13,4e-10,5e-11,0.0746,28400000000.0,1340000000.0,11.4,-85.54
3.2e-05,1.5e-05,6e-13,4e-10,1.5e-10,0.0746,28400000000.0,1350000000.0,11.4,-85.43
3.2e-05,1.5e-05,6e-13,4e-10,2e-10,0.0746,28400000000.0,1340000000.0,11.39,-85.71
3.2e-05,1.5e-05,6e-13,4e-10,2.5e-10,0.0746,28400000000.0,1340000000.0,11.4,-85.87
3.2e-05,1.5e-05,6e-13,3e-10,1e-10,0.0746,31900000000.0,1630000000.0,10.7,-91.0
3.2e-05,1.5e-05,6e-13,3e-10,5e-11,0.0746,31900000000.0,1630000000.0,10.7,-90.25
3.2e-05,1.5e-05,6e-13,3e-10,1.5e-10,0.0746,31900000000.0,1630000000.0,10.7,-87.84
3.2e-05,1.5e-05,6e-13,3e-10,2e-10,0.0746,31900000000.0,1630000000.0,10.7,-90.7
3.2e-05,1.5e-05,6e-13,3e-10,2.5e-10,0.0746,31900000000.0,1630000000.0,10.7,-90.81
3.2e-05,1.5e-05,6e-13,3.5e-10,1e-10,0.0746,29900000000.0,1460000000.0,11.08,-87.49
3.2e-05,1.5e-05,6e-13,3.5e-10,5e-11,0.0746,29900000000.0,1460000000.0,11.08,-88.19
3.2e-05,1.5e-05,6e-13,3.5e-10,1.5e-10,0.0746,29900000000.0,1470000000.0,11.08,-87.25
3.2e-05,1.5e-05,6e-13,3.5e-10,2.5e-10,0.0746,29900000000.0,1470000000.0,11.07,-87.68
3.2e-05,1.5e-05,6e-13,4.5e-10,1e-10,0.0746,27200000000.0,1250000000.0,11.68,-84.34
3.2e-05,1.5e-05,6e-13,4.5e-10,5e-11,0.0746,27200000000.0,1250000000.0,11.68,-84.74
3.2e-05,1.5e-05,6e-13,4.5e-10,1.5e-10,0.0746,27200000000.0,1250000000.0,11.68,-84.35
3.2e-05,1.5e-05,6e-13,4.5e-10,2e-10,0.0746,27200000000.0,1250000000.0,11.67,-84.58
3.2e-05,1.5e-05,6e-13,4.5e-10,2.5e-10,0.0746,27200000000.0,1250000000.0,11.67,-84.87
3.2e-05,1.5e-05,6e-13,5e-10,1e-10,0.0746,26100000000.0,1170000000.0,11.92,-83.65
3.2e-05,1.5e-05,6e-13,5e-10,5e-11,0.0746,26100000000.0,1180000000.0,11.92,-83.8
3.2e-05,1.5e-05,6e-13,5e-10,1.5e-10,0.0746,26100000000.0,1180000000.0,11.92,-84.07
3.2e-05,1.5e-05,6e-13,5e-10,2e-10,0.0746,26100000000.0,1170000000.0,11.91,-83.48
3.2e-05,1.5e-05,6e-13,5e-10,2.5e-10,0.0746,26100000000.0,1180000000.0,11.91,-83.71
3.2e-05,1.5e-05,7e-13,4e-10,1e-10,0.0746,28400000000.0,1340000000.0,11.4,-85.32
3.2e-05,1.5e-05,7e-13,4e-10,5e-11,0.0746,28400000000.0,1340000000.0,11.39,-85.6
3.2e-05,1.5e-05,7e-13,4e-10,2e-10,0.0746,28400000000.0,1350000000.0,11.4,-85.64
3.2e-05,1.5e-05,7e-13,4e-10,2.5e-10,0.0746,28400000000.0,1340000000.0,11.39,-85.7
3.2e-05,1.5e-05,7e-13,3e-10,1e-10,0.0746,31900000000.0,1630000000.0,10.7,-90.71
3.2e-05,1.5e-05,7e-13,3e-10,5e-11,0.0746,31900000000.0,1630000000.0,10.7,-90.26
3.2e-05,1.5e-05,7e-13,3e-10,1.5e-10,0.0746,31900000000.0,1630000000.0,10.7,-91.01
3.2e-05,1.5e-05,7e-13,3e-10,2e-10,0.0746,31900000000.0,1630000000.0,10.7,-90.43
3.2e-05,1.5e-05,7e-13,3e-10,2.5e-10,0.0746,31900000000.0,1630000000.0,10.7,-90.44
3.2e-05,1.5e-05,7e-13,3.5e-10,1e-10,0.0746,29900000000.0,1470000000.0,11.08,-87.78
3.2e-05,1.5e-05,7e-13,3.5e-10,5e-11,0.0746,29900000000.0,1460000000.0,11.07,-87.57
3.2e-05,1.5e-05,7e-13,3.5e-10,1.5e-10,0.0746,29900000000.0,1460000000.0,11.08,-87.31
3.2e-05,1.5e-05,7e-13,3.5e-10,2e-10,0.0746,29900000000.0,1470000000.0,11.07,-87.79
3.2e-05,1.5e-05,7e-13,4.5e-10,5e-11,0.0746,27200000000.0,1250000000.0,11.67,-84.31
3.2e-05,1.5e-05,7e-13,4.5e-10,1.5e-10,0.0746,27200000000.0,1250000000.0,11.68,-84.6
3.2e-05,1.5e-05,7e-13,4.5e-10,2e-10,0.0746,27200000000.0,1250000000.0,11.68,-84.36
3.2e-05,1.5e-05,7e-13,5e-10,1e-10,0.0746,26100000000.0,1180000000.0,11.92,-83.53
3.2e-05,1.5e-05,7e-13,5e-10,5e-11,0.0746,26100000000.0,1180000000.0,11.92,-83.52
3.2e-05,1.5e-05,7e-13,5e-10,1.5e-10,0.0746,26100000000.0,1180000000.0,11.91,-83.73
3.2e-05,1.5e-05,7e-13,5e-10,2e-10,0.0746,26100000000.0,1180000000.0,11.91,-83.79
3.2e-05,1.5e-05,7e-13,5e-10,2.5e-10,0.0746,26100000000.0,1180000000.0,11.92,-83.76
3.2e-05,1.6e-05,5e-13,4e-10,1e-10,0.0746,28300000000.0,1350000000.0,11.39,-85.37
3.2e-05,1.6e-05,5e-13,4e-10,5e-11,0.0746,28300000000.0,1350000000.0,11.4,-85.32
3.2e-05,1.6e-05,5e-13,4e-10,1.5e-10,0.0746,28300000000.0,1350000000.0,11.39,-85.75
3.2e-05,1.6e-05,5e-13,4e-10,2e-10,0.0746,28300000000.0,1350000000.0,11.4,-84.81
3.2e-05,1.6e-05,5e-13,4e-10,2.5e-10,0.0746,28300000000.0,1350000000.0,11.4,-85.39
3.2e-05,1.6e-05,5e-13,3e-10,1e-10,0.0746,31700000000.0,1640000000.0,10.7,-89.95
3.2e-05,1.6e-05,5e-13,3e-10,5e-11,0.0746,31700000000.0,1640000000.0,10.7,-89.57
3.2e-05,1.6e-05,5e-13,3e-10,1.5e-10,0.0746,31700000000.0,1640000000.0,10.69,-90.08
3.2e-05,1.6e-05,5e-13,3e-10,2e-10,0.0746,31700000000.0,1640000000.0,10.7,-90.5
3.2e-05,1.6e-05,5e-13,3e-10,2.5e-10,0.0746,31700000000.0,1640000000.0,10.7,-90.47
3.2e-05,1.6e-05,5e-13,3.5e-10,1e-10,0.0746,29800000000.0,1480000000.0,11.07,-87.94
3.2e-05,1.6e-05,5e-13,3.5e-10,5e-11,0.0746,29800000000.0,1470000000.0,11.07,-87.44
3.2e-05,1.6e-05,5e-13,3.5e-10,1.5e-10,0.0746,29800000000.0,1470000000.0,11.07,-87.99
3.2e-05,1.6e-05,5e-13,3.5e-10,2e-10,0.0746,29800000000.0,1470000000.0,11.07,-86.92
3.2e-05,1.6e-05,5e-13,3.5e-10,2.5e-10,0.0746,29800000000.0,1480000000.0,11.07,-87.3
3.2e-05,1.6e-05,5e-13,4.5e-10,1e-10,0.0746,27000000000.0,1260000000.0,11.68,-84.26
3.2e-05,1.6e-05,5e-13,4.5e-10,5e-11,0.0746,27000000000.0,1260000000.0,11.68,-84.19
3.2e-05,1.6e-05,5e-13,4.5e-10,1.5e-10,0.0746,27000000000.0,1260000000.0,11.68,-84.45
3.2e-05,1.6e-05,5e-13,4.5e-10,2e-10,0.0746,27000000000.0,1260000000.0,11.68,-84.48
3.2e-05,1.6e-05,5e-13,4.5e-10,2.5e-10,0.0746,27000000000.0,1260000000.0,11.68,-85.11
3.2e-05,1.6e-05,5e-13,5e-10,1e-10,0.0746,26000000000.0,1180000000.0,11.92,-83.72
3.2e-05,1.6e-05,5e-13,5e-10,5e-11,0.0746,26000000000.0,1180000000.0,11.92,-83.65
3.2e-05,1.6e-05,5e-13,5e-10,1.5e-10,0.0746,26000000000.0,1190000000.0,11.91,-83.69
3.2e-05,1.6e-05,5e-13,5e-10,2e-10,0.0746,26000000000.0,1190000000.0,11.91,-83.65
3.2e-05,1.6e-05,5e-13,5e-10,2.5e-10,0.0746,26000000000.0,1180000000.0,11.91,-83.39
3.2e-05,1.6e-05,3e-13,4e-10,1e-10,0.0746,28300000000.0,1350000000.0,11.4,-85.49
3.2e-05,1.6e-05,3e-13,4e-10,5e-11,0.0746,28300000000.0,1350000000.0,11.39,-85.48
3.2e-05,1.6e-05,3e-13,4e-10,1.5e-10,0.0746,28300000000.0,1350000000.0,11.4,-85.24
3.2e-05,1.6e-05,3e-13,4e-10,2.5e-10,0.0746,28300000000.0,1350000000.0,11.4,-85.36
3.2e-05,1.6e-05,3e-13,3e-10,1e-10,0.0746,31700000000.0,1640000000.0,10.7,-90.32
3.2e-05,1.6e-05,3e-13,3e-10,5e-11,0.0746,31700000000.0,1640000000.0,10.7,-90.07
3.2e-05,1.6e-05,3e-13,3e-10,1.5e-10,0.0746,31700000000.0,1640000000.0,10.7,-90.63
3.2e-05,1.6e-05,3e-13,3e-10,2e-10,0.0746,31700000000.0,1640000000.0,10.7,-90.31
3.2e-05,1.6e-05,3e-13,3e-10,2.5e-10,0.0746,31700000000.0,1640000000.0,10.7,-90.64
3.2e-05,1.6e-05,3e-13,3.5e-10,1e-10,0.0746,29800000000.0,1470000000.0,11.07,-87.34
3.2e-05,1.6e-05,3e-13,3.5e-10,5e-11,0.0746,29800000000.0,1480000000.0,11.07,-87.21
3.2e-05,1.6e-05,3e-13,3.5e-10,1.5e-10,0.0746,29800000000.0,1470000000.0,11.07,-87.05
3.2e-05,1.6e-05,3e-13,3.5e-10,2e-10,0.0746,29800000000.0,1480000000.0,11.07,-87.13
3.2e-05,1.6e-05,3e-13,3.5e-10,2.5e-10,0.0746,29800000000.0,1480000000.0,11.07,-87.73
3.2e-05,1.6e-05,3e-13,4.5e-10,1e-10,0.0746,27000000000.0,1260000000.0,11.67,-84.27
3.2e-05,1.6e-05,3e-13,4.5e-10,5e-11,0.0746,27000000000.0,1260000000.0,11.68,-84.37
3.2e-05,1.6e-05,3e-13,4.5e-10,1.5e-10,0.0746,27000000000.0,1260000000.0,11.68,-84.52
3.2e-05,1.6e-05,3e-13,4.5e-10,2e-10,0.0746,27000000000.0,1260000000.0,11.68,-84.41
3.2e-05,1.6e-05,3e-13,4.5e-10,2.5e-10,0.0746,27000000000.0,1260000000.0,11.67,-83.82
3.2e-05,1.6e-05,3e-13,5e-10,1e-10,0.0746,26000000000.0,1190000000.0,11.92,-83.71
3.2e-05,1.6e-05,3e-13,5e-10,5e-11,0.0746,26000000000.0,1190000000.0,11.91,-83.64
3.2e-05,1.6e-05,3e-13,5e-10,1.5e-10,0.0746,26000000000.0,1190000000.0,11.92,-83.75
3.2e-05,1.6e-05,3e-13,5e-10,2e-10,0.0746,26000000000.0,1180000000.0,11.91,-83.34
3.2e-05,1.6e-05,3e-13,5e-10,2.5e-10,0.0746,26000000000.0,1190000000.0,11.91,-83.68
3.2e-05,1.6e-05,4e-13,4e-10,1e-10,0.0746,28300000000.0,1350000000.0,11.39,-85.42
3.2e-05,1.6e-05,4e-13,4e-10,5e-11,0.0746,28300000000.0,1350000000.0,11.4,-85.81
3.2e-05,1.6e-05,4e-13,4e-10,1.5e-10,0.0746,28300000000.0,1350000000.0,11.4,-85.35
3.2e-05,1.6e-05,4e-13,4e-10,2e-10,0.0746,28300000000.0,1350000000.0,11.39,-84.96
3.2e-05,1.6e-05,4e-13,4e-10,2.5e-10,0.0746,28300000000.0,1350000000.0,11.39,-83.75
3.2e-05,1.6e-05,4e-13,3e-10,1e-10,0.0746,31700000000.0,1640000000.0,10.7,-89.61
3.2e-05,1.6e-05,4e-13,3e-10,5e-11,0.0746,31700000000.0,1640000000.0,10.7,-90.06
3.2e-05,1.6e-05,4e-13,3e-10,2e-10,0.0746,31700000000.0,1640000000.0,10.7,-90.69
3.2e-05,1.6e-05,4e-13,3e-10,2.5e-10,0.0746,31700000000.0,1640000000.0,10.69,-91.59
3.2e-05,1.6e-05,4e-13,3.5e-10,1e-10,0.0746,29800000000.0,1470000000.0,11.07,-87.96
3.2e-05,1.6e-05,4e-13,3.5e-10,5e-11,0.0746,29800000000.0,1480000000.0,11.07,-87.36
3.2e-05,1.6e-05,4e-13,3.5e-10,1.5e-10,0.0746,29800000000.0,1470000000.0,11.07,-87.31
3.2e-05,1.6e-05,4e-13,3.5e-10,2e-10,0.0746,29800000000.0,1470000000.0,11.07,-87.08
3.2e-05,1.6e-05,4e-13,3.5e-10,2.5e-10,0.0746,29800000000.0,1480000000.0,11.07,-87.5
3.2e-05,1.6e-05,4e-13,4.5e-10,5e-11,0.0746,27000000000.0,1260000000.0,11.67,-84.46
3.2e-05,1.6e-05,4e-13,4.5e-10,2e-10,0.0746,27000000000.0,1260000000.0,11.68,-84.32
3.2e-05,1.6e-05,4e-13,4.5e-10,2.5e-10,0.0746,27000000000.0,1250000000.0,11.68,-84.5
3.2e-05,1.6e-05,4e-13,5e-10,1e-10,0.0746,26000000000.0,1180000000.0,11.92,-83.71
3.2e-05,1.6e-05,4e-13,5e-10,5e-11,0.0746,26000000000.0,1180000000.0,11.91,-83.4
3.2e-05,1.6e-05,4e-13,5e-10,1.5e-10,0.0746,26000000000.0,1180000000.0,11.92,-83.38
3.2e-05,1.6e-05,4e-13,5e-10,2e-10,0.0746,26000000000.0,1190000000.0,11.91,-83.67
3.2e-05,1.6e-05,6e-13,4e-10,1e-10,0.0746,28300000000.0,1350000000.0,11.4,-85.61
3.2e-05,1.6e-05,6e-13,4e-10,2e-10,0.0746,28300000000.0,1350000000.0,11.4,-85.54
3.2e-05,1.6e-05,6e-13,3e-10,1e-10,0.0746,31700000000.0,1640000000.0,10.69,-89.85
3.2e-05,1.6e-05,6e-13,3e-10,5e-11,0.0746,31700000000.0,1640000000.0,10.7,-89.59
3.2e-05,1.6e-05,6e-13,3e-10,1.5e-10,0.0746,31700000000.0,1640000000.0,10.7,-90.1
3.2e-05,1.6e-05,6e-13,3e-10,2e-10,0.0746,31700000000.0,1640000000.0,10.7,-90.75
3.2e-05,1.6e-05,6e-13,3e-10,2.5e-10,0.0746,31700000000.0,1640000000.0,10.7,-90.38
3.2e-05,1.6e-05,6e-13,3.5e-10,5e-11,0.0746,29800000000.0,1480000000.0,11.07,-87.46
3.2e-05,1.6e-05,6e-13,3.5e-10,1.5e-10,0.0746,29800000000.0,1480000000.0,11.07,-87.54
3.2e-05,1.6e-05,6e-13,3.5e-10,2.5e-10,0.0746,29800000000.0,1470000000.0,11.07,-87.79
3.2e-05,1.6e-05,6e-13,4.5e-10,1e-10,0.0746,27000000000.0,1250000000.0,11.68,-84.39
3.2e-05,1.6e-05,6e-13,4.5e-10,5e-11,0.0746,27000000000.0,1260000000.0,11.67,-84.49
3.2e-05,1.6e-05,6e-13,4.5e-10,1.5e-10,0.0746,27000000000.0,1260000000.0,11.67,-84.41
3.2e-05,1.6e-05,6e-13,4.5e-10,2e-10,0.0746,27000000000.0,1260000000.0,11.68,-84.42
3.2e-05,1.6e-05,6e-13,4.5e-10,2.5e-10,0.0746,27000000000.0,1260000000.0,11.67,-84.56
3.2e-05,1.6e-05,6e-13,5e-10,1e-10,0.0746,26000000000.0,1190000000.0,11.91,-83.4
3.2e-05,1.6e-05,6e-13,5e-10,1.5e-10,0.0746,26000000000.0,1190000000.0,11.91,-83.44
3.2e-05,1.6e-05,6e-13,5e-10,2e-10,0.0746,26000000000.0,1190000000.0,11.91,-83.66
3.2e-05,1.6e-05,6e-13,5e-10,2.5e-10,0.0746,26000000000.0,1190000000.0,11.91,-83.7
3.2e-05,1.6e-05,7e-13,4e-10,5e-11,0.0746,28300000000.0,1350000000.0,11.4,-85.17
3.2e-05,1.6e-05,7e-13,4e-10,1.5e-10,0.0746,28300000000.0,1350000000.0,11.4,-85.55
3.2e-05,1.6e-05,7e-13,3e-10,1.5e-10,0.0746,31700000000.0,1640000000.0,10.69,-90.31
3.2e-05,1.6e-05,7e-13,3e-10,2e-10,0.0746,31700000000.0,1630000000.0,10.7,-91.17
3.2e-05,1.6e-05,7e-13,3e-10,2.5e-10,0.0746,31700000000.0,1640000000.0,10.7,-89.96
3.2e-05,1.6e-05,7e-13,3.5e-10,1e-10,0.0746,29800000000.0,1470000000.0,11.07,-87.42
3.2e-05,1.6e-05,7e-13,3.5e-10,5e-11,0.0746,29800000000.0,1480000000.0,11.07,-87.32
3.2e-05,1.6e-05,7e-13,3.5e-10,1.5e-10,0.0746,29800000000.0,1480000000.0,11.07,-86.89
3.2e-05,1.6e-05,7e-13,3.5e-10,2e-10,0.0746,29800000000.0,1470000000.0,11.07,-86.73
3.2e-05,1.6e-05,7e-13,3.5e-10,2.5e-10,0.0746,29800000000.0,1470000000.0,11.07,-87.51
3.2e-05,1.6e-05,7e-13,4.5e-10,1e-10,0.0746,27000000000.0,1260000000.0,11.67,-84.14
3.2e-05,1.6e-05,7e-13,4.5e-10,5e-11,0.0746,27000000000.0,1260000000.0,11.67,-85.09
3.2e-05,1.6e-05,7e-13,4.5e-10,1.5e-10,0.0746,27000000000.0,1260000000.0,11.67,-84.4
3.2e-05,1.6e-05,7e-13,4.5e-10,2.5e-10,0.0746,27000000000.0,1260000000.0,11.68,-81.18
3.2e-05,1.6e-05,7e-13,5e-10,1e-10,0.0746,26000000000.0,1190000000.0,11.91,-83.48
3.2e-05,1.6e-05,7e-13,5e-10,1.5e-10,0.0746,26000000000.0,1180000000.0,11.91,-83.45
3.2e-05,1.6e-05,7e-13,5e-10,2e-10,0.0746,26000000000.0,1180000000.0,11.92,-83.7
3.2e-05,1.7e-05,5e-13,4e-10,1e-10,0.0746,28100000000.0,1360000000.0,11.39,-85.38
3.2e-05,1.7e-05,5e-13,4e-10,5e-11,0.0746,28100000000.0,1360000000.0,11.39,-85.35
3.2e-05,1.7e-05,5e-13,4e-10,1.5e-10,0.0746,28100000000.0,1360000000.0,11.39,-85.41
3.2e-05,1.7e-05,5e-13,4e-10,2e-10,0.0746,28100000000.0,1350000000.0,11.39,-85.1
3.2e-05,1.7e-05,5e-13,4e-10,2.5e-10,0.0746,28100000000.0,1350000000.0,11.39,-85.46
3.2e-05,1.7e-05,5e-13,3e-10,1e-10,0.0746,31600000000.0,1640000000.0,10.68,-90.24
3.2e-05,1.7e-05,5e-13,3e-10,5e-11,0.0746,31600000000.0,1650000000.0,10.68,-90.07
3.2e-05,1.7e-05,5e-13,3e-10,1.5e-10,0.0746,31600000000.0,1640000000.0,10.68,-90.06
3.2e-05,1.7e-05,5e-13,3e-10,2e-10,0.0746,31600000000.0,1640000000.0,10.68,-90.47
3.2e-05,1.7e-05,5e-13,3e-10,2.5e-10,0.0746,31600000000.0,1650000000.0,10.68,-90.3
3.2e-05,1.7e-05,5e-13,3.5e-10,1e-10,0.0746,29700000000.0,1480000000.0,11.06,-86.9
3.2e-05,1.7e-05,5e-13,3.5e-10,5e-11,0.0746,29700000000.0,1480000000.0,11.06,-87.15
3.2e-05,1.7e-05,5e-13,3.5e-10,1.5e-10,0.0746,29700000000.0,1480000000.0,11.06,-86.78
3.2e-05,1.7e-05,5e-13,3.5e-10,2e-10,0.0746,29700000000.0,1470000000.0,11.06,-86.84
3.2e-05,1.7e-05,5e-13,3.5e-10,2.5e-10,0.0746,29700000000.0,1480000000.0,11.06,-88.31
3.2e-05,1.7e-05,5e-13,4.5e-10,1e-10,0.0746,26900000000.0,1260000000.0,11.67,-84.42
3.2e-05,1.7e-05,5e-13,4.5e-10,1.5e-10,0.0746,26900000000.0,1270000000.0,11.67,-84.05
3.2e-05,1.7e-05,5e-13,4.5e-10,2e-10,0.0746,26900000000.0,1260000000.0,11.67,-84.39
3.2e-05,1.7e-05,5e-13,4.5e-10,2.5e-10,0.0746,26900000000.0,1260000000.0,11.67,-84.22
3.2e-05,1.7e-05,5e-13,5e-10,1e-10,0.0746,25900000000.0,1200000000.0,11.91,-83.31
3.2e-05,1.7e-05,5e-13,5e-10,5e-11,0.0746,25900000000.0,1200000000.0,11.91,-83.49
3.2e-05,1.7e-05,5e-13,5e-10,1.5e-10,0.0746,25900000000.0,1190000000.0,11.91,-83.43
3.2e-05,1.7e-05,5e-13,5e-10,2e-10,0.0746,25900000000.0,1200000000.0,11.91,-83.48
3.2e-05,1.7e-05,5e-13,5e-10,2.5e-10,0.0746,25900000000.0,1190000000.0,11.91,-83.61
3.2e-05,1.7e-05,3e-13,4e-10,1e-10,0.0746,28100000000.0,1360000000.0,11.39,-85.29
3.2e-05,1.7e-05,3e-13,4e-10,5e-11,0.0746,28100000000.0,1360000000.0,11.39,-85.52
3.2e-05,1.7e-05,3e-13,4e-10,2e-10,0.0746,28100000000.0,1360000000.0,11.39,-83.63
3.2e-05,1.7e-05,3e-13,4e-10,2.5e-10,0.0746,28100000000.0,1350000000.0,11.39,-84.75
3.2e-05,1.7e-05,3e-13,3e-10,1e-10,0.0746,31600000000.0,1640000000.0,10.68,-90.16
3.2e-05,1.7e-05,3e-13,3e-10,5e-11,0.0746,31600000000.0,1650000000.0,10.68,-89.74
3.2e-05,1.7e-05,3e-13,3e-10,1.5e-10,0.0746,31600000000.0,1640000000.0,10.68,-90.08
3.2e-05,1.7e-05,3e-13,3e-10,2e-10,0.0746,31600000000.0,1650000000.0,10.68,-89.75
3.2e-05,1.7e-05,3e-13,3e-10,2.5e-10,0.0746,31600000000.0,1640000000.0,10.68,-89.7
3.2e-05,1.7e-05,3e-13,3.5e-10,1e-10,0.0746,29700000000.0,1480000000.0,11.06,-87.02
3.2e-05,1.7e-05,3e-13,3.5e-10,5e-11,0.0746,29700000000.0,1480000000.0,11.06,-86.92
3.2e-05,1.7e-05,3e-13,3.5e-10,1.5e-10,0.0746,29700000000.0,1470000000.0,11.06,-86.79
3.2e-05,1.7e-05,3e-13,3.5e-10,2e-10,0.0746,29700000000.0,1480000000.0,11.07,-86.93
3.2e-05,1.7e-05,3e-13,3.5e-10,2.5e-10,0.0746,29700000000.0,1480000000.0,11.06,-88.32
3.2e-05,1.7e-05,3e-13,4.5e-10,1e-10,0.0746,26900000000.0,1260000000.0,11.67,-84.37
3.2e-05,1.7e-05,3e-13,4.5e-10,5e-11,0.0746,26900000000.0,1260000000.0,11.67,-83.98
3.2e-05,1.7e-05,3e-13,4.5e-10,1.5e-10,0.0746,26900000000.0,1260000000.0,11.67,-84.27
3.2e-05,1.7e-05,3e-13,4.5e-10,2e-10,0.0746,26900000000.0,1270000000.0,11.67,-84.26
3.2e-05,1.7e-05,3e-13,4.5e-10,2.5e-10,0.0746,26900000000.0,1270000000.0,11.67,-84.18
3.2e-05,1.7e-05,3e-13,5e-10,1e-10,0.0746,25900000000.0,1200000000.0,11.91,-83.4
3.2e-05,1.7e-05,3e-13,5e-10,5e-11,0.0746,25900000000.0,1180000000.0,11.91,-83.54
3.2e-05,1.7e-05,3e-13,5e-10,2e-10,0.0746,25900000000.0,1190000000.0,11.91,-83.42
3.2e-05,1.7e-05,3e-13,5e-10,2.5e-10,0.0746,25900000000.0,1190000000.0,11.91,-83.4
3.2e-05,1.7e-05,4e-13,4e-10,5e-11,0.0746,28100000000.0,1350000000.0,11.39,-85.02
3.2e-05,1.7e-05,4e-13,4e-10,1.5e-10,0.0746,28100000000.0,1350000000.0,11.39,-84.67
3.2e-05,1.7e-05,4e-13,4e-10,2e-10,0.0746,28100000000.0,1360000000.0,11.39,-85.45
3.2e-05,1.7e-05,4e-13,4e-10,2.5e-10,0.0746,28100000000.0,1360000000.0,11.39,-85.22
3.2e-05,1.7e-05,4e-13,3e-10,1e-10,0.0746,31600000000.0,1640000000.0,10.68,-90.22
3.2e-05,1.7e-05,4e-13,3e-10,5e-11,0.0746,31600000000.0,1650000000.0,10.68,-89.8
3.2e-05,1.7e-05,4e-13,3e-10,1.5e-10,0.0746,31600000000.0,1640000000.0,10.68,-89.71
3.2e-05,1.7e-05,4e-13,3e-10,2e-10,0.0746,31600000000.0,1640000000.0,10.68,-89.78
3.2e-05,1.7e-05,4e-13,3e-10,2.5e-10,0.0746,31600000000.0,1650000000.0,10.68,-89.81
3.2e-05,1.7e-05,4e-13,3.5e-10,1e-10,0.0746,29700000000.0,1480000000.0,11.06,-87.48
3.2e-05,1.7e-05,4e-13,3.5e-10,5e-11,0.0746,29700000000.0,1470000000.0,11.06,-86.99
3.2e-05,1.7e-05,4e-13,3.5e-10,1.5e-10,0.0746,29700000000.0,1480000000.0,11.06,-87.26
3.2e-05,1.7e-05,4e-13,3.5e-10,2e-10,0.0746,29700000000.0,1480000000.0,11.06,-87.11
3.2e-05,1.7e-05,4e-13,3.5e-10,2.5e-10,0.0746,29700000000.0,1470000000.0,11.06,-83.46
3.2e-05,1.7e-05,4e-13,4.5e-10,5e-11,0.0746,26900000000.0,1260000000.0,11.67,-84.36
3.2e-05,1.7e-05,4e-13,4.5e-10,1.5e-10,0.0746,26900000000.0,1260000000.0,11.67,-84.26
3.2e-05,1.7e-05,4e-13,4.5e-10,2e-10,0.0746,26900000000.0,1260000000.0,11.67,-84.41
3.2e-05,1.7e-05,4e-13,4.5e-10,2.5e-10,0.0746,26900000000.0,1260000000.0,11.67,-84.08
3.2e-05,1.7e-05,4e-13,5e-10,5e-11,0.0746,25900000000.0,1180000000.0,11.91,-83.19
3.2e-05,1.7e-05,4e-13,5e-10,1.5e-10,0.0746,25900000000.0,1190000000.0,11.91,-83.34
3.2e-05,1.7e-05,4e-13,5e-10,2.5e-10,0.0746,25900000000.0,1190000000.0,11.91,-83.27
3.2e-05,1.7e-05,6e-13,4e-10,1e-10,0.0746,28100000000.0,1360000000.0,11.39,-85.49
3.2e-05,1.7e-05,6e-13,4e-10,5e-11,0.0746,28100000000.0,1350000000.0,11.39,-85.43
3.2e-05,1.7e-05,6e-13,4e-10,1.5e-10,0.0746,28100000000.0,1350000000.0,11.39,-85.48
3.2e-05,1.7e-05,6e-13,4e-10,2e-10,0.0746,28100000000.0,1360000000.0,11.39,-85.46
3.2e-05,1.7e-05,6e-13,4e-10,2.5e-10,0.0746,28100000000.0,1350000000.0,11.39,-83.51
3.2e-05,1.7e-05,6e-13,3e-10,1e-10,0.0746,31600000000.0,1640000000.0,10.68,-89.58
3.2e-05,1.7e-05,6e-13,3e-10,5e-11,0.0746,31600000000.0,1640000000.0,10.68,-89.66
3.2e-05,1.7e-05,6e-13,3e-10,1.5e-10,0.0746,31600000000.0,1640000000.0,10.68,-90.37
3.2e-05,1.7e-05,6e-13,3e-10,2e-10,0.0746,31600000000.0,1640000000.0,10.68,-89.86
3.2e-05,1.7e-05,6e-13,3e-10,2.5e-10,0.0746,31600000000.0,1640000000.0,10.68,-90.19
3.2e-05,1.7e-05,6e-13,3.5e-10,5e-11,0.0746,29700000000.0,1480000000.0,11.06,-88.19
3.2e-05,1.7e-05,6e-13,3.5e-10,1.5e-10,0.0746,29700000000.0,1480000000.0,11.06,-86.95
3.2e-05,1.7e-05,6e-13,3.5e-10,2e-10,0.0746,29700000000.0,1470000000.0,11.06,-87.38
3.2e-05,1.7e-05,6e-13,3.5e-10,2.5e-10,0.0746,29700000000.0,1480000000.0,11.06,-87.06
3.2e-05,1.7e-05,6e-13,4.5e-10,1e-10,0.0746,26900000000.0,1260000000.0,11.67,-84.18
3.2e-05,1.7e-05,6e-13,4.5e-10,2.5e-10,0.0746,26900000000.0,1260000000.0,11.67,-84.13
3.2e-05,1.7e-05,6e-13,5e-10,1e-10,0.0746,25900000000.0,1190000000.0,11.91,-83.62
3.2e-05,1.7e-05,6e-13,5e-10,5e-11,0.0746,25900000000.0,1190000000.0,11.91,-83.59
3.2e-05,1.7e-05,6e-13,5e-10,1.5e-10,0.0746,25900000000.0,1200000000.0,11.91,-83.42
3.2e-05,1.7e-05,7e-13,4e-10,1e-10,0.0746,28100000000.0,1350000000.0,11.39,-85.53
3.2e-05,1.7e-05,7e-13,4e-10,5e-11,0.0746,28100000000.0,1350000000.0,11.39,-85.22
3.2e-05,1.7e-05,7e-13,4e-10,2e-10,0.0746,28100000000.0,1350000000.0,11.39,-85.3
3.2e-05,1.7e-05,7e-13,4e-10,2.5e-10,0.0746,28100000000.0,1350000000.0,11.39,-85.45
3.2e-05,1.7e-05,7e-13,3e-10,1e-10,0.0746,31600000000.0,1640000000.0,10.68,-87.41
3.2e-05,1.7e-05,7e-13,3e-10,5e-11,0.0746,31600000000.0,1640000000.0,10.68,-90.09
3.2e-05,1.7e-05,7e-13,3e-10,1.5e-10,0.0746,31600000000.0,1640000000.0,10.68,-90.23
3.2e-05,1.7e-05,7e-13,3e-10,2e-10,0.0746,31600000000.0,1640000000.0,10.68,-75.45
3.2e-05,1.7e-05,7e-13,3e-10,2.5e-10,0.0746,31600000000.0,1640000000.0,10.68,-90.32
3.2e-05,1.7e-05,7e-13,3.5e-10,1e-10,0.0746,29700000000.0,1480000000.0,11.06,-87.04
3.2e-05,1.7e-05,7e-13,3.5e-10,5e-11,0.0746,29700000000.0,1480000000.0,11.06,-87.13
3.2e-05,1.7e-05,7e-13,3.5e-10,1.5e-10,0.0746,29700000000.0,1480000000.0,11.06,-87.01
3.2e-05,1.7e-05,7e-13,3.5e-10,2e-10,0.0746,29700000000.0,1480000000.0,11.06,-87.08
3.2e-05,1.7e-05,7e-13,4.5e-10,1e-10,0.0746,26900000000.0,1260000000.0,11.67,-84.4
3.2e-05,1.7e-05,7e-13,4.5e-10,5e-11,0.0746,26900000000.0,1260000000.0,11.67,-84.16
3.2e-05,1.7e-05,7e-13,4.5e-10,2e-10,0.0746,26900000000.0,1260000000.0,11.67,-84.25
3.2e-05,1.7e-05,7e-13,4.5e-10,2.5e-10,0.0746,26900000000.0,1260000000.0,11.67,-84.43
3.2e-05,1.7e-05,7e-13,5e-10,1e-10,0.0746,25900000000.0,1180000000.0,11.91,-83.55
3.2e-05,1.7e-05,7e-13,5e-10,1.5e-10,0.0746,25900000000.0,1190000000.0,11.91,-83.63
3.2e-05,1.7e-05,7e-13,5e-10,2e-10,0.0746,25900000000.0,1190000000.0,11.91,-83.38
3.2e-05,1.8e-05,5e-13,4e-10,1e-10,0.0746,28000000000.0,1360000000.0,11.38,-85.21
3.2e-05,1.8e-05,5e-13,4e-10,5e-11,0.0746,28000000000.0,1350000000.0,11.38,-85.46
3.2e-05,1.8e-05,5e-13,4e-10,1.5e-10,0.0746,28000000000.0,1350000000.0,11.38,-85.25
3.2e-05,1.8e-05,5e-13,4e-10,2e-10,0.0746,28000000000.0,1350000000.0,11.38,-85.07
3.2e-05,1.8e-05,5e-13,4e-10,2.5e-10,0.0746,28000000000.0,1350000000.0,11.38,-85.2
3.2e-05,1.8e-05,5e-13,3e-10,1e-10,0.0746,31500000000.0,1630000000.0,10.67,-89.52
3.2e-05,1.8e-05,5e-13,3e-10,5e-11,0.0746,31500000000.0,1640000000.0,10.66,-89.36
3.2e-05,1.8e-05,5e-13,3e-10,1.5e-10,0.0746,31500000000.0,1640000000.0,10.66,-90.02
3.2e-05,1.8e-05,5e-13,3e-10,2e-10,0.0746,31500000000.0,1630000000.0,10.66,-90.62
3.2e-05,1.8e-05,5e-13,3e-10,2.5e-10,0.0746,31500000000.0,1640000000.0,10.66,-89.31
3.2e-05,1.8e-05,5e-13,3.5e-10,1e-10,0.0746,29500000000.0,1470000000.0,11.05,-86.9
3.2e-05,1.8e-05,5e-13,3.5e-10,5e-11,0.0746,29500000000.0,1480000000.0,11.05,-87.29
3.2e-05,1.8e-05,5e-13,3.5e-10,1.5e-10,0.0746,29500000000.0,1470000000.0,11.05,-87.67
3.2e-05,1.8e-05,5e-13,3.5e-10,2e-10,0.0746,29500000000.0,1470000000.0,11.05,-86.74
3.2e-05,1.8e-05,5e-13,3.5e-10,2.5e-10,0.0746,29500000000.0,1470000000.0,11.05,-86.77
3.2e-05,1.8e-05,5e-13,4.5e-10,1e-10,0.0746,26800000000.0,1260000000.0,11.66,-84.26
3.2e-05,1.8e-05,5e-13,4.5e-10,5e-11,0.0746,26800000000.0,1250000000.0,11.67,-84.03
3.2e-05,1.8e-05,5e-13,4.5e-10,1.5e-10,0.0746,26800000000.0,1260000000.0,11.66,-84.15
3.2e-05,1.8e-05,5e-13,4.5e-10,2e-10,0.0746,26800000000.0,1260000000.0,11.66,-84.01
3.2e-05,1.8e-05,5e-13,4.5e-10,2.5e-10,0.0746,26800000000.0,1260000000.0,11.67,-84.12
3.2e-05,1.8e-05,5e-13,5e-10,1e-10,0.0746,25800000000.0,1190000000.0,11.9,-83.19
3.2e-05,1.8e-05,5e-13,5e-10,5e-11,0.0746,25800000000.0,1190000000.0,11.9,-83.54
3.2e-05,1.8e-05,5e-13,5e-10,1.5e-10,0.0746,25800000000.0,1180000000.0,11.9,-83.34
3.2e-05,1.8e-05,5e-13,5e-10,2e-10,0.0746,25800000000.0,1180000000.0,11.9,-83.0
3.2e-05,1.8e-05,5e-13,5e-10,2.5e-10,0.0746,25800000000.0,1180000000.0,11.9,-83.61
3.2e-05,1.8e-05,3e-13,4e-10,5e-11,0.0746,28000000000.0,1350000000.0,11.38,-85.62
3.2e-05,1.8e-05,3e-13,4e-10,1.5e-10,0.0746,28000000000.0,1350000000.0,11.38,-85.14
3.2e-05,1.8e-05,3e-13,4e-10,2e-10,0.0746,28000000000.0,1350000000.0,11.38,-85.32
3.2e-05,1.8e-05,3e-13,4e-10,2.5e-10,0.0746,28000000000.0,1360000000.0,11.38,-85.2
3.2e-05,1.8e-05,3e-13,3e-10,1e-10,0.0746,31500000000.0,1630000000.0,10.67,-89.89
3.2e-05,1.8e-05,3e-13,3e-10,5e-11,0.0746,31500000000.0,1640000000.0,10.67,-80.54
3.2e-05,1.8e-05,3e-13,3e-10,1.5e-10,0.0746,31500000000.0,1640000000.0,10.66,-89.48
3.2e-05,1.8e-05,3e-13,3e-10,2e-10,0.0746,31500000000.0,1640000000.0,10.67,-90.1
3.2e-05,1.8e-05,3e-13,3e-10,2.5e-10,0.0746,31500000000.0,1630000000.0,10.67,-89.37
3.2e-05,1.8e-05,3e-13,3.5e-10,1e-10,0.0746,29500000000.0,1470000000.0,11.05,-87.68
3.2e-05,1.8e-05,3e-13,3.5e-10,5e-11,0.0746,29600000000.0,1470000000.0,11.05,-86.94
3.2e-05,1.8e-05,3e-13,3.5e-10,1.5e-10,0.0746,29500000000.0,1470000000.0,11.05,-86.97
3.2e-05,1.8e-05,3e-13,3.5e-10,2e-10,0.0746,29500000000.0,1470000000.0,11.05,-86.96
3.2e-05,1.8e-05,3e-13,3.5e-10,2.5e-10,0.0746,29500000000.0,1470000000.0,11.05,-86.7
3.2e-05,1.8e-05,3e-13,4.5e-10,1e-10,0.0746,26800000000.0,1260000000.0,11.66,-84.19
3.2e-05,1.8e-05,3e-13,4.5e-10,5e-11,0.0746,26800000000.0,1260000000.0,11.66,-81.89
3.2e-05,1.8e-05,3e-13,4.5e-10,1.5e-10,0.0746,26800000000.0,1260000000.0,11.67,-84.08
3.2e-05,1.8e-05,3e-13,4.5e-10,2.5e-10,0.0746,26800000000.0,1260000000.0,11.67,-84.1
3.2e-05,1.8e-05,3e-13,5e-10,1e-10,0.0746,25800000000.0,1190000000.0,11.9,-83.14
3.2e-05,1.8e-05,3e-13,5e-10,5e-11,0.0746,25800000000.0,1180000000.0,11.9,-83.47
3.2e-05,1.8e-05,3e-13,5e-10,1.5e-10,0.0746,25800000000.0,1180000000.0,11.9,-83.46
3.2e-05,1.8e-05,3e-13,5e-10,2e-10,0.0746,25800000000.0,1180000000.0,11.9,-83.54
3.2e-05,1.8e-05,3e-13,5e-10,2.5e-10,0.0746,25800000000.0,1180000000.0,11.9,-83.39
3.2e-05,1.8e-05,4e-13,4e-10,1e-10,0.0746,28000000000.0,1350000000.0,11.38,-85.22
3.2e-05,1.8e-05,4e-13,4e-10,1.5e-10,0.0746,28000000000.0,1360000000.0,11.38,-85.3
3.2e-05,1.8e-05,4e-13,4e-10,2e-10,0.0746,28000000000.0,1350000000.0,11.38,-84.97
3.2e-05,1.8e-05,4e-13,3e-10,1e-10,0.0746,31500000000.0,1630000000.0,10.67,-89.54
3.2e-05,1.8e-05,4e-13,3e-10,5e-11,0.0746,31500000000.0,1630000000.0,10.67,-89.17
3.2e-05,1.8e-05,4e-13,3e-10,1.5e-10,0.0746,31500000000.0,1630000000.0,10.67,-90.53
3.2e-05,1.8e-05,4e-13,3e-10,2e-10,0.0746,31500000000.0,1630000000.0,10.66,-89.81
3.2e-05,1.8e-05,4e-13,3e-10,2.5e-10,0.0746,31500000000.0,1640000000.0,10.67,-89.6
3.2e-05,1.8e-05,4e-13,3.5e-10,1e-10,0.0746,29500000000.0,1470000000.0,11.05,-86.71
3.2e-05,1.8e-05,4e-13,3.5e-10,5e-11,0.0746,29500000000.0,1480000000.0,11.05,-86.5
3.2e-05,1.8e-05,4e-13,3.5e-10,1.5e-10,0.0746,29500000000.0,1470000000.0,11.05,-86.85
3.2e-05,1.8e-05,4e-13,3.5e-10,2e-10,0.0746,29500000000.0,1480000000.0,11.05,-87.32
3.2e-05,1.8e-05,4e-13,4.5e-10,1e-10,0.0746,26800000000.0,1260000000.0,11.66,-84.2
3.2e-05,1.8e-05,4e-13,4.5e-10,5e-11,0.0746,26800000000.0,1260000000.0,11.66,-83.78
3.2e-05,1.8e-05,4e-13,4.5e-10,1.5e-10,0.0746,26800000000.0,1260000000.0,11.67,-84.5
3.2e-05,1.8e-05,4e-13,4.5e-10,2e-10,0.0746,26800000000.0,1260000000.0,11.66,-84.14
3.2e-05,1.8e-05,4e-13,5e-10,1e-10,0.0746,25800000000.0,1190000000.0,11.9,-83.55
3.2e-05,1.8e-05,4e-13,5e-10,5e-11,0.0746,25800000000.0,1180000000.0,11.9,-83.22
3.2e-05,1.8e-05,4e-13,5e-10,1.5e-10,0.0746,25800000000.0,1180000000.0,11.9,-83.58
3.2e-05,1.8e-05,4e-13,5e-10,2e-10,0.0746,25800000000.0,1190000000.0,11.9,-83.52
3.2e-05,1.8e-05,4e-13,5e-10,2.5e-10,0.0746,25800000000.0,1190000000.0,11.9,-83.3
3.2e-05,1.8e-05,6e-13,4e-10,1e-10,0.0746,28000000000.0,1350000000.0,11.38,-85.27
3.2e-05,1.8e-05,6e-13,4e-10,5e-11,0.0746,28000000000.0,1350000000.0,11.38,-84.98
3.2e-05,1.8e-05,6e-13,4e-10,1.5e-10,0.0746,28000000000.0,1350000000.0,11.38,-85.28
3.2e-05,1.8e-05,6e-13,4e-10,2e-10,0.0746,28000000000.0,1350000000.0,11.38,-85.49
3.2e-05,1.8e-05,6e-13,3e-10,5e-11,0.0746,31500000000.0,1630000000.0,10.66,-89.27
3.2e-05,1.8e-05,6e-13,3e-10,1.5e-10,0.0746,31500000000.0,1630000000.0,10.66,-90.06
3.2e-05,1.8e-05,6e-13,3e-10,2e-10,0.0746,31500000000.0,1630000000.0,10.66,-89.8
3.2e-05,1.8e-05,6e-13,3e-10,2.5e-10,0.0746,31500000000.0,1630000000.0,10.67,-89.9
3.2e-05,1.8e-05,6e-13,3.5e-10,1e-10,0.0746,29500000000.0,1470000000.0,11.05,-87.0
3.2e-05,1.8e-05,6e-13,3.5e-10,1.5e-10,0.0746,29500000000.0,1470000000.0,11.05,-86.44
3.2e-05,1.8e-05,6e-13,3.5e-10,2e-10,0.0746,29500000000.0,1470000000.0,11.05,-86.73
3.2e-05,1.8e-05,6e-13,3.5e-10,2.5e-10,0.0746,29500000000.0,1480000000.0,11.05,-87.01
3.2e-05,1.8e-05,6e-13,4.5e-10,1e-10,0.0746,26800000000.0,1260000000.0,11.66,-84.06
3.2e-05,1.8e-05,6e-13,4.5e-10,5e-11,0.0746,26800000000.0,1260000000.0,11.66,-84.34
3.2e-05,1.8e-05,6e-13,4.5e-10,1.5e-10,0.0746,26800000000.0,1260000000.0,11.66,-84.22
3.2e-05,1.8e-05,6e-13,4.5e-10,2e-10,0.0746,26800000000.0,1260000000.0,11.66,-84.03
3.2e-05,1.8e-05,6e-13,5e-10,1e-10,0.0746,25800000000.0,1180000000.0,11.9,-83.73
3.2e-05,1.8e-05,6e-13,5e-10,5e-11,0.0746,25800000000.0,1180000000.0,11.9,-83.31
3.2e-05,1.8e-05,6e-13,5e-10,1.5e-10,0.0746,25800000000.0,1190000000.0,11.9,-83.2
3.2e-05,1.8e-05,6e-13,5e-10,2e-10,0.0746,25800000000.0,1190000000.0,11.9,-83.21
3.2e-05,1.8e-05,7e-13,4e-10,1e-10,0.0746,28000000000.0,1350000000.0,11.38,-84.13
3.2e-05,1.8e-05,7e-13,4e-10,5e-11,0.0746,28000000000.0,1350000000.0,11.38,-85.31
3.2e-05,1.8e-05,7e-13,4e-10,1.5e-10,0.0746,28000000000.0,1340000000.0,11.38,-85.3
3.2e-05,1.8e-05,7e-13,4e-10,2e-10,0.0746,28000000000.0,1350000000.0,11.38,-85.08
3.2e-05,1.8e-05,7e-13,4e-10,2.5e-10,0.0746,28000000000.0,1350000000.0,11.38,-85.36
3.2e-05,1.8e-05,7e-13,3e-10,1e-10,0.0746,31500000000.0,1630000000.0,10.66,-89.52
3.2e-05,1.8e-05,7e-13,3e-10,5e-11,0.0746,31500000000.0,1630000000.0,10.66,-89.88
3.2e-05,1.8e-05,7e-13,3e-10,1.5e-10,0.0746,31500000000.0,1630000000.0,10.67,-90.26
3.2e-05,1.8e-05,7e-13,3e-10,2e-10,0.0746,31500000000.0,1630000000.0,10.66,-89.86
3.2e-05,1.8e-05,7e-13,3e-10,2.5e-10,0.0746,31500000000.0,1640000000.0,10.66,-89.52
3.2e-05,1.8e-05,7e-13,3.5e-10,1e-10,0.0746,29500000000.0,1470000000.0,11.05,-86.83
3.2e-05,1.8e-05,7e-13,3.5e-10,5e-11,0.0746,29500000000.0,1470000000.0,11.05,-86.94
3.2e-05,1.8e-05,7e-13,3.5e-10,1.5e-10,0.0746,29500000000.0,1470000000.0,11.05,-86.99
3.2e-05,1.8e-05,7e-13,3.5e-10,2e-10,0.0746,29500000000.0,1460000000.0,11.05,-86.16
3.2e-05,1.8e-05,7e-13,3.5e-10,2.5e-10,0.0746,29500000000.0,1470000000.0,11.05,-87.44
3.2e-05,1.8e-05,7e-13,4.5e-10,1e-10,0.0746,26800000000.0,1250000000.0,11.67,-84.08
3.2e-05,1.8e-05,7e-13,4.5e-10,1.5e-10,0.0746,26800000000.0,1260000000.0,11.66,-84.18
3.2e-05,1.8e-05,7e-13,4.5e-10,2e-10,0.0746,26800000000.0,1260000000.0,11.66,-84.33
3.2e-05,1.8e-05,7e-13,4.5e-10,2.5e-10,0.0746,26800000000.0,1260000000.0,11.66,-84.04
3.2e-05,1.8e-05,7e-13,5e-10,1e-10,0.0746,25800000000.0,1180000000.0,11.9,-83.27
3.2e-05,1.8e-05,7e-13,5e-10,5e-11,0.0746,25800000000.0,1180000000.0,11.9,-83.17
3.2e-05,1.8e-05,7e-13,5e-10,1.5e-10,0.0746,25800000000.0,1190000000.0,11.9,-84.0
3.2e-05,1.8e-05,7e-13,5e-10,2e-10,0.0746,25800000000.0,1190000000.0,11.9,-83.56
3.2e-05,1.8e-05,7e-13,5e-10,2.5e-10,0.0746,25800000000.0,1180000000.0,11.9,-83.13
3.2e-05,1.9e-05,5e-13,4e-10,1e-10,0.0746,27900000000.0,1340000000.0,11.36,-85.04
3.2e-05,1.9e-05,5e-13,4e-10,5e-11,0.0746,27900000000.0,1340000000.0,11.36,-85.17
3.2e-05,1.9e-05,5e-13,4e-10,1.5e-10,0.0746,27900000000.0,1330000000.0,11.36,-85.15
3.2e-05,1.9e-05,5e-13,4e-10,2e-10,0.0746,27900000000.0,1340000000.0,11.37,-83.56
3.2e-05,1.9e-05,5e-13,4e-10,2.5e-10,0.0746,27900000000.0,1340000000.0,11.37,-84.26
3.2e-05,1.9e-05,5e-13,3e-10,1e-10,0.0746,31400000000.0,1620000000.0,10.64,-89.62
3.2e-05,1.9e-05,5e-13,3e-10,5e-11,0.0746,31400000000.0,1620000000.0,10.64,-89.76
3.2e-05,1.9e-05,5e-13,3e-10,1.5e-10,0.0746,31400000000.0,1620000000.0,10.64,-89.61
3.2e-05,1.9e-05,5e-13,3e-10,2e-10,0.0746,31400000000.0,1620000000.0,10.64,-89.57
3.2e-05,1.9e-05,5e-13,3e-10,2.5e-10,0.0746,31400000000.0,1620000000.0,10.64,-85.76
3.2e-05,1.9e-05,5e-13,3.5e-10,1e-10,0.0746,29400000000.0,1450000000.0,11.03,-86.94
3.2e-05,1.9e-05,5e-13,3.5e-10,5e-11,0.0746,29400000000.0,1460000000.0,11.03,-86.83
3.2e-05,1.9e-05,5e-13,3.5e-10,1.5e-10,0.0746,29400000000.0,1460000000.0,11.03,-87.01
3.2e-05,1.9e-05,5e-13,3.5e-10,2e-10,0.0746,29400000000.0,1460000000.0,11.03,-86.73
3.2e-05,1.9e-05,5e-13,3.5e-10,2.5e-10,0.0746,29400000000.0,1460000000.0,11.03,-87.75
3.2e-05,1.9e-05,5e-13,4.5e-10,1e-10,0.0746,26700000000.0,1240000000.0,11.65,-84.12
3.2e-05,1.9e-05,5e-13,4.5e-10,5e-11,0.0746,26700000000.0,1250000000.0,11.65,-83.81
3.2e-05,1.9e-05,5e-13,4.5e-10,1.5e-10,0.0746,26700000000.0,1240000000.0,11.65,-84.13
3.2e-05,1.9e-05,5e-13,4.5e-10,2e-10,0.0746,26700000000.0,1240000000.0,11.65,-83.86
3.2e-05,1.9e-05,5e-13,4.5e-10,2.5e-10,0.0746,26700000000.0,1240000000.0,11.65,-84.21
3.2e-05,1.9e-05,5e-13,5e-10,1e-10,0.0746,25700000000.0,1180000000.0,11.89,-83.04
3.2e-05,1.9e-05,5e-13,5e-10,5e-11,0.0746,25700000000.0,1180000000.0,11.89,-83.12
3.2e-05,1.9e-05,5e-13,5e-10,1.5e-10,0.0746,25700000000.0,1170000000.0,11.89,-83.23
3.2e-05,1.9e-05,5e-13,5e-10,2.5e-10,0.0746,25700000000.0,1180000000.0,11.89,-83.98
3.2e-05,1.9e-05,3e-13,4e-10,1e-10,0.0746,27900000000.0,1350000000.0,11.37,-84.98
3.2e-05,1.9e-05,3e-13,4e-10,5e-11,0.0746,27900000000.0,1340000000.0,11.37,-85.31
3.2e-05,1.9e-05,3e-13,4e-10,1.5e-10,0.0746,27900000000.0,1340000000.0,11.36,-85.25
3.2e-05,1.9e-05,3e-13,4e-10,2e-10,0.0746,27900000000.0,1350000000.0,11.37,-84.96
3.2e-05,1.9e-05,3e-13,4e-10,2.5e-10,0.0746,27900000000.0,1340000000.0,11.36,-84.97
3.2e-05,1.9e-05,3e-13,3e-10,1e-10,0.0746,31400000000.0,1620000000.0,10.64,-89.24
3.2e-05,1.9e-05,3e-13,3e-10,5e-11,0.0746,31400000000.0,1620000000.0,10.64,-89.16
3.2e-05,1.9e-05,3e-13,3e-10,1.5e-10,0.0746,31400000000.0,1620000000.0,10.64,-89.44
3.2e-05,1.9e-05,3e-13,3e-10,2e-10,0.0746,31400000000.0,1620000000.0,10.64,-86.61
3.2e-05,1.9e-05,3e-13,3e-10,2.5e-10,0.0746,31400000000.0,1620000000.0,10.64,-89.25
3.2e-05,1.9e-05,3e-13,3.5e-10,1e-10,0.0746,29500000000.0,1460000000.0,11.03,-86.63
3.2e-05,1.9e-05,3e-13,3.5e-10,5e-11,0.0746,29500000000.0,1460000000.0,11.03,-86.65
3.2e-05,1.9e-05,3e-13,3.5e-10,1.5e-10,0.0746,29400000000.0,1460000000.0,11.03,-86.79
3.2e-05,1.9e-05,3e-13,3.5e-10,2e-10,0.0746,29400000000.0,1460000000.0,11.03,-85.39
3.2e-05,1.9e-05,3e-13,3.5e-10,2.5e-10,0.0746,29400000000.0,1460000000.0,11.03,-86.74
3.2e-05,1.9e-05,3e-13,4.5e-10,1e-10,0.0746,26700000000.0,1250000000.0,11.65,-84.07
3.2e-05,1.9e-05,3e-13,4.5e-10,5e-11,0.0746,26700000000.0,1250000000.0,11.65,-83.86
3.2e-05,1.9e-05,3e-13,4.5e-10,1.5e-10,0.0746,26700000000.0,1250000000.0,11.65,-83.98
3.2e-05,1.9e-05,3e-13,4.5e-10,2e-10,0.0746,26700000000.0,1240000000.0,11.65,-84.08
3.2e-05,1.9e-05,3e-13,4.5e-10,2.5e-10,0.0746,26700000000.0,1250000000.0,11.65,-84.0
3.2e-05,1.9e-05,3e-13,5e-10,1e-10,0.0746,25700000000.0,1170000000.0,11.89,-83.43
3.2e-05,1.9e-05,3e-13,5e-10,5e-11,0.0746,25700000000.0,1180000000.0,11.89,-83.2
3.2e-05,1.9e-05,3e-13,5e-10,1.5e-10,0.0746,25700000000.0,1170000000.0,11.89,-83.36
3.2e-05,1.9e-05,3e-13,5e-10,2e-10,0.0746,25700000000.0,1170000000.0,11.89,-83.34
3.2e-05,1.9e-05,3e-13,5e-10,2.5e-10,0.0746,25700000000.0,1180000000.0,11.89,-83.07
3.2e-05,1.9e-05,4e-13,4e-10,5e-11,0.0746,27900000000.0,1340000000.0,11.36,-85.08
3.2e-05,1.9e-05,4e-13,4e-10,1.5e-10,0.0746,27900000000.0,1340000000.0,11.37,-85.16
3.2e-05,1.9e-05,4e-13,4e-10,2e-10,0.0746,27900000000.0,1340000000.0,11.36,-85.46
3.2e-05,1.9e-05,4e-13,4e-10,2.5e-10,0.0746,27900000000.0,1340000000.0,11.37,-82.39
3.2e-05,1.9e-05,4e-13,3e-10,5e-11,0.0746,31400000000.0,1620000000.0,10.64,-89.66
3.2e-05,1.9e-05,4e-13,3e-10,1.5e-10,0.0746,31400000000.0,1620000000.0,10.64,-81.14
3.2e-05,1.9e-05,4e-13,3e-10,2e-10,0.0746,31400000000.0,1620000000.0,10.64,-89.58
3.2e-05,1.9e-05,4e-13,3e-10,2.5e-10,0.0746,31400000000.0,1620000000.0,10.64,-89.38
3.2e-05,1.9e-05,4e-13,3.5e-10,1e-10,0.0746,29400000000.0,1460000000.0,11.03,-86.72
3.2e-05,1.9e-05,4e-13,3.5e-10,5e-11,0.0746,29400000000.0,1460000000.0,11.03,-86.49
3.2e-05,1.9e-05,4e-13,3.5e-10,1.5e-10,0.0746,29400000000.0,1460000000.0,11.03,-86.88
3.2e-05,1.9e-05,4e-13,3.5e-10,2e-10,0.0746,29400000000.0,1460000000.0,11.03,-86.51
3.2e-05,1.9e-05,4e-13,3.5e-10,2.5e-10,0.0746,29400000000.0,1460000000.0,11.03,-86.6
3.2e-05,1.9e-05,4e-13,4.5e-10,1e-10,0.0746,26700000000.0,1250000000.0,11.65,-84.17
3.2e-05,1.9e-05,4e-13,4.5e-10,5e-11,0.0746,26700000000.0,1250000000.0,11.65,-84.22
3.2e-05,1.9e-05,4e-13,4.5e-10,1.5e-10,0.0746,26700000000.0,1250000000.0,11.65,-84.16
3.2e-05,1.9e-05,4e-13,5e-10,1e-10,0.0746,25700000000.0,1170000000.0,11.89,-83.1
3.2e-05,1.9e-05,4e-13,5e-10,5e-11,0.0746,25700000000.0,1170000000.0,11.89,-83.33
3.2e-05,1.9e-05,4e-13,5e-10,1.5e-10,0.0746,25700000000.0,1170000000.0,11.89,-83.09
3.2e-05,1.9e-05,4e-13,5e-10,2e-10,0.0746,25700000000.0,1180000000.0,11.89,-83.89
3.2e-05,1.9e-05,4e-13,5e-10,2.5e-10,0.0746,25700000000.0,1170000000.0,11.89,-83.52
3.2e-05,1.9e-05,6e-13,4e-10,1e-10,0.0746,27900000000.0,1340000000.0,11.36,-84.99
3.2e-05,1.9e-05,6e-13,4e-10,1.5e-10,0.0746,27900000000.0,1340000000.0,11.37,-84.97
3.2e-05,1.9e-05,6e-13,4e-10,2e-10,0.0746,27900000000.0,1340000000.0,11.37,-84.98
3.2e-05,1.9e-05,6e-13,3e-10,1e-10,0.0746,31400000000.0,1620000000.0,10.64,-89.31
3.2e-05,1.9e-05,6e-13,3e-10,5e-11,0.0746,31400000000.0,1620000000.0,10.64,-89.21
3.2e-05,1.9e-05,6e-13,3e-10,1.5e-10,0.0746,31400000000.0,1610000000.0,10.64,-89.56
3.2e-05,1.9e-05,6e-13,3e-10,2e-10,0.0746,31400000000.0,1620000000.0,10.64,-89.39
3.2e-05,1.9e-05,6e-13,3.5e-10,1e-10,0.0746,29400000000.0,1460000000.0,11.03,-86.54
3.2e-05,1.9e-05,6e-13,3.5e-10,5e-11,0.0746,29400000000.0,1450000000.0,11.03,-86.35
3.2e-05,1.9e-05,6e-13,3.5e-10,1.5e-10,0.0746,29400000000.0,1450000000.0,11.03,-86.52
3.2e-05,1.9e-05,6e-13,3.5e-10,2e-10,0.0746,29400000000.0,1460000000.0,11.03,-86.62
3.2e-05,1.9e-05,6e-13,3.5e-10,2.5e-10,0.0746,29400000000.0,1460000000.0,11.03,-86.81
3.2e-05,1.9e-05,6e-13,4.5e-10,1e-10,0.0746,26700000000.0,1240000000.0,11.65,-84.11
3.2e-05,1.9e-05,6e-13,4.5e-10,5e-11,0.0746,26700000000.0,1240000000.0,11.65,-83.82
3.2e-05,1.9e-05,6e-13,4.5e-10,2.5e-10,0.0746,26700000000.0,1250000000.0,11.65,-84.03
3.2e-05,1.9e-05,6e-13,5e-10,1e-10,0.0746,25700000000.0,1180000000.0,11.89,-83.97
3.2e-05,1.9e-05,6e-13,5e-10,5e-11,0.0746,25700000000.0,1170000000.0,11.89,-83.31
3.2e-05,1.9e-05,6e-13,5e-10,1.5e-10,0.0746,25700000000.0,1170000000.0,11.89,-84.49
3.2e-05,1.9e-05,6e-13,5e-10,2e-10,0.0746,25700000000.0,1170000000.0,11.89,-83.38
3.2e-05,1.9e-05,7e-13,4e-10,1e-10,0.0746,27900000000.0,1340000000.0,11.36,-84.94
3.2e-05,1.9e-05,7e-13,4e-10,5e-11,0.0746,27900000000.0,1330000000.0,11.36,-85.34
3.2e-05,1.9e-05,7e-13,4e-10,1.5e-10,0.0746,27900000000.0,1340000000.0,11.36,-85.01
3.2e-05,1.9e-05,7e-13,4e-10,2.5e-10,0.0746,27900000000.0,1340000000.0,11.37,-84.89
3.2e-05,1.9e-05,7e-13,3e-10,1e-10,0.0746,31400000000.0,1620000000.0,10.64,-89.3
3.2e-05,1.9e-05,7e-13,3e-10,5e-11,0.0746,31400000000.0,1620000000.0,10.64,-89.28
3.2e-05,1.9e-05,7e-13,3e-10,1.5e-10,0.0746,31400000000.0,1620000000.0,10.64,-89.7
3.2e-05,1.9e-05,7e-13,3e-10,2e-10,0.0746,31400000000.0,1620000000.0,10.64,-89.05
3.2e-05,1.9e-05,7e-13,3.5e-10,1e-10,0.0746,29400000000.0,1450000000.0,11.03,-86.49
3.2e-05,1.9e-05,7e-13,3.5e-10,5e-11,0.0746,29400000000.0,1450000000.0,11.03,-86.93
3.2e-05,1.9e-05,7e-13,3.5e-10,2e-10,0.0746,29400000000.0,1470000000.0,11.03,-86.77
3.2e-05,1.9e-05,7e-13,3.5e-10,2.5e-10,0.0746,29400000000.0,1460000000.0,11.03,-86.59
3.2e-05,1.9e-05,7e-13,4.5e-10,1e-10,0.0746,26700000000.0,1250000000.0,11.65,-84.1
3.2e-05,1.9e-05,7e-13,4.5e-10,2e-10,0.0746,26700000000.0,1250000000.0,11.65,-84.06
3.2e-05,1.9e-05,7e-13,4.5e-10,2.5e-10,0.0746,26700000000.0,1250000000.0,11.65,-84.13
3.2e-05,1.9e-05,7e-13,5e-10,1e-10,0.0746,25700000000.0,1170000000.0,11.89,-83.47
3.2e-05,1.9e-05,7e-13,5e-10,5e-11,0.0746,25700000000.0,1170000000.0,11.89,-83.21
3.2e-05,1.9e-05,7e-13,5e-10,1.5e-10,0.0746,25700000000.0,1180000000.0,11.89,-83.13
3.2e-05,1.9e-05,7e-13,5e-10,2e-10,0.0746,25700000000.0,1180000000.0,11.89,-83.95
3.2e-05,1.9e-05,7e-13,5e-10,2.5e-10,0.0746,25700000000.0,1180000000.0,11.89,-83.31
3.2e-05,2e-05,5e-13,4e-10,1e-10,0.0746,27900000000.0,1320000000.0,11.34,-85.01
3.2e-05,2e-05,5e-13,4e-10,5e-11,0.0746,27900000000.0,1310000000.0,11.35,-84.66
3.2e-05,2e-05,5e-13,4e-10,1.5e-10,0.0746,27900000000.0,1320000000.0,11.34,-85.11
3.2e-05,2e-05,5e-13,4e-10,2e-10,0.0746,27900000000.0,1320000000.0,11.35,-85.08
3.2e-05,2e-05,5e-13,4e-10,2.5e-10,0.0746,27900000000.0,1320000000.0,11.35,-84.9
3.2e-05,2e-05,5e-13,3e-10,1e-10,0.0746,31300000000.0,1590000000.0,10.61,-89.32
3.2e-05,2e-05,5e-13,3e-10,5e-11,0.0746,31300000000.0,1590000000.0,10.62,-89.34
3.2e-05,2e-05,5e-13,3e-10,2.5e-10,0.0746,31300000000.0,1590000000.0,10.61,-88.98
3.2e-05,2e-05,5e-13,3.5e-10,1e-10,0.0746,29400000000.0,1440000000.0,11.01,-87.66
3.2e-05,2e-05,5e-13,3.5e-10,5e-11,0.0746,29400000000.0,1430000000.0,11.01,-86.44
3.2e-05,2e-05,5e-13,3.5e-10,1.5e-10,0.0746,29400000000.0,1430000000.0,11.01,-86.57
3.2e-05,2e-05,5e-13,3.5e-10,2e-10,0.0746,29400000000.0,1440000000.0,11.01,-83.42
3.2e-05,2e-05,5e-13,3.5e-10,2.5e-10,0.0746,29400000000.0,1430000000.0,11.01,-86.46
3.2e-05,2e-05,5e-13,4.5e-10,1e-10,0.0746,26600000000.0,1230000000.0,11.63,-84.09
3.2e-05,2e-05,5e-13,4.5e-10,5e-11,0.0746,26600000000.0,1230000000.0,11.63,-83.97
3.2e-05,2e-05,5e-13,4.5e-10,1.5e-10,0.0746,26600000000.0,1230000000.0,11.63,-83.95
3.2e-05,2e-05,5e-13,4.5e-10,2e-10,0.0746,26600000000.0,1230000000.0,11.63,-84.18
3.2e-05,2e-05,5e-13,5e-10,1e-10,0.0746,25700000000.0,1170000000.0,11.87,-82.99
3.2e-05,2e-05,5e-13,5e-10,5e-11,0.0746,25700000000.0,1160000000.0,11.87,-82.8
3.2e-05,2e-05,5e-13,5e-10,1.5e-10,0.0746,25700000000.0,1160000000.0,11.87,-83.09
3.2e-05,2e-05,5e-13,5e-10,2e-10,0.0746,25700000000.0,1160000000.0,11.87,-83.22
3.2e-05,2e-05,5e-13,5e-10,2.5e-10,0.0746,25700000000.0,1150000000.0,11.87,-83.14
3.2e-05,2e-05,3e-13,4e-10,1e-10,0.0746,27900000000.0,1320000000.0,11.35,-85.0
3.2e-05,2e-05,3e-13,4e-10,5e-11,0.0746,27900000000.0,1310000000.0,11.35,-85.26
3.2e-05,2e-05,3e-13,4e-10,1.5e-10,0.0746,27900000000.0,1320000000.0,11.35,-84.97
3.2e-05,2e-05,3e-13,4e-10,2e-10,0.0746,27900000000.0,1320000000.0,11.35,-84.96
3.2e-05,2e-05,3e-13,4e-10,2.5e-10,0.0746,27900000000.0,1330000000.0,11.35,-85.04
3.2e-05,2e-05,3e-13,3e-10,1e-10,0.0746,31300000000.0,1590000000.0,10.62,-89.13
3.2e-05,2e-05,3e-13,3e-10,5e-11,0.0746,31300000000.0,1600000000.0,10.61,-88.93
3.2e-05,2e-05,3e-13,3e-10,1.5e-10,0.0746,31300000000.0,1590000000.0,10.62,-89.14
3.2e-05,2e-05,3e-13,3e-10,2e-10,0.0746,31300000000.0,1600000000.0,10.61,-89.06
3.2e-05,2e-05,3e-13,3e-10,2.5e-10,0.0746,31300000000.0,1600000000.0,10.61,-89.83
3.2e-05,2e-05,3e-13,3.5e-10,1e-10,0.0746,29400000000.0,1440000000.0,11.01,-86.37
3.2e-05,2e-05,3e-13,3.5e-10,5e-11,0.0746,29400000000.0,1440000000.0,11.01,-87.11
3.2e-05,2e-05,3e-13,3.5e-10,1.5e-10,0.0746,29400000000.0,1440000000.0,11.01,-86.5
3.2e-05,2e-05,3e-13,3.5e-10,2e-10,0.0746,29400000000.0,1440000000.0,11.01,-86.54
3.2e-05,2e-05,3e-13,3.5e-10,2.5e-10,0.0746,29400000000.0,1440000000.0,11.01,-86.18
3.2e-05,2e-05,3e-13,4.5e-10,1e-10,0.0746,26700000000.0,1220000000.0,11.63,-84.0
3.2e-05,2e-05,3e-13,4.5e-10,5e-11,0.0746,26700000000.0,1230000000.0,11.63,-84.0
3.2e-05,2e-05,3e-13,4.5e-10,1.5e-10,0.0746,26700000000.0,1230000000.0,11.63,-84.09
3.2e-05,2e-05,3e-13,4.5e-10,2e-10,0.0746,26700000000.0,1230000000.0,11.63,-84.07
3.2e-05,2e-05,3e-13,4.5e-10,2.5e-10,0.0746,26700000000.0,1230000000.0,11.63,-83.68
3.2e-05,2e-05,3e-13,5e-10,1e-10,0.0746,25700000000.0,1160000000.0,11.87,-83.27
3.2e-05,2e-05,3e-13,5e-10,5e-11,0.0746,25700000000.0,1160000000.0,11.87,-82.9
3.2e-05,2e-05,3e-13,5e-10,1.5e-10,0.0746,25700000000.0,1170000000.0,11.87,-83.18
3.2e-05,2e-05,3e-13,5e-10,2e-10,0.0746,25700000000.0,1160000000.0,11.87,-83.26
3.2e-05,2e-05,3e-13,5e-10,2.5e-10,0.0746,25700000000.0,1150000000.0,11.87,-83.37
3.2e-05,2e-05,4e-13,4e-10,1.5e-10,0.0746,27900000000.0,1330000000.0,11.35,-85.06
3.2e-05,2e-05,4e-13,4e-10,2e-10,0.0746,27900000000.0,1310000000.0,11.35,-84.96
3.2e-05,2e-05,4e-13,4e-10,2.5e-10,0.0746,27900000000.0,1320000000.0,11.35,-85.22
3.2e-05,2e-05,4e-13,3e-10,1e-10,0.0746,31300000000.0,1590000000.0,10.62,-88.98
3.2e-05,2e-05,4e-13,3e-10,5e-11,0.0746,31300000000.0,1590000000.0,10.62,-89.41
3.2e-05,2e-05,4e-13,3e-10,1.5e-10,0.0746,31300000000.0,1590000000.0,10.62,-89.3
3.2e-05,2e-05,4e-13,3e-10,2.5e-10,0.0746,31300000000.0,1600000000.0,10.61,-89.64
3.2e-05,2e-05,4e-13,3.5e-10,1e-10,0.0746,29400000000.0,1430000000.0,11.01,-86.53
3.2e-05,2e-05,4e-13,3.5e-10,5e-11,0.0746,29400000000.0,1440000000.0,11.01,-86.44
3.2e-05,2e-05,4e-13,3.5e-10,2.5e-10,0.0746,29400000000.0,1440000000.0,11.01,-86.19
3.2e-05,2e-05,4e-13,4.5e-10,1e-10,0.0746,26700000000.0,1230000000.0,11.63,-83.82
3.2e-05,2e-05,4e-13,4.5e-10,1.5e-10,0.0746,26600000000.0,1230000000.0,11.63,-83.85
3.2e-05,2e-05,4e-13,4.5e-10,2.5e-10,0.0746,26600000000.0,1230000000.0,11.63,-83.86
3.2e-05,2e-05,4e-13,5e-10,1e-10,0.0746,25700000000.0,1160000000.0,11.87,-82.91
3.2e-05,2e-05,4e-13,5e-10,5e-11,0.0746,25700000000.0,1160000000.0,11.87,-83.53
3.2e-05,2e-05,4e-13,5e-10,1.5e-10,0.0746,25700000000.0,1160000000.0,11.87,-82.82
3.2e-05,2e-05,4e-13,5e-10,2e-10,0.0746,25700000000.0,1160000000.0,11.87,-84.03
3.2e-05,2e-05,4e-13,5e-10,2.5e-10,0.0746,25700000000.0,1170000000.0,11.87,-83.07
3.2e-05,2e-05,6e-13,4e-10,1e-10,0.0746,27900000000.0,1320000000.0,11.34,-84.69
3.2e-05,2e-05,6e-13,4e-10,5e-11,0.0746,27900000000.0,1320000000.0,11.35,-84.71
3.2e-05,2e-05,6e-13,4e-10,1.5e-10,0.0746,27900000000.0,1320000000.0,11.35,-85.15
3.2e-05,2e-05,6e-13,4e-10,2e-10,0.0746,27900000000.0,1320000000.0,11.34,-84.99
3.2e-05,2e-05,6e-13,4e-10,2.5e-10,0.0746,27900000000.0,1320000000.0,11.35,-84.89
3.2e-05,2e-05,6e-13,3e-10,1e-10,0.0746,31300000000.0,1590000000.0,10.61,-88.99
3.2e-05,2e-05,6e-13,3e-10,1.5e-10,0.0746,31300000000.0,1590000000.0,10.61,-89.21
3.2e-05,2e-05,6e-13,3e-10,2e-10,0.0746,31300000000.0,1590000000.0,10.61,-89.35
3.2e-05,2e-05,6e-13,3e-10,2.5e-10,0.0746,31300000000.0,1590000000.0,10.61,-89.64
3.2e-05,2e-05,6e-13,3.5e-10,1e-10,0.0746,29400000000.0,1430000000.0,11.01,-86.67
3.2e-05,2e-05,6e-13,3.5e-10,5e-11,0.0746,29400000000.0,1430000000.0,11.01,-86.83
3.2e-05,2e-05,6e-13,3.5e-10,1.5e-10,0.0746,29400000000.0,1440000000.0,11.01,-83.43
3.2e-05,2e-05,6e-13,3.5e-10,2e-10,0.0746,29400000000.0,1440000000.0,11.01,-86.64
3.2e-05,2e-05,6e-13,3.5e-10,2.5e-10,0.0746,29400000000.0,1430000000.0,11.01,-86.4
3.2e-05,2e-05,6e-13,4.5e-10,1e-10,0.0746,26600000000.0,1220000000.0,11.63,-83.97
3.2e-05,2e-05,6e-13,4.5e-10,5e-11,0.0746,26600000000.0,1230000000.0,11.63,-83.83
3.2e-05,2e-05,6e-13,4.5e-10,2e-10,0.0746,26600000000.0,1230000000.0,11.63,-83.89
3.2e-05,2e-05,6e-13,5e-10,1e-10,0.0746,25700000000.0,1150000000.0,11.87,-83.62
3.2e-05,2e-05,6e-13,5e-10,5e-11,0.0746,25700000000.0,1160000000.0,11.87,-84.09
3.2e-05,2e-05,6e-13,5e-10,1.5e-10,0.0746,25700000000.0,1160000000.0,11.87,-83.41
3.2e-05,2e-05,6e-13,5e-10,2e-10,0.0746,25700000000.0,1160000000.0,11.87,-83.25
3.2e-05,2e-05,6e-13,5e-10,2.5e-10,0.0746,25700000000.0,1160000000.0,11.87,-83.37
3.2e-05,2e-05,7e-13,4e-10,1e-10,0.0746,27900000000.0,1320000000.0,11.34,-85.56
3.2e-05,2e-05,7e-13,4e-10,5e-11,0.0746,27900000000.0,1320000000.0,11.35,-84.82
3.2e-05,2e-05,7e-13,4e-10,1.5e-10,0.0746,27900000000.0,1320000000.0,11.35,-85.38
3.2e-05,2e-05,7e-13,4e-10,2e-10,0.0746,27900000000.0,1320000000.0,11.35,-84.87
3.2e-05,2e-05,7e-13,4e-10,2.5e-10,0.0746,27900000000.0,1320000000.0,11.35,-85.02
3.2e-05,2e-05,7e-13,3e-10,1e-10,0.0746,31300000000.0,1600000000.0,10.61,-88.94
3.2e-05,2e-05,7e-13,3e-10,5e-11,0.0746,31300000000.0,1590000000.0,10.61,-89.45
3.2e-05,2e-05,7e-13,3e-10,1.5e-10,0.0746,31300000000.0,1600000000.0,10.61,-88.99
3.2e-05,2e-05,7e-13,3.5e-10,1e-10,0.0746,29400000000.0,1440000000.0,11.01,-86.65
3.2e-05,2e-05,7e-13,3.5e-10,1.5e-10,0.0746,29400000000.0,1440000000.0,11.01,-83.44
3.2e-05,2e-05,7e-13,3.5e-10,2e-10,0.0746,29400000000.0,1430000000.0,11.01,-86.07
3.2e-05,2e-05,7e-13,4.5e-10,5e-11,0.0746,26600000000.0,1230000000.0,11.63,-83.74
3.2e-05,2e-05,7e-13,4.5e-10,1.5e-10,0.0746,26600000000.0,1230000000.0,11.63,-83.98
3.2e-05,2e-05,7e-13,4.5e-10,2e-10,0.0746,26600000000.0,1230000000.0,11.63,-87.18
3.2e-05,2e-05,7e-13,5e-10,1e-10,0.0746,25700000000.0,1150000000.0,11.87,-83.0
3.2e-05,2e-05,7e-13,5e-10,5e-11,0.0746,25700000000.0,1160000000.0,11.87,-83.17
3.2e-05,2e-05,7e-13,5e-10,2e-10,0.0746,25700000000.0,1150000000.0,11.87,-83.33
3.2e-05,2e-05,7e-13,5e-10,2.5e-10,0.0746,25700000000.0,1160000000.0,11.87,-83.39
3.2e-05,2.1e-05,5e-13,4e-10,1e-10,0.0746,27800000000.0,1300000000.0,11.32,-85.31
3.2e-05,2.1e-05,5e-13,4e-10,5e-11,0.0746,27800000000.0,1290000000.0,11.32,-84.68
3.2e-05,2.1e-05,5e-13,4e-10,1.5e-10,0.0746,27800000000.0,1300000000.0,11.32,-84.7
3.2e-05,2.1e-05,5e-13,4e-10,2e-10,0.0746,27800000000.0,1290000000.0,11.32,-84.13
3.2e-05,2.1e-05,5e-13,4e-10,2.5e-10,0.0746,27800000000.0,1300000000.0,11.32,-84.82
3.2e-05,2.1e-05,5e-13,3e-10,1e-10,0.0746,31200000000.0,1560000000.0,10.58,-88.69
3.2e-05,2.1e-05,5e-13,3e-10,5e-11,0.0746,31200000000.0,1550000000.0,10.58,-88.67
3.2e-05,2.1e-05,5e-13,3e-10,1.5e-10,0.0746,31200000000.0,1560000000.0,10.58,-89.0
3.2e-05,2.1e-05,5e-13,3e-10,2e-10,0.0746,31200000000.0,1560000000.0,10.58,-88.76
3.2e-05,2.1e-05,5e-13,3e-10,2.5e-10,0.0746,31200000000.0,1560000000.0,10.58,-88.77
3.2e-05,2.1e-05,5e-13,3.5e-10,1e-10,0.0746,29300000000.0,1410000000.0,10.98,-85.65
3.2e-05,2.1e-05,5e-13,3.5e-10,5e-11,0.0746,29300000000.0,1410000000.0,10.99,-85.98
3.2e-05,2.1e-05,5e-13,3.5e-10,1.5e-10,0.0746,29300000000.0,1410000000.0,10.98,-86.26
3.2e-05,2.1e-05,5e-13,3.5e-10,2e-10,0.0746,29300000000.0,1410000000.0,10.98,-86.37
3.2e-05,2.1e-05,5e-13,3.5e-10,2.5e-10,0.0746,29300000000.0,1400000000.0,10.98,-86.2
3.2e-05,2.1e-05,5e-13,4.5e-10,1e-10,0.0746,26600000000.0,1200000000.0,11.61,-83.83
3.2e-05,2.1e-05,5e-13,4.5e-10,5e-11,0.0746,26600000000.0,1210000000.0,11.61,-83.91
3.2e-05,2.1e-05,5e-13,4.5e-10,1.5e-10,0.0746,26600000000.0,1210000000.0,11.61,-83.78
3.2e-05,2.1e-05,5e-13,4.5e-10,2e-10,0.0746,26600000000.0,1210000000.0,11.61,-83.74
3.2e-05,2.1e-05,5e-13,5e-10,1e-10,0.0746,25600000000.0,1140000000.0,11.85,-83.52
3.2e-05,2.1e-05,5e-13,5e-10,5e-11,0.0746,25600000000.0,1140000000.0,11.85,-83.13
3.2e-05,2.1e-05,5e-13,5e-10,1.5e-10,0.0746,25600000000.0,1130000000.0,11.85,-83.04
3.2e-05,2.1e-05,5e-13,5e-10,2e-10,0.0746,25600000000.0,1130000000.0,11.85,-82.86
3.2e-05,2.1e-05,5e-13,5e-10,2.5e-10,0.0746,25600000000.0,1140000000.0,11.85,-83.2
3.2e-05,2.1e-05,3e-13,4e-10,1e-10,0.0746,27800000000.0,1300000000.0,11.32,-84.67
3.2e-05,2.1e-05,3e-13,4e-10,5e-11,0.0746,27800000000.0,1300000000.0,11.32,-84.89
3.2e-05,2.1e-05,3e-13,4e-10,1.5e-10,0.0746,27800000000.0,1300000000.0,11.32,-84.74
3.2e-05,2.1e-05,3e-13,4e-10,2e-10,0.0746,27800000000.0,1300000000.0,11.32,-85.82
3.2e-05,2.1e-05,3e-13,4e-10,2.5e-10,0.0746,27800000000.0,1300000000.0,11.32,-84.68
3.2e-05,2.1e-05,3e-13,3e-10,1e-10,0.0746,31200000000.0,1550000000.0,10.58,-88.69
3.2e-05,2.1e-05,3e-13,3e-10,5e-11,0.0746,31200000000.0,1560000000.0,10.58,-88.97
3.2e-05,2.1e-05,3e-13,3e-10,1.5e-10,0.0746,31200000000.0,1550000000.0,10.58,-88.88
3.2e-05,2.1e-05,3e-13,3e-10,2e-10,0.0746,31200000000.0,1560000000.0,10.58,-89.4
3.2e-05,2.1e-05,3e-13,3.5e-10,1e-10,0.0746,29300000000.0,1410000000.0,10.98,-86.09
3.2e-05,2.1e-05,3e-13,3.5e-10,5e-11,0.0746,29300000000.0,1410000000.0,10.99,-86.17
3.2e-05,2.1e-05,3e-13,3.5e-10,1.5e-10,0.0746,29300000000.0,1410000000.0,10.98,-87.07
3.2e-05,2.1e-05,3e-13,3.5e-10,2e-10,0.0746,29300000000.0,1400000000.0,10.98,-86.17
3.2e-05,2.1e-05,3e-13,3.5e-10,2.5e-10,0.0746,29300000000.0,1410000000.0,10.99,-86.44
3.2e-05,2.1e-05,3e-13,4.5e-10,1e-10,0.0746,26600000000.0,1210000000.0,11.61,-83.64
3.2e-05,2.1e-05,3e-13,4.5e-10,5e-11,0.0746,26600000000.0,1210000000.0,11.61,-83.81
3.2e-05,2.1e-05,3e-13,4.5e-10,1.5e-10,0.0746,26600000000.0,1210000000.0,11.61,-83.83
3.2e-05,2.1e-05,3e-13,4.5e-10,2e-10,0.0746,26600000000.0,1210000000.0,11.61,-83.53
3.2e-05,2.1e-05,3e-13,4.5e-10,2.5e-10,0.0746,26600000000.0,1210000000.0,11.61,-83.56
3.2e-05,2.1e-05,3e-13,5e-10,1e-10,0.0746,25600000000.0,1130000000.0,11.85,-83.11
3.2e-05,2.1e-05,3e-13,5e-10,5e-11,0.0746,25600000000.0,1140000000.0,11.85,-83.11
3.2e-05,2.1e-05,3e-13,5e-10,1.5e-10,0.0746,25600000000.0,1150000000.0,11.85,-83.06
3.2e-05,2.1e-05,3e-13,5e-10,2e-10,0.0746,25600000000.0,1130000000.0,11.85,-82.88
3.2e-05,2.1e-05,3e-13,5e-10,2.5e-10,0.0746,25600000000.0,1140000000.0,11.85,-82.83
3.2e-05,2.1e-05,4e-13,4e-10,1e-10,0.0746,27800000000.0,1290000000.0,11.32,-84.41
3.2e-05,2.1e-05,4e-13,4e-10,5e-11,0.0746,27800000000.0,1300000000.0,11.32,-84.92
3.2e-05,2.1e-05,4e-13,4e-10,1.5e-10,0.0746,27800000000.0,1310000000.0,11.32,-85.21
3.2e-05,2.1e-05,4e-13,4e-10,2e-10,0.0746,27800000000.0,1300000000.0,11.32,-84.72
3.2e-05,2.1e-05,4e-13,4e-10,2.5e-10,0.0746,27800000000.0,1300000000.0,11.32,-84.46
3.2e-05,2.1e-05,4e-13,3e-10,1e-10,0.0746,31200000000.0,1550000000.0,10.58,-89.01
3.2e-05,2.1e-05,4e-13,3e-10,5e-11,0.0746,31200000000.0,1560000000.0,10.58,-89.01
3.2e-05,2.1e-05,4e-13,3e-10,1.5e-10,0.0746,31200000000.0,1550000000.0,10.58,-89.78
3.2e-05,2.1e-05,4e-13,3e-10,2e-10,0.0746,31200000000.0,1550000000.0,10.58,-89.03
3.2e-05,2.1e-05,4e-13,3e-10,2.5e-10,0.0746,31200000000.0,1550000000.0,10.58,-89.13
3.2e-05,2.1e-05,4e-13,3.5e-10,1e-10,0.0746,29300000000.0,1410000000.0,10.98,-86.44
3.2e-05,2.1e-05,4e-13,3.5e-10,5e-11,0.0746,29300000000.0,1400000000.0,10.99,-86.39
3.2e-05,2.1e-05,4e-13,3.5e-10,1.5e-10,0.0746,29300000000.0,1410000000.0,10.98,-86.36
3.2e-05,2.1e-05,4e-13,3.5e-10,2e-10,0.0746,29300000000.0,1410000000.0,10.98,-86.24
3.2e-05,2.1e-05,4e-13,3.5e-10,2.5e-10,0.0746,29300000000.0,1400000000.0,10.98,-85.8
3.2e-05,2.1e-05,4e-13,4.5e-10,1e-10,0.0746,26600000000.0,1210000000.0,11.61,-83.66
3.2e-05,2.1e-05,4e-13,4.5e-10,5e-11,0.0746,26600000000.0,1210000000.0,11.61,-83.6
3.2e-05,2.1e-05,4e-13,4.5e-10,2e-10,0.0746,26600000000.0,1210000000.0,11.61,-83.65
3.2e-05,2.1e-05,4e-13,4.5e-10,2.5e-10,0.0746,26600000000.0,1210000000.0,11.61,-83.69
3.2e-05,2.1e-05,4e-13,5e-10,1e-10,0.0746,25600000000.0,1140000000.0,11.85,-83.23
3.2e-05,2.1e-05,4e-13,5e-10,5e-11,0.0746,25600000000.0,1140000000.0,11.85,-83.22
3.2e-05,2.1e-05,4e-13,5e-10,2e-10,0.0746,25600000000.0,1130000000.0,11.85,-82.87
3.2e-05,2.1e-05,4e-13,5e-10,2.5e-10,0.0746,25600000000.0,1140000000.0,11.85,-83.31
3.2e-05,2.1e-05,6e-13,4e-10,1e-10,0.0746,27800000000.0,1300000000.0,11.32,-84.69
3.2e-05,2.1e-05,6e-13,4e-10,5e-11,0.0746,27800000000.0,1300000000.0,11.32,-84.94
3.2e-05,2.1e-05,6e-13,4e-10,1.5e-10,0.0746,27800000000.0,1290000000.0,11.32,-84.18
3.2e-05,2.1e-05,6e-13,3e-10,1e-10,0.0746,31200000000.0,1560000000.0,10.58,-88.72
3.2e-05,2.1e-05,6e-13,3e-10,1.5e-10,0.0746,31200000000.0,1560000000.0,10.58,-89.38
3.2e-05,2.1e-05,6e-13,3e-10,2.5e-10,0.0746,31200000000.0,1560000000.0,10.58,-88.7
3.2e-05,2.1e-05,6e-13,3.5e-10,1e-10,0.0746,29300000000.0,1410000000.0,10.98,-86.64
3.2e-05,2.1e-05,6e-13,3.5e-10,5e-11,0.0746,29300000000.0,1410000000.0,10.98,-87.05
3.2e-05,2.1e-05,6e-13,3.5e-10,2.5e-10,0.0746,29300000000.0,1400000000.0,10.98,-85.65
3.2e-05,2.1e-05,6e-13,4.5e-10,5e-11,0.0746,26600000000.0,1210000000.0,11.61,-83.46
3.2e-05,2.1e-05,6e-13,4.5e-10,1.5e-10,0.0746,26600000000.0,1210000000.0,11.61,-86.37
3.2e-05,2.1e-05,6e-13,4.5e-10,2e-10,0.0746,26600000000.0,1210000000.0,11.61,-84.61
3.2e-05,2.1e-05,6e-13,4.5e-10,2.5e-10,0.0746,26600000000.0,1210000000.0,11.61,-83.92
3.2e-05,2.1e-05,6e-13,5e-10,1e-10,0.0746,25600000000.0,1130000000.0,11.85,-82.91
3.2e-05,2.1e-05,6e-13,5e-10,5e-11,0.0746,25600000000.0,1140000000.0,11.85,-83.07
3.2e-05,2.1e-05,6e-13,5e-10,1.5e-10,0.0746,25600000000.0,1140000000.0,11.85,-83.03
3.2e-05,2.1e-05,6e-13,5e-10,2e-10,0.0746,25600000000.0,1140000000.0,11.85,-83.21
3.2e-05,2.1e-05,7e-13,4e-10,1e-10,0.0746,27800000000.0,1290000000.0,11.32,-85.0
3.2e-05,2.1e-05,7e-13,4e-10,5e-11,0.0746,27800000000.0,1300000000.0,11.32,-84.83
3.2e-05,2.1e-05,7e-13,4e-10,1.5e-10,0.0746,27800000000.0,1300000000.0,11.32,-85.3
3.2e-05,2.1e-05,7e-13,4e-10,2e-10,0.0746,27800000000.0,1300000000.0,11.32,-84.84
3.2e-05,2.1e-05,7e-13,3e-10,1e-10,0.0746,31200000000.0,1560000000.0,10.58,-89.24
3.2e-05,2.1e-05,7e-13,3e-10,5e-11,0.0746,31200000000.0,1560000000.0,10.58,-88.67
3.2e-05,2.1e-05,7e-13,3e-10,2e-10,0.0746,31200000000.0,1560000000.0,10.58,-88.74
3.2e-05,2.1e-05,7e-13,3e-10,2.5e-10,0.0746,31200000000.0,1550000000.0,10.58,-89.12
3.2e-05,2.1e-05,7e-13,3.5e-10,1e-10,0.0746,29300000000.0,1410000000.0,10.98,-86.38
3.2e-05,2.1e-05,7e-13,3.5e-10,1.5e-10,0.0746,29300000000.0,1410000000.0,10.98,-86.08
3.2e-05,2.1e-05,7e-13,3.5e-10,2e-10,0.0746,29300000000.0,1410000000.0,10.98,-86.55
3.2e-05,2.1e-05,7e-13,3.5e-10,2.5e-10,0.0746,29300000000.0,1410000000.0,10.98,-86.46
3.2e-05,2.1e-05,7e-13,4.5e-10,1e-10,0.0746,26600000000.0,1210000000.0,11.61,-83.96
3.2e-05,2.1e-05,7e-13,4.5e-10,5e-11,0.0746,26600000000.0,1210000000.0,11.61,-83.99
3.2e-05,2.1e-05,7e-13,4.5e-10,1.5e-10,0.0746,26600000000.0,1210000000.0,11.61,-83.73
3.2e-05,2.1e-05,7e-13,5e-10,1e-10,0.0746,25600000000.0,1140000000.0,11.85,-82.8
3.2e-05,2.1e-05,7e-13,5e-10,5e-11,0.0746,25600000000.0,1140000000.0,11.85,-82.94
3.2e-05,2.1e-05,7e-13,5e-10,1.5e-10,0.0746,25600000000.0,1140000000.0,11.85,-83.45
3.2e-05,2.1e-05,7e-13,5e-10,2e-10,0.0746,25600000000.0,1130000000.0,11.85,-83.23
3.2e-05,2.1e-05,7e-13,5e-10,2.5e-10,0.0746,25600000000.0,1130000000.0,11.85,-83.21
3.2e-05,2.2e-05,5e-13,4e-10,1e-10,0.0746,27700000000.0,1270000000.0,11.29,-84.58
3.2e-05,2.2e-05,5e-13,4e-10,5e-11,0.0746,27700000000.0,1270000000.0,11.29,-84.72
3.2e-05,2.2e-05,5e-13,4e-10,1.5e-10,0.0746,27700000000.0,1270000000.0,11.3,-84.74
3.2e-05,2.2e-05,5e-13,4e-10,2e-10,0.0746,27700000000.0,1260000000.0,11.29,-84.75
3.2e-05,2.2e-05,5e-13,4e-10,2.5e-10,0.0746,27700000000.0,1260000000.0,11.29,-84.74
3.2e-05,2.2e-05,5e-13,3e-10,1e-10,0.0746,31200000000.0,1510000000.0,10.55,-88.76
3.2e-05,2.2e-05,5e-13,3e-10,5e-11,0.0746,31200000000.0,1520000000.0,10.54,-88.64
3.2e-05,2.2e-05,5e-13,3e-10,1.5e-10,0.0746,31200000000.0,1510000000.0,10.55,-88.47
3.2e-05,2.2e-05,5e-13,3e-10,2e-10,0.0746,31200000000.0,1520000000.0,10.55,-88.77
3.2e-05,2.2e-05,5e-13,3e-10,2.5e-10,0.0746,31200000000.0,1510000000.0,10.55,-88.46
3.2e-05,2.2e-05,5e-13,3.5e-10,1e-10,0.0746,29200000000.0,1370000000.0,10.95,-86.01
3.2e-05,2.2e-05,5e-13,3.5e-10,5e-11,0.0746,29200000000.0,1370000000.0,10.95,-86.27
3.2e-05,2.2e-05,5e-13,3.5e-10,1.5e-10,0.0746,29200000000.0,1380000000.0,10.95,-86.03
3.2e-05,2.2e-05,5e-13,3.5e-10,2.5e-10,0.0746,29200000000.0,1360000000.0,10.95,-85.92
3.2e-05,2.2e-05,5e-13,4.5e-10,1e-10,0.0746,26500000000.0,1180000000.0,11.58,-83.64
3.2e-05,2.2e-05,5e-13,4.5e-10,5e-11,0.0746,26500000000.0,1180000000.0,11.58,-83.62
3.2e-05,2.2e-05,5e-13,4.5e-10,1.5e-10,0.0746,26500000000.0,1180000000.0,11.59,-83.48
3.2e-05,2.2e-05,5e-13,4.5e-10,2e-10,0.0746,26500000000.0,1180000000.0,11.58,-83.61
3.2e-05,2.2e-05,5e-13,4.5e-10,2.5e-10,0.0746,26500000000.0,1170000000.0,11.58,-83.82
3.2e-05,2.2e-05,5e-13,5e-10,1e-10,0.0746,25500000000.0,1110000000.0,11.83,-85.7
3.2e-05,2.2e-05,5e-13,5e-10,5e-11,0.0746,25500000000.0,1110000000.0,11.83,-82.97
3.2e-05,2.2e-05,5e-13,5e-10,1.5e-10,0.0746,25500000000.0,1110000000.0,11.83,-85.92
3.2e-05,2.2e-05,5e-13,5e-10,2e-10,0.0746,25500000000.0,1110000000.0,11.83,-83.25
3.2e-05,2.2e-05,5e-13,5e-10,2.5e-10,0.0746,25500000000.0,1100000000.0,11.83,-83.03
3.2e-05,2.2e-05,3e-13,4e-10,1e-10,0.0746,27700000000.0,1260000000.0,11.29,-84.57
3.2e-05,2.2e-05,3e-13,4e-10,5e-11,0.0746,27700000000.0,1260000000.0,11.29,-84.52
3.2e-05,2.2e-05,3e-13,4e-10,1.5e-10,0.0746,27700000000.0,1270000000.0,11.29,-84.59
3.2e-05,2.2e-05,3e-13,4e-10,2e-10,0.0746,27700000000.0,1270000000.0,11.3,-84.55
3.2e-05,2.2e-05,3e-13,4e-10,2.5e-10,0.0746,27700000000.0,1270000000.0,11.29,-84.5
3.2e-05,2.2e-05,3e-13,3e-10,1e-10,0.0746,31200000000.0,1520000000.0,10.55,-88.92
3.2e-05,2.2e-05,3e-13,3e-10,5e-11,0.0746,31200000000.0,1510000000.0,10.55,-88.35
3.2e-05,2.2e-05,3e-13,3e-10,2e-10,0.0746,31200000000.0,1510000000.0,10.55,-73.7
3.2e-05,2.2e-05,3e-13,3e-10,2.5e-10,0.0746,31200000000.0,1510000000.0,10.55,-88.67
3.2e-05,2.2e-05,3e-13,3.5e-10,1e-10,0.0746,29200000000.0,1380000000.0,10.95,-86.39
3.2e-05,2.2e-05,3e-13,3.5e-10,5e-11,0.0746,29200000000.0,1370000000.0,10.95,-86.29
3.2e-05,2.2e-05,3e-13,3.5e-10,2e-10,0.0746,29200000000.0,1370000000.0,10.95,-86.02
3.2e-05,2.2e-05,3e-13,3.5e-10,2.5e-10,0.0746,29200000000.0,1380000000.0,10.95,-86.36
3.2e-05,2.2e-05,3e-13,4.5e-10,1e-10,0.0746,26500000000.0,1180000000.0,11.58,-83.58
3.2e-05,2.2e-05,3e-13,4.5e-10,5e-11,0.0746,26500000000.0,1180000000.0,11.58,-84.06
3.2e-05,2.2e-05,3e-13,4.5e-10,1.5e-10,0.0746,26500000000.0,1180000000.0,11.59,-83.56
3.2e-05,2.2e-05,3e-13,4.5e-10,2e-10,0.0746,26500000000.0,1180000000.0,11.59,-83.46
3.2e-05,2.2e-05,3e-13,4.5e-10,2.5e-10,0.0746,26500000000.0,1170000000.0,11.58,-83.99
3.2e-05,2.2e-05,3e-13,5e-10,1e-10,0.0746,25500000000.0,1110000000.0,11.82,-82.84
3.2e-05,2.2e-05,3e-13,5e-10,5e-11,0.0746,25500000000.0,1120000000.0,11.82,-83.03
3.2e-05,2.2e-05,3e-13,5e-10,1.5e-10,0.0746,25500000000.0,1110000000.0,11.82,-82.82
3.2e-05,2.2e-05,3e-13,5e-10,2e-10,0.0746,25500000000.0,1110000000.0,11.83,-82.84
3.2e-05,2.2e-05,3e-13,5e-10,2.5e-10,0.0746,25500000000.0,1110000000.0,11.83,-82.74
3.2e-05,2.2e-05,4e-13,4e-10,1e-10,0.0746,27700000000.0,1260000000.0,11.29,-83.29
3.2e-05,2.2e-05,4e-13,4e-10,5e-11,0.0746,27700000000.0,1260000000.0,11.29,-83.86
3.2e-05,2.2e-05,4e-13,4e-10,2e-10,0.0746,27700000000.0,1260000000.0,11.29,-84.91
3.2e-05,2.2e-05,4e-13,4e-10,2.5e-10,0.0746,27700000000.0,1260000000.0,11.29,-85.07
3.2e-05,2.2e-05,4e-13,3e-10,1e-10,0.0746,31200000000.0,1510000000.0,10.55,-88.33
3.2e-05,2.2e-05,4e-13,3e-10,5e-11,0.0746,31200000000.0,1510000000.0,10.54,-88.48
3.2e-05,2.2e-05,4e-13,3e-10,1.5e-10,0.0746,31200000000.0,1510000000.0,10.55,-88.44
3.2e-05,2.2e-05,4e-13,3e-10,2e-10,0.0746,31200000000.0,1520000000.0,10.55,-88.43
3.2e-05,2.2e-05,4e-13,3e-10,2.5e-10,0.0746,31200000000.0,1510000000.0,10.55,-88.69
3.2e-05,2.2e-05,4e-13,3.5e-10,5e-11,0.0746,29200000000.0,1380000000.0,10.95,-86.09
3.2e-05,2.2e-05,4e-13,3.5e-10,1.5e-10,0.0746,29200000000.0,1380000000.0,10.95,-85.95
3.2e-05,2.2e-05,4e-13,3.5e-10,2e-10,0.0746,29200000000.0,1360000000.0,10.95,-86.5
3.2e-05,2.2e-05,4e-13,4.5e-10,1e-10,0.0746,26500000000.0,1180000000.0,11.58,-83.76
3.2e-05,2.2e-05,4e-13,4.5e-10,5e-11,0.0746,26500000000.0,1180000000.0,11.58,-83.23
3.2e-05,2.2e-05,4e-13,4.5e-10,1.5e-10,0.0746,26500000000.0,1180000000.0,11.58,-83.63
3.2e-05,2.2e-05,4e-13,4.5e-10,2e-10,0.0746,26500000000.0,1180000000.0,11.59,-83.49
3.2e-05,2.2e-05,4e-13,4.5e-10,2.5e-10,0.0746,26500000000.0,1180000000.0,11.59,-83.55
3.2e-05,2.2e-05,4e-13,5e-10,1e-10,0.0746,25500000000.0,1110000000.0,11.83,-83.05
3.2e-05,2.2e-05,4e-13,5e-10,1.5e-10,0.0746,25500000000.0,1110000000.0,11.82,-83.09
3.2e-05,2.2e-05,4e-13,5e-10,2e-10,0.0746,25500000000.0,1110000000.0,11.82,-82.34
3.2e-05,2.2e-05,4e-13,5e-10,2.5e-10,0.0746,25500000000.0,1110000000.0,11.83,-82.83
3.2e-05,2.2e-05,6e-13,4e-10,5e-11,0.0746,27700000000.0,1260000000.0,11.3,-84.62
3.2e-05,2.2e-05,6e-13,4e-10,1.5e-10,0.0746,27700000000.0,1270000000.0,11.29,-85.66
3.2e-05,2.2e-05,6e-13,4e-10,2e-10,0.0746,27700000000.0,1270000000.0,11.29,-84.67
3.2e-05,2.2e-05,6e-13,4e-10,2.5e-10,0.0746,27700000000.0,1260000000.0,11.3,-84.57
3.2e-05,2.2e-05,6e-13,3e-10,1e-10,0.0746,31100000000.0,1510000000.0,10.54,-88.77
3.2e-05,2.2e-05,6e-13,3e-10,5e-11,0.0746,31100000000.0,1510000000.0,10.54,-88.7
3.2e-05,2.2e-05,6e-13,3e-10,1.5e-10,0.0746,31100000000.0,1510000000.0,10.55,-88.64
3.2e-05,2.2e-05,6e-13,3e-10,2e-10,0.0746,31100000000.0,1510000000.0,10.54,-88.65
3.2e-05,2.2e-05,6e-13,3e-10,2.5e-10,0.0746,31100000000.0,1520000000.0,10.54,-88.79
3.2e-05,2.2e-05,6e-13,3.5e-10,1e-10,0.0746,29200000000.0,1370000000.0,10.95,-87.31
3.2e-05,2.2e-05,6e-13,3.5e-10,2.5e-10,0.0746,29200000000.0,1370000000.0,10.95,-85.99
3.2e-05,2.2e-05,6e-13,4.5e-10,1.5e-10,0.0746,26500000000.0,1180000000.0,11.59,-83.31
3.2e-05,2.2e-05,6e-13,5e-10,1e-10,0.0746,25500000000.0,1110000000.0,11.83,-83.13
3.2e-05,2.2e-05,6e-13,5e-10,5e-11,0.0746,25500000000.0,1120000000.0,11.82,-82.76
3.2e-05,2.2e-05,6e-13,5e-10,1.5e-10,0.0746,25500000000.0,1120000000.0,11.82,-82.92
3.2e-05,2.2e-05,6e-13,5e-10,2e-10,0.0746,25500000000.0,1110000000.0,11.82,-82.73
3.2e-05,2.2e-05,6e-13,5e-10,2.5e-10,0.0746,25500000000.0,1100000000.0,11.83,-82.86
3.2e-05,2.2e-05,7e-13,4e-10,1e-10,0.0746,27700000000.0,1260000000.0,11.29,-84.51
3.2e-05,2.2e-05,7e-13,4e-10,5e-11,0.0746,27700000000.0,1260000000.0,11.29,-80.47
3.2e-05,2.2e-05,7e-13,4e-10,1.5e-10,0.0746,27700000000.0,1260000000.0,11.29,-84.46
3.2e-05,2.2e-05,7e-13,4e-10,2e-10,0.0746,27700000000.0,1260000000.0,11.29,-84.49
3.2e-05,2.2e-05,7e-13,4e-10,2.5e-10,0.0746,27700000000.0,1260000000.0,11.3,-83.52
3.2e-05,2.2e-05,7e-13,3e-10,1e-10,0.0746,31100000000.0,1510000000.0,10.54,-88.51
3.2e-05,2.2e-05,7e-13,3e-10,5e-11,0.0746,31100000000.0,1510000000.0,10.55,-88.59
3.2e-05,2.2e-05,7e-13,3e-10,1.5e-10,0.0746,31100000000.0,1520000000.0,10.54,-88.12
3.2e-05,2.2e-05,7e-13,3e-10,2e-10,0.0746,31100000000.0,1520000000.0,10.54,-88.34
3.2e-05,2.2e-05,7e-13,3e-10,2.5e-10,0.0746,31100000000.0,1520000000.0,10.54,-88.47
3.2e-05,2.2e-05,7e-13,3.5e-10,1e-10,0.0746,29200000000.0,1370000000.0,10.95,-86.15
3.2e-05,2.2e-05,7e-13,3.5e-10,5e-11,0.0746,29200000000.0,1360000000.0,10.95,-85.93
3.2e-05,2.2e-05,7e-13,3.5e-10,1.5e-10,0.0746,29200000000.0,1370000000.0,10.95,-86.17
3.2e-05,2.2e-05,7e-13,3.5e-10,2e-10,0.0746,29200000000.0,1380000000.0,10.95,-87.0
3.2e-05,2.2e-05,7e-13,3.5e-10,2.5e-10,0.0746,29200000000.0,1370000000.0,10.95,-86.14
3.2e-05,2.2e-05,7e-13,4.5e-10,1e-10,0.0746,26500000000.0,1180000000.0,11.58,-83.68
3.2e-05,2.2e-05,7e-13,4.5e-10,5e-11,0.0746,26500000000.0,1170000000.0,11.58,-83.73
3.2e-05,2.2e-05,7e-13,4.5e-10,1.5e-10,0.0746,26500000000.0,1180000000.0,11.58,-83.79
3.2e-05,2.2e-05,7e-13,4.5e-10,2e-10,0.0746,26500000000.0,1180000000.0,11.58,-83.86
3.2e-05,2.2e-05,7e-13,4.5e-10,2.5e-10,0.0746,26500000000.0,1180000000.0,11.58,-83.71
3.2e-05,2.2e-05,7e-13,5e-10,1e-10,0.0746,25500000000.0,1110000000.0,11.82,-82.78
3.2e-05,2.2e-05,7e-13,5e-10,5e-11,0.0746,25500000000.0,1110000000.0,11.82,-83.0
3.2e-05,2.2e-05,7e-13,5e-10,1.5e-10,0.0746,25500000000.0,1110000000.0,11.82,-83.03
3.2e-05,2.2e-05,7e-13,5e-10,2e-10,0.0746,25500000000.0,1110000000.0,11.82,-82.36
3.2e-05,2.2e-05,7e-13,5e-10,2.5e-10,0.0746,25500000000.0,1120000000.0,11.82,-82.79
3.2e-05,2.3e-05,5e-13,4e-10,1e-10,0.0746,27700000000.0,1220000000.0,11.26,-84.59
3.2e-05,2.3e-05,5e-13,4e-10,5e-11,0.0746,27700000000.0,1220000000.0,11.26,-84.35
3.2e-05,2.3e-05,5e-13,4e-10,1.5e-10,0.0746,27700000000.0,1230000000.0,11.26,-80.62
3.2e-05,2.3e-05,5e-13,4e-10,2e-10,0.0746,27700000000.0,1230000000.0,11.26,-82.72
3.2e-05,2.3e-05,5e-13,4e-10,2.5e-10,0.0746,27700000000.0,1230000000.0,11.26,-84.09
3.2e-05,2.3e-05,5e-13,3e-10,1e-10,0.0746,31100000000.0,1450000000.0,10.51,-88.2
3.2e-05,2.3e-05,5e-13,3e-10,5e-11,0.0746,31100000000.0,1460000000.0,10.5,-88.49
3.2e-05,2.3e-05,5e-13,3e-10,1.5e-10,0.0746,31100000000.0,1460000000.0,10.51,-88.2
3.2e-05,2.3e-05,5e-13,3e-10,2e-10,0.0746,31100000000.0,1450000000.0,10.5,-87.75
3.2e-05,2.3e-05,5e-13,3e-10,2.5e-10,0.0746,31100000000.0,1460000000.0,10.5,-88.28
3.2e-05,2.3e-05,5e-13,3.5e-10,1e-10,0.0746,29200000000.0,1320000000.0,10.92,-85.74
3.2e-05,2.3e-05,5e-13,3.5e-10,5e-11,0.0746,29200000000.0,1330000000.0,10.91,-86.05
3.2e-05,2.3e-05,5e-13,3.5e-10,1.5e-10,0.0746,29200000000.0,1320000000.0,10.92,-85.88
3.2e-05,2.3e-05,5e-13,3.5e-10,2e-10,0.0746,29200000000.0,1330000000.0,10.92,-86.29
3.2e-05,2.3e-05,5e-13,3.5e-10,2.5e-10,0.0746,29200000000.0,1320000000.0,10.92,-86.28
3.2e-05,2.3e-05,5e-13,4.5e-10,1e-10,0.0746,26500000000.0,1150000000.0,11.56,-83.43
3.2e-05,2.3e-05,5e-13,4.5e-10,5e-11,0.0746,26500000000.0,1140000000.0,11.55,-83.51
3.2e-05,2.3e-05,5e-13,4.5e-10,1.5e-10,0.0746,26500000000.0,1150000000.0,11.56,-83.25
3.2e-05,2.3e-05,5e-13,4.5e-10,2e-10,0.0746,26500000000.0,1150000000.0,11.55,-83.55
3.2e-05,2.3e-05,5e-13,4.5e-10,2.5e-10,0.0746,26500000000.0,1140000000.0,11.55,-83.63
3.2e-05,2.3e-05,5e-13,5e-10,1e-10,0.0746,25500000000.0,1080000000.0,11.8,-83.12
3.2e-05,2.3e-05,5e-13,5e-10,5e-11,0.0746,25500000000.0,1080000000.0,11.8,-82.84
3.2e-05,2.3e-05,5e-13,5e-10,1.5e-10,0.0746,25500000000.0,1080000000.0,11.8,-82.61
3.2e-05,2.3e-05,5e-13,5e-10,2e-10,0.0746,25500000000.0,1090000000.0,11.8,-82.85
3.2e-05,2.3e-05,5e-13,5e-10,2.5e-10,0.0746,25500000000.0,1080000000.0,11.8,-82.68
3.2e-05,2.3e-05,3e-13,4e-10,1e-10,0.0746,27700000000.0,1220000000.0,11.26,-84.32
3.2e-05,2.3e-05,3e-13,4e-10,5e-11,0.0746,27700000000.0,1220000000.0,11.26,-84.43
3.2e-05,2.3e-05,3e-13,4e-10,1.5e-10,0.0746,27700000000.0,1230000000.0,11.26,-84.44
3.2e-05,2.3e-05,3e-13,4e-10,2e-10,0.0746,27700000000.0,1230000000.0,11.26,-84.26
3.2e-05,2.3e-05,3e-13,4e-10,2.5e-10,0.0746,27700000000.0,1230000000.0,11.26,-84.48
3.2e-05,2.3e-05,3e-13,3e-10,1e-10,0.0746,31100000000.0,1460000000.0,10.5,-88.32
3.2e-05,2.3e-05,3e-13,3e-10,5e-11,0.0746,31100000000.0,1460000000.0,10.5,-88.13
3.2e-05,2.3e-05,3e-13,3e-10,1.5e-10,0.0746,31100000000.0,1460000000.0,10.5,-88.12
3.2e-05,2.3e-05,3e-13,3e-10,2e-10,0.0746,31100000000.0,1460000000.0,10.5,-88.33
3.2e-05,2.3e-05,3e-13,3e-10,2.5e-10,0.0746,31100000000.0,1460000000.0,10.5,-88.74
3.2e-05,2.3e-05,3e-13,3.5e-10,1e-10,0.0746,29200000000.0,1340000000.0,10.92,-85.72
3.2e-05,2.3e-05,3e-13,3.5e-10,5e-11,0.0746,29200000000.0,1330000000.0,10.92,-85.91
3.2e-05,2.3e-05,3e-13,3.5e-10,1.5e-10,0.0746,29200000000.0,1320000000.0,10.92,-86.27
3.2e-05,2.3e-05,3e-13,3.5e-10,2.5e-10,0.0746,29200000000.0,1330000000.0,10.92,-85.88
3.2e-05,2.3e-05,3e-13,4.5e-10,5e-11,0.0746,26500000000.0,1150000000.0,11.55,-83.65
3.2e-05,2.3e-05,3e-13,4.5e-10,1.5e-10,0.0746,26500000000.0,1150000000.0,11.55,-84.07
3.2e-05,2.3e-05,3e-13,4.5e-10,2e-10,0.0746,26500000000.0,1140000000.0,11.55,-83.47
3.2e-05,2.3e-05,3e-13,4.5e-10,2.5e-10,0.0746,26500000000.0,1140000000.0,11.55,-83.69
3.2e-05,2.3e-05,3e-13,5e-10,1e-10,0.0746,25500000000.0,1080000000.0,11.8,-82.63
3.2e-05,2.3e-05,3e-13,5e-10,5e-11,0.0746,25500000000.0,1080000000.0,11.79,-82.69
3.2e-05,2.3e-05,3e-13,5e-10,1.5e-10,0.0746,25500000000.0,1080000000.0,11.79,-82.83
3.2e-05,2.3e-05,3e-13,5e-10,2e-10,0.0746,25500000000.0,1080000000.0,11.8,-83.99
3.2e-05,2.3e-05,3e-13,5e-10,2.5e-10,0.0746,25500000000.0,1090000000.0,11.79,-82.9
3.2e-05,2.3e-05,4e-13,4e-10,1e-10,0.0746,27700000000.0,1220000000.0,11.26,-84.44
3.2e-05,2.3e-05,4e-13,4e-10,5e-11,0.0746,27700000000.0,1230000000.0,11.26,-84.61
3.2e-05,2.3e-05,4e-13,4e-10,1.5e-10,0.0746,27700000000.0,1230000000.0,11.26,-84.25
3.2e-05,2.3e-05,4e-13,4e-10,2e-10,0.0746,27700000000.0,1230000000.0,11.26,-84.62
3.2e-05,2.3e-05,4e-13,4e-10,2.5e-10,0.0746,27700000000.0,1230000000.0,11.26,-84.65
3.2e-05,2.3e-05,4e-13,3e-10,1e-10,0.0746,31100000000.0,1450000000.0,10.51,-88.33
3.2e-05,2.3e-05,4e-13,3e-10,5e-11,0.0746,31100000000.0,1460000000.0,10.5,-88.1
3.2e-05,2.3e-05,4e-13,3e-10,1.5e-10,0.0746,31100000000.0,1460000000.0,10.5,-88.52
3.2e-05,2.3e-05,4e-13,3e-10,2e-10,0.0746,31100000000.0,1460000000.0,10.5,-88.31
3.2e-05,2.3e-05,4e-13,3e-10,2.5e-10,0.0746,31100000000.0,1460000000.0,10.5,-88.48
3.2e-05,2.3e-05,4e-13,3.5e-10,5e-11,0.0746,29200000000.0,1320000000.0,10.92,-85.31
3.2e-05,2.3e-05,4e-13,3.5e-10,1.5e-10,0.0746,29200000000.0,1330000000.0,10.92,-85.83
3.2e-05,2.3e-05,4e-13,3.5e-10,2e-10,0.0746,29200000000.0,1320000000.0,10.92,-85.73
3.2e-05,2.3e-05,4e-13,3.5e-10,2.5e-10,0.0746,29200000000.0,1330000000.0,10.92,-85.9
3.2e-05,2.3e-05,4e-13,4.5e-10,1e-10,0.0746,26500000000.0,1140000000.0,11.56,-83.42
3.2e-05,2.3e-05,4e-13,4.5e-10,5e-11,0.0746,26500000000.0,1140000000.0,11.55,-83.73
3.2e-05,2.3e-05,4e-13,4.5e-10,1.5e-10,0.0746,26500000000.0,1150000000.0,11.55,-83.41
3.2e-05,2.3e-05,4e-13,4.5e-10,2e-10,0.0746,26500000000.0,1150000000.0,11.55,-84.1
3.2e-05,2.3e-05,4e-13,4.5e-10,2.5e-10,0.0746,26500000000.0,1140000000.0,11.55,-83.24
3.2e-05,2.3e-05,4e-13,5e-10,1e-10,0.0746,25500000000.0,1080000000.0,11.79,-83.06
3.2e-05,2.3e-05,4e-13,5e-10,5e-11,0.0746,25500000000.0,1080000000.0,11.79,-82.47
3.2e-05,2.3e-05,4e-13,5e-10,1.5e-10,0.0746,25500000000.0,1080000000.0,11.8,-82.59
3.2e-05,2.3e-05,4e-13,5e-10,2e-10,0.0746,25500000000.0,1090000000.0,11.79,-82.56
3.2e-05,2.3e-05,4e-13,5e-10,2.5e-10,0.0746,25500000000.0,1090000000.0,11.8,-82.61
3.2e-05,2.3e-05,6e-13,4e-10,1e-10,0.0746,27700000000.0,1220000000.0,11.26,-84.47
3.2e-05,2.3e-05,6e-13,4e-10,5e-11,0.0746,27700000000.0,1230000000.0,11.26,-84.39
3.2e-05,2.3e-05,6e-13,4e-10,1.5e-10,0.0746,27700000000.0,1230000000.0,11.26,-84.42
3.2e-05,2.3e-05,6e-13,4e-10,2.5e-10,0.0746,27700000000.0,1220000000.0,11.26,-84.45
3.2e-05,2.3e-05,6e-13,3e-10,1e-10,0.0746,31100000000.0,1450000000.0,10.51,-88.17
3.2e-05,2.3e-05,6e-13,3e-10,5e-11,0.0746,31100000000.0,1450000000.0,10.5,-88.47
3.2e-05,2.3e-05,6e-13,3e-10,1.5e-10,0.0746,31100000000.0,1450000000.0,10.51,-88.39
3.2e-05,2.3e-05,6e-13,3e-10,2e-10,0.0746,31100000000.0,1460000000.0,10.5,-88.19
3.2e-05,2.3e-05,6e-13,3e-10,2.5e-10,0.0746,31100000000.0,1460000000.0,10.5,-88.5
3.2e-05,2.3e-05,6e-13,3.5e-10,1e-10,0.0746,29200000000.0,1320000000.0,10.92,-81.27
3.2e-05,2.3e-05,6e-13,3.5e-10,5e-11,0.0746,29200000000.0,1320000000.0,10.92,-81.05
3.2e-05,2.3e-05,6e-13,3.5e-10,2e-10,0.0746,29200000000.0,1330000000.0,10.91,-86.23
3.2e-05,2.3e-05,6e-13,4.5e-10,1.5e-10,0.0746,26500000000.0,1150000000.0,11.55,-83.51
3.2e-05,2.3e-05,6e-13,4.5e-10,2e-10,0.0746,26500000000.0,1140000000.0,11.55,-83.64
3.2e-05,2.3e-05,6e-13,5e-10,1e-10,0.0746,25500000000.0,1080000000.0,11.8,-83.06
3.2e-05,2.3e-05,6e-13,5e-10,5e-11,0.0746,25500000000.0,1080000000.0,11.8,-82.85
3.2e-05,2.3e-05,6e-13,5e-10,1.5e-10,0.0746,25500000000.0,1080000000.0,11.8,-82.95
3.2e-05,2.3e-05,6e-13,5e-10,2e-10,0.0746,25500000000.0,1080000000.0,11.8,-82.54
3.2e-05,2.3e-05,6e-13,5e-10,2.5e-10,0.0746,25500000000.0,1080000000.0,11.79,-83.68
3.2e-05,2.3e-05,7e-13,4e-10,1e-10,0.0746,27700000000.0,1230000000.0,11.26,-84.53
3.2e-05,2.3e-05,7e-13,4e-10,5e-11,0.0746,27700000000.0,1220000000.0,11.26,-84.5
3.2e-05,2.3e-05,7e-13,4e-10,1.5e-10,0.0746,27700000000.0,1230000000.0,11.26,-84.63
3.2e-05,2.3e-05,7e-13,4e-10,2e-10,0.0746,27700000000.0,1240000000.0,11.26,-84.36
3.2e-05,2.3e-05,7e-13,4e-10,2.5e-10,0.0746,27700000000.0,1230000000.0,11.26,-84.46
3.2e-05,2.3e-05,7e-13,3e-10,1e-10,0.0746,31100000000.0,1460000000.0,10.5,-88.14
3.2e-05,2.3e-05,7e-13,3e-10,2e-10,0.0746,31100000000.0,1460000000.0,10.5,-88.39
3.2e-05,2.3e-05,7e-13,3e-10,2.5e-10,0.0746,31100000000.0,1460000000.0,10.51,-88.68
3.2e-05,2.3e-05,7e-13,3.5e-10,1.5e-10,0.0746,29200000000.0,1330000000.0,10.91,-85.81
3.2e-05,2.3e-05,7e-13,3.5e-10,2e-10,0.0746,29200000000.0,1330000000.0,10.91,-85.85
3.2e-05,2.3e-05,7e-13,3.5e-10,2.5e-10,0.0746,29200000000.0,1330000000.0,10.91,-85.94
3.2e-05,2.3e-05,7e-13,4.5e-10,1e-10,0.0746,26500000000.0,1140000000.0,11.55,-83.09
3.2e-05,2.3e-05,7e-13,4.5e-10,1.5e-10,0.0746,26500000000.0,1150000000.0,11.55,-84.13
3.2e-05,2.3e-05,7e-13,4.5e-10,2e-10,0.0746,26500000000.0,1150000000.0,11.55,-83.84
3.2e-05,2.3e-05,7e-13,4.5e-10,2.5e-10,0.0746,26500000000.0,1140000000.0,11.55,-83.56
3.2e-05,2.3e-05,7e-13,5e-10,1e-10,0.0746,25500000000.0,1080000000.0,11.79,-82.84
3.2e-05,2.3e-05,7e-13,5e-10,5e-11,0.0746,25500000000.0,1080000000.0,11.8,-82.62
3.2e-05,2.3e-05,7e-13,5e-10,1.5e-10,0.0746,25500000000.0,1080000000.0,11.8,-82.94
3.2e-05,2.3e-05,7e-13,5e-10,2e-10,0.0746,25500000000.0,1080000000.0,11.8,-82.34
3.2e-05,2.3e-05,7e-13,5e-10,2.5e-10,0.0746,25500000000.0,1080000000.0,11.8,-82.96
3.2e-05,2.4e-05,5e-13,4e-10,1e-10,0.0746,27600000000.0,1180000000.0,11.23,-84.13
3.2e-05,2.4e-05,5e-13,4e-10,5e-11,0.0746,27600000000.0,1180000000.0,11.22,-84.18
3.2e-05,2.4e-05,5e-13,4e-10,1.5e-10,0.0746,27600000000.0,1180000000.0,11.23,-84.41
3.2e-05,2.4e-05,5e-13,4e-10,2e-10,0.0746,27600000000.0,1190000000.0,11.23,-84.26
3.2e-05,2.4e-05,5e-13,4e-10,2.5e-10,0.0746,27600000000.0,1180000000.0,11.22,-84.43
3.2e-05,2.4e-05,5e-13,3e-10,1e-10,0.0746,31100000000.0,1390000000.0,10.46,-88.18
3.2e-05,2.4e-05,5e-13,3e-10,5e-11,0.0746,31100000000.0,1390000000.0,10.46,-88.07
3.2e-05,2.4e-05,5e-13,3e-10,1.5e-10,0.0746,31100000000.0,1390000000.0,10.46,-88.01
3.2e-05,2.4e-05,5e-13,3e-10,2e-10,0.0746,31100000000.0,1390000000.0,10.46,-88.44
3.2e-05,2.4e-05,5e-13,3e-10,2.5e-10,0.0746,31100000000.0,1390000000.0,10.46,-87.83
3.2e-05,2.4e-05,5e-13,3.5e-10,1e-10,0.0746,29100000000.0,1270000000.0,10.88,-85.61
3.2e-05,2.4e-05,5e-13,3.5e-10,5e-11,0.0746,29100000000.0,1270000000.0,10.88,-85.85
3.2e-05,2.4e-05,5e-13,3.5e-10,1.5e-10,0.0746,29100000000.0,1270000000.0,10.88,-85.84
3.2e-05,2.4e-05,5e-13,3.5e-10,2e-10,0.0746,29100000000.0,1270000000.0,10.88,-86.02
3.2e-05,2.4e-05,5e-13,3.5e-10,2.5e-10,0.0746,29100000000.0,1270000000.0,10.88,-85.6
3.2e-05,2.4e-05,5e-13,4.5e-10,1e-10,0.0746,26400000000.0,1110000000.0,11.52,-82.74
3.2e-05,2.4e-05,5e-13,4.5e-10,5e-11,0.0746,26400000000.0,1100000000.0,11.52,-83.18
3.2e-05,2.4e-05,5e-13,4.5e-10,1.5e-10,0.0746,26400000000.0,1110000000.0,11.52,-83.32
3.2e-05,2.4e-05,5e-13,4.5e-10,2e-10,0.0746,26400000000.0,1110000000.0,11.52,-83.29
3.2e-05,2.4e-05,5e-13,4.5e-10,2.5e-10,0.0746,26400000000.0,1110000000.0,11.52,-83.43
3.2e-05,2.4e-05,5e-13,5e-10,1e-10,0.0746,25400000000.0,1040000000.0,11.76,-82.94
3.2e-05,2.4e-05,5e-13,5e-10,5e-11,0.0746,25400000000.0,1040000000.0,11.76,-82.68
3.2e-05,2.4e-05,5e-13,5e-10,2e-10,0.0746,25400000000.0,1050000000.0,11.76,-82.55
3.2e-05,2.4e-05,5e-13,5e-10,2.5e-10,0.0746,25400000000.0,1040000000.0,11.76,-82.85
3.2e-05,2.4e-05,3e-13,4e-10,1e-10,0.0746,27600000000.0,1190000000.0,11.23,-84.31
3.2e-05,2.4e-05,3e-13,4e-10,1.5e-10,0.0746,27600000000.0,1180000000.0,11.23,-84.29
3.2e-05,2.4e-05,3e-13,4e-10,2e-10,0.0746,27600000000.0,1180000000.0,11.22,-85.07
3.2e-05,2.4e-05,3e-13,4e-10,2.5e-10,0.0746,27600000000.0,1190000000.0,11.22,-84.43
3.2e-05,2.4e-05,3e-13,3e-10,1e-10,0.0746,31100000000.0,1390000000.0,10.46,-88.05
3.2e-05,2.4e-05,3e-13,3e-10,5e-11,0.0746,31100000000.0,1390000000.0,10.46,-88.09
3.2e-05,2.4e-05,3e-13,3e-10,1.5e-10,0.0746,31100000000.0,1390000000.0,10.46,-87.33
3.2e-05,2.4e-05,3e-13,3e-10,2.5e-10,0.0746,31100000000.0,1390000000.0,10.46,-87.11
3.2e-05,2.4e-05,3e-13,3.5e-10,1e-10,0.0746,29100000000.0,1270000000.0,10.88,-85.5
3.2e-05,2.4e-05,3e-13,3.5e-10,5e-11,0.0746,29100000000.0,1260000000.0,10.88,-86.06
3.2e-05,2.4e-05,3e-13,3.5e-10,1.5e-10,0.0746,29100000000.0,1280000000.0,10.88,-86.35
3.2e-05,2.4e-05,3e-13,3.5e-10,2e-10,0.0746,29100000000.0,1280000000.0,10.88,-86.04
3.2e-05,2.4e-05,3e-13,3.5e-10,2.5e-10,0.0746,29100000000.0,1270000000.0,10.88,-85.7
3.2e-05,2.4e-05,3e-13,4.5e-10,1e-10,0.0746,26400000000.0,1100000000.0,11.52,-83.41
3.2e-05,2.4e-05,3e-13,4.5e-10,5e-11,0.0746,26400000000.0,1100000000.0,11.52,-83.43
3.2e-05,2.4e-05,3e-13,4.5e-10,1.5e-10,0.0746,26400000000.0,1100000000.0,11.52,-83.5
3.2e-05,2.4e-05,3e-13,4.5e-10,2.5e-10,0.0746,26400000000.0,1100000000.0,11.52,-83.24
3.2e-05,2.4e-05,3e-13,5e-10,1e-10,0.0746,25400000000.0,1040000000.0,11.76,-82.76
3.2e-05,2.4e-05,3e-13,5e-10,5e-11,0.0746,25400000000.0,1040000000.0,11.76,-82.55
3.2e-05,2.4e-05,3e-13,5e-10,1.5e-10,0.0746,25400000000.0,1050000000.0,11.76,-82.61
3.2e-05,2.4e-05,3e-13,5e-10,2e-10,0.0746,25400000000.0,1050000000.0,11.76,-82.7
3.2e-05,2.4e-05,3e-13,5e-10,2.5e-10,0.0746,25400000000.0,1050000000.0,11.76,-82.54
3.2e-05,2.4e-05,4e-13,4e-10,1e-10,0.0746,27600000000.0,1180000000.0,11.23,-84.3
3.2e-05,2.4e-05,4e-13,4e-10,5e-11,0.0746,27600000000.0,1190000000.0,11.23,-84.27
3.2e-05,2.4e-05,4e-13,4e-10,1.5e-10,0.0746,27600000000.0,1190000000.0,11.22,-84.41
3.2e-05,2.4e-05,4e-13,4e-10,2e-10,0.0746,27600000000.0,1180000000.0,11.23,-84.31
3.2e-05,2.4e-05,4e-13,4e-10,2.5e-10,0.0746,27600000000.0,1190000000.0,11.22,-84.3
3.2e-05,2.4e-05,4e-13,3e-10,1e-10,0.0746,31100000000.0,1390000000.0,10.46,-88.2
3.2e-05,2.4e-05,4e-13,3e-10,5e-11,0.0746,31100000000.0,1390000000.0,10.46,-88.23
3.2e-05,2.4e-05,4e-13,3e-10,1.5e-10,0.0746,31100000000.0,1390000000.0,10.46,-88.22
3.2e-05,2.4e-05,4e-13,3e-10,2e-10,0.0746,31100000000.0,1390000000.0,10.46,-86.06
3.2e-05,2.4e-05,4e-13,3e-10,2.5e-10,0.0746,31100000000.0,1390000000.0,10.46,-88.41
3.2e-05,2.4e-05,4e-13,3.5e-10,5e-11,0.0746,29100000000.0,1260000000.0,10.88,-85.55
3.2e-05,2.4e-05,4e-13,3.5e-10,1.5e-10,0.0746,29100000000.0,1270000000.0,10.88,-85.46
3.2e-05,2.4e-05,4e-13,3.5e-10,2e-10,0.0746,29100000000.0,1280000000.0,10.88,-85.9
3.2e-05,2.4e-05,4e-13,3.5e-10,2.5e-10,0.0746,29100000000.0,1270000000.0,10.88,-84.35
3.2e-05,2.4e-05,4e-13,4.5e-10,1e-10,0.0746,26400000000.0,1110000000.0,11.52,-83.25
3.2e-05,2.4e-05,4e-13,4.5e-10,5e-11,0.0746,26400000000.0,1110000000.0,11.52,-83.56
3.2e-05,2.4e-05,4e-13,4.5e-10,1.5e-10,0.0746,26400000000.0,1100000000.0,11.52,-83.51
3.2e-05,2.4e-05,4e-13,4.5e-10,2e-10,0.0746,26400000000.0,1100000000.0,11.52,-83.44
3.2e-05,2.4e-05,4e-13,4.5e-10,2.5e-10,0.0746,26400000000.0,1110000000.0,11.52,-83.39
3.2e-05,2.4e-05,4e-13,5e-10,1e-10,0.0746,25400000000.0,1050000000.0,11.76,-82.76
3.2e-05,2.4e-05,4e-13,5e-10,5e-11,0.0746,25400000000.0,1050000000.0,11.76,-82.86
3.2e-05,2.4e-05,4e-13,5e-10,1.5e-10,0.0746,25400000000.0,1040000000.0,11.76,-82.47
3.2e-05,2.4e-05,4e-13,5e-10,2e-10,0.0746,25400000000.0,1040000000.0,11.76,-82.72
3.2e-05,2.4e-05,4e-13,5e-10,2.5e-10,0.0746,25400000000.0,1040000000.0,11.76,-82.51
3.2e-05,2.4e-05,6e-13,4e-10,1e-10,0.0746,27600000000.0,1170000000.0,11.22,-84.4
3.2e-05,2.4e-05,6e-13,4e-10,5e-11,0.0746,27600000000.0,1190000000.0,11.22,-83.97
3.2e-05,2.4e-05,6e-13,4e-10,1.5e-10,0.0746,27600000000.0,1180000000.0,11.22,-84.03
3.2e-05,2.4e-05,6e-13,4e-10,2e-10,0.0746,27600000000.0,1180000000.0,11.22,-84.4
3.2e-05,2.4e-05,6e-13,4e-10,2.5e-10,0.0746,27600000000.0,1180000000.0,11.23,-84.28
3.2e-05,2.4e-05,6e-13,3e-10,5e-11,0.0746,31100000000.0,1390000000.0,10.46,-88.16
3.2e-05,2.4e-05,6e-13,3e-10,1.5e-10,0.0746,31100000000.0,1390000000.0,10.46,-87.93
3.2e-05,2.4e-05,6e-13,3e-10,2e-10,0.0746,31100000000.0,1390000000.0,10.46,-88.13
3.2e-05,2.4e-05,6e-13,3e-10,2.5e-10,0.0746,31100000000.0,1390000000.0,10.46,-87.98
3.2e-05,2.4e-05,6e-13,3.5e-10,1e-10,0.0746,29100000000.0,1270000000.0,10.88,-85.83
3.2e-05,2.4e-05,6e-13,3.5e-10,5e-11,0.0746,29100000000.0,1270000000.0,10.88,-85.69
3.2e-05,2.4e-05,6e-13,3.5e-10,1.5e-10,0.0746,29100000000.0,1260000000.0,10.88,-85.71
3.2e-05,2.4e-05,6e-13,3.5e-10,2e-10,0.0746,29100000000.0,1270000000.0,10.88,-86.15
3.2e-05,2.4e-05,6e-13,3.5e-10,2.5e-10,0.0746,29100000000.0,1280000000.0,10.87,-85.61
3.2e-05,2.4e-05,6e-13,4.5e-10,1e-10,0.0746,26400000000.0,1100000000.0,11.52,-83.34
3.2e-05,2.4e-05,6e-13,4.5e-10,5e-11,0.0746,26400000000.0,1110000000.0,11.52,-83.46
3.2e-05,2.4e-05,6e-13,4.5e-10,2e-10,0.0746,26400000000.0,1110000000.0,11.52,-83.2
3.2e-05,2.4e-05,6e-13,4.5e-10,2.5e-10,0.0746,26400000000.0,1110000000.0,11.52,-84.11
3.2e-05,2.4e-05,6e-13,5e-10,1e-10,0.0746,25400000000.0,1050000000.0,11.76,-82.6
3.2e-05,2.4e-05,6e-13,5e-10,5e-11,0.0746,25400000000.0,1050000000.0,11.76,-82.71
3.2e-05,2.4e-05,6e-13,5e-10,1.5e-10,0.0746,25400000000.0,1040000000.0,11.76,-82.62
3.2e-05,2.4e-05,6e-13,5e-10,2e-10,0.0746,25400000000.0,1050000000.0,11.76,-82.68
3.2e-05,2.4e-05,6e-13,5e-10,2.5e-10,0.0746,25400000000.0,1040000000.0,11.76,-82.35
3.2e-05,2.4e-05,7e-13,4e-10,1e-10,0.0746,27600000000.0,1180000000.0,11.23,-84.49
3.2e-05,2.4e-05,7e-13,4e-10,5e-11,0.0746,27600000000.0,1180000000.0,11.23,-84.58
3.2e-05,2.4e-05,7e-13,4e-10,1.5e-10,0.0746,27600000000.0,1180000000.0,11.22,-84.31
3.2e-05,2.4e-05,7e-13,4e-10,2e-10,0.0746,27600000000.0,1190000000.0,11.22,-84.55
3.2e-05,2.4e-05,7e-13,4e-10,2.5e-10,0.0746,27600000000.0,1180000000.0,11.22,-82.92
3.2e-05,2.4e-05,7e-13,3e-10,1e-10,0.0746,31100000000.0,1390000000.0,10.46,-87.88
3.2e-05,2.4e-05,7e-13,3e-10,5e-11,0.0746,31100000000.0,1390000000.0,10.46,-87.95
3.2e-05,2.4e-05,7e-13,3e-10,1.5e-10,0.0746,31100000000.0,1390000000.0,10.46,-88.11
3.2e-05,2.4e-05,7e-13,3e-10,2e-10,0.0746,31100000000.0,1390000000.0,10.46,-87.96
3.2e-05,2.4e-05,7e-13,3e-10,2.5e-10,0.0746,31100000000.0,1390000000.0,10.46,-88.14
3.2e-05,2.4e-05,7e-13,3.5e-10,1e-10,0.0746,29100000000.0,1280000000.0,10.88,-85.72
3.2e-05,2.4e-05,7e-13,3.5e-10,5e-11,0.0746,29100000000.0,1280000000.0,10.88,-85.73
3.2e-05,2.4e-05,7e-13,3.5e-10,1.5e-10,0.0746,29100000000.0,1280000000.0,10.88,-85.55
3.2e-05,2.4e-05,7e-13,3.5e-10,2.5e-10,0.0746,29100000000.0,1270000000.0,10.88,-85.57
3.2e-05,2.4e-05,7e-13,4.5e-10,1.5e-10,0.0746,26400000000.0,1110000000.0,11.52,-83.28
3.2e-05,2.4e-05,7e-13,4.5e-10,2e-10,0.0746,26400000000.0,1110000000.0,11.52,-83.45
3.2e-05,2.4e-05,7e-13,4.5e-10,2.5e-10,0.0746,26400000000.0,1100000000.0,11.52,-83.31
3.2e-05,2.4e-05,7e-13,5e-10,1e-10,0.0746,25400000000.0,1040000000.0,11.76,-82.59
3.2e-05,2.4e-05,7e-13,5e-10,5e-11,0.0746,25400000000.0,1040000000.0,11.76,-82.53
3.2e-05,2.4e-05,7e-13,5e-10,1.5e-10,0.0746,25400000000.0,1040000000.0,11.76,-82.83
3.2e-05,2.4e-05,7e-13,5e-10,2.5e-10,0.0746,25400000000.0,1040000000.0,11.76,-82.71
3.2e-05,2.5e-05,5e-13,4e-10,1e-10,0.0746,27600000000.0,1130000000.0,11.19,-82.42
3.2e-05,2.5e-05,5e-13,4e-10,5e-11,0.0746,27600000000.0,1130000000.0,11.18,-84.05
3.2e-05,2.5e-05,5e-13,4e-10,1.5e-10,0.0746,27600000000.0,1140000000.0,11.18,-84.23
3.2e-05,2.5e-05,5e-13,4e-10,2e-10,0.0746,27600000000.0,1130000000.0,11.18,-84.67
3.2e-05,2.5e-05,5e-13,4e-10,2.5e-10,0.0746,27600000000.0,1130000000.0,11.18,-84.39
3.2e-05,2.5e-05,5e-13,3e-10,1e-10,0.0746,31000000000.0,1310000000.0,10.41,-87.99
3.2e-05,2.5e-05,5e-13,3e-10,5e-11,0.0746,31000000000.0,1310000000.0,10.41,-87.76
3.2e-05,2.5e-05,5e-13,3e-10,1.5e-10,0.0746,31000000000.0,1310000000.0,10.41,-87.74
3.2e-05,2.5e-05,5e-13,3e-10,2e-10,0.0746,31000000000.0,1310000000.0,10.41,-87.72
3.2e-05,2.5e-05,5e-13,3e-10,2.5e-10,0.0746,31000000000.0,1310000000.0,10.41,-87.84
3.2e-05,2.5e-05,5e-13,3.5e-10,1e-10,0.0746,29100000000.0,1210000000.0,10.84,-85.79
3.2e-05,2.5e-05,5e-13,3.5e-10,5e-11,0.0746,29100000000.0,1220000000.0,10.83,-85.64
3.2e-05,2.5e-05,5e-13,3.5e-10,1.5e-10,0.0746,29100000000.0,1210000000.0,10.84,-85.7
3.2e-05,2.5e-05,5e-13,3.5e-10,2e-10,0.0746,29100000000.0,1210000000.0,10.84,-85.73
3.2e-05,2.5e-05,5e-13,3.5e-10,2.5e-10,0.0746,29100000000.0,1210000000.0,10.84,-85.66
3.2e-05,2.5e-05,5e-13,4.5e-10,1e-10,0.0746,26400000000.0,1060000000.0,11.48,-83.04
3.2e-05,2.5e-05,5e-13,4.5e-10,5e-11,0.0746,26400000000.0,1060000000.0,11.48,-83.31
3.2e-05,2.5e-05,5e-13,4.5e-10,1.5e-10,0.0746,26400000000.0,1060000000.0,11.48,-83.97
3.2e-05,2.5e-05,5e-13,4.5e-10,2e-10,0.0746,26400000000.0,1050000000.0,11.48,-83.33
3.2e-05,2.5e-05,5e-13,4.5e-10,2.5e-10,0.0746,26400000000.0,1060000000.0,11.48,-83.2
3.2e-05,2.5e-05,5e-13,5e-10,1e-10,0.0746,25400000000.0,995000000.0,11.73,-82.61
3.2e-05,2.5e-05,5e-13,5e-10,5e-11,0.0746,25400000000.0,994000000.0,11.73,-82.47
3.2e-05,2.5e-05,5e-13,5e-10,1.5e-10,0.0746,25400000000.0,999000000.0,11.73,-82.57
3.2e-05,2.5e-05,5e-13,5e-10,2e-10,0.0746,25400000000.0,997000000.0,11.73,-82.44
3.2e-05,2.5e-05,5e-13,5e-10,2.5e-10,0.0746,25400000000.0,993000000.0,11.73,-82.64
3.2e-05,2.5e-05,3e-13,4e-10,1e-10,0.0746,27600000000.0,1130000000.0,11.18,-84.72
3.2e-05,2.5e-05,3e-13,4e-10,5e-11,0.0746,27600000000.0,1120000000.0,11.19,-84.16
3.2e-05,2.5e-05,3e-13,4e-10,1.5e-10,0.0746,27600000000.0,1120000000.0,11.18,-84.18
3.2e-05,2.5e-05,3e-13,4e-10,2e-10,0.0746,27600000000.0,1120000000.0,11.18,-84.21
3.2e-05,2.5e-05,3e-13,4e-10,2.5e-10,0.0746,27600000000.0,1130000000.0,11.18,-84.12
3.2e-05,2.5e-05,3e-13,3e-10,1e-10,0.0746,31000000000.0,1310000000.0,10.41,-87.82
3.2e-05,2.5e-05,3e-13,3e-10,5e-11,0.0746,31000000000.0,1310000000.0,10.41,-87.71
3.2e-05,2.5e-05,3e-13,3e-10,2e-10,0.0746,31000000000.0,1310000000.0,10.41,-87.83
3.2e-05,2.5e-05,3e-13,3.5e-10,1e-10,0.0746,29100000000.0,1200000000.0,10.84,-85.54
3.2e-05,2.5e-05,3e-13,3.5e-10,5e-11,0.0746,29100000000.0,1220000000.0,10.83,-85.7
3.2e-05,2.5e-05,3e-13,3.5e-10,1.5e-10,0.0746,29100000000.0,1210000000.0,10.84,-85.44
3.2e-05,2.5e-05,3e-13,3.5e-10,2e-10,0.0746,29100000000.0,1210000000.0,10.83,-85.56
3.2e-05,2.5e-05,3e-13,3.5e-10,2.5e-10,0.0746,29100000000.0,1210000000.0,10.84,-80.75
3.2e-05,2.5e-05,3e-13,4.5e-10,1e-10,0.0746,26400000000.0,1070000000.0,11.48,-83.25
3.2e-05,2.5e-05,3e-13,4.5e-10,5e-11,0.0746,26400000000.0,1060000000.0,11.48,-83.14
3.2e-05,2.5e-05,3e-13,4.5e-10,1.5e-10,0.0746,26400000000.0,1060000000.0,11.48,-83.17
3.2e-05,2.5e-05,3e-13,4.5e-10,2e-10,0.0746,26400000000.0,1050000000.0,11.48,-83.22
3.2e-05,2.5e-05,3e-13,4.5e-10,2.5e-10,0.0746,26400000000.0,1050000000.0,11.48,-83.28
3.2e-05,2.5e-05,3e-13,5e-10,1e-10,0.0746,25400000000.0,1000000000.0,11.73,-82.33
3.2e-05,2.5e-05,3e-13,5e-10,5e-11,0.0746,25400000000.0,999000000.0,11.73,-82.58
3.2e-05,2.5e-05,3e-13,5e-10,1.5e-10,0.0746,25400000000.0,1010000000.0,11.73,-82.54
3.2e-05,2.5e-05,3e-13,5e-10,2e-10,0.0746,25400000000.0,1000000000.0,11.73,-82.7
3.2e-05,2.5e-05,3e-13,5e-10,2.5e-10,0.0746,25400000000.0,1000000000.0,11.73,-82.46
3.2e-05,2.5e-05,4e-13,4e-10,1e-10,0.0746,27600000000.0,1120000000.0,11.18,-83.94
3.2e-05,2.5e-05,4e-13,4e-10,5e-11,0.0746,27600000000.0,1120000000.0,11.18,-84.13
3.2e-05,2.5e-05,4e-13,4e-10,1.5e-10,0.0746,27600000000.0,1120000000.0,11.19,-84.04
3.2e-05,2.5e-05,4e-13,4e-10,2e-10,0.0746,27600000000.0,1120000000.0,11.18,-84.31
3.2e-05,2.5e-05,4e-13,4e-10,2.5e-10,0.0746,27600000000.0,1130000000.0,11.18,-84.1
3.2e-05,2.5e-05,4e-13,3e-10,1e-10,0.0746,31000000000.0,1310000000.0,10.41,-87.98
3.2e-05,2.5e-05,4e-13,3e-10,5e-11,0.0746,31000000000.0,1310000000.0,10.41,-87.85
3.2e-05,2.5e-05,4e-13,3e-10,1.5e-10,0.0746,31000000000.0,1310000000.0,10.41,-87.81
3.2e-05,2.5e-05,4e-13,3e-10,2e-10,0.0746,31000000000.0,1310000000.0,10.41,-87.79
3.2e-05,2.5e-05,4e-13,3e-10,2.5e-10,0.0746,31000000000.0,1310000000.0,10.41,-87.75
3.2e-05,2.5e-05,4e-13,3.5e-10,1e-10,0.0746,29100000000.0,1200000000.0,10.84,-85.52
3.2e-05,2.5e-05,4e-13,3.5e-10,5e-11,0.0746,29100000000.0,1210000000.0,10.83,-84.53
3.2e-05,2.5e-05,4e-13,3.5e-10,1.5e-10,0.0746,29100000000.0,1210000000.0,10.83,-85.07
3.2e-05,2.5e-05,4e-13,3.5e-10,2e-10,0.0746,29100000000.0,1210000000.0,10.83,-85.77
3.2e-05,2.5e-05,4e-13,3.5e-10,2.5e-10,0.0746,29100000000.0,1220000000.0,10.83,-85.12
3.2e-05,2.5e-05,4e-13,4.5e-10,1e-10,0.0746,26400000000.0,1060000000.0,11.48,-82.5
3.2e-05,2.5e-05,4e-13,4.5e-10,5e-11,0.0746,26400000000.0,1060000000.0,11.48,-83.06
3.2e-05,2.5e-05,4e-13,4.5e-10,1.5e-10,0.0746,26400000000.0,1060000000.0,11.48,-83.28
3.2e-05,2.5e-05,4e-13,4.5e-10,2e-10,0.0746,26400000000.0,1060000000.0,11.48,-83.22
3.2e-05,2.5e-05,4e-13,4.5e-10,2.5e-10,0.0746,26400000000.0,1060000000.0,11.48,-83.32
3.2e-05,2.5e-05,4e-13,5e-10,1e-10,0.0746,25400000000.0,1000000000.0,11.73,-82.41
3.2e-05,2.5e-05,4e-13,5e-10,5e-11,0.0746,25400000000.0,1000000000.0,11.73,-82.42
3.2e-05,2.5e-05,4e-13,5e-10,2.5e-10,0.0746,25400000000.0,1010000000.0,11.73,-82.59
3.2e-05,2.5e-05,6e-13,4e-10,1e-10,0.0746,27600000000.0,1130000000.0,11.19,-84.15
3.2e-05,2.5e-05,6e-13,4e-10,5e-11,0.0746,27600000000.0,1120000000.0,11.18,-84.1
3.2e-05,2.5e-05,6e-13,4e-10,1.5e-10,0.0746,27600000000.0,1130000000.0,11.18,-84.28
3.2e-05,2.5e-05,6e-13,4e-10,2e-10,0.0746,27600000000.0,1120000000.0,11.19,-84.14
3.2e-05,2.5e-05,6e-13,4e-10,2.5e-10,0.0746,27600000000.0,1130000000.0,11.18,-84.18
3.2e-05,2.5e-05,6e-13,3e-10,1e-10,0.0746,31000000000.0,1310000000.0,10.41,-87.7
3.2e-05,2.5e-05,6e-13,3e-10,5e-11,0.0746,31000000000.0,1310000000.0,10.41,-87.69
3.2e-05,2.5e-05,6e-13,3e-10,1.5e-10,0.0746,31000000000.0,1310000000.0,10.41,-87.86
3.2e-05,2.5e-05,6e-13,3e-10,2e-10,0.0746,31000000000.0,1310000000.0,10.41,-87.61
3.2e-05,2.5e-05,6e-13,3.5e-10,1e-10,0.0746,29100000000.0,1210000000.0,10.84,-85.74
3.2e-05,2.5e-05,6e-13,3.5e-10,5e-11,0.0746,29100000000.0,1200000000.0,10.83,-85.68
3.2e-05,2.5e-05,6e-13,3.5e-10,1.5e-10,0.0746,29100000000.0,1210000000.0,10.84,-85.5
3.2e-05,2.5e-05,6e-13,3.5e-10,2e-10,0.0746,29100000000.0,1210000000.0,10.83,-85.41
3.2e-05,2.5e-05,6e-13,3.5e-10,2.5e-10,0.0746,29100000000.0,1210000000.0,10.83,-85.43
3.2e-05,2.5e-05,6e-13,4.5e-10,1e-10,0.0746,26400000000.0,1060000000.0,11.48,-82.55
3.2e-05,2.5e-05,6e-13,4.5e-10,1.5e-10,0.0746,26400000000.0,1070000000.0,11.48,-83.19
3.2e-05,2.5e-05,6e-13,4.5e-10,2e-10,0.0746,26400000000.0,1060000000.0,11.48,-83.09
3.2e-05,2.5e-05,6e-13,4.5e-10,2.5e-10,0.0746,26400000000.0,1050000000.0,11.48,-82.95
3.2e-05,2.5e-05,6e-13,5e-10,1e-10,0.0746,25400000000.0,1000000000.0,11.73,-82.45
3.2e-05,2.5e-05,6e-13,5e-10,5e-11,0.0746,25400000000.0,1010000000.0,11.73,-82.65
3.2e-05,2.5e-05,6e-13,5e-10,1.5e-10,0.0746,25400000000.0,1000000000.0,11.73,-82.61
3.2e-05,2.5e-05,6e-13,5e-10,2e-10,0.0746,25400000000.0,995000000.0,11.73,-82.48
3.2e-05,2.5e-05,6e-13,5e-10,2.5e-10,0.0746,25400000000.0,1000000000.0,11.73,-82.65
3.2e-05,2.5e-05,7e-13,4e-10,1e-10,0.0746,27600000000.0,1120000000.0,11.18,-84.19
3.2e-05,2.5e-05,7e-13,4e-10,5e-11,0.0746,27600000000.0,1130000000.0,11.19,-84.3
3.2e-05,2.5e-05,7e-13,4e-10,1.5e-10,0.0746,27600000000.0,1140000000.0,11.18,-84.25
3.2e-05,2.5e-05,7e-13,4e-10,2.5e-10,0.0746,27600000000.0,1110000000.0,11.18,-84.38
3.2e-05,2.5e-05,7e-13,3e-10,5e-11,0.0746,31000000000.0,1310000000.0,10.41,-88.03
3.2e-05,2.5e-05,7e-13,3e-10,1.5e-10,0.0746,31000000000.0,1310000000.0,10.41,-87.87
3.2e-05,2.5e-05,7e-13,3e-10,2e-10,0.0746,31000000000.0,1310000000.0,10.41,-88.21
3.2e-05,2.5e-05,7e-13,3.5e-10,5e-11,0.0746,29100000000.0,1210000000.0,10.84,-85.51
3.2e-05,2.5e-05,7e-13,3.5e-10,1.5e-10,0.0746,29100000000.0,1210000000.0,10.83,-85.46
3.2e-05,2.5e-05,7e-13,3.5e-10,2e-10,0.0746,29100000000.0,1210000000.0,10.83,-85.65
3.2e-05,2.5e-05,7e-13,3.5e-10,2.5e-10,0.0746,29100000000.0,1200000000.0,10.83,-85.56
3.2e-05,2.5e-05,7e-13,4.5e-10,1e-10,0.0746,26400000000.0,1060000000.0,11.48,-83.19
3.2e-05,2.5e-05,7e-13,4.5e-10,5e-11,0.0746,26400000000.0,1060000000.0,11.48,-83.24
3.2e-05,2.5e-05,7e-13,4.5e-10,1.5e-10,0.0746,26400000000.0,1050000000.0,11.48,-83.34
3.2e-05,2.5e-05,7e-13,4.5e-10,2e-10,0.0746,26400000000.0,1060000000.0,11.48,-82.53
3.2e-05,2.5e-05,7e-13,5e-10,1e-10,0.0746,25400000000.0,993000000.0,11.73,-82.8
3.2e-05,2.5e-05,7e-13,5e-10,5e-11,0.0746,25400000000.0,1000000000.0,11.73,-82.74
3.2e-05,2.5e-05,7e-13,5e-10,1.5e-10,0.0746,25400000000.0,1000000000.0,11.73,-82.52
3.3e-05,5e-06,5e-13,4e-10,1e-10,0.0769,29500000000.0,704000000.0,11.09,-88.82
3.3e-05,5e-06,5e-13,4e-10,5e-11,0.0769,29500000000.0,704000000.0,11.09,-88.56
3.3e-05,5e-06,5e-13,4e-10,1.5e-10,0.0769,29500000000.0,703000000.0,11.09,-88.49
3.3e-05,5e-06,5e-13,4e-10,2e-10,0.0769,29500000000.0,704000000.0,11.09,-88.7
3.3e-05,5e-06,5e-13,4e-10,2.5e-10,0.0769,29500000000.0,699000000.0,11.09,-88.4
3.3e-05,5e-06,5e-13,3e-10,1e-10,0.0769,33300000000.0,857000000.0,10.46,-92.97
3.3e-05,5e-06,5e-13,3e-10,5e-11,0.0769,33300000000.0,855000000.0,10.46,-92.93
3.3e-05,5e-06,5e-13,3e-10,1.5e-10,0.0769,33300000000.0,854000000.0,10.46,-92.99
3.3e-05,5e-06,5e-13,3e-10,2e-10,0.0769,33300000000.0,857000000.0,10.46,-92.85
3.3e-05,5e-06,5e-13,3e-10,2.5e-10,0.0769,33300000000.0,856000000.0,10.46,-92.86
3.3e-05,5e-06,5e-13,3.5e-10,1e-10,0.0769,31100000000.0,764000000.0,10.81,-91.65
3.3e-05,5e-06,5e-13,3.5e-10,5e-11,0.0769,31100000000.0,764000000.0,10.81,-91.28
3.3e-05,5e-06,5e-13,3.5e-10,1.5e-10,0.0769,31100000000.0,768000000.0,10.81,-90.89
3.3e-05,5e-06,5e-13,3.5e-10,2e-10,0.0769,31100000000.0,766000000.0,10.81,-91.08
3.3e-05,5e-06,5e-13,3.5e-10,2.5e-10,0.0769,31100000000.0,768000000.0,10.81,-91.03
3.3e-05,5e-06,5e-13,4.5e-10,1e-10,0.0769,28200000000.0,655000000.0,11.34,-86.49
3.3e-05,5e-06,5e-13,4.5e-10,5e-11,0.0769,28200000000.0,653000000.0,11.34,-86.52
3.3e-05,5e-06,5e-13,4.5e-10,1.5e-10,0.0769,28200000000.0,654000000.0,11.34,-86.71
3.3e-05,5e-06,5e-13,4.5e-10,2e-10,0.0769,28200000000.0,653000000.0,11.34,-86.31
3.3e-05,5e-06,5e-13,4.5e-10,2.5e-10,0.0769,28200000000.0,654000000.0,11.34,-86.64
3.3e-05,5e-06,5e-13,5e-10,1e-10,0.0769,27100000000.0,615000000.0,11.57,-85.0
3.3e-05,5e-06,5e-13,5e-10,5e-11,0.0769,27100000000.0,618000000.0,11.57,-85.01
3.3e-05,5e-06,5e-13,5e-10,1.5e-10,0.0769,27100000000.0,617000000.0,11.57,-85.38
3.3e-05,5e-06,5e-13,5e-10,2e-10,0.0769,27100000000.0,616000000.0,11.57,-85.32
3.3e-05,5e-06,5e-13,5e-10,2.5e-10,0.0769,27100000000.0,617000000.0,11.57,-85.44
3.3e-05,5e-06,3e-13,4e-10,1e-10,0.0769,29500000000.0,703000000.0,11.09,-88.89
3.3e-05,5e-06,3e-13,4e-10,5e-11,0.0769,29500000000.0,701000000.0,11.09,-88.43
3.3e-05,5e-06,3e-13,4e-10,1.5e-10,0.0769,29500000000.0,702000000.0,11.09,-88.48
3.3e-05,5e-06,3e-13,4e-10,2e-10,0.0769,29500000000.0,705000000.0,11.09,-88.51
3.3e-05,5e-06,3e-13,4e-10,2.5e-10,0.0769,29500000000.0,701000000.0,11.09,-88.95
3.3e-05,5e-06,3e-13,3e-10,1e-10,0.0769,33300000000.0,855000000.0,10.46,-93.04
3.3e-05,5e-06,3e-13,3e-10,5e-11,0.0769,33300000000.0,855000000.0,10.46,-93.01
3.3e-05,5e-06,3e-13,3e-10,1.5e-10,0.0769,33300000000.0,856000000.0,10.46,-92.82
3.3e-05,5e-06,3e-13,3e-10,2e-10,0.0769,33300000000.0,856000000.0,10.46,-93.02
3.3e-05,5e-06,3e-13,3e-10,2.5e-10,0.0769,33300000000.0,855000000.0,10.46,-92.91
3.3e-05,5e-06,3e-13,3.5e-10,1e-10,0.0769,31100000000.0,765000000.0,10.81,-91.21
3.3e-05,5e-06,3e-13,3.5e-10,5e-11,0.0769,31100000000.0,768000000.0,10.81,-90.78
3.3e-05,5e-06,3e-13,3.5e-10,1.5e-10,0.0769,31100000000.0,767000000.0,10.81,-91.44
3.3e-05,5e-06,3e-13,3.5e-10,2e-10,0.0769,31100000000.0,767000000.0,10.81,-88.11
3.3e-05,5e-06,3e-13,3.5e-10,2.5e-10,0.0769,31100000000.0,767000000.0,10.81,-91.5
3.3e-05,5e-06,3e-13,4.5e-10,1e-10,0.0769,28200000000.0,654000000.0,11.34,-86.62
3.3e-05,5e-06,3e-13,4.5e-10,5e-11,0.0769,28200000000.0,653000000.0,11.34,-86.29
3.3e-05,5e-06,3e-13,4.5e-10,1.5e-10,0.0769,28200000000.0,656000000.0,11.34,-86.87
3.3e-05,5e-06,3e-13,4.5e-10,2e-10,0.0769,28200000000.0,653000000.0,11.34,-86.44
3.3e-05,5e-06,3e-13,4.5e-10,2.5e-10,0.0769,28200000000.0,652000000.0,11.34,-86.33
3.3e-05,5e-06,3e-13,5e-10,1e-10,0.0769,27100000000.0,617000000.0,11.57,-85.45
3.3e-05,5e-06,3e-13,5e-10,5e-11,0.0769,27100000000.0,615000000.0,11.57,-85.36
3.3e-05,5e-06,3e-13,5e-10,1.5e-10,0.0769,27100000000.0,617000000.0,11.57,-85.65
3.3e-05,5e-06,3e-13,5e-10,2e-10,0.0769,27100000000.0,617000000.0,11.57,-85.25
3.3e-05,5e-06,3e-13,5e-10,2.5e-10,0.0769,27100000000.0,618000000.0,11.57,-85.72
3.3e-05,5e-06,4e-13,4e-10,1e-10,0.0769,29500000000.0,702000000.0,11.09,-88.54
3.3e-05,5e-06,4e-13,4e-10,5e-11,0.0769,29500000000.0,704000000.0,11.09,-88.72
3.3e-05,5e-06,4e-13,4e-10,1.5e-10,0.0769,29500000000.0,701000000.0,11.09,-89.21
3.3e-05,5e-06,4e-13,4e-10,2e-10,0.0769,29500000000.0,699000000.0,11.09,-88.15
3.3e-05,5e-06,4e-13,4e-10,2.5e-10,0.0769,29500000000.0,701000000.0,11.09,-83.61
3.3e-05,5e-06,4e-13,3e-10,1e-10,0.0769,33300000000.0,854000000.0,10.46,-93.0
3.3e-05,5e-06,4e-13,3e-10,1.5e-10,0.0769,33300000000.0,855000000.0,10.46,-93.06
3.3e-05,5e-06,4e-13,3e-10,2e-10,0.0769,33300000000.0,856000000.0,10.46,-92.85
3.3e-05,5e-06,4e-13,3e-10,2.5e-10,0.0769,33300000000.0,855000000.0,10.46,-92.98
3.3e-05,5e-06,4e-13,3.5e-10,1e-10,0.0769,31100000000.0,765000000.0,10.81,-91.22
3.3e-05,5e-06,4e-13,3.5e-10,5e-11,0.0769,31100000000.0,763000000.0,10.81,-91.52
3.3e-05,5e-06,4e-13,3.5e-10,2e-10,0.0769,31100000000.0,768000000.0,10.81,-91.04
3.3e-05,5e-06,4e-13,3.5e-10,2.5e-10,0.0769,31100000000.0,767000000.0,10.81,-91.56
3.3e-05,5e-06,4e-13,4.5e-10,1e-10,0.0769,28200000000.0,653000000.0,11.34,-86.53
3.3e-05,5e-06,4e-13,4.5e-10,5e-11,0.0769,28200000000.0,654000000.0,11.34,-86.06
3.3e-05,5e-06,4e-13,4.5e-10,1.5e-10,0.0769,28200000000.0,654000000.0,11.34,-86.43
3.3e-05,5e-06,4e-13,4.5e-10,2e-10,0.0769,28200000000.0,654000000.0,11.34,-86.65
3.3e-05,5e-06,4e-13,4.5e-10,2.5e-10,0.0769,28200000000.0,655000000.0,11.34,-86.56
3.3e-05,5e-06,4e-13,5e-10,1e-10,0.0769,27100000000.0,616000000.0,11.57,-85.43
3.3e-05,5e-06,4e-13,5e-10,5e-11,0.0769,27100000000.0,617000000.0,11.57,-85.34
3.3e-05,5e-06,4e-13,5e-10,1.5e-10,0.0769,27100000000.0,618000000.0,11.57,-85.67
3.3e-05,5e-06,4e-13,5e-10,2e-10,0.0769,27100000000.0,618000000.0,11.57,-85.46
3.3e-05,5e-06,6e-13,4e-10,1e-10,0.0769,29500000000.0,703000000.0,11.09,-88.16
3.3e-05,5e-06,6e-13,4e-10,5e-11,0.0769,29500000000.0,699000000.0,11.09,-88.69
3.3e-05,5e-06,6e-13,4e-10,1.5e-10,0.0769,29500000000.0,703000000.0,11.09,-88.65
3.3e-05,5e-06,6e-13,4e-10,2e-10,0.0769,29500000000.0,702000000.0,11.09,-88.53
3.3e-05,5e-06,6e-13,4e-10,2.5e-10,0.0769,29500000000.0,701000000.0,11.09,-89.12
3.3e-05,5e-06,6e-13,3e-10,1e-10,0.0769,33300000000.0,857000000.0,10.46,-92.88
3.3e-05,5e-06,6e-13,3e-10,5e-11,0.0769,33300000000.0,853000000.0,10.46,-92.99
3.3e-05,5e-06,6e-13,3e-10,2e-10,0.0769,33300000000.0,854000000.0,10.46,-93.05
3.3e-05,5e-06,6e-13,3e-10,2.5e-10,0.0769,33300000000.0,857000000.0,10.46,-92.8
3.3e-05,5e-06,6e-13,3.5e-10,1e-10,0.0769,31100000000.0,763000000.0,10.81,-92.12
3.3e-05,5e-06,6e-13,3.5e-10,5e-11,0.0769,31100000000.0,766000000.0,10.81,-91.49
3.3e-05,5e-06,6e-13,3.5e-10,1.5e-10,0.0769,31100000000.0,768000000.0,10.81,-91.45
3.3e-05,5e-06,6e-13,3.5e-10,2e-10,0.0769,31100000000.0,763000000.0,10.81,-92.11
3.3e-05,5e-06,6e-13,3.5e-10,2.5e-10,0.0769,31100000000.0,768000000.0,10.81,-91.64
3.3e-05,5e-06,6e-13,4.5e-10,1e-10,0.0769,28200000000.0,653000000.0,11.34,-86.46
3.3e-05,5e-06,6e-13,4.5e-10,5e-11,0.0769,28200000000.0,655000000.0,11.34,-86.73
3.3e-05,5e-06,6e-13,4.5e-10,1.5e-10,0.0769,28200000000.0,653000000.0,11.34,-86.56
3.3e-05,5e-06,6e-13,4.5e-10,2e-10,0.0769,28200000000.0,653000000.0,11.34,-86.63
3.3e-05,5e-06,6e-13,4.5e-10,2.5e-10,0.0769,28200000000.0,653000000.0,11.34,-86.43
3.3e-05,5e-06,6e-13,5e-10,1e-10,0.0769,27100000000.0,617000000.0,11.57,-85.72
3.3e-05,5e-06,6e-13,5e-10,5e-11,0.0769,27100000000.0,616000000.0,11.57,-85.25
3.3e-05,5e-06,6e-13,5e-10,1.5e-10,0.0769,27100000000.0,618000000.0,11.57,-85.61
3.3e-05,5e-06,6e-13,5e-10,2.5e-10,0.0769,27100000000.0,616000000.0,11.57,-85.54
3.3e-05,5e-06,7e-13,4e-10,1e-10,0.0769,29500000000.0,701000000.0,11.09,-88.52
3.3e-05,5e-06,7e-13,4e-10,5e-11,0.0769,29500000000.0,704000000.0,11.09,-88.74
3.3e-05,5e-06,7e-13,4e-10,1.5e-10,0.0769,29500000000.0,700000000.0,11.09,-88.29
3.3e-05,5e-06,7e-13,4e-10,2e-10,0.0769,29500000000.0,704000000.0,11.09,-88.54
3.3e-05,5e-06,7e-13,4e-10,2.5e-10,0.0769,29500000000.0,698000000.0,11.09,-88.41
3.3e-05,5e-06,7e-13,3e-10,1.5e-10,0.0769,33300000000.0,855000000.0,10.46,-92.96
3.3e-05,5e-06,7e-13,3e-10,2.5e-10,0.0769,33300000000.0,856000000.0,10.46,-92.88
3.3e-05,5e-06,7e-13,3.5e-10,1e-10,0.0769,31100000000.0,767000000.0,10.81,-90.91
3.3e-05,5e-06,7e-13,3.5e-10,5e-11,0.0769,31100000000.0,766000000.0,10.81,-91.35
3.3e-05,5e-06,7e-13,3.5e-10,1.5e-10,0.0769,31100000000.0,764000000.0,10.81,-91.3
3.3e-05,5e-06,7e-13,3.5e-10,2e-10,0.0769,31100000000.0,767000000.0,10.81,-91.48
3.3e-05,5e-06,7e-13,3.5e-10,2.5e-10,0.0769,31100000000.0,766000000.0,10.81,-91.66
3.3e-05,5e-06,7e-13,4.5e-10,1e-10,0.0769,28200000000.0,653000000.0,11.34,-86.28
3.3e-05,5e-06,7e-13,4.5e-10,1.5e-10,0.0769,28200000000.0,656000000.0,11.34,-85.74
3.3e-05,5e-06,7e-13,4.5e-10,2e-10,0.0769,28200000000.0,653000000.0,11.34,-86.61
3.3e-05,5e-06,7e-13,5e-10,1e-10,0.0769,27100000000.0,616000000.0,11.57,-85.2
3.3e-05,5e-06,7e-13,5e-10,1.5e-10,0.0769,27100000000.0,618000000.0,11.57,-85.53
3.3e-05,5e-06,7e-13,5e-10,2e-10,0.0769,27100000000.0,617000000.0,11.57,-85.22
3.3e-05,5e-06,7e-13,5e-10,2.5e-10,0.0769,27100000000.0,618000000.0,11.57,-85.7
3.3e-05,6e-06,5e-13,4e-10,1e-10,0.0769,29300000000.0,807000000.0,11.12,-88.23
3.3e-05,6e-06,5e-13,4e-10,5e-11,0.0769,29300000000.0,808000000.0,11.12,-88.31
3.3e-05,6e-06,5e-13,4e-10,1.5e-10,0.0769,29300000000.0,810000000.0,11.12,-88.58
3.3e-05,6e-06,5e-13,4e-10,2e-10,0.0769,29300000000.0,807000000.0,11.12,-87.97
3.3e-05,6e-06,5e-13,4e-10,2.5e-10,0.0769,29300000000.0,808000000.0,11.12,-88.35
3.3e-05,6e-06,5e-13,3e-10,1e-10,0.0769,33000000000.0,986000000.0,10.49,-93.18
3.3e-05,6e-06,5e-13,3e-10,5e-11,0.0769,33000000000.0,984000000.0,10.49,-92.89
3.3e-05,6e-06,5e-13,3e-10,1.5e-10,0.0769,33000000000.0,984000000.0,10.49,-93.27
3.3e-05,6e-06,5e-13,3e-10,2e-10,0.0769,33000000000.0,986000000.0,10.49,-93.16
3.3e-05,6e-06,5e-13,3e-10,2.5e-10,0.0769,33000000000.0,986000000.0,10.49,-93.17
3.3e-05,6e-06,5e-13,3.5e-10,1e-10,0.0769,30900000000.0,883000000.0,10.84,-91.51
3.3e-05,6e-06,5e-13,3.5e-10,5e-11,0.0769,30900000000.0,884000000.0,10.84,-91.4
3.3e-05,6e-06,5e-13,3.5e-10,1.5e-10,0.0769,30900000000.0,884000000.0,10.84,-91.17
3.3e-05,6e-06,5e-13,3.5e-10,2e-10,0.0769,30900000000.0,886000000.0,10.84,-91.29
3.3e-05,6e-06,5e-13,3.5e-10,2.5e-10,0.0769,30900000000.0,884000000.0,10.84,-91.0
3.3e-05,6e-06,5e-13,4.5e-10,1e-10,0.0769,28000000000.0,754000000.0,11.37,-86.53
3.3e-05,6e-06,5e-13,4.5e-10,5e-11,0.0769,28000000000.0,754000000.0,11.37,-86.49
3.3e-05,6e-06,5e-13,4.5e-10,1.5e-10,0.0769,28000000000.0,753000000.0,11.37,-86.7
3.3e-05,6e-06,5e-13,4.5e-10,2e-10,0.0769,28000000000.0,754000000.0,11.37,-86.82
3.3e-05,6e-06,5e-13,4.5e-10,2.5e-10,0.0769,28000000000.0,752000000.0,11.37,-86.69
3.3e-05,6e-06,5e-13,5e-10,1e-10,0.0769,26900000000.0,712000000.0,11.6,-85.35
3.3e-05,6e-06,5e-13,5e-10,5e-11,0.0769,26900000000.0,712000000.0,11.6,-85.28
3.3e-05,6e-06,5e-13,5e-10,1.5e-10,0.0769,26900000000.0,711000000.0,11.6,-85.28
3.3e-05,6e-06,5e-13,5e-10,2e-10,0.0769,26900000000.0,711000000.0,11.6,-85.59
3.3e-05,6e-06,5e-13,5e-10,2.5e-10,0.0769,26900000000.0,712000000.0,11.6,-85.55
3.3e-05,6e-06,3e-13,4e-10,1e-10,0.0769,29300000000.0,810000000.0,11.12,-88.39
3.3e-05,6e-06,3e-13,4e-10,5e-11,0.0769,29300000000.0,810000000.0,11.12,-88.19
3.3e-05,6e-06,3e-13,4e-10,1.5e-10,0.0769,29300000000.0,810000000.0,11.12,-88.44
3.3e-05,6e-06,3e-13,4e-10,2e-10,0.0769,29300000000.0,809000000.0,11.12,-88.31
3.3e-05,6e-06,3e-13,4e-10,2.5e-10,0.0769,29300000000.0,810000000.0,11.12,-87.5
3.3e-05,6e-06,3e-13,3e-10,1e-10,0.0769,33000000000.0,987000000.0,10.49,-93.22
3.3e-05,6e-06,3e-13,3e-10,5e-11,0.0769,33000000000.0,988000000.0,10.49,-93.28
3.3e-05,6e-06,3e-13,3e-10,2e-10,0.0769,33000000000.0,986000000.0,10.49,-93.19
3.3e-05,6e-06,3e-13,3e-10,2.5e-10,0.0769,33000000000.0,985000000.0,10.49,-93.27
3.3e-05,6e-06,3e-13,3.5e-10,1e-10,0.0769,30900000000.0,882000000.0,10.84,-91.16
3.3e-05,6e-06,3e-13,3.5e-10,5e-11,0.0769,30900000000.0,885000000.0,10.84,-91.29
3.3e-05,6e-06,3e-13,3.5e-10,1.5e-10,0.0769,30900000000.0,882000000.0,10.84,-91.05
3.3e-05,6e-06,3e-13,3.5e-10,2e-10,0.0769,30900000000.0,884000000.0,10.84,-90.81
3.3e-05,6e-06,3e-13,3.5e-10,2.5e-10,0.0769,30900000000.0,883000000.0,10.84,-91.02
3.3e-05,6e-06,3e-13,4.5e-10,1e-10,0.0769,28000000000.0,754000000.0,11.37,-85.75
3.3e-05,6e-06,3e-13,4.5e-10,5e-11,0.0769,28000000000.0,754000000.0,11.37,-86.45
3.3e-05,6e-06,3e-13,4.5e-10,1.5e-10,0.0769,28000000000.0,755000000.0,11.37,-86.51
3.3e-05,6e-06,3e-13,4.5e-10,2e-10,0.0769,28000000000.0,754000000.0,11.37,-86.59
3.3e-05,6e-06,3e-13,4.5e-10,2.5e-10,0.0769,28000000000.0,752000000.0,11.37,-86.4
3.3e-05,6e-06,3e-13,5e-10,1e-10,0.0769,26900000000.0,711000000.0,11.6,-85.29
3.3e-05,6e-06,3e-13,5e-10,5e-11,0.0769,26900000000.0,712000000.0,11.6,-86.65
3.3e-05,6e-06,3e-13,5e-10,1.5e-10,0.0769,26900000000.0,710000000.0,11.6,-85.13
3.3e-05,6e-06,3e-13,5e-10,2e-10,0.0769,26900000000.0,712000000.0,11.6,-85.3
3.3e-05,6e-06,3e-13,5e-10,2.5e-10,0.0769,26900000000.0,711000000.0,11.6,-85.21
3.3e-05,6e-06,4e-13,4e-10,1e-10,0.0769,29300000000.0,809000000.0,11.12,-88.44
3.3e-05,6e-06,4e-13,4e-10,5e-11,0.0769,29300000000.0,807000000.0,11.12,-88.73
3.3e-05,6e-06,4e-13,4e-10,1.5e-10,0.0769,29300000000.0,809000000.0,11.12,-88.37
3.3e-05,6e-06,4e-13,4e-10,2e-10,0.0769,29300000000.0,807000000.0,11.12,-87.92
3.3e-05,6e-06,4e-13,4e-10,2.5e-10,0.0769,29300000000.0,809000000.0,11.12,-88.2
3.3e-05,6e-06,4e-13,3e-10,1e-10,0.0769,33000000000.0,987000000.0,10.49,-93.15
3.3e-05,6e-06,4e-13,3e-10,5e-11,0.0769,33000000000.0,988000000.0,10.49,-93.16
3.3e-05,6e-06,4e-13,3e-10,2e-10,0.0769,33000000000.0,984000000.0,10.49,-93.28
3.3e-05,6e-06,4e-13,3.5e-10,1e-10,0.0769,30900000000.0,881000000.0,10.84,-90.78
3.3e-05,6e-06,4e-13,3.5e-10,5e-11,0.0769,30900000000.0,882000000.0,10.84,-91.4
3.3e-05,6e-06,4e-13,3.5e-10,1.5e-10,0.0769,30900000000.0,882000000.0,10.84,-91.41
3.3e-05,6e-06,4e-13,3.5e-10,2e-10,0.0769,30900000000.0,883000000.0,10.84,-91.41
3.3e-05,6e-06,4e-13,3.5e-10,2.5e-10,0.0769,30900000000.0,881000000.0,10.84,-91.49
3.3e-05,6e-06,4e-13,4.5e-10,1e-10,0.0769,28000000000.0,754000000.0,11.37,-86.69
3.3e-05,6e-06,4e-13,4.5e-10,5e-11,0.0769,28000000000.0,754000000.0,11.37,-87.26
3.3e-05,6e-06,4e-13,4.5e-10,1.5e-10,0.0769,28000000000.0,754000000.0,11.37,-85.77
3.3e-05,6e-06,4e-13,4.5e-10,2e-10,0.0769,28000000000.0,754000000.0,11.37,-86.46
3.3e-05,6e-06,4e-13,4.5e-10,2.5e-10,0.0769,28000000000.0,752000000.0,11.37,-86.19
3.3e-05,6e-06,4e-13,5e-10,1e-10,0.0769,26900000000.0,713000000.0,11.6,-85.58
3.3e-05,6e-06,4e-13,5e-10,5e-11,0.0769,26900000000.0,711000000.0,11.6,-85.0
3.3e-05,6e-06,4e-13,5e-10,1.5e-10,0.0769,26900000000.0,711000000.0,11.6,-85.07
3.3e-05,6e-06,4e-13,5e-10,2.5e-10,0.0769,26900000000.0,711000000.0,11.6,-85.14
3.3e-05,6e-06,6e-13,4e-10,1e-10,0.0769,29300000000.0,809000000.0,11.12,-88.5
3.3e-05,6e-06,6e-13,4e-10,5e-11,0.0769,29300000000.0,808000000.0,11.12,-88.44
3.3e-05,6e-06,6e-13,4e-10,1.5e-10,0.0769,29300000000.0,809000000.0,11.12,-88.57
3.3e-05,6e-06,6e-13,4e-10,2e-10,0.0769,29300000000.0,809000000.0,11.12,-88.63
3.3e-05,6e-06,6e-13,4e-10,2.5e-10,0.0769,29300000000.0,809000000.0,11.12,-88.48
3.3e-05,6e-06,6e-13,3e-10,1e-10,0.0769,33000000000.0,984000000.0,10.49,-93.3
3.3e-05,6e-06,6e-13,3e-10,5e-11,0.0769,33000000000.0,987000000.0,10.49,-93.25
3.3e-05,6e-06,6e-13,3e-10,1.5e-10,0.0769,33000000000.0,987000000.0,10.49,-93.16
3.3e-05,6e-06,6e-13,3e-10,2.5e-10,0.0769,33000000000.0,987000000.0,10.49,-93.24
3.3e-05,6e-06,6e-13,3.5e-10,1e-10,0.0769,30900000000.0,884000000.0,10.84,-91.14
3.3e-05,6e-06,6e-13,3.5e-10,5e-11,0.0769,30900000000.0,884000000.0,10.84,-90.9
3.3e-05,6e-06,6e-13,3.5e-10,1.5e-10,0.0769,30900000000.0,884000000.0,10.84,-91.45
3.3e-05,6e-06,6e-13,3.5e-10,2e-10,0.0769,30900000000.0,881000000.0,10.84,-91.27
3.3e-05,6e-06,6e-13,3.5e-10,2.5e-10,0.0769,30900000000.0,879000000.0,10.84,-92.02
3.3e-05,6e-06,6e-13,4.5e-10,1e-10,0.0769,28000000000.0,753000000.0,11.37,-86.41
3.3e-05,6e-06,6e-13,4.5e-10,1.5e-10,0.0769,28000000000.0,754000000.0,11.37,-86.6
3.3e-05,6e-06,6e-13,4.5e-10,2.5e-10,0.0769,28000000000.0,754000000.0,11.37,-86.63
3.3e-05,6e-06,6e-13,5e-10,1e-10,0.0769,26900000000.0,711000000.0,11.6,-85.51
3.3e-05,6e-06,6e-13,5e-10,5e-11,0.0769,26900000000.0,711000000.0,11.6,-85.4
3.3e-05,6e-06,6e-13,5e-10,1.5e-10,0.0769,26900000000.0,712000000.0,11.6,-85.54
3.3e-05,6e-06,6e-13,5e-10,2e-10,0.0769,26900000000.0,709000000.0,11.6,-85.1
3.3e-05,6e-06,6e-13,5e-10,2.5e-10,0.0769,26900000000.0,712000000.0,11.6,-86.51
3.3e-05,6e-06,7e-13,4e-10,1e-10,0.0769,29300000000.0,808000000.0,11.12,-88.1
3.3e-05,6e-06,7e-13,4e-10,5e-11,0.0769,29300000000.0,808000000.0,11.12,-88.62
3.3e-05,6e-06,7e-13,4e-10,1.5e-10,0.0769,29300000000.0,807000000.0,11.12,-88.36
3.3e-05,6e-06,7e-13,4e-10,2.5e-10,0.0769,29300000000.0,806000000.0,11.12,-88.1
3.3e-05,6e-06,7e-13,3e-10,1e-10,0.0769,33000000000.0,984000000.0,10.49,-93.22
3.3e-05,6e-06,7e-13,3e-10,5e-11,0.0769,33000000000.0,985000000.0,10.49,-93.24
3.3e-05,6e-06,7e-13,3e-10,2e-10,0.0769,33000000000.0,988000000.0,10.49,-93.06
3.3e-05,6e-06,7e-13,3e-10,2.5e-10,0.0769,33000000000.0,984000000.0,10.49,-92.83
3.3e-05,6e-06,7e-13,3.5e-10,1e-10,0.0769,30900000000.0,884000000.0,10.84,-87.79
3.3e-05,6e-06,7e-13,3.5e-10,5e-11,0.0769,30900000000.0,885000000.0,10.84,-90.76
3.3e-05,6e-06,7e-13,3.5e-10,1.5e-10,0.0769,30900000000.0,882000000.0,10.84,-91.42
3.3e-05,6e-06,7e-13,3.5e-10,2e-10,0.0769,30900000000.0,882000000.0,10.84,-90.86
3.3e-05,6e-06,7e-13,3.5e-10,2.5e-10,0.0769,30900000000.0,885000000.0,10.84,-91.1
3.3e-05,6e-06,7e-13,4.5e-10,1e-10,0.0769,28000000000.0,754000000.0,11.37,-86.83
3.3e-05,6e-06,7e-13,4.5e-10,5e-11,0.0769,28000000000.0,754000000.0,11.37,-86.58
3.3e-05,6e-06,7e-13,4.5e-10,1.5e-10,0.0769,28000000000.0,751000000.0,11.37,-86.2
3.3e-05,6e-06,7e-13,4.5e-10,2.5e-10,0.0769,28000000000.0,751000000.0,11.37,-86.73
3.3e-05,6e-06,7e-13,5e-10,1e-10,0.0769,26900000000.0,711000000.0,11.6,-85.57
3.3e-05,6e-06,7e-13,5e-10,5e-11,0.0769,26900000000.0,710000000.0,11.6,-86.76
3.3e-05,6e-06,7e-13,5e-10,1.5e-10,0.0769,26900000000.0,711000000.0,11.6,-85.16
3.3e-05,6e-06,7e-13,5e-10,2e-10,0.0769,26900000000.0,711000000.0,11.6,-85.62
3.3e-05,6e-06,7e-13,5e-10,2.5e-10,0.0769,26900000000.0,712000000.0,11.6,-86.46
3.3e-05,7e-06,5e-13,4e-10,1e-10,0.0769,29100000000.0,902000000.0,11.15,-88.17
3.3e-05,7e-06,5e-13,4e-10,5e-11,0.0769,29100000000.0,905000000.0,11.15,-88.18
3.3e-05,7e-06,5e-13,4e-10,1.5e-10,0.0769,29100000000.0,903000000.0,11.15,-87.95
3.3e-05,7e-06,5e-13,4e-10,2e-10,0.0769,29100000000.0,905000000.0,11.15,-88.16
3.3e-05,7e-06,5e-13,4e-10,2.5e-10,0.0769,29100000000.0,905000000.0,11.15,-88.07
3.3e-05,7e-06,5e-13,3e-10,1e-10,0.0769,32800000000.0,1100000000.0,10.52,-93.45
3.3e-05,7e-06,5e-13,3e-10,1.5e-10,0.0769,32800000000.0,1100000000.0,10.52,-93.37
3.3e-05,7e-06,5e-13,3.5e-10,1e-10,0.0769,30700000000.0,988000000.0,10.86,-90.99
3.3e-05,7e-06,5e-13,3.5e-10,5e-11,0.0769,30700000000.0,988000000.0,10.86,-91.12
3.3e-05,7e-06,5e-13,3.5e-10,1.5e-10,0.0769,30700000000.0,985000000.0,10.86,-90.95
3.3e-05,7e-06,5e-13,3.5e-10,2e-10,0.0769,30700000000.0,988000000.0,10.86,-91.05
3.3e-05,7e-06,5e-13,3.5e-10,2.5e-10,0.0769,30700000000.0,989000000.0,10.86,-91.18
3.3e-05,7e-06,5e-13,4.5e-10,1e-10,0.0769,27800000000.0,845000000.0,11.4,-86.77
3.3e-05,7e-06,5e-13,4.5e-10,5e-11,0.0769,27800000000.0,845000000.0,11.4,-86.6
3.3e-05,7e-06,5e-13,4.5e-10,1.5e-10,0.0769,27800000000.0,845000000.0,11.4,-86.54
3.3e-05,7e-06,5e-13,4.5e-10,2e-10,0.0769,27800000000.0,844000000.0,11.4,-86.33
3.3e-05,7e-06,5e-13,4.5e-10,2.5e-10,0.0769,27800000000.0,844000000.0,11.4,-86.11
3.3e-05,7e-06,5e-13,5e-10,1e-10,0.0769,26800000000.0,796000000.0,11.63,-85.19
3.3e-05,7e-06,5e-13,5e-10,5e-11,0.0769,26800000000.0,796000000.0,11.63,-85.23
3.3e-05,7e-06,5e-13,5e-10,1.5e-10,0.0769,26800000000.0,796000000.0,11.63,-85.37
3.3e-05,7e-06,5e-13,5e-10,2e-10,0.0769,26800000000.0,796000000.0,11.63,-85.33
3.3e-05,7e-06,5e-13,5e-10,2.5e-10,0.0769,26800000000.0,797000000.0,11.63,-85.31
3.3e-05,7e-06,3e-13,4e-10,1e-10,0.0769,29100000000.0,902000000.0,11.15,-88.84
3.3e-05,7e-06,3e-13,4e-10,5e-11,0.0769,29100000000.0,906000000.0,11.15,-88.08
3.3e-05,7e-06,3e-13,4e-10,1.5e-10,0.0769,29100000000.0,907000000.0,11.15,-88.33
3.3e-05,7e-06,3e-13,4e-10,2e-10,0.0769,29100000000.0,903000000.0,11.15,-88.65
3.3e-05,7e-06,3e-13,4e-10,2.5e-10,0.0769,29100000000.0,906000000.0,11.15,-88.31
3.3e-05,7e-06,3e-13,3e-10,1e-10,0.0769,32800000000.0,1100000000.0,10.52,-93.46
3.3e-05,7e-06,3e-13,3e-10,5e-11,0.0769,32800000000.0,1100000000.0,10.52,-93.47
3.3e-05,7e-06,3e-13,3e-10,1.5e-10,0.0769,32800000000.0,1100000000.0,10.52,-93.42
3.3e-05,7e-06,3e-13,3e-10,2e-10,0.0769,32800000000.0,1100000000.0,10.52,-93.44
3.3e-05,7e-06,3e-13,3.5e-10,1e-10,0.0769,30700000000.0,988000000.0,10.86,-90.98
3.3e-05,7e-06,3e-13,3.5e-10,5e-11,0.0769,30700000000.0,985000000.0,10.86,-90.91
3.3e-05,7e-06,3e-13,3.5e-10,1.5e-10,0.0769,30700000000.0,987000000.0,10.86,-90.82
3.3e-05,7e-06,3e-13,3.5e-10,2e-10,0.0769,30700000000.0,986000000.0,10.86,-90.87
3.3e-05,7e-06,3e-13,3.5e-10,2.5e-10,0.0769,30700000000.0,989000000.0,10.86,-91.1
3.3e-05,7e-06,3e-13,4.5e-10,1e-10,0.0769,27800000000.0,843000000.0,11.4,-86.3
3.3e-05,7e-06,3e-13,4.5e-10,1.5e-10,0.0769,27800000000.0,845000000.0,11.4,-86.81
3.3e-05,7e-06,3e-13,4.5e-10,2e-10,0.0769,27800000000.0,845000000.0,11.4,-86.49
3.3e-05,7e-06,3e-13,4.5e-10,2.5e-10,0.0769,27800000000.0,844000000.0,11.4,-86.48
3.3e-05,7e-06,3e-13,5e-10,1e-10,0.0769,26800000000.0,798000000.0,11.63,-85.42
3.3e-05,7e-06,3e-13,5e-10,5e-11,0.0769,26800000000.0,796000000.0,11.63,-85.13
3.3e-05,7e-06,3e-13,5e-10,1.5e-10,0.0769,26800000000.0,797000000.0,11.63,-85.45
3.3e-05,7e-06,3e-13,5e-10,2e-10,0.0769,26800000000.0,795000000.0,11.63,-85.09
3.3e-05,7e-06,3e-13,5e-10,2.5e-10,0.0769,26800000000.0,797000000.0,11.63,-85.44
3.3e-05,7e-06,4e-13,4e-10,1e-10,0.0769,29100000000.0,902000000.0,11.15,-88.89
3.3e-05,7e-06,4e-13,4e-10,5e-11,0.0769,29100000000.0,907000000.0,11.15,-88.09
3.3e-05,7e-06,4e-13,4e-10,1.5e-10,0.0769,29100000000.0,905000000.0,11.15,-88.21
3.3e-05,7e-06,4e-13,4e-10,2e-10,0.0769,29100000000.0,908000000.0,11.15,-88.75
3.3e-05,7e-06,4e-13,4e-10,2.5e-10,0.0769,29100000000.0,905000000.0,11.15,-88.27
3.3e-05,7e-06,4e-13,3e-10,5e-11,0.0769,32800000000.0,1100000000.0,10.52,-93.43
3.3e-05,7e-06,4e-13,3.5e-10,1e-10,0.0769,30700000000.0,988000000.0,10.86,-91.13
3.3e-05,7e-06,4e-13,3.5e-10,5e-11,0.0769,30700000000.0,988000000.0,10.86,-91.14
3.3e-05,7e-06,4e-13,3.5e-10,1.5e-10,0.0769,30700000000.0,988000000.0,10.86,-91.1
3.3e-05,7e-06,4e-13,3.5e-10,2e-10,0.0769,30700000000.0,989000000.0,10.86,-90.67
3.3e-05,7e-06,4e-13,3.5e-10,2.5e-10,0.0769,30700000000.0,984000000.0,10.86,-90.72
3.3e-05,7e-06,4e-13,4.5e-10,1e-10,0.0769,27800000000.0,842000000.0,11.4,-86.6
3.3e-05,7e-06,4e-13,4.5e-10,5e-11,0.0769,27800000000.0,844000000.0,11.4,-86.41
3.3e-05,7e-06,4e-13,4.5e-10,1.5e-10,0.0769,27800000000.0,845000000.0,11.4,-86.42
3.3e-05,7e-06,4e-13,4.5e-10,2.5e-10,0.0769,27800000000.0,844000000.0,11.4,-86.4
3.3e-05,7e-06,4e-13,5e-10,1e-10,0.0769,26800000000.0,795000000.0,11.63,-85.38
3.3e-05,7e-06,4e-13,5e-10,5e-11,0.0769,26800000000.0,796000000.0,11.63,-85.25
3.3e-05,7e-06,4e-13,5e-10,1.5e-10,0.0769,26800000000.0,796000000.0,11.63,-85.24
3.3e-05,7e-06,4e-13,5e-10,2e-10,0.0769,26800000000.0,797000000.0,11.63,-85.17
3.3e-05,7e-06,4e-13,5e-10,2.5e-10,0.0769,26800000000.0,796000000.0,11.63,-85.36
3.3e-05,7e-06,6e-13,4e-10,1e-10,0.0769,29100000000.0,908000000.0,11.15,-88.59
3.3e-05,7e-06,6e-13,4e-10,5e-11,0.0769,29100000000.0,903000000.0,11.15,-87.82
3.3e-05,7e-06,6e-13,4e-10,1.5e-10,0.0769,29100000000.0,903000000.0,11.15,-88.14
3.3e-05,7e-06,6e-13,4e-10,2e-10,0.0769,29100000000.0,903000000.0,11.15,-87.96
3.3e-05,7e-06,6e-13,4e-10,2.5e-10,0.0769,29100000000.0,903000000.0,11.15,-88.68
3.3e-05,7e-06,6e-13,3e-10,5e-11,0.0769,32800000000.0,1100000000.0,10.52,-93.41
3.3e-05,7e-06,6e-13,3.5e-10,1e-10,0.0769,30700000000.0,986000000.0,10.86,-90.82
3.3e-05,7e-06,6e-13,3.5e-10,1.5e-10,0.0769,30700000000.0,987000000.0,10.86,-90.95
3.3e-05,7e-06,6e-13,3.5e-10,2e-10,0.0769,30700000000.0,989000000.0,10.86,-91.34
3.3e-05,7e-06,6e-13,3.5e-10,2.5e-10,0.0769,30700000000.0,989000000.0,10.86,-91.33
3.3e-05,7e-06,6e-13,4.5e-10,1e-10,0.0769,27800000000.0,843000000.0,11.4,-86.32
3.3e-05,7e-06,6e-13,4.5e-10,5e-11,0.0769,27800000000.0,842000000.0,11.4,-86.36
3.3e-05,7e-06,6e-13,4.5e-10,1.5e-10,0.0769,27800000000.0,844000000.0,11.4,-86.55
3.3e-05,7e-06,6e-13,4.5e-10,2.5e-10,0.0769,27800000000.0,843000000.0,11.4,-86.38
3.3e-05,7e-06,6e-13,5e-10,1e-10,0.0769,26800000000.0,796000000.0,11.63,-85.54
3.3e-05,7e-06,6e-13,5e-10,5e-11,0.0769,26800000000.0,795000000.0,11.63,-85.19
3.3e-05,7e-06,6e-13,5e-10,1.5e-10,0.0769,26800000000.0,796000000.0,11.63,-85.22
3.3e-05,7e-06,6e-13,5e-10,2e-10,0.0769,26800000000.0,794000000.0,11.63,-85.4
3.3e-05,7e-06,6e-13,5e-10,2.5e-10,0.0769,26800000000.0,797000000.0,11.63,-85.48
3.3e-05,7e-06,7e-13,4e-10,1e-10,0.0769,29100000000.0,905000000.0,11.15,-88.35
3.3e-05,7e-06,7e-13,4e-10,5e-11,0.0769,29100000000.0,902000000.0,11.15,-87.95
3.3e-05,7e-06,7e-13,4e-10,1.5e-10,0.0769,29100000000.0,905000000.0,11.15,-88.17
3.3e-05,7e-06,7e-13,4e-10,2.5e-10,0.0769,29100000000.0,908000000.0,11.15,-87.93
3.3e-05,7e-06,7e-13,3e-10,5e-11,0.0769,32800000000.0,1100000000.0,10.52,-88.29
3.3e-05,7e-06,7e-13,3.5e-10,1e-10,0.0769,30700000000.0,987000000.0,10.86,-90.96
3.3e-05,7e-06,7e-13,3.5e-10,1.5e-10,0.0769,30700000000.0,986000000.0,10.86,-91.07
3.3e-05,7e-06,7e-13,3.5e-10,2e-10,0.0769,30700000000.0,989000000.0,10.86,-91.08
3.3e-05,7e-06,7e-13,3.5e-10,2.5e-10,0.0769,30700000000.0,986000000.0,10.86,-91.11
3.3e-05,7e-06,7e-13,4.5e-10,1e-10,0.0769,27800000000.0,843000000.0,11.4,-86.56
3.3e-05,7e-06,7e-13,4.5e-10,5e-11,0.0769,27800000000.0,844000000.0,11.4,-86.58
3.3e-05,7e-06,7e-13,4.5e-10,1.5e-10,0.0769,27800000000.0,841000000.0,11.4,-86.13
3.3e-05,7e-06,7e-13,4.5e-10,2e-10,0.0769,27800000000.0,841000000.0,11.4,-86.28
3.3e-05,7e-06,7e-13,4.5e-10,2.5e-10,0.0769,27800000000.0,844000000.0,11.4,-86.57
3.3e-05,7e-06,7e-13,5e-10,1e-10,0.0769,26800000000.0,796000000.0,11.63,-85.38
3.3e-05,7e-06,7e-13,5e-10,2e-10,0.0769,26800000000.0,795000000.0,11.63,-85.24
3.3e-05,7e-06,7e-13,5e-10,2.5e-10,0.0769,26800000000.0,796000000.0,11.63,-85.2
3.3e-05,8e-06,5e-13,4e-10,1e-10,0.0769,28900000000.0,993000000.0,11.17,-88.01
3.3e-05,8e-06,5e-13,4e-10,5e-11,0.0769,28900000000.0,991000000.0,11.18,-88.16
3.3e-05,8e-06,5e-13,4e-10,1.5e-10,0.0769,28900000000.0,991000000.0,11.18,-88.54
3.3e-05,8e-06,5e-13,4e-10,2e-10,0.0769,28900000000.0,994000000.0,11.17,-88.49
3.3e-05,8e-06,5e-13,4e-10,2.5e-10,0.0769,28900000000.0,989000000.0,11.17,-87.51
3.3e-05,8e-06,5e-13,3e-10,1e-10,0.0769,32600000000.0,1210000000.0,10.54,-93.59
3.3e-05,8e-06,5e-13,3e-10,5e-11,0.0769,32600000000.0,1210000000.0,10.54,-93.54
3.3e-05,8e-06,5e-13,3e-10,1.5e-10,0.0769,32600000000.0,1210000000.0,10.54,-93.57
3.3e-05,8e-06,5e-13,3e-10,2.5e-10,0.0769,32600000000.0,1210000000.0,10.54,-93.58
3.3e-05,8e-06,5e-13,3.5e-10,1e-10,0.0769,30500000000.0,1080000000.0,10.89,-90.44
3.3e-05,8e-06,5e-13,3.5e-10,5e-11,0.0769,30500000000.0,1080000000.0,10.89,-91.72
3.3e-05,8e-06,5e-13,3.5e-10,1.5e-10,0.0769,30500000000.0,1080000000.0,10.89,-91.23
3.3e-05,8e-06,5e-13,3.5e-10,2e-10,0.0769,30500000000.0,1080000000.0,10.89,-91.02
3.3e-05,8e-06,5e-13,3.5e-10,2.5e-10,0.0769,30500000000.0,1080000000.0,10.89,-91.13
3.3e-05,8e-06,5e-13,4.5e-10,1e-10,0.0769,27600000000.0,923000000.0,11.43,-86.23
3.3e-05,8e-06,5e-13,4.5e-10,5e-11,0.0769,27600000000.0,923000000.0,11.43,-86.34
3.3e-05,8e-06,5e-13,4.5e-10,1.5e-10,0.0769,27600000000.0,923000000.0,11.43,-86.47
3.3e-05,8e-06,5e-13,4.5e-10,2.5e-10,0.0769,27600000000.0,923000000.0,11.43,-87.43
3.3e-05,8e-06,5e-13,5e-10,1e-10,0.0769,26600000000.0,871000000.0,11.66,-84.76
3.3e-05,8e-06,5e-13,5e-10,5e-11,0.0769,26600000000.0,871000000.0,11.66,-85.27
3.3e-05,8e-06,5e-13,5e-10,1.5e-10,0.0769,26600000000.0,871000000.0,11.66,-85.33
3.3e-05,8e-06,5e-13,5e-10,2e-10,0.0769,26600000000.0,869000000.0,11.66,-84.89
3.3e-05,8e-06,5e-13,5e-10,2.5e-10,0.0769,26600000000.0,871000000.0,11.66,-85.03
3.3e-05,8e-06,3e-13,4e-10,1e-10,0.0769,28900000000.0,989000000.0,11.18,-87.94
3.3e-05,8e-06,3e-13,4e-10,5e-11,0.0769,28900000000.0,993000000.0,11.17,-88.04
3.3e-05,8e-06,3e-13,4e-10,1.5e-10,0.0769,28900000000.0,992000000.0,11.17,-88.41
3.3e-05,8e-06,3e-13,4e-10,2e-10,0.0769,28900000000.0,994000000.0,11.17,-87.32
3.3e-05,8e-06,3e-13,4e-10,2.5e-10,0.0769,28900000000.0,994000000.0,11.17,-88.47
3.3e-05,8e-06,3e-13,3e-10,1e-10,0.0769,32600000000.0,1210000000.0,10.54,-93.56
3.3e-05,8e-06,3e-13,3e-10,2.5e-10,0.0769,32600000000.0,1210000000.0,10.54,-93.51
3.3e-05,8e-06,3e-13,3.5e-10,1e-10,0.0769,30500000000.0,1080000000.0,10.89,-90.69
3.3e-05,8e-06,3e-13,3.5e-10,5e-11,0.0769,30500000000.0,1080000000.0,10.89,-90.72
3.3e-05,8e-06,3e-13,3.5e-10,1.5e-10,0.0769,30500000000.0,1080000000.0,10.89,-90.86
3.3e-05,8e-06,3e-13,3.5e-10,2e-10,0.0769,30500000000.0,1080000000.0,10.89,-90.81
3.3e-05,8e-06,3e-13,3.5e-10,2.5e-10,0.0769,30500000000.0,1080000000.0,10.89,-90.68
3.3e-05,8e-06,3e-13,4.5e-10,1e-10,0.0769,27600000000.0,925000000.0,11.43,-86.3
3.3e-05,8e-06,3e-13,4.5e-10,5e-11,0.0769,27700000000.0,925000000.0,11.43,-86.55
3.3e-05,8e-06,3e-13,4.5e-10,1.5e-10,0.0769,27600000000.0,923000000.0,11.43,-86.28
3.3e-05,8e-06,3e-13,4.5e-10,2e-10,0.0769,27600000000.0,922000000.0,11.43,-86.15
3.3e-05,8e-06,3e-13,4.5e-10,2.5e-10,0.0769,27600000000.0,923000000.0,11.43,-86.16
3.3e-05,8e-06,3e-13,5e-10,1e-10,0.0769,26600000000.0,872000000.0,11.66,-85.37
3.3e-05,8e-06,3e-13,5e-10,5e-11,0.0769,26600000000.0,872000000.0,11.66,-87.38
3.3e-05,8e-06,3e-13,5e-10,1.5e-10,0.0769,26600000000.0,872000000.0,11.66,-85.23
3.3e-05,8e-06,3e-13,5e-10,2e-10,0.0769,26600000000.0,872000000.0,11.66,-87.49
3.3e-05,8e-06,3e-13,5e-10,2.5e-10,0.0769,26600000000.0,872000000.0,11.66,-85.18
3.3e-05,8e-06,4e-13,4e-10,1e-10,0.0769,28900000000.0,991000000.0,11.17,-88.11
3.3e-05,8e-06,4e-13,4e-10,5e-11,0.0769,28900000000.0,991000000.0,11.17,-88.02
3.3e-05,8e-06,4e-13,4e-10,1.5e-10,0.0769,28900000000.0,990000000.0,11.18,-88.05
3.3e-05,8e-06,4e-13,4e-10,2e-10,0.0769,28900000000.0,988000000.0,11.17,-88.06
3.3e-05,8e-06,4e-13,4e-10,2.5e-10,0.0769,28900000000.0,990000000.0,11.18,-88.09
3.3e-05,8e-06,4e-13,3e-10,5e-11,0.0769,32600000000.0,1210000000.0,10.54,-93.55
3.3e-05,8e-06,4e-13,3.5e-10,1e-10,0.0769,30500000000.0,1080000000.0,10.89,-91.73
3.3e-05,8e-06,4e-13,3.5e-10,5e-11,0.0769,30500000000.0,1080000000.0,10.89,-90.48
3.3e-05,8e-06,4e-13,3.5e-10,1.5e-10,0.0769,30500000000.0,1080000000.0,10.89,-91.69
3.3e-05,8e-06,4e-13,3.5e-10,2e-10,0.0769,30500000000.0,1080000000.0,10.89,-90.95
3.3e-05,8e-06,4e-13,3.5e-10,2.5e-10,0.0769,30500000000.0,1080000000.0,10.89,-90.54
3.3e-05,8e-06,4e-13,4.5e-10,1e-10,0.0769,27600000000.0,923000000.0,11.43,-86.22
3.3e-05,8e-06,4e-13,4.5e-10,5e-11,0.0769,27600000000.0,925000000.0,11.43,-86.27
3.3e-05,8e-06,4e-13,4.5e-10,1.5e-10,0.0769,27600000000.0,924000000.0,11.43,-86.4
3.3e-05,8e-06,4e-13,4.5e-10,2e-10,0.0769,27600000000.0,923000000.0,11.43,-86.07
3.3e-05,8e-06,4e-13,5e-10,1e-10,0.0769,26600000000.0,871000000.0,11.66,-85.04
3.3e-05,8e-06,4e-13,5e-10,5e-11,0.0769,26600000000.0,870000000.0,11.66,-84.86
3.3e-05,8e-06,4e-13,5e-10,1.5e-10,0.0769,26600000000.0,870000000.0,11.66,-85.09
3.3e-05,8e-06,4e-13,5e-10,2e-10,0.0769,26600000000.0,870000000.0,11.66,-85.38
3.3e-05,8e-06,4e-13,5e-10,2.5e-10,0.0769,26600000000.0,871000000.0,11.66,-85.02
3.3e-05,8e-06,6e-13,4e-10,1e-10,0.0769,28900000000.0,987000000.0,11.17,-88.04
3.3e-05,8e-06,6e-13,4e-10,5e-11,0.0769,28900000000.0,987000000.0,11.17,-88.69
3.3e-05,8e-06,6e-13,4e-10,1.5e-10,0.0769,28900000000.0,992000000.0,11.18,-88.11
3.3e-05,8e-06,6e-13,4e-10,2e-10,0.0769,28900000000.0,989000000.0,11.18,-87.48
3.3e-05,8e-06,6e-13,4e-10,2.5e-10,0.0769,28900000000.0,990000000.0,11.18,-88.02
3.3e-05,8e-06,6e-13,3e-10,5e-11,0.0769,32600000000.0,1210000000.0,10.54,-93.53
3.3e-05,8e-06,6e-13,3.5e-10,1e-10,0.0769,30500000000.0,1080000000.0,10.89,-90.57
3.3e-05,8e-06,6e-13,3.5e-10,5e-11,0.0769,30500000000.0,1080000000.0,10.89,-91.07
3.3e-05,8e-06,6e-13,3.5e-10,1.5e-10,0.0769,30500000000.0,1080000000.0,10.89,-90.92
3.3e-05,8e-06,6e-13,3.5e-10,2e-10,0.0769,30500000000.0,1080000000.0,10.89,-90.94
3.3e-05,8e-06,6e-13,4.5e-10,5e-11,0.0769,27600000000.0,925000000.0,11.43,-86.49
3.3e-05,8e-06,6e-13,4.5e-10,2e-10,0.0769,27600000000.0,925000000.0,11.43,-86.28
3.3e-05,8e-06,6e-13,5e-10,1e-10,0.0769,26600000000.0,872000000.0,11.66,-85.53
3.3e-05,8e-06,6e-13,5e-10,5e-11,0.0769,26600000000.0,871000000.0,11.66,-87.51
3.3e-05,8e-06,6e-13,5e-10,1.5e-10,0.0769,26600000000.0,871000000.0,11.66,-85.44
3.3e-05,8e-06,6e-13,5e-10,2.5e-10,0.0769,26600000000.0,871000000.0,11.66,-85.11
3.3e-05,8e-06,7e-13,4e-10,1e-10,0.0769,28900000000.0,994000000.0,11.17,-88.25
3.3e-05,8e-06,7e-13,4e-10,5e-11,0.0769,28900000000.0,991000000.0,11.17,-88.36
3.3e-05,8e-06,7e-13,4e-10,1.5e-10,0.0769,28900000000.0,991000000.0,11.17,-88.26
3.3e-05,8e-06,7e-13,4e-10,2e-10,0.0769,28900000000.0,994000000.0,11.17,-88.21
3.3e-05,8e-06,7e-13,4e-10,2.5e-10,0.0769,28900000000.0,992000000.0,11.17,-88.09
3.3e-05,8e-06,7e-13,3e-10,2.5e-10,0.0769,32600000000.0,1200000000.0,10.54,-93.43
3.3e-05,8e-06,7e-13,3.5e-10,1e-10,0.0769,30500000000.0,1080000000.0,10.89,-90.9
3.3e-05,8e-06,7e-13,3.5e-10,5e-11,0.0769,30500000000.0,1080000000.0,10.89,-90.83
3.3e-05,8e-06,7e-13,3.5e-10,1.5e-10,0.0769,30500000000.0,1080000000.0,10.89,-90.97
3.3e-05,8e-06,7e-13,3.5e-10,2.5e-10,0.0769,30500000000.0,1080000000.0,10.89,-90.8
3.3e-05,8e-06,7e-13,4.5e-10,1e-10,0.0769,27600000000.0,922000000.0,11.43,-86.29
3.3e-05,8e-06,7e-13,4.5e-10,1.5e-10,0.0769,27600000000.0,922000000.0,11.43,-86.22
3.3e-05,8e-06,7e-13,4.5e-10,2.5e-10,0.0769,27600000000.0,922000000.0,11.43,-86.34
3.3e-05,8e-06,7e-13,5e-10,1e-10,0.0769,26600000000.0,871000000.0,11.66,-85.57
3.3e-05,8e-06,7e-13,5e-10,5e-11,0.0769,26600000000.0,871000000.0,11.66,-87.5
3.3e-05,8e-06,7e-13,5e-10,1.5e-10,0.0769,26600000000.0,870000000.0,11.66,-85.17
3.3e-05,8e-06,7e-13,5e-10,2e-10,0.0769,26600000000.0,870000000.0,11.66,-85.31
3.3e-05,8e-06,7e-13,5e-10,2.5e-10,0.0769,26600000000.0,869000000.0,11.66,-84.88
3.3e-05,9e-06,5e-13,4e-10,1e-10,0.0769,28700000000.0,1060000000.0,11.2,-88.28
3.3e-05,9e-06,5e-13,4e-10,5e-11,0.0769,28700000000.0,1070000000.0,11.2,-86.69
3.3e-05,9e-06,5e-13,4e-10,1.5e-10,0.0769,28700000000.0,1060000000.0,11.2,-88.41
3.3e-05,9e-06,5e-13,4e-10,2e-10,0.0769,28700000000.0,1070000000.0,11.2,-88.05
3.3e-05,9e-06,5e-13,4e-10,2.5e-10,0.0769,28700000000.0,1070000000.0,11.2,-88.39
3.3e-05,9e-06,5e-13,3e-10,1e-10,0.0769,32400000000.0,1300000000.0,10.56,-93.57
3.3e-05,9e-06,5e-13,3e-10,5e-11,0.0769,32400000000.0,1300000000.0,10.56,-93.63
3.3e-05,9e-06,5e-13,3e-10,1.5e-10,0.0769,32400000000.0,1300000000.0,10.56,-93.64
3.3e-05,9e-06,5e-13,3e-10,2e-10,0.0769,32400000000.0,1300000000.0,10.56,-93.68
3.3e-05,9e-06,5e-13,3e-10,2.5e-10,0.0769,32400000000.0,1300000000.0,10.56,-93.58
3.3e-05,9e-06,5e-13,3.5e-10,1e-10,0.0769,30300000000.0,1160000000.0,10.91,-91.0
3.3e-05,9e-06,5e-13,3.5e-10,5e-11,0.0769,30300000000.0,1170000000.0,10.91,-90.15
3.3e-05,9e-06,5e-13,3.5e-10,1.5e-10,0.0769,30300000000.0,1170000000.0,10.91,-90.91
3.3e-05,9e-06,5e-13,3.5e-10,2e-10,0.0769,30300000000.0,1160000000.0,10.91,-90.59
3.3e-05,9e-06,5e-13,3.5e-10,2.5e-10,0.0769,30300000000.0,1170000000.0,10.91,-91.05
3.3e-05,9e-06,5e-13,4.5e-10,1e-10,0.0769,27500000000.0,995000000.0,11.45,-86.58
3.3e-05,9e-06,5e-13,4.5e-10,5e-11,0.0769,27500000000.0,994000000.0,11.45,-86.51
3.3e-05,9e-06,5e-13,4.5e-10,1.5e-10,0.0769,27500000000.0,994000000.0,11.45,-86.65
3.3e-05,9e-06,5e-13,4.5e-10,2e-10,0.0769,27500000000.0,992000000.0,11.45,-86.62
3.3e-05,9e-06,5e-13,4.5e-10,2.5e-10,0.0769,27500000000.0,992000000.0,11.45,-86.15
3.3e-05,9e-06,5e-13,5e-10,1e-10,0.0769,26400000000.0,935000000.0,11.69,-85.36
3.3e-05,9e-06,5e-13,5e-10,5e-11,0.0769,26400000000.0,937000000.0,11.69,-85.42
3.3e-05,9e-06,5e-13,5e-10,1.5e-10,0.0769,26400000000.0,936000000.0,11.69,-85.44
3.3e-05,9e-06,5e-13,5e-10,2e-10,0.0769,26400000000.0,937000000.0,11.69,-84.98
3.3e-05,9e-06,5e-13,5e-10,2.5e-10,0.0769,26400000000.0,937000000.0,11.69,-85.07
3.3e-05,9e-06,3e-13,4e-10,1e-10,0.0769,28700000000.0,1070000000.0,11.2,-87.95
3.3e-05,9e-06,3e-13,4e-10,5e-11,0.0769,28700000000.0,1070000000.0,11.2,-88.07
3.3e-05,9e-06,3e-13,4e-10,1.5e-10,0.0769,28700000000.0,1070000000.0,11.2,-87.91
3.3e-05,9e-06,3e-13,4e-10,2e-10,0.0769,28700000000.0,1070000000.0,11.2,-84.13
3.3e-05,9e-06,3e-13,3e-10,1e-10,0.0769,32400000000.0,1300000000.0,10.56,-93.65
3.3e-05,9e-06,3e-13,3e-10,1.5e-10,0.0769,32400000000.0,1300000000.0,10.56,-93.67
3.3e-05,9e-06,3e-13,3e-10,2.5e-10,0.0769,32400000000.0,1300000000.0,10.56,-93.54
3.3e-05,9e-06,3e-13,3.5e-10,1e-10,0.0769,30300000000.0,1170000000.0,10.91,-90.9
3.3e-05,9e-06,3e-13,3.5e-10,5e-11,0.0769,30300000000.0,1160000000.0,10.91,-90.62
3.3e-05,9e-06,3e-13,3.5e-10,1.5e-10,0.0769,30300000000.0,1160000000.0,10.91,-90.56
3.3e-05,9e-06,3e-13,3.5e-10,2e-10,0.0769,30300000000.0,1160000000.0,10.91,-90.88
3.3e-05,9e-06,3e-13,3.5e-10,2.5e-10,0.0769,30300000000.0,1160000000.0,10.91,-87.99
3.3e-05,9e-06,3e-13,4.5e-10,1e-10,0.0769,27500000000.0,993000000.0,11.45,-85.98
3.3e-05,9e-06,3e-13,4.5e-10,5e-11,0.0769,27500000000.0,995000000.0,11.45,-86.73
3.3e-05,9e-06,3e-13,4.5e-10,1.5e-10,0.0769,27500000000.0,993000000.0,11.45,-86.13
3.3e-05,9e-06,3e-13,4.5e-10,2e-10,0.0769,27500000000.0,995000000.0,11.45,-86.27
3.3e-05,9e-06,3e-13,4.5e-10,2.5e-10,0.0769,27500000000.0,993000000.0,11.45,-78.16
3.3e-05,9e-06,3e-13,5e-10,1e-10,0.0769,26400000000.0,937000000.0,11.69,-85.23
3.3e-05,9e-06,3e-13,5e-10,5e-11,0.0769,26400000000.0,937000000.0,11.69,-85.93
3.3e-05,9e-06,3e-13,5e-10,1.5e-10,0.0769,26400000000.0,938000000.0,11.69,-85.69
3.3e-05,9e-06,3e-13,5e-10,2e-10,0.0769,26400000000.0,936000000.0,11.69,-85.24
3.3e-05,9e-06,3e-13,5e-10,2.5e-10,0.0769,26400000000.0,937000000.0,11.69,-85.33
3.3e-05,9e-06,4e-13,4e-10,1e-10,0.0769,28700000000.0,1060000000.0,11.2,-87.77
3.3e-05,9e-06,4e-13,4e-10,5e-11,0.0769,28700000000.0,1070000000.0,11.2,-88.16
3.3e-05,9e-06,4e-13,4e-10,1.5e-10,0.0769,28700000000.0,1070000000.0,11.2,-87.83
3.3e-05,9e-06,4e-13,4e-10,2e-10,0.0769,28700000000.0,1060000000.0,11.2,-88.53
3.3e-05,9e-06,4e-13,4e-10,2.5e-10,0.0769,28700000000.0,1070000000.0,11.2,-88.06
3.3e-05,9e-06,4e-13,3e-10,1e-10,0.0769,32400000000.0,1300000000.0,10.56,-93.66
3.3e-05,9e-06,4e-13,3e-10,2.5e-10,0.0769,32400000000.0,1300000000.0,10.56,-93.59
3.3e-05,9e-06,4e-13,3.5e-10,1e-10,0.0769,30300000000.0,1160000000.0,10.91,-90.75
3.3e-05,9e-06,4e-13,3.5e-10,5e-11,0.0769,30300000000.0,1160000000.0,10.91,-90.89
3.3e-05,9e-06,4e-13,3.5e-10,1.5e-10,0.0769,30300000000.0,1160000000.0,10.91,-90.51
3.3e-05,9e-06,4e-13,3.5e-10,2e-10,0.0769,30300000000.0,1160000000.0,10.91,-90.78
3.3e-05,9e-06,4e-13,3.5e-10,2.5e-10,0.0769,30300000000.0,1160000000.0,10.91,-90.67
3.3e-05,9e-06,4e-13,4.5e-10,1e-10,0.0769,27500000000.0,993000000.0,11.45,-86.21
3.3e-05,9e-06,4e-13,4.5e-10,5e-11,0.0769,27500000000.0,993000000.0,11.45,-85.02
3.3e-05,9e-06,4e-13,4.5e-10,1.5e-10,0.0769,27500000000.0,993000000.0,11.45,-86.38
3.3e-05,9e-06,4e-13,4.5e-10,2e-10,0.0769,27500000000.0,995000000.0,11.45,-86.66
3.3e-05,9e-06,4e-13,4.5e-10,2.5e-10,0.0769,27500000000.0,992000000.0,11.45,-86.07
3.3e-05,9e-06,4e-13,5e-10,1e-10,0.0769,26400000000.0,937000000.0,11.69,-85.43
3.3e-05,9e-06,4e-13,5e-10,5e-11,0.0769,26400000000.0,937000000.0,11.69,-85.15
3.3e-05,9e-06,4e-13,5e-10,2e-10,0.0769,26400000000.0,936000000.0,11.69,-85.15
3.3e-05,9e-06,4e-13,5e-10,2.5e-10,0.0769,26400000000.0,937000000.0,11.69,-85.22
3.3e-05,9e-06,6e-13,4e-10,5e-11,0.0769,28700000000.0,1060000000.0,11.2,-88.1
3.3e-05,9e-06,6e-13,4e-10,1.5e-10,0.0769,28700000000.0,1060000000.0,11.2,-87.94
3.3e-05,9e-06,6e-13,4e-10,2e-10,0.0769,28700000000.0,1070000000.0,11.2,-88.02
3.3e-05,9e-06,6e-13,4e-10,2.5e-10,0.0769,28700000000.0,1070000000.0,11.2,-87.39
3.3e-05,9e-06,6e-13,3e-10,5e-11,0.0769,32400000000.0,1300000000.0,10.56,-93.69
3.3e-05,9e-06,6e-13,3.5e-10,1e-10,0.0769,30300000000.0,1160000000.0,10.91,-90.77
3.3e-05,9e-06,6e-13,3.5e-10,5e-11,0.0769,30300000000.0,1160000000.0,10.91,-90.53
3.3e-05,9e-06,6e-13,3.5e-10,1.5e-10,0.0769,30300000000.0,1160000000.0,10.91,-90.69
3.3e-05,9e-06,6e-13,3.5e-10,2e-10,0.0769,30300000000.0,1160000000.0,10.91,-90.52
3.3e-05,9e-06,6e-13,3.5e-10,2.5e-10,0.0769,30300000000.0,1170000000.0,10.91,-90.75
3.3e-05,9e-06,6e-13,4.5e-10,1e-10,0.0769,27500000000.0,992000000.0,11.45,-86.25
3.3e-05,9e-06,6e-13,4.5e-10,5e-11,0.0769,27500000000.0,993000000.0,11.45,-86.32
3.3e-05,9e-06,6e-13,4.5e-10,1.5e-10,0.0769,27500000000.0,994000000.0,11.45,-86.49
3.3e-05,9e-06,6e-13,4.5e-10,2e-10,0.0769,27500000000.0,994000000.0,11.45,-86.29
3.3e-05,9e-06,6e-13,4.5e-10,2.5e-10,0.0769,27500000000.0,991000000.0,11.45,-85.98
3.3e-05,9e-06,6e-13,5e-10,1e-10,0.0769,26400000000.0,937000000.0,11.69,-85.29
3.3e-05,9e-06,6e-13,5e-10,1.5e-10,0.0769,26400000000.0,937000000.0,11.69,-84.81
3.3e-05,9e-06,6e-13,5e-10,2e-10,0.0769,26400000000.0,936000000.0,11.69,-85.29
3.3e-05,9e-06,7e-13,4e-10,1e-10,0.0769,28700000000.0,1060000000.0,11.2,-88.17
3.3e-05,9e-06,7e-13,4e-10,5e-11,0.0769,28700000000.0,1060000000.0,11.2,-87.74
3.3e-05,9e-06,7e-13,4e-10,2e-10,0.0769,28700000000.0,1070000000.0,11.2,-88.15
3.3e-05,9e-06,7e-13,4e-10,2.5e-10,0.0769,28700000000.0,1060000000.0,11.2,-87.91
3.3e-05,9e-06,7e-13,3e-10,2.5e-10,0.0769,32400000000.0,1300000000.0,10.56,-93.62
3.3e-05,9e-06,7e-13,3.5e-10,1e-10,0.0769,30300000000.0,1160000000.0,10.91,-90.73
3.3e-05,9e-06,7e-13,3.5e-10,1.5e-10,0.0769,30300000000.0,1160000000.0,10.91,-90.7
3.3e-05,9e-06,7e-13,3.5e-10,2e-10,0.0769,30300000000.0,1160000000.0,10.91,-90.55
3.3e-05,9e-06,7e-13,3.5e-10,2.5e-10,0.0769,30300000000.0,1170000000.0,10.91,-90.76
3.3e-05,9e-06,7e-13,4.5e-10,1e-10,0.0769,27500000000.0,992000000.0,11.45,-86.23
3.3e-05,9e-06,7e-13,4.5e-10,5e-11,0.0769,27500000000.0,994000000.0,11.45,-86.67
3.3e-05,9e-06,7e-13,4.5e-10,1.5e-10,0.0769,27500000000.0,993000000.0,11.45,-86.04
3.3e-05,9e-06,7e-13,4.5e-10,2e-10,0.0769,27500000000.0,993000000.0,11.45,-86.35
3.3e-05,9e-06,7e-13,4.5e-10,2.5e-10,0.0769,27500000000.0,993000000.0,11.45,-86.71
3.3e-05,9e-06,7e-13,5e-10,1e-10,0.0769,26400000000.0,936000000.0,11.69,-85.27
3.3e-05,9e-06,7e-13,5e-10,5e-11,0.0769,26400000000.0,937000000.0,11.69,-85.35
3.3e-05,9e-06,7e-13,5e-10,1.5e-10,0.0769,26400000000.0,937000000.0,11.69,-84.82
3.3e-05,9e-06,7e-13,5e-10,2e-10,0.0769,26400000000.0,935000000.0,11.69,-84.84
3.3e-05,1e-05,5e-13,4e-10,1e-10,0.0769,28600000000.0,1130000000.0,11.22,-87.59
3.3e-05,1e-05,5e-13,4e-10,5e-11,0.0769,28600000000.0,1130000000.0,11.22,-88.3
3.3e-05,1e-05,5e-13,4e-10,1.5e-10,0.0769,28600000000.0,1130000000.0,11.22,-87.51
3.3e-05,1e-05,5e-13,4e-10,2.5e-10,0.0769,28600000000.0,1130000000.0,11.22,-88.24
3.3e-05,1e-05,5e-13,3e-10,1e-10,0.0769,32200000000.0,1370000000.0,10.58,-93.57
3.3e-05,1e-05,5e-13,3e-10,5e-11,0.0769,32200000000.0,1380000000.0,10.58,-93.64
3.3e-05,1e-05,5e-13,3e-10,1.5e-10,0.0769,32200000000.0,1380000000.0,10.58,-93.68
3.3e-05,1e-05,5e-13,3e-10,2e-10,0.0769,32200000000.0,1380000000.0,10.58,-93.7
3.3e-05,1e-05,5e-13,3e-10,2.5e-10,0.0769,32200000000.0,1380000000.0,10.58,-93.65
3.3e-05,1e-05,5e-13,3.5e-10,1e-10,0.0769,30100000000.0,1230000000.0,10.93,-90.05
3.3e-05,1e-05,5e-13,3.5e-10,5e-11,0.0769,30100000000.0,1230000000.0,10.93,-90.18
3.3e-05,1e-05,5e-13,3.5e-10,1.5e-10,0.0769,30100000000.0,1230000000.0,10.93,-90.38
3.3e-05,1e-05,5e-13,3.5e-10,2e-10,0.0769,30100000000.0,1230000000.0,10.93,-90.06
3.3e-05,1e-05,5e-13,3.5e-10,2.5e-10,0.0769,30100000000.0,1230000000.0,10.93,-90.58
3.3e-05,1e-05,5e-13,4.5e-10,1e-10,0.0769,27300000000.0,1050000000.0,11.48,-86.37
3.3e-05,1e-05,5e-13,4.5e-10,5e-11,0.0769,27300000000.0,1050000000.0,11.48,-86.27
3.3e-05,1e-05,5e-13,4.5e-10,1.5e-10,0.0769,27300000000.0,1050000000.0,11.48,-86.05
3.3e-05,1e-05,5e-13,4.5e-10,2e-10,0.0769,27300000000.0,1050000000.0,11.48,-86.23
3.3e-05,1e-05,5e-13,4.5e-10,2.5e-10,0.0769,27300000000.0,1050000000.0,11.48,-86.41
3.3e-05,1e-05,5e-13,5e-10,1e-10,0.0769,26300000000.0,993000000.0,11.71,-84.96
3.3e-05,1e-05,5e-13,5e-10,5e-11,0.0769,26300000000.0,993000000.0,11.71,-85.11
3.3e-05,1e-05,5e-13,5e-10,1.5e-10,0.0769,26300000000.0,992000000.0,11.71,-85.39
3.3e-05,1e-05,5e-13,5e-10,2e-10,0.0769,26300000000.0,994000000.0,11.71,-84.9
3.3e-05,1e-05,3e-13,4e-10,1e-10,0.0769,28600000000.0,1130000000.0,11.22,-88.03
3.3e-05,1e-05,3e-13,4e-10,5e-11,0.0769,28600000000.0,1130000000.0,11.22,-87.66
3.3e-05,1e-05,3e-13,4e-10,1.5e-10,0.0769,28600000000.0,1130000000.0,11.22,-87.48
3.3e-05,1e-05,3e-13,4e-10,2e-10,0.0769,28600000000.0,1130000000.0,11.22,-88.48
3.3e-05,1e-05,3e-13,4e-10,2.5e-10,0.0769,28600000000.0,1130000000.0,11.22,-87.7
3.3e-05,1e-05,3e-13,3e-10,1e-10,0.0769,32200000000.0,1380000000.0,10.58,-93.71
3.3e-05,1e-05,3e-13,3e-10,5e-11,0.0769,32200000000.0,1380000000.0,10.58,-93.6
3.3e-05,1e-05,3e-13,3e-10,1.5e-10,0.0769,32200000000.0,1380000000.0,10.58,-93.53
3.3e-05,1e-05,3e-13,3e-10,2e-10,0.0769,32200000000.0,1380000000.0,10.58,-93.63
3.3e-05,1e-05,3e-13,3e-10,2.5e-10,0.0769,32200000000.0,1380000000.0,10.58,-91.8
3.3e-05,1e-05,3e-13,3.5e-10,1e-10,0.0769,30100000000.0,1240000000.0,10.93,-90.71
3.3e-05,1e-05,3e-13,3.5e-10,5e-11,0.0769,30100000000.0,1230000000.0,10.93,-90.11
3.3e-05,1e-05,3e-13,3.5e-10,1.5e-10,0.0769,30100000000.0,1230000000.0,10.93,-90.47
3.3e-05,1e-05,3e-13,3.5e-10,2e-10,0.0769,30100000000.0,1230000000.0,10.93,-90.34
3.3e-05,1e-05,3e-13,3.5e-10,2.5e-10,0.0769,30100000000.0,1230000000.0,10.93,-89.99
3.3e-05,1e-05,3e-13,4.5e-10,1e-10,0.0769,27300000000.0,1050000000.0,11.48,-86.44
3.3e-05,1e-05,3e-13,4.5e-10,5e-11,0.0769,27300000000.0,1050000000.0,11.48,-86.6
3.3e-05,1e-05,3e-13,4.5e-10,1.5e-10,0.0769,27300000000.0,1050000000.0,11.48,-85.44
3.3e-05,1e-05,3e-13,4.5e-10,2e-10,0.0769,27300000000.0,1050000000.0,11.48,-86.36
3.3e-05,1e-05,3e-13,4.5e-10,2.5e-10,0.0769,27300000000.0,1060000000.0,11.48,-86.56
3.3e-05,1e-05,3e-13,5e-10,1e-10,0.0769,26300000000.0,993000000.0,11.71,-85.32
3.3e-05,1e-05,3e-13,5e-10,5e-11,0.0769,26300000000.0,994000000.0,11.71,-85.62
3.3e-05,1e-05,3e-13,5e-10,1.5e-10,0.0769,26300000000.0,992000000.0,11.71,-85.56
3.3e-05,1e-05,3e-13,5e-10,2e-10,0.0769,26300000000.0,994000000.0,11.71,-85.22
3.3e-05,1e-05,3e-13,5e-10,2.5e-10,0.0769,26300000000.0,992000000.0,11.71,-85.04
3.3e-05,1e-05,4e-13,4e-10,1e-10,0.0769,28600000000.0,1130000000.0,11.22,-87.9
3.3e-05,1e-05,4e-13,4e-10,5e-11,0.0769,28600000000.0,1130000000.0,11.22,-87.41
3.3e-05,1e-05,4e-13,4e-10,1.5e-10,0.0769,28600000000.0,1130000000.0,11.22,-87.71
3.3e-05,1e-05,4e-13,4e-10,2e-10,0.0769,28600000000.0,1130000000.0,11.22,-88.52
3.3e-05,1e-05,4e-13,4e-10,2.5e-10,0.0769,28600000000.0,1130000000.0,11.22,-88.51
3.3e-05,1e-05,4e-13,3e-10,5e-11,0.0769,32200000000.0,1380000000.0,10.58,-93.55
3.3e-05,1e-05,4e-13,3e-10,1.5e-10,0.0769,32200000000.0,1380000000.0,10.58,-93.56
3.3e-05,1e-05,4e-13,3.5e-10,1e-10,0.0769,30100000000.0,1230000000.0,10.93,-90.3
3.3e-05,1e-05,4e-13,3.5e-10,5e-11,0.0769,30100000000.0,1230000000.0,10.93,-90.65
3.3e-05,1e-05,4e-13,3.5e-10,1.5e-10,0.0769,30100000000.0,1230000000.0,10.93,-90.04
3.3e-05,1e-05,4e-13,3.5e-10,2e-10,0.0769,30100000000.0,1230000000.0,10.93,-90.46
3.3e-05,1e-05,4e-13,3.5e-10,2.5e-10,0.0769,30100000000.0,1230000000.0,10.93,-91.41
3.3e-05,1e-05,4e-13,4.5e-10,1e-10,0.0769,27300000000.0,1050000000.0,11.48,-85.46
3.3e-05,1e-05,4e-13,4.5e-10,5e-11,0.0769,27300000000.0,1050000000.0,11.48,-86.04
3.3e-05,1e-05,4e-13,4.5e-10,1.5e-10,0.0769,27300000000.0,1050000000.0,11.48,-86.19
3.3e-05,1e-05,4e-13,4.5e-10,2e-10,0.0769,27300000000.0,1050000000.0,11.48,-86.26
3.3e-05,1e-05,4e-13,4.5e-10,2.5e-10,0.0769,27300000000.0,1050000000.0,11.48,-86.32
3.3e-05,1e-05,4e-13,5e-10,1e-10,0.0769,26300000000.0,994000000.0,11.71,-85.05
3.3e-05,1e-05,4e-13,5e-10,5e-11,0.0769,26300000000.0,992000000.0,11.71,-85.8
3.3e-05,1e-05,4e-13,5e-10,1.5e-10,0.0769,26300000000.0,994000000.0,11.71,-85.48
3.3e-05,1e-05,4e-13,5e-10,2e-10,0.0769,26300000000.0,993000000.0,11.71,-85.21
3.3e-05,1e-05,4e-13,5e-10,2.5e-10,0.0769,26300000000.0,994000000.0,11.71,-85.19
3.3e-05,1e-05,6e-13,4e-10,1e-10,0.0769,28600000000.0,1130000000.0,11.22,-87.61
3.3e-05,1e-05,6e-13,4e-10,5e-11,0.0769,28600000000.0,1130000000.0,11.22,-87.77
3.3e-05,1e-05,6e-13,4e-10,1.5e-10,0.0769,28600000000.0,1130000000.0,11.22,-88.07
3.3e-05,1e-05,6e-13,4e-10,2.5e-10,0.0769,28600000000.0,1130000000.0,11.22,-88.31
3.3e-05,1e-05,6e-13,3e-10,1e-10,0.0769,32200000000.0,1380000000.0,10.58,-93.67
3.3e-05,1e-05,6e-13,3e-10,5e-11,0.0769,32200000000.0,1380000000.0,10.58,-93.61
3.3e-05,1e-05,6e-13,3e-10,1.5e-10,0.0769,32200000000.0,1380000000.0,10.58,-93.75
3.3e-05,1e-05,6e-13,3e-10,2.5e-10,0.0769,32200000000.0,1380000000.0,10.58,-93.72
3.3e-05,1e-05,6e-13,3.5e-10,1e-10,0.0769,30100000000.0,1230000000.0,10.93,-90.42
3.3e-05,1e-05,6e-13,3.5e-10,5e-11,0.0769,30100000000.0,1230000000.0,10.93,-90.67
3.3e-05,1e-05,6e-13,3.5e-10,1.5e-10,0.0769,30100000000.0,1240000000.0,10.93,-90.62
3.3e-05,1e-05,6e-13,3.5e-10,2e-10,0.0769,30100000000.0,1230000000.0,10.93,-90.71
3.3e-05,1e-05,6e-13,3.5e-10,2.5e-10,0.0769,30100000000.0,1230000000.0,10.93,-90.07
3.3e-05,1e-05,6e-13,4.5e-10,1e-10,0.0769,27300000000.0,1050000000.0,11.48,-86.54
3.3e-05,1e-05,6e-13,4.5e-10,5e-11,0.0769,27300000000.0,1050000000.0,11.48,-86.52
3.3e-05,1e-05,6e-13,4.5e-10,1.5e-10,0.0769,27300000000.0,1050000000.0,11.48,-85.79
3.3e-05,1e-05,6e-13,4.5e-10,2e-10,0.0769,27300000000.0,1050000000.0,11.48,-86.34
3.3e-05,1e-05,6e-13,4.5e-10,2.5e-10,0.0769,27300000000.0,1050000000.0,11.48,-86.42
3.3e-05,1e-05,6e-13,5e-10,1e-10,0.0769,26300000000.0,993000000.0,11.71,-84.66
3.3e-05,1e-05,6e-13,5e-10,5e-11,0.0769,26300000000.0,994000000.0,11.71,-85.06
3.3e-05,1e-05,6e-13,5e-10,1.5e-10,0.0769,26300000000.0,992000000.0,11.71,-85.2
3.3e-05,1e-05,6e-13,5e-10,2.5e-10,0.0769,26300000000.0,992000000.0,11.71,-85.23
3.3e-05,1e-05,7e-13,4e-10,1e-10,0.0769,28600000000.0,1130000000.0,11.22,-87.72
3.3e-05,1e-05,7e-13,4e-10,5e-11,0.0769,28600000000.0,1130000000.0,11.22,-87.78
3.3e-05,1e-05,7e-13,4e-10,1.5e-10,0.0769,28600000000.0,1130000000.0,11.22,-88.53
3.3e-05,1e-05,7e-13,4e-10,2.5e-10,0.0769,28600000000.0,1130000000.0,11.22,-88.17
3.3e-05,1e-05,7e-13,3e-10,5e-11,0.0769,32200000000.0,1380000000.0,10.58,-93.69
3.3e-05,1e-05,7e-13,3e-10,1.5e-10,0.0769,32200000000.0,1380000000.0,10.58,-78.44
3.3e-05,1e-05,7e-13,3e-10,2e-10,0.0769,32200000000.0,1380000000.0,10.58,-93.51
3.3e-05,1e-05,7e-13,3.5e-10,1e-10,0.0769,30100000000.0,1230000000.0,10.93,-91.35
3.3e-05,1e-05,7e-13,3.5e-10,5e-11,0.0769,30100000000.0,1230000000.0,10.93,-91.36
3.3e-05,1e-05,7e-13,3.5e-10,1.5e-10,0.0769,30100000000.0,1230000000.0,10.92,-90.19
3.3e-05,1e-05,7e-13,3.5e-10,2e-10,0.0769,30100000000.0,1240000000.0,10.93,-90.6
3.3e-05,1e-05,7e-13,3.5e-10,2.5e-10,0.0769,30100000000.0,1240000000.0,10.93,-90.94
3.3e-05,1e-05,7e-13,4.5e-10,1e-10,0.0769,27300000000.0,1050000000.0,11.48,-86.21
3.3e-05,1e-05,7e-13,4.5e-10,1.5e-10,0.0769,27300000000.0,1050000000.0,11.48,-86.29
3.3e-05,1e-05,7e-13,4.5e-10,2e-10,0.0769,27300000000.0,1050000000.0,11.48,-85.76
3.3e-05,1e-05,7e-13,5e-10,1e-10,0.0769,26300000000.0,992000000.0,11.71,-86.02
3.3e-05,1e-05,7e-13,5e-10,5e-11,0.0769,26300000000.0,992000000.0,11.71,-85.4
3.3e-05,1e-05,7e-13,5e-10,1.5e-10,0.0769,26300000000.0,994000000.0,11.71,-85.46
3.3e-05,1e-05,7e-13,5e-10,2e-10,0.0769,26300000000.0,991000000.0,11.71,-85.16
3.3e-05,1e-05,7e-13,5e-10,2.5e-10,0.0769,26300000000.0,992000000.0,11.71,-85.18
3.3e-05,1.1e-05,5e-13,4e-10,1e-10,0.0769,28400000000.0,1180000000.0,11.23,-87.71
3.3e-05,1.1e-05,5e-13,4e-10,5e-11,0.0769,28400000000.0,1190000000.0,11.23,-88.17
3.3e-05,1.1e-05,5e-13,4e-10,1.5e-10,0.0769,28400000000.0,1180000000.0,11.23,-87.82
3.3e-05,1.1e-05,5e-13,4e-10,2e-10,0.0769,28400000000.0,1180000000.0,11.23,-87.78
3.3e-05,1.1e-05,5e-13,4e-10,2.5e-10,0.0769,28400000000.0,1190000000.0,11.23,-87.7
3.3e-05,1.1e-05,5e-13,3e-10,1e-10,0.0769,32000000000.0,1440000000.0,10.59,-93.51
3.3e-05,1.1e-05,5e-13,3e-10,5e-11,0.0769,32000000000.0,1440000000.0,10.59,-93.73
3.3e-05,1.1e-05,5e-13,3e-10,1.5e-10,0.0769,32000000000.0,1440000000.0,10.59,-93.59
3.3e-05,1.1e-05,5e-13,3e-10,2e-10,0.0769,32000000000.0,1440000000.0,10.59,-93.55
3.3e-05,1.1e-05,5e-13,3e-10,2.5e-10,0.0769,32000000000.0,1440000000.0,10.59,-93.67
3.3e-05,1.1e-05,5e-13,3.5e-10,1e-10,0.0769,30000000000.0,1300000000.0,10.94,-90.08
3.3e-05,1.1e-05,5e-13,3.5e-10,5e-11,0.0769,30000000000.0,1300000000.0,10.94,-90.69
3.3e-05,1.1e-05,5e-13,3.5e-10,1.5e-10,0.0769,30000000000.0,1290000000.0,10.94,-90.29
3.3e-05,1.1e-05,5e-13,3.5e-10,2e-10,0.0769,30000000000.0,1290000000.0,10.94,-90.15
3.3e-05,1.1e-05,5e-13,3.5e-10,2.5e-10,0.0769,30000000000.0,1290000000.0,10.94,-90.38
3.3e-05,1.1e-05,5e-13,4.5e-10,1e-10,0.0769,27200000000.0,1100000000.0,11.5,-86.42
3.3e-05,1.1e-05,5e-13,4.5e-10,5e-11,0.0769,27200000000.0,1100000000.0,11.5,-86.25
3.3e-05,1.1e-05,5e-13,4.5e-10,1.5e-10,0.0769,27200000000.0,1100000000.0,11.5,-86.47
3.3e-05,1.1e-05,5e-13,4.5e-10,2e-10,0.0769,27200000000.0,1100000000.0,11.5,-86.23
3.3e-05,1.1e-05,5e-13,4.5e-10,2.5e-10,0.0769,27200000000.0,1100000000.0,11.5,-86.16
3.3e-05,1.1e-05,5e-13,5e-10,1e-10,0.0769,26100000000.0,1040000000.0,11.73,-84.6
3.3e-05,1.1e-05,5e-13,5e-10,5e-11,0.0769,26100000000.0,1040000000.0,11.73,-85.45
3.3e-05,1.1e-05,5e-13,5e-10,1.5e-10,0.0769,26100000000.0,1040000000.0,11.73,-85.04
3.3e-05,1.1e-05,5e-13,5e-10,2e-10,0.0769,26100000000.0,1040000000.0,11.73,-85.19
3.3e-05,1.1e-05,5e-13,5e-10,2.5e-10,0.0769,26100000000.0,1040000000.0,11.73,-85.01
3.3e-05,1.1e-05,3e-13,4e-10,1e-10,0.0769,28400000000.0,1180000000.0,11.24,-90.37
3.3e-05,1.1e-05,3e-13,4e-10,5e-11,0.0769,28400000000.0,1190000000.0,11.24,-87.73
3.3e-05,1.1e-05,3e-13,4e-10,1.5e-10,0.0769,28400000000.0,1180000000.0,11.24,-87.6
3.3e-05,1.1e-05,3e-13,4e-10,2.5e-10,0.0769,28400000000.0,1190000000.0,11.24,-87.69
3.3e-05,1.1e-05,3e-13,3e-10,1e-10,0.0769,32000000000.0,1440000000.0,10.59,-93.66
3.3e-05,1.1e-05,3e-13,3e-10,1.5e-10,0.0769,32000000000.0,1440000000.0,10.59,-93.75
3.3e-05,1.1e-05,3e-13,3e-10,2e-10,0.0769,32000000000.0,1440000000.0,10.59,-93.44
3.3e-05,1.1e-05,3e-13,3e-10,2.5e-10,0.0769,32000000000.0,1450000000.0,10.59,-93.65
3.3e-05,1.1e-05,3e-13,3.5e-10,1e-10,0.0769,30000000000.0,1300000000.0,10.94,-90.23
3.3e-05,1.1e-05,3e-13,3.5e-10,1.5e-10,0.0769,30000000000.0,1300000000.0,10.94,-89.61
3.3e-05,1.1e-05,3e-13,3.5e-10,2e-10,0.0769,30000000000.0,1290000000.0,10.94,-90.14
3.3e-05,1.1e-05,3e-13,3.5e-10,2.5e-10,0.0769,30000000000.0,1300000000.0,10.94,-90.28
3.3e-05,1.1e-05,3e-13,4.5e-10,1e-10,0.0769,27200000000.0,1110000000.0,11.5,-85.98
3.3e-05,1.1e-05,3e-13,4.5e-10,5e-11,0.0769,27200000000.0,1110000000.0,11.5,-86.23
3.3e-05,1.1e-05,3e-13,4.5e-10,1.5e-10,0.0769,27200000000.0,1100000000.0,11.5,-85.73
3.3e-05,1.1e-05,3e-13,4.5e-10,2e-10,0.0769,27200000000.0,1100000000.0,11.5,-85.94
3.3e-05,1.1e-05,3e-13,4.5e-10,2.5e-10,0.0769,27200000000.0,1100000000.0,11.5,-86.03
3.3e-05,1.1e-05,3e-13,5e-10,1e-10,0.0769,26100000000.0,1040000000.0,11.73,-85.42
3.3e-05,1.1e-05,3e-13,5e-10,5e-11,0.0769,26100000000.0,1040000000.0,11.73,-84.96
3.3e-05,1.1e-05,3e-13,5e-10,1.5e-10,0.0769,26100000000.0,1040000000.0,11.73,-84.94
3.3e-05,1.1e-05,3e-13,5e-10,2e-10,0.0769,26100000000.0,1040000000.0,11.73,-85.16
3.3e-05,1.1e-05,4e-13,4e-10,1e-10,0.0769,28400000000.0,1180000000.0,11.23,-87.37
3.3e-05,1.1e-05,4e-13,4e-10,5e-11,0.0769,28400000000.0,1190000000.0,11.24,-87.94
3.3e-05,1.1e-05,4e-13,4e-10,1.5e-10,0.0769,28400000000.0,1190000000.0,11.23,-87.41
3.3e-05,1.1e-05,4e-13,4e-10,2e-10,0.0769,28400000000.0,1190000000.0,11.23,-87.35
3.3e-05,1.1e-05,4e-13,4e-10,2.5e-10,0.0769,28400000000.0,1180000000.0,11.24,-87.62
3.3e-05,1.1e-05,4e-13,3e-10,1e-10,0.0769,32000000000.0,1440000000.0,10.59,-93.54
3.3e-05,1.1e-05,4e-13,3e-10,5e-11,0.0769,32000000000.0,1440000000.0,10.59,-93.62
3.3e-05,1.1e-05,4e-13,3e-10,1.5e-10,0.0769,32000000000.0,1440000000.0,10.59,-93.61
3.3e-05,1.1e-05,4e-13,3e-10,2e-10,0.0769,32000000000.0,1440000000.0,10.59,-93.52
3.3e-05,1.1e-05,4e-13,3e-10,2.5e-10,0.0769,32000000000.0,1440000000.0,10.59,-93.77
3.3e-05,1.1e-05,4e-13,3.5e-10,1e-10,0.0769,30000000000.0,1300000000.0,10.94,-90.36
3.3e-05,1.1e-05,4e-13,3.5e-10,5e-11,0.0769,30000000000.0,1290000000.0,10.94,-90.25
3.3e-05,1.1e-05,4e-13,3.5e-10,1.5e-10,0.0769,30000000000.0,1290000000.0,10.94,-81.53
3.3e-05,1.1e-05,4e-13,3.5e-10,2e-10,0.0769,30000000000.0,1300000000.0,10.94,-89.67
3.3e-05,1.1e-05,4e-13,3.5e-10,2.5e-10,0.0769,30000000000.0,1290000000.0,10.94,-90.23
3.3e-05,1.1e-05,4e-13,4.5e-10,1.5e-10,0.0769,27200000000.0,1110000000.0,11.5,-85.62
3.3e-05,1.1e-05,4e-13,4.5e-10,2e-10,0.0769,27200000000.0,1100000000.0,11.5,-86.1
3.3e-05,1.1e-05,4e-13,4.5e-10,2.5e-10,0.0769,27200000000.0,1100000000.0,11.5,-86.11
3.3e-05,1.1e-05,4e-13,5e-10,1e-10,0.0769,26100000000.0,1040000000.0,11.73,-84.99
3.3e-05,1.1e-05,4e-13,5e-10,5e-11,0.0769,26100000000.0,1040000000.0,11.73,-84.98
3.3e-05,1.1e-05,4e-13,5e-10,1.5e-10,0.0769,26100000000.0,1040000000.0,11.73,-84.79
3.3e-05,1.1e-05,4e-13,5e-10,2.5e-10,0.0769,26100000000.0,1040000000.0,11.73,-85.32
3.3e-05,1.1e-05,6e-13,4e-10,1e-10,0.0769,28400000000.0,1180000000.0,11.24,-87.42
3.3e-05,1.1e-05,6e-13,4e-10,5e-11,0.0769,28400000000.0,1180000000.0,11.23,-87.63
3.3e-05,1.1e-05,6e-13,4e-10,1.5e-10,0.0769,28400000000.0,1180000000.0,11.23,-85.7
3.3e-05,1.1e-05,6e-13,4e-10,2e-10,0.0769,28400000000.0,1180000000.0,11.23,-88.34
3.3e-05,1.1e-05,6e-13,4e-10,2.5e-10,0.0769,28400000000.0,1190000000.0,11.24,-87.23
3.3e-05,1.1e-05,6e-13,3e-10,1e-10,0.0769,32000000000.0,1440000000.0,10.59,-93.69
3.3e-05,1.1e-05,6e-13,3e-10,2e-10,0.0769,32000000000.0,1440000000.0,10.59,-93.68
3.3e-05,1.1e-05,6e-13,3.5e-10,1e-10,0.0769,30000000000.0,1290000000.0,10.94,-90.16
3.3e-05,1.1e-05,6e-13,3.5e-10,1.5e-10,0.0769,30000000000.0,1290000000.0,10.94,-89.83
3.3e-05,1.1e-05,6e-13,3.5e-10,2e-10,0.0769,29900000000.0,1300000000.0,10.94,-89.64
3.3e-05,1.1e-05,6e-13,3.5e-10,2.5e-10,0.0769,29900000000.0,1290000000.0,10.94,-90.29
3.3e-05,1.1e-05,6e-13,4.5e-10,1e-10,0.0769,27200000000.0,1100000000.0,11.49,-86.34
3.3e-05,1.1e-05,6e-13,4.5e-10,5e-11,0.0769,27200000000.0,1100000000.0,11.5,-86.14
3.3e-05,1.1e-05,6e-13,4.5e-10,1.5e-10,0.0769,27200000000.0,1110000000.0,11.5,-86.21
3.3e-05,1.1e-05,6e-13,4.5e-10,2e-10,0.0769,27200000000.0,1100000000.0,11.5,-85.9
3.3e-05,1.1e-05,6e-13,4.5e-10,2.5e-10,0.0769,27200000000.0,1100000000.0,11.5,-86.13
3.3e-05,1.1e-05,6e-13,5e-10,1e-10,0.0769,26100000000.0,1040000000.0,11.73,-85.23
3.3e-05,1.1e-05,6e-13,5e-10,5e-11,0.0769,26100000000.0,1040000000.0,11.73,-85.0
3.3e-05,1.1e-05,6e-13,5e-10,1.5e-10,0.0769,26100000000.0,1040000000.0,11.73,-84.62
3.3e-05,1.1e-05,6e-13,5e-10,2e-10,0.0769,26100000000.0,1040000000.0,11.73,-85.17
3.3e-05,1.1e-05,7e-13,4e-10,1e-10,0.0769,28400000000.0,1190000000.0,11.23,-87.74
3.3e-05,1.1e-05,7e-13,4e-10,5e-11,0.0769,28400000000.0,1180000000.0,11.23,-87.7
3.3e-05,1.1e-05,7e-13,4e-10,1.5e-10,0.0769,28400000000.0,1180000000.0,11.24,-87.27
3.3e-05,1.1e-05,7e-13,4e-10,2e-10,0.0769,28400000000.0,1180000000.0,11.23,-87.85
3.3e-05,1.1e-05,7e-13,4e-10,2.5e-10,0.0769,28400000000.0,1190000000.0,11.23,-87.9
3.3e-05,1.1e-05,7e-13,3e-10,1e-10,0.0769,32000000000.0,1440000000.0,10.59,-93.6
3.3e-05,1.1e-05,7e-13,3e-10,2e-10,0.0769,32000000000.0,1440000000.0,10.59,-93.42
3.3e-05,1.1e-05,7e-13,3.5e-10,1e-10,0.0769,30000000000.0,1290000000.0,10.94,-90.55
3.3e-05,1.1e-05,7e-13,3.5e-10,5e-11,0.0769,29900000000.0,1290000000.0,10.94,-89.82
3.3e-05,1.1e-05,7e-13,3.5e-10,1.5e-10,0.0769,29900000000.0,1300000000.0,10.94,-90.74
3.3e-05,1.1e-05,7e-13,3.5e-10,2e-10,0.0769,29900000000.0,1290000000.0,10.94,-90.18
3.3e-05,1.1e-05,7e-13,3.5e-10,2.5e-10,0.0769,29900000000.0,1290000000.0,10.94,-90.23
3.3e-05,1.1e-05,7e-13,4.5e-10,1e-10,0.0769,27200000000.0,1100000000.0,11.5,-86.15
3.3e-05,1.1e-05,7e-13,4.5e-10,5e-11,0.0769,27200000000.0,1100000000.0,11.5,-86.0
3.3e-05,1.1e-05,7e-13,4.5e-10,1.5e-10,0.0769,27200000000.0,1100000000.0,11.49,-86.04
3.3e-05,1.1e-05,7e-13,4.5e-10,2e-10,0.0769,27200000000.0,1100000000.0,11.5,-86.17
3.3e-05,1.1e-05,7e-13,4.5e-10,2.5e-10,0.0769,27200000000.0,1100000000.0,11.5,-86.62
3.3e-05,1.1e-05,7e-13,5e-10,2e-10,0.0769,26100000000.0,1040000000.0,11.73,-85.03
3.3e-05,1.2e-05,5e-13,4e-10,1e-10,0.0769,28200000000.0,1230000000.0,11.25,-87.52
3.3e-05,1.2e-05,5e-13,4e-10,5e-11,0.0769,28200000000.0,1230000000.0,11.25,-87.74
3.3e-05,1.2e-05,5e-13,4e-10,1.5e-10,0.0769,28200000000.0,1230000000.0,11.25,-87.57
3.3e-05,1.2e-05,5e-13,4e-10,2e-10,0.0769,28200000000.0,1220000000.0,11.25,-87.51
3.3e-05,1.2e-05,5e-13,4e-10,2.5e-10,0.0769,28200000000.0,1230000000.0,11.25,-87.71
3.3e-05,1.2e-05,5e-13,3e-10,1e-10,0.0769,31800000000.0,1490000000.0,10.6,-93.57
3.3e-05,1.2e-05,5e-13,3e-10,5e-11,0.0769,31800000000.0,1500000000.0,10.6,-93.31
3.3e-05,1.2e-05,5e-13,3e-10,1.5e-10,0.0769,31800000000.0,1490000000.0,10.6,-93.79
3.3e-05,1.2e-05,5e-13,3e-10,2e-10,0.0769,31800000000.0,1490000000.0,10.6,-93.65
3.3e-05,1.2e-05,5e-13,3e-10,2.5e-10,0.0769,31800000000.0,1490000000.0,10.6,-93.27
3.3e-05,1.2e-05,5e-13,3.5e-10,1e-10,0.0769,29800000000.0,1340000000.0,10.95,-90.5
3.3e-05,1.2e-05,5e-13,3.5e-10,5e-11,0.0769,29800000000.0,1340000000.0,10.96,-90.22
3.3e-05,1.2e-05,5e-13,3.5e-10,1.5e-10,0.0769,29800000000.0,1340000000.0,10.96,-90.19
3.3e-05,1.2e-05,5e-13,3.5e-10,2e-10,0.0769,29800000000.0,1340000000.0,10.96,-90.41
3.3e-05,1.2e-05,5e-13,3.5e-10,2.5e-10,0.0769,29800000000.0,1340000000.0,10.95,-89.98
3.3e-05,1.2e-05,5e-13,4.5e-10,1e-10,0.0769,27000000000.0,1150000000.0,11.51,-85.72
3.3e-05,1.2e-05,5e-13,4.5e-10,5e-11,0.0769,27000000000.0,1150000000.0,11.51,-86.2
3.3e-05,1.2e-05,5e-13,4.5e-10,1.5e-10,0.0769,27000000000.0,1140000000.0,11.51,-86.0
3.3e-05,1.2e-05,5e-13,4.5e-10,2e-10,0.0769,27000000000.0,1150000000.0,11.51,-86.14
3.3e-05,1.2e-05,5e-13,4.5e-10,2.5e-10,0.0769,27000000000.0,1140000000.0,11.51,-85.44
3.3e-05,1.2e-05,5e-13,5e-10,1e-10,0.0769,26000000000.0,1080000000.0,11.75,-84.92
3.3e-05,1.2e-05,5e-13,5e-10,5e-11,0.0769,26000000000.0,1080000000.0,11.75,-85.1
3.3e-05,1.2e-05,5e-13,5e-10,1.5e-10,0.0769,26000000000.0,1080000000.0,11.75,-84.37
3.3e-05,1.2e-05,5e-13,5e-10,2e-10,0.0769,26000000000.0,1080000000.0,11.75,-84.95
3.3e-05,1.2e-05,3e-13,4e-10,1e-10,0.0769,28200000000.0,1230000000.0,11.25,-87.38
3.3e-05,1.2e-05,3e-13,4e-10,5e-11,0.0769,28200000000.0,1230000000.0,11.25,-87.45
3.3e-05,1.2e-05,3e-13,4e-10,1.5e-10,0.0769,28200000000.0,1230000000.0,11.25,-87.66
3.3e-05,1.2e-05,3e-13,4e-10,2.5e-10,0.0769,28200000000.0,1230000000.0,11.25,-87.51
3.3e-05,1.2e-05,3e-13,3e-10,5e-11,0.0769,31800000000.0,1500000000.0,10.6,-93.53
3.3e-05,1.2e-05,3e-13,3e-10,1.5e-10,0.0769,31800000000.0,1500000000.0,10.6,-93.32
3.3e-05,1.2e-05,3e-13,3e-10,2e-10,0.0769,31800000000.0,1490000000.0,10.6,-93.31
3.3e-05,1.2e-05,3e-13,3e-10,2.5e-10,0.0769,31800000000.0,1490000000.0,10.6,-93.48
3.3e-05,1.2e-05,3e-13,3.5e-10,1e-10,0.0769,29800000000.0,1340000000.0,10.95,-89.53
3.3e-05,1.2e-05,3e-13,3.5e-10,5e-11,0.0769,29800000000.0,1350000000.0,10.96,-90.77
3.3e-05,1.2e-05,3e-13,3.5e-10,1.5e-10,0.0769,29800000000.0,1340000000.0,10.95,-89.92
3.3e-05,1.2e-05,3e-13,3.5e-10,2e-10,0.0769,29800000000.0,1340000000.0,10.96,-89.81
3.3e-05,1.2e-05,3e-13,3.5e-10,2.5e-10,0.0769,29800000000.0,1340000000.0,10.95,-89.55
3.3e-05,1.2e-05,3e-13,4.5e-10,1e-10,0.0769,27000000000.0,1150000000.0,11.51,-86.23
3.3e-05,1.2e-05,3e-13,4.5e-10,5e-11,0.0769,27000000000.0,1150000000.0,11.51,-85.85
3.3e-05,1.2e-05,3e-13,4.5e-10,1.5e-10,0.0769,27000000000.0,1140000000.0,11.52,-85.92
3.3e-05,1.2e-05,3e-13,4.5e-10,2e-10,0.0769,27000000000.0,1150000000.0,11.51,-85.96
3.3e-05,1.2e-05,3e-13,4.5e-10,2.5e-10,0.0769,27000000000.0,1150000000.0,11.52,-85.85
3.3e-05,1.2e-05,3e-13,5e-10,1e-10,0.0769,26000000000.0,1080000000.0,11.75,-84.79
3.3e-05,1.2e-05,3e-13,5e-10,5e-11,0.0769,26000000000.0,1080000000.0,11.75,-83.93
3.3e-05,1.2e-05,3e-13,5e-10,1.5e-10,0.0769,26000000000.0,1080000000.0,11.75,-84.78
3.3e-05,1.2e-05,3e-13,5e-10,2e-10,0.0769,26000000000.0,1080000000.0,11.75,-85.37
3.3e-05,1.2e-05,4e-13,4e-10,1e-10,0.0769,28200000000.0,1230000000.0,11.25,-87.59
3.3e-05,1.2e-05,4e-13,4e-10,5e-11,0.0769,28200000000.0,1230000000.0,11.25,-87.25
3.3e-05,1.2e-05,4e-13,4e-10,1.5e-10,0.0769,28200000000.0,1230000000.0,11.25,-87.54
3.3e-05,1.2e-05,4e-13,4e-10,2e-10,0.0769,28200000000.0,1230000000.0,11.25,-87.61
3.3e-05,1.2e-05,4e-13,4e-10,2.5e-10,0.0769,28200000000.0,1230000000.0,11.25,-87.86
3.3e-05,1.2e-05,4e-13,3e-10,1e-10,0.0769,31800000000.0,1490000000.0,10.6,-93.38
3.3e-05,1.2e-05,4e-13,3e-10,5e-11,0.0769,31800000000.0,1490000000.0,10.6,-93.43
3.3e-05,1.2e-05,4e-13,3e-10,1.5e-10,0.0769,31800000000.0,1500000000.0,10.6,-93.46
3.3e-05,1.2e-05,4e-13,3e-10,2e-10,0.0769,31800000000.0,1500000000.0,10.6,-93.3
3.3e-05,1.2e-05,4e-13,3e-10,2.5e-10,0.0769,31800000000.0,1500000000.0,10.6,-93.52
3.3e-05,1.2e-05,4e-13,3.5e-10,5e-11,0.0769,29800000000.0,1340000000.0,10.95,-89.83
3.3e-05,1.2e-05,4e-13,3.5e-10,1.5e-10,0.0769,29800000000.0,1340000000.0,10.95,-90.53
3.3e-05,1.2e-05,4e-13,3.5e-10,2e-10,0.0769,29800000000.0,1340000000.0,10.95,-90.25
3.3e-05,1.2e-05,4e-13,3.5e-10,2.5e-10,0.0769,29800000000.0,1340000000.0,10.95,-90.11
3.3e-05,1.2e-05,4e-13,4.5e-10,1e-10,0.0769,27000000000.0,1140000000.0,11.51,-86.08
3.3e-05,1.2e-05,4e-13,4.5e-10,5e-11,0.0769,27000000000.0,1150000000.0,11.51,-86.11
3.3e-05,1.2e-05,4e-13,4.5e-10,1.5e-10,0.0769,27000000000.0,1140000000.0,11.51,-86.49
3.3e-05,1.2e-05,4e-13,4.5e-10,2e-10,0.0769,27000000000.0,1140000000.0,11.51,-86.02
3.3e-05,1.2e-05,4e-13,4.5e-10,2.5e-10,0.0769,27000000000.0,1150000000.0,11.51,-86.27
3.3e-05,1.2e-05,4e-13,5e-10,1e-10,0.0769,26000000000.0,1080000000.0,11.75,-84.94
3.3e-05,1.2e-05,4e-13,5e-10,5e-11,0.0769,26000000000.0,1080000000.0,11.75,-84.86
3.3e-05,1.2e-05,4e-13,5e-10,1.5e-10,0.0769,26000000000.0,1080000000.0,11.75,-85.0
3.3e-05,1.2e-05,4e-13,5e-10,2e-10,0.0769,26000000000.0,1080000000.0,11.75,-85.15
3.3e-05,1.2e-05,6e-13,4e-10,1e-10,0.0769,28200000000.0,1230000000.0,11.25,-87.75
3.3e-05,1.2e-05,6e-13,4e-10,5e-11,0.0769,28200000000.0,1230000000.0,11.25,-87.44
3.3e-05,1.2e-05,6e-13,4e-10,2e-10,0.0769,28200000000.0,1230000000.0,11.25,-87.31
3.3e-05,1.2e-05,6e-13,4e-10,2.5e-10,0.0769,28200000000.0,1230000000.0,11.25,-87.77
3.3e-05,1.2e-05,6e-13,3e-10,5e-11,0.0769,31800000000.0,1490000000.0,10.6,-93.28
3.3e-05,1.2e-05,6e-13,3e-10,2e-10,0.0769,31800000000.0,1490000000.0,10.6,-93.4
3.3e-05,1.2e-05,6e-13,3e-10,2.5e-10,0.0769,31800000000.0,1500000000.0,10.6,-93.62
3.3e-05,1.2e-05,6e-13,3.5e-10,1e-10,0.0769,29800000000.0,1340000000.0,10.96,-90.48
3.3e-05,1.2e-05,6e-13,3.5e-10,5e-11,0.0769,29800000000.0,1340000000.0,10.95,-90.15
3.3e-05,1.2e-05,6e-13,3.5e-10,1.5e-10,0.0769,29800000000.0,1340000000.0,10.95,-90.39
3.3e-05,1.2e-05,6e-13,3.5e-10,2e-10,0.0769,29800000000.0,1340000000.0,10.96,-89.98
3.3e-05,1.2e-05,6e-13,3.5e-10,2.5e-10,0.0769,29800000000.0,1340000000.0,10.96,-90.23
3.3e-05,1.2e-05,6e-13,4.5e-10,1e-10,0.0769,27000000000.0,1140000000.0,11.51,-85.9
3.3e-05,1.2e-05,6e-13,4.5e-10,5e-11,0.0769,27000000000.0,1140000000.0,11.51,-85.85
3.3e-05,1.2e-05,6e-13,4.5e-10,1.5e-10,0.0769,27000000000.0,1150000000.0,11.51,-86.01
3.3e-05,1.2e-05,6e-13,4.5e-10,2e-10,0.0769,27000000000.0,1140000000.0,11.51,-86.01
3.3e-05,1.2e-05,6e-13,4.5e-10,2.5e-10,0.0769,27000000000.0,1140000000.0,11.51,-85.93
3.3e-05,1.2e-05,6e-13,5e-10,1e-10,0.0769,26000000000.0,1080000000.0,11.75,-84.83
3.3e-05,1.2e-05,6e-13,5e-10,5e-11,0.0769,26000000000.0,1080000000.0,11.75,-85.06
3.3e-05,1.2e-05,6e-13,5e-10,2.5e-10,0.0769,26000000000.0,1080000000.0,11.75,-84.76
3.3e-05,1.2e-05,7e-13,4e-10,1e-10,0.0769,28200000000.0,1230000000.0,11.25,-87.65
3.3e-05,1.2e-05,7e-13,4e-10,1.5e-10,0.0769,28200000000.0,1230000000.0,11.25,-87.67
3.3e-05,1.2e-05,7e-13,4e-10,2e-10,0.0769,28200000000.0,1230000000.0,11.25,-87.5
3.3e-05,1.2e-05,7e-13,4e-10,2.5e-10,0.0769,28200000000.0,1230000000.0,11.25,-87.55
3.3e-05,1.2e-05,7e-13,3e-10,1e-10,0.0769,31800000000.0,1490000000.0,10.6,-93.49
3.3e-05,1.2e-05,7e-13,3e-10,5e-11,0.0769,31800000000.0,1490000000.0,10.6,-93.34
3.3e-05,1.2e-05,7e-13,3e-10,1.5e-10,0.0769,31800000000.0,1500000000.0,10.6,-93.33
3.3e-05,1.2e-05,7e-13,3e-10,2e-10,0.0769,31800000000.0,1490000000.0,10.6,-93.46
3.3e-05,1.2e-05,7e-13,3e-10,2.5e-10,0.0769,31800000000.0,1500000000.0,10.6,-93.17
3.3e-05,1.2e-05,7e-13,3.5e-10,1e-10,0.0769,29800000000.0,1340000000.0,10.95,-90.47
3.3e-05,1.2e-05,7e-13,3.5e-10,5e-11,0.0769,29800000000.0,1340000000.0,10.95,-90.07
3.3e-05,1.2e-05,7e-13,3.5e-10,1.5e-10,0.0769,29800000000.0,1340000000.0,10.95,-89.68
3.3e-05,1.2e-05,7e-13,3.5e-10,2e-10,0.0769,29800000000.0,1340000000.0,10.95,-90.18
3.3e-05,1.2e-05,7e-13,3.5e-10,2.5e-10,0.0769,29800000000.0,1350000000.0,10.95,-89.41
3.3e-05,1.2e-05,7e-13,4.5e-10,1e-10,0.0769,27000000000.0,1140000000.0,11.51,-86.06
3.3e-05,1.2e-05,7e-13,4.5e-10,5e-11,0.0769,27000000000.0,1140000000.0,11.51,-82.5
3.3e-05,1.2e-05,7e-13,4.5e-10,1.5e-10,0.0769,27000000000.0,1140000000.0,11.51,-86.11
3.3e-05,1.2e-05,7e-13,4.5e-10,2e-10,0.0769,27000000000.0,1140000000.0,11.51,-84.69
3.3e-05,1.2e-05,7e-13,4.5e-10,2.5e-10,0.0769,27000000000.0,1140000000.0,11.51,-86.07
3.3e-05,1.2e-05,7e-13,5e-10,5e-11,0.0769,26000000000.0,1080000000.0,11.75,-85.19
3.3e-05,1.2e-05,7e-13,5e-10,1.5e-10,0.0769,26000000000.0,1080000000.0,11.75,-85.08
3.3e-05,1.2e-05,7e-13,5e-10,2e-10,0.0769,26000000000.0,1080000000.0,11.75,-85.25
3.3e-05,1.2e-05,7e-13,5e-10,2.5e-10,0.0769,26000000000.0,1080000000.0,11.75,-84.96
3.3e-05,1.3e-05,5e-13,4e-10,1e-10,0.0769,28100000000.0,1260000000.0,11.26,-87.24
3.3e-05,1.3e-05,5e-13,4e-10,5e-11,0.0769,28100000000.0,1260000000.0,11.26,-88.45
3.3e-05,1.3e-05,5e-13,4e-10,1.5e-10,0.0769,28100000000.0,1260000000.0,11.26,-87.75
3.3e-05,1.3e-05,5e-13,4e-10,2e-10,0.0769,28100000000.0,1270000000.0,11.26,-87.31
3.3e-05,1.3e-05,5e-13,4e-10,2.5e-10,0.0769,28100000000.0,1260000000.0,11.26,-87.58
3.3e-05,1.3e-05,5e-13,3e-10,1e-10,0.0769,31600000000.0,1540000000.0,10.61,-92.97
3.3e-05,1.3e-05,5e-13,3e-10,5e-11,0.0769,31600000000.0,1540000000.0,10.61,-93.19
3.3e-05,1.3e-05,5e-13,3e-10,1.5e-10,0.0769,31600000000.0,1540000000.0,10.61,-93.42
3.3e-05,1.3e-05,5e-13,3e-10,2e-10,0.0769,31600000000.0,1540000000.0,10.61,-93.68
3.3e-05,1.3e-05,5e-13,3e-10,2.5e-10,0.0769,31600000000.0,1540000000.0,10.61,-93.07
3.3e-05,1.3e-05,5e-13,3.5e-10,1e-10,0.0769,29600000000.0,1380000000.0,10.96,-89.59
3.3e-05,1.3e-05,5e-13,3.5e-10,5e-11,0.0769,29600000000.0,1380000000.0,10.96,-89.69
3.3e-05,1.3e-05,5e-13,3.5e-10,1.5e-10,0.0769,29600000000.0,1380000000.0,10.96,-90.09
3.3e-05,1.3e-05,5e-13,3.5e-10,2e-10,0.0769,29600000000.0,1380000000.0,10.96,-89.87
3.3e-05,1.3e-05,5e-13,3.5e-10,2.5e-10,0.0769,29600000000.0,1380000000.0,10.96,-90.02
3.3e-05,1.3e-05,5e-13,4.5e-10,1e-10,0.0769,26900000000.0,1180000000.0,11.53,-85.95
3.3e-05,1.3e-05,5e-13,4.5e-10,5e-11,0.0769,26900000000.0,1180000000.0,11.53,-85.98
3.3e-05,1.3e-05,5e-13,4.5e-10,1.5e-10,0.0769,26900000000.0,1180000000.0,11.53,-85.46
3.3e-05,1.3e-05,5e-13,4.5e-10,2e-10,0.0769,26900000000.0,1180000000.0,11.53,-85.18
3.3e-05,1.3e-05,5e-13,4.5e-10,2.5e-10,0.0769,26900000000.0,1180000000.0,11.53,-85.88
3.3e-05,1.3e-05,5e-13,5e-10,1e-10,0.0769,25800000000.0,1110000000.0,11.77,-84.83
3.3e-05,1.3e-05,5e-13,5e-10,5e-11,0.0769,25900000000.0,1110000000.0,11.77,-84.85
3.3e-05,1.3e-05,5e-13,5e-10,1.5e-10,0.0769,25800000000.0,1110000000.0,11.77,-85.22
3.3e-05,1.3e-05,5e-13,5e-10,2e-10,0.0769,25800000000.0,1110000000.0,11.77,-84.78
3.3e-05,1.3e-05,5e-13,5e-10,2.5e-10,0.0769,25800000000.0,1110000000.0,11.77,-85.1
3.3e-05,1.3e-05,3e-13,4e-10,1e-10,0.0769,28100000000.0,1270000000.0,11.26,-87.62
3.3e-05,1.3e-05,3e-13,4e-10,5e-11,0.0769,28100000000.0,1270000000.0,11.26,-87.74
3.3e-05,1.3e-05,3e-13,4e-10,1.5e-10,0.0769,28100000000.0,1270000000.0,11.26,-87.57
3.3e-05,1.3e-05,3e-13,4e-10,2e-10,0.0769,28100000000.0,1270000000.0,11.26,-87.59
3.3e-05,1.3e-05,3e-13,4e-10,2.5e-10,0.0769,28100000000.0,1270000000.0,11.26,-87.29
3.3e-05,1.3e-05,3e-13,3e-10,1e-10,0.0769,31600000000.0,1540000000.0,10.61,-93.14
3.3e-05,1.3e-05,3e-13,3e-10,5e-11,0.0769,31600000000.0,1540000000.0,10.61,-93.06
3.3e-05,1.3e-05,3e-13,3e-10,1.5e-10,0.0769,31600000000.0,1540000000.0,10.61,-93.39
3.3e-05,1.3e-05,3e-13,3e-10,2e-10,0.0769,31600000000.0,1540000000.0,10.61,-93.78
3.3e-05,1.3e-05,3e-13,3e-10,2.5e-10,0.0769,31600000000.0,1540000000.0,10.61,-93.24
3.3e-05,1.3e-05,3e-13,3.5e-10,1e-10,0.0769,29600000000.0,1380000000.0,10.96,-89.92
3.3e-05,1.3e-05,3e-13,3.5e-10,5e-11,0.0769,29600000000.0,1380000000.0,10.96,-90.28
3.3e-05,1.3e-05,3e-13,3.5e-10,1.5e-10,0.0769,29600000000.0,1380000000.0,10.96,-90.15
3.3e-05,1.3e-05,3e-13,3.5e-10,2e-10,0.0769,29600000000.0,1380000000.0,10.96,-89.99
3.3e-05,1.3e-05,3e-13,3.5e-10,2.5e-10,0.0769,29600000000.0,1380000000.0,10.96,-89.98
3.3e-05,1.3e-05,3e-13,4.5e-10,1e-10,0.0769,26900000000.0,1180000000.0,11.53,-86.01
3.3e-05,1.3e-05,3e-13,4.5e-10,5e-11,0.0769,26900000000.0,1180000000.0,11.53,-85.89
3.3e-05,1.3e-05,3e-13,4.5e-10,2e-10,0.0769,26900000000.0,1180000000.0,11.53,-85.86
3.3e-05,1.3e-05,3e-13,4.5e-10,2.5e-10,0.0769,26900000000.0,1180000000.0,11.53,-86.08
3.3e-05,1.3e-05,3e-13,5e-10,1e-10,0.0769,25900000000.0,1110000000.0,11.77,-84.37
3.3e-05,1.3e-05,3e-13,5e-10,5e-11,0.0769,25900000000.0,1110000000.0,11.77,-85.09
3.3e-05,1.3e-05,3e-13,5e-10,1.5e-10,0.0769,25900000000.0,1110000000.0,11.77,-85.24
3.3e-05,1.3e-05,3e-13,5e-10,2e-10,0.0769,25900000000.0,1110000000.0,11.77,-84.7
3.3e-05,1.3e-05,3e-13,5e-10,2.5e-10,0.0769,25900000000.0,1110000000.0,11.77,-85.08
3.3e-05,1.3e-05,4e-13,4e-10,1e-10,0.0769,28100000000.0,1260000000.0,11.26,-87.32
3.3e-05,1.3e-05,4e-13,4e-10,5e-11,0.0769,28100000000.0,1270000000.0,11.26,-87.65
3.3e-05,1.3e-05,4e-13,4e-10,1.5e-10,0.0769,28100000000.0,1260000000.0,11.26,-87.98
3.3e-05,1.3e-05,4e-13,4e-10,2e-10,0.0769,28100000000.0,1260000000.0,11.26,-88.06
3.3e-05,1.3e-05,4e-13,4e-10,2.5e-10,0.0769,28100000000.0,1270000000.0,11.26,-88.17
3.3e-05,1.3e-05,4e-13,3e-10,1e-10,0.0769,31600000000.0,1540000000.0,10.61,-93.55
3.3e-05,1.3e-05,4e-13,3e-10,5e-11,0.0769,31600000000.0,1540000000.0,10.61,-93.1
3.3e-05,1.3e-05,4e-13,3e-10,1.5e-10,0.0769,31600000000.0,1540000000.0,10.61,-93.49
3.3e-05,1.3e-05,4e-13,3e-10,2e-10,0.0769,31600000000.0,1540000000.0,10.61,-93.76
3.3e-05,1.3e-05,4e-13,3e-10,2.5e-10,0.0769,31600000000.0,1540000000.0,10.61,-93.3
3.3e-05,1.3e-05,4e-13,3.5e-10,1e-10,0.0769,29600000000.0,1380000000.0,10.96,-89.74
3.3e-05,1.3e-05,4e-13,3.5e-10,5e-11,0.0769,29600000000.0,1380000000.0,10.96,-90.33
3.3e-05,1.3e-05,4e-13,3.5e-10,1.5e-10,0.0769,29600000000.0,1380000000.0,10.96,-89.77
3.3e-05,1.3e-05,4e-13,3.5e-10,2e-10,0.0769,29600000000.0,1380000000.0,10.96,-91.32
3.3e-05,1.3e-05,4e-13,3.5e-10,2.5e-10,0.0769,29600000000.0,1380000000.0,10.96,-89.75
3.3e-05,1.3e-05,4e-13,4.5e-10,1e-10,0.0769,26900000000.0,1180000000.0,11.53,-85.91
3.3e-05,1.3e-05,4e-13,4.5e-10,5e-11,0.0769,26900000000.0,1180000000.0,11.53,-85.93
3.3e-05,1.3e-05,4e-13,4.5e-10,1.5e-10,0.0769,26900000000.0,1180000000.0,11.53,-85.81
3.3e-05,1.3e-05,4e-13,4.5e-10,2e-10,0.0769,26900000000.0,1180000000.0,11.53,-86.09
3.3e-05,1.3e-05,4e-13,4.5e-10,2.5e-10,0.0769,26900000000.0,1180000000.0,11.53,-87.21
3.3e-05,1.3e-05,4e-13,5e-10,1e-10,0.0769,25900000000.0,1110000000.0,11.77,-85.19
3.3e-05,1.3e-05,4e-13,5e-10,5e-11,0.0769,25900000000.0,1110000000.0,11.77,-84.71
3.3e-05,1.3e-05,4e-13,5e-10,1.5e-10,0.0769,25900000000.0,1110000000.0,11.77,-84.99
3.3e-05,1.3e-05,4e-13,5e-10,2.5e-10,0.0769,25900000000.0,1110000000.0,11.77,-85.05
3.3e-05,1.3e-05,6e-13,4e-10,1e-10,0.0769,28100000000.0,1260000000.0,11.26,-87.49
3.3e-05,1.3e-05,6e-13,4e-10,5e-11,0.0769,28100000000.0,1270000000.0,11.26,-87.5
3.3e-05,1.3e-05,6e-13,4e-10,1.5e-10,0.0769,28100000000.0,1270000000.0,11.26,-87.46
3.3e-05,1.3e-05,6e-13,4e-10,2e-10,0.0769,28100000000.0,1260000000.0,11.26,-87.34
3.3e-05,1.3e-05,6e-13,4e-10,2.5e-10,0.0769,28100000000.0,1260000000.0,11.26,-86.75
3.3e-05,1.3e-05,6e-13,3e-10,1e-10,0.0769,31600000000.0,1540000000.0,10.61,-93.34
3.3e-05,1.3e-05,6e-13,3e-10,5e-11,0.0769,31600000000.0,1540000000.0,10.61,-93.27
3.3e-05,1.3e-05,6e-13,3e-10,1.5e-10,0.0769,31600000000.0,1540000000.0,10.61,-93.32
3.3e-05,1.3e-05,6e-13,3e-10,2e-10,0.0769,31600000000.0,1540000000.0,10.61,-93.75
3.3e-05,1.3e-05,6e-13,3e-10,2.5e-10,0.0769,31600000000.0,1540000000.0,10.61,-93.33
3.3e-05,1.3e-05,6e-13,3.5e-10,1e-10,0.0769,29600000000.0,1380000000.0,10.96,-89.76
3.3e-05,1.3e-05,6e-13,3.5e-10,5e-11,0.0769,29600000000.0,1380000000.0,10.96,-89.86
3.3e-05,1.3e-05,6e-13,3.5e-10,1.5e-10,0.0769,29600000000.0,1380000000.0,10.96,-89.94
3.3e-05,1.3e-05,6e-13,3.5e-10,2e-10,0.0769,29600000000.0,1370000000.0,10.96,-89.79
3.3e-05,1.3e-05,6e-13,3.5e-10,2.5e-10,0.0769,29600000000.0,1380000000.0,10.96,-90.03
3.3e-05,1.3e-05,6e-13,4.5e-10,5e-11,0.0769,26900000000.0,1180000000.0,11.53,-85.87
3.3e-05,1.3e-05,6e-13,4.5e-10,1.5e-10,0.0769,26900000000.0,1180000000.0,11.53,-85.76
3.3e-05,1.3e-05,6e-13,4.5e-10,2e-10,0.0769,26900000000.0,1180000000.0,11.53,-85.9
3.3e-05,1.3e-05,6e-13,4.5e-10,2.5e-10,0.0769,26900000000.0,1180000000.0,11.53,-88.25
3.3e-05,1.3e-05,6e-13,5e-10,1e-10,0.0769,25800000000.0,1110000000.0,11.77,-84.71
3.3e-05,1.3e-05,6e-13,5e-10,5e-11,0.0769,25800000000.0,1110000000.0,11.77,-85.39
3.3e-05,1.3e-05,6e-13,5e-10,1.5e-10,0.0769,25800000000.0,1110000000.0,11.77,-85.23
3.3e-05,1.3e-05,6e-13,5e-10,2.5e-10,0.0769,25800000000.0,1110000000.0,11.77,-85.04
3.3e-05,1.3e-05,7e-13,4e-10,5e-11,0.0769,28100000000.0,1260000000.0,11.26,-87.44
3.3e-05,1.3e-05,7e-13,4e-10,1.5e-10,0.0769,28100000000.0,1270000000.0,11.26,-87.73
3.3e-05,1.3e-05,7e-13,4e-10,2.5e-10,0.0769,28100000000.0,1270000000.0,11.26,-87.94
3.3e-05,1.3e-05,7e-13,3e-10,1e-10,0.0769,31600000000.0,1540000000.0,10.61,-93.21
3.3e-05,1.3e-05,7e-13,3e-10,5e-11,0.0769,31600000000.0,1540000000.0,10.61,-93.25
3.3e-05,1.3e-05,7e-13,3e-10,1.5e-10,0.0769,31600000000.0,1540000000.0,10.61,-93.15
3.3e-05,1.3e-05,7e-13,3e-10,2e-10,0.0769,31600000000.0,1540000000.0,10.61,-91.89
3.3e-05,1.3e-05,7e-13,3.5e-10,1e-10,0.0769,29600000000.0,1380000000.0,10.96,-89.58
3.3e-05,1.3e-05,7e-13,3.5e-10,5e-11,0.0769,29600000000.0,1380000000.0,10.96,-89.38
3.3e-05,1.3e-05,7e-13,3.5e-10,1.5e-10,0.0769,29600000000.0,1380000000.0,10.96,-90.37
3.3e-05,1.3e-05,7e-13,3.5e-10,2e-10,0.0769,29600000000.0,1380000000.0,10.96,-89.26
3.3e-05,1.3e-05,7e-13,3.5e-10,2.5e-10,0.0769,29600000000.0,1380000000.0,10.96,-89.32
3.3e-05,1.3e-05,7e-13,4.5e-10,1e-10,0.0769,26900000000.0,1180000000.0,11.53,-86.36
3.3e-05,1.3e-05,7e-13,4.5e-10,5e-11,0.0769,26900000000.0,1180000000.0,11.53,-85.97
3.3e-05,1.3e-05,7e-13,4.5e-10,1.5e-10,0.0769,26900000000.0,1180000000.0,11.53,-85.8
3.3e-05,1.3e-05,7e-13,4.5e-10,2e-10,0.0769,26900000000.0,1180000000.0,11.53,-86.2
3.3e-05,1.3e-05,7e-13,4.5e-10,2.5e-10,0.0769,26900000000.0,1180000000.0,11.53,-86.35
3.3e-05,1.3e-05,7e-13,5e-10,1e-10,0.0769,25800000000.0,1110000000.0,11.77,-85.0
3.3e-05,1.3e-05,7e-13,5e-10,5e-11,0.0769,25800000000.0,1110000000.0,11.77,-85.11
3.3e-05,1.3e-05,7e-13,5e-10,1.5e-10,0.0769,25800000000.0,1110000000.0,11.77,-85.13
3.3e-05,1.3e-05,7e-13,5e-10,2.5e-10,0.0769,25800000000.0,1110000000.0,11.77,-84.86
3.3e-05,1.4e-05,5e-13,4e-10,1e-10,0.0769,27900000000.0,1290000000.0,11.27,-85.12
3.3e-05,1.4e-05,5e-13,4e-10,5e-11,0.0769,27900000000.0,1290000000.0,11.27,-83.54
3.3e-05,1.4e-05,5e-13,4e-10,1.5e-10,0.0769,27900000000.0,1290000000.0,11.27,-87.21
3.3e-05,1.4e-05,5e-13,4e-10,2e-10,0.0769,27900000000.0,1290000000.0,11.27,-87.52
3.3e-05,1.4e-05,5e-13,4e-10,2.5e-10,0.0769,27900000000.0,1290000000.0,11.27,-87.2
3.3e-05,1.4e-05,5e-13,3e-10,1e-10,0.0769,31500000000.0,1570000000.0,10.61,-93.12
3.3e-05,1.4e-05,5e-13,3e-10,5e-11,0.0769,31500000000.0,1570000000.0,10.61,-93.63
3.3e-05,1.4e-05,5e-13,3e-10,1.5e-10,0.0769,31500000000.0,1570000000.0,10.61,-93.11
3.3e-05,1.4e-05,5e-13,3e-10,2e-10,0.0769,31500000000.0,1570000000.0,10.61,-92.87
3.3e-05,1.4e-05,5e-13,3e-10,2.5e-10,0.0769,31500000000.0,1570000000.0,10.61,-93.15
3.3e-05,1.4e-05,5e-13,3.5e-10,1e-10,0.0769,29500000000.0,1410000000.0,10.97,-90.28
3.3e-05,1.4e-05,5e-13,3.5e-10,5e-11,0.0769,29500000000.0,1410000000.0,10.97,-89.35
3.3e-05,1.4e-05,5e-13,3.5e-10,1.5e-10,0.0769,29500000000.0,1410000000.0,10.97,-89.87
3.3e-05,1.4e-05,5e-13,3.5e-10,2e-10,0.0769,29500000000.0,1410000000.0,10.97,-89.69
3.3e-05,1.4e-05,5e-13,3.5e-10,2.5e-10,0.0769,29500000000.0,1400000000.0,10.97,-89.62
3.3e-05,1.4e-05,5e-13,4.5e-10,1e-10,0.0769,26700000000.0,1200000000.0,11.54,-86.08
3.3e-05,1.4e-05,5e-13,4.5e-10,5e-11,0.0769,26700000000.0,1200000000.0,11.54,-85.66
3.3e-05,1.4e-05,5e-13,4.5e-10,1.5e-10,0.0769,26700000000.0,1200000000.0,11.54,-85.87
3.3e-05,1.4e-05,5e-13,4.5e-10,2e-10,0.0769,26700000000.0,1200000000.0,11.54,-86.03
3.3e-05,1.4e-05,5e-13,4.5e-10,2.5e-10,0.0769,26700000000.0,1200000000.0,11.54,-85.19
3.3e-05,1.4e-05,5e-13,5e-10,1e-10,0.0769,25700000000.0,1130000000.0,11.78,-84.94
3.3e-05,1.4e-05,5e-13,5e-10,5e-11,0.0769,25700000000.0,1130000000.0,11.78,-86.13
3.3e-05,1.4e-05,5e-13,5e-10,1.5e-10,0.0769,25700000000.0,1130000000.0,11.78,-84.9
3.3e-05,1.4e-05,5e-13,5e-10,2e-10,0.0769,25700000000.0,1130000000.0,11.78,-85.03
3.3e-05,1.4e-05,5e-13,5e-10,2.5e-10,0.0769,25700000000.0,1130000000.0,11.78,-85.01
3.3e-05,1.4e-05,3e-13,4e-10,1e-10,0.0769,28000000000.0,1290000000.0,11.27,-87.25
3.3e-05,1.4e-05,3e-13,4e-10,5e-11,0.0769,28000000000.0,1290000000.0,11.27,-87.08
3.3e-05,1.4e-05,3e-13,4e-10,1.5e-10,0.0769,28000000000.0,1290000000.0,11.27,-87.28
3.3e-05,1.4e-05,3e-13,4e-10,2e-10,0.0769,28000000000.0,1290000000.0,11.27,-88.83
3.3e-05,1.4e-05,3e-13,4e-10,2.5e-10,0.0769,28000000000.0,1290000000.0,11.27,-87.54
3.3e-05,1.4e-05,3e-13,3e-10,1e-10,0.0769,31500000000.0,1570000000.0,10.61,-93.26
3.3e-05,1.4e-05,3e-13,3e-10,5e-11,0.0769,31500000000.0,1570000000.0,10.61,-93.07
3.3e-05,1.4e-05,3e-13,3e-10,1.5e-10,0.0769,31500000000.0,1570000000.0,10.61,-92.75
3.3e-05,1.4e-05,3e-13,3e-10,2e-10,0.0769,31500000000.0,1570000000.0,10.61,-89.81
3.3e-05,1.4e-05,3e-13,3.5e-10,1e-10,0.0769,29500000000.0,1410000000.0,10.97,-90.09
3.3e-05,1.4e-05,3e-13,3.5e-10,5e-11,0.0769,29500000000.0,1400000000.0,10.97,-89.6
3.3e-05,1.4e-05,3e-13,3.5e-10,1.5e-10,0.0769,29500000000.0,1410000000.0,10.97,-89.59
3.3e-05,1.4e-05,3e-13,3.5e-10,2e-10,0.0769,29500000000.0,1410000000.0,10.97,-89.78
3.3e-05,1.4e-05,3e-13,3.5e-10,2.5e-10,0.0769,29500000000.0,1410000000.0,10.97,-90.08
3.3e-05,1.4e-05,3e-13,4.5e-10,1e-10,0.0769,26700000000.0,1200000000.0,11.54,-85.67
3.3e-05,1.4e-05,3e-13,4.5e-10,5e-11,0.0769,26700000000.0,1200000000.0,11.54,-86.04
3.3e-05,1.4e-05,3e-13,4.5e-10,1.5e-10,0.0769,26700000000.0,1200000000.0,11.54,-85.99
3.3e-05,1.4e-05,3e-13,4.5e-10,2e-10,0.0769,26700000000.0,1200000000.0,11.54,-85.92
3.3e-05,1.4e-05,3e-13,4.5e-10,2.5e-10,0.0769,26700000000.0,1200000000.0,11.54,-85.86
3.3e-05,1.4e-05,3e-13,5e-10,1e-10,0.0769,25700000000.0,1140000000.0,11.78,-85.08
3.3e-05,1.4e-05,3e-13,5e-10,5e-11,0.0769,25700000000.0,1130000000.0,11.78,-84.64
3.3e-05,1.4e-05,3e-13,5e-10,1.5e-10,0.0769,25700000000.0,1130000000.0,11.78,-84.75
3.3e-05,1.4e-05,3e-13,5e-10,2e-10,0.0769,25700000000.0,1130000000.0,11.78,-84.62
3.3e-05,1.4e-05,3e-13,5e-10,2.5e-10,0.0769,25700000000.0,1130000000.0,11.78,-85.3
3.3e-05,1.4e-05,4e-13,4e-10,1e-10,0.0769,28000000000.0,1290000000.0,11.27,-87.29
3.3e-05,1.4e-05,4e-13,4e-10,5e-11,0.0769,28000000000.0,1290000000.0,11.27,-86.91
3.3e-05,1.4e-05,4e-13,4e-10,1.5e-10,0.0769,28000000000.0,1290000000.0,11.27,-87.23
3.3e-05,1.4e-05,4e-13,4e-10,2e-10,0.0769,28000000000.0,1290000000.0,11.27,-87.15
3.3e-05,1.4e-05,4e-13,4e-10,2.5e-10,0.0769,28000000000.0,1290000000.0,11.27,-87.69
3.3e-05,1.4e-05,4e-13,3e-10,1e-10,0.0769,31500000000.0,1570000000.0,10.61,-92.89
3.3e-05,1.4e-05,4e-13,3e-10,5e-11,0.0769,31500000000.0,1570000000.0,10.61,-93.09
3.3e-05,1.4e-05,4e-13,3e-10,1.5e-10,0.0769,31500000000.0,1570000000.0,10.61,-93.05
3.3e-05,1.4e-05,4e-13,3e-10,2e-10,0.0769,31500000000.0,1570000000.0,10.61,-93.33
3.3e-05,1.4e-05,4e-13,3e-10,2.5e-10,0.0769,31500000000.0,1570000000.0,10.61,-93.64
3.3e-05,1.4e-05,4e-13,3.5e-10,1e-10,0.0769,29500000000.0,1410000000.0,10.97,-84.59
3.3e-05,1.4e-05,4e-13,3.5e-10,5e-11,0.0769,29500000000.0,1410000000.0,10.97,-89.29
3.3e-05,1.4e-05,4e-13,3.5e-10,1.5e-10,0.0769,29500000000.0,1410000000.0,10.97,-89.09
3.3e-05,1.4e-05,4e-13,3.5e-10,2e-10,0.0769,29500000000.0,1410000000.0,10.97,-86.17
3.3e-05,1.4e-05,4e-13,4.5e-10,5e-11,0.0769,26700000000.0,1200000000.0,11.54,-86.4
3.3e-05,1.4e-05,4e-13,4.5e-10,1.5e-10,0.0769,26700000000.0,1200000000.0,11.54,-85.76
3.3e-05,1.4e-05,4e-13,4.5e-10,2e-10,0.0769,26700000000.0,1200000000.0,11.54,-85.85
3.3e-05,1.4e-05,4e-13,4.5e-10,2.5e-10,0.0769,26700000000.0,1200000000.0,11.54,-86.02
3.3e-05,1.4e-05,4e-13,5e-10,1e-10,0.0769,25700000000.0,1130000000.0,11.78,-84.81
3.3e-05,1.4e-05,4e-13,5e-10,5e-11,0.0769,25700000000.0,1130000000.0,11.78,-85.09
3.3e-05,1.4e-05,4e-13,5e-10,1.5e-10,0.0769,25700000000.0,1130000000.0,11.78,-84.79
3.3e-05,1.4e-05,4e-13,5e-10,2e-10,0.0769,25700000000.0,1130000000.0,11.78,-85.11
3.3e-05,1.4e-05,4e-13,5e-10,2.5e-10,0.0769,25700000000.0,1130000000.0,11.78,-85.05
3.3e-05,1.4e-05,6e-13,4e-10,1e-10,0.0769,27900000000.0,1290000000.0,11.27,-87.22
3.3e-05,1.4e-05,6e-13,4e-10,5e-11,0.0769,27900000000.0,1290000000.0,11.27,-87.35
3.3e-05,1.4e-05,6e-13,4e-10,1.5e-10,0.0769,27900000000.0,1290000000.0,11.27,-87.57
3.3e-05,1.4e-05,6e-13,4e-10,2e-10,0.0769,27900000000.0,1290000000.0,11.27,-87.7
3.3e-05,1.4e-05,6e-13,4e-10,2.5e-10,0.0769,27900000000.0,1290000000.0,11.27,-87.56
3.3e-05,1.4e-05,6e-13,3e-10,1e-10,0.0769,31500000000.0,1570000000.0,10.61,-92.66
3.3e-05,1.4e-05,6e-13,3e-10,5e-11,0.0769,31500000000.0,1570000000.0,10.61,-93.19
3.3e-05,1.4e-05,6e-13,3e-10,2.5e-10,0.0769,31500000000.0,1570000000.0,10.61,-92.98
3.3e-05,1.4e-05,6e-13,3.5e-10,1e-10,0.0769,29500000000.0,1400000000.0,10.97,-89.77
3.3e-05,1.4e-05,6e-13,3.5e-10,5e-11,0.0769,29500000000.0,1410000000.0,10.97,-89.9
3.3e-05,1.4e-05,6e-13,3.5e-10,1.5e-10,0.0769,29500000000.0,1410000000.0,10.97,-84.74
3.3e-05,1.4e-05,6e-13,3.5e-10,2e-10,0.0769,29500000000.0,1410000000.0,10.97,-89.56
3.3e-05,1.4e-05,6e-13,3.5e-10,2.5e-10,0.0769,29500000000.0,1410000000.0,10.97,-89.55
3.3e-05,1.4e-05,6e-13,4.5e-10,5e-11,0.0769,26700000000.0,1200000000.0,11.54,-85.75
3.3e-05,1.4e-05,6e-13,4.5e-10,1.5e-10,0.0769,26700000000.0,1200000000.0,11.54,-85.53
3.3e-05,1.4e-05,6e-13,4.5e-10,2.5e-10,0.0769,26700000000.0,1200000000.0,11.54,-85.78
3.3e-05,1.4e-05,6e-13,5e-10,5e-11,0.0769,25700000000.0,1130000000.0,11.78,-85.02
3.3e-05,1.4e-05,6e-13,5e-10,1.5e-10,0.0769,25700000000.0,1130000000.0,11.78,-84.76
3.3e-05,1.4e-05,6e-13,5e-10,2e-10,0.0769,25700000000.0,1130000000.0,11.78,-84.96
3.3e-05,1.4e-05,6e-13,5e-10,2.5e-10,0.0769,25700000000.0,1130000000.0,11.78,-85.13
3.3e-05,1.4e-05,7e-13,4e-10,1e-10,0.0769,27900000000.0,1290000000.0,11.27,-88.8
3.3e-05,1.4e-05,7e-13,4e-10,5e-11,0.0769,27900000000.0,1290000000.0,11.27,-87.36
3.3e-05,1.4e-05,7e-13,4e-10,2e-10,0.0769,27900000000.0,1290000000.0,11.27,-87.32
3.3e-05,1.4e-05,7e-13,4e-10,2.5e-10,0.0769,27900000000.0,1290000000.0,11.27,-87.37
3.3e-05,1.4e-05,7e-13,3e-10,1e-10,0.0769,31400000000.0,1570000000.0,10.61,-93.14
3.3e-05,1.4e-05,7e-13,3e-10,5e-11,0.0769,31400000000.0,1570000000.0,10.61,-93.2
3.3e-05,1.4e-05,7e-13,3e-10,1.5e-10,0.0769,31500000000.0,1570000000.0,10.61,-93.36
3.3e-05,1.4e-05,7e-13,3e-10,2e-10,0.0769,31400000000.0,1570000000.0,10.61,-92.96
3.3e-05,1.4e-05,7e-13,3e-10,2.5e-10,0.0769,31400000000.0,1570000000.0,10.61,-93.45
3.3e-05,1.4e-05,7e-13,3.5e-10,1e-10,0.0769,29500000000.0,1410000000.0,10.97,-89.26
3.3e-05,1.4e-05,7e-13,3.5e-10,5e-11,0.0769,29500000000.0,1410000000.0,10.97,-86.01
3.3e-05,1.4e-05,7e-13,3.5e-10,1.5e-10,0.0769,29500000000.0,1400000000.0,10.97,-89.89
3.3e-05,1.4e-05,7e-13,3.5e-10,2e-10,0.0769,29500000000.0,1400000000.0,10.97,-89.09
3.3e-05,1.4e-05,7e-13,3.5e-10,2.5e-10,0.0769,29500000000.0,1400000000.0,10.97,-89.51
3.3e-05,1.4e-05,7e-13,4.5e-10,1e-10,0.0769,26700000000.0,1200000000.0,11.54,-85.81
3.3e-05,1.4e-05,7e-13,4.5e-10,5e-11,0.0769,26700000000.0,1200000000.0,11.54,-85.46
3.3e-05,1.4e-05,7e-13,4.5e-10,1.5e-10,0.0769,26700000000.0,1200000000.0,11.54,-85.74
3.3e-05,1.4e-05,7e-13,4.5e-10,2e-10,0.0769,26700000000.0,1200000000.0,11.54,-86.24
3.3e-05,1.4e-05,7e-13,4.5e-10,2.5e-10,0.0769,26700000000.0,1200000000.0,11.54,-85.82
3.3e-05,1.4e-05,7e-13,5e-10,5e-11,0.0769,25700000000.0,1130000000.0,11.78,-84.68
3.3e-05,1.4e-05,7e-13,5e-10,1.5e-10,0.0769,25700000000.0,1130000000.0,11.78,-85.37
3.3e-05,1.4e-05,7e-13,5e-10,2e-10,0.0769,25700000000.0,1130000000.0,11.78,-84.69
3.3e-05,1.4e-05,7e-13,5e-10,2.5e-10,0.0769,25700000000.0,1130000000.0,11.78,-84.97
3.3e-05,1.5e-05,5e-13,4e-10,1e-10,0.0769,27800000000.0,1310000000.0,11.28,-87.2
3.3e-05,1.5e-05,5e-13,4e-10,5e-11,0.0769,27800000000.0,1310000000.0,11.28,-87.19
3.3e-05,1.5e-05,5e-13,4e-10,1.5e-10,0.0769,27800000000.0,1310000000.0,11.27,-87.31
3.3e-05,1.5e-05,5e-13,4e-10,2e-10,0.0769,27800000000.0,1310000000.0,11.28,-87.07
3.3e-05,1.5e-05,5e-13,4e-10,2.5e-10,0.0769,27800000000.0,1310000000.0,11.27,-87.62
3.3e-05,1.5e-05,5e-13,3e-10,1e-10,0.0769,31300000000.0,1590000000.0,10.61,-92.64
3.3e-05,1.5e-05,5e-13,3e-10,5e-11,0.0769,31300000000.0,1590000000.0,10.61,-92.93
3.3e-05,1.5e-05,5e-13,3e-10,1.5e-10,0.0769,31300000000.0,1590000000.0,10.61,-92.65
3.3e-05,1.5e-05,5e-13,3e-10,2e-10,0.0769,31300000000.0,1600000000.0,10.61,-92.86
3.3e-05,1.5e-05,5e-13,3e-10,2.5e-10,0.0769,31300000000.0,1590000000.0,10.61,-92.66
3.3e-05,1.5e-05,5e-13,3.5e-10,1e-10,0.0769,29300000000.0,1420000000.0,10.97,-90.08
3.3e-05,1.5e-05,5e-13,3.5e-10,5e-11,0.0769,29300000000.0,1440000000.0,10.97,-89.54
3.3e-05,1.5e-05,5e-13,3.5e-10,1.5e-10,0.0769,29300000000.0,1430000000.0,10.97,-89.56
3.3e-05,1.5e-05,5e-13,3.5e-10,2e-10,0.0769,29300000000.0,1420000000.0,10.97,-89.52
3.3e-05,1.5e-05,5e-13,3.5e-10,2.5e-10,0.0769,29300000000.0,1430000000.0,10.97,-89.54
3.3e-05,1.5e-05,5e-13,4.5e-10,1e-10,0.0769,26600000000.0,1220000000.0,11.55,-86.24
3.3e-05,1.5e-05,5e-13,4.5e-10,5e-11,0.0769,26600000000.0,1220000000.0,11.55,-85.59
3.3e-05,1.5e-05,5e-13,4.5e-10,1.5e-10,0.0769,26600000000.0,1220000000.0,11.54,-86.06
3.3e-05,1.5e-05,5e-13,4.5e-10,2e-10,0.0769,26600000000.0,1220000000.0,11.55,-85.88
3.3e-05,1.5e-05,5e-13,4.5e-10,2.5e-10,0.0769,26600000000.0,1220000000.0,11.54,-85.91
3.3e-05,1.5e-05,5e-13,5e-10,1e-10,0.0769,25600000000.0,1150000000.0,11.79,-84.6
3.3e-05,1.5e-05,5e-13,5e-10,5e-11,0.0769,25600000000.0,1140000000.0,11.79,-84.83
3.3e-05,1.5e-05,5e-13,5e-10,1.5e-10,0.0769,25600000000.0,1150000000.0,11.79,-85.03
3.3e-05,1.5e-05,5e-13,5e-10,2e-10,0.0769,25600000000.0,1140000000.0,11.79,-85.15
3.3e-05,1.5e-05,5e-13,5e-10,2.5e-10,0.0769,25600000000.0,1150000000.0,11.78,-84.79
3.3e-05,1.5e-05,3e-13,4e-10,1e-10,0.0769,27800000000.0,1310000000.0,11.27,-87.57
3.3e-05,1.5e-05,3e-13,4e-10,5e-11,0.0769,27800000000.0,1310000000.0,11.27,-86.78
3.3e-05,1.5e-05,3e-13,4e-10,1.5e-10,0.0769,27800000000.0,1310000000.0,11.27,-87.29
3.3e-05,1.5e-05,3e-13,4e-10,2e-10,0.0769,27800000000.0,1310000000.0,11.27,-87.3
3.3e-05,1.5e-05,3e-13,4e-10,2.5e-10,0.0769,27800000000.0,1310000000.0,11.27,-87.72
3.3e-05,1.5e-05,3e-13,3e-10,1e-10,0.0769,31300000000.0,1600000000.0,10.61,-92.67
3.3e-05,1.5e-05,3e-13,3e-10,1.5e-10,0.0769,31300000000.0,1590000000.0,10.61,-92.9
3.3e-05,1.5e-05,3e-13,3e-10,2e-10,0.0769,31300000000.0,1600000000.0,10.61,-92.9
3.3e-05,1.5e-05,3e-13,3e-10,2.5e-10,0.0769,31300000000.0,1600000000.0,10.61,-93.28
3.3e-05,1.5e-05,3e-13,3.5e-10,1e-10,0.0769,29300000000.0,1440000000.0,10.97,-89.41
3.3e-05,1.5e-05,3e-13,3.5e-10,5e-11,0.0769,29300000000.0,1430000000.0,10.97,-89.16
3.3e-05,1.5e-05,3e-13,3.5e-10,1.5e-10,0.0769,29300000000.0,1430000000.0,10.97,-89.53
3.3e-05,1.5e-05,3e-13,3.5e-10,2e-10,0.0769,29300000000.0,1430000000.0,10.97,-89.87
3.3e-05,1.5e-05,3e-13,4.5e-10,1e-10,0.0769,26600000000.0,1220000000.0,11.54,-85.84
3.3e-05,1.5e-05,3e-13,4.5e-10,5e-11,0.0769,26600000000.0,1220000000.0,11.55,-85.6
3.3e-05,1.5e-05,3e-13,4.5e-10,1.5e-10,0.0769,26600000000.0,1220000000.0,11.55,-85.85
3.3e-05,1.5e-05,3e-13,4.5e-10,2e-10,0.0769,26600000000.0,1220000000.0,11.55,-85.89
3.3e-05,1.5e-05,3e-13,4.5e-10,2.5e-10,0.0769,26600000000.0,1220000000.0,11.55,-85.86
3.3e-05,1.5e-05,3e-13,5e-10,1e-10,0.0769,25600000000.0,1150000000.0,11.79,-84.82
3.3e-05,1.5e-05,3e-13,5e-10,5e-11,0.0769,25600000000.0,1150000000.0,11.79,-84.56
3.3e-05,1.5e-05,3e-13,5e-10,1.5e-10,0.0769,25600000000.0,1150000000.0,11.79,-84.52
3.3e-05,1.5e-05,3e-13,5e-10,2e-10,0.0769,25600000000.0,1150000000.0,11.79,-84.55
3.3e-05,1.5e-05,3e-13,5e-10,2.5e-10,0.0769,25600000000.0,1150000000.0,11.78,-84.75
3.3e-05,1.5e-05,4e-13,4e-10,1e-10,0.0769,27800000000.0,1310000000.0,11.27,-87.13
3.3e-05,1.5e-05,4e-13,4e-10,5e-11,0.0769,27800000000.0,1310000000.0,11.27,-87.25
3.3e-05,1.5e-05,4e-13,4e-10,1.5e-10,0.0769,27800000000.0,1310000000.0,11.27,-86.79
3.3e-05,1.5e-05,4e-13,4e-10,2.5e-10,0.0769,27800000000.0,1310000000.0,11.27,-87.16
3.3e-05,1.5e-05,4e-13,3e-10,5e-11,0.0769,31300000000.0,1590000000.0,10.61,-93.57
3.3e-05,1.5e-05,4e-13,3e-10,2e-10,0.0769,31300000000.0,1590000000.0,10.61,-93.7
3.3e-05,1.5e-05,4e-13,3e-10,2.5e-10,0.0769,31300000000.0,1590000000.0,10.61,-93.67
3.3e-05,1.5e-05,4e-13,3.5e-10,1e-10,0.0769,29300000000.0,1430000000.0,10.97,-89.79
3.3e-05,1.5e-05,4e-13,3.5e-10,5e-11,0.0769,29300000000.0,1430000000.0,10.97,-89.35
3.3e-05,1.5e-05,4e-13,3.5e-10,1.5e-10,0.0769,29300000000.0,1440000000.0,10.97,-88.72
3.3e-05,1.5e-05,4e-13,3.5e-10,2e-10,0.0769,29300000000.0,1430000000.0,10.97,-89.2
3.3e-05,1.5e-05,4e-13,3.5e-10,2.5e-10,0.0769,29300000000.0,1430000000.0,10.97,-89.23
3.3e-05,1.5e-05,4e-13,4.5e-10,1e-10,0.0769,26600000000.0,1220000000.0,11.55,-85.73
3.3e-05,1.5e-05,4e-13,4.5e-10,5e-11,0.0769,26600000000.0,1220000000.0,11.55,-85.87
3.3e-05,1.5e-05,4e-13,4.5e-10,1.5e-10,0.0769,26600000000.0,1220000000.0,11.55,-83.99
3.3e-05,1.5e-05,4e-13,4.5e-10,2e-10,0.0769,26600000000.0,1220000000.0,11.54,-85.57
3.3e-05,1.5e-05,4e-13,4.5e-10,2.5e-10,0.0769,26600000000.0,1220000000.0,11.55,-85.83
3.3e-05,1.5e-05,4e-13,5e-10,1e-10,0.0769,25600000000.0,1150000000.0,11.78,-84.73
3.3e-05,1.5e-05,4e-13,5e-10,5e-11,0.0769,25600000000.0,1150000000.0,11.79,-85.68
3.3e-05,1.5e-05,4e-13,5e-10,1.5e-10,0.0769,25600000000.0,1150000000.0,11.79,-84.97
3.3e-05,1.5e-05,4e-13,5e-10,2e-10,0.0769,25600000000.0,1150000000.0,11.79,-84.73
3.3e-05,1.5e-05,4e-13,5e-10,2.5e-10,0.0769,25600000000.0,1150000000.0,11.79,-84.9
3.3e-05,1.5e-05,6e-13,4e-10,5e-11,0.0769,27800000000.0,1310000000.0,11.27,-87.78
3.3e-05,1.5e-05,6e-13,4e-10,1.5e-10,0.0769,27800000000.0,1310000000.0,11.27,-82.87
3.3e-05,1.5e-05,6e-13,4e-10,2e-10,0.0769,27800000000.0,1310000000.0,11.27,-87.0
3.3e-05,1.5e-05,6e-13,4e-10,2.5e-10,0.0769,27800000000.0,1320000000.0,11.27,-87.32
3.3e-05,1.5e-05,6e-13,3e-10,1e-10,0.0769,31300000000.0,1590000000.0,10.61,-92.96
3.3e-05,1.5e-05,6e-13,3e-10,5e-11,0.0769,31300000000.0,1590000000.0,10.61,-92.95
3.3e-05,1.5e-05,6e-13,3e-10,1.5e-10,0.0769,31300000000.0,1590000000.0,10.61,-92.98
3.3e-05,1.5e-05,6e-13,3e-10,2.5e-10,0.0769,31300000000.0,1590000000.0,10.61,-92.49
3.3e-05,1.5e-05,6e-13,3.5e-10,1e-10,0.0769,29300000000.0,1430000000.0,10.97,-89.29
3.3e-05,1.5e-05,6e-13,3.5e-10,5e-11,0.0769,29300000000.0,1430000000.0,10.97,-89.6
3.3e-05,1.5e-05,6e-13,3.5e-10,1.5e-10,0.0769,29300000000.0,1430000000.0,10.97,-88.79
3.3e-05,1.5e-05,6e-13,3.5e-10,2e-10,0.0769,29300000000.0,1430000000.0,10.97,-88.83
3.3e-05,1.5e-05,6e-13,3.5e-10,2.5e-10,0.0769,29300000000.0,1420000000.0,10.97,-89.51
3.3e-05,1.5e-05,6e-13,4.5e-10,1e-10,0.0769,26600000000.0,1220000000.0,11.55,-85.55
3.3e-05,1.5e-05,6e-13,4.5e-10,5e-11,0.0769,26600000000.0,1220000000.0,11.54,-84.75
3.3e-05,1.5e-05,6e-13,4.5e-10,1.5e-10,0.0769,26600000000.0,1220000000.0,11.54,-85.05
3.3e-05,1.5e-05,6e-13,4.5e-10,2e-10,0.0769,26600000000.0,1220000000.0,11.55,-85.8
3.3e-05,1.5e-05,6e-13,4.5e-10,2.5e-10,0.0769,26600000000.0,1220000000.0,11.55,-85.14
3.3e-05,1.5e-05,6e-13,5e-10,1e-10,0.0769,25600000000.0,1140000000.0,11.79,-84.84
3.3e-05,1.5e-05,6e-13,5e-10,1.5e-10,0.0769,25600000000.0,1150000000.0,11.79,-85.13
3.3e-05,1.5e-05,6e-13,5e-10,2.5e-10,0.0769,25600000000.0,1150000000.0,11.79,-84.94
3.3e-05,1.5e-05,7e-13,4e-10,5e-11,0.0769,27800000000.0,1310000000.0,11.27,-87.15
3.3e-05,1.5e-05,7e-13,4e-10,1.5e-10,0.0769,27800000000.0,1310000000.0,11.28,-87.13
3.3e-05,1.5e-05,7e-13,4e-10,2e-10,0.0769,27800000000.0,1310000000.0,11.27,-87.38
3.3e-05,1.5e-05,7e-13,4e-10,2.5e-10,0.0769,27800000000.0,1310000000.0,11.27,-87.06
3.3e-05,1.5e-05,7e-13,3e-10,1e-10,0.0769,31300000000.0,1590000000.0,10.6,-93.32
3.3e-05,1.5e-05,7e-13,3e-10,5e-11,0.0769,31300000000.0,1590000000.0,10.61,-92.6
3.3e-05,1.5e-05,7e-13,3e-10,1.5e-10,0.0769,31300000000.0,1590000000.0,10.61,-92.92
3.3e-05,1.5e-05,7e-13,3e-10,2e-10,0.0769,31300000000.0,1590000000.0,10.61,-92.51
3.3e-05,1.5e-05,7e-13,3e-10,2.5e-10,0.0769,31300000000.0,1590000000.0,10.61,-93.0
3.3e-05,1.5e-05,7e-13,3.5e-10,1e-10,0.0769,29300000000.0,1430000000.0,10.97,-88.74
3.3e-05,1.5e-05,7e-13,3.5e-10,5e-11,0.0769,29300000000.0,1430000000.0,10.97,-88.7
3.3e-05,1.5e-05,7e-13,3.5e-10,1.5e-10,0.0769,29300000000.0,1420000000.0,10.97,-89.66
3.3e-05,1.5e-05,7e-13,3.5e-10,2.5e-10,0.0769,29300000000.0,1430000000.0,10.97,-89.61
3.3e-05,1.5e-05,7e-13,4.5e-10,1e-10,0.0769,26600000000.0,1220000000.0,11.54,-84.79
3.3e-05,1.5e-05,7e-13,4.5e-10,1.5e-10,0.0769,26600000000.0,1220000000.0,11.55,-85.37
3.3e-05,1.5e-05,7e-13,4.5e-10,2e-10,0.0769,26600000000.0,1220000000.0,11.55,-83.76
3.3e-05,1.5e-05,7e-13,5e-10,5e-11,0.0769,25600000000.0,1150000000.0,11.79,-85.23
3.3e-05,1.5e-05,7e-13,5e-10,2.5e-10,0.0769,25600000000.0,1150000000.0,11.78,-84.81
3.3e-05,1.6e-05,5e-13,4e-10,1e-10,0.0769,27700000000.0,1320000000.0,11.28,-87.09
3.3e-05,1.6e-05,5e-13,4e-10,5e-11,0.0769,27700000000.0,1320000000.0,11.27,-86.96
3.3e-05,1.6e-05,5e-13,4e-10,1.5e-10,0.0769,27700000000.0,1320000000.0,11.28,-87.03
3.3e-05,1.6e-05,5e-13,4e-10,2e-10,0.0769,27700000000.0,1320000000.0,11.28,-87.02
3.3e-05,1.6e-05,5e-13,4e-10,2.5e-10,0.0769,27700000000.0,1320000000.0,11.27,-85.28
3.3e-05,1.6e-05,5e-13,3e-10,1e-10,0.0769,31200000000.0,1610000000.0,10.6,-92.77
3.3e-05,1.6e-05,5e-13,3e-10,5e-11,0.0769,31200000000.0,1610000000.0,10.6,-92.62
3.3e-05,1.6e-05,5e-13,3e-10,1.5e-10,0.0769,31200000000.0,1610000000.0,10.6,-92.92
3.3e-05,1.6e-05,5e-13,3e-10,2e-10,0.0769,31200000000.0,1610000000.0,10.6,-92.73
3.3e-05,1.6e-05,5e-13,3e-10,2.5e-10,0.0769,31200000000.0,1610000000.0,10.6,-92.79
3.3e-05,1.6e-05,5e-13,3.5e-10,1e-10,0.0769,29200000000.0,1440000000.0,10.97,-89.27
3.3e-05,1.6e-05,5e-13,3.5e-10,5e-11,0.0769,29200000000.0,1440000000.0,10.97,-88.94
3.3e-05,1.6e-05,5e-13,3.5e-10,1.5e-10,0.0769,29200000000.0,1450000000.0,10.97,-89.31
3.3e-05,1.6e-05,5e-13,3.5e-10,2e-10,0.0769,29200000000.0,1440000000.0,10.97,-89.57
3.3e-05,1.6e-05,5e-13,3.5e-10,2.5e-10,0.0769,29200000000.0,1440000000.0,10.97,-88.84
3.3e-05,1.6e-05,5e-13,4.5e-10,1e-10,0.0769,26500000000.0,1220000000.0,11.55,-85.8
3.3e-05,1.6e-05,5e-13,4.5e-10,5e-11,0.0769,26500000000.0,1230000000.0,11.55,-85.65
3.3e-05,1.6e-05,5e-13,4.5e-10,1.5e-10,0.0769,26500000000.0,1230000000.0,11.55,-85.48
3.3e-05,1.6e-05,5e-13,4.5e-10,2e-10,0.0769,26500000000.0,1230000000.0,11.55,-86.1
3.3e-05,1.6e-05,5e-13,4.5e-10,2.5e-10,0.0769,26500000000.0,1230000000.0,11.55,-85.15
3.3e-05,1.6e-05,5e-13,5e-10,1e-10,0.0769,25500000000.0,1150000000.0,11.79,-84.95
3.3e-05,1.6e-05,5e-13,5e-10,5e-11,0.0769,25500000000.0,1150000000.0,11.79,-84.9
3.3e-05,1.6e-05,5e-13,5e-10,1.5e-10,0.0769,25500000000.0,1160000000.0,11.79,-85.07
3.3e-05,1.6e-05,5e-13,5e-10,2e-10,0.0769,25500000000.0,1160000000.0,11.79,-84.87
3.3e-05,1.6e-05,5e-13,5e-10,2.5e-10,0.0769,25500000000.0,1160000000.0,11.79,-85.64
3.3e-05,1.6e-05,3e-13,4e-10,1e-10,0.0769,27700000000.0,1320000000.0,11.28,-86.78
3.3e-05,1.6e-05,3e-13,4e-10,5e-11,0.0769,27700000000.0,1320000000.0,11.27,-87.14
3.3e-05,1.6e-05,3e-13,4e-10,1.5e-10,0.0769,27700000000.0,1320000000.0,11.27,-87.54
3.3e-05,1.6e-05,3e-13,4e-10,2.5e-10,0.0769,27700000000.0,1320000000.0,11.28,-87.01
3.3e-05,1.6e-05,3e-13,3e-10,1e-10,0.0769,31200000000.0,1610000000.0,10.6,-92.98
3.3e-05,1.6e-05,3e-13,3e-10,5e-11,0.0769,31200000000.0,1610000000.0,10.6,-92.82
3.3e-05,1.6e-05,3e-13,3e-10,1.5e-10,0.0769,31200000000.0,1610000000.0,10.6,-92.61
3.3e-05,1.6e-05,3e-13,3e-10,2e-10,0.0769,31200000000.0,1610000000.0,10.6,-92.75
3.3e-05,1.6e-05,3e-13,3e-10,2.5e-10,0.0769,31200000000.0,1610000000.0,10.6,-92.39
3.3e-05,1.6e-05,3e-13,3.5e-10,1e-10,0.0769,29200000000.0,1440000000.0,10.97,-89.29
3.3e-05,1.6e-05,3e-13,3.5e-10,5e-11,0.0769,29200000000.0,1440000000.0,10.97,-89.53
3.3e-05,1.6e-05,3e-13,3.5e-10,1.5e-10,0.0769,29200000000.0,1450000000.0,10.97,-89.08
3.3e-05,1.6e-05,3e-13,3.5e-10,2e-10,0.0769,29200000000.0,1450000000.0,10.97,-88.46
3.3e-05,1.6e-05,3e-13,3.5e-10,2.5e-10,0.0769,29200000000.0,1450000000.0,10.97,-88.6
3.3e-05,1.6e-05,3e-13,4.5e-10,1e-10,0.0769,26500000000.0,1230000000.0,11.55,-85.78
3.3e-05,1.6e-05,3e-13,4.5e-10,5e-11,0.0769,26500000000.0,1230000000.0,11.55,-85.39
3.3e-05,1.6e-05,3e-13,4.5e-10,1.5e-10,0.0769,26500000000.0,1230000000.0,11.55,-85.47
3.3e-05,1.6e-05,3e-13,4.5e-10,2e-10,0.0769,26500000000.0,1230000000.0,11.55,-85.8
3.3e-05,1.6e-05,3e-13,4.5e-10,2.5e-10,0.0769,26500000000.0,1230000000.0,11.55,-85.62
3.3e-05,1.6e-05,3e-13,5e-10,1e-10,0.0769,25500000000.0,1160000000.0,11.79,-85.25
3.3e-05,1.6e-05,3e-13,5e-10,5e-11,0.0769,25500000000.0,1160000000.0,11.79,-84.86
3.3e-05,1.6e-05,3e-13,5e-10,1.5e-10,0.0769,25500000000.0,1160000000.0,11.79,-84.63
3.3e-05,1.6e-05,3e-13,5e-10,2e-10,0.0769,25500000000.0,1160000000.0,11.79,-84.66
3.3e-05,1.6e-05,3e-13,5e-10,2.5e-10,0.0769,25500000000.0,1160000000.0,11.79,-86.01
3.3e-05,1.6e-05,4e-13,4e-10,1e-10,0.0769,27700000000.0,1330000000.0,11.28,-86.87
3.3e-05,1.6e-05,4e-13,4e-10,5e-11,0.0769,27700000000.0,1320000000.0,11.28,-86.7
3.3e-05,1.6e-05,4e-13,4e-10,1.5e-10,0.0769,27700000000.0,1320000000.0,11.27,-86.55
3.3e-05,1.6e-05,4e-13,4e-10,2e-10,0.0769,27700000000.0,1320000000.0,11.28,-87.05
3.3e-05,1.6e-05,4e-13,4e-10,2.5e-10,0.0769,27700000000.0,1320000000.0,11.28,-83.05
3.3e-05,1.6e-05,4e-13,3e-10,1e-10,0.0769,31200000000.0,1610000000.0,10.6,-92.86
3.3e-05,1.6e-05,4e-13,3e-10,5e-11,0.0769,31200000000.0,1610000000.0,10.6,-92.19
3.3e-05,1.6e-05,4e-13,3e-10,1.5e-10,0.0769,31200000000.0,1610000000.0,10.6,-92.87
3.3e-05,1.6e-05,4e-13,3e-10,2e-10,0.0769,31200000000.0,1610000000.0,10.6,-92.84
3.3e-05,1.6e-05,4e-13,3e-10,2.5e-10,0.0769,31200000000.0,1610000000.0,10.6,-92.37
3.3e-05,1.6e-05,4e-13,3.5e-10,1e-10,0.0769,29200000000.0,1440000000.0,10.97,-89.25
3.3e-05,1.6e-05,4e-13,3.5e-10,5e-11,0.0769,29200000000.0,1440000000.0,10.97,-81.31
3.3e-05,1.6e-05,4e-13,3.5e-10,1.5e-10,0.0769,29200000000.0,1440000000.0,10.97,-88.93
3.3e-05,1.6e-05,4e-13,3.5e-10,2e-10,0.0769,29200000000.0,1440000000.0,10.97,-88.72
3.3e-05,1.6e-05,4e-13,3.5e-10,2.5e-10,0.0769,29200000000.0,1450000000.0,10.96,-89.47
3.3e-05,1.6e-05,4e-13,4.5e-10,1e-10,0.0769,26500000000.0,1220000000.0,11.55,-85.79
3.3e-05,1.6e-05,4e-13,4.5e-10,5e-11,0.0769,26500000000.0,1230000000.0,11.55,-85.73
3.3e-05,1.6e-05,4e-13,4.5e-10,1.5e-10,0.0769,26500000000.0,1230000000.0,11.55,-85.58
3.3e-05,1.6e-05,4e-13,4.5e-10,2e-10,0.0769,26500000000.0,1230000000.0,11.55,-85.45
3.3e-05,1.6e-05,4e-13,4.5e-10,2.5e-10,0.0769,26500000000.0,1230000000.0,11.55,-83.57
3.3e-05,1.6e-05,4e-13,5e-10,1e-10,0.0769,25500000000.0,1160000000.0,11.79,-84.73
3.3e-05,1.6e-05,4e-13,5e-10,5e-11,0.0769,25500000000.0,1160000000.0,11.79,-84.62
3.3e-05,1.6e-05,4e-13,5e-10,1.5e-10,0.0769,25500000000.0,1150000000.0,11.79,-84.91
3.3e-05,1.6e-05,4e-13,5e-10,2.5e-10,0.0769,25500000000.0,1160000000.0,11.79,-84.55
3.3e-05,1.6e-05,6e-13,4e-10,1e-10,0.0769,27700000000.0,1320000000.0,11.27,-87.59
3.3e-05,1.6e-05,6e-13,4e-10,5e-11,0.0769,27700000000.0,1320000000.0,11.27,-86.54
3.3e-05,1.6e-05,6e-13,4e-10,1.5e-10,0.0769,27700000000.0,1320000000.0,11.28,-86.95
3.3e-05,1.6e-05,6e-13,4e-10,2e-10,0.0769,27700000000.0,1320000000.0,11.27,-87.65
3.3e-05,1.6e-05,6e-13,4e-10,2.5e-10,0.0769,27700000000.0,1320000000.0,11.28,-82.51
3.3e-05,1.6e-05,6e-13,3e-10,1e-10,0.0769,31200000000.0,1610000000.0,10.6,-92.41
3.3e-05,1.6e-05,6e-13,3e-10,5e-11,0.0769,31200000000.0,1600000000.0,10.6,-92.37
3.3e-05,1.6e-05,6e-13,3e-10,1.5e-10,0.0769,31200000000.0,1610000000.0,10.6,-92.59
3.3e-05,1.6e-05,6e-13,3e-10,2e-10,0.0769,31200000000.0,1610000000.0,10.6,-92.95
3.3e-05,1.6e-05,6e-13,3e-10,2.5e-10,0.0769,31200000000.0,1610000000.0,10.6,-92.17
3.3e-05,1.6e-05,6e-13,3.5e-10,1e-10,0.0769,29200000000.0,1440000000.0,10.97,-88.97
3.3e-05,1.6e-05,6e-13,3.5e-10,5e-11,0.0769,29200000000.0,1440000000.0,10.96,-89.13
3.3e-05,1.6e-05,6e-13,3.5e-10,1.5e-10,0.0769,29200000000.0,1440000000.0,10.97,-88.68
3.3e-05,1.6e-05,6e-13,3.5e-10,2e-10,0.0769,29200000000.0,1440000000.0,10.97,-89.37
3.3e-05,1.6e-05,6e-13,3.5e-10,2.5e-10,0.0769,29200000000.0,1450000000.0,10.96,-88.23
3.3e-05,1.6e-05,6e-13,4.5e-10,1e-10,0.0769,26500000000.0,1230000000.0,11.55,-85.34
3.3e-05,1.6e-05,6e-13,4.5e-10,5e-11,0.0769,26500000000.0,1230000000.0,11.55,-85.67
3.3e-05,1.6e-05,6e-13,4.5e-10,1.5e-10,0.0769,26500000000.0,1230000000.0,11.55,-86.14
3.3e-05,1.6e-05,6e-13,4.5e-10,2.5e-10,0.0769,26500000000.0,1230000000.0,11.55,-86.63
3.3e-05,1.6e-05,6e-13,5e-10,1e-10,0.0769,25500000000.0,1150000000.0,11.79,-84.83
3.3e-05,1.6e-05,6e-13,5e-10,5e-11,0.0769,25500000000.0,1160000000.0,11.79,-84.75
3.3e-05,1.6e-05,6e-13,5e-10,1.5e-10,0.0769,25500000000.0,1160000000.0,11.79,-84.77
3.3e-05,1.6e-05,6e-13,5e-10,2e-10,0.0769,25500000000.0,1160000000.0,11.79,-85.97
3.3e-05,1.6e-05,6e-13,5e-10,2.5e-10,0.0769,25500000000.0,1160000000.0,11.79,-85.04
3.3e-05,1.6e-05,7e-13,4e-10,1e-10,0.0769,27700000000.0,1320000000.0,11.27,-86.89
3.3e-05,1.6e-05,7e-13,4e-10,1.5e-10,0.0769,27700000000.0,1320000000.0,11.27,-86.87
3.3e-05,1.6e-05,7e-13,4e-10,2e-10,0.0769,27700000000.0,1320000000.0,11.27,-85.83
3.3e-05,1.6e-05,7e-13,4e-10,2.5e-10,0.0769,27700000000.0,1320000000.0,11.28,-86.73
3.3e-05,1.6e-05,7e-13,3e-10,1e-10,0.0769,31200000000.0,1600000000.0,10.6,-92.87
3.3e-05,1.6e-05,7e-13,3e-10,5e-11,0.0769,31200000000.0,1610000000.0,10.6,-92.96
3.3e-05,1.6e-05,7e-13,3e-10,1.5e-10,0.0769,31200000000.0,1610000000.0,10.6,-92.52
3.3e-05,1.6e-05,7e-13,3e-10,2e-10,0.0769,31200000000.0,1610000000.0,10.6,-92.16
3.3e-05,1.6e-05,7e-13,3.5e-10,1e-10,0.0769,29200000000.0,1450000000.0,10.96,-89.17
3.3e-05,1.6e-05,7e-13,3.5e-10,5e-11,0.0769,29200000000.0,1440000000.0,10.97,-89.82
3.3e-05,1.6e-05,7e-13,3.5e-10,1.5e-10,0.0769,29200000000.0,1450000000.0,10.96,-88.55
3.3e-05,1.6e-05,7e-13,3.5e-10,2e-10,0.0769,29200000000.0,1450000000.0,10.97,-89.76
3.3e-05,1.6e-05,7e-13,3.5e-10,2.5e-10,0.0769,29200000000.0,1440000000.0,10.97,-89.54
3.3e-05,1.6e-05,7e-13,4.5e-10,1e-10,0.0769,26500000000.0,1220000000.0,11.55,-85.86
3.3e-05,1.6e-05,7e-13,4.5e-10,5e-11,0.0769,26500000000.0,1230000000.0,11.55,-85.59
3.3e-05,1.6e-05,7e-13,4.5e-10,1.5e-10,0.0769,26500000000.0,1230000000.0,11.55,-85.79
3.3e-05,1.6e-05,7e-13,4.5e-10,2e-10,0.0769,26500000000.0,1230000000.0,11.55,-85.49
3.3e-05,1.6e-05,7e-13,4.5e-10,2.5e-10,0.0769,26500000000.0,1230000000.0,11.55,-85.76
3.3e-05,1.6e-05,7e-13,5e-10,1e-10,0.0769,25500000000.0,1160000000.0,11.79,-84.81
3.3e-05,1.6e-05,7e-13,5e-10,5e-11,0.0769,25500000000.0,1160000000.0,11.79,-84.72
3.3e-05,1.6e-05,7e-13,5e-10,1.5e-10,0.0769,25500000000.0,1160000000.0,11.79,-84.6
3.3e-05,1.6e-05,7e-13,5e-10,2e-10,0.0769,25500000000.0,1160000000.0,11.79,-84.85
3.3e-05,1.6e-05,7e-13,5e-10,2.5e-10,0.0769,25500000000.0,1160000000.0,11.79,-84.61
3.3e-05,1.7e-05,5e-13,4e-10,1e-10,0.0769,27600000000.0,1330000000.0,11.27,-86.95
3.3e-05,1.7e-05,5e-13,4e-10,5e-11,0.0769,27600000000.0,1320000000.0,11.27,-86.92
3.3e-05,1.7e-05,5e-13,4e-10,1.5e-10,0.0769,27600000000.0,1330000000.0,11.27,-84.43
3.3e-05,1.7e-05,5e-13,4e-10,2e-10,0.0769,27600000000.0,1320000000.0,11.27,-86.55
3.3e-05,1.7e-05,5e-13,4e-10,2.5e-10,0.0769,27600000000.0,1320000000.0,11.27,-86.68
3.3e-05,1.7e-05,5e-13,3e-10,1e-10,0.0769,31000000000.0,1610000000.0,10.59,-92.52
3.3e-05,1.7e-05,5e-13,3e-10,5e-11,0.0769,31000000000.0,1610000000.0,10.59,-92.57
3.3e-05,1.7e-05,5e-13,3e-10,1.5e-10,0.0769,31000000000.0,1610000000.0,10.59,-92.41
3.3e-05,1.7e-05,5e-13,3e-10,2e-10,0.0769,31000000000.0,1610000000.0,10.59,-92.4
3.3e-05,1.7e-05,5e-13,3e-10,2.5e-10,0.0769,31000000000.0,1610000000.0,10.59,-89.17
3.3e-05,1.7e-05,5e-13,3.5e-10,1e-10,0.0769,29100000000.0,1440000000.0,10.96,-88.96
3.3e-05,1.7e-05,5e-13,3.5e-10,5e-11,0.0769,29100000000.0,1440000000.0,10.96,-89.13
3.3e-05,1.7e-05,5e-13,3.5e-10,1.5e-10,0.0769,29100000000.0,1440000000.0,10.96,-89.01
3.3e-05,1.7e-05,5e-13,3.5e-10,2e-10,0.0769,29100000000.0,1440000000.0,10.96,-89.14
3.3e-05,1.7e-05,5e-13,3.5e-10,2.5e-10,0.0769,29100000000.0,1450000000.0,10.96,-89.17
3.3e-05,1.7e-05,5e-13,4.5e-10,1e-10,0.0769,26400000000.0,1230000000.0,11.55,-85.45
3.3e-05,1.7e-05,5e-13,4.5e-10,5e-11,0.0769,26400000000.0,1230000000.0,11.55,-85.94
3.3e-05,1.7e-05,5e-13,4.5e-10,1.5e-10,0.0769,26400000000.0,1230000000.0,11.55,-86.99
3.3e-05,1.7e-05,5e-13,4.5e-10,2e-10,0.0769,26400000000.0,1230000000.0,11.55,-84.44
3.3e-05,1.7e-05,5e-13,4.5e-10,2.5e-10,0.0769,26400000000.0,1230000000.0,11.55,-85.51
3.3e-05,1.7e-05,5e-13,5e-10,1e-10,0.0769,25400000000.0,1160000000.0,11.79,-84.78
3.3e-05,1.7e-05,5e-13,5e-10,5e-11,0.0769,25400000000.0,1160000000.0,11.79,-84.43
3.3e-05,1.7e-05,5e-13,5e-10,1.5e-10,0.0769,25400000000.0,1160000000.0,11.79,-84.48
3.3e-05,1.7e-05,5e-13,5e-10,2e-10,0.0769,25400000000.0,1160000000.0,11.79,-84.84
3.3e-05,1.7e-05,5e-13,5e-10,2.5e-10,0.0769,25400000000.0,1160000000.0,11.79,-84.59
3.3e-05,1.7e-05,3e-13,4e-10,1e-10,0.0769,27600000000.0,1330000000.0,11.27,-86.84
3.3e-05,1.7e-05,3e-13,4e-10,5e-11,0.0769,27600000000.0,1330000000.0,11.27,-86.81
3.3e-05,1.7e-05,3e-13,4e-10,1.5e-10,0.0769,27600000000.0,1330000000.0,11.27,-87.01
3.3e-05,1.7e-05,3e-13,4e-10,2e-10,0.0769,27600000000.0,1320000000.0,11.27,-86.99
3.3e-05,1.7e-05,3e-13,4e-10,2.5e-10,0.0769,27600000000.0,1330000000.0,11.27,-86.91
3.3e-05,1.7e-05,3e-13,3e-10,1e-10,0.0769,31000000000.0,1610000000.0,10.59,-92.59
3.3e-05,1.7e-05,3e-13,3e-10,5e-11,0.0769,31000000000.0,1620000000.0,10.59,-92.11
3.3e-05,1.7e-05,3e-13,3e-10,1.5e-10,0.0769,31000000000.0,1610000000.0,10.59,-92.35
3.3e-05,1.7e-05,3e-13,3e-10,2e-10,0.0769,31000000000.0,1610000000.0,10.59,-92.07
3.3e-05,1.7e-05,3e-13,3e-10,2.5e-10,0.0769,31000000000.0,1620000000.0,10.59,-92.14
3.3e-05,1.7e-05,3e-13,3.5e-10,1e-10,0.0769,29100000000.0,1450000000.0,10.96,-89.1
3.3e-05,1.7e-05,3e-13,3.5e-10,5e-11,0.0769,29100000000.0,1450000000.0,10.96,-88.29
3.3e-05,1.7e-05,3e-13,3.5e-10,1.5e-10,0.0769,29100000000.0,1450000000.0,10.96,-90.27
3.3e-05,1.7e-05,3e-13,3.5e-10,2e-10,0.0769,29100000000.0,1440000000.0,10.96,-89.41
3.3e-05,1.7e-05,3e-13,3.5e-10,2.5e-10,0.0769,29100000000.0,1450000000.0,10.96,-88.75
3.3e-05,1.7e-05,3e-13,4.5e-10,1e-10,0.0769,26400000000.0,1230000000.0,11.55,-85.68
3.3e-05,1.7e-05,3e-13,4.5e-10,5e-11,0.0769,26400000000.0,1230000000.0,11.55,-85.42
3.3e-05,1.7e-05,3e-13,4.5e-10,1.5e-10,0.0769,26400000000.0,1240000000.0,11.55,-85.55
3.3e-05,1.7e-05,3e-13,4.5e-10,2e-10,0.0769,26400000000.0,1230000000.0,11.55,-85.56
3.3e-05,1.7e-05,3e-13,4.5e-10,2.5e-10,0.0769,26400000000.0,1230000000.0,11.55,-85.89
3.3e-05,1.7e-05,3e-13,5e-10,5e-11,0.0769,25400000000.0,1160000000.0,11.79,-84.58
3.3e-05,1.7e-05,3e-13,5e-10,1.5e-10,0.0769,25400000000.0,1160000000.0,11.79,-84.81
3.3e-05,1.7e-05,3e-13,5e-10,2e-10,0.0769,25400000000.0,1160000000.0,11.79,-84.61
3.3e-05,1.7e-05,3e-13,5e-10,2.5e-10,0.0769,25400000000.0,1160000000.0,11.79,-84.76
3.3e-05,1.7e-05,4e-13,4e-10,1e-10,0.0769,27600000000.0,1330000000.0,11.27,-87.64
3.3e-05,1.7e-05,4e-13,4e-10,5e-11,0.0769,27600000000.0,1330000000.0,11.27,-87.1
3.3e-05,1.7e-05,4e-13,4e-10,1.5e-10,0.0769,27600000000.0,1330000000.0,11.27,-86.8
3.3e-05,1.7e-05,4e-13,4e-10,2e-10,0.0769,27600000000.0,1330000000.0,11.27,-87.27
3.3e-05,1.7e-05,4e-13,4e-10,2.5e-10,0.0769,27600000000.0,1320000000.0,11.27,-86.77
3.3e-05,1.7e-05,4e-13,3e-10,1e-10,0.0769,31000000000.0,1610000000.0,10.59,-92.82
3.3e-05,1.7e-05,4e-13,3e-10,5e-11,0.0769,31000000000.0,1610000000.0,10.59,-92.81
3.3e-05,1.7e-05,4e-13,3e-10,2e-10,0.0769,31000000000.0,1610000000.0,10.59,-86.38
3.3e-05,1.7e-05,4e-13,3e-10,2.5e-10,0.0769,31000000000.0,1610000000.0,10.59,-92.78
3.3e-05,1.7e-05,4e-13,3.5e-10,1e-10,0.0769,29100000000.0,1450000000.0,10.96,-89.16
3.3e-05,1.7e-05,4e-13,3.5e-10,5e-11,0.0769,29100000000.0,1440000000.0,10.96,-89.11
3.3e-05,1.7e-05,4e-13,3.5e-10,1.5e-10,0.0769,29100000000.0,1450000000.0,10.96,-89.25
3.3e-05,1.7e-05,4e-13,3.5e-10,2e-10,0.0769,29100000000.0,1440000000.0,10.96,-89.37
3.3e-05,1.7e-05,4e-13,4.5e-10,1e-10,0.0769,26400000000.0,1240000000.0,11.55,-85.52
3.3e-05,1.7e-05,4e-13,4.5e-10,5e-11,0.0769,26400000000.0,1230000000.0,11.55,-85.16
3.3e-05,1.7e-05,4e-13,4.5e-10,1.5e-10,0.0769,26400000000.0,1230000000.0,11.55,-85.47
3.3e-05,1.7e-05,4e-13,4.5e-10,2e-10,0.0769,26400000000.0,1230000000.0,11.55,-85.44
3.3e-05,1.7e-05,4e-13,4.5e-10,2.5e-10,0.0769,26400000000.0,1230000000.0,11.55,-85.97
3.3e-05,1.7e-05,4e-13,5e-10,1e-10,0.0769,25400000000.0,1160000000.0,11.79,-84.35
3.3e-05,1.7e-05,4e-13,5e-10,5e-11,0.0769,25400000000.0,1170000000.0,11.79,-84.67
3.3e-05,1.7e-05,4e-13,5e-10,2.5e-10,0.0769,25400000000.0,1160000000.0,11.79,-84.83
3.3e-05,1.7e-05,6e-13,4e-10,1e-10,0.0769,27600000000.0,1330000000.0,11.27,-86.89
3.3e-05,1.7e-05,6e-13,4e-10,5e-11,0.0769,27600000000.0,1320000000.0,11.27,-87.23
3.3e-05,1.7e-05,6e-13,4e-10,2e-10,0.0769,27600000000.0,1330000000.0,11.27,-86.62
3.3e-05,1.7e-05,6e-13,4e-10,2.5e-10,0.0769,27600000000.0,1330000000.0,11.27,-86.85
3.3e-05,1.7e-05,6e-13,3e-10,5e-11,0.0769,31000000000.0,1610000000.0,10.59,-92.38
3.3e-05,1.7e-05,6e-13,3e-10,1.5e-10,0.0769,31000000000.0,1610000000.0,10.59,-92.42
3.3e-05,1.7e-05,6e-13,3e-10,2e-10,0.0769,31000000000.0,1610000000.0,10.59,-92.88
3.3e-05,1.7e-05,6e-13,3e-10,2.5e-10,0.0769,31000000000.0,1610000000.0,10.59,-92.71
3.3e-05,1.7e-05,6e-13,3.5e-10,1e-10,0.0769,29100000000.0,1440000000.0,10.96,-89.02
3.3e-05,1.7e-05,6e-13,3.5e-10,5e-11,0.0769,29100000000.0,1450000000.0,10.96,-89.24
3.3e-05,1.7e-05,6e-13,3.5e-10,1.5e-10,0.0769,29100000000.0,1450000000.0,10.96,-88.54
3.3e-05,1.7e-05,6e-13,3.5e-10,2e-10,0.0769,29100000000.0,1440000000.0,10.96,-89.09
3.3e-05,1.7e-05,6e-13,3.5e-10,2.5e-10,0.0769,29100000000.0,1440000000.0,10.96,-88.54
3.3e-05,1.7e-05,6e-13,4.5e-10,1e-10,0.0769,26400000000.0,1240000000.0,11.55,-85.44
3.3e-05,1.7e-05,6e-13,4.5e-10,1.5e-10,0.0769,26400000000.0,1230000000.0,11.55,-85.7
3.3e-05,1.7e-05,6e-13,4.5e-10,2e-10,0.0769,26400000000.0,1230000000.0,11.55,-86.44
3.3e-05,1.7e-05,6e-13,4.5e-10,2.5e-10,0.0769,26400000000.0,1230000000.0,11.55,-85.65
3.3e-05,1.7e-05,6e-13,5e-10,1e-10,0.0769,25400000000.0,1160000000.0,11.79,-84.73
3.3e-05,1.7e-05,6e-13,5e-10,5e-11,0.0769,25400000000.0,1170000000.0,11.79,-84.51
3.3e-05,1.7e-05,6e-13,5e-10,1.5e-10,0.0769,25400000000.0,1160000000.0,11.79,-84.79
3.3e-05,1.7e-05,6e-13,5e-10,2e-10,0.0769,25400000000.0,1160000000.0,11.79,-84.51
3.3e-05,1.7e-05,6e-13,5e-10,2.5e-10,0.0769,25400000000.0,1160000000.0,11.79,-84.72
3.3e-05,1.7e-05,7e-13,4e-10,1e-10,0.0769,27600000000.0,1330000000.0,11.27,-87.03
3.3e-05,1.7e-05,7e-13,4e-10,5e-11,0.0769,27600000000.0,1320000000.0,11.27,-87.0
3.3e-05,1.7e-05,7e-13,4e-10,1.5e-10,0.0769,27600000000.0,1320000000.0,11.27,-87.25
3.3e-05,1.7e-05,7e-13,4e-10,2e-10,0.0769,27600000000.0,1330000000.0,11.27,-87.18
3.3e-05,1.7e-05,7e-13,4e-10,2.5e-10,0.0769,27600000000.0,1330000000.0,11.27,-86.7
3.3e-05,1.7e-05,7e-13,3e-10,1e-10,0.0769,31000000000.0,1610000000.0,10.59,-92.56
3.3e-05,1.7e-05,7e-13,3e-10,5e-11,0.0769,31000000000.0,1610000000.0,10.59,-92.39
3.3e-05,1.7e-05,7e-13,3e-10,1.5e-10,0.0769,31000000000.0,1610000000.0,10.59,-92.14
3.3e-05,1.7e-05,7e-13,3e-10,2e-10,0.0769,31000000000.0,1610000000.0,10.59,-92.72
3.3e-05,1.7e-05,7e-13,3.5e-10,1e-10,0.0769,29100000000.0,1450000000.0,10.96,-89.29
3.3e-05,1.7e-05,7e-13,3.5e-10,5e-11,0.0769,29100000000.0,1450000000.0,10.96,-89.19
3.3e-05,1.7e-05,7e-13,3.5e-10,1.5e-10,0.0769,29100000000.0,1440000000.0,10.96,-90.46
3.3e-05,1.7e-05,7e-13,3.5e-10,2e-10,0.0769,29100000000.0,1440000000.0,10.96,-89.0
3.3e-05,1.7e-05,7e-13,4.5e-10,1e-10,0.0769,26400000000.0,1230000000.0,11.55,-85.71
3.3e-05,1.7e-05,7e-13,4.5e-10,5e-11,0.0769,26400000000.0,1230000000.0,11.55,-85.46
3.3e-05,1.7e-05,7e-13,4.5e-10,1.5e-10,0.0769,26400000000.0,1230000000.0,11.55,-85.53
3.3e-05,1.7e-05,7e-13,4.5e-10,2e-10,0.0769,26400000000.0,1230000000.0,11.55,-85.54
3.3e-05,1.7e-05,7e-13,5e-10,2e-10,0.0769,25400000000.0,1160000000.0,11.79,-84.77
3.3e-05,1.8e-05,5e-13,4e-10,1e-10,0.0769,27500000000.0,1330000000.0,11.26,-86.78
3.3e-05,1.8e-05,5e-13,4e-10,5e-11,0.0769,27500000000.0,1330000000.0,11.26,-86.63
3.3e-05,1.8e-05,5e-13,4e-10,1.5e-10,0.0769,27500000000.0,1320000000.0,11.26,-86.71
3.3e-05,1.8e-05,5e-13,4e-10,2e-10,0.0769,27500000000.0,1320000000.0,11.26,-86.47
3.3e-05,1.8e-05,5e-13,4e-10,2.5e-10,0.0769,27500000000.0,1320000000.0,11.26,-86.82
3.3e-05,1.8e-05,5e-13,3e-10,1e-10,0.0769,30900000000.0,1610000000.0,10.57,-91.8
3.3e-05,1.8e-05,5e-13,3e-10,5e-11,0.0769,30900000000.0,1610000000.0,10.57,-92.07
3.3e-05,1.8e-05,5e-13,3e-10,1.5e-10,0.0769,30900000000.0,1600000000.0,10.57,-92.55
3.3e-05,1.8e-05,5e-13,3e-10,2e-10,0.0769,30900000000.0,1610000000.0,10.57,-91.93
3.3e-05,1.8e-05,5e-13,3e-10,2.5e-10,0.0769,30900000000.0,1610000000.0,10.57,-92.02
3.3e-05,1.8e-05,5e-13,3.5e-10,1e-10,0.0769,29000000000.0,1450000000.0,10.95,-89.17
3.3e-05,1.8e-05,5e-13,3.5e-10,5e-11,0.0769,29000000000.0,1440000000.0,10.95,-88.73
3.3e-05,1.8e-05,5e-13,3.5e-10,1.5e-10,0.0769,29000000000.0,1440000000.0,10.95,-88.68
3.3e-05,1.8e-05,5e-13,3.5e-10,2e-10,0.0769,29000000000.0,1440000000.0,10.95,-88.72
3.3e-05,1.8e-05,5e-13,3.5e-10,2.5e-10,0.0769,29000000000.0,1450000000.0,10.95,-88.45
3.3e-05,1.8e-05,5e-13,4.5e-10,1e-10,0.0769,26300000000.0,1230000000.0,11.54,-85.34
3.3e-05,1.8e-05,5e-13,4.5e-10,5e-11,0.0769,26300000000.0,1230000000.0,11.54,-85.55
3.3e-05,1.8e-05,5e-13,4.5e-10,1.5e-10,0.0769,26300000000.0,1220000000.0,11.54,-85.61
3.3e-05,1.8e-05,5e-13,4.5e-10,2e-10,0.0769,26300000000.0,1230000000.0,11.54,-85.33
3.3e-05,1.8e-05,5e-13,4.5e-10,2.5e-10,0.0769,26300000000.0,1230000000.0,11.54,-84.99
3.3e-05,1.8e-05,5e-13,5e-10,1e-10,0.0769,25300000000.0,1160000000.0,11.79,-84.39
3.3e-05,1.8e-05,5e-13,5e-10,5e-11,0.0769,25300000000.0,1160000000.0,11.79,-84.69
3.3e-05,1.8e-05,5e-13,5e-10,1.5e-10,0.0769,25300000000.0,1160000000.0,11.79,-84.73
3.3e-05,1.8e-05,5e-13,5e-10,2e-10,0.0769,25300000000.0,1160000000.0,11.79,-84.7
3.3e-05,1.8e-05,5e-13,5e-10,2.5e-10,0.0769,25300000000.0,1150000000.0,11.79,-84.48
3.3e-05,1.8e-05,3e-13,4e-10,1e-10,0.0769,27500000000.0,1330000000.0,11.26,-86.81
3.3e-05,1.8e-05,3e-13,4e-10,5e-11,0.0769,27500000000.0,1320000000.0,11.26,-82.24
3.3e-05,1.8e-05,3e-13,4e-10,1.5e-10,0.0769,27500000000.0,1320000000.0,11.26,-86.6
3.3e-05,1.8e-05,3e-13,4e-10,2e-10,0.0769,27500000000.0,1330000000.0,11.26,-86.64
3.3e-05,1.8e-05,3e-13,4e-10,2.5e-10,0.0769,27500000000.0,1330000000.0,11.26,-87.26
3.3e-05,1.8e-05,3e-13,3e-10,1e-10,0.0769,30900000000.0,1610000000.0,10.57,-92.1
3.3e-05,1.8e-05,3e-13,3e-10,5e-11,0.0769,30900000000.0,1610000000.0,10.57,-91.5
3.3e-05,1.8e-05,3e-13,3e-10,1.5e-10,0.0769,30900000000.0,1610000000.0,10.57,-91.86
3.3e-05,1.8e-05,3e-13,3e-10,2e-10,0.0769,30900000000.0,1610000000.0,10.57,-92.18
3.3e-05,1.8e-05,3e-13,3e-10,2.5e-10,0.0769,30900000000.0,1610000000.0,10.57,-92.13
3.3e-05,1.8e-05,3e-13,3.5e-10,1e-10,0.0769,29000000000.0,1440000000.0,10.95,-89.38
3.3e-05,1.8e-05,3e-13,3.5e-10,5e-11,0.0769,29000000000.0,1450000000.0,10.95,-88.84
3.3e-05,1.8e-05,3e-13,3.5e-10,1.5e-10,0.0769,29000000000.0,1440000000.0,10.95,-88.87
3.3e-05,1.8e-05,3e-13,3.5e-10,2e-10,0.0769,29000000000.0,1440000000.0,10.95,-88.97
3.3e-05,1.8e-05,3e-13,3.5e-10,2.5e-10,0.0769,29000000000.0,1450000000.0,10.95,-88.48
3.3e-05,1.8e-05,3e-13,4.5e-10,1e-10,0.0769,26300000000.0,1230000000.0,11.54,-84.49
3.3e-05,1.8e-05,3e-13,4.5e-10,5e-11,0.0769,26300000000.0,1230000000.0,11.54,-85.58
3.3e-05,1.8e-05,3e-13,4.5e-10,1.5e-10,0.0769,26300000000.0,1230000000.0,11.54,-85.28
3.3e-05,1.8e-05,3e-13,4.5e-10,2e-10,0.0769,26300000000.0,1230000000.0,11.54,-85.03
3.3e-05,1.8e-05,3e-13,4.5e-10,2.5e-10,0.0769,26300000000.0,1230000000.0,11.54,-85.67
3.3e-05,1.8e-05,3e-13,5e-10,1e-10,0.0769,25300000000.0,1160000000.0,11.79,-84.41
3.3e-05,1.8e-05,3e-13,5e-10,5e-11,0.0769,25300000000.0,1150000000.0,11.78,-84.35
3.3e-05,1.8e-05,3e-13,5e-10,1.5e-10,0.0769,25300000000.0,1160000000.0,11.78,-84.53
3.3e-05,1.8e-05,3e-13,5e-10,2.5e-10,0.0769,25300000000.0,1160000000.0,11.79,-84.72
3.3e-05,1.8e-05,4e-13,4e-10,5e-11,0.0769,27500000000.0,1320000000.0,11.26,-86.76
3.3e-05,1.8e-05,4e-13,4e-10,1.5e-10,0.0769,27500000000.0,1330000000.0,11.26,-86.9
3.3e-05,1.8e-05,4e-13,4e-10,2e-10,0.0769,27500000000.0,1330000000.0,11.26,-86.54
3.3e-05,1.8e-05,4e-13,3e-10,1e-10,0.0769,30900000000.0,1600000000.0,10.57,-92.5
3.3e-05,1.8e-05,4e-13,3e-10,5e-11,0.0769,30900000000.0,1610000000.0,10.57,-92.41
3.3e-05,1.8e-05,4e-13,3e-10,1.5e-10,0.0769,30900000000.0,1600000000.0,10.57,-91.94
3.3e-05,1.8e-05,4e-13,3e-10,2e-10,0.0769,30900000000.0,1600000000.0,10.57,-92.8
3.3e-05,1.8e-05,4e-13,3e-10,2.5e-10,0.0769,30900000000.0,1610000000.0,10.57,-92.16
3.3e-05,1.8e-05,4e-13,3.5e-10,1e-10,0.0769,29000000000.0,1450000000.0,10.95,-89.09
3.3e-05,1.8e-05,4e-13,3.5e-10,5e-11,0.0769,29000000000.0,1450000000.0,10.95,-88.82
3.3e-05,1.8e-05,4e-13,3.5e-10,1.5e-10,0.0769,29000000000.0,1450000000.0,10.95,-88.63
3.3e-05,1.8e-05,4e-13,3.5e-10,2e-10,0.0769,29000000000.0,1440000000.0,10.95,-88.93
3.3e-05,1.8e-05,4e-13,3.5e-10,2.5e-10,0.0769,29000000000.0,1440000000.0,10.95,-88.95
3.3e-05,1.8e-05,4e-13,4.5e-10,5e-11,0.0769,26300000000.0,1230000000.0,11.54,-85.26
3.3e-05,1.8e-05,4e-13,4.5e-10,1.5e-10,0.0769,26300000000.0,1230000000.0,11.54,-85.12
3.3e-05,1.8e-05,4e-13,4.5e-10,2e-10,0.0769,26300000000.0,1230000000.0,11.54,-85.06
3.3e-05,1.8e-05,4e-13,4.5e-10,2.5e-10,0.0769,26300000000.0,1230000000.0,11.54,-85.51
3.3e-05,1.8e-05,4e-13,5e-10,5e-11,0.0769,25300000000.0,1160000000.0,11.78,-84.3
3.3e-05,1.8e-05,4e-13,5e-10,1.5e-10,0.0769,25300000000.0,1160000000.0,11.79,-84.61
3.3e-05,1.8e-05,4e-13,5e-10,2.5e-10,0.0769,25300000000.0,1160000000.0,11.79,-84.57
3.3e-05,1.8e-05,6e-13,4e-10,5e-11,0.0769,27500000000.0,1320000000.0,11.26,-86.69
3.3e-05,1.8e-05,6e-13,4e-10,1.5e-10,0.0769,27500000000.0,1320000000.0,11.26,-86.46
3.3e-05,1.8e-05,6e-13,4e-10,2e-10,0.0769,27500000000.0,1320000000.0,11.26,-86.59
3.3e-05,1.8e-05,6e-13,4e-10,2.5e-10,0.0769,27500000000.0,1320000000.0,11.26,-86.58
3.3e-05,1.8e-05,6e-13,3e-10,1e-10,0.0769,30900000000.0,1610000000.0,10.57,-92.68
3.3e-05,1.8e-05,6e-13,3e-10,5e-11,0.0769,30900000000.0,1610000000.0,10.57,-92.42
3.3e-05,1.8e-05,6e-13,3e-10,2e-10,0.0769,30900000000.0,1600000000.0,10.57,-92.24
3.3e-05,1.8e-05,6e-13,3e-10,2.5e-10,0.0769,30900000000.0,1600000000.0,10.57,-92.07
3.3e-05,1.8e-05,6e-13,3.5e-10,1e-10,0.0769,29000000000.0,1450000000.0,10.95,-90.13
3.3e-05,1.8e-05,6e-13,3.5e-10,5e-11,0.0769,29000000000.0,1450000000.0,10.95,-89.04
3.3e-05,1.8e-05,6e-13,3.5e-10,1.5e-10,0.0769,29000000000.0,1450000000.0,10.95,-88.68
3.3e-05,1.8e-05,6e-13,3.5e-10,2e-10,0.0769,29000000000.0,1450000000.0,10.95,-88.36
3.3e-05,1.8e-05,6e-13,3.5e-10,2.5e-10,0.0769,29000000000.0,1440000000.0,10.95,-88.94
3.3e-05,1.8e-05,6e-13,4.5e-10,1e-10,0.0769,26300000000.0,1230000000.0,11.54,-85.39
3.3e-05,1.8e-05,6e-13,4.5e-10,5e-11,0.0769,26300000000.0,1230000000.0,11.54,-85.61
3.3e-05,1.8e-05,6e-13,4.5e-10,1.5e-10,0.0769,26300000000.0,1230000000.0,11.54,-85.3
3.3e-05,1.8e-05,6e-13,4.5e-10,2e-10,0.0769,26300000000.0,1230000000.0,11.54,-85.56
3.3e-05,1.8e-05,6e-13,4.5e-10,2.5e-10,0.0769,26300000000.0,1230000000.0,11.54,-85.41
3.3e-05,1.8e-05,6e-13,5e-10,1e-10,0.0769,25300000000.0,1150000000.0,11.79,-84.84
3.3e-05,1.8e-05,6e-13,5e-10,5e-11,0.0769,25300000000.0,1160000000.0,11.79,-84.64
3.3e-05,1.8e-05,6e-13,5e-10,1.5e-10,0.0769,25300000000.0,1160000000.0,11.78,-84.39
3.3e-05,1.8e-05,6e-13,5e-10,2e-10,0.0769,25300000000.0,1150000000.0,11.79,-84.5
3.3e-05,1.8e-05,7e-13,4e-10,5e-11,0.0769,27500000000.0,1320000000.0,11.26,-86.8
3.3e-05,1.8e-05,7e-13,4e-10,1.5e-10,0.0769,27500000000.0,1320000000.0,11.26,-86.81
3.3e-05,1.8e-05,7e-13,3e-10,5e-11,0.0769,30900000000.0,1610000000.0,10.57,-91.99
3.3e-05,1.8e-05,7e-13,3e-10,1.5e-10,0.0769,30900000000.0,1600000000.0,10.57,-92.28
3.3e-05,1.8e-05,7e-13,3e-10,2e-10,0.0769,30900000000.0,1600000000.0,10.57,-87.5
3.3e-05,1.8e-05,7e-13,3e-10,2.5e-10,0.0769,30900000000.0,1610000000.0,10.57,-92.01
3.3e-05,1.8e-05,7e-13,3.5e-10,1e-10,0.0769,29000000000.0,1450000000.0,10.95,-88.75
3.3e-05,1.8e-05,7e-13,3.5e-10,5e-11,0.0769,29000000000.0,1440000000.0,10.95,-88.92
3.3e-05,1.8e-05,7e-13,4.5e-10,1e-10,0.0769,26300000000.0,1230000000.0,11.54,-85.31
3.3e-05,1.8e-05,7e-13,4.5e-10,5e-11,0.0769,26300000000.0,1230000000.0,11.54,-85.53
3.3e-05,1.8e-05,7e-13,4.5e-10,1.5e-10,0.0769,26300000000.0,1230000000.0,11.54,-85.47
3.3e-05,1.8e-05,7e-13,4.5e-10,2.5e-10,0.0769,26300000000.0,1230000000.0,11.54,-85.5
3.3e-05,1.8e-05,7e-13,5e-10,1e-10,0.0769,25300000000.0,1160000000.0,11.79,-84.3
3.3e-05,1.8e-05,7e-13,5e-10,5e-11,0.0769,25300000000.0,1160000000.0,11.79,-84.67
3.3e-05,1.8e-05,7e-13,5e-10,2e-10,0.0769,25300000000.0,1160000000.0,11.79,-84.59
3.3e-05,1.8e-05,7e-13,5e-10,2.5e-10,0.0769,25300000000.0,1150000000.0,11.79,-84.65
3.3e-05,1.9e-05,5e-13,4e-10,1e-10,0.0769,27400000000.0,1310000000.0,11.25,-82.21
3.3e-05,1.9e-05,5e-13,4e-10,5e-11,0.0769,27400000000.0,1310000000.0,11.25,-86.66
3.3e-05,1.9e-05,5e-13,4e-10,1.5e-10,0.0769,27400000000.0,1310000000.0,11.25,-86.52
3.3e-05,1.9e-05,5e-13,4e-10,2e-10,0.0769,27400000000.0,1320000000.0,11.25,-86.52
3.3e-05,1.9e-05,5e-13,4e-10,2.5e-10,0.0769,27400000000.0,1320000000.0,11.25,-86.13
3.3e-05,1.9e-05,5e-13,3e-10,1e-10,0.0769,30800000000.0,1600000000.0,10.55,-91.82
3.3e-05,1.9e-05,5e-13,3e-10,5e-11,0.0769,30800000000.0,1600000000.0,10.55,-91.64
3.3e-05,1.9e-05,5e-13,3e-10,1.5e-10,0.0769,30800000000.0,1590000000.0,10.55,-91.86
3.3e-05,1.9e-05,5e-13,3e-10,2.5e-10,0.0769,30800000000.0,1600000000.0,10.55,-91.71
3.3e-05,1.9e-05,5e-13,3.5e-10,1e-10,0.0769,28900000000.0,1430000000.0,10.93,-88.61
3.3e-05,1.9e-05,5e-13,3.5e-10,5e-11,0.0769,28900000000.0,1430000000.0,10.93,-87.97
3.3e-05,1.9e-05,5e-13,3.5e-10,1.5e-10,0.0769,28900000000.0,1430000000.0,10.93,-88.86
3.3e-05,1.9e-05,5e-13,3.5e-10,2e-10,0.0769,28900000000.0,1440000000.0,10.93,-88.64
3.3e-05,1.9e-05,5e-13,3.5e-10,2.5e-10,0.0769,28900000000.0,1430000000.0,10.93,-88.71
3.3e-05,1.9e-05,5e-13,4.5e-10,1e-10,0.0769,26200000000.0,1220000000.0,11.53,-85.47
3.3e-05,1.9e-05,5e-13,4.5e-10,5e-11,0.0769,26200000000.0,1220000000.0,11.53,-85.19
3.3e-05,1.9e-05,5e-13,4.5e-10,1.5e-10,0.0769,26200000000.0,1220000000.0,11.53,-81.51
3.3e-05,1.9e-05,5e-13,4.5e-10,2e-10,0.0769,26200000000.0,1220000000.0,11.53,-85.34
3.3e-05,1.9e-05,5e-13,5e-10,1e-10,0.0769,25200000000.0,1160000000.0,11.78,-84.42
3.3e-05,1.9e-05,5e-13,5e-10,5e-11,0.0769,25200000000.0,1150000000.0,11.78,-84.57
3.3e-05,1.9e-05,5e-13,5e-10,1.5e-10,0.0769,25200000000.0,1150000000.0,11.78,-84.45
3.3e-05,1.9e-05,5e-13,5e-10,2e-10,0.0769,25200000000.0,1150000000.0,11.78,-84.37
3.3e-05,1.9e-05,5e-13,5e-10,2.5e-10,0.0769,25200000000.0,1150000000.0,11.78,-84.61
3.3e-05,1.9e-05,3e-13,4e-10,1e-10,0.0769,27400000000.0,1310000000.0,11.25,-86.86
3.3e-05,1.9e-05,3e-13,4e-10,5e-11,0.0769,27400000000.0,1320000000.0,11.25,-87.62
3.3e-05,1.9e-05,3e-13,4e-10,1.5e-10,0.0769,27400000000.0,1320000000.0,11.25,-86.9
3.3e-05,1.9e-05,3e-13,4e-10,2e-10,0.0769,27400000000.0,1320000000.0,11.25,-86.59
3.3e-05,1.9e-05,3e-13,4e-10,2.5e-10,0.0769,27400000000.0,1320000000.0,11.25,-86.57
3.3e-05,1.9e-05,3e-13,3e-10,1e-10,0.0769,30800000000.0,1600000000.0,10.55,-91.59
3.3e-05,1.9e-05,3e-13,3e-10,1.5e-10,0.0769,30800000000.0,1600000000.0,10.55,-91.56
3.3e-05,1.9e-05,3e-13,3e-10,2e-10,0.0769,30800000000.0,1590000000.0,10.55,-91.96
3.3e-05,1.9e-05,3e-13,3e-10,2.5e-10,0.0769,30800000000.0,1590000000.0,10.55,-91.95
3.3e-05,1.9e-05,3e-13,3.5e-10,1e-10,0.0769,28900000000.0,1430000000.0,10.93,-88.56
3.3e-05,1.9e-05,3e-13,3.5e-10,5e-11,0.0769,28900000000.0,1440000000.0,10.93,-88.63
3.3e-05,1.9e-05,3e-13,3.5e-10,1.5e-10,0.0769,28900000000.0,1430000000.0,10.93,-88.6
3.3e-05,1.9e-05,3e-13,3.5e-10,2e-10,0.0769,28900000000.0,1440000000.0,10.93,-88.48
3.3e-05,1.9e-05,3e-13,4.5e-10,1e-10,0.0769,26200000000.0,1220000000.0,11.53,-85.46
3.3e-05,1.9e-05,3e-13,4.5e-10,5e-11,0.0769,26200000000.0,1230000000.0,11.53,-85.28
3.3e-05,1.9e-05,3e-13,4.5e-10,1.5e-10,0.0769,26200000000.0,1230000000.0,11.53,-85.46
3.3e-05,1.9e-05,3e-13,4.5e-10,2e-10,0.0769,26200000000.0,1220000000.0,11.53,-85.37
3.3e-05,1.9e-05,3e-13,4.5e-10,2.5e-10,0.0769,26200000000.0,1220000000.0,11.53,-84.84
3.3e-05,1.9e-05,3e-13,5e-10,1e-10,0.0769,25200000000.0,1150000000.0,11.78,-84.33
3.3e-05,1.9e-05,3e-13,5e-10,5e-11,0.0769,25200000000.0,1150000000.0,11.78,-84.53
3.3e-05,1.9e-05,3e-13,5e-10,1.5e-10,0.0769,25200000000.0,1150000000.0,11.78,-84.35
3.3e-05,1.9e-05,3e-13,5e-10,2e-10,0.0769,25200000000.0,1150000000.0,11.78,-85.35
3.3e-05,1.9e-05,3e-13,5e-10,2.5e-10,0.0769,25200000000.0,1150000000.0,11.78,-84.7
3.3e-05,1.9e-05,4e-13,4e-10,1e-10,0.0769,27400000000.0,1320000000.0,11.25,-87.21
3.3e-05,1.9e-05,4e-13,4e-10,5e-11,0.0769,27400000000.0,1320000000.0,11.25,-86.65
3.3e-05,1.9e-05,4e-13,4e-10,1.5e-10,0.0769,27400000000.0,1310000000.0,11.25,-86.63
3.3e-05,1.9e-05,4e-13,4e-10,2e-10,0.0769,27400000000.0,1320000000.0,11.25,-86.96
3.3e-05,1.9e-05,4e-13,4e-10,2.5e-10,0.0769,27400000000.0,1310000000.0,11.25,-86.7
3.3e-05,1.9e-05,4e-13,3e-10,1e-10,0.0769,30800000000.0,1590000000.0,10.55,-91.97
3.3e-05,1.9e-05,4e-13,3e-10,5e-11,0.0769,30800000000.0,1590000000.0,10.55,-92.11
3.3e-05,1.9e-05,4e-13,3e-10,1.5e-10,0.0769,30800000000.0,1590000000.0,10.55,-91.69
3.3e-05,1.9e-05,4e-13,3e-10,2e-10,0.0769,30800000000.0,1590000000.0,10.55,-92.14
3.3e-05,1.9e-05,4e-13,3e-10,2.5e-10,0.0769,30800000000.0,1600000000.0,10.55,-91.57
3.3e-05,1.9e-05,4e-13,3.5e-10,1e-10,0.0769,28900000000.0,1430000000.0,10.93,-88.59
3.3e-05,1.9e-05,4e-13,3.5e-10,5e-11,0.0769,28900000000.0,1430000000.0,10.93,-88.78
3.3e-05,1.9e-05,4e-13,3.5e-10,1.5e-10,0.0769,28900000000.0,1430000000.0,10.93,-87.23
3.3e-05,1.9e-05,4e-13,3.5e-10,2e-10,0.0769,28900000000.0,1430000000.0,10.93,-83.58
3.3e-05,1.9e-05,4e-13,3.5e-10,2.5e-10,0.0769,28900000000.0,1430000000.0,10.93,-88.35
3.3e-05,1.9e-05,4e-13,4.5e-10,1e-10,0.0769,26200000000.0,1220000000.0,11.53,-85.59
3.3e-05,1.9e-05,4e-13,4.5e-10,5e-11,0.0769,26200000000.0,1220000000.0,11.53,-85.16
3.3e-05,1.9e-05,4e-13,4.5e-10,2e-10,0.0769,26200000000.0,1230000000.0,11.53,-85.19
3.3e-05,1.9e-05,4e-13,4.5e-10,2.5e-10,0.0769,26200000000.0,1220000000.0,11.53,-85.51
3.3e-05,1.9e-05,4e-13,5e-10,1e-10,0.0769,25200000000.0,1150000000.0,11.78,-84.1
3.3e-05,1.9e-05,4e-13,5e-10,5e-11,0.0769,25200000000.0,1150000000.0,11.78,-84.21
3.3e-05,1.9e-05,4e-13,5e-10,2e-10,0.0769,25200000000.0,1150000000.0,11.78,-84.22
3.3e-05,1.9e-05,4e-13,5e-10,2.5e-10,0.0769,25200000000.0,1150000000.0,11.78,-84.56
3.3e-05,1.9e-05,6e-13,4e-10,1e-10,0.0769,27400000000.0,1310000000.0,11.25,-82.97
3.3e-05,1.9e-05,6e-13,4e-10,5e-11,0.0769,27400000000.0,1310000000.0,11.25,-86.3
3.3e-05,1.9e-05,6e-13,4e-10,2e-10,0.0769,27400000000.0,1310000000.0,11.25,-86.76
3.3e-05,1.9e-05,6e-13,4e-10,2.5e-10,0.0769,27400000000.0,1320000000.0,11.25,-86.75
3.3e-05,1.9e-05,6e-13,3e-10,1e-10,0.0769,30800000000.0,1590000000.0,10.55,-92.05
3.3e-05,1.9e-05,6e-13,3e-10,5e-11,0.0769,30800000000.0,1600000000.0,10.55,-91.76
3.3e-05,1.9e-05,6e-13,3e-10,1.5e-10,0.0769,30800000000.0,1590000000.0,10.55,-91.45
3.3e-05,1.9e-05,6e-13,3e-10,2e-10,0.0769,30800000000.0,1590000000.0,10.55,-91.87
3.3e-05,1.9e-05,6e-13,3e-10,2.5e-10,0.0769,30800000000.0,1590000000.0,10.55,-92.03
3.3e-05,1.9e-05,6e-13,3.5e-10,1e-10,0.0769,28900000000.0,1430000000.0,10.93,-87.03
3.3e-05,1.9e-05,6e-13,3.5e-10,5e-11,0.0769,28900000000.0,1430000000.0,10.93,-83.59
3.3e-05,1.9e-05,6e-13,3.5e-10,1.5e-10,0.0769,28900000000.0,1430000000.0,10.93,-88.62
3.3e-05,1.9e-05,6e-13,3.5e-10,2e-10,0.0769,28900000000.0,1440000000.0,10.93,-89.01
3.3e-05,1.9e-05,6e-13,3.5e-10,2.5e-10,0.0769,28900000000.0,1430000000.0,10.93,-88.79
3.3e-05,1.9e-05,6e-13,4.5e-10,1e-10,0.0769,26200000000.0,1220000000.0,11.53,-85.9
3.3e-05,1.9e-05,6e-13,4.5e-10,5e-11,0.0769,26200000000.0,1220000000.0,11.53,-85.6
3.3e-05,1.9e-05,6e-13,4.5e-10,1.5e-10,0.0769,26200000000.0,1230000000.0,11.53,-85.29
3.3e-05,1.9e-05,6e-13,4.5e-10,2e-10,0.0769,26200000000.0,1220000000.0,11.53,-85.52
3.3e-05,1.9e-05,6e-13,4.5e-10,2.5e-10,0.0769,26200000000.0,1230000000.0,11.53,-85.53
3.3e-05,1.9e-05,6e-13,5e-10,1e-10,0.0769,25200000000.0,1150000000.0,11.78,-84.46
3.3e-05,1.9e-05,6e-13,5e-10,5e-11,0.0769,25200000000.0,1140000000.0,11.78,-84.79
3.3e-05,1.9e-05,6e-13,5e-10,1.5e-10,0.0769,25200000000.0,1150000000.0,11.78,-84.69
3.3e-05,1.9e-05,6e-13,5e-10,2e-10,0.0769,25200000000.0,1150000000.0,11.78,-84.63
3.3e-05,1.9e-05,6e-13,5e-10,2.5e-10,0.0769,25200000000.0,1160000000.0,11.78,-84.41
3.3e-05,1.9e-05,7e-13,4e-10,5e-11,0.0769,27400000000.0,1300000000.0,11.25,-86.84
3.3e-05,1.9e-05,7e-13,4e-10,2e-10,0.0769,27400000000.0,1310000000.0,11.25,-84.33
3.3e-05,1.9e-05,7e-13,4e-10,2.5e-10,0.0769,27400000000.0,1310000000.0,11.25,-86.67
3.3e-05,1.9e-05,7e-13,3e-10,1e-10,0.0769,30800000000.0,1590000000.0,10.55,-92.02
3.3e-05,1.9e-05,7e-13,3e-10,5e-11,0.0769,30800000000.0,1600000000.0,10.55,-91.49
3.3e-05,1.9e-05,7e-13,3e-10,1.5e-10,0.0769,30800000000.0,1590000000.0,10.55,-92.06
3.3e-05,1.9e-05,7e-13,3e-10,2e-10,0.0769,30800000000.0,1590000000.0,10.55,-92.09
3.3e-05,1.9e-05,7e-13,3e-10,2.5e-10,0.0769,30800000000.0,1600000000.0,10.55,-92.44
3.3e-05,1.9e-05,7e-13,3.5e-10,1e-10,0.0769,28900000000.0,1430000000.0,10.93,-88.73
3.3e-05,1.9e-05,7e-13,3.5e-10,5e-11,0.0769,28900000000.0,1440000000.0,10.93,-88.5
3.3e-05,1.9e-05,7e-13,3.5e-10,1.5e-10,0.0769,28900000000.0,1430000000.0,10.93,-83.74
3.3e-05,1.9e-05,7e-13,3.5e-10,2e-10,0.0769,28900000000.0,1430000000.0,10.93,-89.46
3.3e-05,1.9e-05,7e-13,3.5e-10,2.5e-10,0.0769,28900000000.0,1430000000.0,10.93,-88.81
3.3e-05,1.9e-05,7e-13,4.5e-10,1e-10,0.0769,26200000000.0,1230000000.0,11.53,-85.24
3.3e-05,1.9e-05,7e-13,4.5e-10,5e-11,0.0769,26200000000.0,1220000000.0,11.53,-85.54
3.3e-05,1.9e-05,7e-13,4.5e-10,1.5e-10,0.0769,26200000000.0,1230000000.0,11.53,-85.16
3.3e-05,1.9e-05,7e-13,4.5e-10,2e-10,0.0769,26200000000.0,1220000000.0,11.53,-84.86
3.3e-05,1.9e-05,7e-13,4.5e-10,2.5e-10,0.0769,26200000000.0,1220000000.0,11.53,-85.45
3.3e-05,1.9e-05,7e-13,5e-10,1e-10,0.0769,25200000000.0,1150000000.0,11.78,-84.59
3.3e-05,1.9e-05,7e-13,5e-10,5e-11,0.0769,25200000000.0,1150000000.0,11.78,-84.47
3.3e-05,1.9e-05,7e-13,5e-10,1.5e-10,0.0769,25200000000.0,1150000000.0,11.78,-84.62
3.3e-05,1.9e-05,7e-13,5e-10,2e-10,0.0769,25200000000.0,1150000000.0,11.78,-84.25
3.3e-05,2e-05,5e-13,4e-10,1e-10,0.0769,27300000000.0,1300000000.0,11.23,-86.15
3.3e-05,2e-05,5e-13,4e-10,5e-11,0.0769,27300000000.0,1300000000.0,11.23,-87.19
3.3e-05,2e-05,5e-13,4e-10,1.5e-10,0.0769,27300000000.0,1290000000.0,11.24,-86.85
3.3e-05,2e-05,5e-13,4e-10,2e-10,0.0769,27300000000.0,1290000000.0,11.23,-86.65
3.3e-05,2e-05,5e-13,4e-10,2.5e-10,0.0769,27300000000.0,1300000000.0,11.23,-86.16
3.3e-05,2e-05,5e-13,3e-10,1e-10,0.0769,30700000000.0,1570000000.0,10.53,-91.5
3.3e-05,2e-05,5e-13,3e-10,1.5e-10,0.0769,30700000000.0,1570000000.0,10.53,-91.34
3.3e-05,2e-05,5e-13,3e-10,2e-10,0.0769,30700000000.0,1570000000.0,10.53,-91.39
3.3e-05,2e-05,5e-13,3e-10,2.5e-10,0.0769,30700000000.0,1570000000.0,10.53,-91.68
3.3e-05,2e-05,5e-13,3.5e-10,1e-10,0.0769,28800000000.0,1420000000.0,10.91,-88.38
3.3e-05,2e-05,5e-13,3.5e-10,5e-11,0.0769,28800000000.0,1420000000.0,10.91,-88.21
3.3e-05,2e-05,5e-13,3.5e-10,1.5e-10,0.0769,28800000000.0,1410000000.0,10.91,-87.68
3.3e-05,2e-05,5e-13,3.5e-10,2e-10,0.0769,28800000000.0,1420000000.0,10.91,-88.11
3.3e-05,2e-05,5e-13,3.5e-10,2.5e-10,0.0769,28800000000.0,1420000000.0,10.91,-88.37
3.3e-05,2e-05,5e-13,4.5e-10,1e-10,0.0769,26100000000.0,1210000000.0,11.52,-84.73
3.3e-05,2e-05,5e-13,4.5e-10,5e-11,0.0769,26100000000.0,1210000000.0,11.52,-84.98
3.3e-05,2e-05,5e-13,4.5e-10,1.5e-10,0.0769,26100000000.0,1210000000.0,11.52,-85.01
3.3e-05,2e-05,5e-13,4.5e-10,2e-10,0.0769,26100000000.0,1210000000.0,11.52,-85.28
3.3e-05,2e-05,5e-13,4.5e-10,2.5e-10,0.0769,26100000000.0,1220000000.0,11.52,-85.42
3.3e-05,2e-05,5e-13,5e-10,1e-10,0.0769,25100000000.0,1140000000.0,11.77,-84.52
3.3e-05,2e-05,5e-13,5e-10,5e-11,0.0769,25100000000.0,1140000000.0,11.76,-84.47
3.3e-05,2e-05,5e-13,5e-10,1.5e-10,0.0769,25100000000.0,1130000000.0,11.77,-84.44
3.3e-05,2e-05,5e-13,5e-10,2e-10,0.0769,25100000000.0,1130000000.0,11.77,-84.46
3.3e-05,2e-05,5e-13,5e-10,2.5e-10,0.0769,25100000000.0,1140000000.0,11.76,-84.06
3.3e-05,2e-05,3e-13,4e-10,1e-10,0.0769,27300000000.0,1300000000.0,11.24,-86.53
3.3e-05,2e-05,3e-13,4e-10,5e-11,0.0769,27300000000.0,1300000000.0,11.24,-84.59
3.3e-05,2e-05,3e-13,4e-10,1.5e-10,0.0769,27300000000.0,1300000000.0,11.23,-86.02
3.3e-05,2e-05,3e-13,4e-10,2e-10,0.0769,27300000000.0,1300000000.0,11.23,-84.81
3.3e-05,2e-05,3e-13,4e-10,2.5e-10,0.0769,27300000000.0,1300000000.0,11.23,-86.69
3.3e-05,2e-05,3e-13,3e-10,1e-10,0.0769,30700000000.0,1570000000.0,10.53,-90.09
3.3e-05,2e-05,3e-13,3e-10,5e-11,0.0769,30700000000.0,1570000000.0,10.53,-91.3
3.3e-05,2e-05,3e-13,3e-10,1.5e-10,0.0769,30700000000.0,1570000000.0,10.53,-91.49
3.3e-05,2e-05,3e-13,3e-10,2e-10,0.0769,30700000000.0,1580000000.0,10.53,-91.12
3.3e-05,2e-05,3e-13,3e-10,2.5e-10,0.0769,30700000000.0,1570000000.0,10.53,-91.58
3.3e-05,2e-05,3e-13,3.5e-10,1e-10,0.0769,28800000000.0,1410000000.0,10.91,-88.49
3.3e-05,2e-05,3e-13,3.5e-10,5e-11,0.0769,28800000000.0,1420000000.0,10.91,-88.63
3.3e-05,2e-05,3e-13,3.5e-10,1.5e-10,0.0769,28800000000.0,1410000000.0,10.91,-88.52
3.3e-05,2e-05,3e-13,3.5e-10,2e-10,0.0769,28800000000.0,1420000000.0,10.91,-88.09
3.3e-05,2e-05,3e-13,3.5e-10,2.5e-10,0.0769,28800000000.0,1420000000.0,10.91,-88.88
3.3e-05,2e-05,3e-13,4.5e-10,1e-10,0.0769,26100000000.0,1210000000.0,11.52,-85.34
3.3e-05,2e-05,3e-13,4.5e-10,5e-11,0.0769,26100000000.0,1220000000.0,11.52,-85.13
3.3e-05,2e-05,3e-13,4.5e-10,1.5e-10,0.0769,26100000000.0,1210000000.0,11.52,-84.64
3.3e-05,2e-05,3e-13,4.5e-10,2e-10,0.0769,26100000000.0,1210000000.0,11.52,-85.22
3.3e-05,2e-05,3e-13,4.5e-10,2.5e-10,0.0769,26100000000.0,1210000000.0,11.52,-85.3
3.3e-05,2e-05,3e-13,5e-10,1e-10,0.0769,25100000000.0,1130000000.0,11.77,-84.05
3.3e-05,2e-05,3e-13,5e-10,5e-11,0.0769,25100000000.0,1130000000.0,11.77,-84.12
3.3e-05,2e-05,3e-13,5e-10,1.5e-10,0.0769,25100000000.0,1130000000.0,11.77,-84.45
3.3e-05,2e-05,3e-13,5e-10,2e-10,0.0769,25100000000.0,1130000000.0,11.76,-84.16
3.3e-05,2e-05,3e-13,5e-10,2.5e-10,0.0769,25100000000.0,1130000000.0,11.77,-84.73
3.3e-05,2e-05,4e-13,4e-10,1e-10,0.0769,27300000000.0,1300000000.0,11.23,-86.4
3.3e-05,2e-05,4e-13,4e-10,5e-11,0.0769,27300000000.0,1300000000.0,11.23,-86.49
3.3e-05,2e-05,4e-13,4e-10,1.5e-10,0.0769,27300000000.0,1290000000.0,11.23,-86.66
3.3e-05,2e-05,4e-13,4e-10,2e-10,0.0769,27300000000.0,1300000000.0,11.24,-86.36
3.3e-05,2e-05,4e-13,4e-10,2.5e-10,0.0769,27300000000.0,1300000000.0,11.24,-86.38
3.3e-05,2e-05,4e-13,3e-10,1e-10,0.0769,30700000000.0,1570000000.0,10.53,-90.34
3.3e-05,2e-05,4e-13,3e-10,5e-11,0.0769,30700000000.0,1570000000.0,10.53,-91.74
3.3e-05,2e-05,4e-13,3e-10,1.5e-10,0.0769,30700000000.0,1570000000.0,10.53,-91.33
3.3e-05,2e-05,4e-13,3e-10,2e-10,0.0769,30700000000.0,1570000000.0,10.53,-92.0
3.3e-05,2e-05,4e-13,3.5e-10,1e-10,0.0769,28800000000.0,1410000000.0,10.91,-88.44
3.3e-05,2e-05,4e-13,3.5e-10,5e-11,0.0769,28800000000.0,1420000000.0,10.91,-88.23
3.3e-05,2e-05,4e-13,3.5e-10,2e-10,0.0769,28800000000.0,1410000000.0,10.91,-88.47
3.3e-05,2e-05,4e-13,3.5e-10,2.5e-10,0.0769,28800000000.0,1420000000.0,10.91,-88.43
3.3e-05,2e-05,4e-13,4.5e-10,1e-10,0.0769,26100000000.0,1210000000.0,11.52,-85.23
3.3e-05,2e-05,4e-13,4.5e-10,1.5e-10,0.0769,26100000000.0,1210000000.0,11.52,-85.08
3.3e-05,2e-05,4e-13,4.5e-10,2e-10,0.0769,26100000000.0,1210000000.0,11.52,-82.33
3.3e-05,2e-05,4e-13,5e-10,1e-10,0.0769,25100000000.0,1140000000.0,11.77,-84.63
3.3e-05,2e-05,4e-13,5e-10,5e-11,0.0769,25100000000.0,1130000000.0,11.76,-84.06
3.3e-05,2e-05,4e-13,5e-10,1.5e-10,0.0769,25100000000.0,1140000000.0,11.77,-84.16
3.3e-05,2e-05,4e-13,5e-10,2.5e-10,0.0769,25100000000.0,1130000000.0,11.77,-84.29
3.3e-05,2e-05,6e-13,4e-10,1e-10,0.0769,27300000000.0,1290000000.0,11.23,-86.36
3.3e-05,2e-05,6e-13,4e-10,5e-11,0.0769,27300000000.0,1300000000.0,11.23,-86.35
3.3e-05,2e-05,6e-13,4e-10,1.5e-10,0.0769,27300000000.0,1300000000.0,11.24,-86.66
3.3e-05,2e-05,6e-13,4e-10,2e-10,0.0769,27300000000.0,1300000000.0,11.23,-86.8
3.3e-05,2e-05,6e-13,4e-10,2.5e-10,0.0769,27300000000.0,1310000000.0,11.24,-86.02
3.3e-05,2e-05,6e-13,3e-10,1e-10,0.0769,30700000000.0,1570000000.0,10.53,-91.67
3.3e-05,2e-05,6e-13,3e-10,1.5e-10,0.0769,30700000000.0,1570000000.0,10.53,-91.35
3.3e-05,2e-05,6e-13,3e-10,2e-10,0.0769,30700000000.0,1570000000.0,10.53,-92.98
3.3e-05,2e-05,6e-13,3e-10,2.5e-10,0.0769,30700000000.0,1570000000.0,10.53,-92.05
3.3e-05,2e-05,6e-13,3.5e-10,1e-10,0.0769,28800000000.0,1420000000.0,10.91,-88.58
3.3e-05,2e-05,6e-13,3.5e-10,5e-11,0.0769,28800000000.0,1420000000.0,10.91,-88.76
3.3e-05,2e-05,6e-13,3.5e-10,1.5e-10,0.0769,28800000000.0,1410000000.0,10.91,-82.0
3.3e-05,2e-05,6e-13,3.5e-10,2e-10,0.0769,28800000000.0,1420000000.0,10.91,-87.93
3.3e-05,2e-05,6e-13,3.5e-10,2.5e-10,0.0769,28800000000.0,1410000000.0,10.91,-88.6
3.3e-05,2e-05,6e-13,4.5e-10,1e-10,0.0769,26100000000.0,1210000000.0,11.52,-84.91
3.3e-05,2e-05,6e-13,4.5e-10,5e-11,0.0769,26100000000.0,1210000000.0,11.52,-85.29
3.3e-05,2e-05,6e-13,4.5e-10,1.5e-10,0.0769,26100000000.0,1210000000.0,11.52,-78.93
3.3e-05,2e-05,6e-13,4.5e-10,2e-10,0.0769,26100000000.0,1210000000.0,11.52,-85.78
3.3e-05,2e-05,6e-13,4.5e-10,2.5e-10,0.0769,26100000000.0,1200000000.0,11.52,-85.29
3.3e-05,2e-05,6e-13,5e-10,5e-11,0.0769,25100000000.0,1140000000.0,11.76,-84.27
3.3e-05,2e-05,6e-13,5e-10,1.5e-10,0.0769,25100000000.0,1140000000.0,11.76,-84.14
3.3e-05,2e-05,6e-13,5e-10,2e-10,0.0769,25100000000.0,1140000000.0,11.77,-84.13
3.3e-05,2e-05,6e-13,5e-10,2.5e-10,0.0769,25100000000.0,1130000000.0,11.77,-84.04
3.3e-05,2e-05,7e-13,4e-10,1e-10,0.0769,27300000000.0,1300000000.0,11.24,-86.8
3.3e-05,2e-05,7e-13,4e-10,5e-11,0.0769,27300000000.0,1310000000.0,11.23,-86.48
3.3e-05,2e-05,7e-13,4e-10,1.5e-10,0.0769,27300000000.0,1300000000.0,11.23,-86.29
3.3e-05,2e-05,7e-13,4e-10,2e-10,0.0769,27300000000.0,1300000000.0,11.23,-86.55
3.3e-05,2e-05,7e-13,3e-10,5e-11,0.0769,30700000000.0,1570000000.0,10.53,-91.64
3.3e-05,2e-05,7e-13,3e-10,1.5e-10,0.0769,30700000000.0,1570000000.0,10.53,-91.78
3.3e-05,2e-05,7e-13,3e-10,2e-10,0.0769,30700000000.0,1570000000.0,10.53,-92.06
3.3e-05,2e-05,7e-13,3.5e-10,1e-10,0.0769,28800000000.0,1410000000.0,10.91,-82.89
3.3e-05,2e-05,7e-13,3.5e-10,1.5e-10,0.0769,28800000000.0,1420000000.0,10.91,-89.44
3.3e-05,2e-05,7e-13,3.5e-10,2e-10,0.0769,28800000000.0,1410000000.0,10.91,-87.81
3.3e-05,2e-05,7e-13,3.5e-10,2.5e-10,0.0769,28800000000.0,1420000000.0,10.91,-88.62
3.3e-05,2e-05,7e-13,4.5e-10,1e-10,0.0769,26100000000.0,1210000000.0,11.52,-85.24
3.3e-05,2e-05,7e-13,4.5e-10,5e-11,0.0769,26100000000.0,1210000000.0,11.52,-84.81
3.3e-05,2e-05,7e-13,4.5e-10,1.5e-10,0.0769,26100000000.0,1200000000.0,11.52,-85.28
3.3e-05,2e-05,7e-13,4.5e-10,2e-10,0.0769,26100000000.0,1210000000.0,11.52,-85.07
3.3e-05,2e-05,7e-13,4.5e-10,2.5e-10,0.0769,26100000000.0,1220000000.0,11.52,-85.14
3.3e-05,2e-05,7e-13,5e-10,1e-10,0.0769,25100000000.0,1130000000.0,11.77,-84.75
3.3e-05,2e-05,7e-13,5e-10,1.5e-10,0.0769,25100000000.0,1130000000.0,11.77,-84.22
3.3e-05,2e-05,7e-13,5e-10,2e-10,0.0769,25100000000.0,1140000000.0,11.77,-87.52
3.3e-05,2e-05,7e-13,5e-10,2.5e-10,0.0769,25100000000.0,1130000000.0,11.77,-84.53
3.3e-05,2.1e-05,5e-13,4e-10,1e-10,0.0769,27200000000.0,1290000000.0,11.21,-86.57
3.3e-05,2.1e-05,5e-13,4e-10,5e-11,0.0769,27200000000.0,1280000000.0,11.22,-83.98
3.3e-05,2.1e-05,5e-13,4e-10,1.5e-10,0.0769,27200000000.0,1280000000.0,11.21,-84.74
3.3e-05,2.1e-05,5e-13,4e-10,2e-10,0.0769,27200000000.0,1280000000.0,11.21,-86.18
3.3e-05,2.1e-05,5e-13,4e-10,2.5e-10,0.0769,27200000000.0,1280000000.0,11.21,-84.62
3.3e-05,2.1e-05,5e-13,3e-10,1e-10,0.0769,30600000000.0,1540000000.0,10.5,-90.98
3.3e-05,2.1e-05,5e-13,3e-10,5e-11,0.0769,30600000000.0,1540000000.0,10.5,-91.23
3.3e-05,2.1e-05,5e-13,3e-10,1.5e-10,0.0769,30600000000.0,1540000000.0,10.5,-91.46
3.3e-05,2.1e-05,5e-13,3e-10,2e-10,0.0769,30600000000.0,1540000000.0,10.5,-91.31
3.3e-05,2.1e-05,5e-13,3e-10,2.5e-10,0.0769,30600000000.0,1540000000.0,10.5,-91.72
3.3e-05,2.1e-05,5e-13,3.5e-10,1e-10,0.0769,28700000000.0,1380000000.0,10.89,-88.67
3.3e-05,2.1e-05,5e-13,3.5e-10,5e-11,0.0769,28700000000.0,1380000000.0,10.89,-88.5
3.3e-05,2.1e-05,5e-13,3.5e-10,1.5e-10,0.0769,28700000000.0,1380000000.0,10.89,-88.64
3.3e-05,2.1e-05,5e-13,3.5e-10,2e-10,0.0769,28700000000.0,1390000000.0,10.89,-88.08
3.3e-05,2.1e-05,5e-13,3.5e-10,2.5e-10,0.0769,28700000000.0,1390000000.0,10.89,-87.93
3.3e-05,2.1e-05,5e-13,4.5e-10,1e-10,0.0769,26000000000.0,1190000000.0,11.5,-84.61
3.3e-05,2.1e-05,5e-13,4.5e-10,5e-11,0.0769,26000000000.0,1190000000.0,11.5,-85.17
3.3e-05,2.1e-05,5e-13,4.5e-10,1.5e-10,0.0769,26000000000.0,1200000000.0,11.5,-84.94
3.3e-05,2.1e-05,5e-13,4.5e-10,2e-10,0.0769,26000000000.0,1190000000.0,11.5,-85.05
3.3e-05,2.1e-05,5e-13,4.5e-10,2.5e-10,0.0769,26000000000.0,1190000000.0,11.5,-85.91
3.3e-05,2.1e-05,5e-13,5e-10,1e-10,0.0769,25000000000.0,1120000000.0,11.75,-84.37
3.3e-05,2.1e-05,5e-13,5e-10,5e-11,0.0769,25000000000.0,1120000000.0,11.75,-84.07
3.3e-05,2.1e-05,5e-13,5e-10,1.5e-10,0.0769,25000000000.0,1120000000.0,11.75,-84.0
3.3e-05,2.1e-05,5e-13,5e-10,2e-10,0.0769,25000000000.0,1130000000.0,11.75,-84.25
3.3e-05,2.1e-05,5e-13,5e-10,2.5e-10,0.0769,25000000000.0,1110000000.0,11.75,-84.16
3.3e-05,2.1e-05,3e-13,4e-10,1e-10,0.0769,27200000000.0,1280000000.0,11.22,-86.27
3.3e-05,2.1e-05,3e-13,4e-10,5e-11,0.0769,27200000000.0,1280000000.0,11.21,-86.28
3.3e-05,2.1e-05,3e-13,4e-10,1.5e-10,0.0769,27200000000.0,1280000000.0,11.22,-86.18
3.3e-05,2.1e-05,3e-13,4e-10,2e-10,0.0769,27200000000.0,1280000000.0,11.21,-86.26
3.3e-05,2.1e-05,3e-13,4e-10,2.5e-10,0.0769,27200000000.0,1290000000.0,11.21,-85.88
3.3e-05,2.1e-05,3e-13,3e-10,1e-10,0.0769,30600000000.0,1540000000.0,10.5,-91.32
3.3e-05,2.1e-05,3e-13,3e-10,5e-11,0.0769,30600000000.0,1540000000.0,10.5,-91.35
3.3e-05,2.1e-05,3e-13,3e-10,1.5e-10,0.0769,30600000000.0,1540000000.0,10.5,-91.38
3.3e-05,2.1e-05,3e-13,3e-10,2.5e-10,0.0769,30600000000.0,1540000000.0,10.5,-91.3
3.3e-05,2.1e-05,3e-13,3.5e-10,1e-10,0.0769,28700000000.0,1390000000.0,10.89,-88.0
3.3e-05,2.1e-05,3e-13,3.5e-10,5e-11,0.0769,28700000000.0,1390000000.0,10.89,-87.66
3.3e-05,2.1e-05,3e-13,3.5e-10,1.5e-10,0.0769,28700000000.0,1390000000.0,10.89,-88.6
3.3e-05,2.1e-05,3e-13,3.5e-10,2e-10,0.0769,28700000000.0,1390000000.0,10.89,-88.25
3.3e-05,2.1e-05,3e-13,3.5e-10,2.5e-10,0.0769,28700000000.0,1390000000.0,10.89,-87.77
3.3e-05,2.1e-05,3e-13,4.5e-10,1e-10,0.0769,26000000000.0,1180000000.0,11.5,-85.22
3.3e-05,2.1e-05,3e-13,4.5e-10,5e-11,0.0769,26000000000.0,1190000000.0,11.5,-85.03
3.3e-05,2.1e-05,3e-13,4.5e-10,1.5e-10,0.0769,26000000000.0,1190000000.0,11.5,-87.27
3.3e-05,2.1e-05,3e-13,4.5e-10,2e-10,0.0769,26000000000.0,1190000000.0,11.5,-85.13
3.3e-05,2.1e-05,3e-13,4.5e-10,2.5e-10,0.0769,26000000000.0,1190000000.0,11.5,-84.97
3.3e-05,2.1e-05,3e-13,5e-10,1e-10,0.0769,25100000000.0,1120000000.0,11.75,-84.39
3.3e-05,2.1e-05,3e-13,5e-10,5e-11,0.0769,25100000000.0,1120000000.0,11.75,-84.6
3.3e-05,2.1e-05,3e-13,5e-10,1.5e-10,0.0769,25000000000.0,1120000000.0,11.75,-85.56
3.3e-05,2.1e-05,3e-13,5e-10,2e-10,0.0769,25000000000.0,1120000000.0,11.75,-84.42
3.3e-05,2.1e-05,3e-13,5e-10,2.5e-10,0.0769,25000000000.0,1120000000.0,11.75,-84.33
3.3e-05,2.1e-05,4e-13,4e-10,1e-10,0.0769,27200000000.0,1270000000.0,11.21,-86.14
3.3e-05,2.1e-05,4e-13,4e-10,5e-11,0.0769,27200000000.0,1270000000.0,11.21,-86.34
3.3e-05,2.1e-05,4e-13,4e-10,1.5e-10,0.0769,27200000000.0,1280000000.0,11.21,-86.08
3.3e-05,2.1e-05,4e-13,4e-10,2e-10,0.0769,27200000000.0,1280000000.0,11.21,-86.24
3.3e-05,2.1e-05,4e-13,4e-10,2.5e-10,0.0769,27200000000.0,1280000000.0,11.22,-86.19
3.3e-05,2.1e-05,4e-13,3e-10,1e-10,0.0769,30600000000.0,1540000000.0,10.5,-91.02
3.3e-05,2.1e-05,4e-13,3e-10,5e-11,0.0769,30600000000.0,1540000000.0,10.5,-90.23
3.3e-05,2.1e-05,4e-13,3e-10,2e-10,0.0769,30600000000.0,1540000000.0,10.5,-91.37
3.3e-05,2.1e-05,4e-13,3e-10,2.5e-10,0.0769,30600000000.0,1540000000.0,10.5,-91.03
3.3e-05,2.1e-05,4e-13,3.5e-10,1e-10,0.0769,28700000000.0,1390000000.0,10.89,-88.27
3.3e-05,2.1e-05,4e-13,3.5e-10,5e-11,0.0769,28700000000.0,1400000000.0,10.89,-87.97
3.3e-05,2.1e-05,4e-13,3.5e-10,1.5e-10,0.0769,28700000000.0,1390000000.0,10.89,-85.51
3.3e-05,2.1e-05,4e-13,3.5e-10,2e-10,0.0769,28700000000.0,1390000000.0,10.89,-85.55
3.3e-05,2.1e-05,4e-13,3.5e-10,2.5e-10,0.0769,28700000000.0,1390000000.0,10.89,-88.28
3.3e-05,2.1e-05,4e-13,4.5e-10,1e-10,0.0769,26000000000.0,1190000000.0,11.5,-85.07
3.3e-05,2.1e-05,4e-13,4.5e-10,1.5e-10,0.0769,26000000000.0,1190000000.0,11.5,-84.98
3.3e-05,2.1e-05,4e-13,4.5e-10,2e-10,0.0769,26000000000.0,1190000000.0,11.5,-87.87
3.3e-05,2.1e-05,4e-13,4.5e-10,2.5e-10,0.0769,26000000000.0,1180000000.0,11.5,-85.3
3.3e-05,2.1e-05,4e-13,5e-10,1e-10,0.0769,25000000000.0,1120000000.0,11.75,-84.04
3.3e-05,2.1e-05,4e-13,5e-10,5e-11,0.0769,25000000000.0,1120000000.0,11.75,-84.45
3.3e-05,2.1e-05,4e-13,5e-10,2e-10,0.0769,25000000000.0,1120000000.0,11.75,-84.34
3.3e-05,2.1e-05,4e-13,5e-10,2.5e-10,0.0769,25000000000.0,1120000000.0,11.75,-83.99
3.3e-05,2.1e-05,6e-13,4e-10,1e-10,0.0769,27200000000.0,1270000000.0,11.21,-86.39
3.3e-05,2.1e-05,6e-13,4e-10,5e-11,0.0769,27200000000.0,1280000000.0,11.21,-86.29
3.3e-05,2.1e-05,6e-13,4e-10,1.5e-10,0.0769,27200000000.0,1280000000.0,11.21,-86.38
3.3e-05,2.1e-05,6e-13,4e-10,2e-10,0.0769,27200000000.0,1290000000.0,11.21,-86.35
3.3e-05,2.1e-05,6e-13,4e-10,2.5e-10,0.0769,27200000000.0,1280000000.0,11.21,-86.37
3.3e-05,2.1e-05,6e-13,3e-10,1e-10,0.0769,30600000000.0,1540000000.0,10.5,-90.34
3.3e-05,2.1e-05,6e-13,3e-10,2e-10,0.0769,30600000000.0,1540000000.0,10.5,-90.3
3.3e-05,2.1e-05,6e-13,3.5e-10,5e-11,0.0769,28700000000.0,1390000000.0,10.89,-88.09
3.3e-05,2.1e-05,6e-13,3.5e-10,2e-10,0.0769,28700000000.0,1390000000.0,10.89,-88.87
3.3e-05,2.1e-05,6e-13,3.5e-10,2.5e-10,0.0769,28700000000.0,1390000000.0,10.89,-88.05
3.3e-05,2.1e-05,6e-13,4.5e-10,1e-10,0.0769,26000000000.0,1190000000.0,11.5,-85.08
3.3e-05,2.1e-05,6e-13,4.5e-10,5e-11,0.0769,26000000000.0,1190000000.0,11.5,-84.93
3.3e-05,2.1e-05,6e-13,4.5e-10,1.5e-10,0.0769,26000000000.0,1190000000.0,11.5,-84.96
3.3e-05,2.1e-05,6e-13,4.5e-10,2e-10,0.0769,26000000000.0,1190000000.0,11.5,-84.87
3.3e-05,2.1e-05,6e-13,4.5e-10,2.5e-10,0.0769,26000000000.0,1180000000.0,11.5,-85.19
3.3e-05,2.1e-05,6e-13,5e-10,1e-10,0.0769,25000000000.0,1120000000.0,11.75,-84.2
3.3e-05,2.1e-05,6e-13,5e-10,5e-11,0.0769,25000000000.0,1120000000.0,11.75,-84.44
3.3e-05,2.1e-05,6e-13,5e-10,1.5e-10,0.0769,25000000000.0,1110000000.0,11.75,-84.2
3.3e-05,2.1e-05,6e-13,5e-10,2e-10,0.0769,25000000000.0,1120000000.0,11.75,-84.41
3.3e-05,2.1e-05,6e-13,5e-10,2.5e-10,0.0769,25000000000.0,1110000000.0,11.75,-84.33
3.3e-05,2.1e-05,7e-13,4e-10,1e-10,0.0769,27200000000.0,1280000000.0,11.22,-86.22
3.3e-05,2.1e-05,7e-13,4e-10,5e-11,0.0769,27200000000.0,1280000000.0,11.21,-87.11
3.3e-05,2.1e-05,7e-13,4e-10,1.5e-10,0.0769,27200000000.0,1270000000.0,11.21,-86.33
3.3e-05,2.1e-05,7e-13,4e-10,2e-10,0.0769,27200000000.0,1280000000.0,11.21,-86.43
3.3e-05,2.1e-05,7e-13,4e-10,2.5e-10,0.0769,27200000000.0,1280000000.0,11.22,-84.28
3.3e-05,2.1e-05,7e-13,3e-10,1e-10,0.0769,30600000000.0,1540000000.0,10.5,-91.41
3.3e-05,2.1e-05,7e-13,3e-10,5e-11,0.0769,30600000000.0,1540000000.0,10.5,-91.39
3.3e-05,2.1e-05,7e-13,3e-10,2e-10,0.0769,30600000000.0,1540000000.0,10.5,-91.48
3.3e-05,2.1e-05,7e-13,3e-10,2.5e-10,0.0769,30600000000.0,1540000000.0,10.5,-91.44
3.3e-05,2.1e-05,7e-13,3.5e-10,1e-10,0.0769,28700000000.0,1390000000.0,10.89,-88.1
3.3e-05,2.1e-05,7e-13,3.5e-10,2e-10,0.0769,28700000000.0,1390000000.0,10.89,-88.2
3.3e-05,2.1e-05,7e-13,3.5e-10,2.5e-10,0.0769,28700000000.0,1390000000.0,10.89,-88.22
3.3e-05,2.1e-05,7e-13,4.5e-10,1e-10,0.0769,26000000000.0,1190000000.0,11.5,-85.11
3.3e-05,2.1e-05,7e-13,4.5e-10,5e-11,0.0769,26000000000.0,1190000000.0,11.5,-85.1
3.3e-05,2.1e-05,7e-13,4.5e-10,1.5e-10,0.0769,26000000000.0,1190000000.0,11.5,-85.06
3.3e-05,2.1e-05,7e-13,4.5e-10,2e-10,0.0769,26000000000.0,1190000000.0,11.5,-85.16
3.3e-05,2.1e-05,7e-13,5e-10,1e-10,0.0769,25000000000.0,1110000000.0,11.75,-84.26
3.3e-05,2.1e-05,7e-13,5e-10,5e-11,0.0769,25000000000.0,1120000000.0,11.75,-84.58
3.3e-05,2.1e-05,7e-13,5e-10,1.5e-10,0.0769,25000000000.0,1110000000.0,11.75,-84.42
3.3e-05,2.1e-05,7e-13,5e-10,2e-10,0.0769,25000000000.0,1120000000.0,11.75,-84.29
3.3e-05,2.1e-05,7e-13,5e-10,2.5e-10,0.0769,25000000000.0,1120000000.0,11.75,-84.46
3.3e-05,2.2e-05,5e-13,4e-10,1e-10,0.0769,27200000000.0,1250000000.0,11.19,-86.0
3.3e-05,2.2e-05,5e-13,4e-10,5e-11,0.0769,27200000000.0,1250000000.0,11.19,-85.6
3.3e-05,2.2e-05,5e-13,4e-10,1.5e-10,0.0769,27200000000.0,1240000000.0,11.19,-86.13
3.3e-05,2.2e-05,5e-13,4e-10,2e-10,0.0769,27200000000.0,1240000000.0,11.19,-86.1
3.3e-05,2.2e-05,5e-13,4e-10,2.5e-10,0.0769,27200000000.0,1240000000.0,11.19,-86.17
3.3e-05,2.2e-05,5e-13,3e-10,1e-10,0.0769,30600000000.0,1500000000.0,10.47,-90.92
3.3e-05,2.2e-05,5e-13,3e-10,5e-11,0.0769,30600000000.0,1500000000.0,10.47,-90.88
3.3e-05,2.2e-05,5e-13,3e-10,1.5e-10,0.0769,30600000000.0,1490000000.0,10.46,-91.03
3.3e-05,2.2e-05,5e-13,3e-10,2e-10,0.0769,30600000000.0,1500000000.0,10.46,-91.1
3.3e-05,2.2e-05,5e-13,3e-10,2.5e-10,0.0769,30600000000.0,1490000000.0,10.46,-91.12
3.3e-05,2.2e-05,5e-13,3.5e-10,1e-10,0.0769,28600000000.0,1360000000.0,10.86,-88.06
3.3e-05,2.2e-05,5e-13,3.5e-10,5e-11,0.0769,28600000000.0,1350000000.0,10.86,-88.29
3.3e-05,2.2e-05,5e-13,3.5e-10,1.5e-10,0.0769,28600000000.0,1350000000.0,10.86,-88.28
3.3e-05,2.2e-05,5e-13,3.5e-10,2e-10,0.0769,28600000000.0,1360000000.0,10.86,-87.82
3.3e-05,2.2e-05,5e-13,3.5e-10,2.5e-10,0.0769,28600000000.0,1360000000.0,10.86,-88.08
3.3e-05,2.2e-05,5e-13,4.5e-10,1e-10,0.0769,26000000000.0,1170000000.0,11.48,-84.89
3.3e-05,2.2e-05,5e-13,4.5e-10,5e-11,0.0769,26000000000.0,1160000000.0,11.48,-84.99
3.3e-05,2.2e-05,5e-13,4.5e-10,1.5e-10,0.0769,26000000000.0,1170000000.0,11.48,-85.8
3.3e-05,2.2e-05,5e-13,4.5e-10,2e-10,0.0769,26000000000.0,1160000000.0,11.48,-83.72
3.3e-05,2.2e-05,5e-13,4.5e-10,2.5e-10,0.0769,26000000000.0,1160000000.0,11.48,-84.82
3.3e-05,2.2e-05,5e-13,5e-10,1e-10,0.0769,25000000000.0,1090000000.0,11.73,-83.86
3.3e-05,2.2e-05,5e-13,5e-10,5e-11,0.0769,25000000000.0,1090000000.0,11.73,-84.05
3.3e-05,2.2e-05,5e-13,5e-10,1.5e-10,0.0769,25000000000.0,1090000000.0,11.73,-84.24
3.3e-05,2.2e-05,5e-13,5e-10,2e-10,0.0769,25000000000.0,1090000000.0,11.73,-84.08
3.3e-05,2.2e-05,3e-13,4e-10,1e-10,0.0769,27200000000.0,1250000000.0,11.19,-86.08
3.3e-05,2.2e-05,3e-13,4e-10,5e-11,0.0769,27200000000.0,1250000000.0,11.19,-85.82
3.3e-05,2.2e-05,3e-13,4e-10,2e-10,0.0769,27200000000.0,1250000000.0,11.19,-86.31
3.3e-05,2.2e-05,3e-13,4e-10,2.5e-10,0.0769,27200000000.0,1250000000.0,11.19,-86.9
3.3e-05,2.2e-05,3e-13,3e-10,1e-10,0.0769,30600000000.0,1500000000.0,10.46,-91.11
3.3e-05,2.2e-05,3e-13,3e-10,5e-11,0.0769,30600000000.0,1500000000.0,10.46,-90.59
3.3e-05,2.2e-05,3e-13,3e-10,1.5e-10,0.0769,30600000000.0,1500000000.0,10.46,-90.64
3.3e-05,2.2e-05,3e-13,3e-10,2e-10,0.0769,30600000000.0,1500000000.0,10.47,-90.74
3.3e-05,2.2e-05,3e-13,3e-10,2.5e-10,0.0769,30600000000.0,1500000000.0,10.46,-90.88
3.3e-05,2.2e-05,3e-13,3.5e-10,1e-10,0.0769,28700000000.0,1360000000.0,10.86,-87.77
3.3e-05,2.2e-05,3e-13,3.5e-10,5e-11,0.0769,28700000000.0,1360000000.0,10.86,-88.05
3.3e-05,2.2e-05,3e-13,3.5e-10,1.5e-10,0.0769,28700000000.0,1360000000.0,10.86,-85.25
3.3e-05,2.2e-05,3e-13,3.5e-10,2e-10,0.0769,28700000000.0,1350000000.0,10.86,-87.69
3.3e-05,2.2e-05,3e-13,3.5e-10,2.5e-10,0.0769,28700000000.0,1350000000.0,10.86,-87.64
3.3e-05,2.2e-05,3e-13,4.5e-10,1e-10,0.0769,26000000000.0,1160000000.0,11.48,-84.78
3.3e-05,2.2e-05,3e-13,4.5e-10,5e-11,0.0769,26000000000.0,1160000000.0,11.48,-85.11
3.3e-05,2.2e-05,3e-13,4.5e-10,1.5e-10,0.0769,26000000000.0,1160000000.0,11.48,-84.67
3.3e-05,2.2e-05,3e-13,4.5e-10,2e-10,0.0769,26000000000.0,1160000000.0,11.48,-84.7
3.3e-05,2.2e-05,3e-13,4.5e-10,2.5e-10,0.0769,26000000000.0,1170000000.0,11.48,-84.86
3.3e-05,2.2e-05,3e-13,5e-10,1e-10,0.0769,25000000000.0,1100000000.0,11.73,-84.15
3.3e-05,2.2e-05,3e-13,5e-10,1.5e-10,0.0769,25000000000.0,1100000000.0,11.73,-85.0
3.3e-05,2.2e-05,3e-13,5e-10,2e-10,0.0769,25000000000.0,1090000000.0,11.73,-83.78
3.3e-05,2.2e-05,3e-13,5e-10,2.5e-10,0.0769,25000000000.0,1100000000.0,11.73,-83.94
3.3e-05,2.2e-05,4e-13,4e-10,1e-10,0.0769,27200000000.0,1250000000.0,11.19,-86.2
3.3e-05,2.2e-05,4e-13,4e-10,5e-11,0.0769,27200000000.0,1250000000.0,11.19,-86.09
3.3e-05,2.2e-05,4e-13,3e-10,1e-10,0.0769,30600000000.0,1500000000.0,10.46,-90.97
3.3e-05,2.2e-05,4e-13,3e-10,5e-11,0.0769,30600000000.0,1500000000.0,10.47,-90.62
3.3e-05,2.2e-05,4e-13,3e-10,1.5e-10,0.0769,30600000000.0,1500000000.0,10.46,-91.12
3.3e-05,2.2e-05,4e-13,3e-10,2e-10,0.0769,30600000000.0,1500000000.0,10.47,-90.95
3.3e-05,2.2e-05,4e-13,3e-10,2.5e-10,0.0769,30600000000.0,1500000000.0,10.46,-91.08
3.3e-05,2.2e-05,4e-13,3.5e-10,1e-10,0.0769,28600000000.0,1360000000.0,10.86,-87.43
3.3e-05,2.2e-05,4e-13,3.5e-10,5e-11,0.0769,28700000000.0,1360000000.0,10.86,-87.98
3.3e-05,2.2e-05,4e-13,3.5e-10,1.5e-10,0.0769,28600000000.0,1360000000.0,10.86,-87.83
3.3e-05,2.2e-05,4e-13,3.5e-10,2e-10,0.0769,28600000000.0,1350000000.0,10.86,-88.04
3.3e-05,2.2e-05,4e-13,3.5e-10,2.5e-10,0.0769,28600000000.0,1350000000.0,10.86,-87.96
3.3e-05,2.2e-05,4e-13,4.5e-10,1e-10,0.0769,26000000000.0,1150000000.0,11.48,-85.07
3.3e-05,2.2e-05,4e-13,4.5e-10,5e-11,0.0769,26000000000.0,1160000000.0,11.48,-85.08
3.3e-05,2.2e-05,4e-13,4.5e-10,1.5e-10,0.0769,26000000000.0,1160000000.0,11.48,-84.9
3.3e-05,2.2e-05,4e-13,4.5e-10,2e-10,0.0769,26000000000.0,1160000000.0,11.48,-84.96
3.3e-05,2.2e-05,4e-13,4.5e-10,2.5e-10,0.0769,26000000000.0,1170000000.0,11.48,-84.95
3.3e-05,2.2e-05,4e-13,5e-10,1e-10,0.0769,25000000000.0,1100000000.0,11.73,-84.2
3.3e-05,2.2e-05,4e-13,5e-10,5e-11,0.0769,25000000000.0,1090000000.0,11.73,-83.89
3.3e-05,2.2e-05,4e-13,5e-10,1.5e-10,0.0769,25000000000.0,1100000000.0,11.73,-84.26
3.3e-05,2.2e-05,4e-13,5e-10,2.5e-10,0.0769,25000000000.0,1100000000.0,11.73,-84.22
3.3e-05,2.2e-05,6e-13,4e-10,1e-10,0.0769,27200000000.0,1240000000.0,11.19,-86.42
3.3e-05,2.2e-05,6e-13,4e-10,5e-11,0.0769,27200000000.0,1250000000.0,11.19,-86.44
3.3e-05,2.2e-05,6e-13,4e-10,1.5e-10,0.0769,27200000000.0,1250000000.0,11.19,-86.05
3.3e-05,2.2e-05,6e-13,4e-10,2e-10,0.0769,27200000000.0,1250000000.0,11.19,-85.99
3.3e-05,2.2e-05,6e-13,4e-10,2.5e-10,0.0769,27200000000.0,1240000000.0,11.19,-86.34
3.3e-05,2.2e-05,6e-13,3e-10,1e-10,0.0769,30600000000.0,1500000000.0,10.46,-91.03
3.3e-05,2.2e-05,6e-13,3e-10,5e-11,0.0769,30600000000.0,1490000000.0,10.46,-90.9
3.3e-05,2.2e-05,6e-13,3e-10,1.5e-10,0.0769,30600000000.0,1490000000.0,10.46,-91.5
3.3e-05,2.2e-05,6e-13,3e-10,2e-10,0.0769,30600000000.0,1490000000.0,10.46,-90.85
3.3e-05,2.2e-05,6e-13,3e-10,2.5e-10,0.0769,30600000000.0,1490000000.0,10.46,-91.08
3.3e-05,2.2e-05,6e-13,3.5e-10,1e-10,0.0769,28600000000.0,1360000000.0,10.86,-87.8
3.3e-05,2.2e-05,6e-13,3.5e-10,5e-11,0.0769,28600000000.0,1350000000.0,10.86,-87.94
3.3e-05,2.2e-05,6e-13,3.5e-10,2e-10,0.0769,28600000000.0,1350000000.0,10.86,-88.09
3.3e-05,2.2e-05,6e-13,3.5e-10,2.5e-10,0.0769,28600000000.0,1360000000.0,10.86,-87.68
3.3e-05,2.2e-05,6e-13,4.5e-10,1e-10,0.0769,26000000000.0,1170000000.0,11.48,-84.74
3.3e-05,2.2e-05,6e-13,4.5e-10,5e-11,0.0769,26000000000.0,1160000000.0,11.48,-84.73
3.3e-05,2.2e-05,6e-13,4.5e-10,1.5e-10,0.0769,26000000000.0,1160000000.0,11.48,-85.09
3.3e-05,2.2e-05,6e-13,4.5e-10,2e-10,0.0769,26000000000.0,1160000000.0,11.48,-84.79
3.3e-05,2.2e-05,6e-13,4.5e-10,2.5e-10,0.0769,26000000000.0,1160000000.0,11.48,-84.81
3.3e-05,2.2e-05,6e-13,5e-10,1e-10,0.0769,25000000000.0,1090000000.0,11.73,-84.15
3.3e-05,2.2e-05,6e-13,5e-10,5e-11,0.0769,25000000000.0,1090000000.0,11.73,-84.09
3.3e-05,2.2e-05,6e-13,5e-10,1.5e-10,0.0769,25000000000.0,1090000000.0,11.73,-83.8
3.3e-05,2.2e-05,6e-13,5e-10,2e-10,0.0769,25000000000.0,1100000000.0,11.73,-84.27
3.3e-05,2.2e-05,6e-13,5e-10,2.5e-10,0.0769,25000000000.0,1090000000.0,11.73,-84.14
3.3e-05,2.2e-05,7e-13,4e-10,1e-10,0.0769,27200000000.0,1250000000.0,11.19,-86.24
3.3e-05,2.2e-05,7e-13,4e-10,5e-11,0.0769,27200000000.0,1260000000.0,11.19,-85.96
3.3e-05,2.2e-05,7e-13,4e-10,1.5e-10,0.0769,27200000000.0,1260000000.0,11.19,-85.76
3.3e-05,2.2e-05,7e-13,4e-10,2e-10,0.0769,27200000000.0,1250000000.0,11.19,-86.01
3.3e-05,2.2e-05,7e-13,4e-10,2.5e-10,0.0769,27200000000.0,1240000000.0,11.19,-86.15
3.3e-05,2.2e-05,7e-13,3e-10,5e-11,0.0769,30600000000.0,1500000000.0,10.46,-90.87
3.3e-05,2.2e-05,7e-13,3e-10,1.5e-10,0.0769,30600000000.0,1500000000.0,10.46,-90.79
3.3e-05,2.2e-05,7e-13,3e-10,2e-10,0.0769,30600000000.0,1500000000.0,10.46,-90.62
3.3e-05,2.2e-05,7e-13,3e-10,2.5e-10,0.0769,30600000000.0,1490000000.0,10.46,-91.78
3.3e-05,2.2e-05,7e-13,3.5e-10,1e-10,0.0769,28600000000.0,1360000000.0,10.86,-87.79
3.3e-05,2.2e-05,7e-13,3.5e-10,5e-11,0.0769,28600000000.0,1350000000.0,10.86,-88.06
3.3e-05,2.2e-05,7e-13,3.5e-10,2e-10,0.0769,28600000000.0,1360000000.0,10.86,-88.37
3.3e-05,2.2e-05,7e-13,3.5e-10,2.5e-10,0.0769,28600000000.0,1360000000.0,10.86,-88.97
3.3e-05,2.2e-05,7e-13,4.5e-10,1e-10,0.0769,26000000000.0,1170000000.0,11.48,-84.9
3.3e-05,2.2e-05,7e-13,4.5e-10,5e-11,0.0769,26000000000.0,1160000000.0,11.48,-84.72
3.3e-05,2.2e-05,7e-13,4.5e-10,1.5e-10,0.0769,26000000000.0,1160000000.0,11.48,-84.75
3.3e-05,2.2e-05,7e-13,4.5e-10,2e-10,0.0769,26000000000.0,1160000000.0,11.48,-84.95
3.3e-05,2.2e-05,7e-13,4.5e-10,2.5e-10,0.0769,26000000000.0,1160000000.0,11.48,-85.32
3.3e-05,2.2e-05,7e-13,5e-10,1e-10,0.0769,25000000000.0,1090000000.0,11.73,-83.94
3.3e-05,2.2e-05,7e-13,5e-10,1.5e-10,0.0769,25000000000.0,1090000000.0,11.73,-83.64
3.3e-05,2.2e-05,7e-13,5e-10,2.5e-10,0.0769,25000000000.0,1090000000.0,11.73,-84.22
3.3e-05,2.3e-05,5e-13,4e-10,1e-10,0.0769,27100000000.0,1220000000.0,11.16,-85.84
3.3e-05,2.3e-05,5e-13,4e-10,5e-11,0.0769,27100000000.0,1220000000.0,11.16,-85.91
3.3e-05,2.3e-05,5e-13,4e-10,1.5e-10,0.0769,27100000000.0,1210000000.0,11.16,-85.92
3.3e-05,2.3e-05,5e-13,4e-10,2e-10,0.0769,27100000000.0,1210000000.0,11.16,-85.95
3.3e-05,2.3e-05,5e-13,4e-10,2.5e-10,0.0769,27100000000.0,1210000000.0,11.16,-85.33
3.3e-05,2.3e-05,5e-13,3e-10,1e-10,0.0769,30500000000.0,1450000000.0,10.43,-90.89
3.3e-05,2.3e-05,5e-13,3e-10,5e-11,0.0769,30500000000.0,1440000000.0,10.43,-90.68
3.3e-05,2.3e-05,5e-13,3e-10,1.5e-10,0.0769,30500000000.0,1450000000.0,10.43,-90.65
3.3e-05,2.3e-05,5e-13,3e-10,2e-10,0.0769,30500000000.0,1450000000.0,10.43,-90.66
3.3e-05,2.3e-05,5e-13,3e-10,2.5e-10,0.0769,30500000000.0,1440000000.0,10.43,-90.79
3.3e-05,2.3e-05,5e-13,3.5e-10,1e-10,0.0769,28600000000.0,1310000000.0,10.83,-87.75
3.3e-05,2.3e-05,5e-13,3.5e-10,5e-11,0.0769,28600000000.0,1310000000.0,10.83,-87.71
3.3e-05,2.3e-05,5e-13,3.5e-10,1.5e-10,0.0769,28600000000.0,1320000000.0,10.83,-87.78
3.3e-05,2.3e-05,5e-13,3.5e-10,2e-10,0.0769,28600000000.0,1310000000.0,10.83,-87.26
3.3e-05,2.3e-05,5e-13,3.5e-10,2.5e-10,0.0769,28600000000.0,1310000000.0,10.83,-87.59
3.3e-05,2.3e-05,5e-13,4.5e-10,1e-10,0.0769,25900000000.0,1130000000.0,11.45,-84.88
3.3e-05,2.3e-05,5e-13,4.5e-10,5e-11,0.0769,25900000000.0,1140000000.0,11.45,-84.75
3.3e-05,2.3e-05,5e-13,4.5e-10,1.5e-10,0.0769,25900000000.0,1130000000.0,11.45,-83.86
3.3e-05,2.3e-05,5e-13,4.5e-10,2e-10,0.0769,25900000000.0,1120000000.0,11.45,-84.92
3.3e-05,2.3e-05,5e-13,4.5e-10,2.5e-10,0.0769,25900000000.0,1130000000.0,11.45,-84.86
3.3e-05,2.3e-05,5e-13,5e-10,1e-10,0.0769,24900000000.0,1070000000.0,11.7,-83.54
3.3e-05,2.3e-05,5e-13,5e-10,5e-11,0.0769,24900000000.0,1060000000.0,11.7,-83.76
3.3e-05,2.3e-05,5e-13,5e-10,1.5e-10,0.0769,24900000000.0,1060000000.0,11.7,-84.08
3.3e-05,2.3e-05,5e-13,5e-10,2e-10,0.0769,24900000000.0,1060000000.0,11.7,-84.21
3.3e-05,2.3e-05,5e-13,5e-10,2.5e-10,0.0769,24900000000.0,1070000000.0,11.7,-84.78
3.3e-05,2.3e-05,3e-13,4e-10,1e-10,0.0769,27100000000.0,1220000000.0,11.16,-85.69
3.3e-05,2.3e-05,3e-13,4e-10,5e-11,0.0769,27100000000.0,1220000000.0,11.16,-86.1
3.3e-05,2.3e-05,3e-13,4e-10,1.5e-10,0.0769,27100000000.0,1220000000.0,11.16,-85.92
3.3e-05,2.3e-05,3e-13,4e-10,2e-10,0.0769,27100000000.0,1210000000.0,11.16,-86.22
3.3e-05,2.3e-05,3e-13,4e-10,2.5e-10,0.0769,27100000000.0,1220000000.0,11.16,-85.89
3.3e-05,2.3e-05,3e-13,3e-10,1e-10,0.0769,30500000000.0,1450000000.0,10.43,-90.71
3.3e-05,2.3e-05,3e-13,3e-10,5e-11,0.0769,30500000000.0,1450000000.0,10.43,-90.74
3.3e-05,2.3e-05,3e-13,3e-10,1.5e-10,0.0769,30500000000.0,1450000000.0,10.43,-90.59
3.3e-05,2.3e-05,3e-13,3e-10,2e-10,0.0769,30500000000.0,1450000000.0,10.43,-91.12
3.3e-05,2.3e-05,3e-13,3e-10,2.5e-10,0.0769,30500000000.0,1450000000.0,10.43,-90.46
3.3e-05,2.3e-05,3e-13,3.5e-10,1e-10,0.0769,28600000000.0,1320000000.0,10.83,-87.57
3.3e-05,2.3e-05,3e-13,3.5e-10,5e-11,0.0769,28600000000.0,1310000000.0,10.83,-87.47
3.3e-05,2.3e-05,3e-13,3.5e-10,1.5e-10,0.0769,28600000000.0,1310000000.0,10.83,-87.16
3.3e-05,2.3e-05,3e-13,3.5e-10,2e-10,0.0769,28600000000.0,1310000000.0,10.83,-87.5
3.3e-05,2.3e-05,3e-13,3.5e-10,2.5e-10,0.0769,28600000000.0,1320000000.0,10.83,-87.75
3.3e-05,2.3e-05,3e-13,4.5e-10,1e-10,0.0769,25900000000.0,1130000000.0,11.45,-84.87
3.3e-05,2.3e-05,3e-13,4.5e-10,5e-11,0.0769,25900000000.0,1120000000.0,11.45,-84.81
3.3e-05,2.3e-05,3e-13,4.5e-10,1.5e-10,0.0769,25900000000.0,1130000000.0,11.45,-83.91
3.3e-05,2.3e-05,3e-13,4.5e-10,2.5e-10,0.0769,25900000000.0,1140000000.0,11.45,-84.76
3.3e-05,2.3e-05,3e-13,5e-10,1e-10,0.0769,24900000000.0,1070000000.0,11.7,-84.03
3.3e-05,2.3e-05,3e-13,5e-10,5e-11,0.0769,24900000000.0,1070000000.0,11.7,-83.89
3.3e-05,2.3e-05,3e-13,5e-10,1.5e-10,0.0769,24900000000.0,1060000000.0,11.7,-84.16
3.3e-05,2.3e-05,3e-13,5e-10,2e-10,0.0769,24900000000.0,1070000000.0,11.7,-84.08
3.3e-05,2.3e-05,3e-13,5e-10,2.5e-10,0.0769,24900000000.0,1070000000.0,11.7,-84.19
3.3e-05,2.3e-05,4e-13,4e-10,1e-10,0.0769,27100000000.0,1210000000.0,11.16,-86.07
3.3e-05,2.3e-05,4e-13,4e-10,5e-11,0.0769,27100000000.0,1210000000.0,11.16,-86.14
3.3e-05,2.3e-05,4e-13,4e-10,1.5e-10,0.0769,27100000000.0,1220000000.0,11.16,-85.95
3.3e-05,2.3e-05,4e-13,4e-10,2e-10,0.0769,27100000000.0,1220000000.0,11.16,-85.93
3.3e-05,2.3e-05,4e-13,4e-10,2.5e-10,0.0769,27100000000.0,1210000000.0,11.16,-86.06
3.3e-05,2.3e-05,4e-13,3e-10,1e-10,0.0769,30500000000.0,1440000000.0,10.43,-90.9
3.3e-05,2.3e-05,4e-13,3e-10,5e-11,0.0769,30500000000.0,1450000000.0,10.43,-91.02
3.3e-05,2.3e-05,4e-13,3e-10,1.5e-10,0.0769,30500000000.0,1450000000.0,10.43,-90.61
3.3e-05,2.3e-05,4e-13,3e-10,2e-10,0.0769,30500000000.0,1450000000.0,10.43,-90.4
3.3e-05,2.3e-05,4e-13,3e-10,2.5e-10,0.0769,30500000000.0,1450000000.0,10.43,-89.95
3.3e-05,2.3e-05,4e-13,3.5e-10,1e-10,0.0769,28600000000.0,1310000000.0,10.83,-87.84
3.3e-05,2.3e-05,4e-13,3.5e-10,5e-11,0.0769,28600000000.0,1320000000.0,10.83,-87.82
3.3e-05,2.3e-05,4e-13,3.5e-10,1.5e-10,0.0769,28600000000.0,1320000000.0,10.83,-87.88
3.3e-05,2.3e-05,4e-13,3.5e-10,2e-10,0.0769,28600000000.0,1310000000.0,10.83,-88.06
3.3e-05,2.3e-05,4e-13,4.5e-10,1e-10,0.0769,25900000000.0,1120000000.0,11.45,-84.84
3.3e-05,2.3e-05,4e-13,4.5e-10,1.5e-10,0.0769,25900000000.0,1130000000.0,11.45,-84.63
3.3e-05,2.3e-05,4e-13,4.5e-10,2e-10,0.0769,25900000000.0,1130000000.0,11.45,-84.51
3.3e-05,2.3e-05,4e-13,4.5e-10,2.5e-10,0.0769,25900000000.0,1130000000.0,11.45,-84.69
3.3e-05,2.3e-05,4e-13,5e-10,1e-10,0.0769,24900000000.0,1060000000.0,11.7,-84.32
3.3e-05,2.3e-05,4e-13,5e-10,5e-11,0.0769,24900000000.0,1070000000.0,11.7,-83.96
3.3e-05,2.3e-05,4e-13,5e-10,2e-10,0.0769,24900000000.0,1070000000.0,11.7,-84.02
3.3e-05,2.3e-05,4e-13,5e-10,2.5e-10,0.0769,24900000000.0,1070000000.0,11.7,-83.81
3.3e-05,2.3e-05,6e-13,4e-10,1e-10,0.0769,27100000000.0,1220000000.0,11.16,-86.31
3.3e-05,2.3e-05,6e-13,4e-10,5e-11,0.0769,27100000000.0,1210000000.0,11.16,-85.93
3.3e-05,2.3e-05,6e-13,4e-10,1.5e-10,0.0769,27100000000.0,1210000000.0,11.16,-84.22
3.3e-05,2.3e-05,6e-13,4e-10,2e-10,0.0769,27100000000.0,1220000000.0,11.16,-85.27
3.3e-05,2.3e-05,6e-13,4e-10,2.5e-10,0.0769,27100000000.0,1210000000.0,11.16,-86.01
3.3e-05,2.3e-05,6e-13,3e-10,5e-11,0.0769,30500000000.0,1450000000.0,10.43,-91.17
3.3e-05,2.3e-05,6e-13,3e-10,1.5e-10,0.0769,30500000000.0,1440000000.0,10.43,-90.91
3.3e-05,2.3e-05,6e-13,3e-10,2e-10,0.0769,30500000000.0,1440000000.0,10.43,-90.84
3.3e-05,2.3e-05,6e-13,3e-10,2.5e-10,0.0769,30500000000.0,1440000000.0,10.43,-90.64
3.3e-05,2.3e-05,6e-13,3.5e-10,1e-10,0.0769,28600000000.0,1310000000.0,10.83,-87.9
3.3e-05,2.3e-05,6e-13,3.5e-10,5e-11,0.0769,28600000000.0,1310000000.0,10.83,-87.69
3.3e-05,2.3e-05,6e-13,3.5e-10,1.5e-10,0.0769,28600000000.0,1310000000.0,10.83,-87.88
3.3e-05,2.3e-05,6e-13,3.5e-10,2e-10,0.0769,28600000000.0,1310000000.0,10.83,-87.57
3.3e-05,2.3e-05,6e-13,4.5e-10,1e-10,0.0769,25900000000.0,1120000000.0,11.45,-84.85
3.3e-05,2.3e-05,6e-13,5e-10,1.5e-10,0.0769,24900000000.0,1060000000.0,11.7,-84.0
3.3e-05,2.3e-05,6e-13,5e-10,2e-10,0.0769,24900000000.0,1060000000.0,11.7,-83.81
3.3e-05,2.3e-05,6e-13,5e-10,2.5e-10,0.0769,24900000000.0,1070000000.0,11.7,-83.8
3.3e-05,2.3e-05,7e-13,4e-10,1e-10,0.0769,27100000000.0,1200000000.0,11.16,-85.99
3.3e-05,2.3e-05,7e-13,4e-10,5e-11,0.0769,27100000000.0,1210000000.0,11.16,-85.89
3.3e-05,2.3e-05,7e-13,4e-10,2e-10,0.0769,27100000000.0,1220000000.0,11.16,-85.99
3.3e-05,2.3e-05,7e-13,3e-10,1e-10,0.0769,30500000000.0,1440000000.0,10.43,-90.92
3.3e-05,2.3e-05,7e-13,3e-10,5e-11,0.0769,30500000000.0,1440000000.0,10.43,-90.85
3.3e-05,2.3e-05,7e-13,3e-10,1.5e-10,0.0769,30500000000.0,1440000000.0,10.43,-90.54
3.3e-05,2.3e-05,7e-13,3e-10,2e-10,0.0769,30500000000.0,1450000000.0,10.42,-90.61
3.3e-05,2.3e-05,7e-13,3e-10,2.5e-10,0.0769,30500000000.0,1450000000.0,10.43,-90.52
3.3e-05,2.3e-05,7e-13,3.5e-10,1e-10,0.0769,28600000000.0,1320000000.0,10.83,-87.62
3.3e-05,2.3e-05,7e-13,3.5e-10,5e-11,0.0769,28600000000.0,1310000000.0,10.83,-88.26
3.3e-05,2.3e-05,7e-13,3.5e-10,1.5e-10,0.0769,28600000000.0,1320000000.0,10.83,-87.56
3.3e-05,2.3e-05,7e-13,3.5e-10,2e-10,0.0769,28600000000.0,1320000000.0,10.83,-87.71
3.3e-05,2.3e-05,7e-13,3.5e-10,2.5e-10,0.0769,28600000000.0,1320000000.0,10.83,-88.27
3.3e-05,2.3e-05,7e-13,4.5e-10,5e-11,0.0769,25900000000.0,1130000000.0,11.45,-84.89
3.3e-05,2.3e-05,7e-13,4.5e-10,1.5e-10,0.0769,25900000000.0,1130000000.0,11.45,-84.79
3.3e-05,2.3e-05,7e-13,4.5e-10,2e-10,0.0769,25900000000.0,1140000000.0,11.45,-84.72
3.3e-05,2.3e-05,7e-13,4.5e-10,2.5e-10,0.0769,25900000000.0,1130000000.0,11.45,-84.75
3.3e-05,2.3e-05,7e-13,5e-10,1e-10,0.0769,24900000000.0,1070000000.0,11.7,-84.01
3.3e-05,2.3e-05,7e-13,5e-10,5e-11,0.0769,24900000000.0,1060000000.0,11.7,-84.03
3.3e-05,2.3e-05,7e-13,5e-10,1.5e-10,0.0769,24900000000.0,1070000000.0,11.7,-84.18
3.3e-05,2.3e-05,7e-13,5e-10,2e-10,0.0769,24900000000.0,1060000000.0,11.7,-83.93
3.3e-05,2.3e-05,7e-13,5e-10,2.5e-10,0.0769,24900000000.0,1060000000.0,11.7,-84.18
3.3e-05,2.4e-05,5e-13,4e-10,1e-10,0.0769,27100000000.0,1160000000.0,11.13,-85.18
3.3e-05,2.4e-05,5e-13,4e-10,5e-11,0.0769,27100000000.0,1160000000.0,11.13,-85.89
3.3e-05,2.4e-05,5e-13,4e-10,1.5e-10,0.0769,27100000000.0,1170000000.0,11.13,-86.04
3.3e-05,2.4e-05,5e-13,4e-10,2e-10,0.0769,27100000000.0,1170000000.0,11.13,-85.78
3.3e-05,2.4e-05,5e-13,4e-10,2.5e-10,0.0769,27100000000.0,1170000000.0,11.13,-86.82
3.3e-05,2.4e-05,5e-13,3e-10,1e-10,0.0769,30500000000.0,1380000000.0,10.39,-90.41
3.3e-05,2.4e-05,5e-13,3e-10,5e-11,0.0769,30500000000.0,1390000000.0,10.39,-90.29
3.3e-05,2.4e-05,5e-13,3e-10,1.5e-10,0.0769,30500000000.0,1380000000.0,10.39,-90.49
3.3e-05,2.4e-05,5e-13,3e-10,2.5e-10,0.0769,30500000000.0,1390000000.0,10.38,-89.83
3.3e-05,2.4e-05,5e-13,3.5e-10,1e-10,0.0769,28600000000.0,1260000000.0,10.79,-87.78
3.3e-05,2.4e-05,5e-13,3.5e-10,5e-11,0.0769,28600000000.0,1270000000.0,10.79,-87.66
3.3e-05,2.4e-05,5e-13,3.5e-10,1.5e-10,0.0769,28600000000.0,1260000000.0,10.79,-87.58
3.3e-05,2.4e-05,5e-13,3.5e-10,2e-10,0.0769,28600000000.0,1260000000.0,10.79,-87.12
3.3e-05,2.4e-05,5e-13,3.5e-10,2.5e-10,0.0769,28600000000.0,1260000000.0,10.79,-87.18
3.3e-05,2.4e-05,5e-13,4.5e-10,1e-10,0.0769,25900000000.0,1090000000.0,11.42,-84.77
3.3e-05,2.4e-05,5e-13,4.5e-10,5e-11,0.0769,25900000000.0,1100000000.0,11.42,-84.38
3.3e-05,2.4e-05,5e-13,4.5e-10,1.5e-10,0.0769,25900000000.0,1100000000.0,11.42,-84.45
3.3e-05,2.4e-05,5e-13,4.5e-10,2e-10,0.0769,25900000000.0,1090000000.0,11.42,-84.09
3.3e-05,2.4e-05,5e-13,4.5e-10,2.5e-10,0.0769,25900000000.0,1100000000.0,11.42,-85.02
3.3e-05,2.4e-05,5e-13,5e-10,1e-10,0.0769,24900000000.0,1030000000.0,11.67,-86.35
3.3e-05,2.4e-05,5e-13,5e-10,5e-11,0.0769,24900000000.0,1030000000.0,11.67,-84.05
3.3e-05,2.4e-05,5e-13,5e-10,1.5e-10,0.0769,24900000000.0,1030000000.0,11.67,-83.58
3.3e-05,2.4e-05,5e-13,5e-10,2e-10,0.0769,24900000000.0,1030000000.0,11.67,-83.88
3.3e-05,2.4e-05,5e-13,5e-10,2.5e-10,0.0769,24900000000.0,1030000000.0,11.67,-83.71
3.3e-05,2.4e-05,3e-13,4e-10,1e-10,0.0769,27100000000.0,1160000000.0,11.13,-85.81
3.3e-05,2.4e-05,3e-13,4e-10,5e-11,0.0769,27100000000.0,1180000000.0,11.13,-85.74
3.3e-05,2.4e-05,3e-13,4e-10,1.5e-10,0.0769,27100000000.0,1170000000.0,11.13,-85.74
3.3e-05,2.4e-05,3e-13,4e-10,2e-10,0.0769,27100000000.0,1180000000.0,11.13,-85.82
3.3e-05,2.4e-05,3e-13,4e-10,2.5e-10,0.0769,27100000000.0,1170000000.0,11.13,-86.28
3.3e-05,2.4e-05,3e-13,3e-10,1e-10,0.0769,30500000000.0,1390000000.0,10.39,-90.09
3.3e-05,2.4e-05,3e-13,3e-10,5e-11,0.0769,30500000000.0,1380000000.0,10.39,-85.09
3.3e-05,2.4e-05,3e-13,3e-10,1.5e-10,0.0769,30500000000.0,1390000000.0,10.39,-90.83
3.3e-05,2.4e-05,3e-13,3e-10,2e-10,0.0769,30500000000.0,1380000000.0,10.38,-90.38
3.3e-05,2.4e-05,3e-13,3e-10,2.5e-10,0.0769,30500000000.0,1380000000.0,10.39,-90.35
3.3e-05,2.4e-05,3e-13,3.5e-10,1e-10,0.0769,28600000000.0,1270000000.0,10.79,-87.34
3.3e-05,2.4e-05,3e-13,3.5e-10,5e-11,0.0769,28600000000.0,1270000000.0,10.79,-87.67
3.3e-05,2.4e-05,3e-13,3.5e-10,1.5e-10,0.0769,28600000000.0,1260000000.0,10.79,-87.66
3.3e-05,2.4e-05,3e-13,3.5e-10,2e-10,0.0769,28600000000.0,1260000000.0,10.79,-87.43
3.3e-05,2.4e-05,3e-13,3.5e-10,2.5e-10,0.0769,28600000000.0,1270000000.0,10.79,-88.03
3.3e-05,2.4e-05,3e-13,4.5e-10,1e-10,0.0769,25900000000.0,1090000000.0,11.42,-84.67
3.3e-05,2.4e-05,3e-13,4.5e-10,5e-11,0.0769,25900000000.0,1090000000.0,11.42,-84.46
3.3e-05,2.4e-05,3e-13,4.5e-10,1.5e-10,0.0769,25900000000.0,1100000000.0,11.42,-84.56
3.3e-05,2.4e-05,3e-13,4.5e-10,2e-10,0.0769,25900000000.0,1100000000.0,11.42,-84.53
3.3e-05,2.4e-05,3e-13,4.5e-10,2.5e-10,0.0769,25900000000.0,1100000000.0,11.42,-84.68
3.3e-05,2.4e-05,3e-13,5e-10,1e-10,0.0769,24900000000.0,1030000000.0,11.67,-83.67
3.3e-05,2.4e-05,3e-13,5e-10,5e-11,0.0769,24900000000.0,1030000000.0,11.67,-83.95
3.3e-05,2.4e-05,3e-13,5e-10,1.5e-10,0.0769,24900000000.0,1030000000.0,11.67,-84.17
3.3e-05,2.4e-05,3e-13,5e-10,2e-10,0.0769,24900000000.0,1030000000.0,11.67,-83.87
3.3e-05,2.4e-05,3e-13,5e-10,2.5e-10,0.0769,24900000000.0,1040000000.0,11.67,-86.65
3.3e-05,2.4e-05,4e-13,4e-10,1e-10,0.0769,27100000000.0,1180000000.0,11.13,-85.87
3.3e-05,2.4e-05,4e-13,4e-10,5e-11,0.0769,27100000000.0,1180000000.0,11.13,-86.72
3.3e-05,2.4e-05,4e-13,4e-10,1.5e-10,0.0769,27100000000.0,1170000000.0,11.13,-86.21
3.3e-05,2.4e-05,4e-13,4e-10,2e-10,0.0769,27100000000.0,1180000000.0,11.13,-85.37
3.3e-05,2.4e-05,4e-13,4e-10,2.5e-10,0.0769,27100000000.0,1180000000.0,11.13,-85.89
3.3e-05,2.4e-05,4e-13,3e-10,1e-10,0.0769,30500000000.0,1390000000.0,10.39,-90.87
3.3e-05,2.4e-05,4e-13,3e-10,5e-11,0.0769,30500000000.0,1380000000.0,10.38,-90.37
3.3e-05,2.4e-05,4e-13,3e-10,1.5e-10,0.0769,30500000000.0,1390000000.0,10.38,-90.16
3.3e-05,2.4e-05,4e-13,3e-10,2e-10,0.0769,30500000000.0,1380000000.0,10.39,-90.79
3.3e-05,2.4e-05,4e-13,3e-10,2.5e-10,0.0769,30500000000.0,1380000000.0,10.39,-90.24
3.3e-05,2.4e-05,4e-13,3.5e-10,1e-10,0.0769,28600000000.0,1270000000.0,10.79,-87.26
3.3e-05,2.4e-05,4e-13,3.5e-10,5e-11,0.0769,28600000000.0,1260000000.0,10.79,-87.49
3.3e-05,2.4e-05,4e-13,3.5e-10,1.5e-10,0.0769,28600000000.0,1260000000.0,10.79,-87.09
3.3e-05,2.4e-05,4e-13,3.5e-10,2e-10,0.0769,28600000000.0,1260000000.0,10.79,-84.75
3.3e-05,2.4e-05,4e-13,3.5e-10,2.5e-10,0.0769,28600000000.0,1270000000.0,10.79,-88.0
3.3e-05,2.4e-05,4e-13,4.5e-10,1e-10,0.0769,25900000000.0,1100000000.0,11.42,-84.66
3.3e-05,2.4e-05,4e-13,4.5e-10,5e-11,0.0769,25900000000.0,1100000000.0,11.42,-84.41
3.3e-05,2.4e-05,4e-13,4.5e-10,1.5e-10,0.0769,25900000000.0,1090000000.0,11.42,-84.78
3.3e-05,2.4e-05,4e-13,4.5e-10,2e-10,0.0769,25900000000.0,1100000000.0,11.42,-84.71
3.3e-05,2.4e-05,4e-13,4.5e-10,2.5e-10,0.0769,25900000000.0,1100000000.0,11.42,-84.7
3.3e-05,2.4e-05,4e-13,5e-10,1e-10,0.0769,24900000000.0,1030000000.0,11.67,-83.41
3.3e-05,2.4e-05,4e-13,5e-10,5e-11,0.0769,24900000000.0,1030000000.0,11.67,-83.98
3.3e-05,2.4e-05,4e-13,5e-10,1.5e-10,0.0769,24900000000.0,1030000000.0,11.67,-83.4
3.3e-05,2.4e-05,4e-13,5e-10,2e-10,0.0769,24900000000.0,1030000000.0,11.67,-83.34
3.3e-05,2.4e-05,4e-13,5e-10,2.5e-10,0.0769,24900000000.0,1030000000.0,11.67,-83.74
3.3e-05,2.4e-05,6e-13,4e-10,1e-10,0.0769,27100000000.0,1160000000.0,11.13,-85.44
3.3e-05,2.4e-05,6e-13,4e-10,5e-11,0.0769,27100000000.0,1180000000.0,11.13,-85.8
3.3e-05,2.4e-05,6e-13,4e-10,1.5e-10,0.0769,27100000000.0,1160000000.0,11.13,-85.66
3.3e-05,2.4e-05,6e-13,4e-10,2e-10,0.0769,27100000000.0,1160000000.0,11.13,-85.83
3.3e-05,2.4e-05,6e-13,4e-10,2.5e-10,0.0769,27100000000.0,1160000000.0,11.13,-85.27
3.3e-05,2.4e-05,6e-13,3e-10,1e-10,0.0769,30500000000.0,1380000000.0,10.39,-90.2
3.3e-05,2.4e-05,6e-13,3e-10,5e-11,0.0769,30500000000.0,1380000000.0,10.38,-90.52
3.3e-05,2.4e-05,6e-13,3e-10,1.5e-10,0.0769,30500000000.0,1380000000.0,10.38,-90.5
3.3e-05,2.4e-05,6e-13,3e-10,2e-10,0.0769,30500000000.0,1380000000.0,10.38,-90.13
3.3e-05,2.4e-05,6e-13,3e-10,2.5e-10,0.0769,30500000000.0,1380000000.0,10.38,-90.28
3.3e-05,2.4e-05,6e-13,3.5e-10,1e-10,0.0769,28600000000.0,1260000000.0,10.79,-87.63
3.3e-05,2.4e-05,6e-13,3.5e-10,5e-11,0.0769,28600000000.0,1260000000.0,10.79,-82.54
3.3e-05,2.4e-05,6e-13,3.5e-10,2e-10,0.0769,28500000000.0,1270000000.0,10.79,-88.14
3.3e-05,2.4e-05,6e-13,3.5e-10,2.5e-10,0.0769,28500000000.0,1260000000.0,10.79,-87.8
3.3e-05,2.4e-05,6e-13,4.5e-10,1e-10,0.0769,25900000000.0,1100000000.0,11.42,-84.8
3.3e-05,2.4e-05,6e-13,4.5e-10,5e-11,0.0769,25900000000.0,1090000000.0,11.42,-84.83
3.3e-05,2.4e-05,6e-13,4.5e-10,1.5e-10,0.0769,25900000000.0,1100000000.0,11.42,-84.74
3.3e-05,2.4e-05,6e-13,4.5e-10,2e-10,0.0769,25900000000.0,1090000000.0,11.42,-84.71
3.3e-05,2.4e-05,6e-13,4.5e-10,2.5e-10,0.0769,25900000000.0,1100000000.0,11.42,-84.55
3.3e-05,2.4e-05,6e-13,5e-10,5e-11,0.0769,24900000000.0,1030000000.0,11.67,-84.04
3.3e-05,2.4e-05,6e-13,5e-10,1.5e-10,0.0769,24900000000.0,1030000000.0,11.67,-83.89
3.3e-05,2.4e-05,6e-13,5e-10,2.5e-10,0.0769,24900000000.0,1030000000.0,11.67,-83.91
3.3e-05,2.4e-05,7e-13,4e-10,1e-10,0.0769,27100000000.0,1170000000.0,11.13,-85.79
3.3e-05,2.4e-05,7e-13,4e-10,5e-11,0.0769,27100000000.0,1170000000.0,11.13,-85.98
3.3e-05,2.4e-05,7e-13,4e-10,1.5e-10,0.0769,27100000000.0,1160000000.0,11.13,-85.14
3.3e-05,2.4e-05,7e-13,4e-10,2e-10,0.0769,27100000000.0,1170000000.0,11.13,-82.56
3.3e-05,2.4e-05,7e-13,4e-10,2.5e-10,0.0769,27100000000.0,1170000000.0,11.13,-85.77
3.3e-05,2.4e-05,7e-13,3e-10,5e-11,0.0769,30500000000.0,1380000000.0,10.39,-90.88
3.3e-05,2.4e-05,7e-13,3e-10,2e-10,0.0769,30500000000.0,1380000000.0,10.39,-90.1
3.3e-05,2.4e-05,7e-13,3e-10,2.5e-10,0.0769,30500000000.0,1380000000.0,10.38,-90.48
3.3e-05,2.4e-05,7e-13,3.5e-10,1e-10,0.0769,28500000000.0,1260000000.0,10.79,-87.43
3.3e-05,2.4e-05,7e-13,3.5e-10,5e-11,0.0769,28500000000.0,1260000000.0,10.79,-87.77
3.3e-05,2.4e-05,7e-13,3.5e-10,1.5e-10,0.0769,28500000000.0,1260000000.0,10.79,-87.11
3.3e-05,2.4e-05,7e-13,3.5e-10,2e-10,0.0769,28500000000.0,1270000000.0,10.79,-88.41
3.3e-05,2.4e-05,7e-13,3.5e-10,2.5e-10,0.0769,28500000000.0,1260000000.0,10.79,-87.14
3.3e-05,2.4e-05,7e-13,4.5e-10,1e-10,0.0769,25900000000.0,1090000000.0,11.42,-84.54
3.3e-05,2.4e-05,7e-13,4.5e-10,5e-11,0.0769,25900000000.0,1090000000.0,11.42,-84.89
3.3e-05,2.4e-05,7e-13,4.5e-10,1.5e-10,0.0769,25900000000.0,1090000000.0,11.42,-84.7
3.3e-05,2.4e-05,7e-13,4.5e-10,2.5e-10,0.0769,25900000000.0,1090000000.0,11.42,-84.86
3.3e-05,2.4e-05,7e-13,5e-10,1e-10,0.0769,24900000000.0,1030000000.0,11.67,-83.93
3.3e-05,2.4e-05,7e-13,5e-10,5e-11,0.0769,24900000000.0,1030000000.0,11.67,-84.2
3.3e-05,2.4e-05,7e-13,5e-10,1.5e-10,0.0769,24900000000.0,1030000000.0,11.67,-83.7
3.3e-05,2.4e-05,7e-13,5e-10,2.5e-10,0.0769,24900000000.0,1030000000.0,11.67,-84.06
3.3e-05,2.5e-05,5e-13,4e-10,1e-10,0.0769,27000000000.0,1130000000.0,11.09,-86.03
3.3e-05,2.5e-05,5e-13,4e-10,5e-11,0.0769,27000000000.0,1130000000.0,11.09,-85.69
3.3e-05,2.5e-05,5e-13,4e-10,1.5e-10,0.0769,27000000000.0,1130000000.0,11.09,-85.37
3.3e-05,2.5e-05,5e-13,4e-10,2e-10,0.0769,27000000000.0,1120000000.0,11.1,-85.82
3.3e-05,2.5e-05,5e-13,4e-10,2.5e-10,0.0769,27000000000.0,1120000000.0,11.09,-82.55
3.3e-05,2.5e-05,5e-13,3e-10,1e-10,0.0769,30400000000.0,1310000000.0,10.34,-89.77
3.3e-05,2.5e-05,5e-13,3e-10,5e-11,0.0769,30400000000.0,1310000000.0,10.34,-90.12
3.3e-05,2.5e-05,5e-13,3e-10,1.5e-10,0.0769,30400000000.0,1310000000.0,10.34,-90.2
3.3e-05,2.5e-05,5e-13,3e-10,2e-10,0.0769,30400000000.0,1310000000.0,10.34,-90.05
3.3e-05,2.5e-05,5e-13,3e-10,2.5e-10,0.0769,30400000000.0,1310000000.0,10.34,-90.29
3.3e-05,2.5e-05,5e-13,3.5e-10,1e-10,0.0769,28500000000.0,1200000000.0,10.76,-83.13
3.3e-05,2.5e-05,5e-13,3.5e-10,5e-11,0.0769,28500000000.0,1210000000.0,10.75,-87.44
3.3e-05,2.5e-05,5e-13,3.5e-10,1.5e-10,0.0769,28500000000.0,1200000000.0,10.75,-87.29
3.3e-05,2.5e-05,5e-13,3.5e-10,2.5e-10,0.0769,28500000000.0,1200000000.0,10.76,-87.56
3.3e-05,2.5e-05,5e-13,4.5e-10,1e-10,0.0769,25800000000.0,1050000000.0,11.39,-84.64
3.3e-05,2.5e-05,5e-13,4.5e-10,5e-11,0.0769,25800000000.0,1060000000.0,11.39,-84.41
3.3e-05,2.5e-05,5e-13,4.5e-10,1.5e-10,0.0769,25800000000.0,1050000000.0,11.39,-84.69
3.3e-05,2.5e-05,5e-13,4.5e-10,2e-10,0.0769,25800000000.0,1060000000.0,11.39,-84.4
3.3e-05,2.5e-05,5e-13,5e-10,1e-10,0.0769,24900000000.0,991000000.0,11.64,-83.91
3.3e-05,2.5e-05,5e-13,5e-10,5e-11,0.0769,24900000000.0,992000000.0,11.64,-83.9
3.3e-05,2.5e-05,5e-13,5e-10,1.5e-10,0.0769,24900000000.0,994000000.0,11.64,-83.61
3.3e-05,2.5e-05,5e-13,5e-10,2e-10,0.0769,24900000000.0,999000000.0,11.64,-83.73
3.3e-05,2.5e-05,5e-13,5e-10,2.5e-10,0.0769,24900000000.0,986000000.0,11.64,-83.72
3.3e-05,2.5e-05,3e-13,4e-10,1e-10,0.0769,27000000000.0,1120000000.0,11.09,-82.46
3.3e-05,2.5e-05,3e-13,4e-10,5e-11,0.0769,27000000000.0,1130000000.0,11.09,-85.21
3.3e-05,2.5e-05,3e-13,4e-10,1.5e-10,0.0769,27000000000.0,1130000000.0,11.1,-85.53
3.3e-05,2.5e-05,3e-13,4e-10,2e-10,0.0769,27000000000.0,1120000000.0,11.09,-85.61
3.3e-05,2.5e-05,3e-13,4e-10,2.5e-10,0.0769,27000000000.0,1120000000.0,11.09,-85.35
3.3e-05,2.5e-05,3e-13,3e-10,1e-10,0.0769,30400000000.0,1310000000.0,10.34,-89.93
3.3e-05,2.5e-05,3e-13,3e-10,5e-11,0.0769,30400000000.0,1310000000.0,10.34,-90.08
3.3e-05,2.5e-05,3e-13,3e-10,2e-10,0.0769,30400000000.0,1310000000.0,10.34,-90.06
3.3e-05,2.5e-05,3e-13,3e-10,2.5e-10,0.0769,30400000000.0,1310000000.0,10.34,-90.69
3.3e-05,2.5e-05,3e-13,3.5e-10,1e-10,0.0769,28500000000.0,1210000000.0,10.75,-86.91
3.3e-05,2.5e-05,3e-13,3.5e-10,5e-11,0.0769,28500000000.0,1200000000.0,10.76,-87.5
3.3e-05,2.5e-05,3e-13,3.5e-10,1.5e-10,0.0769,28500000000.0,1210000000.0,10.75,-87.56
3.3e-05,2.5e-05,3e-13,3.5e-10,2e-10,0.0769,28500000000.0,1210000000.0,10.75,-87.14
3.3e-05,2.5e-05,3e-13,3.5e-10,2.5e-10,0.0769,28500000000.0,1200000000.0,10.75,-87.17
3.3e-05,2.5e-05,3e-13,4.5e-10,1e-10,0.0769,25800000000.0,1040000000.0,11.39,-84.83
3.3e-05,2.5e-05,3e-13,4.5e-10,5e-11,0.0769,25800000000.0,1060000000.0,11.39,-84.59
3.3e-05,2.5e-05,3e-13,4.5e-10,1.5e-10,0.0769,25800000000.0,1060000000.0,11.39,-84.32
3.3e-05,2.5e-05,3e-13,4.5e-10,2e-10,0.0769,25800000000.0,1040000000.0,11.39,-84.48
3.3e-05,2.5e-05,3e-13,4.5e-10,2.5e-10,0.0769,25800000000.0,1050000000.0,11.39,-84.51
3.3e-05,2.5e-05,3e-13,5e-10,1e-10,0.0769,24900000000.0,989000000.0,11.64,-83.86
3.3e-05,2.5e-05,3e-13,5e-10,5e-11,0.0769,24900000000.0,995000000.0,11.64,-83.56
3.3e-05,2.5e-05,3e-13,5e-10,1.5e-10,0.0769,24900000000.0,990000000.0,11.64,-83.85
3.3e-05,2.5e-05,3e-13,5e-10,2e-10,0.0769,24900000000.0,995000000.0,11.64,-83.83
3.3e-05,2.5e-05,3e-13,5e-10,2.5e-10,0.0769,24900000000.0,992000000.0,11.64,-84.22
3.3e-05,2.5e-05,4e-13,4e-10,1e-10,0.0769,27000000000.0,1120000000.0,11.1,-85.59
3.3e-05,2.5e-05,4e-13,4e-10,5e-11,0.0769,27000000000.0,1110000000.0,11.09,-85.87
3.3e-05,2.5e-05,4e-13,4e-10,1.5e-10,0.0769,27000000000.0,1120000000.0,11.09,-85.56
3.3e-05,2.5e-05,4e-13,4e-10,2e-10,0.0769,27000000000.0,1120000000.0,11.1,-83.05
3.3e-05,2.5e-05,4e-13,4e-10,2.5e-10,0.0769,27000000000.0,1120000000.0,11.1,-85.41
3.3e-05,2.5e-05,4e-13,3e-10,1e-10,0.0769,30400000000.0,1310000000.0,10.34,-90.24
3.3e-05,2.5e-05,4e-13,3e-10,5e-11,0.0769,30400000000.0,1310000000.0,10.34,-90.14
3.3e-05,2.5e-05,4e-13,3e-10,1.5e-10,0.0769,30400000000.0,1310000000.0,10.34,-90.03
3.3e-05,2.5e-05,4e-13,3e-10,2e-10,0.0769,30400000000.0,1310000000.0,10.34,-89.85
3.3e-05,2.5e-05,4e-13,3e-10,2.5e-10,0.0769,30400000000.0,1310000000.0,10.34,-90.1
3.3e-05,2.5e-05,4e-13,3.5e-10,1e-10,0.0769,28500000000.0,1200000000.0,10.75,-87.2
3.3e-05,2.5e-05,4e-13,3.5e-10,5e-11,0.0769,28500000000.0,1210000000.0,10.75,-87.45
3.3e-05,2.5e-05,4e-13,3.5e-10,1.5e-10,0.0769,28500000000.0,1210000000.0,10.75,-88.14
3.3e-05,2.5e-05,4e-13,3.5e-10,2e-10,0.0769,28500000000.0,1200000000.0,10.76,-87.46
3.3e-05,2.5e-05,4e-13,3.5e-10,2.5e-10,0.0769,28500000000.0,1210000000.0,10.75,-87.34
3.3e-05,2.5e-05,4e-13,4.5e-10,1e-10,0.0769,25800000000.0,1050000000.0,11.39,-84.53
3.3e-05,2.5e-05,4e-13,4.5e-10,5e-11,0.0769,25800000000.0,1050000000.0,11.39,-77.61
3.3e-05,2.5e-05,4e-13,4.5e-10,2e-10,0.0769,25800000000.0,1050000000.0,11.39,-84.45
3.3e-05,2.5e-05,4e-13,4.5e-10,2.5e-10,0.0769,25800000000.0,1050000000.0,11.39,-84.48
3.3e-05,2.5e-05,4e-13,5e-10,1e-10,0.0769,24900000000.0,991000000.0,11.64,-83.62
3.3e-05,2.5e-05,4e-13,5e-10,5e-11,0.0769,24900000000.0,1000000000.0,11.64,-83.73
3.3e-05,2.5e-05,4e-13,5e-10,1.5e-10,0.0769,24900000000.0,991000000.0,11.64,-83.85
3.3e-05,2.5e-05,4e-13,5e-10,2e-10,0.0769,24900000000.0,994000000.0,11.64,-83.78
3.3e-05,2.5e-05,4e-13,5e-10,2.5e-10,0.0769,24900000000.0,992000000.0,11.64,-83.73
3.3e-05,2.5e-05,6e-13,4e-10,1e-10,0.0769,27000000000.0,1120000000.0,11.09,-85.62
3.3e-05,2.5e-05,6e-13,4e-10,5e-11,0.0769,27000000000.0,1120000000.0,11.09,-83.21
3.3e-05,2.5e-05,6e-13,4e-10,1.5e-10,0.0769,27000000000.0,1120000000.0,11.09,-85.41
3.3e-05,2.5e-05,6e-13,4e-10,2e-10,0.0769,27000000000.0,1110000000.0,11.09,-85.52
3.3e-05,2.5e-05,6e-13,4e-10,2.5e-10,0.0769,27000000000.0,1120000000.0,11.1,-85.58
3.3e-05,2.5e-05,6e-13,3e-10,1e-10,0.0769,30400000000.0,1310000000.0,10.34,-90.18
3.3e-05,2.5e-05,6e-13,3e-10,1.5e-10,0.0769,30400000000.0,1310000000.0,10.34,-89.83
3.3e-05,2.5e-05,6e-13,3e-10,2e-10,0.0769,30400000000.0,1310000000.0,10.34,-89.62
3.3e-05,2.5e-05,6e-13,3e-10,2.5e-10,0.0769,30400000000.0,1310000000.0,10.34,-90.09
3.3e-05,2.5e-05,6e-13,3.5e-10,1e-10,0.0769,28500000000.0,1200000000.0,10.75,-87.48
3.3e-05,2.5e-05,6e-13,3.5e-10,5e-11,0.0769,28500000000.0,1200000000.0,10.76,-87.4
3.3e-05,2.5e-05,6e-13,3.5e-10,1.5e-10,0.0769,28500000000.0,1200000000.0,10.76,-87.25
3.3e-05,2.5e-05,6e-13,3.5e-10,2e-10,0.0769,28500000000.0,1200000000.0,10.75,-87.22
3.3e-05,2.5e-05,6e-13,3.5e-10,2.5e-10,0.0769,28500000000.0,1210000000.0,10.75,-87.54
3.3e-05,2.5e-05,6e-13,4.5e-10,1e-10,0.0769,25800000000.0,1050000000.0,11.39,-84.63
3.3e-05,2.5e-05,6e-13,4.5e-10,5e-11,0.0769,25800000000.0,1050000000.0,11.39,-84.59
3.3e-05,2.5e-05,6e-13,4.5e-10,1.5e-10,0.0769,25800000000.0,1050000000.0,11.39,-84.47
3.3e-05,2.5e-05,6e-13,4.5e-10,2e-10,0.0769,25800000000.0,1050000000.0,11.39,-84.39
3.3e-05,2.5e-05,6e-13,4.5e-10,2.5e-10,0.0769,25800000000.0,1060000000.0,11.39,-84.42
3.3e-05,2.5e-05,6e-13,5e-10,1e-10,0.0769,24900000000.0,991000000.0,11.64,-83.77
3.3e-05,2.5e-05,6e-13,5e-10,5e-11,0.0769,24900000000.0,993000000.0,11.64,-83.85
3.3e-05,2.5e-05,6e-13,5e-10,1.5e-10,0.0769,24900000000.0,991000000.0,11.64,-84.15
3.3e-05,2.5e-05,6e-13,5e-10,2e-10,0.0769,24900000000.0,994000000.0,11.64,-83.77
3.3e-05,2.5e-05,6e-13,5e-10,2.5e-10,0.0769,24900000000.0,999000000.0,11.64,-83.87
3.3e-05,2.5e-05,7e-13,4e-10,1e-10,0.0769,27000000000.0,1120000000.0,11.1,-82.7
3.3e-05,2.5e-05,7e-13,4e-10,5e-11,0.0769,27000000000.0,1120000000.0,11.09,-85.42
3.3e-05,2.5e-05,7e-13,4e-10,1.5e-10,0.0769,27000000000.0,1120000000.0,11.09,-85.81
3.3e-05,2.5e-05,7e-13,4e-10,2e-10,0.0769,27000000000.0,1110000000.0,11.09,-85.69
3.3e-05,2.5e-05,7e-13,4e-10,2.5e-10,0.0769,27000000000.0,1130000000.0,11.09,-85.6
3.3e-05,2.5e-05,7e-13,3e-10,1e-10,0.0769,30400000000.0,1310000000.0,10.34,-89.82
3.3e-05,2.5e-05,7e-13,3e-10,5e-11,0.0769,30400000000.0,1310000000.0,10.34,-90.21
3.3e-05,2.5e-05,7e-13,3e-10,1.5e-10,0.0769,30400000000.0,1310000000.0,10.34,-90.22
3.3e-05,2.5e-05,7e-13,3e-10,2e-10,0.0769,30400000000.0,1310000000.0,10.34,-89.89
3.3e-05,2.5e-05,7e-13,3e-10,2.5e-10,0.0769,30400000000.0,1310000000.0,10.34,-90.37
3.3e-05,2.5e-05,7e-13,3.5e-10,1e-10,0.0769,28500000000.0,1210000000.0,10.75,-87.35
3.3e-05,2.5e-05,7e-13,3.5e-10,5e-11,0.0769,28500000000.0,1210000000.0,10.75,-87.2
3.3e-05,2.5e-05,7e-13,3.5e-10,1.5e-10,0.0769,28500000000.0,1210000000.0,10.75,-87.27
3.3e-05,2.5e-05,7e-13,3.5e-10,2e-10,0.0769,28500000000.0,1200000000.0,10.75,-87.35
3.3e-05,2.5e-05,7e-13,3.5e-10,2.5e-10,0.0769,28500000000.0,1210000000.0,10.75,-87.51
3.3e-05,2.5e-05,7e-13,4.5e-10,1e-10,0.0769,25800000000.0,1040000000.0,11.39,-84.64
3.3e-05,2.5e-05,7e-13,4.5e-10,5e-11,0.0769,25800000000.0,1050000000.0,11.39,-84.42
3.3e-05,2.5e-05,7e-13,4.5e-10,1.5e-10,0.0769,25800000000.0,1050000000.0,11.39,-84.35
3.3e-05,2.5e-05,7e-13,4.5e-10,2e-10,0.0769,25800000000.0,1040000000.0,11.39,-84.85
3.3e-05,2.5e-05,7e-13,4.5e-10,2.5e-10,0.0769,25800000000.0,1060000000.0,11.39,-84.39
3.3e-05,2.5e-05,7e-13,5e-10,1e-10,0.0769,24900000000.0,992000000.0,11.64,-83.16
3.3e-05,2.5e-05,7e-13,5e-10,5e-11,0.0769,24900000000.0,992000000.0,11.64,-83.42
3.3e-05,2.5e-05,7e-13,5e-10,1.5e-10,0.0769,24900000000.0,993000000.0,11.64,-83.48
3.3e-05,2.5e-05,7e-13,5e-10,2.5e-10,0.0769,24900000000.0,991000000.0,11.64,-84.18
3.4e-05,5e-06,5e-13,4e-10,1e-10,0.0792,28900000000.0,678000000.0,11.0,-90.59
3.4e-05,5e-06,5e-13,4e-10,5e-11,0.0792,28900000000.0,675000000.0,11.0,-90.7
3.4e-05,5e-06,5e-13,4e-10,2e-10,0.0792,28900000000.0,672000000.0,11.0,-90.43
3.4e-05,5e-06,5e-13,4e-10,2.5e-10,0.0792,28900000000.0,677000000.0,11.0,-90.71
3.4e-05,5e-06,5e-13,3e-10,1e-10,0.0792,32700000000.0,827000000.0,10.37,-91.51
3.4e-05,5e-06,5e-13,3e-10,5e-11,0.0792,32700000000.0,828000000.0,10.37,-91.29
3.4e-05,5e-06,5e-13,3e-10,1.5e-10,0.0792,32700000000.0,828000000.0,10.37,-91.35
3.4e-05,5e-06,5e-13,3e-10,2e-10,0.0792,32700000000.0,828000000.0,10.37,-91.41
3.4e-05,5e-06,5e-13,3e-10,2.5e-10,0.0792,32700000000.0,827000000.0,10.37,-91.49
3.4e-05,5e-06,5e-13,3.5e-10,1e-10,0.0792,30500000000.0,740000000.0,10.72,-93.21
3.4e-05,5e-06,5e-13,3.5e-10,5e-11,0.0792,30500000000.0,737000000.0,10.72,-93.17
3.4e-05,5e-06,5e-13,3.5e-10,1.5e-10,0.0792,30500000000.0,741000000.0,10.72,-93.08
3.4e-05,5e-06,5e-13,3.5e-10,2e-10,0.0792,30500000000.0,739000000.0,10.72,-93.17
3.4e-05,5e-06,5e-13,3.5e-10,2.5e-10,0.0792,30500000000.0,740000000.0,10.72,-93.18
3.4e-05,5e-06,5e-13,4.5e-10,1e-10,0.0792,27600000000.0,626000000.0,11.23,-88.37
3.4e-05,5e-06,5e-13,4.5e-10,5e-11,0.0792,27600000000.0,628000000.0,11.23,-88.52
3.4e-05,5e-06,5e-13,4.5e-10,1.5e-10,0.0792,27600000000.0,628000000.0,11.23,-88.43
3.4e-05,5e-06,5e-13,4.5e-10,2e-10,0.0792,27600000000.0,628000000.0,11.23,-88.2
3.4e-05,5e-06,5e-13,4.5e-10,2.5e-10,0.0792,27600000000.0,628000000.0,11.24,-88.06
3.4e-05,5e-06,5e-13,5e-10,1e-10,0.0792,26500000000.0,591000000.0,11.45,-86.45
3.4e-05,5e-06,5e-13,5e-10,5e-11,0.0792,26500000000.0,591000000.0,11.45,-86.67
3.4e-05,5e-06,5e-13,5e-10,1.5e-10,0.0792,26500000000.0,591000000.0,11.45,-86.74
3.4e-05,5e-06,5e-13,5e-10,2e-10,0.0792,26500000000.0,591000000.0,11.45,-86.6
3.4e-05,5e-06,5e-13,5e-10,2.5e-10,0.0792,26500000000.0,593000000.0,11.45,-87.01
3.4e-05,5e-06,3e-13,4e-10,1e-10,0.0792,28900000000.0,674000000.0,11.0,-90.64
3.4e-05,5e-06,3e-13,4e-10,5e-11,0.0792,28900000000.0,675000000.0,11.0,-90.71
3.4e-05,5e-06,3e-13,4e-10,1.5e-10,0.0792,28900000000.0,676000000.0,11.0,-90.49
3.4e-05,5e-06,3e-13,4e-10,2e-10,0.0792,28900000000.0,675000000.0,11.0,-90.49
3.4e-05,5e-06,3e-13,4e-10,2.5e-10,0.0792,28900000000.0,675000000.0,11.0,-90.33
3.4e-05,5e-06,3e-13,3e-10,1e-10,0.0792,32700000000.0,827000000.0,10.37,-91.67
3.4e-05,5e-06,3e-13,3e-10,5e-11,0.0792,32700000000.0,827000000.0,10.37,-91.71
3.4e-05,5e-06,3e-13,3e-10,1.5e-10,0.0792,32700000000.0,827000000.0,10.37,-91.38
3.4e-05,5e-06,3e-13,3e-10,2e-10,0.0792,32700000000.0,827000000.0,10.37,-91.33
3.4e-05,5e-06,3e-13,3e-10,2.5e-10,0.0792,32700000000.0,827000000.0,10.37,-90.74
3.4e-05,5e-06,3e-13,3.5e-10,1e-10,0.0792,30500000000.0,738000000.0,10.72,-93.08
3.4e-05,5e-06,3e-13,3.5e-10,5e-11,0.0792,30500000000.0,741000000.0,10.72,-93.16
3.4e-05,5e-06,3e-13,3.5e-10,1.5e-10,0.0792,30500000000.0,738000000.0,10.72,-92.99
3.4e-05,5e-06,3e-13,3.5e-10,2e-10,0.0792,30500000000.0,738000000.0,10.72,-93.02
3.4e-05,5e-06,3e-13,3.5e-10,2.5e-10,0.0792,30500000000.0,740000000.0,10.72,-93.19
3.4e-05,5e-06,3e-13,4.5e-10,1e-10,0.0792,27600000000.0,626000000.0,11.23,-88.11
3.4e-05,5e-06,3e-13,4.5e-10,5e-11,0.0792,27600000000.0,628000000.0,11.24,-88.43
3.4e-05,5e-06,3e-13,4.5e-10,1.5e-10,0.0792,27600000000.0,628000000.0,11.24,-88.17
3.4e-05,5e-06,3e-13,4.5e-10,2e-10,0.0792,27600000000.0,628000000.0,11.23,-88.06
3.4e-05,5e-06,3e-13,4.5e-10,2.5e-10,0.0792,27600000000.0,629000000.0,11.23,-88.13
3.4e-05,5e-06,3e-13,5e-10,1e-10,0.0792,26500000000.0,592000000.0,11.45,-86.84
3.4e-05,5e-06,3e-13,5e-10,5e-11,0.0792,26500000000.0,590000000.0,11.45,-86.67
3.4e-05,5e-06,3e-13,5e-10,1.5e-10,0.0792,26500000000.0,592000000.0,11.45,-86.82
3.4e-05,5e-06,3e-13,5e-10,2e-10,0.0792,26500000000.0,592000000.0,11.45,-86.66
3.4e-05,5e-06,3e-13,5e-10,2.5e-10,0.0792,26500000000.0,591000000.0,11.45,-86.76
3.4e-05,5e-06,4e-13,4e-10,1e-10,0.0792,28900000000.0,672000000.0,11.0,-90.18
3.4e-05,5e-06,4e-13,4e-10,5e-11,0.0792,28900000000.0,672000000.0,11.0,-90.42
3.4e-05,5e-06,4e-13,4e-10,1.5e-10,0.0792,28900000000.0,677000000.0,11.0,-90.13
3.4e-05,5e-06,4e-13,4e-10,2e-10,0.0792,28900000000.0,676000000.0,11.0,-90.5
3.4e-05,5e-06,4e-13,4e-10,2.5e-10,0.0792,28900000000.0,675000000.0,11.0,-90.35
3.4e-05,5e-06,4e-13,3e-10,1e-10,0.0792,32700000000.0,828000000.0,10.37,-91.47
3.4e-05,5e-06,4e-13,3e-10,5e-11,0.0792,32700000000.0,829000000.0,10.37,-91.53
3.4e-05,5e-06,4e-13,3e-10,1.5e-10,0.0792,32700000000.0,829000000.0,10.37,-91.23
3.4e-05,5e-06,4e-13,3e-10,2e-10,0.0792,32700000000.0,828000000.0,10.37,-91.37
3.4e-05,5e-06,4e-13,3e-10,2.5e-10,0.0792,32700000000.0,827000000.0,10.37,-91.48
3.4e-05,5e-06,4e-13,3.5e-10,1e-10,0.0792,30500000000.0,737000000.0,10.72,-93.14
3.4e-05,5e-06,4e-13,3.5e-10,5e-11,0.0792,30500000000.0,737000000.0,10.72,-93.01
3.4e-05,5e-06,4e-13,3.5e-10,1.5e-10,0.0792,30500000000.0,740000000.0,10.72,-92.86
3.4e-05,5e-06,4e-13,3.5e-10,2e-10,0.0792,30500000000.0,740000000.0,10.72,-93.16
3.4e-05,5e-06,4e-13,3.5e-10,2.5e-10,0.0792,30500000000.0,741000000.0,10.72,-93.2
3.4e-05,5e-06,4e-13,4.5e-10,1e-10,0.0792,27600000000.0,628000000.0,11.24,-88.05
3.4e-05,5e-06,4e-13,4.5e-10,5e-11,0.0792,27600000000.0,629000000.0,11.23,-87.7
3.4e-05,5e-06,4e-13,4.5e-10,1.5e-10,0.0792,27600000000.0,629000000.0,11.23,-88.37
3.4e-05,5e-06,4e-13,4.5e-10,2e-10,0.0792,27600000000.0,628000000.0,11.24,-88.18
3.4e-05,5e-06,4e-13,4.5e-10,2.5e-10,0.0792,27600000000.0,627000000.0,11.23,-86.94
3.4e-05,5e-06,4e-13,5e-10,1e-10,0.0792,26500000000.0,591000000.0,11.45,-86.4
3.4e-05,5e-06,4e-13,5e-10,5e-11,0.0792,26500000000.0,593000000.0,11.45,-86.69
3.4e-05,5e-06,4e-13,5e-10,1.5e-10,0.0792,26500000000.0,591000000.0,11.45,-86.47
3.4e-05,5e-06,4e-13,5e-10,2e-10,0.0792,26500000000.0,592000000.0,11.45,-86.68
3.4e-05,5e-06,4e-13,5e-10,2.5e-10,0.0792,26500000000.0,591000000.0,11.45,-86.57
3.4e-05,5e-06,6e-13,4e-10,1e-10,0.0792,28900000000.0,676000000.0,11.0,-88.31
3.4e-05,5e-06,6e-13,4e-10,5e-11,0.0792,28900000000.0,673000000.0,11.0,-90.32
3.4e-05,5e-06,6e-13,4e-10,2e-10,0.0792,28900000000.0,675000000.0,11.0,-90.61
3.4e-05,5e-06,6e-13,4e-10,2.5e-10,0.0792,28900000000.0,676000000.0,11.0,-90.74
3.4e-05,5e-06,6e-13,3e-10,1e-10,0.0792,32700000000.0,828000000.0,10.37,-91.28
3.4e-05,5e-06,6e-13,3e-10,5e-11,0.0792,32700000000.0,827000000.0,10.37,-91.45
3.4e-05,5e-06,6e-13,3e-10,1.5e-10,0.0792,32700000000.0,828000000.0,10.37,-91.33
3.4e-05,5e-06,6e-13,3e-10,2e-10,0.0792,32700000000.0,827000000.0,10.37,-91.29
3.4e-05,5e-06,6e-13,3e-10,2.5e-10,0.0792,32700000000.0,829000000.0,10.37,-91.19
3.4e-05,5e-06,6e-13,3.5e-10,1e-10,0.0792,30500000000.0,738000000.0,10.72,-93.0
3.4e-05,5e-06,6e-13,3.5e-10,5e-11,0.0792,30500000000.0,737000000.0,10.72,-92.9
3.4e-05,5e-06,6e-13,3.5e-10,1.5e-10,0.0792,30500000000.0,739000000.0,10.72,-93.14
3.4e-05,5e-06,6e-13,3.5e-10,2e-10,0.0792,30500000000.0,737000000.0,10.72,-93.23
3.4e-05,5e-06,6e-13,3.5e-10,2.5e-10,0.0792,30500000000.0,739000000.0,10.72,-93.18
3.4e-05,5e-06,6e-13,4.5e-10,1e-10,0.0792,27600000000.0,626000000.0,11.24,-87.98
3.4e-05,5e-06,6e-13,4.5e-10,5e-11,0.0792,27600000000.0,628000000.0,11.23,-88.35
3.4e-05,5e-06,6e-13,4.5e-10,1.5e-10,0.0792,27600000000.0,628000000.0,11.24,-88.29
3.4e-05,5e-06,6e-13,4.5e-10,2e-10,0.0792,27600000000.0,629000000.0,11.23,-88.72
3.4e-05,5e-06,6e-13,4.5e-10,2.5e-10,0.0792,27600000000.0,629000000.0,11.23,-88.38
3.4e-05,5e-06,6e-13,5e-10,1e-10,0.0792,26500000000.0,591000000.0,11.45,-86.68
3.4e-05,5e-06,6e-13,5e-10,5e-11,0.0792,26500000000.0,590000000.0,11.45,-86.54
3.4e-05,5e-06,6e-13,5e-10,2e-10,0.0792,26500000000.0,591000000.0,11.45,-86.58
3.4e-05,5e-06,6e-13,5e-10,2.5e-10,0.0792,26500000000.0,593000000.0,11.45,-86.88
3.4e-05,5e-06,7e-13,4e-10,1e-10,0.0792,28900000000.0,674000000.0,11.0,-90.47
3.4e-05,5e-06,7e-13,4e-10,5e-11,0.0792,28900000000.0,674000000.0,11.0,-90.45
3.4e-05,5e-06,7e-13,4e-10,1.5e-10,0.0792,28900000000.0,673000000.0,11.0,-90.7
3.4e-05,5e-06,7e-13,4e-10,2e-10,0.0792,28900000000.0,675000000.0,11.0,-90.45
3.4e-05,5e-06,7e-13,4e-10,2.5e-10,0.0792,28900000000.0,675000000.0,11.0,-89.84
3.4e-05,5e-06,7e-13,3e-10,1e-10,0.0792,32700000000.0,828000000.0,10.37,-91.3
3.4e-05,5e-06,7e-13,3e-10,1.5e-10,0.0792,32700000000.0,829000000.0,10.37,-91.05
3.4e-05,5e-06,7e-13,3.5e-10,1e-10,0.0792,30500000000.0,739000000.0,10.72,-93.09
3.4e-05,5e-06,7e-13,3.5e-10,5e-11,0.0792,30500000000.0,737000000.0,10.72,-93.33
3.4e-05,5e-06,7e-13,3.5e-10,1.5e-10,0.0792,30500000000.0,737000000.0,10.72,-93.16
3.4e-05,5e-06,7e-13,3.5e-10,2e-10,0.0792,30500000000.0,737000000.0,10.72,-93.06
3.4e-05,5e-06,7e-13,4.5e-10,1e-10,0.0792,27600000000.0,628000000.0,11.23,-88.3
3.4e-05,5e-06,7e-13,4.5e-10,5e-11,0.0792,27600000000.0,627000000.0,11.24,-88.37
3.4e-05,5e-06,7e-13,4.5e-10,1.5e-10,0.0792,27600000000.0,628000000.0,11.23,-88.38
3.4e-05,5e-06,7e-13,4.5e-10,2e-10,0.0792,27600000000.0,628000000.0,11.24,-88.0
3.4e-05,5e-06,7e-13,4.5e-10,2.5e-10,0.0792,27600000000.0,627000000.0,11.23,-87.99
3.4e-05,5e-06,7e-13,5e-10,1e-10,0.0792,26500000000.0,591000000.0,11.45,-86.64
3.4e-05,5e-06,7e-13,5e-10,5e-11,0.0792,26500000000.0,591000000.0,11.45,-86.43
3.4e-05,5e-06,7e-13,5e-10,1.5e-10,0.0792,26500000000.0,592000000.0,11.45,-86.87
3.4e-05,5e-06,7e-13,5e-10,2e-10,0.0792,26500000000.0,591000000.0,11.45,-86.61
3.4e-05,5e-06,7e-13,5e-10,2.5e-10,0.0792,26500000000.0,593000000.0,11.45,-86.89
3.4e-05,6e-06,5e-13,4e-10,1e-10,0.0792,28700000000.0,778000000.0,11.02,-89.98
3.4e-05,6e-06,5e-13,4e-10,5e-11,0.0792,28700000000.0,777000000.0,11.02,-91.05
3.4e-05,6e-06,5e-13,4e-10,1.5e-10,0.0792,28700000000.0,777000000.0,11.02,-89.91
3.4e-05,6e-06,5e-13,4e-10,2e-10,0.0792,28700000000.0,779000000.0,11.02,-90.28
3.4e-05,6e-06,5e-13,4e-10,2.5e-10,0.0792,28700000000.0,782000000.0,11.02,-90.45
3.4e-05,6e-06,5e-13,3e-10,1e-10,0.0792,32400000000.0,956000000.0,10.4,-91.58
3.4e-05,6e-06,5e-13,3e-10,5e-11,0.0792,32400000000.0,956000000.0,10.4,-91.87
3.4e-05,6e-06,5e-13,3e-10,1.5e-10,0.0792,32400000000.0,956000000.0,10.4,-91.68
3.4e-05,6e-06,5e-13,3e-10,2e-10,0.0792,32400000000.0,956000000.0,10.4,-81.27
3.4e-05,6e-06,5e-13,3e-10,2.5e-10,0.0792,32400000000.0,956000000.0,10.4,-91.72
3.4e-05,6e-06,5e-13,3.5e-10,1e-10,0.0792,30300000000.0,852000000.0,10.75,-93.07
3.4e-05,6e-06,5e-13,3.5e-10,5e-11,0.0792,30300000000.0,856000000.0,10.75,-92.75
3.4e-05,6e-06,5e-13,3.5e-10,2e-10,0.0792,30300000000.0,853000000.0,10.75,-93.14
3.4e-05,6e-06,5e-13,3.5e-10,2.5e-10,0.0792,30300000000.0,853000000.0,10.75,-93.27
3.4e-05,6e-06,5e-13,4.5e-10,1e-10,0.0792,27400000000.0,727000000.0,11.26,-87.15
3.4e-05,6e-06,5e-13,4.5e-10,5e-11,0.0792,27400000000.0,725000000.0,11.26,-88.16
3.4e-05,6e-06,5e-13,4.5e-10,1.5e-10,0.0792,27400000000.0,723000000.0,11.26,-87.97
3.4e-05,6e-06,5e-13,4.5e-10,2e-10,0.0792,27400000000.0,723000000.0,11.26,-88.4
3.4e-05,6e-06,5e-13,4.5e-10,2.5e-10,0.0792,27400000000.0,725000000.0,11.26,-88.09
3.4e-05,6e-06,5e-13,5e-10,1e-10,0.0792,26400000000.0,684000000.0,11.48,-86.9
3.4e-05,6e-06,5e-13,5e-10,5e-11,0.0792,26400000000.0,682000000.0,11.48,-86.63
3.4e-05,6e-06,5e-13,5e-10,1.5e-10,0.0792,26400000000.0,684000000.0,11.48,-86.83
3.4e-05,6e-06,5e-13,5e-10,2e-10,0.0792,26400000000.0,683000000.0,11.48,-86.59
3.4e-05,6e-06,5e-13,5e-10,2.5e-10,0.0792,26400000000.0,683000000.0,11.48,-86.71
3.4e-05,6e-06,3e-13,4e-10,1e-10,0.0792,28700000000.0,781000000.0,11.02,-90.36
3.4e-05,6e-06,3e-13,4e-10,5e-11,0.0792,28700000000.0,780000000.0,11.02,-90.36
3.4e-05,6e-06,3e-13,4e-10,1.5e-10,0.0792,28700000000.0,781000000.0,11.02,-90.17
3.4e-05,6e-06,3e-13,4e-10,2e-10,0.0792,28700000000.0,781000000.0,11.02,-90.37
3.4e-05,6e-06,3e-13,4e-10,2.5e-10,0.0792,28700000000.0,777000000.0,11.02,-90.6
3.4e-05,6e-06,3e-13,3e-10,1e-10,0.0792,32400000000.0,956000000.0,10.4,-91.8
3.4e-05,6e-06,3e-13,3e-10,5e-11,0.0792,32400000000.0,955000000.0,10.4,-91.97
3.4e-05,6e-06,3e-13,3e-10,1.5e-10,0.0792,32400000000.0,956000000.0,10.4,-91.9
3.4e-05,6e-06,3e-13,3e-10,2e-10,0.0792,32400000000.0,957000000.0,10.4,-91.68
3.4e-05,6e-06,3e-13,3e-10,2.5e-10,0.0792,32400000000.0,955000000.0,10.4,-91.19
3.4e-05,6e-06,3e-13,3.5e-10,1e-10,0.0792,30300000000.0,853000000.0,10.75,-93.0
3.4e-05,6e-06,3e-13,3.5e-10,5e-11,0.0792,30300000000.0,853000000.0,10.75,-92.88
3.4e-05,6e-06,3e-13,3.5e-10,1.5e-10,0.0792,30300000000.0,852000000.0,10.75,-92.98
3.4e-05,6e-06,3e-13,3.5e-10,2e-10,0.0792,30300000000.0,852000000.0,10.75,-92.97
3.4e-05,6e-06,3e-13,3.5e-10,2.5e-10,0.0792,30300000000.0,856000000.0,10.75,-93.25
3.4e-05,6e-06,3e-13,4.5e-10,1e-10,0.0792,27400000000.0,725000000.0,11.26,-87.97
3.4e-05,6e-06,3e-13,4.5e-10,5e-11,0.0792,27400000000.0,724000000.0,11.26,-85.0
3.4e-05,6e-06,3e-13,4.5e-10,1.5e-10,0.0792,27400000000.0,725000000.0,11.26,-87.96
3.4e-05,6e-06,3e-13,4.5e-10,2e-10,0.0792,27400000000.0,725000000.0,11.26,-80.83
3.4e-05,6e-06,3e-13,4.5e-10,2.5e-10,0.0792,27400000000.0,726000000.0,11.26,-87.79
3.4e-05,6e-06,3e-13,5e-10,1e-10,0.0792,26400000000.0,685000000.0,11.48,-86.9
3.4e-05,6e-06,3e-13,5e-10,5e-11,0.0792,26400000000.0,684000000.0,11.48,-86.79
3.4e-05,6e-06,3e-13,5e-10,1.5e-10,0.0792,26400000000.0,683000000.0,11.48,-86.5
3.4e-05,6e-06,3e-13,5e-10,2e-10,0.0792,26400000000.0,684000000.0,11.48,-86.7
3.4e-05,6e-06,3e-13,5e-10,2.5e-10,0.0792,26400000000.0,685000000.0,11.48,-86.23
3.4e-05,6e-06,4e-13,4e-10,1e-10,0.0792,28700000000.0,780000000.0,11.02,-90.48
3.4e-05,6e-06,4e-13,4e-10,5e-11,0.0792,28700000000.0,779000000.0,11.02,-90.47
3.4e-05,6e-06,4e-13,4e-10,1.5e-10,0.0792,28700000000.0,780000000.0,11.02,-90.47
3.4e-05,6e-06,4e-13,4e-10,2e-10,0.0792,28700000000.0,780000000.0,11.02,-90.56
3.4e-05,6e-06,4e-13,4e-10,2.5e-10,0.0792,28700000000.0,779000000.0,11.02,-90.29
3.4e-05,6e-06,4e-13,3e-10,1e-10,0.0792,32400000000.0,956000000.0,10.4,-91.95
3.4e-05,6e-06,4e-13,3e-10,5e-11,0.0792,32400000000.0,955000000.0,10.4,-91.9
3.4e-05,6e-06,4e-13,3e-10,1.5e-10,0.0792,32400000000.0,956000000.0,10.4,-91.85
3.4e-05,6e-06,4e-13,3e-10,2.5e-10,0.0792,32400000000.0,954000000.0,10.4,-91.94
3.4e-05,6e-06,4e-13,3.5e-10,1e-10,0.0792,30300000000.0,852000000.0,10.75,-92.99
3.4e-05,6e-06,4e-13,3.5e-10,5e-11,0.0792,30300000000.0,855000000.0,10.75,-93.18
3.4e-05,6e-06,4e-13,3.5e-10,2e-10,0.0792,30300000000.0,853000000.0,10.75,-93.18
3.4e-05,6e-06,4e-13,3.5e-10,2.5e-10,0.0792,30300000000.0,854000000.0,10.75,-93.22
3.4e-05,6e-06,4e-13,4.5e-10,1e-10,0.0792,27400000000.0,724000000.0,11.26,-88.18
3.4e-05,6e-06,4e-13,4.5e-10,5e-11,0.0792,27400000000.0,725000000.0,11.26,-88.1
3.4e-05,6e-06,4e-13,4.5e-10,1.5e-10,0.0792,27400000000.0,727000000.0,11.26,-88.13
3.4e-05,6e-06,4e-13,4.5e-10,2e-10,0.0792,27400000000.0,727000000.0,11.26,-88.3
3.4e-05,6e-06,4e-13,4.5e-10,2.5e-10,0.0792,27400000000.0,727000000.0,11.26,-88.17
3.4e-05,6e-06,4e-13,5e-10,1e-10,0.0792,26400000000.0,683000000.0,11.48,-86.68
3.4e-05,6e-06,4e-13,5e-10,1.5e-10,0.0792,26400000000.0,683000000.0,11.48,-86.66
3.4e-05,6e-06,4e-13,5e-10,2e-10,0.0792,26400000000.0,682000000.0,11.48,-86.41
3.4e-05,6e-06,4e-13,5e-10,2.5e-10,0.0792,26400000000.0,685000000.0,11.48,-86.24
3.4e-05,6e-06,6e-13,4e-10,1e-10,0.0792,28700000000.0,782000000.0,11.02,-90.46
3.4e-05,6e-06,6e-13,4e-10,5e-11,0.0792,28700000000.0,782000000.0,11.02,-90.7
3.4e-05,6e-06,6e-13,4e-10,1.5e-10,0.0792,28700000000.0,780000000.0,11.02,-87.29
3.4e-05,6e-06,6e-13,4e-10,2e-10,0.0792,28700000000.0,780000000.0,11.02,-88.94
3.4e-05,6e-06,6e-13,4e-10,2.5e-10,0.0792,28700000000.0,780000000.0,11.02,-90.4
3.4e-05,6e-06,6e-13,3e-10,1e-10,0.0792,32400000000.0,956000000.0,10.4,-91.59
3.4e-05,6e-06,6e-13,3e-10,5e-11,0.0792,32400000000.0,954000000.0,10.4,-91.91
3.4e-05,6e-06,6e-13,3e-10,1.5e-10,0.0792,32400000000.0,955000000.0,10.4,-92.08
3.4e-05,6e-06,6e-13,3e-10,2e-10,0.0792,32400000000.0,956000000.0,10.4,-91.65
3.4e-05,6e-06,6e-13,3e-10,2.5e-10,0.0792,32400000000.0,957000000.0,10.4,-91.64
3.4e-05,6e-06,6e-13,3.5e-10,1e-10,0.0792,30300000000.0,851000000.0,10.75,-92.92
3.4e-05,6e-06,6e-13,3.5e-10,5e-11,0.0792,30300000000.0,851000000.0,10.75,-93.01
3.4e-05,6e-06,6e-13,3.5e-10,1.5e-10,0.0792,30300000000.0,856000000.0,10.75,-93.14
3.4e-05,6e-06,6e-13,3.5e-10,2.5e-10,0.0792,30300000000.0,853000000.0,10.75,-93.19
3.4e-05,6e-06,6e-13,4.5e-10,1e-10,0.0792,27400000000.0,728000000.0,11.26,-87.01
3.4e-05,6e-06,6e-13,4.5e-10,5e-11,0.0792,27400000000.0,727000000.0,11.26,-88.24
3.4e-05,6e-06,6e-13,4.5e-10,1.5e-10,0.0792,27400000000.0,722000000.0,11.26,-87.87
3.4e-05,6e-06,6e-13,4.5e-10,2.5e-10,0.0792,27400000000.0,725000000.0,11.26,-88.27
3.4e-05,6e-06,6e-13,5e-10,1e-10,0.0792,26400000000.0,684000000.0,11.48,-86.75
3.4e-05,6e-06,6e-13,5e-10,5e-11,0.0792,26400000000.0,683000000.0,11.48,-86.6
3.4e-05,6e-06,6e-13,5e-10,2e-10,0.0792,26400000000.0,683000000.0,11.48,-86.64
3.4e-05,6e-06,6e-13,5e-10,2.5e-10,0.0792,26400000000.0,683000000.0,11.48,-86.61
3.4e-05,6e-06,7e-13,4e-10,1e-10,0.0792,28700000000.0,780000000.0,11.02,-90.0
3.4e-05,6e-06,7e-13,4e-10,5e-11,0.0792,28700000000.0,777000000.0,11.02,-90.1
3.4e-05,6e-06,7e-13,4e-10,1.5e-10,0.0792,28700000000.0,779000000.0,11.02,-90.25
3.4e-05,6e-06,7e-13,4e-10,2e-10,0.0792,28700000000.0,778000000.0,11.02,-90.33
3.4e-05,6e-06,7e-13,4e-10,2.5e-10,0.0792,28700000000.0,780000000.0,11.02,-89.99
3.4e-05,6e-06,7e-13,3e-10,5e-11,0.0792,32400000000.0,954000000.0,10.4,-92.03
3.4e-05,6e-06,7e-13,3e-10,2e-10,0.0792,32400000000.0,954000000.0,10.4,-91.75
3.4e-05,6e-06,7e-13,3e-10,2.5e-10,0.0792,32400000000.0,954000000.0,10.4,-91.92
3.4e-05,6e-06,7e-13,3.5e-10,1e-10,0.0792,30300000000.0,856000000.0,10.75,-93.15
3.4e-05,6e-06,7e-13,3.5e-10,5e-11,0.0792,30300000000.0,851000000.0,10.75,-93.3
3.4e-05,6e-06,7e-13,3.5e-10,2e-10,0.0792,30300000000.0,851000000.0,10.75,-92.95
3.4e-05,6e-06,7e-13,3.5e-10,2.5e-10,0.0792,30300000000.0,853000000.0,10.75,-93.17
3.4e-05,6e-06,7e-13,4.5e-10,1e-10,0.0792,27400000000.0,728000000.0,11.26,-87.14
3.4e-05,6e-06,7e-13,4.5e-10,5e-11,0.0792,27400000000.0,724000000.0,11.26,-88.05
3.4e-05,6e-06,7e-13,4.5e-10,1.5e-10,0.0792,27400000000.0,723000000.0,11.26,-88.01
3.4e-05,6e-06,7e-13,4.5e-10,2e-10,0.0792,27400000000.0,725000000.0,11.26,-88.02
3.4e-05,6e-06,7e-13,4.5e-10,2.5e-10,0.0792,27400000000.0,727000000.0,11.26,-88.15
3.4e-05,6e-06,7e-13,5e-10,1e-10,0.0792,26400000000.0,683000000.0,11.48,-86.9
3.4e-05,6e-06,7e-13,5e-10,5e-11,0.0792,26400000000.0,681000000.0,11.48,-86.45
3.4e-05,6e-06,7e-13,5e-10,1.5e-10,0.0792,26400000000.0,684000000.0,11.48,-86.78
3.4e-05,6e-06,7e-13,5e-10,2e-10,0.0792,26400000000.0,683000000.0,11.48,-86.27
3.4e-05,6e-06,7e-13,5e-10,2.5e-10,0.0792,26400000000.0,684000000.0,11.48,-87.08
3.4e-05,7e-06,5e-13,4e-10,1e-10,0.0792,28500000000.0,875000000.0,11.05,-90.47
3.4e-05,7e-06,5e-13,4e-10,5e-11,0.0792,28500000000.0,877000000.0,11.05,-90.26
3.4e-05,7e-06,5e-13,4e-10,1.5e-10,0.0792,28500000000.0,872000000.0,11.05,-90.14
3.4e-05,7e-06,5e-13,4e-10,2e-10,0.0792,28500000000.0,871000000.0,11.05,-90.45
3.4e-05,7e-06,5e-13,4e-10,2.5e-10,0.0792,28500000000.0,874000000.0,11.05,-90.17
3.4e-05,7e-06,5e-13,3e-10,1e-10,0.0792,32200000000.0,1070000000.0,10.43,-92.1
3.4e-05,7e-06,5e-13,3e-10,5e-11,0.0792,32200000000.0,1070000000.0,10.43,-92.49
3.4e-05,7e-06,5e-13,3e-10,1.5e-10,0.0792,32200000000.0,1070000000.0,10.43,-92.38
3.4e-05,7e-06,5e-13,3e-10,2e-10,0.0792,32200000000.0,1070000000.0,10.43,-91.97
3.4e-05,7e-06,5e-13,3e-10,2.5e-10,0.0792,32200000000.0,1070000000.0,10.43,-92.31
3.4e-05,7e-06,5e-13,3.5e-10,1e-10,0.0792,30100000000.0,953000000.0,10.77,-92.98
3.4e-05,7e-06,5e-13,3.5e-10,5e-11,0.0792,30100000000.0,958000000.0,10.77,-93.18
3.4e-05,7e-06,5e-13,3.5e-10,1.5e-10,0.0792,30100000000.0,955000000.0,10.77,-92.95
3.4e-05,7e-06,5e-13,3.5e-10,2e-10,0.0792,30100000000.0,955000000.0,10.77,-93.19
3.4e-05,7e-06,5e-13,3.5e-10,2.5e-10,0.0792,30100000000.0,953000000.0,10.77,-93.19
3.4e-05,7e-06,5e-13,4.5e-10,1e-10,0.0792,27200000000.0,815000000.0,11.29,-87.89
3.4e-05,7e-06,5e-13,4.5e-10,5e-11,0.0792,27200000000.0,810000000.0,11.29,-88.32
3.4e-05,7e-06,5e-13,4.5e-10,1.5e-10,0.0792,27200000000.0,813000000.0,11.29,-88.05
3.4e-05,7e-06,5e-13,4.5e-10,2e-10,0.0792,27200000000.0,812000000.0,11.29,-88.14
3.4e-05,7e-06,5e-13,4.5e-10,2.5e-10,0.0792,27200000000.0,815000000.0,11.29,-88.21
3.4e-05,7e-06,5e-13,5e-10,1e-10,0.0792,26200000000.0,764000000.0,11.51,-86.32
3.4e-05,7e-06,5e-13,5e-10,5e-11,0.0792,26200000000.0,766000000.0,11.51,-86.78
3.4e-05,7e-06,5e-13,5e-10,1.5e-10,0.0792,26200000000.0,765000000.0,11.51,-86.59
3.4e-05,7e-06,5e-13,5e-10,2e-10,0.0792,26200000000.0,765000000.0,11.51,-86.74
3.4e-05,7e-06,5e-13,5e-10,2.5e-10,0.0792,26200000000.0,765000000.0,11.51,-86.58
3.4e-05,7e-06,3e-13,4e-10,1e-10,0.0792,28500000000.0,875000000.0,11.05,-90.07
3.4e-05,7e-06,3e-13,4e-10,5e-11,0.0792,28500000000.0,875000000.0,11.05,-90.18
3.4e-05,7e-06,3e-13,4e-10,2e-10,0.0792,28500000000.0,874000000.0,11.05,-89.88
3.4e-05,7e-06,3e-13,4e-10,2.5e-10,0.0792,28500000000.0,872000000.0,11.05,-89.73
3.4e-05,7e-06,3e-13,3e-10,1e-10,0.0792,32200000000.0,1070000000.0,10.43,-92.32
3.4e-05,7e-06,3e-13,3e-10,5e-11,0.0792,32200000000.0,1070000000.0,10.43,-92.0
3.4e-05,7e-06,3e-13,3e-10,1.5e-10,0.0792,32200000000.0,1070000000.0,10.43,-92.25
3.4e-05,7e-06,3e-13,3e-10,2e-10,0.0792,32200000000.0,1070000000.0,10.43,-92.24
3.4e-05,7e-06,3e-13,3e-10,2.5e-10,0.0792,32200000000.0,1070000000.0,10.43,-92.13
3.4e-05,7e-06,3e-13,3.5e-10,1e-10,0.0792,30100000000.0,955000000.0,10.77,-92.78
3.4e-05,7e-06,3e-13,3.5e-10,5e-11,0.0792,30100000000.0,955000000.0,10.77,-93.04
3.4e-05,7e-06,3e-13,3.5e-10,1.5e-10,0.0792,30100000000.0,954000000.0,10.77,-93.18
3.4e-05,7e-06,3e-13,3.5e-10,2e-10,0.0792,30100000000.0,956000000.0,10.77,-92.92
3.4e-05,7e-06,3e-13,3.5e-10,2.5e-10,0.0792,30100000000.0,958000000.0,10.77,-93.06
3.4e-05,7e-06,3e-13,4.5e-10,1e-10,0.0792,27200000000.0,813000000.0,11.29,-87.82
3.4e-05,7e-06,3e-13,4.5e-10,5e-11,0.0792,27200000000.0,814000000.0,11.29,-88.08
3.4e-05,7e-06,3e-13,4.5e-10,1.5e-10,0.0792,27200000000.0,815000000.0,11.29,-88.37
3.4e-05,7e-06,3e-13,4.5e-10,2e-10,0.0792,27200000000.0,813000000.0,11.29,-88.06
3.4e-05,7e-06,3e-13,4.5e-10,2.5e-10,0.0792,27200000000.0,814000000.0,11.29,-88.31
3.4e-05,7e-06,3e-13,5e-10,1e-10,0.0792,26200000000.0,765000000.0,11.51,-86.72
3.4e-05,7e-06,3e-13,5e-10,5e-11,0.0792,26200000000.0,764000000.0,11.51,-86.26
3.4e-05,7e-06,3e-13,5e-10,1.5e-10,0.0792,26200000000.0,767000000.0,11.51,-86.19
3.4e-05,7e-06,3e-13,5e-10,2e-10,0.0792,26200000000.0,764000000.0,11.51,-86.45
3.4e-05,7e-06,3e-13,5e-10,2.5e-10,0.0792,26200000000.0,768000000.0,11.51,-86.31
3.4e-05,7e-06,4e-13,4e-10,1e-10,0.0792,28500000000.0,875000000.0,11.05,-90.1
3.4e-05,7e-06,4e-13,4e-10,5e-11,0.0792,28500000000.0,872000000.0,11.05,-89.98
3.4e-05,7e-06,4e-13,4e-10,1.5e-10,0.0792,28500000000.0,874000000.0,11.05,-90.03
3.4e-05,7e-06,4e-13,4e-10,2e-10,0.0792,28500000000.0,874000000.0,11.05,-90.18
3.4e-05,7e-06,4e-13,4e-10,2.5e-10,0.0792,28500000000.0,877000000.0,11.05,-89.87
3.4e-05,7e-06,4e-13,3e-10,1e-10,0.0792,32200000000.0,1070000000.0,10.43,-92.11
3.4e-05,7e-06,4e-13,3e-10,1.5e-10,0.0792,32200000000.0,1070000000.0,10.43,-92.4
3.4e-05,7e-06,4e-13,3e-10,2e-10,0.0792,32200000000.0,1070000000.0,10.43,-92.03
3.4e-05,7e-06,4e-13,3e-10,2.5e-10,0.0792,32200000000.0,1070000000.0,10.43,-92.05
3.4e-05,7e-06,4e-13,3.5e-10,1e-10,0.0792,30100000000.0,954000000.0,10.77,-93.2
3.4e-05,7e-06,4e-13,3.5e-10,5e-11,0.0792,30100000000.0,956000000.0,10.77,-93.1
3.4e-05,7e-06,4e-13,3.5e-10,1.5e-10,0.0792,30100000000.0,953000000.0,10.77,-92.93
3.4e-05,7e-06,4e-13,3.5e-10,2e-10,0.0792,30100000000.0,953000000.0,10.77,-92.71
3.4e-05,7e-06,4e-13,4.5e-10,1e-10,0.0792,27200000000.0,810000000.0,11.29,-87.76
3.4e-05,7e-06,4e-13,4.5e-10,5e-11,0.0792,27200000000.0,813000000.0,11.29,-87.99
3.4e-05,7e-06,4e-13,4.5e-10,1.5e-10,0.0792,27200000000.0,812000000.0,11.29,-87.85
3.4e-05,7e-06,4e-13,4.5e-10,2e-10,0.0792,27200000000.0,811000000.0,11.29,-88.3
3.4e-05,7e-06,4e-13,4.5e-10,2.5e-10,0.0792,27200000000.0,812000000.0,11.29,-87.98
3.4e-05,7e-06,4e-13,5e-10,1e-10,0.0792,26200000000.0,765000000.0,11.51,-86.53
3.4e-05,7e-06,4e-13,5e-10,5e-11,0.0792,26200000000.0,766000000.0,11.51,-86.58
3.4e-05,7e-06,4e-13,5e-10,1.5e-10,0.0792,26200000000.0,765000000.0,11.51,-86.47
3.4e-05,7e-06,4e-13,5e-10,2e-10,0.0792,26200000000.0,765000000.0,11.51,-86.5
3.4e-05,7e-06,4e-13,5e-10,2.5e-10,0.0792,26200000000.0,766000000.0,11.51,-86.66
3.4e-05,7e-06,6e-13,4e-10,1e-10,0.0792,28500000000.0,870000000.0,11.05,-89.9
3.4e-05,7e-06,6e-13,4e-10,5e-11,0.0792,28500000000.0,872000000.0,11.05,-90.57
3.4e-05,7e-06,6e-13,4e-10,2e-10,0.0792,28500000000.0,876000000.0,11.05,-90.08
3.4e-05,7e-06,6e-13,4e-10,2.5e-10,0.0792,28500000000.0,871000000.0,11.05,-90.09
3.4e-05,7e-06,6e-13,3e-10,1e-10,0.0792,32200000000.0,1070000000.0,10.43,-92.21
3.4e-05,7e-06,6e-13,3e-10,5e-11,0.0792,32200000000.0,1070000000.0,10.43,-92.34
3.4e-05,7e-06,6e-13,3e-10,1.5e-10,0.0792,32200000000.0,1070000000.0,10.43,-92.2
3.4e-05,7e-06,6e-13,3e-10,2e-10,0.0792,32200000000.0,1070000000.0,10.43,-92.18
3.4e-05,7e-06,6e-13,3e-10,2.5e-10,0.0792,32200000000.0,1070000000.0,10.43,-92.39
3.4e-05,7e-06,6e-13,3.5e-10,1e-10,0.0792,30100000000.0,953000000.0,10.77,-93.21
3.4e-05,7e-06,6e-13,3.5e-10,5e-11,0.0792,30100000000.0,955000000.0,10.77,-93.16
3.4e-05,7e-06,6e-13,3.5e-10,1.5e-10,0.0792,30100000000.0,958000000.0,10.77,-93.28
3.4e-05,7e-06,6e-13,3.5e-10,2e-10,0.0792,30100000000.0,955000000.0,10.77,-93.11
3.4e-05,7e-06,6e-13,4.5e-10,1e-10,0.0792,27200000000.0,812000000.0,11.29,-88.15
3.4e-05,7e-06,6e-13,4.5e-10,5e-11,0.0792,27200000000.0,812000000.0,11.29,-88.0
3.4e-05,7e-06,6e-13,4.5e-10,2e-10,0.0792,27200000000.0,813000000.0,11.29,-88.11
3.4e-05,7e-06,6e-13,4.5e-10,2.5e-10,0.0792,27200000000.0,813000000.0,11.29,-87.75
3.4e-05,7e-06,6e-13,5e-10,1e-10,0.0792,26200000000.0,765000000.0,11.51,-86.68
3.4e-05,7e-06,6e-13,5e-10,5e-11,0.0792,26200000000.0,766000000.0,11.51,-86.8
3.4e-05,7e-06,6e-13,5e-10,1.5e-10,0.0792,26200000000.0,765000000.0,11.51,-86.48
3.4e-05,7e-06,6e-13,5e-10,2e-10,0.0792,26200000000.0,767000000.0,11.51,-86.69
3.4e-05,7e-06,6e-13,5e-10,2.5e-10,0.0792,26200000000.0,766000000.0,11.51,-86.36
3.4e-05,7e-06,7e-13,4e-10,1e-10,0.0792,28500000000.0,877000000.0,11.05,-89.85
3.4e-05,7e-06,7e-13,4e-10,5e-11,0.0792,28500000000.0,877000000.0,11.05,-90.3
3.4e-05,7e-06,7e-13,4e-10,1.5e-10,0.0792,28500000000.0,874000000.0,11.05,-90.3
3.4e-05,7e-06,7e-13,4e-10,2e-10,0.0792,28500000000.0,874000000.0,11.05,-87.59
3.4e-05,7e-06,7e-13,4e-10,2.5e-10,0.0792,28500000000.0,877000000.0,11.05,-90.33
3.4e-05,7e-06,7e-13,3e-10,1e-10,0.0792,32200000000.0,1070000000.0,10.43,-92.27
3.4e-05,7e-06,7e-13,3e-10,2e-10,0.0792,32200000000.0,1070000000.0,10.43,-92.19
3.4e-05,7e-06,7e-13,3.5e-10,2e-10,0.0792,30100000000.0,953000000.0,10.77,-93.16
3.4e-05,7e-06,7e-13,3.5e-10,2.5e-10,0.0792,30100000000.0,953000000.0,10.77,-92.74
3.4e-05,7e-06,7e-13,4.5e-10,1e-10,0.0792,27200000000.0,813000000.0,11.29,-86.97
3.4e-05,7e-06,7e-13,4.5e-10,5e-11,0.0792,27200000000.0,815000000.0,11.29,-88.4
3.4e-05,7e-06,7e-13,4.5e-10,1.5e-10,0.0792,27200000000.0,810000000.0,11.29,-88.31
3.4e-05,7e-06,7e-13,4.5e-10,2e-10,0.0792,27200000000.0,813000000.0,11.29,-88.1
3.4e-05,7e-06,7e-13,4.5e-10,2.5e-10,0.0792,27200000000.0,813000000.0,11.29,-87.9
3.4e-05,7e-06,7e-13,5e-10,1e-10,0.0792,26200000000.0,765000000.0,11.51,-86.51
3.4e-05,7e-06,7e-13,5e-10,5e-11,0.0792,26200000000.0,766000000.0,11.51,-86.2
3.4e-05,7e-06,7e-13,5e-10,1.5e-10,0.0792,26200000000.0,767000000.0,11.51,-86.17
3.4e-05,7e-06,7e-13,5e-10,2e-10,0.0792,26200000000.0,765000000.0,11.51,-86.62
3.4e-05,7e-06,7e-13,5e-10,2.5e-10,0.0792,26200000000.0,765000000.0,11.51,-85.94
3.4e-05,8e-06,5e-13,4e-10,1e-10,0.0792,28300000000.0,961000000.0,11.07,-89.73
3.4e-05,8e-06,5e-13,4e-10,5e-11,0.0792,28300000000.0,956000000.0,11.07,-89.95
3.4e-05,8e-06,5e-13,4e-10,1.5e-10,0.0792,28300000000.0,957000000.0,11.07,-89.7
3.4e-05,8e-06,5e-13,4e-10,2e-10,0.0792,28300000000.0,958000000.0,11.07,-87.57
3.4e-05,8e-06,5e-13,4e-10,2.5e-10,0.0792,28300000000.0,960000000.0,11.07,-90.41
3.4e-05,8e-06,5e-13,3e-10,1e-10,0.0792,32000000000.0,1170000000.0,10.45,-92.62
3.4e-05,8e-06,5e-13,3e-10,5e-11,0.0792,32000000000.0,1170000000.0,10.45,-92.53
3.4e-05,8e-06,5e-13,3e-10,1.5e-10,0.0792,32000000000.0,1170000000.0,10.45,-92.78
3.4e-05,8e-06,5e-13,3e-10,2e-10,0.0792,32000000000.0,1170000000.0,10.45,-92.56
3.4e-05,8e-06,5e-13,3e-10,2.5e-10,0.0792,32000000000.0,1170000000.0,10.45,-92.81
3.4e-05,8e-06,5e-13,3.5e-10,1e-10,0.0792,29900000000.0,1050000000.0,10.79,-93.02
3.4e-05,8e-06,5e-13,3.5e-10,5e-11,0.0792,29900000000.0,1050000000.0,10.79,-92.84
3.4e-05,8e-06,5e-13,3.5e-10,1.5e-10,0.0792,29900000000.0,1050000000.0,10.79,-93.03
3.4e-05,8e-06,5e-13,3.5e-10,2e-10,0.0792,29900000000.0,1050000000.0,10.79,-92.88
3.4e-05,8e-06,5e-13,3.5e-10,2.5e-10,0.0792,29900000000.0,1050000000.0,10.79,-93.05
3.4e-05,8e-06,5e-13,4.5e-10,1e-10,0.0792,27100000000.0,890000000.0,11.31,-88.02
3.4e-05,8e-06,5e-13,4.5e-10,5e-11,0.0792,27100000000.0,891000000.0,11.31,-87.93
3.4e-05,8e-06,5e-13,4.5e-10,1.5e-10,0.0792,27100000000.0,893000000.0,11.31,-87.84
3.4e-05,8e-06,5e-13,4.5e-10,2e-10,0.0792,27100000000.0,888000000.0,11.31,-87.69
3.4e-05,8e-06,5e-13,4.5e-10,2.5e-10,0.0792,27100000000.0,890000000.0,11.31,-87.94
3.4e-05,8e-06,5e-13,5e-10,1e-10,0.0792,26000000000.0,838000000.0,11.53,-85.88
3.4e-05,8e-06,5e-13,5e-10,5e-11,0.0792,26000000000.0,839000000.0,11.53,-86.44
3.4e-05,8e-06,5e-13,5e-10,1.5e-10,0.0792,26000000000.0,838000000.0,11.53,-86.43
3.4e-05,8e-06,5e-13,5e-10,2e-10,0.0792,26000000000.0,839000000.0,11.53,-87.45
3.4e-05,8e-06,5e-13,5e-10,2.5e-10,0.0792,26000000000.0,839000000.0,11.53,-86.42
3.4e-05,8e-06,3e-13,4e-10,1e-10,0.0792,28300000000.0,959000000.0,11.07,-90.17
3.4e-05,8e-06,3e-13,4e-10,5e-11,0.0792,28300000000.0,959000000.0,11.07,-89.89
3.4e-05,8e-06,3e-13,4e-10,1.5e-10,0.0792,28300000000.0,961000000.0,11.07,-90.4
3.4e-05,8e-06,3e-13,4e-10,2e-10,0.0792,28300000000.0,958000000.0,11.07,-90.03
3.4e-05,8e-06,3e-13,4e-10,2.5e-10,0.0792,28300000000.0,962000000.0,11.07,-90.13
3.4e-05,8e-06,3e-13,3e-10,1e-10,0.0792,32000000000.0,1180000000.0,10.45,-92.58
3.4e-05,8e-06,3e-13,3e-10,5e-11,0.0792,32000000000.0,1170000000.0,10.45,-92.89
3.4e-05,8e-06,3e-13,3e-10,1.5e-10,0.0792,32000000000.0,1170000000.0,10.45,-92.86
3.4e-05,8e-06,3e-13,3e-10,2e-10,0.0792,32000000000.0,1180000000.0,10.45,-92.48
3.4e-05,8e-06,3e-13,3e-10,2.5e-10,0.0792,32000000000.0,1170000000.0,10.45,-92.77
3.4e-05,8e-06,3e-13,3.5e-10,1e-10,0.0792,29900000000.0,1050000000.0,10.79,-92.86
3.4e-05,8e-06,3e-13,3.5e-10,5e-11,0.0792,29900000000.0,1050000000.0,10.79,-92.96
3.4e-05,8e-06,3e-13,3.5e-10,1.5e-10,0.0792,29900000000.0,1050000000.0,10.79,-92.76
3.4e-05,8e-06,3e-13,3.5e-10,2e-10,0.0792,29900000000.0,1050000000.0,10.79,-90.22
3.4e-05,8e-06,3e-13,3.5e-10,2.5e-10,0.0792,29900000000.0,1050000000.0,10.79,-93.11
3.4e-05,8e-06,3e-13,4.5e-10,1e-10,0.0792,27100000000.0,891000000.0,11.31,-88.42
3.4e-05,8e-06,3e-13,4.5e-10,5e-11,0.0792,27100000000.0,892000000.0,11.31,-88.11
3.4e-05,8e-06,3e-13,4.5e-10,1.5e-10,0.0792,27100000000.0,892000000.0,11.31,-87.84
3.4e-05,8e-06,3e-13,4.5e-10,2e-10,0.0792,27100000000.0,892000000.0,11.31,-87.56
3.4e-05,8e-06,3e-13,4.5e-10,2.5e-10,0.0792,27100000000.0,891000000.0,11.31,-87.73
3.4e-05,8e-06,3e-13,5e-10,1e-10,0.0792,26000000000.0,840000000.0,11.53,-86.47
3.4e-05,8e-06,3e-13,5e-10,5e-11,0.0792,26000000000.0,840000000.0,11.53,-86.36
3.4e-05,8e-06,3e-13,5e-10,1.5e-10,0.0792,26000000000.0,840000000.0,11.53,-86.44
3.4e-05,8e-06,3e-13,5e-10,2e-10,0.0792,26000000000.0,839000000.0,11.53,-87.65
3.4e-05,8e-06,3e-13,5e-10,2.5e-10,0.0792,26000000000.0,840000000.0,11.53,-86.61
3.4e-05,8e-06,4e-13,4e-10,1e-10,0.0792,28300000000.0,954000000.0,11.07,-89.98
3.4e-05,8e-06,4e-13,4e-10,5e-11,0.0792,28300000000.0,957000000.0,11.07,-90.03
3.4e-05,8e-06,4e-13,4e-10,1.5e-10,0.0792,28300000000.0,956000000.0,11.07,-89.3
3.4e-05,8e-06,4e-13,4e-10,2e-10,0.0792,28300000000.0,958000000.0,11.07,-90.05
3.4e-05,8e-06,4e-13,4e-10,2.5e-10,0.0792,28300000000.0,955000000.0,11.07,-90.72
3.4e-05,8e-06,4e-13,3e-10,1e-10,0.0792,32000000000.0,1170000000.0,10.45,-92.8
3.4e-05,8e-06,4e-13,3e-10,5e-11,0.0792,32000000000.0,1170000000.0,10.45,-92.51
3.4e-05,8e-06,4e-13,3e-10,1.5e-10,0.0792,32000000000.0,1170000000.0,10.45,-92.82
3.4e-05,8e-06,4e-13,3e-10,2e-10,0.0792,32000000000.0,1170000000.0,10.45,-92.79
3.4e-05,8e-06,4e-13,3e-10,2.5e-10,0.0792,32000000000.0,1170000000.0,10.45,-92.73
3.4e-05,8e-06,4e-13,3.5e-10,1e-10,0.0792,29900000000.0,1050000000.0,10.79,-87.54
3.4e-05,8e-06,4e-13,3.5e-10,5e-11,0.0792,29900000000.0,1050000000.0,10.79,-92.85
3.4e-05,8e-06,4e-13,3.5e-10,1.5e-10,0.0792,29900000000.0,1040000000.0,10.79,-92.88
3.4e-05,8e-06,4e-13,3.5e-10,2e-10,0.0792,29900000000.0,1050000000.0,10.79,-92.94
3.4e-05,8e-06,4e-13,3.5e-10,2.5e-10,0.0792,29900000000.0,1050000000.0,10.79,-92.66
3.4e-05,8e-06,4e-13,4.5e-10,1e-10,0.0792,27100000000.0,890000000.0,11.31,-90.01
3.4e-05,8e-06,4e-13,4.5e-10,5e-11,0.0792,27100000000.0,889000000.0,11.31,-87.73
3.4e-05,8e-06,4e-13,4.5e-10,1.5e-10,0.0792,27100000000.0,890000000.0,11.31,-87.36
3.4e-05,8e-06,4e-13,4.5e-10,2e-10,0.0792,27100000000.0,893000000.0,11.31,-87.79
3.4e-05,8e-06,4e-13,4.5e-10,2.5e-10,0.0792,27100000000.0,891000000.0,11.31,-88.08
3.4e-05,8e-06,4e-13,5e-10,1e-10,0.0792,26000000000.0,838000000.0,11.53,-85.85
3.4e-05,8e-06,4e-13,5e-10,5e-11,0.0792,26000000000.0,839000000.0,11.53,-88.37
3.4e-05,8e-06,4e-13,5e-10,1.5e-10,0.0792,26000000000.0,839000000.0,11.53,-86.55
3.4e-05,8e-06,4e-13,5e-10,2e-10,0.0792,26000000000.0,838000000.0,11.53,-86.46
3.4e-05,8e-06,4e-13,5e-10,2.5e-10,0.0792,26000000000.0,839000000.0,11.53,-86.83
3.4e-05,8e-06,6e-13,4e-10,1e-10,0.0792,28300000000.0,959000000.0,11.07,-90.32
3.4e-05,8e-06,6e-13,4e-10,5e-11,0.0792,28300000000.0,958000000.0,11.07,-90.06
3.4e-05,8e-06,6e-13,4e-10,1.5e-10,0.0792,28300000000.0,961000000.0,11.07,-90.16
3.4e-05,8e-06,6e-13,4e-10,2e-10,0.0792,28300000000.0,957000000.0,11.07,-90.45
3.4e-05,8e-06,6e-13,4e-10,2.5e-10,0.0792,28300000000.0,956000000.0,11.07,-89.37
3.4e-05,8e-06,6e-13,3e-10,1e-10,0.0792,32000000000.0,1170000000.0,10.45,-92.64
3.4e-05,8e-06,6e-13,3e-10,5e-11,0.0792,32000000000.0,1170000000.0,10.45,-92.75
3.4e-05,8e-06,6e-13,3e-10,2e-10,0.0792,32000000000.0,1170000000.0,10.45,-92.43
3.4e-05,8e-06,6e-13,3.5e-10,1e-10,0.0792,29900000000.0,1040000000.0,10.79,-92.6
3.4e-05,8e-06,6e-13,3.5e-10,5e-11,0.0792,29900000000.0,1050000000.0,10.79,-93.08
3.4e-05,8e-06,6e-13,3.5e-10,2e-10,0.0792,29900000000.0,1040000000.0,10.79,-92.91
3.4e-05,8e-06,6e-13,3.5e-10,2.5e-10,0.0792,29900000000.0,1050000000.0,10.79,-92.87
3.4e-05,8e-06,6e-13,4.5e-10,1e-10,0.0792,27100000000.0,890000000.0,11.31,-87.77
3.4e-05,8e-06,6e-13,4.5e-10,5e-11,0.0792,27100000000.0,893000000.0,11.31,-88.09
3.4e-05,8e-06,6e-13,4.5e-10,1.5e-10,0.0792,27100000000.0,891000000.0,11.31,-87.59
3.4e-05,8e-06,6e-13,4.5e-10,2e-10,0.0792,27100000000.0,891000000.0,11.31,-87.91
3.4e-05,8e-06,6e-13,4.5e-10,2.5e-10,0.0792,27100000000.0,891000000.0,11.31,-87.1
3.4e-05,8e-06,6e-13,5e-10,1e-10,0.0792,26000000000.0,839000000.0,11.53,-86.56
3.4e-05,8e-06,6e-13,5e-10,5e-11,0.0792,26000000000.0,839000000.0,11.53,-86.52
3.4e-05,8e-06,6e-13,5e-10,1.5e-10,0.0792,26000000000.0,838000000.0,11.53,-86.41
3.4e-05,8e-06,6e-13,5e-10,2e-10,0.0792,26000000000.0,839000000.0,11.53,-86.58
3.4e-05,8e-06,6e-13,5e-10,2.5e-10,0.0792,26000000000.0,839000000.0,11.53,-86.41
3.4e-05,8e-06,7e-13,4e-10,1e-10,0.0792,28300000000.0,960000000.0,11.07,-90.24
3.4e-05,8e-06,7e-13,4e-10,5e-11,0.0792,28300000000.0,955000000.0,11.07,-90.3
3.4e-05,8e-06,7e-13,4e-10,1.5e-10,0.0792,28300000000.0,957000000.0,11.07,-90.04
3.4e-05,8e-06,7e-13,4e-10,2e-10,0.0792,28300000000.0,958000000.0,11.07,-90.33
3.4e-05,8e-06,7e-13,4e-10,2.5e-10,0.0792,28300000000.0,958000000.0,11.07,-90.23
3.4e-05,8e-06,7e-13,3e-10,1e-10,0.0792,32000000000.0,1170000000.0,10.45,-92.66
3.4e-05,8e-06,7e-13,3e-10,5e-11,0.0792,32000000000.0,1170000000.0,10.45,-92.72
3.4e-05,8e-06,7e-13,3.5e-10,1.5e-10,0.0792,29900000000.0,1040000000.0,10.79,-93.36
3.4e-05,8e-06,7e-13,3.5e-10,2e-10,0.0792,29900000000.0,1050000000.0,10.79,-92.72
3.4e-05,8e-06,7e-13,4.5e-10,1e-10,0.0792,27100000000.0,889000000.0,11.31,-87.54
3.4e-05,8e-06,7e-13,4.5e-10,1.5e-10,0.0792,27100000000.0,891000000.0,11.31,-88.19
3.4e-05,8e-06,7e-13,4.5e-10,2e-10,0.0792,27100000000.0,892000000.0,11.31,-87.9
3.4e-05,8e-06,7e-13,4.5e-10,2.5e-10,0.0792,27100000000.0,891000000.0,11.31,-87.98
3.4e-05,8e-06,7e-13,5e-10,1e-10,0.0792,26000000000.0,839000000.0,11.53,-86.5
3.4e-05,8e-06,7e-13,5e-10,5e-11,0.0792,26000000000.0,839000000.0,11.53,-86.71
3.4e-05,8e-06,7e-13,5e-10,1.5e-10,0.0792,26000000000.0,839000000.0,11.53,-86.65
3.4e-05,8e-06,7e-13,5e-10,2e-10,0.0792,26000000000.0,839000000.0,11.53,-86.43
3.4e-05,9e-06,5e-13,4e-10,1e-10,0.0792,28200000000.0,1030000000.0,11.09,-89.96
3.4e-05,9e-06,5e-13,4e-10,5e-11,0.0792,28200000000.0,1030000000.0,11.09,-89.54
3.4e-05,9e-06,5e-13,4e-10,1.5e-10,0.0792,28200000000.0,1030000000.0,11.09,-89.78
3.4e-05,9e-06,5e-13,4e-10,2e-10,0.0792,28200000000.0,1030000000.0,11.09,-90.12
3.4e-05,9e-06,5e-13,4e-10,2.5e-10,0.0792,28200000000.0,1030000000.0,11.09,-89.7
3.4e-05,9e-06,5e-13,3e-10,1e-10,0.0792,31800000000.0,1260000000.0,10.47,-93.2
3.4e-05,9e-06,5e-13,3e-10,5e-11,0.0792,31800000000.0,1260000000.0,10.47,-92.84
3.4e-05,9e-06,5e-13,3e-10,1.5e-10,0.0792,31800000000.0,1260000000.0,10.47,-93.12
3.4e-05,9e-06,5e-13,3e-10,2e-10,0.0792,31800000000.0,1260000000.0,10.47,-92.68
3.4e-05,9e-06,5e-13,3e-10,2.5e-10,0.0792,31800000000.0,1260000000.0,10.47,-92.71
3.4e-05,9e-06,5e-13,3.5e-10,1e-10,0.0792,29700000000.0,1130000000.0,10.81,-92.88
3.4e-05,9e-06,5e-13,3.5e-10,5e-11,0.0792,29700000000.0,1130000000.0,10.81,-92.94
3.4e-05,9e-06,5e-13,3.5e-10,1.5e-10,0.0792,29700000000.0,1130000000.0,10.81,-92.51
3.4e-05,9e-06,5e-13,3.5e-10,2e-10,0.0792,29700000000.0,1130000000.0,10.81,-92.89
3.4e-05,9e-06,5e-13,3.5e-10,2.5e-10,0.0792,29700000000.0,1130000000.0,10.81,-90.74
3.4e-05,9e-06,5e-13,4.5e-10,1e-10,0.0792,26900000000.0,962000000.0,11.34,-87.95
3.4e-05,9e-06,5e-13,4.5e-10,5e-11,0.0792,26900000000.0,960000000.0,11.34,-87.86
3.4e-05,9e-06,5e-13,4.5e-10,1.5e-10,0.0792,26900000000.0,959000000.0,11.34,-87.67
3.4e-05,9e-06,5e-13,4.5e-10,2e-10,0.0792,26900000000.0,959000000.0,11.34,-86.97
3.4e-05,9e-06,5e-13,4.5e-10,2.5e-10,0.0792,26900000000.0,962000000.0,11.34,-88.24
3.4e-05,9e-06,5e-13,5e-10,1e-10,0.0792,25900000000.0,904000000.0,11.56,-86.68
3.4e-05,9e-06,5e-13,5e-10,5e-11,0.0792,25900000000.0,905000000.0,11.56,-86.27
3.4e-05,9e-06,5e-13,5e-10,1.5e-10,0.0792,25900000000.0,902000000.0,11.56,-86.33
3.4e-05,9e-06,5e-13,5e-10,2e-10,0.0792,25900000000.0,903000000.0,11.56,-86.53
3.4e-05,9e-06,5e-13,5e-10,2.5e-10,0.0792,25900000000.0,903000000.0,11.56,-86.55
3.4e-05,9e-06,3e-13,4e-10,1e-10,0.0792,28200000000.0,1030000000.0,11.09,-89.72
3.4e-05,9e-06,3e-13,4e-10,1.5e-10,0.0792,28200000000.0,1030000000.0,11.09,-89.77
3.4e-05,9e-06,3e-13,4e-10,2e-10,0.0792,28200000000.0,1030000000.0,11.09,-89.68
3.4e-05,9e-06,3e-13,3e-10,1e-10,0.0792,31800000000.0,1260000000.0,10.47,-93.04
3.4e-05,9e-06,3e-13,3e-10,5e-11,0.0792,31800000000.0,1260000000.0,10.47,-93.21
3.4e-05,9e-06,3e-13,3e-10,1.5e-10,0.0792,31800000000.0,1260000000.0,10.47,-92.95
3.4e-05,9e-06,3e-13,3e-10,2e-10,0.0792,31800000000.0,1260000000.0,10.47,-93.23
3.4e-05,9e-06,3e-13,3e-10,2.5e-10,0.0792,31800000000.0,1260000000.0,10.47,-93.0
3.4e-05,9e-06,3e-13,3.5e-10,1e-10,0.0792,29700000000.0,1130000000.0,10.82,-92.99
3.4e-05,9e-06,3e-13,3.5e-10,5e-11,0.0792,29700000000.0,1130000000.0,10.81,-89.9
3.4e-05,9e-06,3e-13,3.5e-10,2e-10,0.0792,29700000000.0,1130000000.0,10.81,-92.66
3.4e-05,9e-06,3e-13,3.5e-10,2.5e-10,0.0792,29700000000.0,1120000000.0,10.81,-92.75
3.4e-05,9e-06,3e-13,4.5e-10,1e-10,0.0792,26900000000.0,959000000.0,11.34,-87.88
3.4e-05,9e-06,3e-13,4.5e-10,5e-11,0.0792,26900000000.0,962000000.0,11.34,-88.19
3.4e-05,9e-06,3e-13,4.5e-10,1.5e-10,0.0792,26900000000.0,959000000.0,11.34,-87.6
3.4e-05,9e-06,3e-13,4.5e-10,2e-10,0.0792,26900000000.0,961000000.0,11.34,-88.04
3.4e-05,9e-06,3e-13,4.5e-10,2.5e-10,0.0792,26900000000.0,959000000.0,11.34,-87.76
3.4e-05,9e-06,3e-13,5e-10,1e-10,0.0792,25900000000.0,904000000.0,11.56,-86.23
3.4e-05,9e-06,3e-13,5e-10,5e-11,0.0792,25900000000.0,903000000.0,11.56,-86.4
3.4e-05,9e-06,3e-13,5e-10,1.5e-10,0.0792,25900000000.0,905000000.0,11.56,-86.25
3.4e-05,9e-06,3e-13,5e-10,2e-10,0.0792,25900000000.0,904000000.0,11.56,-86.49
3.4e-05,9e-06,3e-13,5e-10,2.5e-10,0.0792,25900000000.0,905000000.0,11.56,-86.37
3.4e-05,9e-06,4e-13,4e-10,1e-10,0.0792,28200000000.0,1030000000.0,11.09,-90.05
3.4e-05,9e-06,4e-13,4e-10,5e-11,0.0792,28200000000.0,1030000000.0,11.09,-89.95
3.4e-05,9e-06,4e-13,4e-10,1.5e-10,0.0792,28200000000.0,1030000000.0,11.09,-90.02
3.4e-05,9e-06,4e-13,4e-10,2e-10,0.0792,28200000000.0,1030000000.0,11.09,-89.84
3.4e-05,9e-06,4e-13,4e-10,2.5e-10,0.0792,28200000000.0,1030000000.0,11.09,-90.15
3.4e-05,9e-06,4e-13,3e-10,5e-11,0.0792,31800000000.0,1260000000.0,10.47,-92.94
3.4e-05,9e-06,4e-13,3e-10,1.5e-10,0.0792,31800000000.0,1260000000.0,10.47,-93.18
3.4e-05,9e-06,4e-13,3e-10,2e-10,0.0792,31800000000.0,1260000000.0,10.47,-93.09
3.4e-05,9e-06,4e-13,3e-10,2.5e-10,0.0792,31800000000.0,1260000000.0,10.47,-93.1
3.4e-05,9e-06,4e-13,3.5e-10,1e-10,0.0792,29700000000.0,1130000000.0,10.81,-93.04
3.4e-05,9e-06,4e-13,3.5e-10,5e-11,0.0792,29700000000.0,1130000000.0,10.81,-92.72
3.4e-05,9e-06,4e-13,3.5e-10,1.5e-10,0.0792,29700000000.0,1130000000.0,10.81,-92.87
3.4e-05,9e-06,4e-13,3.5e-10,2e-10,0.0792,29700000000.0,1130000000.0,10.81,-92.52
3.4e-05,9e-06,4e-13,3.5e-10,2.5e-10,0.0792,29700000000.0,1130000000.0,10.81,-92.93
3.4e-05,9e-06,4e-13,4.5e-10,1e-10,0.0792,26900000000.0,959000000.0,11.34,-88.02
3.4e-05,9e-06,4e-13,4.5e-10,5e-11,0.0792,26900000000.0,962000000.0,11.34,-88.05
3.4e-05,9e-06,4e-13,4.5e-10,1.5e-10,0.0792,26900000000.0,962000000.0,11.34,-87.67
3.4e-05,9e-06,4e-13,4.5e-10,2e-10,0.0792,26900000000.0,960000000.0,11.34,-87.96
3.4e-05,9e-06,4e-13,4.5e-10,2.5e-10,0.0792,26900000000.0,960000000.0,11.34,-86.79
3.4e-05,9e-06,4e-13,5e-10,1e-10,0.0792,25900000000.0,904000000.0,11.56,-86.81
3.4e-05,9e-06,4e-13,5e-10,5e-11,0.0792,25900000000.0,905000000.0,11.56,-86.14
3.4e-05,9e-06,4e-13,5e-10,1.5e-10,0.0792,25900000000.0,903000000.0,11.56,-86.51
3.4e-05,9e-06,4e-13,5e-10,2e-10,0.0792,25900000000.0,903000000.0,11.56,-86.64
3.4e-05,9e-06,4e-13,5e-10,2.5e-10,0.0792,25900000000.0,904000000.0,11.56,-86.38
3.4e-05,9e-06,6e-13,4e-10,1e-10,0.0792,28200000000.0,1030000000.0,11.09,-89.64
3.4e-05,9e-06,6e-13,4e-10,5e-11,0.0792,28200000000.0,1030000000.0,11.09,-89.89
3.4e-05,9e-06,6e-13,4e-10,1.5e-10,0.0792,28200000000.0,1030000000.0,11.09,-89.71
3.4e-05,9e-06,6e-13,4e-10,2e-10,0.0792,28200000000.0,1030000000.0,11.09,-89.46
3.4e-05,9e-06,6e-13,4e-10,2.5e-10,0.0792,28200000000.0,1030000000.0,11.09,-89.57
3.4e-05,9e-06,6e-13,3e-10,1e-10,0.0792,31800000000.0,1260000000.0,10.47,-93.25
3.4e-05,9e-06,6e-13,3e-10,2e-10,0.0792,31800000000.0,1260000000.0,10.47,-93.05
3.4e-05,9e-06,6e-13,3e-10,2.5e-10,0.0792,31800000000.0,1260000000.0,10.47,-92.97
3.4e-05,9e-06,6e-13,3.5e-10,1e-10,0.0792,29700000000.0,1130000000.0,10.81,-92.83
3.4e-05,9e-06,6e-13,3.5e-10,5e-11,0.0792,29700000000.0,1120000000.0,10.81,-93.02
3.4e-05,9e-06,6e-13,3.5e-10,1.5e-10,0.0792,29700000000.0,1120000000.0,10.81,-92.62
3.4e-05,9e-06,6e-13,4.5e-10,1e-10,0.0792,26900000000.0,960000000.0,11.34,-87.8
3.4e-05,9e-06,6e-13,4.5e-10,5e-11,0.0792,26900000000.0,960000000.0,11.34,-88.15
3.4e-05,9e-06,6e-13,4.5e-10,1.5e-10,0.0792,26900000000.0,959000000.0,11.34,-87.99
3.4e-05,9e-06,6e-13,4.5e-10,2e-10,0.0792,26900000000.0,959000000.0,11.34,-88.13
3.4e-05,9e-06,6e-13,4.5e-10,2.5e-10,0.0792,26900000000.0,959000000.0,11.34,-87.69
3.4e-05,9e-06,6e-13,5e-10,1e-10,0.0792,25900000000.0,903000000.0,11.56,-86.67
3.4e-05,9e-06,6e-13,5e-10,5e-11,0.0792,25900000000.0,903000000.0,11.56,-86.43
3.4e-05,9e-06,6e-13,5e-10,1.5e-10,0.0792,25900000000.0,903000000.0,11.56,-86.36
3.4e-05,9e-06,6e-13,5e-10,2e-10,0.0792,25900000000.0,902000000.0,11.56,-86.35
3.4e-05,9e-06,6e-13,5e-10,2.5e-10,0.0792,25900000000.0,903000000.0,11.56,-86.25
3.4e-05,9e-06,7e-13,4e-10,1e-10,0.0792,28200000000.0,1030000000.0,11.09,-89.59
3.4e-05,9e-06,7e-13,4e-10,5e-11,0.0792,28200000000.0,1030000000.0,11.09,-90.48
3.4e-05,9e-06,7e-13,4e-10,1.5e-10,0.0792,28200000000.0,1030000000.0,11.09,-90.11
3.4e-05,9e-06,7e-13,4e-10,2e-10,0.0792,28200000000.0,1030000000.0,11.09,-90.33
3.4e-05,9e-06,7e-13,4e-10,2.5e-10,0.0792,28200000000.0,1030000000.0,11.09,-89.47
3.4e-05,9e-06,7e-13,3e-10,1.5e-10,0.0792,31800000000.0,1260000000.0,10.47,-93.11
3.4e-05,9e-06,7e-13,3.5e-10,1e-10,0.0792,29700000000.0,1130000000.0,10.81,-92.78
3.4e-05,9e-06,7e-13,3.5e-10,5e-11,0.0792,29700000000.0,1130000000.0,10.81,-93.09
3.4e-05,9e-06,7e-13,3.5e-10,1.5e-10,0.0792,29700000000.0,1120000000.0,10.81,-92.81
3.4e-05,9e-06,7e-13,3.5e-10,2e-10,0.0792,29700000000.0,1130000000.0,10.81,-92.82
3.4e-05,9e-06,7e-13,3.5e-10,2.5e-10,0.0792,29700000000.0,1130000000.0,10.81,-92.73
3.4e-05,9e-06,7e-13,4.5e-10,1e-10,0.0792,26900000000.0,957000000.0,11.34,-87.64
3.4e-05,9e-06,7e-13,4.5e-10,5e-11,0.0792,26900000000.0,956000000.0,11.34,-88.18
3.4e-05,9e-06,7e-13,4.5e-10,1.5e-10,0.0792,26900000000.0,961000000.0,11.34,-88.41
3.4e-05,9e-06,7e-13,4.5e-10,2e-10,0.0792,26900000000.0,959000000.0,11.34,-87.47
3.4e-05,9e-06,7e-13,4.5e-10,2.5e-10,0.0792,26900000000.0,957000000.0,11.34,-87.66
3.4e-05,9e-06,7e-13,5e-10,1e-10,0.0792,25900000000.0,904000000.0,11.56,-86.43
3.4e-05,9e-06,7e-13,5e-10,5e-11,0.0792,25900000000.0,903000000.0,11.56,-86.31
3.4e-05,9e-06,7e-13,5e-10,1.5e-10,0.0792,25900000000.0,902000000.0,11.56,-86.1
3.4e-05,9e-06,7e-13,5e-10,2e-10,0.0792,25900000000.0,903000000.0,11.56,-86.33
3.4e-05,1e-05,5e-13,4e-10,1e-10,0.0792,28000000000.0,1100000000.0,11.11,-89.94
3.4e-05,1e-05,5e-13,4e-10,5e-11,0.0792,28000000000.0,1100000000.0,11.11,-89.67
3.4e-05,1e-05,5e-13,4e-10,1.5e-10,0.0792,28000000000.0,1090000000.0,11.11,-89.81
3.4e-05,1e-05,5e-13,4e-10,2e-10,0.0792,28000000000.0,1090000000.0,11.11,-89.33
3.4e-05,1e-05,5e-13,4e-10,2.5e-10,0.0792,28000000000.0,1090000000.0,11.11,-89.54
3.4e-05,1e-05,5e-13,3e-10,1e-10,0.0792,31600000000.0,1340000000.0,10.49,-93.31
3.4e-05,1e-05,5e-13,3e-10,1.5e-10,0.0792,31600000000.0,1340000000.0,10.49,-78.36
3.4e-05,1e-05,5e-13,3e-10,2e-10,0.0792,31600000000.0,1340000000.0,10.49,-93.41
3.4e-05,1e-05,5e-13,3e-10,2.5e-10,0.0792,31600000000.0,1340000000.0,10.49,-93.21
3.4e-05,1e-05,5e-13,3.5e-10,1e-10,0.0792,29500000000.0,1200000000.0,10.83,-92.55
3.4e-05,1e-05,5e-13,3.5e-10,5e-11,0.0792,29500000000.0,1200000000.0,10.83,-92.89
3.4e-05,1e-05,5e-13,3.5e-10,1.5e-10,0.0792,29500000000.0,1200000000.0,10.83,-92.62
3.4e-05,1e-05,5e-13,3.5e-10,2e-10,0.0792,29500000000.0,1200000000.0,10.83,-92.68
3.4e-05,1e-05,5e-13,3.5e-10,2.5e-10,0.0792,29500000000.0,1200000000.0,10.83,-87.84
3.4e-05,1e-05,5e-13,4.5e-10,1e-10,0.0792,26700000000.0,1020000000.0,11.36,-87.93
3.4e-05,1e-05,5e-13,4.5e-10,5e-11,0.0792,26700000000.0,1020000000.0,11.36,-88.1
3.4e-05,1e-05,5e-13,4.5e-10,1.5e-10,0.0792,26700000000.0,1020000000.0,11.36,-87.79
3.4e-05,1e-05,5e-13,4.5e-10,2e-10,0.0792,26700000000.0,1020000000.0,11.36,-87.76
3.4e-05,1e-05,5e-13,4.5e-10,2.5e-10,0.0792,26700000000.0,1020000000.0,11.36,-87.9
3.4e-05,1e-05,5e-13,5e-10,1e-10,0.0792,25700000000.0,960000000.0,11.58,-86.71
3.4e-05,1e-05,5e-13,5e-10,5e-11,0.0792,25700000000.0,960000000.0,11.58,-86.21
3.4e-05,1e-05,5e-13,5e-10,1.5e-10,0.0792,25700000000.0,961000000.0,11.58,-85.89
3.4e-05,1e-05,5e-13,5e-10,2e-10,0.0792,25700000000.0,959000000.0,11.58,-86.45
3.4e-05,1e-05,5e-13,5e-10,2.5e-10,0.0792,25700000000.0,960000000.0,11.58,-86.31
3.4e-05,1e-05,3e-13,4e-10,1e-10,0.0792,28000000000.0,1100000000.0,11.11,-89.81
3.4e-05,1e-05,3e-13,4e-10,5e-11,0.0792,28000000000.0,1100000000.0,11.11,-88.0
3.4e-05,1e-05,3e-13,4e-10,1.5e-10,0.0792,28000000000.0,1100000000.0,11.11,-89.92
3.4e-05,1e-05,3e-13,4e-10,2e-10,0.0792,28000000000.0,1100000000.0,11.11,-89.31
3.4e-05,1e-05,3e-13,4e-10,2.5e-10,0.0792,28000000000.0,1100000000.0,11.11,-89.56
3.4e-05,1e-05,3e-13,3e-10,1e-10,0.0792,31600000000.0,1340000000.0,10.49,-93.38
3.4e-05,1e-05,3e-13,3e-10,5e-11,0.0792,31600000000.0,1340000000.0,10.49,-93.6
3.4e-05,1e-05,3e-13,3e-10,2e-10,0.0792,31600000000.0,1340000000.0,10.49,-93.34
3.4e-05,1e-05,3e-13,3e-10,2.5e-10,0.0792,31600000000.0,1340000000.0,10.49,-93.17
3.4e-05,1e-05,3e-13,3.5e-10,1e-10,0.0792,29600000000.0,1200000000.0,10.83,-92.68
3.4e-05,1e-05,3e-13,3.5e-10,5e-11,0.0792,29600000000.0,1200000000.0,10.83,-92.43
3.4e-05,1e-05,3e-13,3.5e-10,1.5e-10,0.0792,29600000000.0,1200000000.0,10.83,-92.76
3.4e-05,1e-05,3e-13,3.5e-10,2e-10,0.0792,29600000000.0,1200000000.0,10.83,-92.89
3.4e-05,1e-05,3e-13,3.5e-10,2.5e-10,0.0792,29600000000.0,1200000000.0,10.83,-92.51
3.4e-05,1e-05,3e-13,4.5e-10,1e-10,0.0792,26800000000.0,1020000000.0,11.36,-87.42
3.4e-05,1e-05,3e-13,4.5e-10,5e-11,0.0792,26800000000.0,1020000000.0,11.36,-87.52
3.4e-05,1e-05,3e-13,4.5e-10,1.5e-10,0.0792,26700000000.0,1020000000.0,11.36,-87.87
3.4e-05,1e-05,3e-13,4.5e-10,2e-10,0.0792,26800000000.0,1020000000.0,11.36,-87.92
3.4e-05,1e-05,3e-13,4.5e-10,2.5e-10,0.0792,26700000000.0,1020000000.0,11.36,-87.7
3.4e-05,1e-05,3e-13,5e-10,1e-10,0.0792,25700000000.0,961000000.0,11.58,-86.45
3.4e-05,1e-05,3e-13,5e-10,5e-11,0.0792,25700000000.0,960000000.0,11.58,-86.49
3.4e-05,1e-05,3e-13,5e-10,1.5e-10,0.0792,25700000000.0,960000000.0,11.58,-86.58
3.4e-05,1e-05,3e-13,5e-10,2e-10,0.0792,25700000000.0,960000000.0,11.58,-86.4
3.4e-05,1e-05,3e-13,5e-10,2.5e-10,0.0792,25700000000.0,961000000.0,11.58,-86.29
3.4e-05,1e-05,4e-13,4e-10,1e-10,0.0792,28000000000.0,1100000000.0,11.11,-89.73
3.4e-05,1e-05,4e-13,4e-10,5e-11,0.0792,28000000000.0,1100000000.0,11.11,-89.53
3.4e-05,1e-05,4e-13,4e-10,1.5e-10,0.0792,28000000000.0,1100000000.0,11.11,-89.7
3.4e-05,1e-05,4e-13,4e-10,2e-10,0.0792,28000000000.0,1090000000.0,11.11,-89.02
3.4e-05,1e-05,4e-13,4e-10,2.5e-10,0.0792,28000000000.0,1100000000.0,11.11,-89.87
3.4e-05,1e-05,4e-13,3e-10,5e-11,0.0792,31600000000.0,1340000000.0,10.49,-93.51
3.4e-05,1e-05,4e-13,3e-10,1.5e-10,0.0792,31600000000.0,1340000000.0,10.49,-93.43
3.4e-05,1e-05,4e-13,3e-10,2.5e-10,0.0792,31600000000.0,1340000000.0,10.49,-93.45
3.4e-05,1e-05,4e-13,3.5e-10,1e-10,0.0792,29600000000.0,1200000000.0,10.83,-92.84
3.4e-05,1e-05,4e-13,3.5e-10,5e-11,0.0792,29600000000.0,1200000000.0,10.83,-92.56
3.4e-05,1e-05,4e-13,3.5e-10,1.5e-10,0.0792,29600000000.0,1200000000.0,10.83,-92.49
3.4e-05,1e-05,4e-13,3.5e-10,2e-10,0.0792,29600000000.0,1200000000.0,10.83,-92.47
3.4e-05,1e-05,4e-13,3.5e-10,2.5e-10,0.0792,29600000000.0,1200000000.0,10.83,-87.98
3.4e-05,1e-05,4e-13,4.5e-10,5e-11,0.0792,26700000000.0,1020000000.0,11.36,-87.85
3.4e-05,1e-05,4e-13,4.5e-10,1.5e-10,0.0792,26700000000.0,1020000000.0,11.36,-88.08
3.4e-05,1e-05,4e-13,4.5e-10,2e-10,0.0792,26700000000.0,1020000000.0,11.36,-87.4
3.4e-05,1e-05,4e-13,4.5e-10,2.5e-10,0.0792,26700000000.0,1020000000.0,11.36,-87.63
3.4e-05,1e-05,4e-13,5e-10,1e-10,0.0792,25700000000.0,960000000.0,11.58,-86.46
3.4e-05,1e-05,4e-13,5e-10,5e-11,0.0792,25700000000.0,960000000.0,11.58,-86.54
3.4e-05,1e-05,4e-13,5e-10,1.5e-10,0.0792,25700000000.0,959000000.0,11.58,-86.18
3.4e-05,1e-05,4e-13,5e-10,2e-10,0.0792,25700000000.0,960000000.0,11.58,-86.25
3.4e-05,1e-05,4e-13,5e-10,2.5e-10,0.0792,25700000000.0,959000000.0,11.58,-86.34
3.4e-05,1e-05,6e-13,4e-10,1e-10,0.0792,28000000000.0,1090000000.0,11.11,-89.65
3.4e-05,1e-05,6e-13,4e-10,5e-11,0.0792,28000000000.0,1100000000.0,11.11,-89.83
3.4e-05,1e-05,6e-13,4e-10,1.5e-10,0.0792,28000000000.0,1100000000.0,11.11,-89.68
3.4e-05,1e-05,6e-13,4e-10,2e-10,0.0792,28000000000.0,1100000000.0,11.11,-89.32
3.4e-05,1e-05,6e-13,4e-10,2.5e-10,0.0792,28000000000.0,1100000000.0,11.11,-90.04
3.4e-05,1e-05,6e-13,3e-10,1e-10,0.0792,31600000000.0,1340000000.0,10.48,-93.48
3.4e-05,1e-05,6e-13,3e-10,5e-11,0.0792,31600000000.0,1340000000.0,10.48,-93.57
3.4e-05,1e-05,6e-13,3e-10,1.5e-10,0.0792,31600000000.0,1340000000.0,10.49,-93.18
3.4e-05,1e-05,6e-13,3e-10,2e-10,0.0792,31600000000.0,1340000000.0,10.49,-93.3
3.4e-05,1e-05,6e-13,3e-10,2.5e-10,0.0792,31600000000.0,1340000000.0,10.49,-93.47
3.4e-05,1e-05,6e-13,3.5e-10,1e-10,0.0792,29500000000.0,1200000000.0,10.83,-92.64
3.4e-05,1e-05,6e-13,3.5e-10,5e-11,0.0792,29500000000.0,1190000000.0,10.83,-92.37
3.4e-05,1e-05,6e-13,3.5e-10,1.5e-10,0.0792,29500000000.0,1200000000.0,10.83,-92.75
3.4e-05,1e-05,6e-13,3.5e-10,2e-10,0.0792,29500000000.0,1200000000.0,10.83,-92.67
3.4e-05,1e-05,6e-13,3.5e-10,2.5e-10,0.0792,29500000000.0,1200000000.0,10.83,-92.76
3.4e-05,1e-05,6e-13,4.5e-10,2.5e-10,0.0792,26700000000.0,1020000000.0,11.36,-86.64
3.4e-05,1e-05,6e-13,5e-10,1e-10,0.0792,25700000000.0,959000000.0,11.58,-88.78
3.4e-05,1e-05,6e-13,5e-10,5e-11,0.0792,25700000000.0,959000000.0,11.58,-86.2
3.4e-05,1e-05,6e-13,5e-10,1.5e-10,0.0792,25700000000.0,959000000.0,11.58,-86.36
3.4e-05,1e-05,6e-13,5e-10,2e-10,0.0792,25700000000.0,960000000.0,11.58,-86.17
3.4e-05,1e-05,6e-13,5e-10,2.5e-10,0.0792,25700000000.0,959000000.0,11.58,-87.73
3.4e-05,1e-05,7e-13,4e-10,1e-10,0.0792,28000000000.0,1090000000.0,11.11,-89.84
3.4e-05,1e-05,7e-13,4e-10,5e-11,0.0792,28000000000.0,1100000000.0,11.11,-90.03
3.4e-05,1e-05,7e-13,4e-10,1.5e-10,0.0792,28000000000.0,1100000000.0,11.11,-89.36
3.4e-05,1e-05,7e-13,4e-10,2e-10,0.0792,28000000000.0,1090000000.0,11.11,-89.45
3.4e-05,1e-05,7e-13,4e-10,2.5e-10,0.0792,28000000000.0,1100000000.0,11.11,-89.9
3.4e-05,1e-05,7e-13,3e-10,1e-10,0.0792,31600000000.0,1340000000.0,10.49,-93.32
3.4e-05,1e-05,7e-13,3e-10,5e-11,0.0792,31600000000.0,1340000000.0,10.49,-93.52
3.4e-05,1e-05,7e-13,3e-10,1.5e-10,0.0792,31600000000.0,1340000000.0,10.48,-93.31
3.4e-05,1e-05,7e-13,3.5e-10,1e-10,0.0792,29500000000.0,1200000000.0,10.83,-92.88
3.4e-05,1e-05,7e-13,3.5e-10,5e-11,0.0792,29500000000.0,1190000000.0,10.83,-92.92
3.4e-05,1e-05,7e-13,3.5e-10,1.5e-10,0.0792,29500000000.0,1200000000.0,10.83,-93.06
3.4e-05,1e-05,7e-13,3.5e-10,2e-10,0.0792,29500000000.0,1190000000.0,10.83,-92.64
3.4e-05,1e-05,7e-13,3.5e-10,2.5e-10,0.0792,29500000000.0,1200000000.0,10.83,-92.94
3.4e-05,1e-05,7e-13,4.5e-10,1e-10,0.0792,26700000000.0,1020000000.0,11.36,-87.91
3.4e-05,1e-05,7e-13,4.5e-10,5e-11,0.0792,26700000000.0,1020000000.0,11.36,-87.53
3.4e-05,1e-05,7e-13,4.5e-10,1.5e-10,0.0792,26700000000.0,1020000000.0,11.36,-87.84
3.4e-05,1e-05,7e-13,4.5e-10,2e-10,0.0792,26700000000.0,1020000000.0,11.36,-87.86
3.4e-05,1e-05,7e-13,4.5e-10,2.5e-10,0.0792,26700000000.0,1020000000.0,11.36,-86.66
3.4e-05,1e-05,7e-13,5e-10,1e-10,0.0792,25700000000.0,959000000.0,11.58,-86.57
3.4e-05,1e-05,7e-13,5e-10,5e-11,0.0792,25700000000.0,959000000.0,11.58,-86.5
3.4e-05,1e-05,7e-13,5e-10,1.5e-10,0.0792,25700000000.0,959000000.0,11.58,-85.97
3.4e-05,1e-05,7e-13,5e-10,2e-10,0.0792,25700000000.0,959000000.0,11.58,-86.46
3.4e-05,1e-05,7e-13,5e-10,2.5e-10,0.0792,25700000000.0,959000000.0,11.58,-86.37
3.4e-05,1.1e-05,5e-13,4e-10,1e-10,0.0792,27800000000.0,1150000000.0,11.13,-89.59
3.4e-05,1.1e-05,5e-13,4e-10,5e-11,0.0792,27800000000.0,1150000000.0,11.13,-89.56
3.4e-05,1.1e-05,5e-13,4e-10,1.5e-10,0.0792,27800000000.0,1150000000.0,11.13,-89.89
3.4e-05,1.1e-05,5e-13,4e-10,2e-10,0.0792,27800000000.0,1150000000.0,11.13,-89.49
3.4e-05,1.1e-05,5e-13,4e-10,2.5e-10,0.0792,27800000000.0,1150000000.0,11.13,-90.27
3.4e-05,1.1e-05,5e-13,3e-10,1e-10,0.0792,31400000000.0,1410000000.0,10.5,-93.57
3.4e-05,1.1e-05,5e-13,3e-10,1.5e-10,0.0792,31400000000.0,1410000000.0,10.5,-93.59
3.4e-05,1.1e-05,5e-13,3e-10,2e-10,0.0792,31400000000.0,1400000000.0,10.5,-93.68
3.4e-05,1.1e-05,5e-13,3e-10,2.5e-10,0.0792,31400000000.0,1410000000.0,10.5,-93.64
3.4e-05,1.1e-05,5e-13,3.5e-10,1e-10,0.0792,29400000000.0,1260000000.0,10.85,-92.5
3.4e-05,1.1e-05,5e-13,3.5e-10,5e-11,0.0792,29400000000.0,1250000000.0,10.84,-92.12
3.4e-05,1.1e-05,5e-13,3.5e-10,1.5e-10,0.0792,29400000000.0,1260000000.0,10.85,-92.48
3.4e-05,1.1e-05,5e-13,3.5e-10,2e-10,0.0792,29400000000.0,1260000000.0,10.85,-91.92
3.4e-05,1.1e-05,5e-13,3.5e-10,2.5e-10,0.0792,29400000000.0,1250000000.0,10.84,-92.62
3.4e-05,1.1e-05,5e-13,4.5e-10,1e-10,0.0792,26600000000.0,1070000000.0,11.38,-87.68
3.4e-05,1.1e-05,5e-13,4.5e-10,5e-11,0.0792,26600000000.0,1070000000.0,11.38,-87.72
3.4e-05,1.1e-05,5e-13,4.5e-10,1.5e-10,0.0792,26600000000.0,1070000000.0,11.38,-86.45
3.4e-05,1.1e-05,5e-13,4.5e-10,2e-10,0.0792,26600000000.0,1070000000.0,11.37,-87.68
3.4e-05,1.1e-05,5e-13,5e-10,1e-10,0.0792,25600000000.0,1010000000.0,11.6,-86.53
3.4e-05,1.1e-05,5e-13,5e-10,5e-11,0.0792,25600000000.0,1010000000.0,11.6,-86.33
3.4e-05,1.1e-05,5e-13,5e-10,1.5e-10,0.0792,25600000000.0,1010000000.0,11.6,-86.26
3.4e-05,1.1e-05,5e-13,5e-10,2e-10,0.0792,25600000000.0,1010000000.0,11.6,-86.27
3.4e-05,1.1e-05,5e-13,5e-10,2.5e-10,0.0792,25600000000.0,1010000000.0,11.6,-86.39
3.4e-05,1.1e-05,3e-13,4e-10,1e-10,0.0792,27800000000.0,1150000000.0,11.13,-82.88
3.4e-05,1.1e-05,3e-13,4e-10,5e-11,0.0792,27800000000.0,1150000000.0,11.13,-89.68
3.4e-05,1.1e-05,3e-13,4e-10,1.5e-10,0.0792,27800000000.0,1150000000.0,11.13,-89.51
3.4e-05,1.1e-05,3e-13,4e-10,2e-10,0.0792,27800000000.0,1150000000.0,11.13,-90.04
3.4e-05,1.1e-05,3e-13,4e-10,2.5e-10,0.0792,27800000000.0,1150000000.0,11.13,-89.67
3.4e-05,1.1e-05,3e-13,3e-10,1e-10,0.0792,31400000000.0,1410000000.0,10.5,-93.86
3.4e-05,1.1e-05,3e-13,3e-10,5e-11,0.0792,31400000000.0,1410000000.0,10.5,-93.88
3.4e-05,1.1e-05,3e-13,3e-10,1.5e-10,0.0792,31400000000.0,1410000000.0,10.5,-93.58
3.4e-05,1.1e-05,3e-13,3e-10,2e-10,0.0792,31400000000.0,1400000000.0,10.5,-93.69
3.4e-05,1.1e-05,3e-13,3e-10,2.5e-10,0.0792,31400000000.0,1410000000.0,10.5,-94.02
3.4e-05,1.1e-05,3e-13,3.5e-10,1e-10,0.0792,29400000000.0,1250000000.0,10.84,-91.74
3.4e-05,1.1e-05,3e-13,3.5e-10,5e-11,0.0792,29400000000.0,1250000000.0,10.84,-92.28
3.4e-05,1.1e-05,3e-13,3.5e-10,1.5e-10,0.0792,29400000000.0,1260000000.0,10.85,-92.69
3.4e-05,1.1e-05,3e-13,3.5e-10,2e-10,0.0792,29400000000.0,1260000000.0,10.85,-91.91
3.4e-05,1.1e-05,3e-13,3.5e-10,2.5e-10,0.0792,29400000000.0,1260000000.0,10.85,-92.78
3.4e-05,1.1e-05,3e-13,4.5e-10,1e-10,0.0792,26600000000.0,1070000000.0,11.37,-87.79
3.4e-05,1.1e-05,3e-13,4.5e-10,5e-11,0.0792,26600000000.0,1070000000.0,11.38,-87.41
3.4e-05,1.1e-05,3e-13,4.5e-10,1.5e-10,0.0792,26600000000.0,1070000000.0,11.38,-87.7
3.4e-05,1.1e-05,3e-13,4.5e-10,2e-10,0.0792,26600000000.0,1070000000.0,11.38,-87.63
3.4e-05,1.1e-05,3e-13,4.5e-10,2.5e-10,0.0792,26600000000.0,1070000000.0,11.38,-87.56
3.4e-05,1.1e-05,3e-13,5e-10,1e-10,0.0792,25600000000.0,1010000000.0,11.6,-86.1
3.4e-05,1.1e-05,3e-13,5e-10,5e-11,0.0792,25600000000.0,1010000000.0,11.6,-86.56
3.4e-05,1.1e-05,3e-13,5e-10,1.5e-10,0.0792,25600000000.0,1010000000.0,11.6,-86.29
3.4e-05,1.1e-05,3e-13,5e-10,2e-10,0.0792,25600000000.0,1010000000.0,11.6,-86.58
3.4e-05,1.1e-05,3e-13,5e-10,2.5e-10,0.0792,25600000000.0,1010000000.0,11.6,-86.13
3.4e-05,1.1e-05,4e-13,4e-10,1e-10,0.0792,27800000000.0,1150000000.0,11.13,-89.48
3.4e-05,1.1e-05,4e-13,4e-10,5e-11,0.0792,27800000000.0,1150000000.0,11.13,-89.94
3.4e-05,1.1e-05,4e-13,4e-10,2e-10,0.0792,27800000000.0,1150000000.0,11.13,-89.82
3.4e-05,1.1e-05,4e-13,4e-10,2.5e-10,0.0792,27800000000.0,1150000000.0,11.13,-89.08
3.4e-05,1.1e-05,4e-13,3e-10,1e-10,0.0792,31400000000.0,1410000000.0,10.5,-71.67
3.4e-05,1.1e-05,4e-13,3e-10,5e-11,0.0792,31400000000.0,1400000000.0,10.5,-93.86
3.4e-05,1.1e-05,4e-13,3e-10,1.5e-10,0.0792,31400000000.0,1410000000.0,10.5,-93.56
3.4e-05,1.1e-05,4e-13,3e-10,2e-10,0.0792,31400000000.0,1410000000.0,10.5,-93.55
3.4e-05,1.1e-05,4e-13,3e-10,2.5e-10,0.0792,31400000000.0,1410000000.0,10.5,-93.85
3.4e-05,1.1e-05,4e-13,3.5e-10,1e-10,0.0792,29400000000.0,1260000000.0,10.84,-92.47
3.4e-05,1.1e-05,4e-13,3.5e-10,5e-11,0.0792,29400000000.0,1260000000.0,10.84,-92.5
3.4e-05,1.1e-05,4e-13,3.5e-10,1.5e-10,0.0792,29400000000.0,1260000000.0,10.84,-92.12
3.4e-05,1.1e-05,4e-13,3.5e-10,2e-10,0.0792,29400000000.0,1250000000.0,10.84,-92.17
3.4e-05,1.1e-05,4e-13,3.5e-10,2.5e-10,0.0792,29400000000.0,1260000000.0,10.85,-88.74
3.4e-05,1.1e-05,4e-13,4.5e-10,1e-10,0.0792,26600000000.0,1070000000.0,11.38,-87.39
3.4e-05,1.1e-05,4e-13,4.5e-10,1.5e-10,0.0792,26600000000.0,1070000000.0,11.37,-87.83
3.4e-05,1.1e-05,4e-13,4.5e-10,2e-10,0.0792,26600000000.0,1070000000.0,11.38,-87.46
3.4e-05,1.1e-05,4e-13,4.5e-10,2.5e-10,0.0792,26600000000.0,1070000000.0,11.38,-87.48
3.4e-05,1.1e-05,4e-13,5e-10,1e-10,0.0792,25600000000.0,1010000000.0,11.6,-86.48
3.4e-05,1.1e-05,4e-13,5e-10,5e-11,0.0792,25600000000.0,1010000000.0,11.6,-86.65
3.4e-05,1.1e-05,4e-13,5e-10,2.5e-10,0.0792,25600000000.0,1010000000.0,11.6,-86.37
3.4e-05,1.1e-05,6e-13,4e-10,1e-10,0.0792,27800000000.0,1150000000.0,11.13,-89.27
3.4e-05,1.1e-05,6e-13,4e-10,5e-11,0.0792,27800000000.0,1150000000.0,11.13,-89.96
3.4e-05,1.1e-05,6e-13,4e-10,1.5e-10,0.0792,27800000000.0,1150000000.0,11.13,-89.26
3.4e-05,1.1e-05,6e-13,4e-10,2e-10,0.0792,27800000000.0,1140000000.0,11.13,-89.52
3.4e-05,1.1e-05,6e-13,4e-10,2.5e-10,0.0792,27800000000.0,1150000000.0,11.13,-89.29
3.4e-05,1.1e-05,6e-13,3e-10,1.5e-10,0.0792,31400000000.0,1400000000.0,10.5,-93.83
3.4e-05,1.1e-05,6e-13,3e-10,2e-10,0.0792,31400000000.0,1400000000.0,10.5,-93.85
3.4e-05,1.1e-05,6e-13,3e-10,2.5e-10,0.0792,31400000000.0,1400000000.0,10.5,-93.73
3.4e-05,1.1e-05,6e-13,3.5e-10,1e-10,0.0792,29400000000.0,1250000000.0,10.84,-92.14
3.4e-05,1.1e-05,6e-13,3.5e-10,5e-11,0.0792,29400000000.0,1260000000.0,10.85,-92.53
3.4e-05,1.1e-05,6e-13,3.5e-10,1.5e-10,0.0792,29400000000.0,1260000000.0,10.85,-92.61
3.4e-05,1.1e-05,6e-13,3.5e-10,2e-10,0.0792,29400000000.0,1260000000.0,10.84,-92.36
3.4e-05,1.1e-05,6e-13,3.5e-10,2.5e-10,0.0792,29400000000.0,1260000000.0,10.85,-88.56
3.4e-05,1.1e-05,6e-13,4.5e-10,1e-10,0.0792,26600000000.0,1070000000.0,11.37,-87.42
3.4e-05,1.1e-05,6e-13,4.5e-10,5e-11,0.0792,26600000000.0,1070000000.0,11.38,-87.59
3.4e-05,1.1e-05,6e-13,4.5e-10,1.5e-10,0.0792,26600000000.0,1070000000.0,11.37,-87.84
3.4e-05,1.1e-05,6e-13,4.5e-10,2e-10,0.0792,26600000000.0,1070000000.0,11.38,-88.0
3.4e-05,1.1e-05,6e-13,4.5e-10,2.5e-10,0.0792,26600000000.0,1070000000.0,11.37,-87.88
3.4e-05,1.1e-05,6e-13,5e-10,1e-10,0.0792,25600000000.0,1010000000.0,11.6,-85.85
3.4e-05,1.1e-05,6e-13,5e-10,5e-11,0.0792,25600000000.0,1010000000.0,11.6,-86.47
3.4e-05,1.1e-05,6e-13,5e-10,1.5e-10,0.0792,25600000000.0,1010000000.0,11.6,-85.57
3.4e-05,1.1e-05,6e-13,5e-10,2.5e-10,0.0792,25600000000.0,1010000000.0,11.6,-86.28
3.4e-05,1.1e-05,7e-13,4e-10,2e-10,0.0792,27800000000.0,1150000000.0,11.13,-85.28
3.4e-05,1.1e-05,7e-13,4e-10,2.5e-10,0.0792,27800000000.0,1150000000.0,11.13,-89.39
3.4e-05,1.1e-05,7e-13,3e-10,1e-10,0.0792,31400000000.0,1410000000.0,10.5,-93.83
3.4e-05,1.1e-05,7e-13,3e-10,5e-11,0.0792,31400000000.0,1410000000.0,10.5,-93.67
3.4e-05,1.1e-05,7e-13,3e-10,1.5e-10,0.0792,31400000000.0,1410000000.0,10.5,-93.62
3.4e-05,1.1e-05,7e-13,3e-10,2e-10,0.0792,31400000000.0,1400000000.0,10.5,-93.45
3.4e-05,1.1e-05,7e-13,3e-10,2.5e-10,0.0792,31400000000.0,1410000000.0,10.5,-93.76
3.4e-05,1.1e-05,7e-13,3.5e-10,1e-10,0.0792,29400000000.0,1260000000.0,10.85,-92.62
3.4e-05,1.1e-05,7e-13,3.5e-10,5e-11,0.0792,29400000000.0,1260000000.0,10.85,-89.27
3.4e-05,1.1e-05,7e-13,3.5e-10,1.5e-10,0.0792,29400000000.0,1260000000.0,10.84,-92.68
3.4e-05,1.1e-05,7e-13,3.5e-10,2e-10,0.0792,29400000000.0,1260000000.0,10.85,-92.23
3.4e-05,1.1e-05,7e-13,3.5e-10,2.5e-10,0.0792,29400000000.0,1260000000.0,10.85,-92.87
3.4e-05,1.1e-05,7e-13,4.5e-10,1e-10,0.0792,26600000000.0,1070000000.0,11.37,-87.99
3.4e-05,1.1e-05,7e-13,4.5e-10,5e-11,0.0792,26600000000.0,1070000000.0,11.38,-87.12
3.4e-05,1.1e-05,7e-13,4.5e-10,1.5e-10,0.0792,26600000000.0,1070000000.0,11.38,-87.67
3.4e-05,1.1e-05,7e-13,4.5e-10,2.5e-10,0.0792,26600000000.0,1070000000.0,11.38,-87.17
3.4e-05,1.1e-05,7e-13,5e-10,1e-10,0.0792,25600000000.0,1010000000.0,11.6,-85.88
3.4e-05,1.1e-05,7e-13,5e-10,5e-11,0.0792,25600000000.0,1010000000.0,11.6,-85.99
3.4e-05,1.1e-05,7e-13,5e-10,1.5e-10,0.0792,25600000000.0,1010000000.0,11.6,-86.69
3.4e-05,1.1e-05,7e-13,5e-10,2e-10,0.0792,25600000000.0,1010000000.0,11.6,-86.72
3.4e-05,1.1e-05,7e-13,5e-10,2.5e-10,0.0792,25600000000.0,1010000000.0,11.6,-86.49
3.4e-05,1.2e-05,5e-13,4e-10,1e-10,0.0792,27700000000.0,1190000000.0,11.14,-89.58
3.4e-05,1.2e-05,5e-13,4e-10,1.5e-10,0.0792,27700000000.0,1190000000.0,11.14,-89.47
3.4e-05,1.2e-05,5e-13,4e-10,2e-10,0.0792,27700000000.0,1200000000.0,11.14,-89.55
3.4e-05,1.2e-05,5e-13,4e-10,2.5e-10,0.0792,27700000000.0,1190000000.0,11.14,-89.44
3.4e-05,1.2e-05,5e-13,3e-10,1e-10,0.0792,31200000000.0,1460000000.0,10.51,-94.09
3.4e-05,1.2e-05,5e-13,3e-10,5e-11,0.0792,31200000000.0,1460000000.0,10.51,-93.89
3.4e-05,1.2e-05,5e-13,3e-10,1.5e-10,0.0792,31200000000.0,1460000000.0,10.51,-94.06
3.4e-05,1.2e-05,5e-13,3e-10,2e-10,0.0792,31200000000.0,1460000000.0,10.51,-93.94
3.4e-05,1.2e-05,5e-13,3e-10,2.5e-10,0.0792,31200000000.0,1460000000.0,10.51,-93.82
3.4e-05,1.2e-05,5e-13,3.5e-10,1e-10,0.0792,29200000000.0,1310000000.0,10.85,-93.06
3.4e-05,1.2e-05,5e-13,3.5e-10,5e-11,0.0792,29200000000.0,1310000000.0,10.86,-92.69
3.4e-05,1.2e-05,5e-13,3.5e-10,1.5e-10,0.0792,29200000000.0,1310000000.0,10.86,-91.66
3.4e-05,1.2e-05,5e-13,3.5e-10,2e-10,0.0792,29200000000.0,1310000000.0,10.86,-92.11
3.4e-05,1.2e-05,5e-13,3.5e-10,2.5e-10,0.0792,29200000000.0,1310000000.0,10.86,-92.53
3.4e-05,1.2e-05,5e-13,4.5e-10,1e-10,0.0792,26500000000.0,1110000000.0,11.39,-87.09
3.4e-05,1.2e-05,5e-13,4.5e-10,5e-11,0.0792,26500000000.0,1110000000.0,11.39,-87.65
3.4e-05,1.2e-05,5e-13,4.5e-10,1.5e-10,0.0792,26500000000.0,1110000000.0,11.39,-87.5
3.4e-05,1.2e-05,5e-13,4.5e-10,2e-10,0.0792,26500000000.0,1110000000.0,11.39,-87.51
3.4e-05,1.2e-05,5e-13,4.5e-10,2.5e-10,0.0792,26500000000.0,1110000000.0,11.39,-87.4
3.4e-05,1.2e-05,5e-13,5e-10,1e-10,0.0792,25400000000.0,1050000000.0,11.62,-86.55
3.4e-05,1.2e-05,5e-13,5e-10,5e-11,0.0792,25400000000.0,1050000000.0,11.62,-86.24
3.4e-05,1.2e-05,5e-13,5e-10,1.5e-10,0.0792,25400000000.0,1050000000.0,11.62,-85.88
3.4e-05,1.2e-05,5e-13,5e-10,2.5e-10,0.0792,25400000000.0,1040000000.0,11.62,-86.28
3.4e-05,1.2e-05,3e-13,4e-10,1e-10,0.0792,27700000000.0,1190000000.0,11.14,-89.55
3.4e-05,1.2e-05,3e-13,4e-10,5e-11,0.0792,27700000000.0,1200000000.0,11.14,-88.89
3.4e-05,1.2e-05,3e-13,4e-10,1.5e-10,0.0792,27700000000.0,1200000000.0,11.14,-89.4
3.4e-05,1.2e-05,3e-13,4e-10,2e-10,0.0792,27700000000.0,1200000000.0,11.14,-89.08
3.4e-05,1.2e-05,3e-13,4e-10,2.5e-10,0.0792,27700000000.0,1190000000.0,11.14,-89.17
3.4e-05,1.2e-05,3e-13,3e-10,1e-10,0.0792,31200000000.0,1460000000.0,10.51,-93.76
3.4e-05,1.2e-05,3e-13,3e-10,5e-11,0.0792,31200000000.0,1460000000.0,10.51,-94.12
3.4e-05,1.2e-05,3e-13,3e-10,1.5e-10,0.0792,31200000000.0,1460000000.0,10.51,-93.93
3.4e-05,1.2e-05,3e-13,3e-10,2e-10,0.0792,31200000000.0,1460000000.0,10.51,-93.88
3.4e-05,1.2e-05,3e-13,3.5e-10,1e-10,0.0792,29200000000.0,1300000000.0,10.86,-93.07
3.4e-05,1.2e-05,3e-13,3.5e-10,5e-11,0.0792,29200000000.0,1300000000.0,10.86,-91.93
3.4e-05,1.2e-05,3e-13,3.5e-10,1.5e-10,0.0792,29200000000.0,1310000000.0,10.86,-92.22
3.4e-05,1.2e-05,3e-13,3.5e-10,2e-10,0.0792,29200000000.0,1310000000.0,10.86,-92.21
3.4e-05,1.2e-05,3e-13,3.5e-10,2.5e-10,0.0792,29200000000.0,1310000000.0,10.86,-92.32
3.4e-05,1.2e-05,3e-13,4.5e-10,1e-10,0.0792,26500000000.0,1110000000.0,11.39,-86.97
3.4e-05,1.2e-05,3e-13,4.5e-10,5e-11,0.0792,26500000000.0,1110000000.0,11.39,-87.21
3.4e-05,1.2e-05,3e-13,4.5e-10,1.5e-10,0.0792,26500000000.0,1110000000.0,11.39,-87.6
3.4e-05,1.2e-05,3e-13,4.5e-10,2e-10,0.0792,26500000000.0,1110000000.0,11.39,-87.12
3.4e-05,1.2e-05,3e-13,5e-10,1e-10,0.0792,25400000000.0,1050000000.0,11.62,-86.2
3.4e-05,1.2e-05,3e-13,5e-10,5e-11,0.0792,25500000000.0,1050000000.0,11.62,-87.12
3.4e-05,1.2e-05,3e-13,5e-10,1.5e-10,0.0792,25400000000.0,1050000000.0,11.62,-87.55
3.4e-05,1.2e-05,3e-13,5e-10,2e-10,0.0792,25400000000.0,1050000000.0,11.62,-85.71
3.4e-05,1.2e-05,3e-13,5e-10,2.5e-10,0.0792,25400000000.0,1050000000.0,11.62,-86.5
3.4e-05,1.2e-05,4e-13,4e-10,1e-10,0.0792,27700000000.0,1200000000.0,11.14,-89.44
3.4e-05,1.2e-05,4e-13,4e-10,5e-11,0.0792,27700000000.0,1200000000.0,11.14,-87.69
3.4e-05,1.2e-05,4e-13,4e-10,1.5e-10,0.0792,27700000000.0,1200000000.0,11.14,-89.79
3.4e-05,1.2e-05,4e-13,4e-10,2.5e-10,0.0792,27700000000.0,1200000000.0,11.14,-89.75
3.4e-05,1.2e-05,4e-13,3e-10,1e-10,0.0792,31200000000.0,1460000000.0,10.51,-94.03
3.4e-05,1.2e-05,4e-13,3e-10,2e-10,0.0792,31200000000.0,1460000000.0,10.51,-93.84
3.4e-05,1.2e-05,4e-13,3.5e-10,1e-10,0.0792,29200000000.0,1310000000.0,10.86,-92.66
3.4e-05,1.2e-05,4e-13,3.5e-10,5e-11,0.0792,29200000000.0,1310000000.0,10.86,-92.48
3.4e-05,1.2e-05,4e-13,3.5e-10,1.5e-10,0.0792,29200000000.0,1300000000.0,10.86,-91.97
3.4e-05,1.2e-05,4e-13,3.5e-10,2e-10,0.0792,29200000000.0,1300000000.0,10.86,-93.16
3.4e-05,1.2e-05,4e-13,3.5e-10,2.5e-10,0.0792,29200000000.0,1300000000.0,10.85,-92.13
3.4e-05,1.2e-05,4e-13,4.5e-10,1e-10,0.0792,26500000000.0,1110000000.0,11.39,-87.85
3.4e-05,1.2e-05,4e-13,4.5e-10,5e-11,0.0792,26500000000.0,1110000000.0,11.39,-87.8
3.4e-05,1.2e-05,4e-13,4.5e-10,1.5e-10,0.0792,26500000000.0,1110000000.0,11.39,-88.14
3.4e-05,1.2e-05,4e-13,4.5e-10,2e-10,0.0792,26500000000.0,1110000000.0,11.39,-87.61
3.4e-05,1.2e-05,4e-13,4.5e-10,2.5e-10,0.0792,26500000000.0,1110000000.0,11.39,-87.95
3.4e-05,1.2e-05,4e-13,5e-10,1e-10,0.0792,25400000000.0,1050000000.0,11.62,-86.23
3.4e-05,1.2e-05,4e-13,5e-10,5e-11,0.0792,25400000000.0,1050000000.0,11.62,-86.29
3.4e-05,1.2e-05,6e-13,4e-10,1e-10,0.0792,27700000000.0,1190000000.0,11.14,-89.48
3.4e-05,1.2e-05,6e-13,4e-10,5e-11,0.0792,27700000000.0,1190000000.0,11.14,-89.73
3.4e-05,1.2e-05,6e-13,4e-10,1.5e-10,0.0792,27700000000.0,1200000000.0,11.14,-89.48
3.4e-05,1.2e-05,6e-13,4e-10,2e-10,0.0792,27700000000.0,1190000000.0,11.14,-89.36
3.4e-05,1.2e-05,6e-13,4e-10,2.5e-10,0.0792,27700000000.0,1200000000.0,11.14,-89.53
3.4e-05,1.2e-05,6e-13,3e-10,5e-11,0.0792,31200000000.0,1460000000.0,10.51,-93.96
3.4e-05,1.2e-05,6e-13,3e-10,1.5e-10,0.0792,31200000000.0,1460000000.0,10.51,-93.95
3.4e-05,1.2e-05,6e-13,3e-10,2e-10,0.0792,31200000000.0,1460000000.0,10.51,-94.01
3.4e-05,1.2e-05,6e-13,3e-10,2.5e-10,0.0792,31200000000.0,1460000000.0,10.51,-94.04
3.4e-05,1.2e-05,6e-13,3.5e-10,1e-10,0.0792,29200000000.0,1310000000.0,10.85,-92.2
3.4e-05,1.2e-05,6e-13,3.5e-10,5e-11,0.0792,29200000000.0,1310000000.0,10.86,-91.63
3.4e-05,1.2e-05,6e-13,3.5e-10,1.5e-10,0.0792,29200000000.0,1310000000.0,10.86,-92.45
3.4e-05,1.2e-05,6e-13,3.5e-10,2e-10,0.0792,29200000000.0,1300000000.0,10.85,-92.03
3.4e-05,1.2e-05,6e-13,3.5e-10,2.5e-10,0.0792,29200000000.0,1310000000.0,10.86,-92.41
3.4e-05,1.2e-05,6e-13,4.5e-10,1e-10,0.0792,26500000000.0,1110000000.0,11.39,-87.58
3.4e-05,1.2e-05,6e-13,4.5e-10,5e-11,0.0792,26500000000.0,1110000000.0,11.39,-87.49
3.4e-05,1.2e-05,6e-13,4.5e-10,1.5e-10,0.0792,26500000000.0,1110000000.0,11.39,-87.56
3.4e-05,1.2e-05,6e-13,4.5e-10,2e-10,0.0792,26500000000.0,1110000000.0,11.39,-87.43
3.4e-05,1.2e-05,6e-13,4.5e-10,2.5e-10,0.0792,26500000000.0,1110000000.0,11.39,-87.68
3.4e-05,1.2e-05,6e-13,5e-10,1e-10,0.0792,25400000000.0,1050000000.0,11.62,-85.89
3.4e-05,1.2e-05,6e-13,5e-10,5e-11,0.0792,25400000000.0,1050000000.0,11.62,-87.64
3.4e-05,1.2e-05,6e-13,5e-10,1.5e-10,0.0792,25400000000.0,1050000000.0,11.62,-86.4
3.4e-05,1.2e-05,7e-13,4e-10,1e-10,0.0792,27700000000.0,1190000000.0,11.14,-89.28
3.4e-05,1.2e-05,7e-13,4e-10,5e-11,0.0792,27700000000.0,1190000000.0,11.14,-89.71
3.4e-05,1.2e-05,7e-13,4e-10,1.5e-10,0.0792,27700000000.0,1190000000.0,11.14,-89.38
3.4e-05,1.2e-05,7e-13,4e-10,2e-10,0.0792,27700000000.0,1190000000.0,11.14,-89.22
3.4e-05,1.2e-05,7e-13,4e-10,2.5e-10,0.0792,27700000000.0,1200000000.0,11.14,-89.51
3.4e-05,1.2e-05,7e-13,3e-10,1e-10,0.0792,31200000000.0,1460000000.0,10.51,-94.05
3.4e-05,1.2e-05,7e-13,3e-10,2e-10,0.0792,31200000000.0,1460000000.0,10.51,-91.33
3.4e-05,1.2e-05,7e-13,3e-10,2.5e-10,0.0792,31200000000.0,1460000000.0,10.51,-93.85
3.4e-05,1.2e-05,7e-13,3.5e-10,1e-10,0.0792,29200000000.0,1300000000.0,10.85,-91.97
3.4e-05,1.2e-05,7e-13,3.5e-10,5e-11,0.0792,29200000000.0,1310000000.0,10.86,-92.7
3.4e-05,1.2e-05,7e-13,3.5e-10,1.5e-10,0.0792,29200000000.0,1310000000.0,10.85,-92.44
3.4e-05,1.2e-05,7e-13,3.5e-10,2e-10,0.0792,29200000000.0,1310000000.0,10.86,-86.66
3.4e-05,1.2e-05,7e-13,3.5e-10,2.5e-10,0.0792,29200000000.0,1310000000.0,10.86,-92.44
3.4e-05,1.2e-05,7e-13,4.5e-10,1e-10,0.0792,26500000000.0,1110000000.0,11.39,-87.66
3.4e-05,1.2e-05,7e-13,4.5e-10,5e-11,0.0792,26500000000.0,1110000000.0,11.39,-87.37
3.4e-05,1.2e-05,7e-13,4.5e-10,1.5e-10,0.0792,26400000000.0,1110000000.0,11.39,-86.17
3.4e-05,1.2e-05,7e-13,4.5e-10,2e-10,0.0792,26400000000.0,1110000000.0,11.39,-87.13
3.4e-05,1.2e-05,7e-13,4.5e-10,2.5e-10,0.0792,26400000000.0,1110000000.0,11.39,-87.34
3.4e-05,1.2e-05,7e-13,5e-10,5e-11,0.0792,25400000000.0,1050000000.0,11.62,-86.53
3.4e-05,1.2e-05,7e-13,5e-10,2e-10,0.0792,25400000000.0,1040000000.0,11.62,-86.0
3.4e-05,1.3e-05,5e-13,4e-10,1e-10,0.0792,27500000000.0,1230000000.0,11.15,-89.42
3.4e-05,1.3e-05,5e-13,4e-10,5e-11,0.0792,27500000000.0,1230000000.0,11.15,-89.21
3.4e-05,1.3e-05,5e-13,4e-10,1.5e-10,0.0792,27500000000.0,1230000000.0,11.15,-89.31
3.4e-05,1.3e-05,5e-13,4e-10,2e-10,0.0792,27500000000.0,1230000000.0,11.15,-89.22
3.4e-05,1.3e-05,5e-13,4e-10,2.5e-10,0.0792,27500000000.0,1230000000.0,11.15,-89.57
3.4e-05,1.3e-05,5e-13,3e-10,1e-10,0.0792,31000000000.0,1500000000.0,10.51,-94.18
3.4e-05,1.3e-05,5e-13,3e-10,5e-11,0.0792,31000000000.0,1500000000.0,10.51,-94.2
3.4e-05,1.3e-05,5e-13,3e-10,2e-10,0.0792,31000000000.0,1510000000.0,10.52,-94.07
3.4e-05,1.3e-05,5e-13,3e-10,2.5e-10,0.0792,31000000000.0,1500000000.0,10.52,-93.84
3.4e-05,1.3e-05,5e-13,3.5e-10,1e-10,0.0792,29100000000.0,1340000000.0,10.87,-92.39
3.4e-05,1.3e-05,5e-13,3.5e-10,5e-11,0.0792,29100000000.0,1350000000.0,10.86,-91.87
3.4e-05,1.3e-05,5e-13,3.5e-10,1.5e-10,0.0792,29100000000.0,1350000000.0,10.87,-92.54
3.4e-05,1.3e-05,5e-13,3.5e-10,2e-10,0.0792,29100000000.0,1350000000.0,10.87,-92.56
3.4e-05,1.3e-05,5e-13,3.5e-10,2.5e-10,0.0792,29100000000.0,1350000000.0,10.86,-92.54
3.4e-05,1.3e-05,5e-13,4.5e-10,1e-10,0.0792,26300000000.0,1140000000.0,11.41,-87.36
3.4e-05,1.3e-05,5e-13,4.5e-10,5e-11,0.0792,26300000000.0,1140000000.0,11.41,-87.26
3.4e-05,1.3e-05,5e-13,4.5e-10,1.5e-10,0.0792,26300000000.0,1140000000.0,11.41,-87.68
3.4e-05,1.3e-05,5e-13,4.5e-10,2e-10,0.0792,26300000000.0,1150000000.0,11.4,-87.42
3.4e-05,1.3e-05,5e-13,4.5e-10,2.5e-10,0.0792,26300000000.0,1150000000.0,11.4,-87.76
3.4e-05,1.3e-05,5e-13,5e-10,1e-10,0.0792,25300000000.0,1080000000.0,11.64,-86.2
3.4e-05,1.3e-05,5e-13,5e-10,5e-11,0.0792,25300000000.0,1080000000.0,11.64,-86.21
3.4e-05,1.3e-05,5e-13,5e-10,1.5e-10,0.0792,25300000000.0,1080000000.0,11.63,-86.19
3.4e-05,1.3e-05,5e-13,5e-10,2e-10,0.0792,25300000000.0,1080000000.0,11.64,-85.71
3.4e-05,1.3e-05,5e-13,5e-10,2.5e-10,0.0792,25300000000.0,1080000000.0,11.64,-86.24
3.4e-05,1.3e-05,3e-13,4e-10,1e-10,0.0792,27500000000.0,1230000000.0,11.15,-89.3
3.4e-05,1.3e-05,3e-13,4e-10,5e-11,0.0792,27500000000.0,1230000000.0,11.15,-86.15
3.4e-05,1.3e-05,3e-13,4e-10,1.5e-10,0.0792,27500000000.0,1230000000.0,11.15,-90.3
3.4e-05,1.3e-05,3e-13,4e-10,2e-10,0.0792,27500000000.0,1230000000.0,11.15,-89.04
3.4e-05,1.3e-05,3e-13,4e-10,2.5e-10,0.0792,27500000000.0,1230000000.0,11.15,-89.6
3.4e-05,1.3e-05,3e-13,3e-10,1e-10,0.0792,31100000000.0,1510000000.0,10.52,-94.17
3.4e-05,1.3e-05,3e-13,3e-10,5e-11,0.0792,31100000000.0,1510000000.0,10.52,-94.16
3.4e-05,1.3e-05,3e-13,3e-10,2e-10,0.0792,31100000000.0,1510000000.0,10.52,-94.11
3.4e-05,1.3e-05,3e-13,3e-10,2.5e-10,0.0792,31100000000.0,1510000000.0,10.52,-94.14
3.4e-05,1.3e-05,3e-13,3.5e-10,1e-10,0.0792,29100000000.0,1350000000.0,10.86,-92.24
3.4e-05,1.3e-05,3e-13,3.5e-10,5e-11,0.0792,29100000000.0,1340000000.0,10.87,-91.95
3.4e-05,1.3e-05,3e-13,3.5e-10,1.5e-10,0.0792,29100000000.0,1350000000.0,10.87,-92.07
3.4e-05,1.3e-05,3e-13,3.5e-10,2e-10,0.0792,29100000000.0,1340000000.0,10.86,-93.04
3.4e-05,1.3e-05,3e-13,3.5e-10,2.5e-10,0.0792,29100000000.0,1350000000.0,10.87,-92.2
3.4e-05,1.3e-05,3e-13,4.5e-10,1e-10,0.0792,26300000000.0,1150000000.0,11.41,-87.38
3.4e-05,1.3e-05,3e-13,4.5e-10,5e-11,0.0792,26300000000.0,1150000000.0,11.4,-87.67
3.4e-05,1.3e-05,3e-13,4.5e-10,1.5e-10,0.0792,26300000000.0,1150000000.0,11.4,-87.32
3.4e-05,1.3e-05,3e-13,4.5e-10,2e-10,0.0792,26300000000.0,1140000000.0,11.41,-87.35
3.4e-05,1.3e-05,3e-13,4.5e-10,2.5e-10,0.0792,26300000000.0,1150000000.0,11.41,-87.35
3.4e-05,1.3e-05,3e-13,5e-10,1e-10,0.0792,25300000000.0,1080000000.0,11.63,-86.24
3.4e-05,1.3e-05,3e-13,5e-10,5e-11,0.0792,25300000000.0,1080000000.0,11.64,-86.25
3.4e-05,1.3e-05,3e-13,5e-10,1.5e-10,0.0792,25300000000.0,1080000000.0,11.64,-85.99
3.4e-05,1.3e-05,3e-13,5e-10,2e-10,0.0792,25300000000.0,1080000000.0,11.63,-86.02
3.4e-05,1.3e-05,3e-13,5e-10,2.5e-10,0.0792,25300000000.0,1080000000.0,11.64,-86.19
3.4e-05,1.3e-05,4e-13,4e-10,1e-10,0.0792,27500000000.0,1230000000.0,11.15,-89.41
3.4e-05,1.3e-05,4e-13,4e-10,5e-11,0.0792,27500000000.0,1230000000.0,11.15,-89.63
3.4e-05,1.3e-05,4e-13,4e-10,1.5e-10,0.0792,27500000000.0,1230000000.0,11.15,-89.16
3.4e-05,1.3e-05,4e-13,4e-10,2e-10,0.0792,27500000000.0,1230000000.0,11.15,-89.24
3.4e-05,1.3e-05,4e-13,4e-10,2.5e-10,0.0792,27500000000.0,1230000000.0,11.15,-86.25
3.4e-05,1.3e-05,4e-13,3e-10,1e-10,0.0792,31000000000.0,1500000000.0,10.52,-94.02
3.4e-05,1.3e-05,4e-13,3e-10,5e-11,0.0792,31100000000.0,1500000000.0,10.52,-94.24
3.4e-05,1.3e-05,4e-13,3e-10,1.5e-10,0.0792,31000000000.0,1510000000.0,10.52,-94.23
3.4e-05,1.3e-05,4e-13,3e-10,2.5e-10,0.0792,31000000000.0,1510000000.0,10.52,-94.08
3.4e-05,1.3e-05,4e-13,3.5e-10,1e-10,0.0792,29100000000.0,1340000000.0,10.87,-92.2
3.4e-05,1.3e-05,4e-13,3.5e-10,5e-11,0.0792,29100000000.0,1340000000.0,10.86,-93.02
3.4e-05,1.3e-05,4e-13,3.5e-10,1.5e-10,0.0792,29100000000.0,1340000000.0,10.86,-92.99
3.4e-05,1.3e-05,4e-13,3.5e-10,2e-10,0.0792,29100000000.0,1340000000.0,10.87,-91.92
3.4e-05,1.3e-05,4e-13,3.5e-10,2.5e-10,0.0792,29100000000.0,1350000000.0,10.87,-92.37
3.4e-05,1.3e-05,4e-13,4.5e-10,1e-10,0.0792,26300000000.0,1140000000.0,11.41,-86.9
3.4e-05,1.3e-05,4e-13,4.5e-10,5e-11,0.0792,26300000000.0,1140000000.0,11.41,-87.43
3.4e-05,1.3e-05,4e-13,4.5e-10,1.5e-10,0.0792,26300000000.0,1140000000.0,11.41,-87.44
3.4e-05,1.3e-05,4e-13,4.5e-10,2.5e-10,0.0792,26300000000.0,1140000000.0,11.41,-86.92
3.4e-05,1.3e-05,4e-13,5e-10,1e-10,0.0792,25300000000.0,1080000000.0,11.64,-86.0
3.4e-05,1.3e-05,4e-13,5e-10,2e-10,0.0792,25300000000.0,1080000000.0,11.64,-85.62
3.4e-05,1.3e-05,4e-13,5e-10,2.5e-10,0.0792,25300000000.0,1080000000.0,11.64,-85.88
3.4e-05,1.3e-05,6e-13,4e-10,1e-10,0.0792,27500000000.0,1230000000.0,11.15,-89.17
3.4e-05,1.3e-05,6e-13,4e-10,5e-11,0.0792,27500000000.0,1230000000.0,11.15,-89.65
3.4e-05,1.3e-05,6e-13,4e-10,1.5e-10,0.0792,27500000000.0,1230000000.0,11.15,-90.02
3.4e-05,1.3e-05,6e-13,4e-10,2e-10,0.0792,27500000000.0,1230000000.0,11.15,-88.64
3.4e-05,1.3e-05,6e-13,4e-10,2.5e-10,0.0792,27500000000.0,1230000000.0,11.15,-89.64
3.4e-05,1.3e-05,6e-13,3e-10,1e-10,0.0792,31000000000.0,1500000000.0,10.51,-94.12
3.4e-05,1.3e-05,6e-13,3e-10,5e-11,0.0792,31000000000.0,1500000000.0,10.52,-94.1
3.4e-05,1.3e-05,6e-13,3e-10,1.5e-10,0.0792,31000000000.0,1500000000.0,10.52,-94.12
3.4e-05,1.3e-05,6e-13,3e-10,2e-10,0.0792,31000000000.0,1500000000.0,10.52,-94.19
3.4e-05,1.3e-05,6e-13,3e-10,2.5e-10,0.0792,31000000000.0,1500000000.0,10.52,-94.18
3.4e-05,1.3e-05,6e-13,3.5e-10,1e-10,0.0792,29100000000.0,1340000000.0,10.87,-92.12
3.4e-05,1.3e-05,6e-13,3.5e-10,5e-11,0.0792,29100000000.0,1350000000.0,10.87,-92.5
3.4e-05,1.3e-05,6e-13,3.5e-10,1.5e-10,0.0792,29100000000.0,1350000000.0,10.87,-91.38
3.4e-05,1.3e-05,6e-13,3.5e-10,2e-10,0.0792,29100000000.0,1340000000.0,10.87,-92.22
3.4e-05,1.3e-05,6e-13,4.5e-10,1e-10,0.0792,26300000000.0,1140000000.0,11.4,-87.47
3.4e-05,1.3e-05,6e-13,4.5e-10,5e-11,0.0792,26300000000.0,1150000000.0,11.4,-87.62
3.4e-05,1.3e-05,6e-13,4.5e-10,1.5e-10,0.0792,26300000000.0,1140000000.0,11.41,-87.01
3.4e-05,1.3e-05,6e-13,4.5e-10,2e-10,0.0792,26300000000.0,1140000000.0,11.41,-86.97
3.4e-05,1.3e-05,6e-13,4.5e-10,2.5e-10,0.0792,26300000000.0,1140000000.0,11.4,-87.48
3.4e-05,1.3e-05,6e-13,5e-10,5e-11,0.0792,25300000000.0,1080000000.0,11.63,-86.25
3.4e-05,1.3e-05,6e-13,5e-10,1.5e-10,0.0792,25300000000.0,1080000000.0,11.64,-86.11
3.4e-05,1.3e-05,7e-13,4e-10,5e-11,0.0792,27500000000.0,1230000000.0,11.15,-89.36
3.4e-05,1.3e-05,7e-13,4e-10,2e-10,0.0792,27500000000.0,1230000000.0,11.15,-88.23
3.4e-05,1.3e-05,7e-13,4e-10,2.5e-10,0.0792,27500000000.0,1240000000.0,11.15,-88.74
3.4e-05,1.3e-05,7e-13,3e-10,1e-10,0.0792,31000000000.0,1500000000.0,10.52,-94.07
3.4e-05,1.3e-05,7e-13,3e-10,1.5e-10,0.0792,31000000000.0,1510000000.0,10.52,-94.22
3.4e-05,1.3e-05,7e-13,3e-10,2.5e-10,0.0792,31000000000.0,1500000000.0,10.52,-94.17
3.4e-05,1.3e-05,7e-13,3.5e-10,1e-10,0.0792,29100000000.0,1350000000.0,10.86,-91.58
3.4e-05,1.3e-05,7e-13,3.5e-10,5e-11,0.0792,29100000000.0,1340000000.0,10.87,-92.31
3.4e-05,1.3e-05,7e-13,3.5e-10,1.5e-10,0.0792,29100000000.0,1350000000.0,10.87,-92.3
3.4e-05,1.3e-05,7e-13,3.5e-10,2e-10,0.0792,29100000000.0,1350000000.0,10.86,-91.38
3.4e-05,1.3e-05,7e-13,3.5e-10,2.5e-10,0.0792,29100000000.0,1340000000.0,10.86,-91.95
3.4e-05,1.3e-05,7e-13,4.5e-10,5e-11,0.0792,26300000000.0,1140000000.0,11.41,-87.49
3.4e-05,1.3e-05,7e-13,4.5e-10,1.5e-10,0.0792,26300000000.0,1140000000.0,11.41,-86.98
3.4e-05,1.3e-05,7e-13,4.5e-10,2e-10,0.0792,26300000000.0,1140000000.0,11.41,-87.19
3.4e-05,1.3e-05,7e-13,4.5e-10,2.5e-10,0.0792,26300000000.0,1140000000.0,11.4,-88.03
3.4e-05,1.3e-05,7e-13,5e-10,1e-10,0.0792,25300000000.0,1080000000.0,11.64,-86.01
3.4e-05,1.3e-05,7e-13,5e-10,5e-11,0.0792,25300000000.0,1080000000.0,11.63,-86.21
3.4e-05,1.3e-05,7e-13,5e-10,2.5e-10,0.0792,25300000000.0,1080000000.0,11.63,-86.14
3.4e-05,1.4e-05,5e-13,4e-10,1e-10,0.0792,27400000000.0,1260000000.0,11.16,-89.26
3.4e-05,1.4e-05,5e-13,4e-10,5e-11,0.0792,27400000000.0,1260000000.0,11.16,-89.08
3.4e-05,1.4e-05,5e-13,4e-10,1.5e-10,0.0792,27400000000.0,1260000000.0,11.16,-89.04
3.4e-05,1.4e-05,5e-13,4e-10,2e-10,0.0792,27400000000.0,1260000000.0,11.16,-89.43
3.4e-05,1.4e-05,5e-13,4e-10,2.5e-10,0.0792,27400000000.0,1260000000.0,11.16,-89.41
3.4e-05,1.4e-05,5e-13,3e-10,1e-10,0.0792,30900000000.0,1540000000.0,10.52,-94.19
3.4e-05,1.4e-05,5e-13,3e-10,5e-11,0.0792,30900000000.0,1540000000.0,10.52,-94.25
3.4e-05,1.4e-05,5e-13,3e-10,1.5e-10,0.0792,30900000000.0,1540000000.0,10.52,-94.23
3.4e-05,1.4e-05,5e-13,3e-10,2e-10,0.0792,30900000000.0,1540000000.0,10.52,-94.24
3.4e-05,1.4e-05,5e-13,3e-10,2.5e-10,0.0792,30900000000.0,1540000000.0,10.52,-94.3
3.4e-05,1.4e-05,5e-13,3.5e-10,1e-10,0.0792,28900000000.0,1380000000.0,10.87,-92.34
3.4e-05,1.4e-05,5e-13,3.5e-10,5e-11,0.0792,28900000000.0,1380000000.0,10.87,-92.05
3.4e-05,1.4e-05,5e-13,3.5e-10,1.5e-10,0.0792,28900000000.0,1370000000.0,10.87,-91.9
3.4e-05,1.4e-05,5e-13,3.5e-10,2e-10,0.0792,28900000000.0,1380000000.0,10.87,-91.14
3.4e-05,1.4e-05,5e-13,3.5e-10,2.5e-10,0.0792,28900000000.0,1370000000.0,10.87,-91.21
3.4e-05,1.4e-05,5e-13,4.5e-10,1e-10,0.0792,26200000000.0,1170000000.0,11.42,-86.51
3.4e-05,1.4e-05,5e-13,4.5e-10,5e-11,0.0792,26200000000.0,1170000000.0,11.42,-86.88
3.4e-05,1.4e-05,5e-13,4.5e-10,1.5e-10,0.0792,26200000000.0,1170000000.0,11.42,-87.45
3.4e-05,1.4e-05,5e-13,4.5e-10,2e-10,0.0792,26200000000.0,1170000000.0,11.41,-87.62
3.4e-05,1.4e-05,5e-13,4.5e-10,2.5e-10,0.0792,26200000000.0,1170000000.0,11.42,-82.08
3.4e-05,1.4e-05,5e-13,5e-10,1e-10,0.0792,25200000000.0,1100000000.0,11.65,-85.69
3.4e-05,1.4e-05,5e-13,5e-10,5e-11,0.0792,25200000000.0,1100000000.0,11.65,-86.02
3.4e-05,1.4e-05,5e-13,5e-10,1.5e-10,0.0792,25200000000.0,1100000000.0,11.65,-86.07
3.4e-05,1.4e-05,5e-13,5e-10,2e-10,0.0792,25200000000.0,1100000000.0,11.65,-85.86
3.4e-05,1.4e-05,5e-13,5e-10,2.5e-10,0.0792,25200000000.0,1100000000.0,11.65,-86.39
3.4e-05,1.4e-05,3e-13,4e-10,1e-10,0.0792,27400000000.0,1260000000.0,11.16,-89.18
3.4e-05,1.4e-05,3e-13,4e-10,5e-11,0.0792,27400000000.0,1260000000.0,11.16,-89.13
3.4e-05,1.4e-05,3e-13,4e-10,1.5e-10,0.0792,27400000000.0,1260000000.0,11.16,-89.32
3.4e-05,1.4e-05,3e-13,4e-10,2e-10,0.0792,27400000000.0,1260000000.0,11.16,-90.3
3.4e-05,1.4e-05,3e-13,4e-10,2.5e-10,0.0792,27400000000.0,1260000000.0,11.16,-89.2
3.4e-05,1.4e-05,3e-13,3e-10,1e-10,0.0792,30900000000.0,1540000000.0,10.52,-94.28
3.4e-05,1.4e-05,3e-13,3e-10,5e-11,0.0792,30900000000.0,1540000000.0,10.52,-94.01
3.4e-05,1.4e-05,3e-13,3e-10,2e-10,0.0792,30900000000.0,1540000000.0,10.52,-94.12
3.4e-05,1.4e-05,3e-13,3e-10,2.5e-10,0.0792,30900000000.0,1540000000.0,10.52,-94.27
3.4e-05,1.4e-05,3e-13,3.5e-10,1e-10,0.0792,28900000000.0,1380000000.0,10.87,-91.95
3.4e-05,1.4e-05,3e-13,3.5e-10,5e-11,0.0792,28900000000.0,1370000000.0,10.87,-91.69
3.4e-05,1.4e-05,3e-13,3.5e-10,1.5e-10,0.0792,28900000000.0,1380000000.0,10.87,-91.82
3.4e-05,1.4e-05,3e-13,3.5e-10,2.5e-10,0.0792,28900000000.0,1380000000.0,10.87,-91.88
3.4e-05,1.4e-05,3e-13,4.5e-10,1e-10,0.0792,26200000000.0,1170000000.0,11.42,-86.48
3.4e-05,1.4e-05,3e-13,4.5e-10,5e-11,0.0792,26200000000.0,1170000000.0,11.42,-87.08
3.4e-05,1.4e-05,3e-13,4.5e-10,1.5e-10,0.0792,26200000000.0,1170000000.0,11.41,-87.58
3.4e-05,1.4e-05,3e-13,4.5e-10,2e-10,0.0792,26200000000.0,1170000000.0,11.42,-87.23
3.4e-05,1.4e-05,3e-13,4.5e-10,2.5e-10,0.0792,26200000000.0,1170000000.0,11.41,-87.37
3.4e-05,1.4e-05,3e-13,5e-10,1e-10,0.0792,25200000000.0,1100000000.0,11.65,-85.7
3.4e-05,1.4e-05,3e-13,5e-10,5e-11,0.0792,25200000000.0,1100000000.0,11.65,-85.41
3.4e-05,1.4e-05,3e-13,5e-10,1.5e-10,0.0792,25200000000.0,1100000000.0,11.65,-86.32
3.4e-05,1.4e-05,3e-13,5e-10,2.5e-10,0.0792,25200000000.0,1100000000.0,11.65,-86.12
3.4e-05,1.4e-05,4e-13,4e-10,1e-10,0.0792,27400000000.0,1260000000.0,11.16,-89.49
3.4e-05,1.4e-05,4e-13,4e-10,5e-11,0.0792,27400000000.0,1260000000.0,11.16,-89.14
3.4e-05,1.4e-05,4e-13,4e-10,2e-10,0.0792,27400000000.0,1260000000.0,11.16,-89.5
3.4e-05,1.4e-05,4e-13,4e-10,2.5e-10,0.0792,27400000000.0,1260000000.0,11.16,-90.17
3.4e-05,1.4e-05,4e-13,3e-10,1e-10,0.0792,30900000000.0,1540000000.0,10.52,-94.2
3.4e-05,1.4e-05,4e-13,3e-10,5e-11,0.0792,30900000000.0,1540000000.0,10.52,-94.31
3.4e-05,1.4e-05,4e-13,3.5e-10,1e-10,0.0792,28900000000.0,1380000000.0,10.87,-91.94
3.4e-05,1.4e-05,4e-13,3.5e-10,5e-11,0.0792,28900000000.0,1370000000.0,10.87,-91.73
3.4e-05,1.4e-05,4e-13,3.5e-10,1.5e-10,0.0792,28900000000.0,1380000000.0,10.87,-92.33
3.4e-05,1.4e-05,4e-13,3.5e-10,2e-10,0.0792,28900000000.0,1380000000.0,10.87,-92.03
3.4e-05,1.4e-05,4e-13,3.5e-10,2.5e-10,0.0792,28900000000.0,1380000000.0,10.87,-91.98
3.4e-05,1.4e-05,4e-13,4.5e-10,1e-10,0.0792,26200000000.0,1170000000.0,11.42,-87.29
3.4e-05,1.4e-05,4e-13,4.5e-10,1.5e-10,0.0792,26200000000.0,1170000000.0,11.41,-87.59
3.4e-05,1.4e-05,4e-13,4.5e-10,2e-10,0.0792,26200000000.0,1170000000.0,11.41,-87.34
3.4e-05,1.4e-05,4e-13,4.5e-10,2.5e-10,0.0792,26200000000.0,1170000000.0,11.42,-87.36
3.4e-05,1.4e-05,4e-13,5e-10,1e-10,0.0792,25200000000.0,1100000000.0,11.65,-87.34
3.4e-05,1.4e-05,4e-13,5e-10,5e-11,0.0792,25200000000.0,1100000000.0,11.65,-86.38
3.4e-05,1.4e-05,4e-13,5e-10,1.5e-10,0.0792,25200000000.0,1100000000.0,11.65,-86.09
3.4e-05,1.4e-05,4e-13,5e-10,2.5e-10,0.0792,25200000000.0,1100000000.0,11.65,-85.91
3.4e-05,1.4e-05,6e-13,4e-10,1e-10,0.0792,27400000000.0,1260000000.0,11.16,-89.56
3.4e-05,1.4e-05,6e-13,4e-10,5e-11,0.0792,27400000000.0,1260000000.0,11.16,-88.78
3.4e-05,1.4e-05,6e-13,4e-10,1.5e-10,0.0792,27400000000.0,1260000000.0,11.16,-88.68
3.4e-05,1.4e-05,6e-13,4e-10,2e-10,0.0792,27400000000.0,1260000000.0,11.16,-88.54
3.4e-05,1.4e-05,6e-13,4e-10,2.5e-10,0.0792,27400000000.0,1260000000.0,11.16,-88.99
3.4e-05,1.4e-05,6e-13,3e-10,1e-10,0.0792,30900000000.0,1540000000.0,10.52,-94.26
3.4e-05,1.4e-05,6e-13,3e-10,1.5e-10,0.0792,30900000000.0,1540000000.0,10.52,-94.29
3.4e-05,1.4e-05,6e-13,3.5e-10,1e-10,0.0792,28900000000.0,1380000000.0,10.87,-89.82
3.4e-05,1.4e-05,6e-13,3.5e-10,5e-11,0.0792,28900000000.0,1380000000.0,10.87,-91.58
3.4e-05,1.4e-05,6e-13,3.5e-10,1.5e-10,0.0792,28900000000.0,1380000000.0,10.87,-92.37
3.4e-05,1.4e-05,6e-13,3.5e-10,2e-10,0.0792,28900000000.0,1380000000.0,10.87,-91.63
3.4e-05,1.4e-05,6e-13,4.5e-10,1e-10,0.0792,26200000000.0,1170000000.0,11.41,-88.66
3.4e-05,1.4e-05,6e-13,4.5e-10,5e-11,0.0792,26200000000.0,1170000000.0,11.42,-87.35
3.4e-05,1.4e-05,6e-13,4.5e-10,1.5e-10,0.0792,26200000000.0,1170000000.0,11.41,-88.64
3.4e-05,1.4e-05,6e-13,4.5e-10,2e-10,0.0792,26200000000.0,1170000000.0,11.41,-88.44
3.4e-05,1.4e-05,6e-13,4.5e-10,2.5e-10,0.0792,26200000000.0,1170000000.0,11.42,-87.18
3.4e-05,1.4e-05,6e-13,5e-10,5e-11,0.0792,25200000000.0,1100000000.0,11.65,-86.29
3.4e-05,1.4e-05,6e-13,5e-10,1.5e-10,0.0792,25200000000.0,1100000000.0,11.65,-86.54
3.4e-05,1.4e-05,6e-13,5e-10,2e-10,0.0792,25200000000.0,1100000000.0,11.65,-85.87
3.4e-05,1.4e-05,6e-13,5e-10,2.5e-10,0.0792,25200000000.0,1100000000.0,11.65,-86.31
3.4e-05,1.4e-05,7e-13,4e-10,1e-10,0.0792,27400000000.0,1260000000.0,11.16,-89.17
3.4e-05,1.4e-05,7e-13,4e-10,1.5e-10,0.0792,27400000000.0,1260000000.0,11.16,-90.34
3.4e-05,1.4e-05,7e-13,4e-10,2.5e-10,0.0792,27400000000.0,1250000000.0,11.16,-89.52
3.4e-05,1.4e-05,7e-13,3.5e-10,1e-10,0.0792,28900000000.0,1380000000.0,10.87,-92.02
3.4e-05,1.4e-05,7e-13,3.5e-10,5e-11,0.0792,28900000000.0,1370000000.0,10.87,-91.79
3.4e-05,1.4e-05,7e-13,3.5e-10,1.5e-10,0.0792,28900000000.0,1370000000.0,10.87,-91.2
3.4e-05,1.4e-05,7e-13,3.5e-10,2e-10,0.0792,28900000000.0,1370000000.0,10.87,-92.97
3.4e-05,1.4e-05,7e-13,3.5e-10,2.5e-10,0.0792,28900000000.0,1370000000.0,10.87,-91.75
3.4e-05,1.4e-05,7e-13,4.5e-10,1e-10,0.0792,26200000000.0,1170000000.0,11.42,-87.28
3.4e-05,1.4e-05,7e-13,4.5e-10,5e-11,0.0792,26200000000.0,1170000000.0,11.41,-87.35
3.4e-05,1.4e-05,7e-13,4.5e-10,1.5e-10,0.0792,26200000000.0,1170000000.0,11.42,-87.37
3.4e-05,1.4e-05,7e-13,4.5e-10,2e-10,0.0792,26200000000.0,1170000000.0,11.42,-87.3
3.4e-05,1.4e-05,7e-13,5e-10,1e-10,0.0792,25200000000.0,1100000000.0,11.65,-85.9
3.4e-05,1.4e-05,7e-13,5e-10,5e-11,0.0792,25200000000.0,1100000000.0,11.65,-86.44
3.4e-05,1.4e-05,7e-13,5e-10,2.5e-10,0.0792,25200000000.0,1100000000.0,11.65,-85.93
3.4e-05,1.5e-05,5e-13,4e-10,1e-10,0.0792,27300000000.0,1280000000.0,11.17,-88.94
3.4e-05,1.5e-05,5e-13,4e-10,5e-11,0.0792,27300000000.0,1280000000.0,11.17,-89.35
3.4e-05,1.5e-05,5e-13,4e-10,1.5e-10,0.0792,27300000000.0,1280000000.0,11.16,-88.74
3.4e-05,1.5e-05,5e-13,4e-10,2e-10,0.0792,27300000000.0,1280000000.0,11.17,-88.96
3.4e-05,1.5e-05,5e-13,4e-10,2.5e-10,0.0792,27300000000.0,1280000000.0,11.16,-88.97
3.4e-05,1.5e-05,5e-13,3e-10,1e-10,0.0792,30700000000.0,1560000000.0,10.52,-94.34
3.4e-05,1.5e-05,5e-13,3e-10,5e-11,0.0792,30700000000.0,1560000000.0,10.52,-94.33
3.4e-05,1.5e-05,5e-13,3e-10,2.5e-10,0.0792,30700000000.0,1560000000.0,10.52,-94.35
3.4e-05,1.5e-05,5e-13,3.5e-10,1e-10,0.0792,28800000000.0,1400000000.0,10.87,-91.82
3.4e-05,1.5e-05,5e-13,3.5e-10,5e-11,0.0792,28800000000.0,1400000000.0,10.87,-92.04
3.4e-05,1.5e-05,5e-13,3.5e-10,1.5e-10,0.0792,28800000000.0,1400000000.0,10.87,-92.12
3.4e-05,1.5e-05,5e-13,3.5e-10,2e-10,0.0792,28800000000.0,1400000000.0,10.87,-91.93
3.4e-05,1.5e-05,5e-13,3.5e-10,2.5e-10,0.0792,28800000000.0,1390000000.0,10.87,-91.59
3.4e-05,1.5e-05,5e-13,4.5e-10,1e-10,0.0792,26100000000.0,1190000000.0,11.42,-87.15
3.4e-05,1.5e-05,5e-13,4.5e-10,5e-11,0.0792,26100000000.0,1190000000.0,11.42,-87.6
3.4e-05,1.5e-05,5e-13,4.5e-10,1.5e-10,0.0792,26100000000.0,1190000000.0,11.42,-87.05
3.4e-05,1.5e-05,5e-13,4.5e-10,2e-10,0.0792,26100000000.0,1190000000.0,11.42,-87.44
3.4e-05,1.5e-05,5e-13,4.5e-10,2.5e-10,0.0792,26100000000.0,1190000000.0,11.42,-86.85
3.4e-05,1.5e-05,5e-13,5e-10,1e-10,0.0792,25100000000.0,1120000000.0,11.66,-86.07
3.4e-05,1.5e-05,5e-13,5e-10,1.5e-10,0.0792,25100000000.0,1110000000.0,11.66,-85.74
3.4e-05,1.5e-05,5e-13,5e-10,2e-10,0.0792,25100000000.0,1110000000.0,11.66,-86.22
3.4e-05,1.5e-05,5e-13,5e-10,2.5e-10,0.0792,25100000000.0,1120000000.0,11.66,-86.74
3.4e-05,1.5e-05,3e-13,4e-10,1e-10,0.0792,27300000000.0,1280000000.0,11.17,-88.82
3.4e-05,1.5e-05,3e-13,4e-10,5e-11,0.0792,27300000000.0,1280000000.0,11.16,-89.38
3.4e-05,1.5e-05,3e-13,4e-10,2e-10,0.0792,27300000000.0,1280000000.0,11.17,-88.83
3.4e-05,1.5e-05,3e-13,4e-10,2.5e-10,0.0792,27300000000.0,1280000000.0,11.16,-89.25
3.4e-05,1.5e-05,3e-13,3e-10,1e-10,0.0792,30700000000.0,1560000000.0,10.52,-94.24
3.4e-05,1.5e-05,3e-13,3e-10,5e-11,0.0792,30700000000.0,1560000000.0,10.52,-94.2
3.4e-05,1.5e-05,3e-13,3e-10,1.5e-10,0.0792,30700000000.0,1560000000.0,10.52,-94.22
3.4e-05,1.5e-05,3e-13,3e-10,2e-10,0.0792,30700000000.0,1560000000.0,10.52,-94.27
3.4e-05,1.5e-05,3e-13,3e-10,2.5e-10,0.0792,30700000000.0,1560000000.0,10.52,-94.23
3.4e-05,1.5e-05,3e-13,3.5e-10,1e-10,0.0792,28800000000.0,1400000000.0,10.87,-92.06
3.4e-05,1.5e-05,3e-13,3.5e-10,5e-11,0.0792,28800000000.0,1400000000.0,10.87,-91.77
3.4e-05,1.5e-05,3e-13,3.5e-10,2e-10,0.0792,28800000000.0,1400000000.0,10.87,-91.55
3.4e-05,1.5e-05,3e-13,3.5e-10,2.5e-10,0.0792,28800000000.0,1400000000.0,10.87,-91.72
3.4e-05,1.5e-05,3e-13,4.5e-10,1e-10,0.0792,26100000000.0,1190000000.0,11.42,-87.11
3.4e-05,1.5e-05,3e-13,4.5e-10,5e-11,0.0792,26100000000.0,1190000000.0,11.42,-87.0
3.4e-05,1.5e-05,3e-13,4.5e-10,1.5e-10,0.0792,26100000000.0,1190000000.0,11.42,-86.57
3.4e-05,1.5e-05,3e-13,4.5e-10,2e-10,0.0792,26100000000.0,1190000000.0,11.42,-87.16
3.4e-05,1.5e-05,3e-13,4.5e-10,2.5e-10,0.0792,26100000000.0,1190000000.0,11.42,-86.9
3.4e-05,1.5e-05,3e-13,5e-10,1e-10,0.0792,25100000000.0,1120000000.0,11.66,-85.65
3.4e-05,1.5e-05,3e-13,5e-10,5e-11,0.0792,25100000000.0,1120000000.0,11.66,-85.96
3.4e-05,1.5e-05,3e-13,5e-10,1.5e-10,0.0792,25100000000.0,1120000000.0,11.66,-86.26
3.4e-05,1.5e-05,3e-13,5e-10,2e-10,0.0792,25100000000.0,1120000000.0,11.66,-86.08
3.4e-05,1.5e-05,3e-13,5e-10,2.5e-10,0.0792,25100000000.0,1120000000.0,11.66,-86.11
3.4e-05,1.5e-05,4e-13,4e-10,1e-10,0.0792,27300000000.0,1280000000.0,11.17,-88.55
3.4e-05,1.5e-05,4e-13,4e-10,5e-11,0.0792,27300000000.0,1270000000.0,11.16,-88.88
3.4e-05,1.5e-05,4e-13,4e-10,1.5e-10,0.0792,27300000000.0,1280000000.0,11.16,-89.66
3.4e-05,1.5e-05,4e-13,4e-10,2e-10,0.0792,27300000000.0,1280000000.0,11.16,-88.96
3.4e-05,1.5e-05,4e-13,3e-10,1.5e-10,0.0792,30700000000.0,1560000000.0,10.52,-94.29
3.4e-05,1.5e-05,4e-13,3.5e-10,1e-10,0.0792,28800000000.0,1400000000.0,10.87,-91.35
3.4e-05,1.5e-05,4e-13,3.5e-10,5e-11,0.0792,28800000000.0,1390000000.0,10.87,-91.74
3.4e-05,1.5e-05,4e-13,3.5e-10,1.5e-10,0.0792,28800000000.0,1400000000.0,10.87,-91.91
3.4e-05,1.5e-05,4e-13,3.5e-10,2e-10,0.0792,28800000000.0,1390000000.0,10.87,-91.23
3.4e-05,1.5e-05,4e-13,3.5e-10,2.5e-10,0.0792,28800000000.0,1400000000.0,10.87,-92.11
3.4e-05,1.5e-05,4e-13,4.5e-10,1e-10,0.0792,26100000000.0,1190000000.0,11.42,-87.12
3.4e-05,1.5e-05,4e-13,4.5e-10,5e-11,0.0792,26100000000.0,1190000000.0,11.42,-87.75
3.4e-05,1.5e-05,4e-13,4.5e-10,1.5e-10,0.0792,26100000000.0,1190000000.0,11.42,-87.59
3.4e-05,1.5e-05,4e-13,4.5e-10,2e-10,0.0792,26100000000.0,1190000000.0,11.42,-87.35
3.4e-05,1.5e-05,4e-13,4.5e-10,2.5e-10,0.0792,26100000000.0,1190000000.0,11.42,-85.18
3.4e-05,1.5e-05,4e-13,5e-10,1e-10,0.0792,25100000000.0,1120000000.0,11.66,-86.22
3.4e-05,1.5e-05,4e-13,5e-10,5e-11,0.0792,25100000000.0,1120000000.0,11.66,-86.0
3.4e-05,1.5e-05,4e-13,5e-10,1.5e-10,0.0792,25100000000.0,1120000000.0,11.66,-86.77
3.4e-05,1.5e-05,4e-13,5e-10,2.5e-10,0.0792,25100000000.0,1120000000.0,11.66,-86.43
3.4e-05,1.5e-05,6e-13,4e-10,1e-10,0.0792,27300000000.0,1280000000.0,11.16,-88.99
3.4e-05,1.5e-05,6e-13,4e-10,5e-11,0.0792,27300000000.0,1280000000.0,11.17,-89.03
3.4e-05,1.5e-05,6e-13,4e-10,1.5e-10,0.0792,27300000000.0,1280000000.0,11.16,-89.16
3.4e-05,1.5e-05,6e-13,4e-10,2e-10,0.0792,27300000000.0,1270000000.0,11.17,-90.26
3.4e-05,1.5e-05,6e-13,4e-10,2.5e-10,0.0792,27300000000.0,1280000000.0,11.16,-88.9
3.4e-05,1.5e-05,6e-13,3e-10,1.5e-10,0.0792,30700000000.0,1560000000.0,10.52,-94.25
3.4e-05,1.5e-05,6e-13,3e-10,2e-10,0.0792,30700000000.0,1560000000.0,10.52,-94.26
3.4e-05,1.5e-05,6e-13,3e-10,2.5e-10,0.0792,30700000000.0,1560000000.0,10.52,-94.3
3.4e-05,1.5e-05,6e-13,3.5e-10,1e-10,0.0792,28800000000.0,1400000000.0,10.87,-92.13
3.4e-05,1.5e-05,6e-13,3.5e-10,5e-11,0.0792,28800000000.0,1400000000.0,10.87,-92.08
3.4e-05,1.5e-05,6e-13,3.5e-10,1.5e-10,0.0792,28800000000.0,1400000000.0,10.87,-91.51
3.4e-05,1.5e-05,6e-13,3.5e-10,2e-10,0.0792,28800000000.0,1400000000.0,10.87,-90.91
3.4e-05,1.5e-05,6e-13,3.5e-10,2.5e-10,0.0792,28800000000.0,1400000000.0,10.87,-91.49
3.4e-05,1.5e-05,6e-13,4.5e-10,5e-11,0.0792,26100000000.0,1190000000.0,11.42,-87.28
3.4e-05,1.5e-05,6e-13,4.5e-10,1.5e-10,0.0792,26100000000.0,1190000000.0,11.42,-86.92
3.4e-05,1.5e-05,6e-13,4.5e-10,2.5e-10,0.0792,26100000000.0,1190000000.0,11.42,-87.4
3.4e-05,1.5e-05,6e-13,5e-10,1.5e-10,0.0792,25100000000.0,1120000000.0,11.66,-85.85
3.4e-05,1.5e-05,6e-13,5e-10,2e-10,0.0792,25100000000.0,1120000000.0,11.66,-86.03
3.4e-05,1.5e-05,6e-13,5e-10,2.5e-10,0.0792,25100000000.0,1120000000.0,11.66,-85.99
3.4e-05,1.5e-05,7e-13,4e-10,1e-10,0.0792,27300000000.0,1280000000.0,11.16,-88.75
3.4e-05,1.5e-05,7e-13,4e-10,5e-11,0.0792,27300000000.0,1280000000.0,11.16,-89.67
3.4e-05,1.5e-05,7e-13,4e-10,1.5e-10,0.0792,27300000000.0,1280000000.0,11.17,-89.36
3.4e-05,1.5e-05,7e-13,4e-10,2e-10,0.0792,27300000000.0,1280000000.0,11.17,-88.9
3.4e-05,1.5e-05,7e-13,4e-10,2.5e-10,0.0792,27300000000.0,1270000000.0,11.17,-88.91
3.4e-05,1.5e-05,7e-13,3e-10,1.5e-10,0.0792,30700000000.0,1560000000.0,10.52,-94.31
3.4e-05,1.5e-05,7e-13,3.5e-10,1e-10,0.0792,28800000000.0,1400000000.0,10.87,-91.99
3.4e-05,1.5e-05,7e-13,3.5e-10,1.5e-10,0.0792,28800000000.0,1390000000.0,10.87,-92.9
3.4e-05,1.5e-05,7e-13,3.5e-10,2e-10,0.0792,28800000000.0,1390000000.0,10.87,-91.79
3.4e-05,1.5e-05,7e-13,4.5e-10,1e-10,0.0792,26100000000.0,1190000000.0,11.42,-86.86
3.4e-05,1.5e-05,7e-13,4.5e-10,2e-10,0.0792,26100000000.0,1190000000.0,11.42,-84.78
3.4e-05,1.5e-05,7e-13,4.5e-10,2.5e-10,0.0792,26100000000.0,1190000000.0,11.42,-83.27
3.4e-05,1.5e-05,7e-13,5e-10,5e-11,0.0792,25100000000.0,1120000000.0,11.66,-85.5
3.4e-05,1.5e-05,7e-13,5e-10,2e-10,0.0792,25100000000.0,1120000000.0,11.66,-85.93
3.4e-05,1.6e-05,5e-13,4e-10,1e-10,0.0792,27200000000.0,1290000000.0,11.17,-88.25
3.4e-05,1.6e-05,5e-13,4e-10,5e-11,0.0792,27200000000.0,1300000000.0,11.16,-89.22
3.4e-05,1.6e-05,5e-13,4e-10,1.5e-10,0.0792,27200000000.0,1290000000.0,11.17,-88.31
3.4e-05,1.6e-05,5e-13,4e-10,2.5e-10,0.0792,27100000000.0,1290000000.0,11.17,-88.81
3.4e-05,1.6e-05,5e-13,3e-10,1e-10,0.0792,30600000000.0,1580000000.0,10.51,-94.24
3.4e-05,1.6e-05,5e-13,3e-10,5e-11,0.0792,30600000000.0,1580000000.0,10.51,-94.14
3.4e-05,1.6e-05,5e-13,3e-10,1.5e-10,0.0792,30600000000.0,1580000000.0,10.51,-94.3
3.4e-05,1.6e-05,5e-13,3e-10,2e-10,0.0792,30600000000.0,1580000000.0,10.51,-94.21
3.4e-05,1.6e-05,5e-13,3.5e-10,1e-10,0.0792,28700000000.0,1410000000.0,10.87,-90.65
3.4e-05,1.6e-05,5e-13,3.5e-10,5e-11,0.0792,28700000000.0,1410000000.0,10.87,-91.61
3.4e-05,1.6e-05,5e-13,3.5e-10,1.5e-10,0.0792,28700000000.0,1410000000.0,10.87,-91.55
3.4e-05,1.6e-05,5e-13,3.5e-10,2e-10,0.0792,28700000000.0,1410000000.0,10.87,-90.93
3.4e-05,1.6e-05,5e-13,3.5e-10,2.5e-10,0.0792,28700000000.0,1410000000.0,10.87,-91.16
3.4e-05,1.6e-05,5e-13,4.5e-10,1e-10,0.0792,26000000000.0,1200000000.0,11.43,-87.01
3.4e-05,1.6e-05,5e-13,4.5e-10,5e-11,0.0792,26000000000.0,1200000000.0,11.43,-87.08
3.4e-05,1.6e-05,5e-13,4.5e-10,2e-10,0.0792,26000000000.0,1200000000.0,11.43,-87.16
3.4e-05,1.6e-05,5e-13,4.5e-10,2.5e-10,0.0792,25900000000.0,1200000000.0,11.43,-87.23
3.4e-05,1.6e-05,5e-13,5e-10,1e-10,0.0792,25000000000.0,1130000000.0,11.66,-86.0
3.4e-05,1.6e-05,5e-13,5e-10,5e-11,0.0792,25000000000.0,1130000000.0,11.66,-85.75
3.4e-05,1.6e-05,5e-13,5e-10,1.5e-10,0.0792,25000000000.0,1130000000.0,11.66,-85.88
3.4e-05,1.6e-05,5e-13,5e-10,2.5e-10,0.0792,25000000000.0,1130000000.0,11.66,-85.86
3.4e-05,1.6e-05,3e-13,4e-10,1e-10,0.0792,27200000000.0,1300000000.0,11.17,-88.14
3.4e-05,1.6e-05,3e-13,4e-10,5e-11,0.0792,27200000000.0,1290000000.0,11.17,-88.73
3.4e-05,1.6e-05,3e-13,4e-10,1.5e-10,0.0792,27200000000.0,1290000000.0,11.17,-88.79
3.4e-05,1.6e-05,3e-13,4e-10,2e-10,0.0792,27200000000.0,1290000000.0,11.16,-88.77
3.4e-05,1.6e-05,3e-13,4e-10,2.5e-10,0.0792,27200000000.0,1290000000.0,11.17,-88.34
3.4e-05,1.6e-05,3e-13,3e-10,1e-10,0.0792,30600000000.0,1580000000.0,10.51,-94.26
3.4e-05,1.6e-05,3e-13,3e-10,5e-11,0.0792,30600000000.0,1580000000.0,10.51,-94.25
3.4e-05,1.6e-05,3e-13,3e-10,1.5e-10,0.0792,30600000000.0,1580000000.0,10.51,-94.31
3.4e-05,1.6e-05,3e-13,3e-10,2e-10,0.0792,30600000000.0,1580000000.0,10.51,-94.35
3.4e-05,1.6e-05,3e-13,3.5e-10,1e-10,0.0792,28700000000.0,1410000000.0,10.87,-91.51
3.4e-05,1.6e-05,3e-13,3.5e-10,5e-11,0.0792,28700000000.0,1410000000.0,10.87,-91.08
3.4e-05,1.6e-05,3e-13,3.5e-10,1.5e-10,0.0792,28700000000.0,1410000000.0,10.87,-91.6
3.4e-05,1.6e-05,3e-13,3.5e-10,2e-10,0.0792,28700000000.0,1410000000.0,10.87,-91.28
3.4e-05,1.6e-05,3e-13,3.5e-10,2.5e-10,0.0792,28700000000.0,1410000000.0,10.87,-91.41
3.4e-05,1.6e-05,3e-13,4.5e-10,1e-10,0.0792,26000000000.0,1200000000.0,11.43,-87.17
3.4e-05,1.6e-05,3e-13,4.5e-10,5e-11,0.0792,26000000000.0,1200000000.0,11.43,-87.15
3.4e-05,1.6e-05,3e-13,4.5e-10,1.5e-10,0.0792,26000000000.0,1200000000.0,11.43,-87.25
3.4e-05,1.6e-05,3e-13,4.5e-10,2e-10,0.0792,26000000000.0,1200000000.0,11.43,-86.74
3.4e-05,1.6e-05,3e-13,4.5e-10,2.5e-10,0.0792,26000000000.0,1200000000.0,11.43,-86.92
3.4e-05,1.6e-05,3e-13,5e-10,1e-10,0.0792,25000000000.0,1130000000.0,11.66,-85.96
3.4e-05,1.6e-05,3e-13,5e-10,5e-11,0.0792,25000000000.0,1130000000.0,11.66,-86.13
3.4e-05,1.6e-05,3e-13,5e-10,1.5e-10,0.0792,25000000000.0,1130000000.0,11.66,-85.73
3.4e-05,1.6e-05,3e-13,5e-10,2e-10,0.0792,25000000000.0,1130000000.0,11.67,-85.91
3.4e-05,1.6e-05,3e-13,5e-10,2.5e-10,0.0792,25000000000.0,1130000000.0,11.66,-85.98
3.4e-05,1.6e-05,4e-13,4e-10,1e-10,0.0792,27200000000.0,1300000000.0,11.16,-88.16
3.4e-05,1.6e-05,4e-13,4e-10,5e-11,0.0792,27200000000.0,1290000000.0,11.16,-88.78
3.4e-05,1.6e-05,4e-13,4e-10,1.5e-10,0.0792,27200000000.0,1290000000.0,11.17,-89.17
3.4e-05,1.6e-05,4e-13,4e-10,2e-10,0.0792,27200000000.0,1290000000.0,11.17,-88.96
3.4e-05,1.6e-05,4e-13,4e-10,2.5e-10,0.0792,27200000000.0,1300000000.0,11.16,-88.18
3.4e-05,1.6e-05,4e-13,3e-10,1e-10,0.0792,30600000000.0,1580000000.0,10.51,-94.23
3.4e-05,1.6e-05,4e-13,3e-10,5e-11,0.0792,30600000000.0,1580000000.0,10.51,-94.32
3.4e-05,1.6e-05,4e-13,3e-10,2e-10,0.0792,30600000000.0,1580000000.0,10.51,-94.22
3.4e-05,1.6e-05,4e-13,3e-10,2.5e-10,0.0792,30600000000.0,1580000000.0,10.51,-94.29
3.4e-05,1.6e-05,4e-13,3.5e-10,1e-10,0.0792,28700000000.0,1410000000.0,10.87,-91.82
3.4e-05,1.6e-05,4e-13,3.5e-10,5e-11,0.0792,28700000000.0,1410000000.0,10.87,-91.37
3.4e-05,1.6e-05,4e-13,3.5e-10,1.5e-10,0.0792,28700000000.0,1420000000.0,10.87,-91.91
3.4e-05,1.6e-05,4e-13,3.5e-10,2.5e-10,0.0792,28700000000.0,1420000000.0,10.87,-91.39
3.4e-05,1.6e-05,4e-13,4.5e-10,1e-10,0.0792,26000000000.0,1200000000.0,11.43,-86.96
3.4e-05,1.6e-05,4e-13,4.5e-10,5e-11,0.0792,26000000000.0,1200000000.0,11.43,-86.98
3.4e-05,1.6e-05,4e-13,4.5e-10,1.5e-10,0.0792,26000000000.0,1200000000.0,11.43,-85.96
3.4e-05,1.6e-05,4e-13,4.5e-10,2e-10,0.0792,26000000000.0,1200000000.0,11.43,-86.87
3.4e-05,1.6e-05,4e-13,4.5e-10,2.5e-10,0.0792,26000000000.0,1200000000.0,11.43,-87.0
3.4e-05,1.6e-05,4e-13,5e-10,1e-10,0.0792,25000000000.0,1130000000.0,11.66,-85.63
3.4e-05,1.6e-05,4e-13,5e-10,5e-11,0.0792,25000000000.0,1130000000.0,11.66,-86.14
3.4e-05,1.6e-05,4e-13,5e-10,1.5e-10,0.0792,25000000000.0,1130000000.0,11.66,-85.79
3.4e-05,1.6e-05,4e-13,5e-10,2e-10,0.0792,25000000000.0,1130000000.0,11.66,-86.2
3.4e-05,1.6e-05,4e-13,5e-10,2.5e-10,0.0792,25000000000.0,1130000000.0,11.66,-86.04
3.4e-05,1.6e-05,6e-13,4e-10,1e-10,0.0792,27100000000.0,1290000000.0,11.16,-89.38
3.4e-05,1.6e-05,6e-13,4e-10,5e-11,0.0792,27100000000.0,1290000000.0,11.17,-89.19
3.4e-05,1.6e-05,6e-13,4e-10,1.5e-10,0.0792,27100000000.0,1290000000.0,11.17,-88.84
3.4e-05,1.6e-05,6e-13,4e-10,2e-10,0.0792,27100000000.0,1290000000.0,11.17,-87.79
3.4e-05,1.6e-05,6e-13,4e-10,2.5e-10,0.0792,27100000000.0,1290000000.0,11.17,-88.69
3.4e-05,1.6e-05,6e-13,3e-10,5e-11,0.0792,30600000000.0,1580000000.0,10.51,-94.17
3.4e-05,1.6e-05,6e-13,3e-10,2.5e-10,0.0792,30600000000.0,1580000000.0,10.51,-94.34
3.4e-05,1.6e-05,6e-13,3.5e-10,1e-10,0.0792,28700000000.0,1410000000.0,10.87,-90.89
3.4e-05,1.6e-05,6e-13,3.5e-10,5e-11,0.0792,28700000000.0,1410000000.0,10.87,-91.52
3.4e-05,1.6e-05,6e-13,3.5e-10,1.5e-10,0.0792,28700000000.0,1410000000.0,10.87,-91.0
3.4e-05,1.6e-05,6e-13,3.5e-10,2e-10,0.0792,28700000000.0,1410000000.0,10.87,-91.19
3.4e-05,1.6e-05,6e-13,3.5e-10,2.5e-10,0.0792,28700000000.0,1410000000.0,10.87,-91.56
3.4e-05,1.6e-05,6e-13,4.5e-10,1e-10,0.0792,25900000000.0,1200000000.0,11.43,-87.29
3.4e-05,1.6e-05,6e-13,4.5e-10,5e-11,0.0792,26000000000.0,1200000000.0,11.43,-86.05
3.4e-05,1.6e-05,6e-13,4.5e-10,1.5e-10,0.0792,26000000000.0,1200000000.0,11.43,-87.09
3.4e-05,1.6e-05,6e-13,4.5e-10,2e-10,0.0792,25900000000.0,1200000000.0,11.43,-87.17
3.4e-05,1.6e-05,6e-13,4.5e-10,2.5e-10,0.0792,25900000000.0,1200000000.0,11.43,-87.02
3.4e-05,1.6e-05,6e-13,5e-10,1e-10,0.0792,25000000000.0,1130000000.0,11.66,-86.07
3.4e-05,1.6e-05,6e-13,5e-10,5e-11,0.0792,25000000000.0,1130000000.0,11.66,-86.09
3.4e-05,1.6e-05,6e-13,5e-10,1.5e-10,0.0792,25000000000.0,1130000000.0,11.66,-86.03
3.4e-05,1.6e-05,6e-13,5e-10,2e-10,0.0792,25000000000.0,1130000000.0,11.66,-86.01
3.4e-05,1.6e-05,6e-13,5e-10,2.5e-10,0.0792,25000000000.0,1130000000.0,11.66,-86.99
3.4e-05,1.6e-05,7e-13,4e-10,1e-10,0.0792,27100000000.0,1290000000.0,11.16,-88.62
3.4e-05,1.6e-05,7e-13,4e-10,5e-11,0.0792,27100000000.0,1290000000.0,11.17,-87.78
3.4e-05,1.6e-05,7e-13,4e-10,1.5e-10,0.0792,27100000000.0,1290000000.0,11.17,-89.11
3.4e-05,1.6e-05,7e-13,4e-10,2.5e-10,0.0792,27100000000.0,1290000000.0,11.17,-89.43
3.4e-05,1.6e-05,7e-13,3e-10,1e-10,0.0792,30600000000.0,1570000000.0,10.51,-94.36
3.4e-05,1.6e-05,7e-13,3e-10,5e-11,0.0792,30600000000.0,1580000000.0,10.51,-94.19
3.4e-05,1.6e-05,7e-13,3e-10,1.5e-10,0.0792,30600000000.0,1580000000.0,10.51,-94.12
3.4e-05,1.6e-05,7e-13,3.5e-10,5e-11,0.0792,28700000000.0,1410000000.0,10.87,-91.53
3.4e-05,1.6e-05,7e-13,3.5e-10,1.5e-10,0.0792,28700000000.0,1410000000.0,10.87,-90.43
3.4e-05,1.6e-05,7e-13,3.5e-10,2e-10,0.0792,28600000000.0,1410000000.0,10.87,-90.64
3.4e-05,1.6e-05,7e-13,3.5e-10,2.5e-10,0.0792,28600000000.0,1410000000.0,10.87,-92.29
3.4e-05,1.6e-05,7e-13,4.5e-10,1e-10,0.0792,25900000000.0,1200000000.0,11.43,-87.08
3.4e-05,1.6e-05,7e-13,4.5e-10,5e-11,0.0792,25900000000.0,1200000000.0,11.43,-86.98
3.4e-05,1.6e-05,7e-13,4.5e-10,1.5e-10,0.0792,25900000000.0,1200000000.0,11.43,-87.84
3.4e-05,1.6e-05,7e-13,4.5e-10,2e-10,0.0792,25900000000.0,1200000000.0,11.43,-87.0
3.4e-05,1.6e-05,7e-13,4.5e-10,2.5e-10,0.0792,25900000000.0,1200000000.0,11.43,-87.73
3.4e-05,1.6e-05,7e-13,5e-10,1e-10,0.0792,25000000000.0,1130000000.0,11.66,-85.64
3.4e-05,1.6e-05,7e-13,5e-10,5e-11,0.0792,25000000000.0,1130000000.0,11.66,-85.87
3.4e-05,1.6e-05,7e-13,5e-10,1.5e-10,0.0792,25000000000.0,1130000000.0,11.66,-85.85
3.4e-05,1.6e-05,7e-13,5e-10,2e-10,0.0792,25000000000.0,1130000000.0,11.66,-85.95
3.4e-05,1.6e-05,7e-13,5e-10,2.5e-10,0.0792,25000000000.0,1130000000.0,11.66,-86.06
3.4e-05,1.7e-05,5e-13,4e-10,1e-10,0.0792,27000000000.0,1290000000.0,11.16,-89.01
3.4e-05,1.7e-05,5e-13,4e-10,5e-11,0.0792,27000000000.0,1300000000.0,11.16,-88.75
3.4e-05,1.7e-05,5e-13,4e-10,1.5e-10,0.0792,27000000000.0,1290000000.0,11.16,-88.4
3.4e-05,1.7e-05,5e-13,4e-10,2e-10,0.0792,27000000000.0,1300000000.0,11.16,-88.39
3.4e-05,1.7e-05,5e-13,4e-10,2.5e-10,0.0792,27000000000.0,1300000000.0,11.16,-88.85
3.4e-05,1.7e-05,5e-13,3e-10,1e-10,0.0792,30500000000.0,1580000000.0,10.5,-94.27
3.4e-05,1.7e-05,5e-13,3e-10,5e-11,0.0792,30500000000.0,1580000000.0,10.5,-94.04
3.4e-05,1.7e-05,5e-13,3e-10,1.5e-10,0.0792,30500000000.0,1590000000.0,10.5,-94.03
3.4e-05,1.7e-05,5e-13,3e-10,2e-10,0.0792,30500000000.0,1580000000.0,10.5,-94.16
3.4e-05,1.7e-05,5e-13,3e-10,2.5e-10,0.0792,30500000000.0,1590000000.0,10.5,-94.13
3.4e-05,1.7e-05,5e-13,3.5e-10,1e-10,0.0792,28500000000.0,1420000000.0,10.86,-91.59
3.4e-05,1.7e-05,5e-13,3.5e-10,5e-11,0.0792,28500000000.0,1420000000.0,10.86,-91.22
3.4e-05,1.7e-05,5e-13,3.5e-10,1.5e-10,0.0792,28500000000.0,1420000000.0,10.86,-91.33
3.4e-05,1.7e-05,5e-13,3.5e-10,2e-10,0.0792,28500000000.0,1420000000.0,10.86,-91.28
3.4e-05,1.7e-05,5e-13,3.5e-10,2.5e-10,0.0792,28500000000.0,1410000000.0,10.86,-90.72
3.4e-05,1.7e-05,5e-13,4.5e-10,1e-10,0.0792,25800000000.0,1200000000.0,11.43,-87.26
3.4e-05,1.7e-05,5e-13,4.5e-10,5e-11,0.0792,25800000000.0,1200000000.0,11.43,-87.04
3.4e-05,1.7e-05,5e-13,4.5e-10,1.5e-10,0.0792,25800000000.0,1210000000.0,11.43,-87.63
3.4e-05,1.7e-05,5e-13,4.5e-10,2e-10,0.0792,25800000000.0,1210000000.0,11.43,-86.85
3.4e-05,1.7e-05,5e-13,4.5e-10,2.5e-10,0.0792,25800000000.0,1210000000.0,11.43,-86.83
3.4e-05,1.7e-05,5e-13,5e-10,1e-10,0.0792,24900000000.0,1140000000.0,11.67,-85.72
3.4e-05,1.7e-05,5e-13,5e-10,5e-11,0.0792,24900000000.0,1130000000.0,11.66,-85.62
3.4e-05,1.7e-05,5e-13,5e-10,1.5e-10,0.0792,24900000000.0,1130000000.0,11.66,-85.79
3.4e-05,1.7e-05,5e-13,5e-10,2e-10,0.0792,24900000000.0,1130000000.0,11.66,-85.81
3.4e-05,1.7e-05,5e-13,5e-10,2.5e-10,0.0792,24900000000.0,1130000000.0,11.66,-85.74
3.4e-05,1.7e-05,3e-13,4e-10,1e-10,0.0792,27000000000.0,1290000000.0,11.16,-88.93
3.4e-05,1.7e-05,3e-13,4e-10,5e-11,0.0792,27000000000.0,1300000000.0,11.16,-88.08
3.4e-05,1.7e-05,3e-13,4e-10,1.5e-10,0.0792,27000000000.0,1300000000.0,11.16,-88.79
3.4e-05,1.7e-05,3e-13,4e-10,2e-10,0.0792,27000000000.0,1300000000.0,11.16,-88.55
3.4e-05,1.7e-05,3e-13,4e-10,2.5e-10,0.0792,27000000000.0,1290000000.0,11.16,-88.56
3.4e-05,1.7e-05,3e-13,3e-10,1e-10,0.0792,30500000000.0,1580000000.0,10.5,-94.24
3.4e-05,1.7e-05,3e-13,3e-10,5e-11,0.0792,30500000000.0,1590000000.0,10.5,-94.06
3.4e-05,1.7e-05,3e-13,3e-10,1.5e-10,0.0792,30500000000.0,1580000000.0,10.5,-94.25
3.4e-05,1.7e-05,3e-13,3e-10,2.5e-10,0.0792,30500000000.0,1580000000.0,10.5,-94.21
3.4e-05,1.7e-05,3e-13,3.5e-10,1e-10,0.0792,28500000000.0,1420000000.0,10.86,-90.95
3.4e-05,1.7e-05,3e-13,3.5e-10,5e-11,0.0792,28500000000.0,1410000000.0,10.86,-91.08
3.4e-05,1.7e-05,3e-13,3.5e-10,1.5e-10,0.0792,28500000000.0,1410000000.0,10.86,-91.58
3.4e-05,1.7e-05,3e-13,3.5e-10,2e-10,0.0792,28500000000.0,1420000000.0,10.86,-90.98
3.4e-05,1.7e-05,3e-13,3.5e-10,2.5e-10,0.0792,28500000000.0,1410000000.0,10.86,-91.18
3.4e-05,1.7e-05,3e-13,4.5e-10,1e-10,0.0792,25900000000.0,1210000000.0,11.43,-86.83
3.4e-05,1.7e-05,3e-13,4.5e-10,5e-11,0.0792,25900000000.0,1210000000.0,11.43,-86.89
3.4e-05,1.7e-05,3e-13,4.5e-10,1.5e-10,0.0792,25800000000.0,1200000000.0,11.43,-86.63
3.4e-05,1.7e-05,3e-13,4.5e-10,2e-10,0.0792,25800000000.0,1210000000.0,11.43,-86.81
3.4e-05,1.7e-05,3e-13,4.5e-10,2.5e-10,0.0792,25800000000.0,1210000000.0,11.43,-86.73
3.4e-05,1.7e-05,3e-13,5e-10,1e-10,0.0792,24900000000.0,1130000000.0,11.67,-85.91
3.4e-05,1.7e-05,3e-13,5e-10,5e-11,0.0792,24900000000.0,1140000000.0,11.67,-85.67
3.4e-05,1.7e-05,3e-13,5e-10,1.5e-10,0.0792,24900000000.0,1140000000.0,11.67,-85.48
3.4e-05,1.7e-05,3e-13,5e-10,2e-10,0.0792,24900000000.0,1140000000.0,11.67,-85.91
3.4e-05,1.7e-05,3e-13,5e-10,2.5e-10,0.0792,24900000000.0,1130000000.0,11.67,-86.03
3.4e-05,1.7e-05,4e-13,4e-10,1e-10,0.0792,27000000000.0,1300000000.0,11.16,-89.24
3.4e-05,1.7e-05,4e-13,4e-10,5e-11,0.0792,27000000000.0,1290000000.0,11.16,-88.57
3.4e-05,1.7e-05,4e-13,4e-10,1.5e-10,0.0792,27000000000.0,1290000000.0,11.16,-88.99
3.4e-05,1.7e-05,4e-13,4e-10,2e-10,0.0792,27000000000.0,1300000000.0,11.16,-88.73
3.4e-05,1.7e-05,4e-13,4e-10,2.5e-10,0.0792,27000000000.0,1300000000.0,11.16,-88.43
3.4e-05,1.7e-05,4e-13,3e-10,1e-10,0.0792,30500000000.0,1590000000.0,10.5,-94.12
3.4e-05,1.7e-05,4e-13,3e-10,5e-11,0.0792,30500000000.0,1580000000.0,10.5,-94.28
3.4e-05,1.7e-05,4e-13,3e-10,2e-10,0.0792,30500000000.0,1580000000.0,10.5,-94.0
3.4e-05,1.7e-05,4e-13,3e-10,2.5e-10,0.0792,30500000000.0,1580000000.0,10.5,-94.22
3.4e-05,1.7e-05,4e-13,3.5e-10,1e-10,0.0792,28500000000.0,1420000000.0,10.86,-91.57
3.4e-05,1.7e-05,4e-13,3.5e-10,5e-11,0.0792,28500000000.0,1420000000.0,10.86,-90.44
3.4e-05,1.7e-05,4e-13,3.5e-10,1.5e-10,0.0792,28500000000.0,1420000000.0,10.86,-91.16
3.4e-05,1.7e-05,4e-13,3.5e-10,2e-10,0.0792,28500000000.0,1420000000.0,10.86,-90.93
3.4e-05,1.7e-05,4e-13,3.5e-10,2.5e-10,0.0792,28500000000.0,1410000000.0,10.86,-91.61
3.4e-05,1.7e-05,4e-13,4.5e-10,5e-11,0.0792,25800000000.0,1210000000.0,11.43,-86.79
3.4e-05,1.7e-05,4e-13,4.5e-10,1.5e-10,0.0792,25800000000.0,1210000000.0,11.43,-86.7
3.4e-05,1.7e-05,4e-13,4.5e-10,2.5e-10,0.0792,25800000000.0,1210000000.0,11.43,-81.99
3.4e-05,1.7e-05,4e-13,5e-10,1e-10,0.0792,24900000000.0,1130000000.0,11.66,-85.69
3.4e-05,1.7e-05,4e-13,5e-10,1.5e-10,0.0792,24900000000.0,1140000000.0,11.67,-85.64
3.4e-05,1.7e-05,4e-13,5e-10,2e-10,0.0792,24900000000.0,1140000000.0,11.66,-85.67
3.4e-05,1.7e-05,4e-13,5e-10,2.5e-10,0.0792,24900000000.0,1140000000.0,11.66,-85.89
3.4e-05,1.7e-05,6e-13,4e-10,1e-10,0.0792,27000000000.0,1300000000.0,11.16,-88.25
3.4e-05,1.7e-05,6e-13,4e-10,5e-11,0.0792,27000000000.0,1290000000.0,11.16,-89.03
3.4e-05,1.7e-05,6e-13,4e-10,1.5e-10,0.0792,27000000000.0,1290000000.0,11.16,-89.04
3.4e-05,1.7e-05,6e-13,4e-10,2e-10,0.0792,27000000000.0,1290000000.0,11.16,-88.52
3.4e-05,1.7e-05,6e-13,4e-10,2.5e-10,0.0792,27000000000.0,1300000000.0,11.16,-88.64
3.4e-05,1.7e-05,6e-13,3e-10,1e-10,0.0792,30500000000.0,1580000000.0,10.5,-94.3
3.4e-05,1.7e-05,6e-13,3e-10,5e-11,0.0792,30500000000.0,1590000000.0,10.5,-93.99
3.4e-05,1.7e-05,6e-13,3e-10,2e-10,0.0792,30500000000.0,1580000000.0,10.5,-94.17
3.4e-05,1.7e-05,6e-13,3e-10,2.5e-10,0.0792,30500000000.0,1580000000.0,10.5,-94.29
3.4e-05,1.7e-05,6e-13,3.5e-10,5e-11,0.0792,28500000000.0,1420000000.0,10.86,-91.52
3.4e-05,1.7e-05,6e-13,3.5e-10,1.5e-10,0.0792,28500000000.0,1410000000.0,10.86,-91.3
3.4e-05,1.7e-05,6e-13,3.5e-10,2e-10,0.0792,28500000000.0,1410000000.0,10.86,-91.19
3.4e-05,1.7e-05,6e-13,3.5e-10,2.5e-10,0.0792,28500000000.0,1410000000.0,10.86,-91.2
3.4e-05,1.7e-05,6e-13,4.5e-10,1e-10,0.0792,25800000000.0,1210000000.0,11.43,-87.72
3.4e-05,1.7e-05,6e-13,4.5e-10,5e-11,0.0792,25800000000.0,1200000000.0,11.43,-86.93
3.4e-05,1.7e-05,6e-13,4.5e-10,1.5e-10,0.0792,25800000000.0,1200000000.0,11.43,-87.08
3.4e-05,1.7e-05,6e-13,4.5e-10,2e-10,0.0792,25800000000.0,1210000000.0,11.43,-87.6
3.4e-05,1.7e-05,6e-13,4.5e-10,2.5e-10,0.0792,25800000000.0,1210000000.0,11.43,-86.82
3.4e-05,1.7e-05,6e-13,5e-10,1e-10,0.0792,24900000000.0,1130000000.0,11.67,-85.81
3.4e-05,1.7e-05,6e-13,5e-10,5e-11,0.0792,24900000000.0,1140000000.0,11.67,-85.75
3.4e-05,1.7e-05,6e-13,5e-10,1.5e-10,0.0792,24900000000.0,1140000000.0,11.66,-85.84
3.4e-05,1.7e-05,6e-13,5e-10,2e-10,0.0792,24900000000.0,1130000000.0,11.66,-86.01
3.4e-05,1.7e-05,6e-13,5e-10,2.5e-10,0.0792,24900000000.0,1130000000.0,11.66,-86.22
3.4e-05,1.7e-05,7e-13,4e-10,1e-10,0.0792,27000000000.0,1300000000.0,11.16,-88.61
3.4e-05,1.7e-05,7e-13,4e-10,5e-11,0.0792,27000000000.0,1300000000.0,11.16,-88.78
3.4e-05,1.7e-05,7e-13,4e-10,1.5e-10,0.0792,27000000000.0,1300000000.0,11.16,-88.87
3.4e-05,1.7e-05,7e-13,4e-10,2e-10,0.0792,27000000000.0,1300000000.0,11.16,-88.63
3.4e-05,1.7e-05,7e-13,3e-10,1e-10,0.0792,30500000000.0,1580000000.0,10.5,-94.33
3.4e-05,1.7e-05,7e-13,3e-10,5e-11,0.0792,30500000000.0,1590000000.0,10.5,-94.1
3.4e-05,1.7e-05,7e-13,3.5e-10,1e-10,0.0792,28500000000.0,1420000000.0,10.86,-90.96
3.4e-05,1.7e-05,7e-13,3.5e-10,5e-11,0.0792,28500000000.0,1420000000.0,10.86,-91.31
3.4e-05,1.7e-05,7e-13,3.5e-10,1.5e-10,0.0792,28500000000.0,1420000000.0,10.86,-91.65
3.4e-05,1.7e-05,7e-13,3.5e-10,2e-10,0.0792,28500000000.0,1420000000.0,10.86,-91.06
3.4e-05,1.7e-05,7e-13,3.5e-10,2.5e-10,0.0792,28500000000.0,1410000000.0,10.86,-90.4
3.4e-05,1.7e-05,7e-13,4.5e-10,1e-10,0.0792,25800000000.0,1210000000.0,11.43,-86.91
3.4e-05,1.7e-05,7e-13,4.5e-10,5e-11,0.0792,25800000000.0,1210000000.0,11.43,-86.67
3.4e-05,1.7e-05,7e-13,4.5e-10,1.5e-10,0.0792,25800000000.0,1210000000.0,11.43,-86.86
3.4e-05,1.7e-05,7e-13,4.5e-10,2e-10,0.0792,25800000000.0,1210000000.0,11.43,-86.89
3.4e-05,1.7e-05,7e-13,4.5e-10,2.5e-10,0.0792,25800000000.0,1200000000.0,11.43,-86.85
3.4e-05,1.7e-05,7e-13,5e-10,1e-10,0.0792,24900000000.0,1140000000.0,11.67,-85.69
3.4e-05,1.7e-05,7e-13,5e-10,5e-11,0.0792,24900000000.0,1140000000.0,11.67,-86.51
3.4e-05,1.7e-05,7e-13,5e-10,1.5e-10,0.0792,24900000000.0,1140000000.0,11.67,-85.62
3.4e-05,1.7e-05,7e-13,5e-10,2.5e-10,0.0792,24900000000.0,1140000000.0,11.67,-87.43
3.4e-05,1.8e-05,5e-13,4e-10,1e-10,0.0792,26900000000.0,1290000000.0,11.16,-88.6
3.4e-05,1.8e-05,5e-13,4e-10,5e-11,0.0792,26900000000.0,1300000000.0,11.16,-89.78
3.4e-05,1.8e-05,5e-13,4e-10,1.5e-10,0.0792,26900000000.0,1300000000.0,11.16,-88.28
3.4e-05,1.8e-05,5e-13,4e-10,2e-10,0.0792,26900000000.0,1290000000.0,11.16,-88.41
3.4e-05,1.8e-05,5e-13,4e-10,2.5e-10,0.0792,26900000000.0,1300000000.0,11.16,-88.44
3.4e-05,1.8e-05,5e-13,3e-10,1e-10,0.0792,30400000000.0,1580000000.0,10.49,-94.13
3.4e-05,1.8e-05,5e-13,3e-10,1.5e-10,0.0792,30400000000.0,1580000000.0,10.49,-93.84
3.4e-05,1.8e-05,5e-13,3e-10,2e-10,0.0792,30400000000.0,1580000000.0,10.49,-93.98
3.4e-05,1.8e-05,5e-13,3e-10,2.5e-10,0.0792,30400000000.0,1580000000.0,10.49,-94.11
3.4e-05,1.8e-05,5e-13,3.5e-10,1e-10,0.0792,28400000000.0,1420000000.0,10.85,-91.36
3.4e-05,1.8e-05,5e-13,3.5e-10,5e-11,0.0792,28400000000.0,1420000000.0,10.85,-90.93
3.4e-05,1.8e-05,5e-13,3.5e-10,1.5e-10,0.0792,28400000000.0,1410000000.0,10.85,-91.0
3.4e-05,1.8e-05,5e-13,3.5e-10,2e-10,0.0792,28400000000.0,1420000000.0,10.85,-91.09
3.4e-05,1.8e-05,5e-13,3.5e-10,2.5e-10,0.0792,28400000000.0,1420000000.0,10.85,-91.34
3.4e-05,1.8e-05,5e-13,4.5e-10,1e-10,0.0792,25700000000.0,1210000000.0,11.42,-87.22
3.4e-05,1.8e-05,5e-13,4.5e-10,5e-11,0.0792,25700000000.0,1200000000.0,11.42,-87.06
3.4e-05,1.8e-05,5e-13,4.5e-10,1.5e-10,0.0792,25700000000.0,1200000000.0,11.42,-86.56
3.4e-05,1.8e-05,5e-13,4.5e-10,2e-10,0.0792,25700000000.0,1200000000.0,11.42,-86.94
3.4e-05,1.8e-05,5e-13,4.5e-10,2.5e-10,0.0792,25700000000.0,1200000000.0,11.42,-87.02
3.4e-05,1.8e-05,5e-13,5e-10,1e-10,0.0792,24800000000.0,1130000000.0,11.66,-85.94
3.4e-05,1.8e-05,5e-13,5e-10,5e-11,0.0792,24800000000.0,1130000000.0,11.67,-85.95
3.4e-05,1.8e-05,5e-13,5e-10,1.5e-10,0.0792,24800000000.0,1130000000.0,11.66,-85.86
3.4e-05,1.8e-05,5e-13,5e-10,2e-10,0.0792,24800000000.0,1130000000.0,11.66,-85.65
3.4e-05,1.8e-05,5e-13,5e-10,2.5e-10,0.0792,24800000000.0,1140000000.0,11.66,-85.6
3.4e-05,1.8e-05,3e-13,4e-10,1e-10,0.0792,26900000000.0,1300000000.0,11.16,-88.84
3.4e-05,1.8e-05,3e-13,4e-10,5e-11,0.0792,26900000000.0,1300000000.0,11.16,-88.29
3.4e-05,1.8e-05,3e-13,4e-10,1.5e-10,0.0792,26900000000.0,1300000000.0,11.16,-88.7
3.4e-05,1.8e-05,3e-13,4e-10,2e-10,0.0792,26900000000.0,1300000000.0,11.16,-88.72
3.4e-05,1.8e-05,3e-13,4e-10,2.5e-10,0.0792,26900000000.0,1300000000.0,11.16,-88.79
3.4e-05,1.8e-05,3e-13,3e-10,1e-10,0.0792,30400000000.0,1580000000.0,10.49,-93.88
3.4e-05,1.8e-05,3e-13,3e-10,5e-11,0.0792,30400000000.0,1580000000.0,10.49,-94.16
3.4e-05,1.8e-05,3e-13,3e-10,1.5e-10,0.0792,30400000000.0,1580000000.0,10.49,-94.09
3.4e-05,1.8e-05,3e-13,3e-10,2e-10,0.0792,30400000000.0,1580000000.0,10.49,-94.07
3.4e-05,1.8e-05,3e-13,3e-10,2.5e-10,0.0792,30400000000.0,1580000000.0,10.49,-94.12
3.4e-05,1.8e-05,3e-13,3.5e-10,1e-10,0.0792,28400000000.0,1420000000.0,10.85,-91.04
3.4e-05,1.8e-05,3e-13,3.5e-10,5e-11,0.0792,28400000000.0,1420000000.0,10.85,-90.96
3.4e-05,1.8e-05,3e-13,3.5e-10,1.5e-10,0.0792,28400000000.0,1410000000.0,10.85,-90.83
3.4e-05,1.8e-05,3e-13,3.5e-10,2e-10,0.0792,28400000000.0,1420000000.0,10.85,-90.68
3.4e-05,1.8e-05,3e-13,3.5e-10,2.5e-10,0.0792,28400000000.0,1420000000.0,10.85,-90.9
3.4e-05,1.8e-05,3e-13,4.5e-10,1e-10,0.0792,25800000000.0,1210000000.0,11.42,-86.95
3.4e-05,1.8e-05,3e-13,4.5e-10,5e-11,0.0792,25800000000.0,1200000000.0,11.42,-86.88
3.4e-05,1.8e-05,3e-13,4.5e-10,1.5e-10,0.0792,25800000000.0,1210000000.0,11.42,-86.59
3.4e-05,1.8e-05,3e-13,4.5e-10,2e-10,0.0792,25800000000.0,1210000000.0,11.42,-85.37
3.4e-05,1.8e-05,3e-13,4.5e-10,2.5e-10,0.0792,25800000000.0,1210000000.0,11.42,-86.91
3.4e-05,1.8e-05,3e-13,5e-10,1e-10,0.0792,24800000000.0,1130000000.0,11.66,-85.69
3.4e-05,1.8e-05,3e-13,5e-10,5e-11,0.0792,24800000000.0,1140000000.0,11.66,-85.69
3.4e-05,1.8e-05,3e-13,5e-10,1.5e-10,0.0792,24800000000.0,1140000000.0,11.66,-85.92
3.4e-05,1.8e-05,3e-13,5e-10,2e-10,0.0792,24800000000.0,1140000000.0,11.66,-85.57
3.4e-05,1.8e-05,3e-13,5e-10,2.5e-10,0.0792,24800000000.0,1130000000.0,11.66,-85.93
3.4e-05,1.8e-05,4e-13,4e-10,1e-10,0.0792,26900000000.0,1300000000.0,11.16,-88.22
3.4e-05,1.8e-05,4e-13,4e-10,5e-11,0.0792,26900000000.0,1300000000.0,11.16,-88.45
3.4e-05,1.8e-05,4e-13,4e-10,1.5e-10,0.0792,26900000000.0,1290000000.0,11.16,-88.31
3.4e-05,1.8e-05,4e-13,4e-10,2e-10,0.0792,26900000000.0,1300000000.0,11.16,-89.08
3.4e-05,1.8e-05,4e-13,4e-10,2.5e-10,0.0792,26900000000.0,1300000000.0,11.16,-88.55
3.4e-05,1.8e-05,4e-13,3e-10,1.5e-10,0.0792,30400000000.0,1580000000.0,10.49,-93.86
3.4e-05,1.8e-05,4e-13,3.5e-10,1e-10,0.0792,28400000000.0,1420000000.0,10.85,-91.16
3.4e-05,1.8e-05,4e-13,3.5e-10,5e-11,0.0792,28400000000.0,1420000000.0,10.85,-90.81
3.4e-05,1.8e-05,4e-13,3.5e-10,1.5e-10,0.0792,28400000000.0,1410000000.0,10.85,-91.32
3.4e-05,1.8e-05,4e-13,3.5e-10,2e-10,0.0792,28400000000.0,1410000000.0,10.85,-92.1
3.4e-05,1.8e-05,4e-13,3.5e-10,2.5e-10,0.0792,28400000000.0,1410000000.0,10.85,-90.9
3.4e-05,1.8e-05,4e-13,4.5e-10,1e-10,0.0792,25700000000.0,1200000000.0,11.42,-87.28
3.4e-05,1.8e-05,4e-13,4.5e-10,5e-11,0.0792,25800000000.0,1210000000.0,11.42,-86.69
3.4e-05,1.8e-05,4e-13,4.5e-10,1.5e-10,0.0792,25700000000.0,1210000000.0,11.42,-86.99
3.4e-05,1.8e-05,4e-13,4.5e-10,2e-10,0.0792,25700000000.0,1210000000.0,11.42,-83.9
3.4e-05,1.8e-05,4e-13,4.5e-10,2.5e-10,0.0792,25700000000.0,1210000000.0,11.42,-86.98
3.4e-05,1.8e-05,4e-13,5e-10,1e-10,0.0792,24800000000.0,1130000000.0,11.66,-86.13
3.4e-05,1.8e-05,4e-13,5e-10,5e-11,0.0792,24800000000.0,1140000000.0,11.66,-85.49
3.4e-05,1.8e-05,4e-13,5e-10,1.5e-10,0.0792,24800000000.0,1130000000.0,11.66,-85.7
3.4e-05,1.8e-05,4e-13,5e-10,2e-10,0.0792,24800000000.0,1130000000.0,11.66,-85.92
3.4e-05,1.8e-05,4e-13,5e-10,2.5e-10,0.0792,24800000000.0,1130000000.0,11.66,-85.55
3.4e-05,1.8e-05,6e-13,4e-10,5e-11,0.0792,26900000000.0,1300000000.0,11.16,-88.3
3.4e-05,1.8e-05,6e-13,4e-10,1.5e-10,0.0792,26900000000.0,1300000000.0,11.16,-88.77
3.4e-05,1.8e-05,6e-13,3e-10,1e-10,0.0792,30400000000.0,1580000000.0,10.49,-93.87
3.4e-05,1.8e-05,6e-13,3e-10,5e-11,0.0792,30400000000.0,1580000000.0,10.49,-93.97
3.4e-05,1.8e-05,6e-13,3e-10,2.5e-10,0.0792,30400000000.0,1580000000.0,10.49,-94.18
3.4e-05,1.8e-05,6e-13,3.5e-10,1e-10,0.0792,28400000000.0,1410000000.0,10.85,-91.2
3.4e-05,1.8e-05,6e-13,3.5e-10,5e-11,0.0792,28400000000.0,1410000000.0,10.85,-85.94
3.4e-05,1.8e-05,6e-13,3.5e-10,1.5e-10,0.0792,28400000000.0,1420000000.0,10.85,-90.28
3.4e-05,1.8e-05,6e-13,3.5e-10,2e-10,0.0792,28400000000.0,1420000000.0,10.85,-90.8
3.4e-05,1.8e-05,6e-13,3.5e-10,2.5e-10,0.0792,28400000000.0,1420000000.0,10.85,-91.37
3.4e-05,1.8e-05,6e-13,4.5e-10,1e-10,0.0792,25700000000.0,1210000000.0,11.42,-86.85
3.4e-05,1.8e-05,6e-13,4.5e-10,5e-11,0.0792,25700000000.0,1200000000.0,11.42,-86.79
3.4e-05,1.8e-05,6e-13,4.5e-10,1.5e-10,0.0792,25700000000.0,1210000000.0,11.42,-86.76
3.4e-05,1.8e-05,6e-13,4.5e-10,2e-10,0.0792,25700000000.0,1200000000.0,11.42,-86.89
3.4e-05,1.8e-05,6e-13,4.5e-10,2.5e-10,0.0792,25700000000.0,1210000000.0,11.42,-87.0
3.4e-05,1.8e-05,6e-13,5e-10,5e-11,0.0792,24800000000.0,1130000000.0,11.66,-85.71
3.4e-05,1.8e-05,6e-13,5e-10,1.5e-10,0.0792,24800000000.0,1140000000.0,11.66,-85.51
3.4e-05,1.8e-05,6e-13,5e-10,2e-10,0.0792,24800000000.0,1130000000.0,11.67,-85.9
3.4e-05,1.8e-05,6e-13,5e-10,2.5e-10,0.0792,24800000000.0,1130000000.0,11.66,-85.57
3.4e-05,1.8e-05,7e-13,4e-10,1e-10,0.0792,26900000000.0,1300000000.0,11.16,-87.98
3.4e-05,1.8e-05,7e-13,4e-10,5e-11,0.0792,26900000000.0,1290000000.0,11.16,-87.93
3.4e-05,1.8e-05,7e-13,4e-10,1.5e-10,0.0792,26900000000.0,1300000000.0,11.16,-88.51
3.4e-05,1.8e-05,7e-13,4e-10,2e-10,0.0792,26900000000.0,1300000000.0,11.16,-88.21
3.4e-05,1.8e-05,7e-13,4e-10,2.5e-10,0.0792,26900000000.0,1300000000.0,11.16,-88.35
3.4e-05,1.8e-05,7e-13,3e-10,1e-10,0.0792,30400000000.0,1580000000.0,10.49,-94.04
3.4e-05,1.8e-05,7e-13,3e-10,5e-11,0.0792,30400000000.0,1580000000.0,10.49,-93.99
3.4e-05,1.8e-05,7e-13,3e-10,1.5e-10,0.0792,30400000000.0,1580000000.0,10.49,-94.15
3.4e-05,1.8e-05,7e-13,3e-10,2e-10,0.0792,30400000000.0,1580000000.0,10.49,-94.01
3.4e-05,1.8e-05,7e-13,3.5e-10,1e-10,0.0792,28400000000.0,1410000000.0,10.85,-92.06
3.4e-05,1.8e-05,7e-13,3.5e-10,5e-11,0.0792,28400000000.0,1420000000.0,10.85,-88.83
3.4e-05,1.8e-05,7e-13,3.5e-10,2e-10,0.0792,28400000000.0,1420000000.0,10.85,-90.7
3.4e-05,1.8e-05,7e-13,3.5e-10,2.5e-10,0.0792,28400000000.0,1420000000.0,10.85,-91.69
3.4e-05,1.8e-05,7e-13,4.5e-10,1e-10,0.0792,25700000000.0,1210000000.0,11.42,-87.1
3.4e-05,1.8e-05,7e-13,4.5e-10,5e-11,0.0792,25700000000.0,1200000000.0,11.42,-86.91
3.4e-05,1.8e-05,7e-13,4.5e-10,1.5e-10,0.0792,25700000000.0,1200000000.0,11.42,-85.74
3.4e-05,1.8e-05,7e-13,4.5e-10,2e-10,0.0792,25700000000.0,1210000000.0,11.42,-86.69
3.4e-05,1.8e-05,7e-13,4.5e-10,2.5e-10,0.0792,25700000000.0,1200000000.0,11.42,-87.26
3.4e-05,1.8e-05,7e-13,5e-10,1e-10,0.0792,24800000000.0,1130000000.0,11.66,-85.75
3.4e-05,1.8e-05,7e-13,5e-10,1.5e-10,0.0792,24800000000.0,1130000000.0,11.66,-85.58
3.4e-05,1.8e-05,7e-13,5e-10,2e-10,0.0792,24800000000.0,1130000000.0,11.66,-85.32
3.4e-05,1.8e-05,7e-13,5e-10,2.5e-10,0.0792,24800000000.0,1130000000.0,11.67,-85.86
3.4e-05,1.9e-05,5e-13,4e-10,1e-10,0.0792,26800000000.0,1290000000.0,11.15,-88.19
3.4e-05,1.9e-05,5e-13,4e-10,5e-11,0.0792,26800000000.0,1290000000.0,11.15,-87.84
3.4e-05,1.9e-05,5e-13,4e-10,1.5e-10,0.0792,26800000000.0,1290000000.0,11.15,-89.08
3.4e-05,1.9e-05,5e-13,4e-10,2e-10,0.0792,26800000000.0,1290000000.0,11.15,-89.03
3.4e-05,1.9e-05,5e-13,4e-10,2.5e-10,0.0792,26800000000.0,1290000000.0,11.15,-88.29
3.4e-05,1.9e-05,5e-13,3e-10,1e-10,0.0792,30300000000.0,1570000000.0,10.47,-93.81
3.4e-05,1.9e-05,5e-13,3e-10,5e-11,0.0792,30300000000.0,1570000000.0,10.47,-93.82
3.4e-05,1.9e-05,5e-13,3e-10,1.5e-10,0.0792,30300000000.0,1570000000.0,10.47,-93.94
3.4e-05,1.9e-05,5e-13,3e-10,2e-10,0.0792,30300000000.0,1570000000.0,10.47,-94.03
3.4e-05,1.9e-05,5e-13,3e-10,2.5e-10,0.0792,30300000000.0,1570000000.0,10.47,-93.78
3.4e-05,1.9e-05,5e-13,3.5e-10,1e-10,0.0792,28300000000.0,1400000000.0,10.84,-90.63
3.4e-05,1.9e-05,5e-13,3.5e-10,5e-11,0.0792,28300000000.0,1410000000.0,10.84,-90.34
3.4e-05,1.9e-05,5e-13,3.5e-10,1.5e-10,0.0792,28300000000.0,1410000000.0,10.84,-91.22
3.4e-05,1.9e-05,5e-13,3.5e-10,2e-10,0.0792,28300000000.0,1410000000.0,10.84,-90.85
3.4e-05,1.9e-05,5e-13,3.5e-10,2.5e-10,0.0792,28300000000.0,1400000000.0,10.84,-90.42
3.4e-05,1.9e-05,5e-13,4.5e-10,1e-10,0.0792,25700000000.0,1200000000.0,11.42,-86.58
3.4e-05,1.9e-05,5e-13,4.5e-10,5e-11,0.0792,25700000000.0,1200000000.0,11.42,-86.69
3.4e-05,1.9e-05,5e-13,4.5e-10,1.5e-10,0.0792,25700000000.0,1200000000.0,11.42,-83.32
3.4e-05,1.9e-05,5e-13,4.5e-10,2e-10,0.0792,25700000000.0,1200000000.0,11.42,-86.39
3.4e-05,1.9e-05,5e-13,5e-10,1e-10,0.0792,24700000000.0,1120000000.0,11.66,-85.83
3.4e-05,1.9e-05,5e-13,5e-10,5e-11,0.0792,24700000000.0,1130000000.0,11.66,-85.82
3.4e-05,1.9e-05,5e-13,5e-10,1.5e-10,0.0792,24700000000.0,1120000000.0,11.66,-85.84
3.4e-05,1.9e-05,5e-13,5e-10,2e-10,0.0792,24700000000.0,1130000000.0,11.66,-85.47
3.4e-05,1.9e-05,5e-13,5e-10,2.5e-10,0.0792,24700000000.0,1130000000.0,11.66,-85.4
3.4e-05,1.9e-05,3e-13,4e-10,1e-10,0.0792,26900000000.0,1290000000.0,11.15,-88.39
3.4e-05,1.9e-05,3e-13,4e-10,5e-11,0.0792,26900000000.0,1290000000.0,11.15,-87.91
3.4e-05,1.9e-05,3e-13,4e-10,1.5e-10,0.0792,26900000000.0,1280000000.0,11.15,-88.33
3.4e-05,1.9e-05,3e-13,4e-10,2e-10,0.0792,26900000000.0,1290000000.0,11.15,-88.54
3.4e-05,1.9e-05,3e-13,4e-10,2.5e-10,0.0792,26900000000.0,1300000000.0,11.15,-88.44
3.4e-05,1.9e-05,3e-13,3e-10,1e-10,0.0792,30300000000.0,1570000000.0,10.47,-93.63
3.4e-05,1.9e-05,3e-13,3e-10,5e-11,0.0792,30300000000.0,1570000000.0,10.47,-94.18
3.4e-05,1.9e-05,3e-13,3e-10,1.5e-10,0.0792,30300000000.0,1570000000.0,10.47,-93.93
3.4e-05,1.9e-05,3e-13,3e-10,2e-10,0.0792,30300000000.0,1570000000.0,10.47,-93.67
3.4e-05,1.9e-05,3e-13,3e-10,2.5e-10,0.0792,30300000000.0,1570000000.0,10.47,-93.8
3.4e-05,1.9e-05,3e-13,3.5e-10,1e-10,0.0792,28300000000.0,1410000000.0,10.84,-90.78
3.4e-05,1.9e-05,3e-13,3.5e-10,5e-11,0.0792,28300000000.0,1410000000.0,10.84,-84.54
3.4e-05,1.9e-05,3e-13,3.5e-10,1.5e-10,0.0792,28300000000.0,1400000000.0,10.84,-90.99
3.4e-05,1.9e-05,3e-13,3.5e-10,2e-10,0.0792,28300000000.0,1410000000.0,10.84,-90.38
3.4e-05,1.9e-05,3e-13,3.5e-10,2.5e-10,0.0792,28300000000.0,1410000000.0,10.84,-90.56
3.4e-05,1.9e-05,3e-13,4.5e-10,1e-10,0.0792,25700000000.0,1210000000.0,11.42,-86.37
3.4e-05,1.9e-05,3e-13,4.5e-10,5e-11,0.0792,25700000000.0,1200000000.0,11.42,-86.44
3.4e-05,1.9e-05,3e-13,4.5e-10,1.5e-10,0.0792,25700000000.0,1190000000.0,11.42,-86.83
3.4e-05,1.9e-05,3e-13,4.5e-10,2e-10,0.0792,25700000000.0,1200000000.0,11.42,-87.1
3.4e-05,1.9e-05,3e-13,4.5e-10,2.5e-10,0.0792,25700000000.0,1200000000.0,11.42,-86.8
3.4e-05,1.9e-05,3e-13,5e-10,1e-10,0.0792,24700000000.0,1130000000.0,11.66,-85.57
3.4e-05,1.9e-05,3e-13,5e-10,5e-11,0.0792,24700000000.0,1120000000.0,11.66,-85.82
3.4e-05,1.9e-05,3e-13,5e-10,1.5e-10,0.0792,24700000000.0,1130000000.0,11.66,-85.78
3.4e-05,1.9e-05,3e-13,5e-10,2e-10,0.0792,24700000000.0,1130000000.0,11.66,-85.63
3.4e-05,1.9e-05,3e-13,5e-10,2.5e-10,0.0792,24700000000.0,1120000000.0,11.66,-85.85
3.4e-05,1.9e-05,4e-13,4e-10,1e-10,0.0792,26800000000.0,1290000000.0,11.15,-88.27
3.4e-05,1.9e-05,4e-13,4e-10,5e-11,0.0792,26900000000.0,1290000000.0,11.15,-87.99
3.4e-05,1.9e-05,4e-13,4e-10,1.5e-10,0.0792,26800000000.0,1290000000.0,11.15,-87.83
3.4e-05,1.9e-05,4e-13,4e-10,2e-10,0.0792,26800000000.0,1290000000.0,11.15,-88.2
3.4e-05,1.9e-05,4e-13,4e-10,2.5e-10,0.0792,26800000000.0,1290000000.0,11.15,-88.31
3.4e-05,1.9e-05,4e-13,3e-10,1e-10,0.0792,30300000000.0,1570000000.0,10.47,-93.69
3.4e-05,1.9e-05,4e-13,3e-10,5e-11,0.0792,30300000000.0,1570000000.0,10.47,-93.68
3.4e-05,1.9e-05,4e-13,3e-10,2e-10,0.0792,30300000000.0,1570000000.0,10.47,-93.83
3.4e-05,1.9e-05,4e-13,3e-10,2.5e-10,0.0792,30300000000.0,1570000000.0,10.47,-93.72
3.4e-05,1.9e-05,4e-13,3.5e-10,1e-10,0.0792,28300000000.0,1410000000.0,10.84,-90.47
3.4e-05,1.9e-05,4e-13,3.5e-10,5e-11,0.0792,28300000000.0,1410000000.0,10.84,-90.55
3.4e-05,1.9e-05,4e-13,3.5e-10,1.5e-10,0.0792,28300000000.0,1410000000.0,10.84,-90.51
3.4e-05,1.9e-05,4e-13,3.5e-10,2.5e-10,0.0792,28300000000.0,1410000000.0,10.84,-90.7
3.4e-05,1.9e-05,4e-13,4.5e-10,5e-11,0.0792,25700000000.0,1210000000.0,11.42,-86.59
3.4e-05,1.9e-05,4e-13,4.5e-10,2e-10,0.0792,25700000000.0,1200000000.0,11.42,-85.2
3.4e-05,1.9e-05,4e-13,4.5e-10,2.5e-10,0.0792,25700000000.0,1200000000.0,11.42,-86.15
3.4e-05,1.9e-05,4e-13,5e-10,1e-10,0.0792,24700000000.0,1130000000.0,11.66,-85.52
3.4e-05,1.9e-05,4e-13,5e-10,1.5e-10,0.0792,24700000000.0,1130000000.0,11.66,-85.74
3.4e-05,1.9e-05,4e-13,5e-10,2e-10,0.0792,24700000000.0,1130000000.0,11.66,-85.72
3.4e-05,1.9e-05,4e-13,5e-10,2.5e-10,0.0792,24700000000.0,1130000000.0,11.66,-85.92
3.4e-05,1.9e-05,6e-13,4e-10,1e-10,0.0792,26800000000.0,1290000000.0,11.15,-88.52
3.4e-05,1.9e-05,6e-13,4e-10,5e-11,0.0792,26800000000.0,1280000000.0,11.15,-88.48
3.4e-05,1.9e-05,6e-13,4e-10,1.5e-10,0.0792,26800000000.0,1290000000.0,11.15,-88.3
3.4e-05,1.9e-05,6e-13,4e-10,2e-10,0.0792,26800000000.0,1290000000.0,11.15,-88.25
3.4e-05,1.9e-05,6e-13,3e-10,5e-11,0.0792,30300000000.0,1570000000.0,10.47,-93.88
3.4e-05,1.9e-05,6e-13,3e-10,1.5e-10,0.0792,30300000000.0,1570000000.0,10.47,-93.74
3.4e-05,1.9e-05,6e-13,3e-10,2.5e-10,0.0792,30300000000.0,1570000000.0,10.47,-93.97
3.4e-05,1.9e-05,6e-13,3.5e-10,1e-10,0.0792,28300000000.0,1400000000.0,10.84,-90.88
3.4e-05,1.9e-05,6e-13,3.5e-10,5e-11,0.0792,28300000000.0,1410000000.0,10.84,-90.75
3.4e-05,1.9e-05,6e-13,3.5e-10,1.5e-10,0.0792,28300000000.0,1400000000.0,10.84,-90.7
3.4e-05,1.9e-05,6e-13,3.5e-10,2e-10,0.0792,28300000000.0,1400000000.0,10.84,-91.56
3.4e-05,1.9e-05,6e-13,3.5e-10,2.5e-10,0.0792,28300000000.0,1410000000.0,10.84,-90.71
3.4e-05,1.9e-05,6e-13,4.5e-10,5e-11,0.0792,25700000000.0,1200000000.0,11.42,-87.58
3.4e-05,1.9e-05,6e-13,4.5e-10,1.5e-10,0.0792,25700000000.0,1200000000.0,11.42,-85.19
3.4e-05,1.9e-05,6e-13,4.5e-10,2e-10,0.0792,25700000000.0,1200000000.0,11.42,-87.0
3.4e-05,1.9e-05,6e-13,4.5e-10,2.5e-10,0.0792,25700000000.0,1200000000.0,11.42,-86.61
3.4e-05,1.9e-05,6e-13,5e-10,1e-10,0.0792,24700000000.0,1120000000.0,11.66,-85.79
3.4e-05,1.9e-05,6e-13,5e-10,1.5e-10,0.0792,24700000000.0,1130000000.0,11.66,-85.6
3.4e-05,1.9e-05,6e-13,5e-10,2.5e-10,0.0792,24700000000.0,1120000000.0,11.66,-85.54
3.4e-05,1.9e-05,7e-13,4e-10,5e-11,0.0792,26800000000.0,1290000000.0,11.15,-88.37
3.4e-05,1.9e-05,7e-13,4e-10,2e-10,0.0792,26800000000.0,1290000000.0,11.15,-84.59
3.4e-05,1.9e-05,7e-13,4e-10,2.5e-10,0.0792,26800000000.0,1280000000.0,11.15,-88.38
3.4e-05,1.9e-05,7e-13,3e-10,1e-10,0.0792,30300000000.0,1570000000.0,10.47,-93.77
3.4e-05,1.9e-05,7e-13,3e-10,5e-11,0.0792,30300000000.0,1570000000.0,10.47,-94.01
3.4e-05,1.9e-05,7e-13,3.5e-10,1e-10,0.0792,28300000000.0,1400000000.0,10.84,-90.72
3.4e-05,1.9e-05,7e-13,3.5e-10,1.5e-10,0.0792,28300000000.0,1410000000.0,10.84,-90.59
3.4e-05,1.9e-05,7e-13,3.5e-10,2e-10,0.0792,28300000000.0,1400000000.0,10.84,-91.22
3.4e-05,1.9e-05,7e-13,3.5e-10,2.5e-10,0.0792,28300000000.0,1410000000.0,10.84,-90.73
3.4e-05,1.9e-05,7e-13,4.5e-10,5e-11,0.0792,25700000000.0,1200000000.0,11.42,-86.67
3.4e-05,1.9e-05,7e-13,4.5e-10,1.5e-10,0.0792,25700000000.0,1200000000.0,11.42,-86.55
3.4e-05,1.9e-05,7e-13,4.5e-10,2e-10,0.0792,25700000000.0,1200000000.0,11.42,-86.46
3.4e-05,1.9e-05,7e-13,4.5e-10,2.5e-10,0.0792,25700000000.0,1200000000.0,11.42,-86.4
3.4e-05,1.9e-05,7e-13,5e-10,1e-10,0.0792,24700000000.0,1130000000.0,11.66,-85.8
3.4e-05,1.9e-05,7e-13,5e-10,5e-11,0.0792,24700000000.0,1130000000.0,11.66,-85.65
3.4e-05,1.9e-05,7e-13,5e-10,1.5e-10,0.0792,24700000000.0,1120000000.0,11.66,-85.75
3.4e-05,2e-05,5e-13,4e-10,1e-10,0.0792,26800000000.0,1280000000.0,11.13,-88.07
3.4e-05,2e-05,5e-13,4e-10,5e-11,0.0792,26800000000.0,1280000000.0,11.13,-88.06
3.4e-05,2e-05,5e-13,4e-10,1.5e-10,0.0792,26800000000.0,1280000000.0,11.13,-88.29
3.4e-05,2e-05,5e-13,4e-10,2e-10,0.0792,26800000000.0,1280000000.0,11.13,-87.98
3.4e-05,2e-05,5e-13,4e-10,2.5e-10,0.0792,26800000000.0,1280000000.0,11.13,-85.2
3.4e-05,2e-05,5e-13,3e-10,1e-10,0.0792,30200000000.0,1550000000.0,10.44,-93.75
3.4e-05,2e-05,5e-13,3e-10,5e-11,0.0792,30200000000.0,1550000000.0,10.44,-93.53
3.4e-05,2e-05,5e-13,3e-10,1.5e-10,0.0792,30200000000.0,1550000000.0,10.44,-93.67
3.4e-05,2e-05,5e-13,3e-10,2e-10,0.0792,30200000000.0,1550000000.0,10.44,-93.74
3.4e-05,2e-05,5e-13,3e-10,2.5e-10,0.0792,30200000000.0,1550000000.0,10.44,-93.54
3.4e-05,2e-05,5e-13,3.5e-10,1e-10,0.0792,28200000000.0,1390000000.0,10.82,-90.28
3.4e-05,2e-05,5e-13,3.5e-10,5e-11,0.0792,28200000000.0,1390000000.0,10.82,-85.15
3.4e-05,2e-05,5e-13,3.5e-10,1.5e-10,0.0792,28200000000.0,1390000000.0,10.82,-90.02
3.4e-05,2e-05,5e-13,3.5e-10,2e-10,0.0792,28200000000.0,1390000000.0,10.82,-90.04
3.4e-05,2e-05,5e-13,3.5e-10,2.5e-10,0.0792,28200000000.0,1390000000.0,10.82,-90.29
3.4e-05,2e-05,5e-13,4.5e-10,1e-10,0.0792,25600000000.0,1190000000.0,11.4,-86.71
3.4e-05,2e-05,5e-13,4.5e-10,5e-11,0.0792,25600000000.0,1190000000.0,11.4,-87.31
3.4e-05,2e-05,5e-13,4.5e-10,1.5e-10,0.0792,25600000000.0,1190000000.0,11.4,-86.66
3.4e-05,2e-05,5e-13,4.5e-10,2e-10,0.0792,25600000000.0,1190000000.0,11.4,-86.54
3.4e-05,2e-05,5e-13,4.5e-10,2.5e-10,0.0792,25600000000.0,1180000000.0,11.4,-86.88
3.4e-05,2e-05,5e-13,5e-10,1e-10,0.0792,24600000000.0,1120000000.0,11.65,-85.7
3.4e-05,2e-05,5e-13,5e-10,5e-11,0.0792,24600000000.0,1110000000.0,11.65,-85.52
3.4e-05,2e-05,5e-13,5e-10,1.5e-10,0.0792,24600000000.0,1120000000.0,11.65,-85.71
3.4e-05,2e-05,5e-13,5e-10,2e-10,0.0792,24600000000.0,1120000000.0,11.65,-85.62
3.4e-05,2e-05,3e-13,4e-10,1e-10,0.0792,26800000000.0,1280000000.0,11.13,-87.97
3.4e-05,2e-05,3e-13,4e-10,5e-11,0.0792,26800000000.0,1280000000.0,11.13,-88.0
3.4e-05,2e-05,3e-13,4e-10,1.5e-10,0.0792,26800000000.0,1290000000.0,11.13,-87.95
3.4e-05,2e-05,3e-13,4e-10,2e-10,0.0792,26800000000.0,1280000000.0,11.13,-88.08
3.4e-05,2e-05,3e-13,4e-10,2.5e-10,0.0792,26800000000.0,1280000000.0,11.13,-84.87
3.4e-05,2e-05,3e-13,3e-10,1e-10,0.0792,30200000000.0,1550000000.0,10.44,-93.7
3.4e-05,2e-05,3e-13,3e-10,5e-11,0.0792,30200000000.0,1550000000.0,10.45,-93.51
3.4e-05,2e-05,3e-13,3e-10,1.5e-10,0.0792,30200000000.0,1550000000.0,10.44,-93.68
3.4e-05,2e-05,3e-13,3e-10,2e-10,0.0792,30200000000.0,1550000000.0,10.44,-93.63
3.4e-05,2e-05,3e-13,3e-10,2.5e-10,0.0792,30200000000.0,1550000000.0,10.44,-93.55
3.4e-05,2e-05,3e-13,3.5e-10,1e-10,0.0792,28300000000.0,1390000000.0,10.82,-90.43
3.4e-05,2e-05,3e-13,3.5e-10,5e-11,0.0792,28300000000.0,1390000000.0,10.82,-90.57
3.4e-05,2e-05,3e-13,3.5e-10,1.5e-10,0.0792,28300000000.0,1390000000.0,10.82,-90.55
3.4e-05,2e-05,3e-13,3.5e-10,2e-10,0.0792,28300000000.0,1390000000.0,10.82,-90.17
3.4e-05,2e-05,3e-13,3.5e-10,2.5e-10,0.0792,28300000000.0,1400000000.0,10.82,-90.36
3.4e-05,2e-05,3e-13,4.5e-10,1e-10,0.0792,25600000000.0,1190000000.0,11.41,-86.27
3.4e-05,2e-05,3e-13,4.5e-10,5e-11,0.0792,25600000000.0,1190000000.0,11.41,-86.66
3.4e-05,2e-05,3e-13,4.5e-10,1.5e-10,0.0792,25600000000.0,1190000000.0,11.4,-86.3
3.4e-05,2e-05,3e-13,4.5e-10,2e-10,0.0792,25600000000.0,1190000000.0,11.4,-86.63
3.4e-05,2e-05,3e-13,4.5e-10,2.5e-10,0.0792,25600000000.0,1200000000.0,11.4,-86.66
3.4e-05,2e-05,3e-13,5e-10,1.5e-10,0.0792,24600000000.0,1120000000.0,11.65,-85.57
3.4e-05,2e-05,3e-13,5e-10,2e-10,0.0792,24600000000.0,1120000000.0,11.65,-85.5
3.4e-05,2e-05,4e-13,4e-10,1e-10,0.0792,26800000000.0,1270000000.0,11.13,-88.08
3.4e-05,2e-05,4e-13,4e-10,5e-11,0.0792,26800000000.0,1280000000.0,11.13,-85.01
3.4e-05,2e-05,4e-13,4e-10,1.5e-10,0.0792,26800000000.0,1280000000.0,11.13,-88.05
3.4e-05,2e-05,4e-13,4e-10,2.5e-10,0.0792,26800000000.0,1280000000.0,11.13,-87.64
3.4e-05,2e-05,4e-13,3e-10,1e-10,0.0792,30200000000.0,1550000000.0,10.44,-93.52
3.4e-05,2e-05,4e-13,3e-10,2e-10,0.0792,30200000000.0,1550000000.0,10.44,-93.69
3.4e-05,2e-05,4e-13,3e-10,2.5e-10,0.0792,30200000000.0,1550000000.0,10.45,-93.61
3.4e-05,2e-05,4e-13,3.5e-10,1e-10,0.0792,28200000000.0,1390000000.0,10.82,-90.13
3.4e-05,2e-05,4e-13,3.5e-10,5e-11,0.0792,28200000000.0,1390000000.0,10.82,-90.69
3.4e-05,2e-05,4e-13,3.5e-10,1.5e-10,0.0792,28200000000.0,1400000000.0,10.82,-90.0
3.4e-05,2e-05,4e-13,3.5e-10,2e-10,0.0792,28200000000.0,1390000000.0,10.82,-90.54
3.4e-05,2e-05,4e-13,4.5e-10,1e-10,0.0792,25600000000.0,1180000000.0,11.41,-86.35
3.4e-05,2e-05,4e-13,4.5e-10,5e-11,0.0792,25600000000.0,1190000000.0,11.4,-87.27
3.4e-05,2e-05,4e-13,4.5e-10,1.5e-10,0.0792,25600000000.0,1190000000.0,11.41,-86.43
3.4e-05,2e-05,4e-13,4.5e-10,2e-10,0.0792,25600000000.0,1190000000.0,11.4,-86.6
3.4e-05,2e-05,4e-13,4.5e-10,2.5e-10,0.0792,25600000000.0,1190000000.0,11.4,-86.46
3.4e-05,2e-05,4e-13,5e-10,1e-10,0.0792,24600000000.0,1110000000.0,11.65,-85.43
3.4e-05,2e-05,4e-13,5e-10,5e-11,0.0792,24600000000.0,1120000000.0,11.65,-85.4
3.4e-05,2e-05,4e-13,5e-10,1.5e-10,0.0792,24600000000.0,1120000000.0,11.65,-85.55
3.4e-05,2e-05,4e-13,5e-10,2e-10,0.0792,24600000000.0,1120000000.0,11.65,-76.87
3.4e-05,2e-05,4e-13,5e-10,2.5e-10,0.0792,24600000000.0,1110000000.0,11.65,-85.72
3.4e-05,2e-05,6e-13,4e-10,1e-10,0.0792,26800000000.0,1290000000.0,11.13,-88.33
3.4e-05,2e-05,6e-13,4e-10,2.5e-10,0.0792,26800000000.0,1280000000.0,11.13,-87.65
3.4e-05,2e-05,6e-13,3e-10,1e-10,0.0792,30200000000.0,1550000000.0,10.44,-93.82
3.4e-05,2e-05,6e-13,3e-10,2e-10,0.0792,30200000000.0,1550000000.0,10.44,-93.72
3.4e-05,2e-05,6e-13,3e-10,2.5e-10,0.0792,30200000000.0,1550000000.0,10.44,-93.81
3.4e-05,2e-05,6e-13,3.5e-10,1e-10,0.0792,28200000000.0,1390000000.0,10.82,-90.99
3.4e-05,2e-05,6e-13,3.5e-10,5e-11,0.0792,28200000000.0,1390000000.0,10.82,-90.32
3.4e-05,2e-05,6e-13,3.5e-10,1.5e-10,0.0792,28200000000.0,1400000000.0,10.82,-90.68
3.4e-05,2e-05,6e-13,3.5e-10,2e-10,0.0792,28200000000.0,1390000000.0,10.82,-84.57
3.4e-05,2e-05,6e-13,3.5e-10,2.5e-10,0.0792,28200000000.0,1400000000.0,10.82,-90.42
3.4e-05,2e-05,6e-13,4.5e-10,1e-10,0.0792,25600000000.0,1190000000.0,11.4,-86.61
3.4e-05,2e-05,6e-13,4.5e-10,1.5e-10,0.0792,25600000000.0,1190000000.0,11.4,-86.65
3.4e-05,2e-05,6e-13,4.5e-10,2e-10,0.0792,25600000000.0,1190000000.0,11.4,-86.45
3.4e-05,2e-05,6e-13,5e-10,1e-10,0.0792,24600000000.0,1120000000.0,11.65,-85.72
3.4e-05,2e-05,6e-13,5e-10,5e-11,0.0792,24600000000.0,1120000000.0,11.65,-85.27
3.4e-05,2e-05,6e-13,5e-10,1.5e-10,0.0792,24600000000.0,1120000000.0,11.65,-85.36
3.4e-05,2e-05,6e-13,5e-10,2.5e-10,0.0792,24600000000.0,1120000000.0,11.65,-85.56
3.4e-05,2e-05,7e-13,4e-10,1e-10,0.0792,26800000000.0,1280000000.0,11.13,-87.99
3.4e-05,2e-05,7e-13,4e-10,5e-11,0.0792,26800000000.0,1270000000.0,11.13,-87.85
3.4e-05,2e-05,7e-13,4e-10,2e-10,0.0792,26800000000.0,1270000000.0,11.13,-87.86
3.4e-05,2e-05,7e-13,4e-10,2.5e-10,0.0792,26800000000.0,1280000000.0,11.13,-88.41
3.4e-05,2e-05,7e-13,3e-10,5e-11,0.0792,30200000000.0,1550000000.0,10.44,-93.78
3.4e-05,2e-05,7e-13,3e-10,1.5e-10,0.0792,30200000000.0,1550000000.0,10.44,-93.73
3.4e-05,2e-05,7e-13,3.5e-10,1e-10,0.0792,28200000000.0,1390000000.0,10.82,-90.97
3.4e-05,2e-05,7e-13,3.5e-10,5e-11,0.0792,28200000000.0,1390000000.0,10.82,-91.51
3.4e-05,2e-05,7e-13,3.5e-10,1.5e-10,0.0792,28200000000.0,1400000000.0,10.82,-91.53
3.4e-05,2e-05,7e-13,3.5e-10,2e-10,0.0792,28200000000.0,1380000000.0,10.82,-90.99
3.4e-05,2e-05,7e-13,3.5e-10,2.5e-10,0.0792,28200000000.0,1400000000.0,10.82,-90.69
3.4e-05,2e-05,7e-13,4.5e-10,1e-10,0.0792,25600000000.0,1190000000.0,11.41,-86.56
3.4e-05,2e-05,7e-13,4.5e-10,5e-11,0.0792,25600000000.0,1190000000.0,11.4,-86.42
3.4e-05,2e-05,7e-13,4.5e-10,1.5e-10,0.0792,25600000000.0,1200000000.0,11.4,-86.82
3.4e-05,2e-05,7e-13,4.5e-10,2e-10,0.0792,25600000000.0,1180000000.0,11.4,-86.67
3.4e-05,2e-05,7e-13,4.5e-10,2.5e-10,0.0792,25600000000.0,1190000000.0,11.4,-86.48
3.4e-05,2e-05,7e-13,5e-10,1e-10,0.0792,24600000000.0,1110000000.0,11.65,-85.76
3.4e-05,2e-05,7e-13,5e-10,5e-11,0.0792,24600000000.0,1120000000.0,11.65,-85.38
3.4e-05,2e-05,7e-13,5e-10,1.5e-10,0.0792,24600000000.0,1110000000.0,11.65,-85.6
3.4e-05,2e-05,7e-13,5e-10,2e-10,0.0792,24600000000.0,1110000000.0,11.65,-85.84
3.4e-05,2e-05,7e-13,5e-10,2.5e-10,0.0792,24600000000.0,1120000000.0,11.65,-85.23
3.4e-05,2.1e-05,5e-13,4e-10,1e-10,0.0792,26700000000.0,1260000000.0,11.12,-87.8
3.4e-05,2.1e-05,5e-13,4e-10,5e-11,0.0792,26700000000.0,1250000000.0,11.12,-87.93
3.4e-05,2.1e-05,5e-13,4e-10,1.5e-10,0.0792,26700000000.0,1250000000.0,11.12,-87.97
3.4e-05,2.1e-05,5e-13,4e-10,2e-10,0.0792,26700000000.0,1250000000.0,11.12,-87.99
3.4e-05,2.1e-05,5e-13,4e-10,2.5e-10,0.0792,26700000000.0,1250000000.0,11.11,-87.8
3.4e-05,2.1e-05,5e-13,3e-10,1e-10,0.0792,30100000000.0,1520000000.0,10.42,-93.52
3.4e-05,2.1e-05,5e-13,3e-10,5e-11,0.0792,30100000000.0,1520000000.0,10.42,-93.5
3.4e-05,2.1e-05,5e-13,3e-10,1.5e-10,0.0792,30100000000.0,1520000000.0,10.42,-93.31
3.4e-05,2.1e-05,5e-13,3e-10,2e-10,0.0792,30100000000.0,1520000000.0,10.42,-93.4
3.4e-05,2.1e-05,5e-13,3e-10,2.5e-10,0.0792,30100000000.0,1520000000.0,10.42,-93.25
3.4e-05,2.1e-05,5e-13,3.5e-10,1e-10,0.0792,28200000000.0,1370000000.0,10.8,-84.02
3.4e-05,2.1e-05,5e-13,3.5e-10,5e-11,0.0792,28200000000.0,1370000000.0,10.8,-88.03
3.4e-05,2.1e-05,5e-13,3.5e-10,1.5e-10,0.0792,28200000000.0,1370000000.0,10.8,-90.71
3.4e-05,2.1e-05,5e-13,3.5e-10,2e-10,0.0792,28200000000.0,1370000000.0,10.8,-90.18
3.4e-05,2.1e-05,5e-13,3.5e-10,2.5e-10,0.0792,28200000000.0,1370000000.0,10.8,-90.1
3.4e-05,2.1e-05,5e-13,4.5e-10,1e-10,0.0792,25500000000.0,1170000000.0,11.39,-86.49
3.4e-05,2.1e-05,5e-13,4.5e-10,5e-11,0.0792,25500000000.0,1170000000.0,11.39,-85.15
3.4e-05,2.1e-05,5e-13,4.5e-10,1.5e-10,0.0792,25500000000.0,1170000000.0,11.39,-86.47
3.4e-05,2.1e-05,5e-13,4.5e-10,2e-10,0.0792,25500000000.0,1160000000.0,11.39,-86.56
3.4e-05,2.1e-05,5e-13,4.5e-10,2.5e-10,0.0792,25500000000.0,1170000000.0,11.39,-86.43
3.4e-05,2.1e-05,5e-13,5e-10,1e-10,0.0792,24500000000.0,1100000000.0,11.64,-85.17
3.4e-05,2.1e-05,5e-13,5e-10,5e-11,0.0792,24500000000.0,1100000000.0,11.64,-85.27
3.4e-05,2.1e-05,5e-13,5e-10,1.5e-10,0.0792,24500000000.0,1100000000.0,11.64,-86.89
3.4e-05,2.1e-05,5e-13,5e-10,2e-10,0.0792,24500000000.0,1100000000.0,11.64,-81.41
3.4e-05,2.1e-05,5e-13,5e-10,2.5e-10,0.0792,24500000000.0,1100000000.0,11.64,-85.39
3.4e-05,2.1e-05,3e-13,4e-10,1e-10,0.0792,26700000000.0,1260000000.0,11.11,-86.4
3.4e-05,2.1e-05,3e-13,4e-10,5e-11,0.0792,26700000000.0,1260000000.0,11.11,-87.78
3.4e-05,2.1e-05,3e-13,4e-10,1.5e-10,0.0792,26700000000.0,1260000000.0,11.12,-85.08
3.4e-05,2.1e-05,3e-13,4e-10,2e-10,0.0792,26700000000.0,1260000000.0,11.11,-86.97
3.4e-05,2.1e-05,3e-13,4e-10,2.5e-10,0.0792,26700000000.0,1260000000.0,11.12,-87.85
3.4e-05,2.1e-05,3e-13,3e-10,1e-10,0.0792,30100000000.0,1520000000.0,10.42,-93.23
3.4e-05,2.1e-05,3e-13,3e-10,5e-11,0.0792,30100000000.0,1520000000.0,10.42,-93.26
3.4e-05,2.1e-05,3e-13,3e-10,2e-10,0.0792,30100000000.0,1520000000.0,10.42,-93.47
3.4e-05,2.1e-05,3e-13,3e-10,2.5e-10,0.0792,30100000000.0,1520000000.0,10.42,-93.18
3.4e-05,2.1e-05,3e-13,3.5e-10,1e-10,0.0792,28200000000.0,1360000000.0,10.8,-90.05
3.4e-05,2.1e-05,3e-13,3.5e-10,5e-11,0.0792,28200000000.0,1370000000.0,10.8,-90.0
3.4e-05,2.1e-05,3e-13,3.5e-10,2e-10,0.0792,28200000000.0,1360000000.0,10.8,-90.12
3.4e-05,2.1e-05,3e-13,3.5e-10,2.5e-10,0.0792,28200000000.0,1370000000.0,10.8,-89.98
3.4e-05,2.1e-05,3e-13,4.5e-10,1e-10,0.0792,25500000000.0,1170000000.0,11.39,-86.27
3.4e-05,2.1e-05,3e-13,4.5e-10,5e-11,0.0792,25500000000.0,1170000000.0,11.39,-86.45
3.4e-05,2.1e-05,3e-13,4.5e-10,1.5e-10,0.0792,25500000000.0,1170000000.0,11.39,-86.82
3.4e-05,2.1e-05,3e-13,4.5e-10,2e-10,0.0792,25500000000.0,1170000000.0,11.39,-86.51
3.4e-05,2.1e-05,3e-13,4.5e-10,2.5e-10,0.0792,25500000000.0,1170000000.0,11.39,-86.69
3.4e-05,2.1e-05,3e-13,5e-10,1e-10,0.0792,24500000000.0,1100000000.0,11.64,-85.24
3.4e-05,2.1e-05,3e-13,5e-10,5e-11,0.0792,24500000000.0,1090000000.0,11.64,-85.58
3.4e-05,2.1e-05,3e-13,5e-10,1.5e-10,0.0792,24500000000.0,1090000000.0,11.64,-85.4
3.4e-05,2.1e-05,3e-13,5e-10,2e-10,0.0792,24500000000.0,1100000000.0,11.63,-85.36
3.4e-05,2.1e-05,3e-13,5e-10,2.5e-10,0.0792,24500000000.0,1100000000.0,11.64,-85.48
3.4e-05,2.1e-05,4e-13,4e-10,1e-10,0.0792,26700000000.0,1260000000.0,11.11,-87.89
3.4e-05,2.1e-05,4e-13,4e-10,5e-11,0.0792,26700000000.0,1260000000.0,11.12,-88.27
3.4e-05,2.1e-05,4e-13,4e-10,1.5e-10,0.0792,26700000000.0,1260000000.0,11.11,-87.47
3.4e-05,2.1e-05,4e-13,4e-10,2e-10,0.0792,26700000000.0,1260000000.0,11.12,-87.76
3.4e-05,2.1e-05,4e-13,4e-10,2.5e-10,0.0792,26700000000.0,1260000000.0,11.12,-87.84
3.4e-05,2.1e-05,4e-13,3e-10,1e-10,0.0792,30100000000.0,1520000000.0,10.42,-93.48
3.4e-05,2.1e-05,4e-13,3e-10,5e-11,0.0792,30100000000.0,1520000000.0,10.42,-93.24
3.4e-05,2.1e-05,4e-13,3e-10,1.5e-10,0.0792,30100000000.0,1520000000.0,10.42,-93.53
3.4e-05,2.1e-05,4e-13,3.5e-10,1e-10,0.0792,28200000000.0,1370000000.0,10.8,-90.06
3.4e-05,2.1e-05,4e-13,3.5e-10,5e-11,0.0792,28200000000.0,1380000000.0,10.8,-90.68
3.4e-05,2.1e-05,4e-13,3.5e-10,1.5e-10,0.0792,28200000000.0,1370000000.0,10.8,-90.01
3.4e-05,2.1e-05,4e-13,3.5e-10,2e-10,0.0792,28200000000.0,1370000000.0,10.8,-91.26
3.4e-05,2.1e-05,4e-13,3.5e-10,2.5e-10,0.0792,28200000000.0,1370000000.0,10.8,-90.33
3.4e-05,2.1e-05,4e-13,4.5e-10,1e-10,0.0792,25500000000.0,1180000000.0,11.39,-86.55
3.4e-05,2.1e-05,4e-13,4.5e-10,5e-11,0.0792,25500000000.0,1170000000.0,11.39,-86.36
3.4e-05,2.1e-05,4e-13,4.5e-10,1.5e-10,0.0792,25500000000.0,1170000000.0,11.39,-86.26
3.4e-05,2.1e-05,4e-13,4.5e-10,2e-10,0.0792,25500000000.0,1170000000.0,11.39,-86.65
3.4e-05,2.1e-05,4e-13,4.5e-10,2.5e-10,0.0792,25500000000.0,1170000000.0,11.39,-86.95
3.4e-05,2.1e-05,4e-13,5e-10,1e-10,0.0792,24500000000.0,1100000000.0,11.64,-85.45
3.4e-05,2.1e-05,4e-13,5e-10,5e-11,0.0792,24500000000.0,1110000000.0,11.64,-85.29
3.4e-05,2.1e-05,4e-13,5e-10,1.5e-10,0.0792,24500000000.0,1090000000.0,11.64,-85.15
3.4e-05,2.1e-05,4e-13,5e-10,2e-10,0.0792,24500000000.0,1100000000.0,11.64,-85.34
3.4e-05,2.1e-05,4e-13,5e-10,2.5e-10,0.0792,24500000000.0,1100000000.0,11.64,-85.21
3.4e-05,2.1e-05,6e-13,4e-10,1e-10,0.0792,26700000000.0,1260000000.0,11.12,-87.81
3.4e-05,2.1e-05,6e-13,4e-10,5e-11,0.0792,26700000000.0,1260000000.0,11.12,-88.79
3.4e-05,2.1e-05,6e-13,4e-10,1.5e-10,0.0792,26700000000.0,1260000000.0,11.11,-87.88
3.4e-05,2.1e-05,6e-13,4e-10,2e-10,0.0792,26700000000.0,1250000000.0,11.12,-87.98
3.4e-05,2.1e-05,6e-13,4e-10,2.5e-10,0.0792,26700000000.0,1260000000.0,11.12,-88.8
3.4e-05,2.1e-05,6e-13,3e-10,1e-10,0.0792,30100000000.0,1520000000.0,10.42,-93.41
3.4e-05,2.1e-05,6e-13,3e-10,5e-11,0.0792,30100000000.0,1520000000.0,10.42,-93.35
3.4e-05,2.1e-05,6e-13,3e-10,1.5e-10,0.0792,30100000000.0,1520000000.0,10.42,-93.56
3.4e-05,2.1e-05,6e-13,3e-10,2e-10,0.0792,30100000000.0,1520000000.0,10.42,-93.45
3.4e-05,2.1e-05,6e-13,3.5e-10,1e-10,0.0792,28200000000.0,1370000000.0,10.8,-90.23
3.4e-05,2.1e-05,6e-13,3.5e-10,5e-11,0.0792,28200000000.0,1370000000.0,10.8,-80.16
3.4e-05,2.1e-05,6e-13,3.5e-10,1.5e-10,0.0792,28200000000.0,1380000000.0,10.8,-90.32
3.4e-05,2.1e-05,6e-13,3.5e-10,2e-10,0.0792,28200000000.0,1370000000.0,10.8,-90.37
3.4e-05,2.1e-05,6e-13,3.5e-10,2.5e-10,0.0792,28200000000.0,1370000000.0,10.8,-89.76
3.4e-05,2.1e-05,6e-13,4.5e-10,1e-10,0.0792,25500000000.0,1170000000.0,11.39,-86.5
3.4e-05,2.1e-05,6e-13,4.5e-10,5e-11,0.0792,25500000000.0,1170000000.0,11.39,-86.57
3.4e-05,2.1e-05,6e-13,4.5e-10,1.5e-10,0.0792,25500000000.0,1170000000.0,11.39,-86.54
3.4e-05,2.1e-05,6e-13,4.5e-10,2e-10,0.0792,25500000000.0,1170000000.0,11.39,-86.62
3.4e-05,2.1e-05,6e-13,4.5e-10,2.5e-10,0.0792,25500000000.0,1170000000.0,11.39,-86.33
3.4e-05,2.1e-05,6e-13,5e-10,1e-10,0.0792,24500000000.0,1100000000.0,11.64,-85.33
3.4e-05,2.1e-05,6e-13,5e-10,5e-11,0.0792,24500000000.0,1100000000.0,11.64,-85.49
3.4e-05,2.1e-05,6e-13,5e-10,1.5e-10,0.0792,24500000000.0,1100000000.0,11.64,-85.42
3.4e-05,2.1e-05,6e-13,5e-10,2e-10,0.0792,24500000000.0,1100000000.0,11.64,-85.43
3.4e-05,2.1e-05,6e-13,5e-10,2.5e-10,0.0792,24500000000.0,1100000000.0,11.64,-85.36
3.4e-05,2.1e-05,7e-13,4e-10,1e-10,0.0792,26700000000.0,1260000000.0,11.12,-88.84
3.4e-05,2.1e-05,7e-13,4e-10,1.5e-10,0.0792,26700000000.0,1260000000.0,11.11,-87.95
3.4e-05,2.1e-05,7e-13,4e-10,2e-10,0.0792,26700000000.0,1250000000.0,11.11,-87.94
3.4e-05,2.1e-05,7e-13,4e-10,2.5e-10,0.0792,26700000000.0,1250000000.0,11.11,-87.96
3.4e-05,2.1e-05,7e-13,3e-10,1e-10,0.0792,30100000000.0,1520000000.0,10.42,-93.57
3.4e-05,2.1e-05,7e-13,3e-10,5e-11,0.0792,30100000000.0,1520000000.0,10.42,-93.33
3.4e-05,2.1e-05,7e-13,3e-10,2.5e-10,0.0792,30100000000.0,1520000000.0,10.42,-93.03
3.4e-05,2.1e-05,7e-13,3.5e-10,1e-10,0.0792,28200000000.0,1370000000.0,10.8,-90.16
3.4e-05,2.1e-05,7e-13,3.5e-10,5e-11,0.0792,28200000000.0,1370000000.0,10.8,-89.74
3.4e-05,2.1e-05,7e-13,3.5e-10,1.5e-10,0.0792,28200000000.0,1370000000.0,10.8,-91.08
3.4e-05,2.1e-05,7e-13,3.5e-10,2e-10,0.0792,28200000000.0,1370000000.0,10.8,-90.39
3.4e-05,2.1e-05,7e-13,3.5e-10,2.5e-10,0.0792,28200000000.0,1380000000.0,10.8,-90.43
3.4e-05,2.1e-05,7e-13,4.5e-10,1e-10,0.0792,25500000000.0,1170000000.0,11.39,-86.29
3.4e-05,2.1e-05,7e-13,4.5e-10,5e-11,0.0792,25500000000.0,1180000000.0,11.39,-86.25
3.4e-05,2.1e-05,7e-13,4.5e-10,2e-10,0.0792,25500000000.0,1170000000.0,11.39,-86.59
3.4e-05,2.1e-05,7e-13,5e-10,1e-10,0.0792,24500000000.0,1100000000.0,11.64,-85.28
3.4e-05,2.1e-05,7e-13,5e-10,5e-11,0.0792,24500000000.0,1100000000.0,11.64,-85.5
3.4e-05,2.1e-05,7e-13,5e-10,1.5e-10,0.0792,24500000000.0,1100000000.0,11.64,-85.46
3.4e-05,2.2e-05,5e-13,4e-10,1e-10,0.0792,26600000000.0,1230000000.0,11.09,-87.71
3.4e-05,2.2e-05,5e-13,4e-10,5e-11,0.0792,26600000000.0,1230000000.0,11.09,-87.78
3.4e-05,2.2e-05,5e-13,4e-10,1.5e-10,0.0792,26600000000.0,1230000000.0,11.09,-87.85
3.4e-05,2.2e-05,5e-13,4e-10,2e-10,0.0792,26600000000.0,1230000000.0,11.09,-87.49
3.4e-05,2.2e-05,5e-13,4e-10,2.5e-10,0.0792,26600000000.0,1230000000.0,11.09,-87.58
3.4e-05,2.2e-05,5e-13,3e-10,1e-10,0.0792,30000000000.0,1480000000.0,10.39,-93.22
3.4e-05,2.2e-05,5e-13,3e-10,5e-11,0.0792,30000000000.0,1480000000.0,10.39,-93.07
3.4e-05,2.2e-05,5e-13,3e-10,1.5e-10,0.0792,30000000000.0,1480000000.0,10.39,-93.11
3.4e-05,2.2e-05,5e-13,3e-10,2e-10,0.0792,30000000000.0,1480000000.0,10.39,-93.03
3.4e-05,2.2e-05,5e-13,3e-10,2.5e-10,0.0792,30000000000.0,1480000000.0,10.39,-93.12
3.4e-05,2.2e-05,5e-13,3.5e-10,1e-10,0.0792,28100000000.0,1340000000.0,10.77,-89.61
3.4e-05,2.2e-05,5e-13,3.5e-10,5e-11,0.0792,28100000000.0,1340000000.0,10.77,-90.13
3.4e-05,2.2e-05,5e-13,3.5e-10,1.5e-10,0.0792,28100000000.0,1340000000.0,10.78,-90.13
3.4e-05,2.2e-05,5e-13,3.5e-10,2e-10,0.0792,28100000000.0,1340000000.0,10.78,-90.57
3.4e-05,2.2e-05,5e-13,3.5e-10,2.5e-10,0.0792,28100000000.0,1340000000.0,10.77,-90.05
3.4e-05,2.2e-05,5e-13,4.5e-10,1e-10,0.0792,25400000000.0,1150000000.0,11.37,-85.15
3.4e-05,2.2e-05,5e-13,4.5e-10,5e-11,0.0792,25400000000.0,1140000000.0,11.37,-86.45
3.4e-05,2.2e-05,5e-13,4.5e-10,1.5e-10,0.0792,25400000000.0,1150000000.0,11.37,-86.14
3.4e-05,2.2e-05,5e-13,4.5e-10,2e-10,0.0792,25400000000.0,1160000000.0,11.37,-86.12
3.4e-05,2.2e-05,5e-13,4.5e-10,2.5e-10,0.0792,25400000000.0,1150000000.0,11.37,-85.84
3.4e-05,2.2e-05,5e-13,5e-10,1e-10,0.0792,24500000000.0,1080000000.0,11.62,-85.12
3.4e-05,2.2e-05,5e-13,5e-10,5e-11,0.0792,24500000000.0,1080000000.0,11.62,-85.06
3.4e-05,2.2e-05,5e-13,5e-10,1.5e-10,0.0792,24500000000.0,1080000000.0,11.62,-85.49
3.4e-05,2.2e-05,5e-13,5e-10,2e-10,0.0792,24500000000.0,1070000000.0,11.62,-85.4
3.4e-05,2.2e-05,5e-13,5e-10,2.5e-10,0.0792,24500000000.0,1080000000.0,11.62,-85.16
3.4e-05,2.2e-05,3e-13,4e-10,1e-10,0.0792,26600000000.0,1230000000.0,11.09,-87.57
3.4e-05,2.2e-05,3e-13,4e-10,5e-11,0.0792,26600000000.0,1240000000.0,11.09,-87.36
3.4e-05,2.2e-05,3e-13,4e-10,1.5e-10,0.0792,26600000000.0,1230000000.0,11.09,-87.62
3.4e-05,2.2e-05,3e-13,4e-10,2e-10,0.0792,26600000000.0,1230000000.0,11.09,-87.22
3.4e-05,2.2e-05,3e-13,4e-10,2.5e-10,0.0792,26600000000.0,1240000000.0,11.09,-87.6
3.4e-05,2.2e-05,3e-13,3e-10,1e-10,0.0792,30000000000.0,1480000000.0,10.39,-85.75
3.4e-05,2.2e-05,3e-13,3e-10,5e-11,0.0792,30000000000.0,1480000000.0,10.39,-93.21
3.4e-05,2.2e-05,3e-13,3e-10,1.5e-10,0.0792,30000000000.0,1490000000.0,10.39,-93.0
3.4e-05,2.2e-05,3e-13,3e-10,2.5e-10,0.0792,30000000000.0,1490000000.0,10.39,-93.02
3.4e-05,2.2e-05,3e-13,3.5e-10,1e-10,0.0792,28100000000.0,1340000000.0,10.78,-90.11
3.4e-05,2.2e-05,3e-13,3.5e-10,5e-11,0.0792,28100000000.0,1340000000.0,10.78,-90.05
3.4e-05,2.2e-05,3e-13,3.5e-10,1.5e-10,0.0792,28100000000.0,1340000000.0,10.78,-89.77
3.4e-05,2.2e-05,3e-13,3.5e-10,2e-10,0.0792,28100000000.0,1340000000.0,10.77,-89.94
3.4e-05,2.2e-05,3e-13,4.5e-10,1e-10,0.0792,25500000000.0,1150000000.0,11.37,-86.36
3.4e-05,2.2e-05,3e-13,4.5e-10,5e-11,0.0792,25500000000.0,1140000000.0,11.37,-86.44
3.4e-05,2.2e-05,3e-13,4.5e-10,1.5e-10,0.0792,25500000000.0,1150000000.0,11.37,-86.19
3.4e-05,2.2e-05,3e-13,4.5e-10,2e-10,0.0792,25500000000.0,1150000000.0,11.37,-86.27
3.4e-05,2.2e-05,3e-13,4.5e-10,2.5e-10,0.0792,25400000000.0,1160000000.0,11.37,-86.29
3.4e-05,2.2e-05,3e-13,5e-10,1e-10,0.0792,24500000000.0,1070000000.0,11.62,-85.1
3.4e-05,2.2e-05,3e-13,5e-10,5e-11,0.0792,24500000000.0,1080000000.0,11.62,-84.74
3.4e-05,2.2e-05,3e-13,5e-10,1.5e-10,0.0792,24500000000.0,1080000000.0,11.62,-85.26
3.4e-05,2.2e-05,3e-13,5e-10,2.5e-10,0.0792,24500000000.0,1080000000.0,11.62,-85.38
3.4e-05,2.2e-05,4e-13,4e-10,1e-10,0.0792,26600000000.0,1230000000.0,11.09,-87.56
3.4e-05,2.2e-05,4e-13,4e-10,5e-11,0.0792,26600000000.0,1230000000.0,11.09,-88.66
3.4e-05,2.2e-05,4e-13,4e-10,2e-10,0.0792,26600000000.0,1230000000.0,11.09,-87.73
3.4e-05,2.2e-05,4e-13,3e-10,1e-10,0.0792,30000000000.0,1490000000.0,10.39,-93.15
3.4e-05,2.2e-05,4e-13,3e-10,5e-11,0.0792,30000000000.0,1480000000.0,10.39,-90.05
3.4e-05,2.2e-05,4e-13,3e-10,1.5e-10,0.0792,30000000000.0,1480000000.0,10.39,-93.29
3.4e-05,2.2e-05,4e-13,3e-10,2e-10,0.0792,30000000000.0,1480000000.0,10.39,-93.09
3.4e-05,2.2e-05,4e-13,3e-10,2.5e-10,0.0792,30000000000.0,1480000000.0,10.39,-93.23
3.4e-05,2.2e-05,4e-13,3.5e-10,1e-10,0.0792,28100000000.0,1330000000.0,10.78,-89.68
3.4e-05,2.2e-05,4e-13,3.5e-10,5e-11,0.0792,28100000000.0,1340000000.0,10.77,-90.0
3.4e-05,2.2e-05,4e-13,3.5e-10,1.5e-10,0.0792,28100000000.0,1340000000.0,10.78,-90.07
3.4e-05,2.2e-05,4e-13,3.5e-10,2e-10,0.0792,28100000000.0,1340000000.0,10.78,-90.09
3.4e-05,2.2e-05,4e-13,3.5e-10,2.5e-10,0.0792,28100000000.0,1340000000.0,10.77,-89.97
3.4e-05,2.2e-05,4e-13,4.5e-10,1e-10,0.0792,25400000000.0,1140000000.0,11.37,-86.34
3.4e-05,2.2e-05,4e-13,4.5e-10,5e-11,0.0792,25400000000.0,1150000000.0,11.37,-86.43
3.4e-05,2.2e-05,4e-13,4.5e-10,1.5e-10,0.0792,25400000000.0,1160000000.0,11.37,-86.08
3.4e-05,2.2e-05,4e-13,4.5e-10,2e-10,0.0792,25400000000.0,1150000000.0,11.37,-87.04
3.4e-05,2.2e-05,4e-13,4.5e-10,2.5e-10,0.0792,25400000000.0,1140000000.0,11.37,-86.33
3.4e-05,2.2e-05,4e-13,5e-10,5e-11,0.0792,24500000000.0,1080000000.0,11.62,-80.97
3.4e-05,2.2e-05,4e-13,5e-10,1.5e-10,0.0792,24500000000.0,1080000000.0,11.62,-85.44
3.4e-05,2.2e-05,4e-13,5e-10,2e-10,0.0792,24500000000.0,1080000000.0,11.62,-85.32
3.4e-05,2.2e-05,6e-13,4e-10,1e-10,0.0792,26600000000.0,1230000000.0,11.09,-88.21
3.4e-05,2.2e-05,6e-13,4e-10,2.5e-10,0.0792,26600000000.0,1240000000.0,11.09,-87.84
3.4e-05,2.2e-05,6e-13,3e-10,1e-10,0.0792,30000000000.0,1480000000.0,10.39,-93.2
3.4e-05,2.2e-05,6e-13,3e-10,5e-11,0.0792,30000000000.0,1480000000.0,10.39,-93.1
3.4e-05,2.2e-05,6e-13,3e-10,2e-10,0.0792,30000000000.0,1480000000.0,10.39,-93.17
3.4e-05,2.2e-05,6e-13,3.5e-10,1e-10,0.0792,28100000000.0,1340000000.0,10.77,-89.82
3.4e-05,2.2e-05,6e-13,3.5e-10,1.5e-10,0.0792,28100000000.0,1350000000.0,10.77,-89.91
3.4e-05,2.2e-05,6e-13,3.5e-10,2e-10,0.0792,28100000000.0,1340000000.0,10.77,-89.9
3.4e-05,2.2e-05,6e-13,3.5e-10,2.5e-10,0.0792,28100000000.0,1340000000.0,10.77,-90.09
3.4e-05,2.2e-05,6e-13,4.5e-10,5e-11,0.0792,25400000000.0,1150000000.0,11.37,-86.52
3.4e-05,2.2e-05,6e-13,4.5e-10,1.5e-10,0.0792,25400000000.0,1140000000.0,11.37,-86.22
3.4e-05,2.2e-05,6e-13,4.5e-10,2e-10,0.0792,25400000000.0,1140000000.0,11.37,-85.78
3.4e-05,2.2e-05,6e-13,4.5e-10,2.5e-10,0.0792,25400000000.0,1150000000.0,11.37,-86.36
3.4e-05,2.2e-05,6e-13,5e-10,1e-10,0.0792,24500000000.0,1090000000.0,11.62,-85.21
3.4e-05,2.2e-05,6e-13,5e-10,5e-11,0.0792,24500000000.0,1080000000.0,11.62,-85.59
3.4e-05,2.2e-05,6e-13,5e-10,1.5e-10,0.0792,24500000000.0,1080000000.0,11.62,-85.27
3.4e-05,2.2e-05,6e-13,5e-10,2e-10,0.0792,24500000000.0,1080000000.0,11.62,-85.21
3.4e-05,2.2e-05,7e-13,4e-10,1e-10,0.0792,26600000000.0,1240000000.0,11.09,-87.64
3.4e-05,2.2e-05,7e-13,4e-10,5e-11,0.0792,26600000000.0,1230000000.0,11.09,-86.06
3.4e-05,2.2e-05,7e-13,4e-10,1.5e-10,0.0792,26600000000.0,1230000000.0,11.09,-86.05
3.4e-05,2.2e-05,7e-13,4e-10,2e-10,0.0792,26600000000.0,1230000000.0,11.09,-87.63
3.4e-05,2.2e-05,7e-13,4e-10,2.5e-10,0.0792,26600000000.0,1230000000.0,11.09,-87.79
3.4e-05,2.2e-05,7e-13,3e-10,1e-10,0.0792,30000000000.0,1480000000.0,10.39,-92.76
3.4e-05,2.2e-05,7e-13,3e-10,1.5e-10,0.0792,30000000000.0,1480000000.0,10.39,-93.14
3.4e-05,2.2e-05,7e-13,3e-10,2.5e-10,0.0792,30000000000.0,1480000000.0,10.39,-91.32
3.4e-05,2.2e-05,7e-13,3.5e-10,1e-10,0.0792,28100000000.0,1340000000.0,10.78,-90.23
3.4e-05,2.2e-05,7e-13,3.5e-10,1.5e-10,0.0792,28100000000.0,1340000000.0,10.77,-89.21
3.4e-05,2.2e-05,7e-13,3.5e-10,2e-10,0.0792,28100000000.0,1340000000.0,10.77,-90.07
3.4e-05,2.2e-05,7e-13,3.5e-10,2.5e-10,0.0792,28100000000.0,1340000000.0,10.77,-89.64
3.4e-05,2.2e-05,7e-13,4.5e-10,1e-10,0.0792,25400000000.0,1140000000.0,11.37,-85.69
3.4e-05,2.2e-05,7e-13,4.5e-10,5e-11,0.0792,25400000000.0,1150000000.0,11.37,-86.34
3.4e-05,2.2e-05,7e-13,4.5e-10,1.5e-10,0.0792,25400000000.0,1140000000.0,11.37,-86.38
3.4e-05,2.2e-05,7e-13,4.5e-10,2e-10,0.0792,25400000000.0,1150000000.0,11.37,-86.17
3.4e-05,2.2e-05,7e-13,4.5e-10,2.5e-10,0.0792,25400000000.0,1150000000.0,11.37,-86.72
3.4e-05,2.2e-05,7e-13,5e-10,1e-10,0.0792,24500000000.0,1080000000.0,11.62,-85.33
3.4e-05,2.2e-05,7e-13,5e-10,5e-11,0.0792,24500000000.0,1070000000.0,11.62,-85.44
3.4e-05,2.2e-05,7e-13,5e-10,1.5e-10,0.0792,24500000000.0,1070000000.0,11.62,-85.63
3.4e-05,2.2e-05,7e-13,5e-10,2e-10,0.0792,24500000000.0,1080000000.0,11.62,-85.22
3.4e-05,2.3e-05,5e-13,4e-10,1e-10,0.0792,26600000000.0,1190000000.0,11.07,-87.62
3.4e-05,2.3e-05,5e-13,4e-10,5e-11,0.0792,26600000000.0,1200000000.0,11.07,-87.75
3.4e-05,2.3e-05,5e-13,4e-10,1.5e-10,0.0792,26600000000.0,1190000000.0,11.07,-87.67
3.4e-05,2.3e-05,5e-13,4e-10,2e-10,0.0792,26600000000.0,1200000000.0,11.07,-87.36
3.4e-05,2.3e-05,5e-13,4e-10,2.5e-10,0.0792,26600000000.0,1210000000.0,11.07,-87.51
3.4e-05,2.3e-05,5e-13,3e-10,1e-10,0.0792,30000000000.0,1430000000.0,10.35,-93.05
3.4e-05,2.3e-05,5e-13,3e-10,1.5e-10,0.0792,30000000000.0,1440000000.0,10.35,-92.88
3.4e-05,2.3e-05,5e-13,3e-10,2e-10,0.0792,30000000000.0,1430000000.0,10.35,-92.82
3.4e-05,2.3e-05,5e-13,3e-10,2.5e-10,0.0792,30000000000.0,1430000000.0,10.35,-93.04
3.4e-05,2.3e-05,5e-13,3.5e-10,1e-10,0.0792,28000000000.0,1300000000.0,10.75,-89.91
3.4e-05,2.3e-05,5e-13,3.5e-10,5e-11,0.0792,28100000000.0,1310000000.0,10.74,-89.36
3.4e-05,2.3e-05,5e-13,3.5e-10,1.5e-10,0.0792,28000000000.0,1300000000.0,10.75,-89.92
3.4e-05,2.3e-05,5e-13,3.5e-10,2e-10,0.0792,28000000000.0,1310000000.0,10.74,-89.94
3.4e-05,2.3e-05,5e-13,3.5e-10,2.5e-10,0.0792,28000000000.0,1300000000.0,10.75,-89.85
3.4e-05,2.3e-05,5e-13,4.5e-10,1e-10,0.0792,25400000000.0,1120000000.0,11.35,-85.57
3.4e-05,2.3e-05,5e-13,4.5e-10,5e-11,0.0792,25400000000.0,1120000000.0,11.35,-85.89
3.4e-05,2.3e-05,5e-13,4.5e-10,1.5e-10,0.0792,25400000000.0,1120000000.0,11.35,-86.09
3.4e-05,2.3e-05,5e-13,4.5e-10,2e-10,0.0792,25400000000.0,1120000000.0,11.35,-86.03
3.4e-05,2.3e-05,5e-13,4.5e-10,2.5e-10,0.0792,25400000000.0,1130000000.0,11.35,-86.15
3.4e-05,2.3e-05,5e-13,5e-10,1e-10,0.0792,24400000000.0,1050000000.0,11.6,-85.1
3.4e-05,2.3e-05,5e-13,5e-10,5e-11,0.0792,24400000000.0,1050000000.0,11.6,-84.77
3.4e-05,2.3e-05,5e-13,5e-10,1.5e-10,0.0792,24400000000.0,1050000000.0,11.6,-85.17
3.4e-05,2.3e-05,5e-13,5e-10,2e-10,0.0792,24400000000.0,1050000000.0,11.6,-84.95
3.4e-05,2.3e-05,5e-13,5e-10,2.5e-10,0.0792,24400000000.0,1060000000.0,11.6,-84.93
3.4e-05,2.3e-05,3e-13,4e-10,1e-10,0.0792,26600000000.0,1210000000.0,11.07,-87.83
3.4e-05,2.3e-05,3e-13,4e-10,5e-11,0.0792,26600000000.0,1200000000.0,11.07,-87.37
3.4e-05,2.3e-05,3e-13,4e-10,1.5e-10,0.0792,26600000000.0,1200000000.0,11.07,-84.09
3.4e-05,2.3e-05,3e-13,4e-10,2e-10,0.0792,26600000000.0,1210000000.0,11.07,-87.43
3.4e-05,2.3e-05,3e-13,4e-10,2.5e-10,0.0792,26600000000.0,1200000000.0,11.07,-87.39
3.4e-05,2.3e-05,3e-13,3e-10,1e-10,0.0792,30000000000.0,1430000000.0,10.35,-92.96
3.4e-05,2.3e-05,3e-13,3e-10,5e-11,0.0792,30000000000.0,1440000000.0,10.35,-93.19
3.4e-05,2.3e-05,3e-13,3e-10,1.5e-10,0.0792,30000000000.0,1430000000.0,10.35,-92.97
3.4e-05,2.3e-05,3e-13,3e-10,2e-10,0.0792,30000000000.0,1440000000.0,10.35,-92.65
3.4e-05,2.3e-05,3e-13,3e-10,2.5e-10,0.0792,30000000000.0,1430000000.0,10.35,-92.83
3.4e-05,2.3e-05,3e-13,3.5e-10,1e-10,0.0792,28100000000.0,1300000000.0,10.75,-89.32
3.4e-05,2.3e-05,3e-13,3.5e-10,5e-11,0.0792,28100000000.0,1310000000.0,10.75,-89.3
3.4e-05,2.3e-05,3e-13,3.5e-10,1.5e-10,0.0792,28100000000.0,1300000000.0,10.75,-89.82
3.4e-05,2.3e-05,3e-13,3.5e-10,2e-10,0.0792,28100000000.0,1300000000.0,10.75,-89.85
3.4e-05,2.3e-05,3e-13,3.5e-10,2.5e-10,0.0792,28100000000.0,1310000000.0,10.74,-89.97
3.4e-05,2.3e-05,3e-13,4.5e-10,1e-10,0.0792,25400000000.0,1120000000.0,11.35,-86.23
3.4e-05,2.3e-05,3e-13,4.5e-10,5e-11,0.0792,25400000000.0,1120000000.0,11.35,-86.01
3.4e-05,2.3e-05,3e-13,4.5e-10,1.5e-10,0.0792,25400000000.0,1130000000.0,11.35,-85.97
3.4e-05,2.3e-05,3e-13,4.5e-10,2e-10,0.0792,25400000000.0,1110000000.0,11.35,-86.18
3.4e-05,2.3e-05,3e-13,4.5e-10,2.5e-10,0.0792,25400000000.0,1120000000.0,11.35,-86.52
3.4e-05,2.3e-05,3e-13,5e-10,1e-10,0.0792,24400000000.0,1050000000.0,11.6,-85.36
3.4e-05,2.3e-05,3e-13,5e-10,5e-11,0.0792,24400000000.0,1050000000.0,11.6,-86.01
3.4e-05,2.3e-05,3e-13,5e-10,1.5e-10,0.0792,24400000000.0,1050000000.0,11.6,-84.85
3.4e-05,2.3e-05,3e-13,5e-10,2e-10,0.0792,24400000000.0,1050000000.0,11.6,-85.84
3.4e-05,2.3e-05,3e-13,5e-10,2.5e-10,0.0792,24400000000.0,1050000000.0,11.6,-85.18
3.4e-05,2.3e-05,4e-13,4e-10,1e-10,0.0792,26600000000.0,1190000000.0,11.07,-87.5
3.4e-05,2.3e-05,4e-13,4e-10,5e-11,0.0792,26600000000.0,1210000000.0,11.07,-87.54
3.4e-05,2.3e-05,4e-13,4e-10,1.5e-10,0.0792,26600000000.0,1190000000.0,11.07,-87.41
3.4e-05,2.3e-05,4e-13,4e-10,2e-10,0.0792,26600000000.0,1210000000.0,11.07,-87.52
3.4e-05,2.3e-05,4e-13,4e-10,2.5e-10,0.0792,26600000000.0,1190000000.0,11.07,-87.6
3.4e-05,2.3e-05,4e-13,3e-10,1e-10,0.0792,30000000000.0,1440000000.0,10.35,-92.68
3.4e-05,2.3e-05,4e-13,3e-10,5e-11,0.0792,30000000000.0,1430000000.0,10.35,-92.75
3.4e-05,2.3e-05,4e-13,3e-10,1.5e-10,0.0792,30000000000.0,1430000000.0,10.35,-93.28
3.4e-05,2.3e-05,4e-13,3e-10,2e-10,0.0792,30000000000.0,1440000000.0,10.35,-92.93
3.4e-05,2.3e-05,4e-13,3e-10,2.5e-10,0.0792,30000000000.0,1440000000.0,10.35,-92.81
3.4e-05,2.3e-05,4e-13,3.5e-10,1e-10,0.0792,28100000000.0,1300000000.0,10.74,-89.9
3.4e-05,2.3e-05,4e-13,3.5e-10,5e-11,0.0792,28100000000.0,1300000000.0,10.75,-89.72
3.4e-05,2.3e-05,4e-13,3.5e-10,1.5e-10,0.0792,28100000000.0,1300000000.0,10.75,-89.87
3.4e-05,2.3e-05,4e-13,3.5e-10,2e-10,0.0792,28100000000.0,1300000000.0,10.75,-90.18
3.4e-05,2.3e-05,4e-13,4.5e-10,1e-10,0.0792,25400000000.0,1110000000.0,11.35,-86.42
3.4e-05,2.3e-05,4e-13,4.5e-10,5e-11,0.0792,25400000000.0,1120000000.0,11.35,-86.17
3.4e-05,2.3e-05,4e-13,4.5e-10,1.5e-10,0.0792,25400000000.0,1130000000.0,11.35,-86.16
3.4e-05,2.3e-05,4e-13,4.5e-10,2e-10,0.0792,25400000000.0,1110000000.0,11.35,-86.19
3.4e-05,2.3e-05,4e-13,4.5e-10,2.5e-10,0.0792,25400000000.0,1120000000.0,11.35,-86.35
3.4e-05,2.3e-05,4e-13,5e-10,1e-10,0.0792,24400000000.0,1050000000.0,11.6,-85.89
3.4e-05,2.3e-05,4e-13,5e-10,5e-11,0.0792,24400000000.0,1050000000.0,11.6,-85.39
3.4e-05,2.3e-05,4e-13,5e-10,1.5e-10,0.0792,24400000000.0,1050000000.0,11.6,-85.31
3.4e-05,2.3e-05,4e-13,5e-10,2e-10,0.0792,24400000000.0,1060000000.0,11.6,-85.18
3.4e-05,2.3e-05,4e-13,5e-10,2.5e-10,0.0792,24400000000.0,1050000000.0,11.6,-85.26
3.4e-05,2.3e-05,6e-13,4e-10,1e-10,0.0792,26600000000.0,1200000000.0,11.07,-87.56
3.4e-05,2.3e-05,6e-13,4e-10,5e-11,0.0792,26600000000.0,1200000000.0,11.07,-87.61
3.4e-05,2.3e-05,6e-13,4e-10,1.5e-10,0.0792,26600000000.0,1200000000.0,11.07,-87.66
3.4e-05,2.3e-05,6e-13,4e-10,2e-10,0.0792,26600000000.0,1200000000.0,11.07,-87.54
3.4e-05,2.3e-05,6e-13,4e-10,2.5e-10,0.0792,26600000000.0,1200000000.0,11.07,-87.73
3.4e-05,2.3e-05,6e-13,3e-10,1e-10,0.0792,30000000000.0,1440000000.0,10.35,-92.95
3.4e-05,2.3e-05,6e-13,3e-10,2e-10,0.0792,30000000000.0,1440000000.0,10.35,-92.48
3.4e-05,2.3e-05,6e-13,3.5e-10,1e-10,0.0792,28000000000.0,1300000000.0,10.75,-89.58
3.4e-05,2.3e-05,6e-13,3.5e-10,5e-11,0.0792,28000000000.0,1310000000.0,10.74,-89.96
3.4e-05,2.3e-05,6e-13,3.5e-10,1.5e-10,0.0792,28000000000.0,1300000000.0,10.75,-89.67
3.4e-05,2.3e-05,6e-13,3.5e-10,2.5e-10,0.0792,28000000000.0,1310000000.0,10.74,-89.62
3.4e-05,2.3e-05,6e-13,4.5e-10,1e-10,0.0792,25400000000.0,1120000000.0,11.35,-86.13
3.4e-05,2.3e-05,6e-13,4.5e-10,5e-11,0.0792,25400000000.0,1120000000.0,11.35,-84.5
3.4e-05,2.3e-05,6e-13,4.5e-10,1.5e-10,0.0792,25400000000.0,1130000000.0,11.35,-85.87
3.4e-05,2.3e-05,6e-13,4.5e-10,2e-10,0.0792,25400000000.0,1120000000.0,11.35,-86.11
3.4e-05,2.3e-05,6e-13,4.5e-10,2.5e-10,0.0792,25400000000.0,1120000000.0,11.35,-85.9
3.4e-05,2.3e-05,6e-13,5e-10,5e-11,0.0792,24400000000.0,1060000000.0,11.6,-85.06
3.4e-05,2.3e-05,6e-13,5e-10,1.5e-10,0.0792,24400000000.0,1050000000.0,11.6,-85.07
3.4e-05,2.3e-05,6e-13,5e-10,2.5e-10,0.0792,24400000000.0,1060000000.0,11.6,-85.0
3.4e-05,2.3e-05,7e-13,4e-10,1e-10,0.0792,26600000000.0,1200000000.0,11.07,-87.5
3.4e-05,2.3e-05,7e-13,4e-10,5e-11,0.0792,26600000000.0,1200000000.0,11.07,-87.15
3.4e-05,2.3e-05,7e-13,4e-10,1.5e-10,0.0792,26600000000.0,1200000000.0,11.07,-87.12
3.4e-05,2.3e-05,7e-13,4e-10,2e-10,0.0792,26600000000.0,1210000000.0,11.07,-87.79
3.4e-05,2.3e-05,7e-13,4e-10,2.5e-10,0.0792,26600000000.0,1190000000.0,11.07,-87.84
3.4e-05,2.3e-05,7e-13,3e-10,1e-10,0.0792,30000000000.0,1440000000.0,10.35,-93.23
3.4e-05,2.3e-05,7e-13,3e-10,5e-11,0.0792,30000000000.0,1430000000.0,10.35,-93.06
3.4e-05,2.3e-05,7e-13,3e-10,1.5e-10,0.0792,30000000000.0,1430000000.0,10.35,-92.93
3.4e-05,2.3e-05,7e-13,3e-10,2e-10,0.0792,30000000000.0,1430000000.0,10.35,-93.02
3.4e-05,2.3e-05,7e-13,3e-10,2.5e-10,0.0792,30000000000.0,1440000000.0,10.35,-92.85
3.4e-05,2.3e-05,7e-13,3.5e-10,1e-10,0.0792,28000000000.0,1300000000.0,10.75,-89.94
3.4e-05,2.3e-05,7e-13,3.5e-10,5e-11,0.0792,28000000000.0,1300000000.0,10.75,-89.64
3.4e-05,2.3e-05,7e-13,3.5e-10,2e-10,0.0792,28000000000.0,1300000000.0,10.75,-89.93
3.4e-05,2.3e-05,7e-13,3.5e-10,2.5e-10,0.0792,28000000000.0,1300000000.0,10.75,-89.72
3.4e-05,2.3e-05,7e-13,4.5e-10,1e-10,0.0792,25400000000.0,1120000000.0,11.35,-85.94
3.4e-05,2.3e-05,7e-13,4.5e-10,5e-11,0.0792,25400000000.0,1130000000.0,11.35,-85.98
3.4e-05,2.3e-05,7e-13,4.5e-10,1.5e-10,0.0792,25400000000.0,1120000000.0,11.35,-86.0
3.4e-05,2.3e-05,7e-13,4.5e-10,2e-10,0.0792,25400000000.0,1120000000.0,11.35,-86.08
3.4e-05,2.3e-05,7e-13,5e-10,1.5e-10,0.0792,24400000000.0,1050000000.0,11.6,-85.27
3.4e-05,2.3e-05,7e-13,5e-10,2e-10,0.0792,24400000000.0,1050000000.0,11.6,-85.37
3.4e-05,2.3e-05,7e-13,5e-10,2.5e-10,0.0792,24400000000.0,1050000000.0,11.6,-85.05
3.4e-05,2.4e-05,5e-13,4e-10,1e-10,0.0792,26500000000.0,1160000000.0,11.04,-87.52
3.4e-05,2.4e-05,5e-13,4e-10,5e-11,0.0792,26500000000.0,1160000000.0,11.04,-86.74
3.4e-05,2.4e-05,5e-13,4e-10,1.5e-10,0.0792,26500000000.0,1160000000.0,11.04,-87.4
3.4e-05,2.4e-05,5e-13,4e-10,2e-10,0.0792,26500000000.0,1150000000.0,11.04,-87.47
3.4e-05,2.4e-05,5e-13,4e-10,2.5e-10,0.0792,26500000000.0,1160000000.0,11.04,-87.28
3.4e-05,2.4e-05,5e-13,3e-10,1e-10,0.0792,29900000000.0,1380000000.0,10.31,-92.66
3.4e-05,2.4e-05,5e-13,3e-10,5e-11,0.0792,29900000000.0,1380000000.0,10.31,-92.75
3.4e-05,2.4e-05,5e-13,3e-10,1.5e-10,0.0792,29900000000.0,1380000000.0,10.31,-92.51
3.4e-05,2.4e-05,5e-13,3e-10,2e-10,0.0792,29900000000.0,1380000000.0,10.31,-92.67
3.4e-05,2.4e-05,5e-13,3e-10,2.5e-10,0.0792,29900000000.0,1380000000.0,10.31,-92.6
3.4e-05,2.4e-05,5e-13,3.5e-10,1e-10,0.0792,28000000000.0,1250000000.0,10.72,-89.04
3.4e-05,2.4e-05,5e-13,3.5e-10,5e-11,0.0792,28000000000.0,1250000000.0,10.71,-89.68
3.4e-05,2.4e-05,5e-13,3.5e-10,1.5e-10,0.0792,28000000000.0,1250000000.0,10.71,-88.96
3.4e-05,2.4e-05,5e-13,3.5e-10,2e-10,0.0792,28000000000.0,1250000000.0,10.71,-89.6
3.4e-05,2.4e-05,5e-13,3.5e-10,2.5e-10,0.0792,28000000000.0,1250000000.0,10.71,-89.86
3.4e-05,2.4e-05,5e-13,4.5e-10,1e-10,0.0792,25300000000.0,1090000000.0,11.32,-85.9
3.4e-05,2.4e-05,5e-13,4.5e-10,5e-11,0.0792,25300000000.0,1090000000.0,11.32,-85.85
3.4e-05,2.4e-05,5e-13,4.5e-10,1.5e-10,0.0792,25300000000.0,1090000000.0,11.32,-85.94
3.4e-05,2.4e-05,5e-13,4.5e-10,2e-10,0.0792,25300000000.0,1080000000.0,11.32,-85.58
3.4e-05,2.4e-05,5e-13,4.5e-10,2.5e-10,0.0792,25300000000.0,1080000000.0,11.32,-85.69
3.4e-05,2.4e-05,5e-13,5e-10,1e-10,0.0792,24400000000.0,1020000000.0,11.57,-84.63
3.4e-05,2.4e-05,5e-13,5e-10,5e-11,0.0792,24400000000.0,1020000000.0,11.57,-85.49
3.4e-05,2.4e-05,5e-13,5e-10,1.5e-10,0.0792,24400000000.0,1030000000.0,11.57,-85.0
3.4e-05,2.4e-05,5e-13,5e-10,2e-10,0.0792,24400000000.0,1020000000.0,11.57,-85.01
3.4e-05,2.4e-05,5e-13,5e-10,2.5e-10,0.0792,24400000000.0,1020000000.0,11.57,-85.12
3.4e-05,2.4e-05,3e-13,4e-10,1e-10,0.0792,26500000000.0,1160000000.0,11.04,-87.14
3.4e-05,2.4e-05,3e-13,4e-10,5e-11,0.0792,26500000000.0,1160000000.0,11.04,-87.39
3.4e-05,2.4e-05,3e-13,4e-10,1.5e-10,0.0792,26500000000.0,1170000000.0,11.04,-87.31
3.4e-05,2.4e-05,3e-13,4e-10,2.5e-10,0.0792,26500000000.0,1160000000.0,11.04,-86.84
3.4e-05,2.4e-05,3e-13,3e-10,1e-10,0.0792,29900000000.0,1380000000.0,10.31,-92.59
3.4e-05,2.4e-05,3e-13,3e-10,5e-11,0.0792,29900000000.0,1380000000.0,10.31,-92.54
3.4e-05,2.4e-05,3e-13,3e-10,1.5e-10,0.0792,29900000000.0,1380000000.0,10.31,-92.52
3.4e-05,2.4e-05,3e-13,3e-10,2e-10,0.0792,29900000000.0,1380000000.0,10.31,-92.64
3.4e-05,2.4e-05,3e-13,3e-10,2.5e-10,0.0792,29900000000.0,1380000000.0,10.31,-92.61
3.4e-05,2.4e-05,3e-13,3.5e-10,1e-10,0.0792,28000000000.0,1260000000.0,10.71,-89.3
3.4e-05,2.4e-05,3e-13,3.5e-10,5e-11,0.0792,28000000000.0,1250000000.0,10.72,-89.44
3.4e-05,2.4e-05,3e-13,3.5e-10,1.5e-10,0.0792,28000000000.0,1260000000.0,10.71,-89.56
3.4e-05,2.4e-05,3e-13,3.5e-10,2e-10,0.0792,28000000000.0,1260000000.0,10.71,-89.58
3.4e-05,2.4e-05,3e-13,3.5e-10,2.5e-10,0.0792,28000000000.0,1250000000.0,10.72,-89.61
3.4e-05,2.4e-05,3e-13,4.5e-10,1e-10,0.0792,25400000000.0,1080000000.0,11.32,-86.01
3.4e-05,2.4e-05,3e-13,4.5e-10,5e-11,0.0792,25400000000.0,1100000000.0,11.32,-85.69
3.4e-05,2.4e-05,3e-13,4.5e-10,1.5e-10,0.0792,25400000000.0,1090000000.0,11.32,-85.58
3.4e-05,2.4e-05,3e-13,4.5e-10,2e-10,0.0792,25400000000.0,1090000000.0,11.32,-85.98
3.4e-05,2.4e-05,3e-13,4.5e-10,2.5e-10,0.0792,25400000000.0,1080000000.0,11.32,-86.05
3.4e-05,2.4e-05,3e-13,5e-10,1e-10,0.0792,24400000000.0,1030000000.0,11.57,-85.17
3.4e-05,2.4e-05,3e-13,5e-10,5e-11,0.0792,24400000000.0,1020000000.0,11.57,-84.81
3.4e-05,2.4e-05,3e-13,5e-10,1.5e-10,0.0792,24400000000.0,1020000000.0,11.57,-84.93
3.4e-05,2.4e-05,3e-13,5e-10,2e-10,0.0792,24400000000.0,1020000000.0,11.57,-84.62
3.4e-05,2.4e-05,3e-13,5e-10,2.5e-10,0.0792,24400000000.0,1030000000.0,11.57,-84.99
3.4e-05,2.4e-05,4e-13,4e-10,1e-10,0.0792,26500000000.0,1160000000.0,11.04,-87.38
3.4e-05,2.4e-05,4e-13,4e-10,5e-11,0.0792,26500000000.0,1160000000.0,11.04,-87.27
3.4e-05,2.4e-05,4e-13,4e-10,1.5e-10,0.0792,26500000000.0,1160000000.0,11.04,-87.29
3.4e-05,2.4e-05,4e-13,4e-10,2e-10,0.0792,26500000000.0,1160000000.0,11.04,-87.31
3.4e-05,2.4e-05,4e-13,4e-10,2.5e-10,0.0792,26500000000.0,1150000000.0,11.04,-87.38
3.4e-05,2.4e-05,4e-13,3e-10,1e-10,0.0792,29900000000.0,1380000000.0,10.31,-92.63
3.4e-05,2.4e-05,4e-13,3e-10,5e-11,0.0792,29900000000.0,1380000000.0,10.31,-92.58
3.4e-05,2.4e-05,4e-13,3e-10,1.5e-10,0.0792,29900000000.0,1380000000.0,10.31,-92.77
3.4e-05,2.4e-05,4e-13,3e-10,2e-10,0.0792,29900000000.0,1380000000.0,10.31,-92.78
3.4e-05,2.4e-05,4e-13,3e-10,2.5e-10,0.0792,29900000000.0,1380000000.0,10.31,-92.47
3.4e-05,2.4e-05,4e-13,3.5e-10,1e-10,0.0792,28000000000.0,1250000000.0,10.72,-89.53
3.4e-05,2.4e-05,4e-13,3.5e-10,5e-11,0.0792,28000000000.0,1250000000.0,10.71,-89.15
3.4e-05,2.4e-05,4e-13,3.5e-10,1.5e-10,0.0792,28000000000.0,1250000000.0,10.71,-89.37
3.4e-05,2.4e-05,4e-13,3.5e-10,2e-10,0.0792,28000000000.0,1250000000.0,10.72,-89.6
3.4e-05,2.4e-05,4e-13,3.5e-10,2.5e-10,0.0792,28000000000.0,1250000000.0,10.72,-81.6
3.4e-05,2.4e-05,4e-13,4.5e-10,1e-10,0.0792,25400000000.0,1090000000.0,11.32,-86.33
3.4e-05,2.4e-05,4e-13,4.5e-10,5e-11,0.0792,25400000000.0,1090000000.0,11.32,-86.07
3.4e-05,2.4e-05,4e-13,4.5e-10,1.5e-10,0.0792,25400000000.0,1090000000.0,11.32,-85.93
3.4e-05,2.4e-05,4e-13,4.5e-10,2e-10,0.0792,25300000000.0,1090000000.0,11.32,-85.61
3.4e-05,2.4e-05,4e-13,4.5e-10,2.5e-10,0.0792,25300000000.0,1090000000.0,11.32,-86.39
3.4e-05,2.4e-05,4e-13,5e-10,1e-10,0.0792,24400000000.0,1020000000.0,11.57,-84.87
3.4e-05,2.4e-05,4e-13,5e-10,1.5e-10,0.0792,24400000000.0,1020000000.0,11.57,-85.03
3.4e-05,2.4e-05,4e-13,5e-10,2e-10,0.0792,24400000000.0,1020000000.0,11.57,-84.97
3.4e-05,2.4e-05,4e-13,5e-10,2.5e-10,0.0792,24400000000.0,1030000000.0,11.57,-84.91
3.4e-05,2.4e-05,6e-13,4e-10,1e-10,0.0792,26500000000.0,1150000000.0,11.04,-87.35
3.4e-05,2.4e-05,6e-13,4e-10,5e-11,0.0792,26500000000.0,1150000000.0,11.04,-87.15
3.4e-05,2.4e-05,6e-13,4e-10,1.5e-10,0.0792,26500000000.0,1170000000.0,11.04,-87.33
3.4e-05,2.4e-05,6e-13,4e-10,2e-10,0.0792,26500000000.0,1160000000.0,11.04,-87.41
3.4e-05,2.4e-05,6e-13,4e-10,2.5e-10,0.0792,26500000000.0,1170000000.0,11.04,-86.99
3.4e-05,2.4e-05,6e-13,3e-10,1e-10,0.0792,29900000000.0,1370000000.0,10.31,-92.46
3.4e-05,2.4e-05,6e-13,3e-10,5e-11,0.0792,29900000000.0,1380000000.0,10.31,-92.76
3.4e-05,2.4e-05,6e-13,3e-10,1.5e-10,0.0792,29900000000.0,1380000000.0,10.31,-92.72
3.4e-05,2.4e-05,6e-13,3e-10,2e-10,0.0792,29900000000.0,1380000000.0,10.31,-92.69
3.4e-05,2.4e-05,6e-13,3e-10,2.5e-10,0.0792,29900000000.0,1380000000.0,10.31,-92.46
3.4e-05,2.4e-05,6e-13,3.5e-10,1e-10,0.0792,28000000000.0,1250000000.0,10.71,-89.45
3.4e-05,2.4e-05,6e-13,3.5e-10,5e-11,0.0792,28000000000.0,1260000000.0,10.71,-89.37
3.4e-05,2.4e-05,6e-13,3.5e-10,1.5e-10,0.0792,28000000000.0,1260000000.0,10.71,-89.18
3.4e-05,2.4e-05,6e-13,3.5e-10,2e-10,0.0792,28000000000.0,1250000000.0,10.71,-89.63
3.4e-05,2.4e-05,6e-13,3.5e-10,2.5e-10,0.0792,28000000000.0,1260000000.0,10.71,-89.5
3.4e-05,2.4e-05,6e-13,4.5e-10,1e-10,0.0792,25300000000.0,1090000000.0,11.32,-85.97
3.4e-05,2.4e-05,6e-13,4.5e-10,5e-11,0.0792,25300000000.0,1100000000.0,11.32,-85.82
3.4e-05,2.4e-05,6e-13,4.5e-10,1.5e-10,0.0792,25300000000.0,1090000000.0,11.32,-86.1
3.4e-05,2.4e-05,6e-13,4.5e-10,2e-10,0.0792,25300000000.0,1090000000.0,11.32,-85.83
3.4e-05,2.4e-05,6e-13,4.5e-10,2.5e-10,0.0792,25300000000.0,1080000000.0,11.32,-86.0
3.4e-05,2.4e-05,6e-13,5e-10,1e-10,0.0792,24400000000.0,1020000000.0,11.57,-85.17
3.4e-05,2.4e-05,6e-13,5e-10,5e-11,0.0792,24400000000.0,1020000000.0,11.57,-85.24
3.4e-05,2.4e-05,6e-13,5e-10,1.5e-10,0.0792,24400000000.0,1020000000.0,11.57,-85.26
3.4e-05,2.4e-05,6e-13,5e-10,2.5e-10,0.0792,24400000000.0,1010000000.0,11.57,-85.23
3.4e-05,2.4e-05,7e-13,4e-10,1e-10,0.0792,26500000000.0,1170000000.0,11.04,-87.4
3.4e-05,2.4e-05,7e-13,4e-10,5e-11,0.0792,26500000000.0,1160000000.0,11.04,-87.36
3.4e-05,2.4e-05,7e-13,4e-10,1.5e-10,0.0792,26500000000.0,1150000000.0,11.04,-87.2
3.4e-05,2.4e-05,7e-13,4e-10,2e-10,0.0792,26500000000.0,1170000000.0,11.04,-87.34
3.4e-05,2.4e-05,7e-13,4e-10,2.5e-10,0.0792,26500000000.0,1160000000.0,11.04,-87.05
3.4e-05,2.4e-05,7e-13,3e-10,1e-10,0.0792,29900000000.0,1380000000.0,10.31,-92.57
3.4e-05,2.4e-05,7e-13,3.5e-10,1e-10,0.0792,28000000000.0,1250000000.0,10.71,-89.64
3.4e-05,2.4e-05,7e-13,3.5e-10,5e-11,0.0792,28000000000.0,1260000000.0,10.71,-89.65
3.4e-05,2.4e-05,7e-13,3.5e-10,1.5e-10,0.0792,28000000000.0,1260000000.0,10.71,-89.42
3.4e-05,2.4e-05,7e-13,3.5e-10,2e-10,0.0792,28000000000.0,1260000000.0,10.71,-89.4
3.4e-05,2.4e-05,7e-13,3.5e-10,2.5e-10,0.0792,28000000000.0,1250000000.0,10.71,-88.98
3.4e-05,2.4e-05,7e-13,4.5e-10,1e-10,0.0792,25300000000.0,1090000000.0,11.32,-86.02
3.4e-05,2.4e-05,7e-13,4.5e-10,5e-11,0.0792,25300000000.0,1090000000.0,11.32,-86.08
3.4e-05,2.4e-05,7e-13,4.5e-10,1.5e-10,0.0792,25300000000.0,1090000000.0,11.32,-83.6
3.4e-05,2.4e-05,7e-13,4.5e-10,2e-10,0.0792,25300000000.0,1080000000.0,11.32,-85.95
3.4e-05,2.4e-05,7e-13,4.5e-10,2.5e-10,0.0792,25300000000.0,1080000000.0,11.32,-84.42
3.4e-05,2.4e-05,7e-13,5e-10,1e-10,0.0792,24400000000.0,1030000000.0,11.57,-84.98
3.4e-05,2.4e-05,7e-13,5e-10,5e-11,0.0792,24400000000.0,1030000000.0,11.57,-85.16
3.4e-05,2.4e-05,7e-13,5e-10,1.5e-10,0.0792,24400000000.0,1020000000.0,11.57,-85.02
3.4e-05,2.4e-05,7e-13,5e-10,2.5e-10,0.0792,24400000000.0,1020000000.0,11.57,-85.21
3.4e-05,2.5e-05,5e-13,4e-10,1e-10,0.0792,26500000000.0,1120000000.0,11.01,-88.1
3.4e-05,2.5e-05,5e-13,4e-10,5e-11,0.0792,26500000000.0,1110000000.0,11.01,-86.88
3.4e-05,2.5e-05,5e-13,4e-10,1.5e-10,0.0792,26500000000.0,1120000000.0,11.01,-87.08
3.4e-05,2.5e-05,5e-13,4e-10,2e-10,0.0792,26500000000.0,1120000000.0,11.01,-87.27
3.4e-05,2.5e-05,5e-13,4e-10,2.5e-10,0.0792,26500000000.0,1120000000.0,11.01,-87.29
3.4e-05,2.5e-05,5e-13,3e-10,1e-10,0.0792,29900000000.0,1310000000.0,10.27,-92.55
3.4e-05,2.5e-05,5e-13,3e-10,5e-11,0.0792,29900000000.0,1310000000.0,10.27,-92.36
3.4e-05,2.5e-05,5e-13,3e-10,1.5e-10,0.0792,29900000000.0,1310000000.0,10.27,-92.28
3.4e-05,2.5e-05,5e-13,3e-10,2e-10,0.0792,29900000000.0,1310000000.0,10.27,-92.41
3.4e-05,2.5e-05,5e-13,3e-10,2.5e-10,0.0792,29900000000.0,1310000000.0,10.27,-92.33
3.4e-05,2.5e-05,5e-13,3.5e-10,1e-10,0.0792,28000000000.0,1210000000.0,10.68,-89.03
3.4e-05,2.5e-05,5e-13,3.5e-10,5e-11,0.0792,28000000000.0,1200000000.0,10.68,-89.04
3.4e-05,2.5e-05,5e-13,3.5e-10,1.5e-10,0.0792,28000000000.0,1200000000.0,10.68,-88.99
3.4e-05,2.5e-05,5e-13,3.5e-10,2e-10,0.0792,28000000000.0,1200000000.0,10.68,-88.95
3.4e-05,2.5e-05,5e-13,3.5e-10,2.5e-10,0.0792,28000000000.0,1200000000.0,10.68,-89.17
3.4e-05,2.5e-05,5e-13,4.5e-10,1e-10,0.0792,25300000000.0,1050000000.0,11.29,-86.36
3.4e-05,2.5e-05,5e-13,4.5e-10,5e-11,0.0792,25300000000.0,1040000000.0,11.29,-85.77
3.4e-05,2.5e-05,5e-13,4.5e-10,1.5e-10,0.0792,25300000000.0,1050000000.0,11.29,-84.24
3.4e-05,2.5e-05,5e-13,4.5e-10,2e-10,0.0792,25300000000.0,1050000000.0,11.29,-85.81
3.4e-05,2.5e-05,5e-13,4.5e-10,2.5e-10,0.0792,25300000000.0,1050000000.0,11.29,-85.82
3.4e-05,2.5e-05,5e-13,5e-10,1e-10,0.0792,24300000000.0,982000000.0,11.54,-84.85
3.4e-05,2.5e-05,5e-13,5e-10,5e-11,0.0792,24300000000.0,980000000.0,11.54,-85.06
3.4e-05,2.5e-05,5e-13,5e-10,1.5e-10,0.0792,24300000000.0,994000000.0,11.55,-84.66
3.4e-05,2.5e-05,5e-13,5e-10,2e-10,0.0792,24300000000.0,988000000.0,11.54,-84.85
3.4e-05,2.5e-05,5e-13,5e-10,2.5e-10,0.0792,24300000000.0,984000000.0,11.54,-84.95
3.4e-05,2.5e-05,3e-13,4e-10,1e-10,0.0792,26500000000.0,1120000000.0,11.01,-87.07
3.4e-05,2.5e-05,3e-13,4e-10,5e-11,0.0792,26500000000.0,1110000000.0,11.01,-86.77
3.4e-05,2.5e-05,3e-13,4e-10,1.5e-10,0.0792,26500000000.0,1120000000.0,11.01,-87.36
3.4e-05,2.5e-05,3e-13,4e-10,2e-10,0.0792,26500000000.0,1120000000.0,11.01,-87.21
3.4e-05,2.5e-05,3e-13,4e-10,2.5e-10,0.0792,26500000000.0,1110000000.0,11.01,-87.08
3.4e-05,2.5e-05,3e-13,3e-10,1e-10,0.0792,29900000000.0,1310000000.0,10.27,-91.89
3.4e-05,2.5e-05,3e-13,3e-10,5e-11,0.0792,29900000000.0,1310000000.0,10.27,-92.49
3.4e-05,2.5e-05,3e-13,3e-10,1.5e-10,0.0792,29900000000.0,1310000000.0,10.27,-92.5
3.4e-05,2.5e-05,3e-13,3e-10,2e-10,0.0792,29900000000.0,1310000000.0,10.27,-92.42
3.4e-05,2.5e-05,3e-13,3.5e-10,1e-10,0.0792,28000000000.0,1200000000.0,10.68,-89.95
3.4e-05,2.5e-05,3e-13,3.5e-10,5e-11,0.0792,28000000000.0,1200000000.0,10.68,-89.06
3.4e-05,2.5e-05,3e-13,3.5e-10,1.5e-10,0.0792,28000000000.0,1210000000.0,10.68,-89.38
3.4e-05,2.5e-05,3e-13,3.5e-10,2e-10,0.0792,28000000000.0,1200000000.0,10.68,-89.47
3.4e-05,2.5e-05,3e-13,3.5e-10,2.5e-10,0.0792,28000000000.0,1200000000.0,10.68,-88.84
3.4e-05,2.5e-05,3e-13,4.5e-10,1e-10,0.0792,25300000000.0,1040000000.0,11.29,-85.3
3.4e-05,2.5e-05,3e-13,4.5e-10,5e-11,0.0792,25300000000.0,1050000000.0,11.29,-86.15
3.4e-05,2.5e-05,3e-13,4.5e-10,1.5e-10,0.0792,25300000000.0,1040000000.0,11.29,-85.76
3.4e-05,2.5e-05,3e-13,4.5e-10,2e-10,0.0792,25300000000.0,1060000000.0,11.29,-85.72
3.4e-05,2.5e-05,3e-13,4.5e-10,2.5e-10,0.0792,25300000000.0,1040000000.0,11.29,-85.91
3.4e-05,2.5e-05,3e-13,5e-10,1e-10,0.0792,24300000000.0,989000000.0,11.55,-84.81
3.4e-05,2.5e-05,3e-13,5e-10,5e-11,0.0792,24300000000.0,989000000.0,11.54,-84.73
3.4e-05,2.5e-05,3e-13,5e-10,1.5e-10,0.0792,24300000000.0,987000000.0,11.54,-84.42
3.4e-05,2.5e-05,3e-13,5e-10,2e-10,0.0792,24300000000.0,983000000.0,11.54,-84.88
3.4e-05,2.5e-05,3e-13,5e-10,2.5e-10,0.0792,24300000000.0,980000000.0,11.54,-85.26
3.4e-05,2.5e-05,4e-13,4e-10,1e-10,0.0792,26500000000.0,1110000000.0,11.01,-87.09
3.4e-05,2.5e-05,4e-13,4e-10,5e-11,0.0792,26500000000.0,1110000000.0,11.01,-79.61
3.4e-05,2.5e-05,4e-13,4e-10,1.5e-10,0.0792,26500000000.0,1130000000.0,11.01,-86.84
3.4e-05,2.5e-05,4e-13,4e-10,2e-10,0.0792,26500000000.0,1120000000.0,11.01,-87.02
3.4e-05,2.5e-05,4e-13,4e-10,2.5e-10,0.0792,26500000000.0,1110000000.0,11.01,-87.21
3.4e-05,2.5e-05,4e-13,3e-10,1e-10,0.0792,29900000000.0,1310000000.0,10.27,-92.17
3.4e-05,2.5e-05,4e-13,3e-10,5e-11,0.0792,29900000000.0,1310000000.0,10.27,-92.47
3.4e-05,2.5e-05,4e-13,3e-10,1.5e-10,0.0792,29900000000.0,1310000000.0,10.27,-92.37
3.4e-05,2.5e-05,4e-13,3e-10,2e-10,0.0792,29900000000.0,1310000000.0,10.27,-92.26
3.4e-05,2.5e-05,4e-13,3e-10,2.5e-10,0.0792,29900000000.0,1310000000.0,10.27,-92.29
3.4e-05,2.5e-05,4e-13,3.5e-10,1e-10,0.0792,28000000000.0,1200000000.0,10.68,-89.1
3.4e-05,2.5e-05,4e-13,3.5e-10,1.5e-10,0.0792,28000000000.0,1210000000.0,10.68,-89.43
3.4e-05,2.5e-05,4e-13,3.5e-10,2e-10,0.0792,28000000000.0,1200000000.0,10.68,-87.08
3.4e-05,2.5e-05,4e-13,3.5e-10,2.5e-10,0.0792,28000000000.0,1200000000.0,10.68,-89.25
3.4e-05,2.5e-05,4e-13,4.5e-10,1e-10,0.0792,25300000000.0,1050000000.0,11.29,-86.23
3.4e-05,2.5e-05,4e-13,4.5e-10,5e-11,0.0792,25300000000.0,1040000000.0,11.29,-85.85
3.4e-05,2.5e-05,4e-13,4.5e-10,1.5e-10,0.0792,25300000000.0,1040000000.0,11.29,-85.92
3.4e-05,2.5e-05,4e-13,4.5e-10,2e-10,0.0792,25300000000.0,1040000000.0,11.29,-85.57
3.4e-05,2.5e-05,4e-13,4.5e-10,2.5e-10,0.0792,25300000000.0,1040000000.0,11.29,-86.06
3.4e-05,2.5e-05,4e-13,5e-10,1e-10,0.0792,24300000000.0,980000000.0,11.54,-85.03
3.4e-05,2.5e-05,4e-13,5e-10,1.5e-10,0.0792,24300000000.0,988000000.0,11.55,-78.96
3.4e-05,2.5e-05,4e-13,5e-10,2e-10,0.0792,24300000000.0,989000000.0,11.55,-85.46
3.4e-05,2.5e-05,4e-13,5e-10,2.5e-10,0.0792,24300000000.0,983000000.0,11.54,-85.07
3.4e-05,2.5e-05,6e-13,4e-10,1e-10,0.0792,26500000000.0,1120000000.0,11.01,-87.24
3.4e-05,2.5e-05,6e-13,4e-10,5e-11,0.0792,26500000000.0,1110000000.0,11.01,-81.53
3.4e-05,2.5e-05,6e-13,4e-10,1.5e-10,0.0792,26500000000.0,1100000000.0,11.01,-87.04
3.4e-05,2.5e-05,6e-13,4e-10,2e-10,0.0792,26500000000.0,1120000000.0,11.0,-87.18
3.4e-05,2.5e-05,6e-13,4e-10,2.5e-10,0.0792,26500000000.0,1120000000.0,11.01,-88.14
3.4e-05,2.5e-05,6e-13,3e-10,1e-10,0.0792,29900000000.0,1310000000.0,10.27,-92.53
3.4e-05,2.5e-05,6e-13,3e-10,5e-11,0.0792,29900000000.0,1310000000.0,10.27,-92.25
3.4e-05,2.5e-05,6e-13,3e-10,2e-10,0.0792,29900000000.0,1310000000.0,10.27,-92.35
3.4e-05,2.5e-05,6e-13,3e-10,2.5e-10,0.0792,29900000000.0,1310000000.0,10.27,-92.48
3.4e-05,2.5e-05,6e-13,3.5e-10,1e-10,0.0792,28000000000.0,1200000000.0,10.68,-89.82
3.4e-05,2.5e-05,6e-13,3.5e-10,5e-11,0.0792,28000000000.0,1200000000.0,10.68,-89.26
3.4e-05,2.5e-05,6e-13,3.5e-10,1.5e-10,0.0792,28000000000.0,1200000000.0,10.68,-89.61
3.4e-05,2.5e-05,6e-13,3.5e-10,2e-10,0.0792,28000000000.0,1200000000.0,10.68,-87.76
3.4e-05,2.5e-05,6e-13,3.5e-10,2.5e-10,0.0792,28000000000.0,1200000000.0,10.68,-88.8
3.4e-05,2.5e-05,6e-13,4.5e-10,1e-10,0.0792,25300000000.0,1040000000.0,11.29,-85.43
3.4e-05,2.5e-05,6e-13,4.5e-10,5e-11,0.0792,25300000000.0,1050000000.0,11.29,-86.75
3.4e-05,2.5e-05,6e-13,4.5e-10,1.5e-10,0.0792,25300000000.0,1050000000.0,11.29,-83.5
3.4e-05,2.5e-05,6e-13,4.5e-10,2e-10,0.0792,25300000000.0,1050000000.0,11.29,-85.96
3.4e-05,2.5e-05,6e-13,4.5e-10,2.5e-10,0.0792,25300000000.0,1060000000.0,11.29,-85.93
3.4e-05,2.5e-05,6e-13,5e-10,1e-10,0.0792,24300000000.0,982000000.0,11.54,-85.18
3.4e-05,2.5e-05,6e-13,5e-10,5e-11,0.0792,24300000000.0,986000000.0,11.54,-84.9
3.4e-05,2.5e-05,6e-13,5e-10,1.5e-10,0.0792,24300000000.0,984000000.0,11.55,-84.8
3.4e-05,2.5e-05,6e-13,5e-10,2e-10,0.0792,24300000000.0,985000000.0,11.54,-84.86
3.4e-05,2.5e-05,6e-13,5e-10,2.5e-10,0.0792,24300000000.0,986000000.0,11.54,-84.99
3.4e-05,2.5e-05,7e-13,4e-10,1e-10,0.0792,26500000000.0,1120000000.0,11.01,-88.11
3.4e-05,2.5e-05,7e-13,4e-10,5e-11,0.0792,26500000000.0,1130000000.0,11.01,-86.64
3.4e-05,2.5e-05,7e-13,4e-10,1.5e-10,0.0792,26500000000.0,1110000000.0,11.01,-87.19
3.4e-05,2.5e-05,7e-13,4e-10,2e-10,0.0792,26500000000.0,1130000000.0,11.01,-87.17
3.4e-05,2.5e-05,7e-13,4e-10,2.5e-10,0.0792,26500000000.0,1120000000.0,11.01,-84.28
3.4e-05,2.5e-05,7e-13,3e-10,1e-10,0.0792,29900000000.0,1310000000.0,10.27,-92.52
3.4e-05,2.5e-05,7e-13,3e-10,2e-10,0.0792,29900000000.0,1310000000.0,10.27,-92.45
3.4e-05,2.5e-05,7e-13,3e-10,2.5e-10,0.0792,29900000000.0,1310000000.0,10.27,-92.62
3.4e-05,2.5e-05,7e-13,3.5e-10,1e-10,0.0792,28000000000.0,1200000000.0,10.68,-88.98
3.4e-05,2.5e-05,7e-13,3.5e-10,5e-11,0.0792,28000000000.0,1200000000.0,10.68,-89.44
3.4e-05,2.5e-05,7e-13,3.5e-10,1.5e-10,0.0792,28000000000.0,1200000000.0,10.68,-89.46
3.4e-05,2.5e-05,7e-13,3.5e-10,2e-10,0.0792,28000000000.0,1200000000.0,10.68,-90.01
3.4e-05,2.5e-05,7e-13,3.5e-10,2.5e-10,0.0792,28000000000.0,1200000000.0,10.68,-89.35
3.4e-05,2.5e-05,7e-13,4.5e-10,1e-10,0.0792,25300000000.0,1030000000.0,11.29,-86.2
3.4e-05,2.5e-05,7e-13,4.5e-10,1.5e-10,0.0792,25300000000.0,1050000000.0,11.29,-85.77
3.4e-05,2.5e-05,7e-13,4.5e-10,2e-10,0.0792,25300000000.0,1050000000.0,11.29,-86.08
3.4e-05,2.5e-05,7e-13,5e-10,1e-10,0.0792,24300000000.0,991000000.0,11.54,-85.09
3.4e-05,2.5e-05,7e-13,5e-10,5e-11,0.0792,24300000000.0,988000000.0,11.55,-84.81
3.4e-05,2.5e-05,7e-13,5e-10,1.5e-10,0.0792,24300000000.0,985000000.0,11.54,-84.92
3.4e-05,2.5e-05,7e-13,5e-10,2e-10,0.0792,24300000000.0,986000000.0,11.55,-84.8
3.4e-05,2.5e-05,7e-13,5e-10,2.5e-10,0.0792,24300000000.0,990000000.0,11.55,-84.63
3.5e-05,5e-06,5e-13,4e-10,1e-10,0.0815,28300000000.0,653000000.0,10.91,-92.67
3.5e-05,5e-06,5e-13,4e-10,5e-11,0.0815,28300000000.0,649000000.0,10.91,-92.62
3.5e-05,5e-06,5e-13,4e-10,1.5e-10,0.0815,28300000000.0,653000000.0,10.91,-92.71
3.5e-05,5e-06,5e-13,4e-10,2.5e-10,0.0815,28300000000.0,650000000.0,10.91,-92.39
3.5e-05,5e-06,5e-13,3e-10,1e-10,0.0815,32100000000.0,804000000.0,10.28,-89.19
3.5e-05,5e-06,5e-13,3e-10,5e-11,0.0815,32100000000.0,802000000.0,10.28,-89.5
3.5e-05,5e-06,5e-13,3e-10,1.5e-10,0.0815,32100000000.0,804000000.0,10.28,-89.23
3.5e-05,5e-06,5e-13,3e-10,2e-10,0.0815,32100000000.0,804000000.0,10.28,-89.13
3.5e-05,5e-06,5e-13,3e-10,2.5e-10,0.0815,32100000000.0,803000000.0,10.28,-89.14
3.5e-05,5e-06,5e-13,3.5e-10,1e-10,0.0815,29900000000.0,715000000.0,10.64,-93.47
3.5e-05,5e-06,5e-13,3.5e-10,5e-11,0.0815,29900000000.0,713000000.0,10.64,-93.49
3.5e-05,5e-06,5e-13,3.5e-10,1.5e-10,0.0815,29900000000.0,713000000.0,10.64,-93.25
3.5e-05,5e-06,5e-13,3.5e-10,2e-10,0.0815,29900000000.0,713000000.0,10.64,-93.4
3.5e-05,5e-06,5e-13,3.5e-10,2.5e-10,0.0815,29900000000.0,713000000.0,10.64,-93.41
3.5e-05,5e-06,5e-13,4.5e-10,1e-10,0.0815,27000000000.0,603000000.0,11.14,-89.89
3.5e-05,5e-06,5e-13,4.5e-10,5e-11,0.0815,27000000000.0,604000000.0,11.14,-90.12
3.5e-05,5e-06,5e-13,4.5e-10,1.5e-10,0.0815,27000000000.0,605000000.0,11.14,-91.03
3.5e-05,5e-06,5e-13,4.5e-10,2e-10,0.0815,27000000000.0,605000000.0,11.14,-91.04
3.5e-05,5e-06,5e-13,4.5e-10,2.5e-10,0.0815,27000000000.0,601000000.0,11.14,-90.23
3.5e-05,5e-06,5e-13,5e-10,1e-10,0.0815,26000000000.0,567000000.0,11.34,-88.07
3.5e-05,5e-06,5e-13,5e-10,5e-11,0.0815,26000000000.0,567000000.0,11.34,-88.29
3.5e-05,5e-06,5e-13,5e-10,1.5e-10,0.0815,26000000000.0,568000000.0,11.34,-88.24
3.5e-05,5e-06,5e-13,5e-10,2e-10,0.0815,26000000000.0,568000000.0,11.34,-88.36
3.5e-05,5e-06,5e-13,5e-10,2.5e-10,0.0815,26000000000.0,568000000.0,11.34,-88.34
3.5e-05,5e-06,3e-13,4e-10,1e-10,0.0815,28300000000.0,648000000.0,10.91,-92.64
3.5e-05,5e-06,3e-13,4e-10,5e-11,0.0815,28300000000.0,651000000.0,10.91,-92.38
3.5e-05,5e-06,3e-13,4e-10,1.5e-10,0.0815,28300000000.0,649000000.0,10.91,-92.55
3.5e-05,5e-06,3e-13,4e-10,2e-10,0.0815,28300000000.0,652000000.0,10.91,-92.28
3.5e-05,5e-06,3e-13,4e-10,2.5e-10,0.0815,28300000000.0,651000000.0,10.91,-92.44
3.5e-05,5e-06,3e-13,3e-10,1e-10,0.0815,32100000000.0,803000000.0,10.29,-89.44
3.5e-05,5e-06,3e-13,3e-10,5e-11,0.0815,32100000000.0,802000000.0,10.29,-89.56
3.5e-05,5e-06,3e-13,3e-10,1.5e-10,0.0815,32100000000.0,803000000.0,10.29,-89.48
3.5e-05,5e-06,3e-13,3e-10,2e-10,0.0815,32100000000.0,802000000.0,10.28,-89.32
3.5e-05,5e-06,3e-13,3e-10,2.5e-10,0.0815,32100000000.0,802000000.0,10.29,-89.37
3.5e-05,5e-06,3e-13,3.5e-10,1e-10,0.0815,29900000000.0,714000000.0,10.64,-93.49
3.5e-05,5e-06,3e-13,3.5e-10,5e-11,0.0815,29900000000.0,715000000.0,10.64,-93.55
3.5e-05,5e-06,3e-13,3.5e-10,1.5e-10,0.0815,29900000000.0,713000000.0,10.64,-93.52
3.5e-05,5e-06,3e-13,3.5e-10,2e-10,0.0815,29900000000.0,712000000.0,10.64,-93.48
3.5e-05,5e-06,3e-13,3.5e-10,2.5e-10,0.0815,29900000000.0,714000000.0,10.64,-93.36
3.5e-05,5e-06,3e-13,4.5e-10,1e-10,0.0815,27000000000.0,606000000.0,11.14,-89.72
3.5e-05,5e-06,3e-13,4.5e-10,5e-11,0.0815,27000000000.0,605000000.0,11.14,-88.14
3.5e-05,5e-06,3e-13,4.5e-10,1.5e-10,0.0815,27000000000.0,604000000.0,11.14,-90.02
3.5e-05,5e-06,3e-13,4.5e-10,2e-10,0.0815,27000000000.0,603000000.0,11.14,-89.91
3.5e-05,5e-06,3e-13,4.5e-10,2.5e-10,0.0815,27000000000.0,606000000.0,11.14,-90.37
3.5e-05,5e-06,3e-13,5e-10,1e-10,0.0815,26000000000.0,567000000.0,11.34,-88.03
3.5e-05,5e-06,3e-13,5e-10,5e-11,0.0815,26000000000.0,569000000.0,11.34,-88.27
3.5e-05,5e-06,3e-13,5e-10,1.5e-10,0.0815,26000000000.0,567000000.0,11.34,-87.91
3.5e-05,5e-06,3e-13,5e-10,2e-10,0.0815,26000000000.0,570000000.0,11.34,-87.55
3.5e-05,5e-06,3e-13,5e-10,2.5e-10,0.0815,26000000000.0,566000000.0,11.34,-88.05
3.5e-05,5e-06,4e-13,4e-10,5e-11,0.0815,28300000000.0,651000000.0,10.91,-92.4
3.5e-05,5e-06,4e-13,4e-10,1.5e-10,0.0815,28300000000.0,653000000.0,10.91,-92.66
3.5e-05,5e-06,4e-13,4e-10,2e-10,0.0815,28300000000.0,651000000.0,10.91,-92.49
3.5e-05,5e-06,4e-13,4e-10,2.5e-10,0.0815,28300000000.0,649000000.0,10.91,-92.42
3.5e-05,5e-06,4e-13,3e-10,1e-10,0.0815,32100000000.0,802000000.0,10.28,-89.54
3.5e-05,5e-06,4e-13,3e-10,5e-11,0.0815,32100000000.0,802000000.0,10.28,-89.63
3.5e-05,5e-06,4e-13,3e-10,1.5e-10,0.0815,32100000000.0,803000000.0,10.28,-89.35
3.5e-05,5e-06,4e-13,3e-10,2e-10,0.0815,32100000000.0,803000000.0,10.28,-89.09
3.5e-05,5e-06,4e-13,3e-10,2.5e-10,0.0815,32100000000.0,801000000.0,10.28,-89.27
3.5e-05,5e-06,4e-13,3.5e-10,1e-10,0.0815,29900000000.0,715000000.0,10.64,-93.33
3.5e-05,5e-06,4e-13,3.5e-10,5e-11,0.0815,29900000000.0,712000000.0,10.64,-93.07
3.5e-05,5e-06,4e-13,3.5e-10,1.5e-10,0.0815,29900000000.0,713000000.0,10.64,-92.84
3.5e-05,5e-06,4e-13,3.5e-10,2e-10,0.0815,29900000000.0,714000000.0,10.64,-93.33
3.5e-05,5e-06,4e-13,3.5e-10,2.5e-10,0.0815,29900000000.0,713000000.0,10.64,-93.44
3.5e-05,5e-06,4e-13,4.5e-10,1e-10,0.0815,27000000000.0,603000000.0,11.14,-89.93
3.5e-05,5e-06,4e-13,4.5e-10,5e-11,0.0815,27000000000.0,604000000.0,11.14,-89.8
3.5e-05,5e-06,4e-13,4.5e-10,1.5e-10,0.0815,27000000000.0,603000000.0,11.14,-89.72
3.5e-05,5e-06,4e-13,4.5e-10,2e-10,0.0815,27000000000.0,604000000.0,11.14,-89.2
3.5e-05,5e-06,4e-13,4.5e-10,2.5e-10,0.0815,27000000000.0,604000000.0,11.14,-90.07
3.5e-05,5e-06,4e-13,5e-10,1e-10,0.0815,26000000000.0,569000000.0,11.34,-88.39
3.5e-05,5e-06,4e-13,5e-10,5e-11,0.0815,26000000000.0,569000000.0,11.34,-88.36
3.5e-05,5e-06,4e-13,5e-10,1.5e-10,0.0815,26000000000.0,570000000.0,11.34,-87.45
3.5e-05,5e-06,4e-13,5e-10,2e-10,0.0815,26000000000.0,567000000.0,11.34,-88.08
3.5e-05,5e-06,4e-13,5e-10,2.5e-10,0.0815,26000000000.0,568000000.0,11.34,-88.2
3.5e-05,5e-06,6e-13,4e-10,1e-10,0.0815,28300000000.0,651000000.0,10.91,-92.52
3.5e-05,5e-06,6e-13,4e-10,5e-11,0.0815,28300000000.0,651000000.0,10.91,-92.68
3.5e-05,5e-06,6e-13,4e-10,1.5e-10,0.0815,28300000000.0,649000000.0,10.91,-88.97
3.5e-05,5e-06,6e-13,4e-10,2e-10,0.0815,28300000000.0,652000000.0,10.91,-92.42
3.5e-05,5e-06,6e-13,4e-10,2.5e-10,0.0815,28300000000.0,648000000.0,10.91,-92.97
3.5e-05,5e-06,6e-13,3e-10,1e-10,0.0815,32100000000.0,803000000.0,10.28,-89.36
3.5e-05,5e-06,6e-13,3e-10,5e-11,0.0815,32100000000.0,801000000.0,10.28,-89.59
3.5e-05,5e-06,6e-13,3e-10,1.5e-10,0.0815,32100000000.0,801000000.0,10.28,-89.46
3.5e-05,5e-06,6e-13,3e-10,2e-10,0.0815,32100000000.0,803000000.0,10.28,-89.33
3.5e-05,5e-06,6e-13,3e-10,2.5e-10,0.0815,32100000000.0,803000000.0,10.28,-89.19
3.5e-05,5e-06,6e-13,3.5e-10,1e-10,0.0815,29900000000.0,712000000.0,10.64,-93.46
3.5e-05,5e-06,6e-13,3.5e-10,5e-11,0.0815,29900000000.0,713000000.0,10.64,-93.42
3.5e-05,5e-06,6e-13,3.5e-10,1.5e-10,0.0815,29900000000.0,713000000.0,10.64,-93.43
3.5e-05,5e-06,6e-13,3.5e-10,2e-10,0.0815,29900000000.0,712000000.0,10.64,-93.5
3.5e-05,5e-06,6e-13,4.5e-10,1e-10,0.0815,27000000000.0,602000000.0,11.14,-89.81
3.5e-05,5e-06,6e-13,4.5e-10,5e-11,0.0815,27000000000.0,601000000.0,11.14,-89.94
3.5e-05,5e-06,6e-13,4.5e-10,1.5e-10,0.0815,27000000000.0,605000000.0,11.14,-90.03
3.5e-05,5e-06,6e-13,4.5e-10,2e-10,0.0815,27000000000.0,604000000.0,11.14,-89.99
3.5e-05,5e-06,6e-13,4.5e-10,2.5e-10,0.0815,27000000000.0,604000000.0,11.14,-89.34
3.5e-05,5e-06,6e-13,5e-10,1e-10,0.0815,26000000000.0,568000000.0,11.34,-87.46
3.5e-05,5e-06,6e-13,5e-10,1.5e-10,0.0815,26000000000.0,567000000.0,11.34,-87.95
3.5e-05,5e-06,6e-13,5e-10,2e-10,0.0815,26000000000.0,568000000.0,11.34,-88.22
3.5e-05,5e-06,6e-13,5e-10,2.5e-10,0.0815,26000000000.0,567000000.0,11.34,-87.84
3.5e-05,5e-06,7e-13,4e-10,1e-10,0.0815,28300000000.0,650000000.0,10.91,-92.42
3.5e-05,5e-06,7e-13,4e-10,5e-11,0.0815,28300000000.0,648000000.0,10.91,-92.09
3.5e-05,5e-06,7e-13,4e-10,1.5e-10,0.0815,28300000000.0,651000000.0,10.91,-92.64
3.5e-05,5e-06,7e-13,4e-10,2.5e-10,0.0815,28300000000.0,652000000.0,10.91,-87.06
3.5e-05,5e-06,7e-13,3e-10,1e-10,0.0815,32100000000.0,801000000.0,10.28,-89.57
3.5e-05,5e-06,7e-13,3e-10,5e-11,0.0815,32100000000.0,803000000.0,10.28,-89.26
3.5e-05,5e-06,7e-13,3e-10,2e-10,0.0815,32100000000.0,802000000.0,10.28,-89.31
3.5e-05,5e-06,7e-13,3e-10,2.5e-10,0.0815,32100000000.0,802000000.0,10.28,-89.34
3.5e-05,5e-06,7e-13,3.5e-10,1e-10,0.0815,29900000000.0,714000000.0,10.64,-93.29
3.5e-05,5e-06,7e-13,3.5e-10,5e-11,0.0815,29900000000.0,715000000.0,10.64,-93.24
3.5e-05,5e-06,7e-13,3.5e-10,1.5e-10,0.0815,29900000000.0,715000000.0,10.64,-93.45
3.5e-05,5e-06,7e-13,3.5e-10,2e-10,0.0815,29900000000.0,712000000.0,10.64,-92.81
3.5e-05,5e-06,7e-13,4.5e-10,1e-10,0.0815,27000000000.0,604000000.0,11.14,-90.36
3.5e-05,5e-06,7e-13,4.5e-10,5e-11,0.0815,27000000000.0,601000000.0,11.14,-89.96
3.5e-05,5e-06,7e-13,4.5e-10,1.5e-10,0.0815,27000000000.0,605000000.0,11.14,-89.6
3.5e-05,5e-06,7e-13,4.5e-10,2e-10,0.0815,27000000000.0,604000000.0,11.14,-90.01
3.5e-05,5e-06,7e-13,4.5e-10,2.5e-10,0.0815,27000000000.0,603000000.0,11.14,-89.95
3.5e-05,5e-06,7e-13,5e-10,1e-10,0.0815,26000000000.0,567000000.0,11.34,-88.16
3.5e-05,5e-06,7e-13,5e-10,1.5e-10,0.0815,26000000000.0,566000000.0,11.34,-88.19
3.5e-05,5e-06,7e-13,5e-10,2e-10,0.0815,26000000000.0,568000000.0,11.34,-88.25
3.5e-05,5e-06,7e-13,5e-10,2.5e-10,0.0815,26000000000.0,568000000.0,11.34,-88.29
3.5e-05,6e-06,5e-13,4e-10,1e-10,0.0815,28100000000.0,755000000.0,10.93,-92.62
3.5e-05,6e-06,5e-13,4e-10,5e-11,0.0815,28100000000.0,752000000.0,10.93,-92.05
3.5e-05,6e-06,5e-13,4e-10,1.5e-10,0.0815,28100000000.0,753000000.0,10.93,-92.46
3.5e-05,6e-06,5e-13,4e-10,2e-10,0.0815,28100000000.0,750000000.0,10.93,-92.0
3.5e-05,6e-06,5e-13,4e-10,2.5e-10,0.0815,28100000000.0,749000000.0,10.93,-92.91
3.5e-05,6e-06,5e-13,3e-10,1e-10,0.0815,31800000000.0,928000000.0,10.31,-90.08
3.5e-05,6e-06,5e-13,3e-10,5e-11,0.0815,31800000000.0,928000000.0,10.31,-89.59
3.5e-05,6e-06,5e-13,3e-10,1.5e-10,0.0815,31800000000.0,927000000.0,10.31,-89.79
3.5e-05,6e-06,5e-13,3e-10,2e-10,0.0815,31800000000.0,926000000.0,10.31,-89.95
3.5e-05,6e-06,5e-13,3e-10,2.5e-10,0.0815,31800000000.0,927000000.0,10.31,-89.73
3.5e-05,6e-06,5e-13,3.5e-10,1e-10,0.0815,29700000000.0,823000000.0,10.66,-93.74
3.5e-05,6e-06,5e-13,3.5e-10,5e-11,0.0815,29700000000.0,826000000.0,10.66,-93.7
3.5e-05,6e-06,5e-13,3.5e-10,1.5e-10,0.0815,29700000000.0,822000000.0,10.66,-93.71
3.5e-05,6e-06,5e-13,3.5e-10,2e-10,0.0815,29700000000.0,823000000.0,10.66,-93.59
3.5e-05,6e-06,5e-13,3.5e-10,2.5e-10,0.0815,29700000000.0,825000000.0,10.66,-93.45
3.5e-05,6e-06,5e-13,4.5e-10,1e-10,0.0815,26800000000.0,701000000.0,11.16,-90.23
3.5e-05,6e-06,5e-13,4.5e-10,5e-11,0.0815,26800000000.0,700000000.0,11.16,-90.04
3.5e-05,6e-06,5e-13,4.5e-10,1.5e-10,0.0815,26800000000.0,699000000.0,11.16,-89.95
3.5e-05,6e-06,5e-13,4.5e-10,2e-10,0.0815,26800000000.0,699000000.0,11.16,-90.02
3.5e-05,6e-06,5e-13,4.5e-10,2.5e-10,0.0815,26800000000.0,699000000.0,11.16,-89.85
3.5e-05,6e-06,5e-13,5e-10,1e-10,0.0815,25800000000.0,656000000.0,11.37,-88.17
3.5e-05,6e-06,5e-13,5e-10,5e-11,0.0815,25800000000.0,658000000.0,11.37,-88.11
3.5e-05,6e-06,5e-13,5e-10,1.5e-10,0.0815,25800000000.0,656000000.0,11.37,-88.15
3.5e-05,6e-06,5e-13,5e-10,2e-10,0.0815,25800000000.0,655000000.0,11.37,-87.96
3.5e-05,6e-06,5e-13,5e-10,2.5e-10,0.0815,25800000000.0,657000000.0,11.37,-88.56
3.5e-05,6e-06,3e-13,4e-10,1e-10,0.0815,28100000000.0,753000000.0,10.93,-92.52
3.5e-05,6e-06,3e-13,4e-10,5e-11,0.0815,28100000000.0,752000000.0,10.93,-92.28
3.5e-05,6e-06,3e-13,4e-10,1.5e-10,0.0815,28100000000.0,751000000.0,10.93,-92.3
3.5e-05,6e-06,3e-13,4e-10,2e-10,0.0815,28100000000.0,754000000.0,10.94,-92.37
3.5e-05,6e-06,3e-13,4e-10,2.5e-10,0.0815,28100000000.0,753000000.0,10.93,-92.06
3.5e-05,6e-06,3e-13,3e-10,1e-10,0.0815,31800000000.0,926000000.0,10.31,-90.17
3.5e-05,6e-06,3e-13,3e-10,5e-11,0.0815,31800000000.0,926000000.0,10.31,-89.87
3.5e-05,6e-06,3e-13,3e-10,1.5e-10,0.0815,31800000000.0,927000000.0,10.31,-89.48
3.5e-05,6e-06,3e-13,3e-10,2e-10,0.0815,31800000000.0,928000000.0,10.31,-89.89
3.5e-05,6e-06,3e-13,3e-10,2.5e-10,0.0815,31800000000.0,928000000.0,10.31,-89.8
3.5e-05,6e-06,3e-13,3.5e-10,1e-10,0.0815,29700000000.0,823000000.0,10.66,-93.73
3.5e-05,6e-06,3e-13,3.5e-10,5e-11,0.0815,29700000000.0,825000000.0,10.66,-93.76
3.5e-05,6e-06,3e-13,3.5e-10,1.5e-10,0.0815,29700000000.0,825000000.0,10.66,-93.46
3.5e-05,6e-06,3e-13,3.5e-10,2.5e-10,0.0815,29700000000.0,825000000.0,10.66,-93.63
3.5e-05,6e-06,3e-13,4.5e-10,1e-10,0.0815,26800000000.0,698000000.0,11.16,-89.87
3.5e-05,6e-06,3e-13,4.5e-10,5e-11,0.0815,26800000000.0,698000000.0,11.16,-89.77
3.5e-05,6e-06,3e-13,4.5e-10,1.5e-10,0.0815,26800000000.0,702000000.0,11.16,-90.18
3.5e-05,6e-06,3e-13,4.5e-10,2e-10,0.0815,26800000000.0,700000000.0,11.16,-90.01
3.5e-05,6e-06,3e-13,4.5e-10,2.5e-10,0.0815,26800000000.0,700000000.0,11.16,-90.11
3.5e-05,6e-06,3e-13,5e-10,1e-10,0.0815,25800000000.0,656000000.0,11.37,-88.21
3.5e-05,6e-06,3e-13,5e-10,5e-11,0.0815,25800000000.0,656000000.0,11.37,-87.81
3.5e-05,6e-06,3e-13,5e-10,1.5e-10,0.0815,25800000000.0,657000000.0,11.37,-88.07
3.5e-05,6e-06,3e-13,5e-10,2e-10,0.0815,25800000000.0,656000000.0,11.37,-87.86
3.5e-05,6e-06,3e-13,5e-10,2.5e-10,0.0815,25800000000.0,657000000.0,11.37,-88.4
3.5e-05,6e-06,4e-13,4e-10,1e-10,0.0815,28100000000.0,752000000.0,10.93,-92.45
3.5e-05,6e-06,4e-13,4e-10,5e-11,0.0815,28100000000.0,754000000.0,10.93,-92.19
3.5e-05,6e-06,4e-13,4e-10,1.5e-10,0.0815,28100000000.0,751000000.0,10.93,-92.38
3.5e-05,6e-06,4e-13,4e-10,2e-10,0.0815,28100000000.0,753000000.0,10.93,-92.34
3.5e-05,6e-06,4e-13,4e-10,2.5e-10,0.0815,28100000000.0,753000000.0,10.93,-88.45
3.5e-05,6e-06,4e-13,3e-10,1e-10,0.0815,31800000000.0,926000000.0,10.31,-89.96
3.5e-05,6e-06,4e-13,3e-10,5e-11,0.0815,31800000000.0,926000000.0,10.31,-90.12
3.5e-05,6e-06,4e-13,3e-10,1.5e-10,0.0815,31800000000.0,927000000.0,10.31,-89.85
3.5e-05,6e-06,4e-13,3e-10,2e-10,0.0815,31800000000.0,928000000.0,10.31,-89.58
3.5e-05,6e-06,4e-13,3e-10,2.5e-10,0.0815,31800000000.0,928000000.0,10.31,-89.75
3.5e-05,6e-06,4e-13,3.5e-10,1e-10,0.0815,29700000000.0,823000000.0,10.66,-93.61
3.5e-05,6e-06,4e-13,3.5e-10,5e-11,0.0815,29700000000.0,823000000.0,10.66,-93.75
3.5e-05,6e-06,4e-13,3.5e-10,1.5e-10,0.0815,29700000000.0,823000000.0,10.66,-93.72
3.5e-05,6e-06,4e-13,3.5e-10,2.5e-10,0.0815,29700000000.0,823000000.0,10.66,-93.76
3.5e-05,6e-06,4e-13,4.5e-10,1e-10,0.0815,26800000000.0,695000000.0,11.16,-89.81
3.5e-05,6e-06,4e-13,4.5e-10,5e-11,0.0815,26800000000.0,700000000.0,11.16,-90.14
3.5e-05,6e-06,4e-13,4.5e-10,1.5e-10,0.0815,26800000000.0,698000000.0,11.16,-89.99
3.5e-05,6e-06,4e-13,4.5e-10,2e-10,0.0815,26800000000.0,698000000.0,11.16,-89.02
3.5e-05,6e-06,4e-13,5e-10,1e-10,0.0815,25800000000.0,656000000.0,11.37,-88.13
3.5e-05,6e-06,4e-13,5e-10,1.5e-10,0.0815,25800000000.0,655000000.0,11.37,-87.92
3.5e-05,6e-06,4e-13,5e-10,2e-10,0.0815,25800000000.0,656000000.0,11.37,-88.31
3.5e-05,6e-06,4e-13,5e-10,2.5e-10,0.0815,25800000000.0,656000000.0,11.37,-87.84
3.5e-05,6e-06,6e-13,4e-10,1e-10,0.0815,28100000000.0,752000000.0,10.93,-92.36
3.5e-05,6e-06,6e-13,4e-10,5e-11,0.0815,28100000000.0,754000000.0,10.93,-92.39
3.5e-05,6e-06,6e-13,4e-10,1.5e-10,0.0815,28100000000.0,753000000.0,10.93,-92.42
3.5e-05,6e-06,6e-13,4e-10,2e-10,0.0815,28100000000.0,750000000.0,10.93,-92.23
3.5e-05,6e-06,6e-13,4e-10,2.5e-10,0.0815,28100000000.0,749000000.0,10.93,-92.23
3.5e-05,6e-06,6e-13,3e-10,1e-10,0.0815,31800000000.0,926000000.0,10.31,-89.93
3.5e-05,6e-06,6e-13,3e-10,1.5e-10,0.0815,31800000000.0,928000000.0,10.31,-89.65
3.5e-05,6e-06,6e-13,3e-10,2e-10,0.0815,31800000000.0,928000000.0,10.31,-89.64
3.5e-05,6e-06,6e-13,3e-10,2.5e-10,0.0815,31800000000.0,926000000.0,10.31,-89.91
3.5e-05,6e-06,6e-13,3.5e-10,1e-10,0.0815,29700000000.0,824000000.0,10.66,-93.6
3.5e-05,6e-06,6e-13,3.5e-10,5e-11,0.0815,29700000000.0,824000000.0,10.66,-93.63
3.5e-05,6e-06,6e-13,3.5e-10,2e-10,0.0815,29700000000.0,825000000.0,10.66,-93.69
3.5e-05,6e-06,6e-13,3.5e-10,2.5e-10,0.0815,29700000000.0,825000000.0,10.66,-93.7
3.5e-05,6e-06,6e-13,4.5e-10,1e-10,0.0815,26800000000.0,700000000.0,11.16,-90.08
3.5e-05,6e-06,6e-13,4.5e-10,1.5e-10,0.0815,26800000000.0,699000000.0,11.16,-90.04
3.5e-05,6e-06,6e-13,4.5e-10,2e-10,0.0815,26800000000.0,698000000.0,11.16,-89.56
3.5e-05,6e-06,6e-13,5e-10,5e-11,0.0815,25800000000.0,656000000.0,11.37,-88.08
3.5e-05,6e-06,6e-13,5e-10,1.5e-10,0.0815,25800000000.0,656000000.0,11.37,-88.24
3.5e-05,6e-06,6e-13,5e-10,2e-10,0.0815,25800000000.0,658000000.0,11.37,-88.08
3.5e-05,6e-06,6e-13,5e-10,2.5e-10,0.0815,25800000000.0,655000000.0,11.37,-88.14
3.5e-05,6e-06,7e-13,4e-10,1e-10,0.0815,28100000000.0,753000000.0,10.93,-85.53
3.5e-05,6e-06,7e-13,4e-10,5e-11,0.0815,28100000000.0,750000000.0,10.93,-92.25
3.5e-05,6e-06,7e-13,4e-10,1.5e-10,0.0815,28100000000.0,753000000.0,10.93,-92.35
3.5e-05,6e-06,7e-13,4e-10,2e-10,0.0815,28100000000.0,750000000.0,10.93,-92.24
3.5e-05,6e-06,7e-13,4e-10,2.5e-10,0.0815,28100000000.0,752000000.0,10.93,-92.63
3.5e-05,6e-06,7e-13,3e-10,1e-10,0.0815,31800000000.0,927000000.0,10.31,-89.77
3.5e-05,6e-06,7e-13,3e-10,5e-11,0.0815,31800000000.0,927000000.0,10.31,-90.16
3.5e-05,6e-06,7e-13,3e-10,2e-10,0.0815,31800000000.0,928000000.0,10.31,-89.69
3.5e-05,6e-06,7e-13,3e-10,2.5e-10,0.0815,31800000000.0,928000000.0,10.31,-89.71
3.5e-05,6e-06,7e-13,3.5e-10,1e-10,0.0815,29700000000.0,825000000.0,10.66,-93.55
3.5e-05,6e-06,7e-13,3.5e-10,1.5e-10,0.0815,29700000000.0,822000000.0,10.66,-93.7
3.5e-05,6e-06,7e-13,3.5e-10,2e-10,0.0815,29700000000.0,827000000.0,10.66,-93.5
3.5e-05,6e-06,7e-13,3.5e-10,2.5e-10,0.0815,29700000000.0,825000000.0,10.66,-93.6
3.5e-05,6e-06,7e-13,4.5e-10,1e-10,0.0815,26800000000.0,698000000.0,11.16,-89.94
3.5e-05,6e-06,7e-13,4.5e-10,5e-11,0.0815,26800000000.0,696000000.0,11.16,-89.51
3.5e-05,6e-06,7e-13,4.5e-10,1.5e-10,0.0815,26800000000.0,699000000.0,11.16,-89.87
3.5e-05,6e-06,7e-13,4.5e-10,2e-10,0.0815,26800000000.0,701000000.0,11.16,-88.88
3.5e-05,6e-06,7e-13,4.5e-10,2.5e-10,0.0815,26800000000.0,698000000.0,11.16,-89.88
3.5e-05,6e-06,7e-13,5e-10,1e-10,0.0815,25800000000.0,656000000.0,11.37,-88.22
3.5e-05,6e-06,7e-13,5e-10,5e-11,0.0815,25800000000.0,658000000.0,11.37,-88.36
3.5e-05,6e-06,7e-13,5e-10,1.5e-10,0.0815,25800000000.0,655000000.0,11.37,-87.99
3.5e-05,6e-06,7e-13,5e-10,2e-10,0.0815,25800000000.0,657000000.0,11.37,-88.22
3.5e-05,6e-06,7e-13,5e-10,2.5e-10,0.0815,25800000000.0,657000000.0,11.37,-88.26
3.5e-05,7e-06,5e-13,4e-10,1e-10,0.0815,27900000000.0,846000000.0,10.96,-92.42
3.5e-05,7e-06,5e-13,4e-10,5e-11,0.0815,27900000000.0,844000000.0,10.96,-92.27
3.5e-05,7e-06,5e-13,4e-10,1.5e-10,0.0815,27900000000.0,843000000.0,10.96,-92.64
3.5e-05,7e-06,5e-13,4e-10,2e-10,0.0815,27900000000.0,841000000.0,10.96,-91.86
3.5e-05,7e-06,5e-13,4e-10,2.5e-10,0.0815,27900000000.0,844000000.0,10.96,-92.34
3.5e-05,7e-06,5e-13,3e-10,1e-10,0.0815,31600000000.0,1040000000.0,10.34,-90.29
3.5e-05,7e-06,5e-13,3e-10,5e-11,0.0815,31600000000.0,1040000000.0,10.34,-90.21
3.5e-05,7e-06,5e-13,3e-10,1.5e-10,0.0815,31600000000.0,1040000000.0,10.34,-90.24
3.5e-05,7e-06,5e-13,3e-10,2e-10,0.0815,31600000000.0,1040000000.0,10.34,-90.31
3.5e-05,7e-06,5e-13,3.5e-10,1e-10,0.0815,29500000000.0,922000000.0,10.68,-93.89
3.5e-05,7e-06,5e-13,3.5e-10,5e-11,0.0815,29500000000.0,928000000.0,10.69,-93.77
3.5e-05,7e-06,5e-13,3.5e-10,1.5e-10,0.0815,29500000000.0,926000000.0,10.69,-93.87
3.5e-05,7e-06,5e-13,3.5e-10,2e-10,0.0815,29500000000.0,927000000.0,10.69,-93.87
3.5e-05,7e-06,5e-13,3.5e-10,2.5e-10,0.0815,29500000000.0,926000000.0,10.69,-93.81
3.5e-05,7e-06,5e-13,4.5e-10,1e-10,0.0815,26700000000.0,783000000.0,11.19,-89.87
3.5e-05,7e-06,5e-13,4.5e-10,5e-11,0.0815,26700000000.0,783000000.0,11.19,-89.8
3.5e-05,7e-06,5e-13,4.5e-10,1.5e-10,0.0815,26700000000.0,786000000.0,11.19,-89.92
3.5e-05,7e-06,5e-13,4.5e-10,2e-10,0.0815,26700000000.0,784000000.0,11.19,-89.65
3.5e-05,7e-06,5e-13,4.5e-10,2.5e-10,0.0815,26700000000.0,784000000.0,11.19,-89.79
3.5e-05,7e-06,5e-13,5e-10,1e-10,0.0815,25600000000.0,738000000.0,11.39,-88.32
3.5e-05,7e-06,5e-13,5e-10,5e-11,0.0815,25600000000.0,735000000.0,11.4,-88.18
3.5e-05,7e-06,5e-13,5e-10,1.5e-10,0.0815,25600000000.0,736000000.0,11.4,-87.78
3.5e-05,7e-06,5e-13,5e-10,2e-10,0.0815,25600000000.0,737000000.0,11.4,-88.05
3.5e-05,7e-06,5e-13,5e-10,2.5e-10,0.0815,25600000000.0,737000000.0,11.39,-88.19
3.5e-05,7e-06,3e-13,4e-10,1e-10,0.0815,27900000000.0,841000000.0,10.96,-91.89
3.5e-05,7e-06,3e-13,4e-10,5e-11,0.0815,27900000000.0,841000000.0,10.96,-91.76
3.5e-05,7e-06,3e-13,4e-10,1.5e-10,0.0815,27900000000.0,842000000.0,10.96,-91.8
3.5e-05,7e-06,3e-13,4e-10,2e-10,0.0815,27900000000.0,845000000.0,10.96,-92.22
3.5e-05,7e-06,3e-13,4e-10,2.5e-10,0.0815,27900000000.0,845000000.0,10.96,-87.11
3.5e-05,7e-06,3e-13,3e-10,1e-10,0.0815,31600000000.0,1040000000.0,10.34,-90.73
3.5e-05,7e-06,3e-13,3e-10,5e-11,0.0815,31600000000.0,1040000000.0,10.34,-90.66
3.5e-05,7e-06,3e-13,3e-10,1.5e-10,0.0815,31600000000.0,1040000000.0,10.34,-90.55
3.5e-05,7e-06,3e-13,3e-10,2e-10,0.0815,31600000000.0,1040000000.0,10.34,-90.5
3.5e-05,7e-06,3e-13,3e-10,2.5e-10,0.0815,31600000000.0,1040000000.0,10.34,-90.37
3.5e-05,7e-06,3e-13,3.5e-10,1e-10,0.0815,29500000000.0,925000000.0,10.69,-93.89
3.5e-05,7e-06,3e-13,3.5e-10,1.5e-10,0.0815,29500000000.0,922000000.0,10.69,-93.9
3.5e-05,7e-06,3e-13,3.5e-10,2e-10,0.0815,29500000000.0,922000000.0,10.69,-93.44
3.5e-05,7e-06,3e-13,3.5e-10,2.5e-10,0.0815,29500000000.0,927000000.0,10.69,-93.85
3.5e-05,7e-06,3e-13,4.5e-10,1e-10,0.0815,26700000000.0,781000000.0,11.19,-89.7
3.5e-05,7e-06,3e-13,4.5e-10,5e-11,0.0815,26700000000.0,783000000.0,11.19,-85.12
3.5e-05,7e-06,3e-13,4.5e-10,1.5e-10,0.0815,26700000000.0,783000000.0,11.19,-89.86
3.5e-05,7e-06,3e-13,4.5e-10,2e-10,0.0815,26700000000.0,787000000.0,11.19,-89.54
3.5e-05,7e-06,3e-13,4.5e-10,2.5e-10,0.0815,26700000000.0,787000000.0,11.19,-89.85
3.5e-05,7e-06,3e-13,5e-10,1e-10,0.0815,25600000000.0,739000000.0,11.39,-88.01
3.5e-05,7e-06,3e-13,5e-10,5e-11,0.0815,25600000000.0,737000000.0,11.4,-87.92
3.5e-05,7e-06,3e-13,5e-10,1.5e-10,0.0815,25600000000.0,735000000.0,11.4,-88.14
3.5e-05,7e-06,3e-13,5e-10,2e-10,0.0815,25600000000.0,737000000.0,11.4,-88.03
3.5e-05,7e-06,3e-13,5e-10,2.5e-10,0.0815,25600000000.0,738000000.0,11.39,-88.37
3.5e-05,7e-06,4e-13,4e-10,1e-10,0.0815,27900000000.0,844000000.0,10.96,-92.16
3.5e-05,7e-06,4e-13,4e-10,5e-11,0.0815,27900000000.0,845000000.0,10.96,-90.26
3.5e-05,7e-06,4e-13,4e-10,1.5e-10,0.0815,27900000000.0,843000000.0,10.96,-92.16
3.5e-05,7e-06,4e-13,4e-10,2e-10,0.0815,27900000000.0,845000000.0,10.96,-92.23
3.5e-05,7e-06,4e-13,4e-10,2.5e-10,0.0815,27900000000.0,845000000.0,10.96,-92.31
3.5e-05,7e-06,4e-13,3e-10,1e-10,0.0815,31600000000.0,1040000000.0,10.34,-90.08
3.5e-05,7e-06,4e-13,3e-10,5e-11,0.0815,31600000000.0,1040000000.0,10.34,-90.33
3.5e-05,7e-06,4e-13,3e-10,1.5e-10,0.0815,31600000000.0,1040000000.0,10.34,-90.23
3.5e-05,7e-06,4e-13,3e-10,2e-10,0.0815,31600000000.0,1040000000.0,10.34,-90.48
3.5e-05,7e-06,4e-13,3e-10,2.5e-10,0.0815,31600000000.0,1040000000.0,10.34,-90.26
3.5e-05,7e-06,4e-13,3.5e-10,5e-11,0.0815,29500000000.0,928000000.0,10.69,-93.79
3.5e-05,7e-06,4e-13,3.5e-10,2e-10,0.0815,29500000000.0,927000000.0,10.69,-93.76
3.5e-05,7e-06,4e-13,3.5e-10,2.5e-10,0.0815,29500000000.0,928000000.0,10.69,-93.85
3.5e-05,7e-06,4e-13,4.5e-10,1e-10,0.0815,26700000000.0,783000000.0,11.19,-89.7
3.5e-05,7e-06,4e-13,4.5e-10,5e-11,0.0815,26700000000.0,784000000.0,11.19,-89.38
3.5e-05,7e-06,4e-13,4.5e-10,1.5e-10,0.0815,26700000000.0,786000000.0,11.19,-90.15
3.5e-05,7e-06,4e-13,4.5e-10,2.5e-10,0.0815,26700000000.0,781000000.0,11.19,-90.27
3.5e-05,7e-06,4e-13,5e-10,5e-11,0.0815,25600000000.0,735000000.0,11.4,-87.93
3.5e-05,7e-06,4e-13,5e-10,1.5e-10,0.0815,25600000000.0,737000000.0,11.4,-87.86
3.5e-05,7e-06,4e-13,5e-10,2e-10,0.0815,25600000000.0,735000000.0,11.4,-87.86
3.5e-05,7e-06,4e-13,5e-10,2.5e-10,0.0815,25600000000.0,737000000.0,11.4,-88.07
3.5e-05,7e-06,6e-13,4e-10,1e-10,0.0815,27900000000.0,844000000.0,10.96,-92.24
3.5e-05,7e-06,6e-13,4e-10,5e-11,0.0815,27900000000.0,840000000.0,10.96,-91.93
3.5e-05,7e-06,6e-13,4e-10,2e-10,0.0815,27900000000.0,845000000.0,10.96,-92.25
3.5e-05,7e-06,6e-13,4e-10,2.5e-10,0.0815,27900000000.0,844000000.0,10.96,-92.25
3.5e-05,7e-06,6e-13,3e-10,1e-10,0.0815,31600000000.0,1040000000.0,10.34,-90.39
3.5e-05,7e-06,6e-13,3e-10,5e-11,0.0815,31600000000.0,1040000000.0,10.34,-90.16
3.5e-05,7e-06,6e-13,3e-10,1.5e-10,0.0815,31600000000.0,1040000000.0,10.34,-90.25
3.5e-05,7e-06,6e-13,3e-10,2e-10,0.0815,31600000000.0,1040000000.0,10.34,-90.13
3.5e-05,7e-06,6e-13,3.5e-10,1e-10,0.0815,29500000000.0,927000000.0,10.69,-93.86
3.5e-05,7e-06,6e-13,3.5e-10,5e-11,0.0815,29500000000.0,925000000.0,10.69,-93.87
3.5e-05,7e-06,6e-13,3.5e-10,1.5e-10,0.0815,29500000000.0,926000000.0,10.69,-93.83
3.5e-05,7e-06,6e-13,3.5e-10,2e-10,0.0815,29500000000.0,922000000.0,10.68,-93.37
3.5e-05,7e-06,6e-13,3.5e-10,2.5e-10,0.0815,29500000000.0,927000000.0,10.69,-93.82
3.5e-05,7e-06,6e-13,4.5e-10,1e-10,0.0815,26700000000.0,786000000.0,11.19,-89.93
3.5e-05,7e-06,6e-13,4.5e-10,5e-11,0.0815,26700000000.0,782000000.0,11.19,-89.74
3.5e-05,7e-06,6e-13,4.5e-10,1.5e-10,0.0815,26700000000.0,784000000.0,11.19,-89.96
3.5e-05,7e-06,6e-13,4.5e-10,2e-10,0.0815,26700000000.0,782000000.0,11.19,-89.75
3.5e-05,7e-06,6e-13,4.5e-10,2.5e-10,0.0815,26700000000.0,782000000.0,11.19,-89.55
3.5e-05,7e-06,6e-13,5e-10,1e-10,0.0815,25600000000.0,736000000.0,11.4,-87.9
3.5e-05,7e-06,6e-13,5e-10,5e-11,0.0815,25600000000.0,737000000.0,11.4,-88.06
3.5e-05,7e-06,6e-13,5e-10,1.5e-10,0.0815,25600000000.0,734000000.0,11.4,-87.83
3.5e-05,7e-06,6e-13,5e-10,2e-10,0.0815,25600000000.0,737000000.0,11.4,-88.01
3.5e-05,7e-06,6e-13,5e-10,2.5e-10,0.0815,25600000000.0,737000000.0,11.39,-89.13
3.5e-05,7e-06,7e-13,4e-10,1e-10,0.0815,27900000000.0,841000000.0,10.96,-92.41
3.5e-05,7e-06,7e-13,4e-10,5e-11,0.0815,27900000000.0,840000000.0,10.96,-92.16
3.5e-05,7e-06,7e-13,4e-10,1.5e-10,0.0815,27900000000.0,845000000.0,10.96,-92.03
3.5e-05,7e-06,7e-13,4e-10,2e-10,0.0815,27900000000.0,844000000.0,10.96,-91.67
3.5e-05,7e-06,7e-13,4e-10,2.5e-10,0.0815,27900000000.0,847000000.0,10.96,-92.52
3.5e-05,7e-06,7e-13,3e-10,1e-10,0.0815,31600000000.0,1040000000.0,10.34,-90.38
3.5e-05,7e-06,7e-13,3e-10,5e-11,0.0815,31600000000.0,1040000000.0,10.34,-90.12
3.5e-05,7e-06,7e-13,3e-10,1.5e-10,0.0815,31600000000.0,1040000000.0,10.34,-90.27
3.5e-05,7e-06,7e-13,3e-10,2.5e-10,0.0815,31600000000.0,1040000000.0,10.34,-90.32
3.5e-05,7e-06,7e-13,3.5e-10,1e-10,0.0815,29500000000.0,928000000.0,10.69,-93.84
3.5e-05,7e-06,7e-13,3.5e-10,5e-11,0.0815,29500000000.0,925000000.0,10.69,-93.86
3.5e-05,7e-06,7e-13,3.5e-10,1.5e-10,0.0815,29500000000.0,924000000.0,10.68,-93.88
3.5e-05,7e-06,7e-13,3.5e-10,2e-10,0.0815,29500000000.0,923000000.0,10.68,-93.82
3.5e-05,7e-06,7e-13,3.5e-10,2.5e-10,0.0815,29500000000.0,926000000.0,10.69,-93.85
3.5e-05,7e-06,7e-13,4.5e-10,1e-10,0.0815,26700000000.0,782000000.0,11.19,-89.45
3.5e-05,7e-06,7e-13,4.5e-10,5e-11,0.0815,26700000000.0,782000000.0,11.19,-89.57
3.5e-05,7e-06,7e-13,4.5e-10,1.5e-10,0.0815,26700000000.0,786000000.0,11.19,-89.88
3.5e-05,7e-06,7e-13,4.5e-10,2e-10,0.0815,26700000000.0,782000000.0,11.19,-89.82
3.5e-05,7e-06,7e-13,4.5e-10,2.5e-10,0.0815,26700000000.0,782000000.0,11.19,-84.94
3.5e-05,7e-06,7e-13,5e-10,1e-10,0.0815,25600000000.0,738000000.0,11.39,-88.34
3.5e-05,7e-06,7e-13,5e-10,5e-11,0.0815,25600000000.0,737000000.0,11.4,-88.02
3.5e-05,7e-06,7e-13,5e-10,1.5e-10,0.0815,25600000000.0,738000000.0,11.39,-87.72
3.5e-05,7e-06,7e-13,5e-10,2e-10,0.0815,25600000000.0,736000000.0,11.4,-88.08
3.5e-05,8e-06,5e-13,4e-10,1e-10,0.0815,27800000000.0,926000000.0,10.98,-91.66
3.5e-05,8e-06,5e-13,4e-10,5e-11,0.0815,27800000000.0,927000000.0,10.98,-91.75
3.5e-05,8e-06,5e-13,4e-10,1.5e-10,0.0815,27800000000.0,926000000.0,10.98,-92.39
3.5e-05,8e-06,5e-13,4e-10,2e-10,0.0815,27800000000.0,925000000.0,10.98,-91.91
3.5e-05,8e-06,5e-13,4e-10,2.5e-10,0.0815,27800000000.0,927000000.0,10.98,-92.12
3.5e-05,8e-06,5e-13,3e-10,1e-10,0.0815,31400000000.0,1140000000.0,10.36,-90.85
3.5e-05,8e-06,5e-13,3e-10,5e-11,0.0815,31400000000.0,1140000000.0,10.36,-90.94
3.5e-05,8e-06,5e-13,3e-10,1.5e-10,0.0815,31400000000.0,1140000000.0,10.36,-90.46
3.5e-05,8e-06,5e-13,3e-10,2e-10,0.0815,31400000000.0,1140000000.0,10.36,-90.39
3.5e-05,8e-06,5e-13,3e-10,2.5e-10,0.0815,31400000000.0,1140000000.0,10.36,-90.65
3.5e-05,8e-06,5e-13,3.5e-10,1e-10,0.0815,29300000000.0,1020000000.0,10.71,-94.0
3.5e-05,8e-06,5e-13,3.5e-10,5e-11,0.0815,29300000000.0,1020000000.0,10.71,-93.99
3.5e-05,8e-06,5e-13,3.5e-10,2.5e-10,0.0815,29300000000.0,1010000000.0,10.71,-94.01
3.5e-05,8e-06,5e-13,4.5e-10,1e-10,0.0815,26500000000.0,861000000.0,11.21,-89.68
3.5e-05,8e-06,5e-13,4.5e-10,5e-11,0.0815,26500000000.0,859000000.0,11.21,-89.55
3.5e-05,8e-06,5e-13,4.5e-10,1.5e-10,0.0815,26500000000.0,860000000.0,11.21,-89.95
3.5e-05,8e-06,5e-13,4.5e-10,2e-10,0.0815,26500000000.0,859000000.0,11.21,-89.89
3.5e-05,8e-06,5e-13,4.5e-10,2.5e-10,0.0815,26500000000.0,860000000.0,11.21,-88.21
3.5e-05,8e-06,5e-13,5e-10,1e-10,0.0815,25500000000.0,811000000.0,11.42,-88.2
3.5e-05,8e-06,5e-13,5e-10,5e-11,0.0815,25500000000.0,809000000.0,11.42,-87.96
3.5e-05,8e-06,5e-13,5e-10,1.5e-10,0.0815,25500000000.0,811000000.0,11.42,-87.41
3.5e-05,8e-06,5e-13,5e-10,2e-10,0.0815,25500000000.0,808000000.0,11.42,-88.06
3.5e-05,8e-06,5e-13,5e-10,2.5e-10,0.0815,25500000000.0,809000000.0,11.42,-88.29
3.5e-05,8e-06,3e-13,4e-10,1e-10,0.0815,27800000000.0,926000000.0,10.98,-92.12
3.5e-05,8e-06,3e-13,4e-10,5e-11,0.0815,27800000000.0,929000000.0,10.98,-92.1
3.5e-05,8e-06,3e-13,4e-10,1.5e-10,0.0815,27800000000.0,927000000.0,10.98,-92.07
3.5e-05,8e-06,3e-13,4e-10,2e-10,0.0815,27800000000.0,927000000.0,10.98,-92.08
3.5e-05,8e-06,3e-13,4e-10,2.5e-10,0.0815,27800000000.0,927000000.0,10.98,-91.69
3.5e-05,8e-06,3e-13,3e-10,1e-10,0.0815,31400000000.0,1140000000.0,10.36,-90.79
3.5e-05,8e-06,3e-13,3e-10,5e-11,0.0815,31400000000.0,1140000000.0,10.36,-90.96
3.5e-05,8e-06,3e-13,3e-10,1.5e-10,0.0815,31400000000.0,1140000000.0,10.36,-90.89
3.5e-05,8e-06,3e-13,3e-10,2e-10,0.0815,31400000000.0,1140000000.0,10.36,-90.83
3.5e-05,8e-06,3e-13,3e-10,2.5e-10,0.0815,31400000000.0,1140000000.0,10.36,-90.78
3.5e-05,8e-06,3e-13,3.5e-10,1e-10,0.0815,29400000000.0,1020000000.0,10.71,-94.02
3.5e-05,8e-06,3e-13,3.5e-10,5e-11,0.0815,29400000000.0,1020000000.0,10.71,-94.0
3.5e-05,8e-06,3e-13,3.5e-10,2e-10,0.0815,29400000000.0,1020000000.0,10.71,-93.99
3.5e-05,8e-06,3e-13,4.5e-10,1e-10,0.0815,26500000000.0,861000000.0,11.21,-89.8
3.5e-05,8e-06,3e-13,4.5e-10,5e-11,0.0815,26500000000.0,860000000.0,11.21,-89.57
3.5e-05,8e-06,3e-13,4.5e-10,1.5e-10,0.0815,26500000000.0,861000000.0,11.21,-89.79
3.5e-05,8e-06,3e-13,4.5e-10,2e-10,0.0815,26500000000.0,862000000.0,11.21,-89.53
3.5e-05,8e-06,3e-13,4.5e-10,2.5e-10,0.0815,26500000000.0,860000000.0,11.21,-89.45
3.5e-05,8e-06,3e-13,5e-10,1e-10,0.0815,25500000000.0,811000000.0,11.42,-87.45
3.5e-05,8e-06,3e-13,5e-10,5e-11,0.0815,25500000000.0,810000000.0,11.42,-87.76
3.5e-05,8e-06,3e-13,5e-10,1.5e-10,0.0815,25500000000.0,809000000.0,11.42,-88.08
3.5e-05,8e-06,3e-13,5e-10,2e-10,0.0815,25500000000.0,809000000.0,11.42,-87.38
3.5e-05,8e-06,3e-13,5e-10,2.5e-10,0.0815,25500000000.0,808000000.0,11.42,-87.92
3.5e-05,8e-06,4e-13,4e-10,1e-10,0.0815,27800000000.0,925000000.0,10.98,-92.22
3.5e-05,8e-06,4e-13,4e-10,5e-11,0.0815,27800000000.0,926000000.0,10.98,-91.91
3.5e-05,8e-06,4e-13,4e-10,1.5e-10,0.0815,27800000000.0,926000000.0,10.98,-92.15
3.5e-05,8e-06,4e-13,4e-10,2e-10,0.0815,27800000000.0,926000000.0,10.98,-91.97
3.5e-05,8e-06,4e-13,4e-10,2.5e-10,0.0815,27800000000.0,928000000.0,10.98,-91.94
3.5e-05,8e-06,4e-13,3e-10,1e-10,0.0815,31400000000.0,1140000000.0,10.36,-90.97
3.5e-05,8e-06,4e-13,3e-10,2e-10,0.0815,31400000000.0,1140000000.0,10.36,-90.75
3.5e-05,8e-06,4e-13,3.5e-10,5e-11,0.0815,29300000000.0,1010000000.0,10.71,-93.98
3.5e-05,8e-06,4e-13,3.5e-10,2.5e-10,0.0815,29300000000.0,1010000000.0,10.71,-93.99
3.5e-05,8e-06,4e-13,4.5e-10,1e-10,0.0815,26500000000.0,857000000.0,11.21,-90.17
3.5e-05,8e-06,4e-13,4.5e-10,5e-11,0.0815,26500000000.0,860000000.0,11.21,-89.48
3.5e-05,8e-06,4e-13,4.5e-10,1.5e-10,0.0815,26500000000.0,860000000.0,11.21,-89.94
3.5e-05,8e-06,4e-13,4.5e-10,2.5e-10,0.0815,26500000000.0,859000000.0,11.21,-89.63
3.5e-05,8e-06,4e-13,5e-10,1e-10,0.0815,25500000000.0,809000000.0,11.42,-88.06
3.5e-05,8e-06,4e-13,5e-10,5e-11,0.0815,25500000000.0,809000000.0,11.42,-87.79
3.5e-05,8e-06,4e-13,5e-10,1.5e-10,0.0815,25500000000.0,808000000.0,11.42,-87.96
3.5e-05,8e-06,6e-13,4e-10,1e-10,0.0815,27800000000.0,924000000.0,10.98,-92.29
3.5e-05,8e-06,6e-13,4e-10,5e-11,0.0815,27800000000.0,929000000.0,10.98,-92.16
3.5e-05,8e-06,6e-13,4e-10,1.5e-10,0.0815,27800000000.0,929000000.0,10.98,-91.79
3.5e-05,8e-06,6e-13,4e-10,2e-10,0.0815,27800000000.0,928000000.0,10.98,-92.48
3.5e-05,8e-06,6e-13,4e-10,2.5e-10,0.0815,27800000000.0,927000000.0,10.98,-92.13
3.5e-05,8e-06,6e-13,3e-10,1e-10,0.0815,31400000000.0,1140000000.0,10.36,-90.86
3.5e-05,8e-06,6e-13,3e-10,5e-11,0.0815,31400000000.0,1140000000.0,10.36,-90.8
3.5e-05,8e-06,6e-13,3e-10,1.5e-10,0.0815,31400000000.0,1140000000.0,10.36,-90.38
3.5e-05,8e-06,6e-13,3e-10,2.5e-10,0.0815,31400000000.0,1140000000.0,10.36,-90.62
3.5e-05,8e-06,6e-13,3.5e-10,1.5e-10,0.0815,29300000000.0,1010000000.0,10.71,-93.93
3.5e-05,8e-06,6e-13,3.5e-10,2e-10,0.0815,29300000000.0,1020000000.0,10.71,-93.97
3.5e-05,8e-06,6e-13,4.5e-10,1e-10,0.0815,26500000000.0,863000000.0,11.21,-89.84
3.5e-05,8e-06,6e-13,4.5e-10,5e-11,0.0815,26500000000.0,860000000.0,11.21,-88.78
3.5e-05,8e-06,6e-13,4.5e-10,1.5e-10,0.0815,26500000000.0,858000000.0,11.21,-89.44
3.5e-05,8e-06,6e-13,4.5e-10,2e-10,0.0815,26500000000.0,863000000.0,11.21,-89.46
3.5e-05,8e-06,6e-13,4.5e-10,2.5e-10,0.0815,26500000000.0,859000000.0,11.21,-89.73
3.5e-05,8e-06,6e-13,5e-10,1e-10,0.0815,25500000000.0,809000000.0,11.42,-88.32
3.5e-05,8e-06,6e-13,5e-10,5e-11,0.0815,25500000000.0,808000000.0,11.42,-88.05
3.5e-05,8e-06,6e-13,5e-10,1.5e-10,0.0815,25500000000.0,807000000.0,11.42,-87.94
3.5e-05,8e-06,6e-13,5e-10,2e-10,0.0815,25500000000.0,808000000.0,11.42,-88.07
3.5e-05,8e-06,7e-13,4e-10,1e-10,0.0815,27800000000.0,928000000.0,10.98,-91.97
3.5e-05,8e-06,7e-13,4e-10,5e-11,0.0815,27800000000.0,924000000.0,10.98,-91.99
3.5e-05,8e-06,7e-13,4e-10,1.5e-10,0.0815,27800000000.0,928000000.0,10.98,-92.2
3.5e-05,8e-06,7e-13,4e-10,2e-10,0.0815,27800000000.0,930000000.0,10.98,-91.66
3.5e-05,8e-06,7e-13,4e-10,2.5e-10,0.0815,27800000000.0,923000000.0,10.98,-91.85
3.5e-05,8e-06,7e-13,3e-10,5e-11,0.0815,31400000000.0,1140000000.0,10.36,-90.6
3.5e-05,8e-06,7e-13,3e-10,1.5e-10,0.0815,31400000000.0,1140000000.0,10.36,-90.64
3.5e-05,8e-06,7e-13,3e-10,2e-10,0.0815,31400000000.0,1140000000.0,10.36,-90.56
3.5e-05,8e-06,7e-13,3e-10,2.5e-10,0.0815,31400000000.0,1140000000.0,10.36,-85.38
3.5e-05,8e-06,7e-13,3.5e-10,1.5e-10,0.0815,29300000000.0,1020000000.0,10.71,-94.01
3.5e-05,8e-06,7e-13,3.5e-10,2e-10,0.0815,29300000000.0,1010000000.0,10.71,-93.64
3.5e-05,8e-06,7e-13,3.5e-10,2.5e-10,0.0815,29300000000.0,1010000000.0,10.71,-94.0
3.5e-05,8e-06,7e-13,4.5e-10,1e-10,0.0815,26500000000.0,863000000.0,11.21,-89.73
3.5e-05,8e-06,7e-13,4.5e-10,5e-11,0.0815,26500000000.0,860000000.0,11.21,-88.27
3.5e-05,8e-06,7e-13,4.5e-10,1.5e-10,0.0815,26500000000.0,860000000.0,11.21,-89.62
3.5e-05,8e-06,7e-13,4.5e-10,2e-10,0.0815,26500000000.0,860000000.0,11.21,-88.22
3.5e-05,8e-06,7e-13,4.5e-10,2.5e-10,0.0815,26500000000.0,857000000.0,11.21,-90.0
3.5e-05,8e-06,7e-13,5e-10,1e-10,0.0815,25500000000.0,808000000.0,11.42,-88.13
3.5e-05,8e-06,7e-13,5e-10,5e-11,0.0815,25500000000.0,811000000.0,11.42,-88.22
3.5e-05,8e-06,7e-13,5e-10,1.5e-10,0.0815,25500000000.0,808000000.0,11.42,-87.69
3.5e-05,8e-06,7e-13,5e-10,2e-10,0.0815,25500000000.0,809000000.0,11.42,-88.3
3.5e-05,8e-06,7e-13,5e-10,2.5e-10,0.0815,25500000000.0,810000000.0,11.42,-87.95
3.5e-05,9e-06,5e-13,4e-10,1e-10,0.0815,27600000000.0,1000000000.0,11.0,-91.56
3.5e-05,9e-06,5e-13,4e-10,5e-11,0.0815,27600000000.0,998000000.0,11.0,-92.22
3.5e-05,9e-06,5e-13,4e-10,1.5e-10,0.0815,27600000000.0,1000000000.0,11.0,-92.18
3.5e-05,9e-06,5e-13,4e-10,2e-10,0.0815,27600000000.0,996000000.0,11.0,-92.36
3.5e-05,9e-06,5e-13,4e-10,2.5e-10,0.0815,27600000000.0,998000000.0,11.0,-91.92
3.5e-05,9e-06,5e-13,3e-10,1e-10,0.0815,31200000000.0,1230000000.0,10.38,-91.16
3.5e-05,9e-06,5e-13,3e-10,5e-11,0.0815,31200000000.0,1230000000.0,10.38,-91.2
3.5e-05,9e-06,5e-13,3e-10,1.5e-10,0.0815,31200000000.0,1230000000.0,10.38,-91.31
3.5e-05,9e-06,5e-13,3e-10,2e-10,0.0815,31200000000.0,1230000000.0,10.38,-91.21
3.5e-05,9e-06,5e-13,3.5e-10,1e-10,0.0815,29200000000.0,1090000000.0,10.73,-94.11
3.5e-05,9e-06,5e-13,3.5e-10,5e-11,0.0815,29200000000.0,1100000000.0,10.73,-93.94
3.5e-05,9e-06,5e-13,3.5e-10,1.5e-10,0.0815,29200000000.0,1100000000.0,10.73,-94.09
3.5e-05,9e-06,5e-13,3.5e-10,2.5e-10,0.0815,29200000000.0,1100000000.0,10.73,-94.07
3.5e-05,9e-06,5e-13,4.5e-10,1e-10,0.0815,26400000000.0,927000000.0,11.23,-88.57
3.5e-05,9e-06,5e-13,4.5e-10,5e-11,0.0815,26400000000.0,927000000.0,11.23,-89.62
3.5e-05,9e-06,5e-13,4.5e-10,1.5e-10,0.0815,26400000000.0,927000000.0,11.23,-89.46
3.5e-05,9e-06,5e-13,4.5e-10,2e-10,0.0815,26400000000.0,928000000.0,11.23,-89.69
3.5e-05,9e-06,5e-13,4.5e-10,2.5e-10,0.0815,26400000000.0,928000000.0,11.23,-88.42
3.5e-05,9e-06,5e-13,5e-10,1e-10,0.0815,25300000000.0,873000000.0,11.44,-88.17
3.5e-05,9e-06,5e-13,5e-10,5e-11,0.0815,25300000000.0,872000000.0,11.44,-88.08
3.5e-05,9e-06,5e-13,5e-10,1.5e-10,0.0815,25300000000.0,874000000.0,11.44,-87.85
3.5e-05,9e-06,5e-13,5e-10,2e-10,0.0815,25300000000.0,871000000.0,11.44,-87.7
3.5e-05,9e-06,5e-13,5e-10,2.5e-10,0.0815,25300000000.0,872000000.0,11.44,-88.21
3.5e-05,9e-06,3e-13,4e-10,1e-10,0.0815,27600000000.0,999000000.0,11.0,-91.89
3.5e-05,9e-06,3e-13,4e-10,5e-11,0.0815,27600000000.0,1000000000.0,11.0,-91.92
3.5e-05,9e-06,3e-13,4e-10,1.5e-10,0.0815,27600000000.0,997000000.0,11.0,-91.2
3.5e-05,9e-06,3e-13,4e-10,2e-10,0.0815,27600000000.0,999000000.0,11.0,-91.82
3.5e-05,9e-06,3e-13,4e-10,2.5e-10,0.0815,27600000000.0,1000000000.0,11.0,-91.97
3.5e-05,9e-06,3e-13,3e-10,1e-10,0.0815,31200000000.0,1230000000.0,10.38,-91.25
3.5e-05,9e-06,3e-13,3e-10,5e-11,0.0815,31200000000.0,1230000000.0,10.38,-91.57
3.5e-05,9e-06,3e-13,3e-10,2e-10,0.0815,31200000000.0,1230000000.0,10.38,-91.27
3.5e-05,9e-06,3e-13,3e-10,2.5e-10,0.0815,31200000000.0,1230000000.0,10.38,-91.07
3.5e-05,9e-06,3e-13,3.5e-10,1e-10,0.0815,29200000000.0,1100000000.0,10.73,-94.05
3.5e-05,9e-06,3e-13,3.5e-10,5e-11,0.0815,29200000000.0,1100000000.0,10.73,-94.02
3.5e-05,9e-06,3e-13,3.5e-10,1.5e-10,0.0815,29200000000.0,1100000000.0,10.73,-94.11
3.5e-05,9e-06,3e-13,3.5e-10,2e-10,0.0815,29200000000.0,1090000000.0,10.73,-94.12
3.5e-05,9e-06,3e-13,3.5e-10,2.5e-10,0.0815,29200000000.0,1090000000.0,10.73,-94.05
3.5e-05,9e-06,3e-13,4.5e-10,1e-10,0.0815,26400000000.0,931000000.0,11.23,-89.86
3.5e-05,9e-06,3e-13,4.5e-10,5e-11,0.0815,26400000000.0,927000000.0,11.23,-89.49
3.5e-05,9e-06,3e-13,4.5e-10,1.5e-10,0.0815,26400000000.0,931000000.0,11.23,-89.65
3.5e-05,9e-06,3e-13,4.5e-10,2e-10,0.0815,26400000000.0,928000000.0,11.23,-88.35
3.5e-05,9e-06,3e-13,4.5e-10,2.5e-10,0.0815,26400000000.0,928000000.0,11.23,-89.63
3.5e-05,9e-06,3e-13,5e-10,1e-10,0.0815,25300000000.0,873000000.0,11.44,-87.77
3.5e-05,9e-06,3e-13,5e-10,1.5e-10,0.0815,25300000000.0,871000000.0,11.44,-87.6
3.5e-05,9e-06,3e-13,5e-10,2e-10,0.0815,25300000000.0,871000000.0,11.44,-88.05
3.5e-05,9e-06,3e-13,5e-10,2.5e-10,0.0815,25300000000.0,872000000.0,11.44,-87.6
3.5e-05,9e-06,4e-13,4e-10,5e-11,0.0815,27600000000.0,1000000000.0,11.0,-91.47
3.5e-05,9e-06,4e-13,4e-10,1.5e-10,0.0815,27600000000.0,997000000.0,11.0,-91.65
3.5e-05,9e-06,4e-13,4e-10,2e-10,0.0815,27600000000.0,998000000.0,11.0,-91.88
3.5e-05,9e-06,4e-13,4e-10,2.5e-10,0.0815,27600000000.0,997000000.0,11.0,-91.99
3.5e-05,9e-06,4e-13,3e-10,1e-10,0.0815,31200000000.0,1230000000.0,10.38,-91.05
3.5e-05,9e-06,4e-13,3e-10,5e-11,0.0815,31200000000.0,1230000000.0,10.38,-91.24
3.5e-05,9e-06,4e-13,3e-10,1.5e-10,0.0815,31200000000.0,1230000000.0,10.38,-91.18
3.5e-05,9e-06,4e-13,3e-10,2e-10,0.0815,31200000000.0,1230000000.0,10.38,-91.15
3.5e-05,9e-06,4e-13,3e-10,2.5e-10,0.0815,31200000000.0,1230000000.0,10.38,-91.22
3.5e-05,9e-06,4e-13,3.5e-10,1e-10,0.0815,29200000000.0,1100000000.0,10.73,-94.06
3.5e-05,9e-06,4e-13,3.5e-10,5e-11,0.0815,29200000000.0,1100000000.0,10.73,-93.68
3.5e-05,9e-06,4e-13,3.5e-10,2e-10,0.0815,29200000000.0,1100000000.0,10.73,-94.01
3.5e-05,9e-06,4e-13,3.5e-10,2.5e-10,0.0815,29200000000.0,1100000000.0,10.73,-93.95
3.5e-05,9e-06,4e-13,4.5e-10,1e-10,0.0815,26400000000.0,927000000.0,11.23,-89.26
3.5e-05,9e-06,4e-13,4.5e-10,5e-11,0.0815,26400000000.0,930000000.0,11.23,-89.7
3.5e-05,9e-06,4e-13,4.5e-10,1.5e-10,0.0815,26400000000.0,927000000.0,11.23,-89.55
3.5e-05,9e-06,4e-13,4.5e-10,2.5e-10,0.0815,26400000000.0,928000000.0,11.23,-89.71
3.5e-05,9e-06,4e-13,5e-10,1e-10,0.0815,25300000000.0,873000000.0,11.44,-87.53
3.5e-05,9e-06,4e-13,5e-10,5e-11,0.0815,25300000000.0,872000000.0,11.44,-87.99
3.5e-05,9e-06,4e-13,5e-10,1.5e-10,0.0815,25300000000.0,873000000.0,11.44,-87.8
3.5e-05,9e-06,4e-13,5e-10,2e-10,0.0815,25300000000.0,872000000.0,11.44,-87.23
3.5e-05,9e-06,4e-13,5e-10,2.5e-10,0.0815,25300000000.0,874000000.0,11.44,-87.33
3.5e-05,9e-06,6e-13,4e-10,1e-10,0.0815,27600000000.0,995000000.0,11.0,-92.53
3.5e-05,9e-06,6e-13,4e-10,5e-11,0.0815,27600000000.0,996000000.0,11.0,-91.82
3.5e-05,9e-06,6e-13,4e-10,1.5e-10,0.0815,27600000000.0,999000000.0,11.0,-91.68
3.5e-05,9e-06,6e-13,4e-10,2e-10,0.0815,27600000000.0,996000000.0,11.0,-91.56
3.5e-05,9e-06,6e-13,4e-10,2.5e-10,0.0815,27600000000.0,998000000.0,11.0,-91.6
3.5e-05,9e-06,6e-13,3e-10,1e-10,0.0815,31200000000.0,1230000000.0,10.38,-91.26
3.5e-05,9e-06,6e-13,3e-10,5e-11,0.0815,31200000000.0,1230000000.0,10.38,-91.13
3.5e-05,9e-06,6e-13,3e-10,1.5e-10,0.0815,31200000000.0,1230000000.0,10.38,-91.17
3.5e-05,9e-06,6e-13,3e-10,2e-10,0.0815,31200000000.0,1230000000.0,10.38,-91.3
3.5e-05,9e-06,6e-13,3.5e-10,5e-11,0.0815,29200000000.0,1090000000.0,10.73,-94.1
3.5e-05,9e-06,6e-13,3.5e-10,2e-10,0.0815,29200000000.0,1090000000.0,10.73,-94.08
3.5e-05,9e-06,6e-13,3.5e-10,2.5e-10,0.0815,29200000000.0,1090000000.0,10.73,-93.95
3.5e-05,9e-06,6e-13,4.5e-10,1e-10,0.0815,26400000000.0,926000000.0,11.23,-89.43
3.5e-05,9e-06,6e-13,4.5e-10,5e-11,0.0815,26400000000.0,926000000.0,11.23,-89.72
3.5e-05,9e-06,6e-13,4.5e-10,1.5e-10,0.0815,26400000000.0,930000000.0,11.23,-89.31
3.5e-05,9e-06,6e-13,4.5e-10,2e-10,0.0815,26400000000.0,926000000.0,11.23,-89.56
3.5e-05,9e-06,6e-13,4.5e-10,2.5e-10,0.0815,26300000000.0,927000000.0,11.23,-89.23
3.5e-05,9e-06,6e-13,5e-10,1e-10,0.0815,25300000000.0,872000000.0,11.44,-87.87
3.5e-05,9e-06,6e-13,5e-10,5e-11,0.0815,25300000000.0,872000000.0,11.44,-88.01
3.5e-05,9e-06,6e-13,5e-10,1.5e-10,0.0815,25300000000.0,874000000.0,11.44,-88.15
3.5e-05,9e-06,6e-13,5e-10,2e-10,0.0815,25300000000.0,872000000.0,11.44,-88.1
3.5e-05,9e-06,6e-13,5e-10,2.5e-10,0.0815,25300000000.0,872000000.0,11.44,-88.19
3.5e-05,9e-06,7e-13,4e-10,1e-10,0.0815,27600000000.0,1000000000.0,11.0,-91.57
3.5e-05,9e-06,7e-13,4e-10,5e-11,0.0815,27600000000.0,996000000.0,11.0,-91.81
3.5e-05,9e-06,7e-13,4e-10,1.5e-10,0.0815,27600000000.0,999000000.0,11.0,-92.05
3.5e-05,9e-06,7e-13,4e-10,2e-10,0.0815,27600000000.0,1000000000.0,11.0,-92.03
3.5e-05,9e-06,7e-13,4e-10,2.5e-10,0.0815,27600000000.0,1000000000.0,11.0,-92.04
3.5e-05,9e-06,7e-13,3e-10,1e-10,0.0815,31200000000.0,1230000000.0,10.38,-91.43
3.5e-05,9e-06,7e-13,3e-10,5e-11,0.0815,31200000000.0,1230000000.0,10.38,-91.1
3.5e-05,9e-06,7e-13,3e-10,2.5e-10,0.0815,31200000000.0,1230000000.0,10.38,-91.34
3.5e-05,9e-06,7e-13,3.5e-10,2e-10,0.0815,29200000000.0,1090000000.0,10.72,-94.08
3.5e-05,9e-06,7e-13,4.5e-10,1e-10,0.0815,26300000000.0,927000000.0,11.23,-89.26
3.5e-05,9e-06,7e-13,4.5e-10,5e-11,0.0815,26300000000.0,928000000.0,11.23,-89.67
3.5e-05,9e-06,7e-13,4.5e-10,1.5e-10,0.0815,26300000000.0,926000000.0,11.23,-89.66
3.5e-05,9e-06,7e-13,4.5e-10,2e-10,0.0815,26300000000.0,927000000.0,11.23,-89.22
3.5e-05,9e-06,7e-13,4.5e-10,2.5e-10,0.0815,26300000000.0,925000000.0,11.23,-89.25
3.5e-05,9e-06,7e-13,5e-10,1e-10,0.0815,25300000000.0,871000000.0,11.44,-87.73
3.5e-05,9e-06,7e-13,5e-10,5e-11,0.0815,25300000000.0,872000000.0,11.44,-87.91
3.5e-05,9e-06,7e-13,5e-10,1.5e-10,0.0815,25300000000.0,872000000.0,11.44,-87.71
3.5e-05,9e-06,7e-13,5e-10,2e-10,0.0815,25300000000.0,872000000.0,11.44,-87.94
3.5e-05,9e-06,7e-13,5e-10,2.5e-10,0.0815,25300000000.0,871000000.0,11.44,-87.55
3.5e-05,1e-05,5e-13,4e-10,1e-10,0.0815,27400000000.0,1060000000.0,11.01,-91.96
3.5e-05,1e-05,5e-13,4e-10,5e-11,0.0815,27400000000.0,1060000000.0,11.02,-91.75
3.5e-05,1e-05,5e-13,4e-10,1.5e-10,0.0815,27400000000.0,1060000000.0,11.01,-91.86
3.5e-05,1e-05,5e-13,4e-10,2e-10,0.0815,27400000000.0,1060000000.0,11.02,-88.62
3.5e-05,1e-05,5e-13,4e-10,2.5e-10,0.0815,27400000000.0,1060000000.0,11.02,-91.52
3.5e-05,1e-05,5e-13,3e-10,1e-10,0.0815,31000000000.0,1310000000.0,10.4,-91.85
3.5e-05,1e-05,5e-13,3e-10,5e-11,0.0815,31000000000.0,1310000000.0,10.4,-91.66
3.5e-05,1e-05,5e-13,3e-10,1.5e-10,0.0815,31000000000.0,1310000000.0,10.4,-91.74
3.5e-05,1e-05,5e-13,3e-10,2e-10,0.0815,31000000000.0,1310000000.0,10.4,-91.65
3.5e-05,1e-05,5e-13,3e-10,2.5e-10,0.0815,31000000000.0,1310000000.0,10.4,-91.54
3.5e-05,1e-05,5e-13,3.5e-10,1e-10,0.0815,29000000000.0,1160000000.0,10.74,-93.85
3.5e-05,1e-05,5e-13,3.5e-10,5e-11,0.0815,29000000000.0,1170000000.0,10.74,-94.15
3.5e-05,1e-05,5e-13,3.5e-10,1.5e-10,0.0815,29000000000.0,1160000000.0,10.74,-94.12
3.5e-05,1e-05,5e-13,3.5e-10,2e-10,0.0815,29000000000.0,1160000000.0,10.74,-94.05
3.5e-05,1e-05,5e-13,3.5e-10,2.5e-10,0.0815,29000000000.0,1160000000.0,10.74,-94.01
3.5e-05,1e-05,5e-13,4.5e-10,1e-10,0.0815,26200000000.0,986000000.0,11.25,-89.66
3.5e-05,1e-05,5e-13,4.5e-10,5e-11,0.0815,26200000000.0,988000000.0,11.25,-89.37
3.5e-05,1e-05,5e-13,4.5e-10,1.5e-10,0.0815,26200000000.0,987000000.0,11.25,-89.5
3.5e-05,1e-05,5e-13,4.5e-10,2e-10,0.0815,26200000000.0,983000000.0,11.25,-89.23
3.5e-05,1e-05,5e-13,4.5e-10,2.5e-10,0.0815,26200000000.0,984000000.0,11.25,-89.65
3.5e-05,1e-05,5e-13,5e-10,1e-10,0.0815,25200000000.0,928000000.0,11.46,-87.76
3.5e-05,1e-05,5e-13,5e-10,5e-11,0.0815,25200000000.0,926000000.0,11.46,-88.01
3.5e-05,1e-05,5e-13,5e-10,1.5e-10,0.0815,25200000000.0,926000000.0,11.46,-87.65
3.5e-05,1e-05,5e-13,5e-10,2e-10,0.0815,25200000000.0,926000000.0,11.46,-87.66
3.5e-05,1e-05,5e-13,5e-10,2.5e-10,0.0815,25200000000.0,927000000.0,11.46,-87.75
3.5e-05,1e-05,3e-13,4e-10,1e-10,0.0815,27400000000.0,1060000000.0,11.02,-91.29
3.5e-05,1e-05,3e-13,4e-10,5e-11,0.0815,27400000000.0,1060000000.0,11.02,-91.88
3.5e-05,1e-05,3e-13,4e-10,1.5e-10,0.0815,27400000000.0,1060000000.0,11.02,-92.17
3.5e-05,1e-05,3e-13,4e-10,2e-10,0.0815,27400000000.0,1060000000.0,11.02,-91.8
3.5e-05,1e-05,3e-13,4e-10,2.5e-10,0.0815,27400000000.0,1060000000.0,11.02,-91.72
3.5e-05,1e-05,3e-13,3e-10,1e-10,0.0815,31000000000.0,1310000000.0,10.4,-91.87
3.5e-05,1e-05,3e-13,3e-10,5e-11,0.0815,31000000000.0,1310000000.0,10.4,-91.62
3.5e-05,1e-05,3e-13,3e-10,1.5e-10,0.0815,31000000000.0,1310000000.0,10.4,-91.55
3.5e-05,1e-05,3e-13,3e-10,2e-10,0.0815,31000000000.0,1310000000.0,10.4,-91.71
3.5e-05,1e-05,3e-13,3e-10,2.5e-10,0.0815,31000000000.0,1310000000.0,10.4,-91.6
3.5e-05,1e-05,3e-13,3.5e-10,1e-10,0.0815,29000000000.0,1170000000.0,10.74,-93.91
3.5e-05,1e-05,3e-13,3.5e-10,5e-11,0.0815,29000000000.0,1170000000.0,10.74,-94.04
3.5e-05,1e-05,3e-13,3.5e-10,2e-10,0.0815,29000000000.0,1170000000.0,10.74,-94.14
3.5e-05,1e-05,3e-13,3.5e-10,2.5e-10,0.0815,29000000000.0,1160000000.0,10.74,-94.04
3.5e-05,1e-05,3e-13,4.5e-10,1e-10,0.0815,26200000000.0,988000000.0,11.25,-89.27
3.5e-05,1e-05,3e-13,4.5e-10,5e-11,0.0815,26200000000.0,987000000.0,11.25,-89.46
3.5e-05,1e-05,3e-13,4.5e-10,1.5e-10,0.0815,26200000000.0,987000000.0,11.25,-89.14
3.5e-05,1e-05,3e-13,4.5e-10,2e-10,0.0815,26200000000.0,986000000.0,11.25,-89.45
3.5e-05,1e-05,3e-13,4.5e-10,2.5e-10,0.0815,26200000000.0,986000000.0,11.25,-89.78
3.5e-05,1e-05,3e-13,5e-10,1e-10,0.0815,25200000000.0,928000000.0,11.46,-87.81
3.5e-05,1e-05,3e-13,5e-10,5e-11,0.0815,25200000000.0,927000000.0,11.46,-87.65
3.5e-05,1e-05,3e-13,5e-10,1.5e-10,0.0815,25200000000.0,930000000.0,11.46,-87.9
3.5e-05,1e-05,3e-13,5e-10,2e-10,0.0815,25200000000.0,928000000.0,11.46,-87.36
3.5e-05,1e-05,3e-13,5e-10,2.5e-10,0.0815,25200000000.0,929000000.0,11.46,-87.23
3.5e-05,1e-05,4e-13,4e-10,1e-10,0.0815,27400000000.0,1060000000.0,11.02,-91.63
3.5e-05,1e-05,4e-13,4e-10,5e-11,0.0815,27400000000.0,1060000000.0,11.02,-91.56
3.5e-05,1e-05,4e-13,4e-10,1.5e-10,0.0815,27400000000.0,1060000000.0,11.01,-91.61
3.5e-05,1e-05,4e-13,4e-10,2e-10,0.0815,27400000000.0,1060000000.0,11.02,-91.35
3.5e-05,1e-05,4e-13,4e-10,2.5e-10,0.0815,27400000000.0,1060000000.0,11.01,-91.91
3.5e-05,1e-05,4e-13,3e-10,1e-10,0.0815,31000000000.0,1310000000.0,10.4,-91.81
3.5e-05,1e-05,4e-13,3e-10,5e-11,0.0815,31000000000.0,1310000000.0,10.4,-91.64
3.5e-05,1e-05,4e-13,3e-10,1.5e-10,0.0815,31000000000.0,1310000000.0,10.4,-91.73
3.5e-05,1e-05,4e-13,3e-10,2e-10,0.0815,31000000000.0,1310000000.0,10.4,-91.68
3.5e-05,1e-05,4e-13,3e-10,2.5e-10,0.0815,31000000000.0,1300000000.0,10.4,-91.87
3.5e-05,1e-05,4e-13,3.5e-10,1e-10,0.0815,29000000000.0,1160000000.0,10.74,-94.14
3.5e-05,1e-05,4e-13,3.5e-10,1.5e-10,0.0815,29000000000.0,1160000000.0,10.74,-90.36
3.5e-05,1e-05,4e-13,3.5e-10,2.5e-10,0.0815,29000000000.0,1160000000.0,10.74,-94.11
3.5e-05,1e-05,4e-13,4.5e-10,1e-10,0.0815,26200000000.0,983000000.0,11.25,-89.17
3.5e-05,1e-05,4e-13,4.5e-10,5e-11,0.0815,26200000000.0,986000000.0,11.25,-89.5
3.5e-05,1e-05,4e-13,4.5e-10,1.5e-10,0.0815,26200000000.0,984000000.0,11.25,-89.22
3.5e-05,1e-05,4e-13,4.5e-10,2e-10,0.0815,26200000000.0,989000000.0,11.25,-89.5
3.5e-05,1e-05,4e-13,4.5e-10,2.5e-10,0.0815,26200000000.0,989000000.0,11.25,-89.73
3.5e-05,1e-05,4e-13,5e-10,1e-10,0.0815,25200000000.0,927000000.0,11.46,-88.11
3.5e-05,1e-05,4e-13,5e-10,5e-11,0.0815,25200000000.0,927000000.0,11.46,-87.7
3.5e-05,1e-05,4e-13,5e-10,1.5e-10,0.0815,25200000000.0,928000000.0,11.46,-88.13
3.5e-05,1e-05,4e-13,5e-10,2e-10,0.0815,25200000000.0,927000000.0,11.46,-87.48
3.5e-05,1e-05,4e-13,5e-10,2.5e-10,0.0815,25200000000.0,930000000.0,11.46,-87.98
3.5e-05,1e-05,6e-13,4e-10,1e-10,0.0815,27400000000.0,1060000000.0,11.01,-91.35
3.5e-05,1e-05,6e-13,4e-10,5e-11,0.0815,27400000000.0,1060000000.0,11.02,-91.85
3.5e-05,1e-05,6e-13,4e-10,1.5e-10,0.0815,27400000000.0,1060000000.0,11.02,-92.11
3.5e-05,1e-05,6e-13,4e-10,2e-10,0.0815,27400000000.0,1060000000.0,11.02,-88.57
3.5e-05,1e-05,6e-13,4e-10,2.5e-10,0.0815,27400000000.0,1060000000.0,11.02,-92.0
3.5e-05,1e-05,6e-13,3e-10,1e-10,0.0815,31000000000.0,1300000000.0,10.4,-91.88
3.5e-05,1e-05,6e-13,3e-10,5e-11,0.0815,31000000000.0,1310000000.0,10.4,-91.33
3.5e-05,1e-05,6e-13,3e-10,1.5e-10,0.0815,31000000000.0,1310000000.0,10.4,-91.59
3.5e-05,1e-05,6e-13,3e-10,2.5e-10,0.0815,31000000000.0,1300000000.0,10.4,-91.31
3.5e-05,1e-05,6e-13,3.5e-10,1e-10,0.0815,29000000000.0,1160000000.0,10.74,-94.15
3.5e-05,1e-05,6e-13,3.5e-10,5e-11,0.0815,29000000000.0,1160000000.0,10.74,-94.17
3.5e-05,1e-05,6e-13,3.5e-10,1.5e-10,0.0815,29000000000.0,1160000000.0,10.74,-94.06
3.5e-05,1e-05,6e-13,3.5e-10,2.5e-10,0.0815,29000000000.0,1160000000.0,10.74,-94.07
3.5e-05,1e-05,6e-13,4.5e-10,1e-10,0.0815,26200000000.0,987000000.0,11.25,-89.45
3.5e-05,1e-05,6e-13,4.5e-10,5e-11,0.0815,26200000000.0,988000000.0,11.25,-89.82
3.5e-05,1e-05,6e-13,4.5e-10,1.5e-10,0.0815,26200000000.0,987000000.0,11.25,-89.42
3.5e-05,1e-05,6e-13,4.5e-10,2e-10,0.0815,26200000000.0,989000000.0,11.25,-89.59
3.5e-05,1e-05,6e-13,4.5e-10,2.5e-10,0.0815,26200000000.0,986000000.0,11.25,-89.76
3.5e-05,1e-05,6e-13,5e-10,1e-10,0.0815,25200000000.0,928000000.0,11.46,-87.92
3.5e-05,1e-05,6e-13,5e-10,5e-11,0.0815,25200000000.0,926000000.0,11.46,-88.21
3.5e-05,1e-05,6e-13,5e-10,1.5e-10,0.0815,25200000000.0,926000000.0,11.46,-87.53
3.5e-05,1e-05,6e-13,5e-10,2e-10,0.0815,25200000000.0,928000000.0,11.46,-87.61
3.5e-05,1e-05,6e-13,5e-10,2.5e-10,0.0815,25200000000.0,926000000.0,11.46,-87.75
3.5e-05,1e-05,7e-13,4e-10,1e-10,0.0815,27400000000.0,1060000000.0,11.02,-91.81
3.5e-05,1e-05,7e-13,4e-10,5e-11,0.0815,27400000000.0,1060000000.0,11.02,-92.02
3.5e-05,1e-05,7e-13,4e-10,1.5e-10,0.0815,27400000000.0,1060000000.0,11.02,-91.82
3.5e-05,1e-05,7e-13,4e-10,2e-10,0.0815,27400000000.0,1060000000.0,11.01,-91.66
3.5e-05,1e-05,7e-13,4e-10,2.5e-10,0.0815,27400000000.0,1070000000.0,11.02,-91.41
3.5e-05,1e-05,7e-13,3e-10,5e-11,0.0815,31000000000.0,1310000000.0,10.4,-91.63
3.5e-05,1e-05,7e-13,3e-10,1.5e-10,0.0815,31000000000.0,1310000000.0,10.4,-91.41
3.5e-05,1e-05,7e-13,3e-10,2e-10,0.0815,31000000000.0,1310000000.0,10.4,-91.47
3.5e-05,1e-05,7e-13,3.5e-10,1e-10,0.0815,29000000000.0,1160000000.0,10.74,-94.1
3.5e-05,1e-05,7e-13,3.5e-10,2e-10,0.0815,29000000000.0,1160000000.0,10.74,-94.19
3.5e-05,1e-05,7e-13,4.5e-10,1e-10,0.0815,26200000000.0,986000000.0,11.25,-89.79
3.5e-05,1e-05,7e-13,4.5e-10,5e-11,0.0815,26200000000.0,984000000.0,11.25,-89.4
3.5e-05,1e-05,7e-13,4.5e-10,1.5e-10,0.0815,26200000000.0,986000000.0,11.25,-89.53
3.5e-05,1e-05,7e-13,4.5e-10,2e-10,0.0815,26200000000.0,986000000.0,11.25,-89.33
3.5e-05,1e-05,7e-13,4.5e-10,2.5e-10,0.0815,26200000000.0,985000000.0,11.25,-89.6
3.5e-05,1e-05,7e-13,5e-10,5e-11,0.0815,25200000000.0,927000000.0,11.46,-87.85
3.5e-05,1e-05,7e-13,5e-10,1.5e-10,0.0815,25200000000.0,928000000.0,11.46,-87.72
3.5e-05,1e-05,7e-13,5e-10,2e-10,0.0815,25200000000.0,927000000.0,11.46,-89.96
3.5e-05,1e-05,7e-13,5e-10,2.5e-10,0.0815,25200000000.0,927000000.0,11.46,-87.36
3.5e-05,1.1e-05,5e-13,4e-10,1e-10,0.0815,27300000000.0,1120000000.0,11.03,-91.65
3.5e-05,1.1e-05,5e-13,4e-10,5e-11,0.0815,27300000000.0,1120000000.0,11.03,-91.6
3.5e-05,1.1e-05,5e-13,4e-10,1.5e-10,0.0815,27300000000.0,1120000000.0,11.03,-91.53
3.5e-05,1.1e-05,5e-13,4e-10,2e-10,0.0815,27300000000.0,1110000000.0,11.03,-91.12
3.5e-05,1.1e-05,5e-13,4e-10,2.5e-10,0.0815,27300000000.0,1110000000.0,11.03,-91.48
3.5e-05,1.1e-05,5e-13,3e-10,1e-10,0.0815,30800000000.0,1370000000.0,10.41,-92.24
3.5e-05,1.1e-05,5e-13,3e-10,5e-11,0.0815,30800000000.0,1370000000.0,10.41,-92.22
3.5e-05,1.1e-05,5e-13,3e-10,1.5e-10,0.0815,30800000000.0,1370000000.0,10.41,-92.07
3.5e-05,1.1e-05,5e-13,3e-10,2.5e-10,0.0815,30800000000.0,1370000000.0,10.41,-92.18
3.5e-05,1.1e-05,5e-13,3.5e-10,1e-10,0.0815,28800000000.0,1220000000.0,10.75,-94.03
3.5e-05,1.1e-05,5e-13,3.5e-10,5e-11,0.0815,28800000000.0,1220000000.0,10.76,-94.19
3.5e-05,1.1e-05,5e-13,3.5e-10,1.5e-10,0.0815,28800000000.0,1220000000.0,10.75,-94.04
3.5e-05,1.1e-05,5e-13,3.5e-10,2e-10,0.0815,28800000000.0,1230000000.0,10.76,-94.22
3.5e-05,1.1e-05,5e-13,3.5e-10,2.5e-10,0.0815,28800000000.0,1220000000.0,10.76,-93.89
3.5e-05,1.1e-05,5e-13,4.5e-10,1e-10,0.0815,26100000000.0,1040000000.0,11.27,-89.09
3.5e-05,1.1e-05,5e-13,4.5e-10,5e-11,0.0815,26100000000.0,1040000000.0,11.27,-89.56
3.5e-05,1.1e-05,5e-13,4.5e-10,1.5e-10,0.0815,26100000000.0,1040000000.0,11.27,-89.34
3.5e-05,1.1e-05,5e-13,4.5e-10,2e-10,0.0815,26100000000.0,1040000000.0,11.27,-89.48
3.5e-05,1.1e-05,5e-13,4.5e-10,2.5e-10,0.0815,26100000000.0,1040000000.0,11.27,-89.14
3.5e-05,1.1e-05,5e-13,5e-10,1e-10,0.0815,25100000000.0,974000000.0,11.48,-87.7
3.5e-05,1.1e-05,5e-13,5e-10,5e-11,0.0815,25100000000.0,974000000.0,11.48,-87.63
3.5e-05,1.1e-05,5e-13,5e-10,1.5e-10,0.0815,25100000000.0,974000000.0,11.48,-87.56
3.5e-05,1.1e-05,5e-13,5e-10,2e-10,0.0815,25100000000.0,974000000.0,11.48,-87.46
3.5e-05,1.1e-05,5e-13,5e-10,2.5e-10,0.0815,25100000000.0,975000000.0,11.48,-87.86
3.5e-05,1.1e-05,3e-13,4e-10,5e-11,0.0815,27300000000.0,1120000000.0,11.03,-91.9
3.5e-05,1.1e-05,3e-13,4e-10,1.5e-10,0.0815,27300000000.0,1120000000.0,11.03,-91.56
3.5e-05,1.1e-05,3e-13,4e-10,2e-10,0.0815,27300000000.0,1120000000.0,11.03,-91.62
3.5e-05,1.1e-05,3e-13,4e-10,2.5e-10,0.0815,27300000000.0,1120000000.0,11.03,-91.5
3.5e-05,1.1e-05,3e-13,3e-10,1e-10,0.0815,30900000000.0,1370000000.0,10.41,-92.07
3.5e-05,1.1e-05,3e-13,3e-10,5e-11,0.0815,30900000000.0,1370000000.0,10.41,-92.27
3.5e-05,1.1e-05,3e-13,3e-10,1.5e-10,0.0815,30900000000.0,1370000000.0,10.41,-92.15
3.5e-05,1.1e-05,3e-13,3e-10,2e-10,0.0815,30900000000.0,1370000000.0,10.41,-92.05
3.5e-05,1.1e-05,3e-13,3e-10,2.5e-10,0.0815,30900000000.0,1370000000.0,10.41,-90.09
3.5e-05,1.1e-05,3e-13,3.5e-10,1e-10,0.0815,28800000000.0,1220000000.0,10.76,-94.08
3.5e-05,1.1e-05,3e-13,3.5e-10,5e-11,0.0815,28800000000.0,1220000000.0,10.76,-94.17
3.5e-05,1.1e-05,3e-13,3.5e-10,1.5e-10,0.0815,28800000000.0,1220000000.0,10.76,-94.06
3.5e-05,1.1e-05,3e-13,3.5e-10,2e-10,0.0815,28800000000.0,1220000000.0,10.76,-94.05
3.5e-05,1.1e-05,3e-13,3.5e-10,2.5e-10,0.0815,28800000000.0,1230000000.0,10.76,-94.11
3.5e-05,1.1e-05,3e-13,4.5e-10,1e-10,0.0815,26100000000.0,1040000000.0,11.27,-87.55
3.5e-05,1.1e-05,3e-13,4.5e-10,5e-11,0.0815,26100000000.0,1040000000.0,11.27,-89.26
3.5e-05,1.1e-05,3e-13,4.5e-10,1.5e-10,0.0815,26100000000.0,1040000000.0,11.27,-89.43
3.5e-05,1.1e-05,3e-13,4.5e-10,2e-10,0.0815,26100000000.0,1040000000.0,11.27,-87.76
3.5e-05,1.1e-05,3e-13,4.5e-10,2.5e-10,0.0815,26100000000.0,1040000000.0,11.27,-89.33
3.5e-05,1.1e-05,3e-13,5e-10,1e-10,0.0815,25100000000.0,975000000.0,11.48,-87.57
3.5e-05,1.1e-05,3e-13,5e-10,5e-11,0.0815,25100000000.0,976000000.0,11.48,-87.63
3.5e-05,1.1e-05,3e-13,5e-10,1.5e-10,0.0815,25100000000.0,975000000.0,11.48,-87.39
3.5e-05,1.1e-05,3e-13,5e-10,2e-10,0.0815,25100000000.0,974000000.0,11.48,-87.5
3.5e-05,1.1e-05,3e-13,5e-10,2.5e-10,0.0815,25100000000.0,976000000.0,11.48,-88.11
3.5e-05,1.1e-05,4e-13,4e-10,1e-10,0.0815,27300000000.0,1120000000.0,11.03,-91.46
3.5e-05,1.1e-05,4e-13,4e-10,5e-11,0.0815,27300000000.0,1120000000.0,11.03,-91.64
3.5e-05,1.1e-05,4e-13,4e-10,1.5e-10,0.0815,27300000000.0,1120000000.0,11.03,-91.82
3.5e-05,1.1e-05,4e-13,4e-10,2e-10,0.0815,27300000000.0,1120000000.0,11.03,-91.69
3.5e-05,1.1e-05,4e-13,4e-10,2.5e-10,0.0815,27300000000.0,1120000000.0,11.03,-91.51
3.5e-05,1.1e-05,4e-13,3e-10,5e-11,0.0815,30800000000.0,1370000000.0,10.41,-93.11
3.5e-05,1.1e-05,4e-13,3e-10,1.5e-10,0.0815,30800000000.0,1370000000.0,10.41,-92.06
3.5e-05,1.1e-05,4e-13,3e-10,2e-10,0.0815,30800000000.0,1370000000.0,10.41,-91.95
3.5e-05,1.1e-05,4e-13,3e-10,2.5e-10,0.0815,30800000000.0,1370000000.0,10.41,-91.89
3.5e-05,1.1e-05,4e-13,3.5e-10,5e-11,0.0815,28800000000.0,1220000000.0,10.76,-94.18
3.5e-05,1.1e-05,4e-13,3.5e-10,1.5e-10,0.0815,28800000000.0,1220000000.0,10.76,-93.92
3.5e-05,1.1e-05,4e-13,3.5e-10,2.5e-10,0.0815,28800000000.0,1220000000.0,10.76,-94.1
3.5e-05,1.1e-05,4e-13,4.5e-10,1e-10,0.0815,26100000000.0,1040000000.0,11.27,-89.44
3.5e-05,1.1e-05,4e-13,4.5e-10,5e-11,0.0815,26100000000.0,1040000000.0,11.27,-89.52
3.5e-05,1.1e-05,4e-13,4.5e-10,1.5e-10,0.0815,26100000000.0,1040000000.0,11.27,-89.4
3.5e-05,1.1e-05,4e-13,4.5e-10,2e-10,0.0815,26100000000.0,1040000000.0,11.27,-89.39
3.5e-05,1.1e-05,4e-13,4.5e-10,2.5e-10,0.0815,26100000000.0,1040000000.0,11.27,-89.23
3.5e-05,1.1e-05,4e-13,5e-10,1e-10,0.0815,25100000000.0,976000000.0,11.48,-87.64
3.5e-05,1.1e-05,4e-13,5e-10,5e-11,0.0815,25100000000.0,974000000.0,11.48,-88.02
3.5e-05,1.1e-05,4e-13,5e-10,1.5e-10,0.0815,25100000000.0,974000000.0,11.48,-89.4
3.5e-05,1.1e-05,4e-13,5e-10,2e-10,0.0815,25100000000.0,975000000.0,11.48,-87.74
3.5e-05,1.1e-05,4e-13,5e-10,2.5e-10,0.0815,25100000000.0,975000000.0,11.48,-87.97
3.5e-05,1.1e-05,6e-13,4e-10,1e-10,0.0815,27300000000.0,1120000000.0,11.03,-91.99
3.5e-05,1.1e-05,6e-13,4e-10,5e-11,0.0815,27300000000.0,1120000000.0,11.03,-91.44
3.5e-05,1.1e-05,6e-13,4e-10,1.5e-10,0.0815,27300000000.0,1120000000.0,11.03,-91.66
3.5e-05,1.1e-05,6e-13,4e-10,2e-10,0.0815,27300000000.0,1110000000.0,11.03,-91.15
3.5e-05,1.1e-05,6e-13,4e-10,2.5e-10,0.0815,27300000000.0,1120000000.0,11.03,-91.93
3.5e-05,1.1e-05,6e-13,3e-10,1e-10,0.0815,30800000000.0,1370000000.0,10.41,-91.86
3.5e-05,1.1e-05,6e-13,3e-10,5e-11,0.0815,30800000000.0,1370000000.0,10.41,-92.01
3.5e-05,1.1e-05,6e-13,3e-10,1.5e-10,0.0815,30800000000.0,1370000000.0,10.41,-92.16
3.5e-05,1.1e-05,6e-13,3e-10,2e-10,0.0815,30800000000.0,1370000000.0,10.41,-92.04
3.5e-05,1.1e-05,6e-13,3e-10,2.5e-10,0.0815,30800000000.0,1370000000.0,10.41,-92.1
3.5e-05,1.1e-05,6e-13,3.5e-10,1e-10,0.0815,28800000000.0,1230000000.0,10.76,-94.15
3.5e-05,1.1e-05,6e-13,3.5e-10,1.5e-10,0.0815,28800000000.0,1220000000.0,10.75,-94.06
3.5e-05,1.1e-05,6e-13,3.5e-10,2e-10,0.0815,28800000000.0,1220000000.0,10.75,-93.94
3.5e-05,1.1e-05,6e-13,4.5e-10,1e-10,0.0815,26100000000.0,1040000000.0,11.27,-89.25
3.5e-05,1.1e-05,6e-13,4.5e-10,5e-11,0.0815,26100000000.0,1040000000.0,11.27,-89.05
3.5e-05,1.1e-05,6e-13,4.5e-10,2e-10,0.0815,26100000000.0,1040000000.0,11.27,-89.15
3.5e-05,1.1e-05,6e-13,5e-10,1e-10,0.0815,25100000000.0,975000000.0,11.48,-88.13
3.5e-05,1.1e-05,6e-13,5e-10,5e-11,0.0815,25100000000.0,975000000.0,11.48,-87.65
3.5e-05,1.1e-05,6e-13,5e-10,1.5e-10,0.0815,25100000000.0,974000000.0,11.48,-87.78
3.5e-05,1.1e-05,6e-13,5e-10,2e-10,0.0815,25100000000.0,976000000.0,11.48,-87.56
3.5e-05,1.1e-05,6e-13,5e-10,2.5e-10,0.0815,25100000000.0,973000000.0,11.48,-87.86
3.5e-05,1.1e-05,7e-13,4e-10,1e-10,0.0815,27300000000.0,1110000000.0,11.03,-91.69
3.5e-05,1.1e-05,7e-13,4e-10,1.5e-10,0.0815,27300000000.0,1110000000.0,11.03,-91.6
3.5e-05,1.1e-05,7e-13,4e-10,2e-10,0.0815,27300000000.0,1110000000.0,11.03,-91.43
3.5e-05,1.1e-05,7e-13,4e-10,2.5e-10,0.0815,27300000000.0,1120000000.0,11.03,-91.52
3.5e-05,1.1e-05,7e-13,3e-10,1e-10,0.0815,30800000000.0,1370000000.0,10.41,-92.08
3.5e-05,1.1e-05,7e-13,3e-10,1.5e-10,0.0815,30800000000.0,1370000000.0,10.41,-83.27
3.5e-05,1.1e-05,7e-13,3e-10,2.5e-10,0.0815,30800000000.0,1370000000.0,10.41,-92.23
3.5e-05,1.1e-05,7e-13,3.5e-10,1e-10,0.0815,28800000000.0,1220000000.0,10.76,-94.03
3.5e-05,1.1e-05,7e-13,3.5e-10,5e-11,0.0815,28800000000.0,1220000000.0,10.76,-94.2
3.5e-05,1.1e-05,7e-13,3.5e-10,1.5e-10,0.0815,28800000000.0,1230000000.0,10.76,-93.99
3.5e-05,1.1e-05,7e-13,3.5e-10,2e-10,0.0815,28800000000.0,1220000000.0,10.75,-94.05
3.5e-05,1.1e-05,7e-13,3.5e-10,2.5e-10,0.0815,28800000000.0,1220000000.0,10.75,-94.08
3.5e-05,1.1e-05,7e-13,4.5e-10,5e-11,0.0815,26100000000.0,1040000000.0,11.27,-89.11
3.5e-05,1.1e-05,7e-13,4.5e-10,1.5e-10,0.0815,26100000000.0,1040000000.0,11.27,-89.75
3.5e-05,1.1e-05,7e-13,4.5e-10,2e-10,0.0815,26100000000.0,1040000000.0,11.27,-89.77
3.5e-05,1.1e-05,7e-13,4.5e-10,2.5e-10,0.0815,26100000000.0,1040000000.0,11.27,-89.27
3.5e-05,1.1e-05,7e-13,5e-10,1e-10,0.0815,25100000000.0,974000000.0,11.48,-89.73
3.5e-05,1.1e-05,7e-13,5e-10,1.5e-10,0.0815,25100000000.0,974000000.0,11.48,-87.64
3.5e-05,1.1e-05,7e-13,5e-10,2e-10,0.0815,25100000000.0,975000000.0,11.48,-87.98
3.5e-05,1.2e-05,5e-13,4e-10,1e-10,0.0815,27100000000.0,1160000000.0,11.05,-91.47
3.5e-05,1.2e-05,5e-13,4e-10,5e-11,0.0815,27100000000.0,1160000000.0,11.05,-91.33
3.5e-05,1.2e-05,5e-13,4e-10,1.5e-10,0.0815,27100000000.0,1160000000.0,11.04,-91.29
3.5e-05,1.2e-05,5e-13,4e-10,2e-10,0.0815,27100000000.0,1160000000.0,11.04,-89.37
3.5e-05,1.2e-05,5e-13,4e-10,2.5e-10,0.0815,27100000000.0,1160000000.0,11.04,-91.61
3.5e-05,1.2e-05,5e-13,3e-10,1e-10,0.0815,30700000000.0,1430000000.0,10.42,-92.28
3.5e-05,1.2e-05,5e-13,3e-10,5e-11,0.0815,30700000000.0,1430000000.0,10.42,-92.4
3.5e-05,1.2e-05,5e-13,3e-10,1.5e-10,0.0815,30700000000.0,1430000000.0,10.42,-92.41
3.5e-05,1.2e-05,5e-13,3e-10,2.5e-10,0.0815,30700000000.0,1430000000.0,10.42,-92.6
3.5e-05,1.2e-05,5e-13,3.5e-10,1e-10,0.0815,28700000000.0,1270000000.0,10.77,-94.01
3.5e-05,1.2e-05,5e-13,3.5e-10,5e-11,0.0815,28700000000.0,1270000000.0,10.77,-94.03
3.5e-05,1.2e-05,5e-13,3.5e-10,1.5e-10,0.0815,28700000000.0,1280000000.0,10.77,-94.09
3.5e-05,1.2e-05,5e-13,3.5e-10,2e-10,0.0815,28700000000.0,1270000000.0,10.77,-94.26
3.5e-05,1.2e-05,5e-13,3.5e-10,2.5e-10,0.0815,28700000000.0,1270000000.0,10.77,-84.31
3.5e-05,1.2e-05,5e-13,4.5e-10,1e-10,0.0815,25900000000.0,1080000000.0,11.28,-89.67
3.5e-05,1.2e-05,5e-13,4.5e-10,5e-11,0.0815,25900000000.0,1080000000.0,11.28,-89.15
3.5e-05,1.2e-05,5e-13,4.5e-10,1.5e-10,0.0815,25900000000.0,1070000000.0,11.28,-89.07
3.5e-05,1.2e-05,5e-13,4.5e-10,2e-10,0.0815,25900000000.0,1080000000.0,11.28,-89.35
3.5e-05,1.2e-05,5e-13,4.5e-10,2.5e-10,0.0815,25900000000.0,1080000000.0,11.28,-88.96
3.5e-05,1.2e-05,5e-13,5e-10,1e-10,0.0815,24900000000.0,1020000000.0,11.5,-87.66
3.5e-05,1.2e-05,5e-13,5e-10,5e-11,0.0815,24900000000.0,1020000000.0,11.5,-87.82
3.5e-05,1.2e-05,5e-13,5e-10,1.5e-10,0.0815,24900000000.0,1010000000.0,11.5,-87.41
3.5e-05,1.2e-05,5e-13,5e-10,2.5e-10,0.0815,24900000000.0,1010000000.0,11.5,-87.81
3.5e-05,1.2e-05,3e-13,4e-10,1e-10,0.0815,27100000000.0,1160000000.0,11.04,-91.02
3.5e-05,1.2e-05,3e-13,4e-10,5e-11,0.0815,27100000000.0,1160000000.0,11.04,-91.32
3.5e-05,1.2e-05,3e-13,4e-10,1.5e-10,0.0815,27100000000.0,1160000000.0,11.05,-91.46
3.5e-05,1.2e-05,3e-13,4e-10,2e-10,0.0815,27100000000.0,1170000000.0,11.04,-91.05
3.5e-05,1.2e-05,3e-13,4e-10,2.5e-10,0.0815,27100000000.0,1160000000.0,11.04,-91.45
3.5e-05,1.2e-05,3e-13,3e-10,1e-10,0.0815,30700000000.0,1430000000.0,10.42,-92.72
3.5e-05,1.2e-05,3e-13,3e-10,5e-11,0.0815,30700000000.0,1430000000.0,10.42,-92.45
3.5e-05,1.2e-05,3e-13,3e-10,1.5e-10,0.0815,30700000000.0,1430000000.0,10.42,-92.36
3.5e-05,1.2e-05,3e-13,3e-10,2e-10,0.0815,30700000000.0,1430000000.0,10.42,-92.57
3.5e-05,1.2e-05,3e-13,3.5e-10,1e-10,0.0815,28700000000.0,1270000000.0,10.77,-93.93
3.5e-05,1.2e-05,3e-13,3.5e-10,1.5e-10,0.0815,28700000000.0,1270000000.0,10.77,-93.91
3.5e-05,1.2e-05,3e-13,3.5e-10,2.5e-10,0.0815,28700000000.0,1270000000.0,10.77,-93.96
3.5e-05,1.2e-05,3e-13,4.5e-10,1e-10,0.0815,25900000000.0,1080000000.0,11.28,-89.17
3.5e-05,1.2e-05,3e-13,4.5e-10,5e-11,0.0815,25900000000.0,1080000000.0,11.28,-89.23
3.5e-05,1.2e-05,3e-13,4.5e-10,1.5e-10,0.0815,25900000000.0,1080000000.0,11.28,-88.81
3.5e-05,1.2e-05,3e-13,4.5e-10,2e-10,0.0815,25900000000.0,1080000000.0,11.28,-89.04
3.5e-05,1.2e-05,3e-13,4.5e-10,2.5e-10,0.0815,25900000000.0,1080000000.0,11.28,-89.09
3.5e-05,1.2e-05,3e-13,5e-10,1e-10,0.0815,24900000000.0,1020000000.0,11.5,-87.38
3.5e-05,1.2e-05,3e-13,5e-10,5e-11,0.0815,24900000000.0,1020000000.0,11.5,-87.43
3.5e-05,1.2e-05,3e-13,5e-10,1.5e-10,0.0815,24900000000.0,1020000000.0,11.5,-87.57
3.5e-05,1.2e-05,3e-13,5e-10,2e-10,0.0815,24900000000.0,1020000000.0,11.5,-88.18
3.5e-05,1.2e-05,3e-13,5e-10,2.5e-10,0.0815,24900000000.0,1020000000.0,11.5,-87.52
3.5e-05,1.2e-05,4e-13,4e-10,1e-10,0.0815,27100000000.0,1160000000.0,11.05,-91.32
3.5e-05,1.2e-05,4e-13,4e-10,5e-11,0.0815,27100000000.0,1170000000.0,11.04,-88.3
3.5e-05,1.2e-05,4e-13,4e-10,1.5e-10,0.0815,27100000000.0,1170000000.0,11.04,-91.6
3.5e-05,1.2e-05,4e-13,4e-10,2e-10,0.0815,27100000000.0,1160000000.0,11.04,-91.44
3.5e-05,1.2e-05,4e-13,4e-10,2.5e-10,0.0815,27100000000.0,1160000000.0,11.04,-91.11
3.5e-05,1.2e-05,4e-13,3e-10,1e-10,0.0815,30700000000.0,1430000000.0,10.42,-92.69
3.5e-05,1.2e-05,4e-13,3e-10,2.5e-10,0.0815,30700000000.0,1430000000.0,10.42,-92.33
3.5e-05,1.2e-05,4e-13,3.5e-10,1e-10,0.0815,28700000000.0,1270000000.0,10.77,-93.95
3.5e-05,1.2e-05,4e-13,3.5e-10,5e-11,0.0815,28700000000.0,1270000000.0,10.77,-94.07
3.5e-05,1.2e-05,4e-13,3.5e-10,1.5e-10,0.0815,28700000000.0,1270000000.0,10.77,-94.12
3.5e-05,1.2e-05,4e-13,3.5e-10,2e-10,0.0815,28700000000.0,1270000000.0,10.77,-94.17
3.5e-05,1.2e-05,4e-13,3.5e-10,2.5e-10,0.0815,28700000000.0,1270000000.0,10.77,-91.69
3.5e-05,1.2e-05,4e-13,4.5e-10,1e-10,0.0815,25900000000.0,1080000000.0,11.28,-89.1
3.5e-05,1.2e-05,4e-13,4.5e-10,5e-11,0.0815,25900000000.0,1080000000.0,11.28,-89.14
3.5e-05,1.2e-05,4e-13,4.5e-10,1.5e-10,0.0815,25900000000.0,1080000000.0,11.28,-88.62
3.5e-05,1.2e-05,4e-13,4.5e-10,2e-10,0.0815,25900000000.0,1080000000.0,11.28,-89.33
3.5e-05,1.2e-05,4e-13,4.5e-10,2.5e-10,0.0815,25900000000.0,1080000000.0,11.28,-88.95
3.5e-05,1.2e-05,4e-13,5e-10,1e-10,0.0815,24900000000.0,1010000000.0,11.5,-87.29
3.5e-05,1.2e-05,4e-13,5e-10,5e-11,0.0815,24900000000.0,1010000000.0,11.5,-87.2
3.5e-05,1.2e-05,4e-13,5e-10,1.5e-10,0.0815,24900000000.0,1010000000.0,11.5,-87.87
3.5e-05,1.2e-05,4e-13,5e-10,2e-10,0.0815,24900000000.0,1020000000.0,11.5,-87.88
3.5e-05,1.2e-05,4e-13,5e-10,2.5e-10,0.0815,24900000000.0,1010000000.0,11.5,-87.35
3.5e-05,1.2e-05,6e-13,4e-10,1e-10,0.0815,27100000000.0,1160000000.0,11.05,-91.58
3.5e-05,1.2e-05,6e-13,4e-10,5e-11,0.0815,27100000000.0,1160000000.0,11.04,-91.54
3.5e-05,1.2e-05,6e-13,4e-10,1.5e-10,0.0815,27100000000.0,1160000000.0,11.04,-85.64
3.5e-05,1.2e-05,6e-13,4e-10,2e-10,0.0815,27100000000.0,1160000000.0,11.04,-92.12
3.5e-05,1.2e-05,6e-13,4e-10,2.5e-10,0.0815,27100000000.0,1170000000.0,11.04,-91.55
3.5e-05,1.2e-05,6e-13,3e-10,1e-10,0.0815,30700000000.0,1430000000.0,10.42,-92.24
3.5e-05,1.2e-05,6e-13,3e-10,5e-11,0.0815,30700000000.0,1430000000.0,10.42,-92.38
3.5e-05,1.2e-05,6e-13,3e-10,1.5e-10,0.0815,30700000000.0,1430000000.0,10.42,-92.27
3.5e-05,1.2e-05,6e-13,3e-10,2e-10,0.0815,30700000000.0,1430000000.0,10.42,-92.64
3.5e-05,1.2e-05,6e-13,3e-10,2.5e-10,0.0815,30700000000.0,1430000000.0,10.42,-92.5
3.5e-05,1.2e-05,6e-13,3.5e-10,1e-10,0.0815,28700000000.0,1270000000.0,10.77,-94.15
3.5e-05,1.2e-05,6e-13,3.5e-10,5e-11,0.0815,28700000000.0,1270000000.0,10.77,-94.09
3.5e-05,1.2e-05,6e-13,3.5e-10,2e-10,0.0815,28700000000.0,1280000000.0,10.77,-94.17
3.5e-05,1.2e-05,6e-13,3.5e-10,2.5e-10,0.0815,28700000000.0,1270000000.0,10.77,-93.86
3.5e-05,1.2e-05,6e-13,4.5e-10,1e-10,0.0815,25900000000.0,1080000000.0,11.28,-88.99
3.5e-05,1.2e-05,6e-13,4.5e-10,5e-11,0.0815,25900000000.0,1080000000.0,11.28,-89.08
3.5e-05,1.2e-05,6e-13,4.5e-10,1.5e-10,0.0815,25900000000.0,1070000000.0,11.28,-88.85
3.5e-05,1.2e-05,6e-13,4.5e-10,2e-10,0.0815,25900000000.0,1080000000.0,11.28,-89.24
3.5e-05,1.2e-05,6e-13,5e-10,1e-10,0.0815,24900000000.0,1010000000.0,11.5,-87.82
3.5e-05,1.2e-05,6e-13,5e-10,5e-11,0.0815,24900000000.0,1020000000.0,11.5,-87.53
3.5e-05,1.2e-05,6e-13,5e-10,1.5e-10,0.0815,24900000000.0,1010000000.0,11.5,-87.88
3.5e-05,1.2e-05,6e-13,5e-10,2e-10,0.0815,24900000000.0,1010000000.0,11.5,-87.71
3.5e-05,1.2e-05,6e-13,5e-10,2.5e-10,0.0815,24900000000.0,1010000000.0,11.5,-87.78
3.5e-05,1.2e-05,7e-13,4e-10,1e-10,0.0815,27100000000.0,1160000000.0,11.05,-91.59
3.5e-05,1.2e-05,7e-13,4e-10,5e-11,0.0815,27100000000.0,1160000000.0,11.05,-91.53
3.5e-05,1.2e-05,7e-13,4e-10,1.5e-10,0.0815,27100000000.0,1160000000.0,11.04,-91.01
3.5e-05,1.2e-05,7e-13,4e-10,2.5e-10,0.0815,27100000000.0,1160000000.0,11.04,-91.33
3.5e-05,1.2e-05,7e-13,3e-10,1.5e-10,0.0815,30700000000.0,1430000000.0,10.42,-92.59
3.5e-05,1.2e-05,7e-13,3e-10,2.5e-10,0.0815,30700000000.0,1430000000.0,10.42,-92.49
3.5e-05,1.2e-05,7e-13,3.5e-10,1e-10,0.0815,28700000000.0,1280000000.0,10.77,-93.66
3.5e-05,1.2e-05,7e-13,3.5e-10,5e-11,0.0815,28700000000.0,1270000000.0,10.77,-92.35
3.5e-05,1.2e-05,7e-13,3.5e-10,1.5e-10,0.0815,28700000000.0,1270000000.0,10.77,-93.98
3.5e-05,1.2e-05,7e-13,3.5e-10,2.5e-10,0.0815,28700000000.0,1270000000.0,10.77,-94.1
3.5e-05,1.2e-05,7e-13,4.5e-10,1.5e-10,0.0815,25900000000.0,1080000000.0,11.28,-89.18
3.5e-05,1.2e-05,7e-13,4.5e-10,2e-10,0.0815,25900000000.0,1080000000.0,11.28,-89.32
3.5e-05,1.2e-05,7e-13,5e-10,1e-10,0.0815,24900000000.0,1020000000.0,11.5,-87.9
3.5e-05,1.2e-05,7e-13,5e-10,5e-11,0.0815,24900000000.0,1010000000.0,11.5,-87.57
3.5e-05,1.2e-05,7e-13,5e-10,2e-10,0.0815,24900000000.0,1020000000.0,11.5,-87.77
3.5e-05,1.2e-05,7e-13,5e-10,2.5e-10,0.0815,24900000000.0,1010000000.0,11.5,-87.79
3.5e-05,1.3e-05,5e-13,4e-10,1e-10,0.0815,27000000000.0,1190000000.0,11.05,-92.26
3.5e-05,1.3e-05,5e-13,4e-10,5e-11,0.0815,27000000000.0,1200000000.0,11.06,-91.27
3.5e-05,1.3e-05,5e-13,4e-10,1.5e-10,0.0815,27000000000.0,1200000000.0,11.05,-91.42
3.5e-05,1.3e-05,5e-13,4e-10,2e-10,0.0815,27000000000.0,1200000000.0,11.05,-91.07
3.5e-05,1.3e-05,5e-13,4e-10,2.5e-10,0.0815,27000000000.0,1200000000.0,11.05,-91.27
3.5e-05,1.3e-05,5e-13,3e-10,1e-10,0.0815,30500000000.0,1470000000.0,10.43,-93.08
3.5e-05,1.3e-05,5e-13,3e-10,5e-11,0.0815,30500000000.0,1470000000.0,10.43,-92.7
3.5e-05,1.3e-05,5e-13,3e-10,1.5e-10,0.0815,30500000000.0,1470000000.0,10.43,-92.66
3.5e-05,1.3e-05,5e-13,3e-10,2e-10,0.0815,30500000000.0,1470000000.0,10.43,-92.75
3.5e-05,1.3e-05,5e-13,3e-10,2.5e-10,0.0815,30500000000.0,1470000000.0,10.43,-92.99
3.5e-05,1.3e-05,5e-13,3.5e-10,1e-10,0.0815,28500000000.0,1310000000.0,10.77,-93.9
3.5e-05,1.3e-05,5e-13,3.5e-10,5e-11,0.0815,28500000000.0,1310000000.0,10.77,-93.89
3.5e-05,1.3e-05,5e-13,3.5e-10,1.5e-10,0.0815,28500000000.0,1310000000.0,10.77,-93.85
3.5e-05,1.3e-05,5e-13,3.5e-10,2e-10,0.0815,28500000000.0,1310000000.0,10.77,-93.78
3.5e-05,1.3e-05,5e-13,3.5e-10,2.5e-10,0.0815,28500000000.0,1310000000.0,10.78,-93.96
3.5e-05,1.3e-05,5e-13,4.5e-10,1e-10,0.0815,25800000000.0,1120000000.0,11.29,-88.74
3.5e-05,1.3e-05,5e-13,4.5e-10,5e-11,0.0815,25800000000.0,1110000000.0,11.29,-89.05
3.5e-05,1.3e-05,5e-13,4.5e-10,1.5e-10,0.0815,25800000000.0,1110000000.0,11.3,-88.71
3.5e-05,1.3e-05,5e-13,4.5e-10,2e-10,0.0815,25800000000.0,1110000000.0,11.3,-89.23
3.5e-05,1.3e-05,5e-13,4.5e-10,2.5e-10,0.0815,25800000000.0,1110000000.0,11.29,-89.12
3.5e-05,1.3e-05,5e-13,5e-10,1e-10,0.0815,24800000000.0,1050000000.0,11.51,-87.56
3.5e-05,1.3e-05,5e-13,5e-10,5e-11,0.0815,24800000000.0,1050000000.0,11.51,-86.74
3.5e-05,1.3e-05,5e-13,5e-10,1.5e-10,0.0815,24800000000.0,1050000000.0,11.51,-87.7
3.5e-05,1.3e-05,5e-13,5e-10,2e-10,0.0815,24800000000.0,1050000000.0,11.51,-87.53
3.5e-05,1.3e-05,5e-13,5e-10,2.5e-10,0.0815,24800000000.0,1040000000.0,11.51,-87.12
3.5e-05,1.3e-05,3e-13,4e-10,1e-10,0.0815,27000000000.0,1200000000.0,11.05,-90.67
3.5e-05,1.3e-05,3e-13,4e-10,5e-11,0.0815,27000000000.0,1200000000.0,11.06,-90.7
3.5e-05,1.3e-05,3e-13,4e-10,1.5e-10,0.0815,27000000000.0,1200000000.0,11.05,-90.85
3.5e-05,1.3e-05,3e-13,4e-10,2e-10,0.0815,27000000000.0,1200000000.0,11.06,-90.83
3.5e-05,1.3e-05,3e-13,4e-10,2.5e-10,0.0815,27000000000.0,1200000000.0,11.06,-91.22
3.5e-05,1.3e-05,3e-13,3e-10,1e-10,0.0815,30500000000.0,1470000000.0,10.43,-92.96
3.5e-05,1.3e-05,3e-13,3e-10,5e-11,0.0815,30500000000.0,1470000000.0,10.43,-83.83
3.5e-05,1.3e-05,3e-13,3e-10,1.5e-10,0.0815,30500000000.0,1470000000.0,10.43,-92.72
3.5e-05,1.3e-05,3e-13,3e-10,2e-10,0.0815,30500000000.0,1470000000.0,10.43,-93.05
3.5e-05,1.3e-05,3e-13,3.5e-10,1e-10,0.0815,28500000000.0,1310000000.0,10.77,-93.82
3.5e-05,1.3e-05,3e-13,3.5e-10,5e-11,0.0815,28500000000.0,1310000000.0,10.78,-93.6
3.5e-05,1.3e-05,3e-13,3.5e-10,1.5e-10,0.0815,28500000000.0,1310000000.0,10.78,-94.13
3.5e-05,1.3e-05,3e-13,3.5e-10,2e-10,0.0815,28500000000.0,1310000000.0,10.78,-93.99
3.5e-05,1.3e-05,3e-13,3.5e-10,2.5e-10,0.0815,28500000000.0,1310000000.0,10.78,-94.03
3.5e-05,1.3e-05,3e-13,4.5e-10,1e-10,0.0815,25800000000.0,1110000000.0,11.29,-89.2
3.5e-05,1.3e-05,3e-13,4.5e-10,5e-11,0.0815,25800000000.0,1120000000.0,11.3,-89.08
3.5e-05,1.3e-05,3e-13,4.5e-10,1.5e-10,0.0815,25800000000.0,1110000000.0,11.3,-88.43
3.5e-05,1.3e-05,3e-13,4.5e-10,2e-10,0.0815,25800000000.0,1110000000.0,11.29,-89.18
3.5e-05,1.3e-05,3e-13,4.5e-10,2.5e-10,0.0815,25800000000.0,1110000000.0,11.3,-88.99
3.5e-05,1.3e-05,3e-13,5e-10,1e-10,0.0815,24800000000.0,1050000000.0,11.51,-87.57
3.5e-05,1.3e-05,3e-13,5e-10,5e-11,0.0815,24800000000.0,1050000000.0,11.51,-87.73
3.5e-05,1.3e-05,3e-13,5e-10,1.5e-10,0.0815,24800000000.0,1050000000.0,11.51,-87.31
3.5e-05,1.3e-05,3e-13,5e-10,2e-10,0.0815,24800000000.0,1050000000.0,11.51,-87.43
3.5e-05,1.3e-05,3e-13,5e-10,2.5e-10,0.0815,24800000000.0,1050000000.0,11.52,-87.38
3.5e-05,1.3e-05,4e-13,4e-10,1e-10,0.0815,27000000000.0,1190000000.0,11.05,-92.09
3.5e-05,1.3e-05,4e-13,4e-10,5e-11,0.0815,27000000000.0,1200000000.0,11.06,-91.38
3.5e-05,1.3e-05,4e-13,4e-10,1.5e-10,0.0815,27000000000.0,1200000000.0,11.06,-91.33
3.5e-05,1.3e-05,4e-13,4e-10,2e-10,0.0815,27000000000.0,1200000000.0,11.05,-91.41
3.5e-05,1.3e-05,4e-13,4e-10,2.5e-10,0.0815,27000000000.0,1200000000.0,11.05,-90.27
3.5e-05,1.3e-05,4e-13,3e-10,5e-11,0.0815,30500000000.0,1470000000.0,10.43,-92.74
3.5e-05,1.3e-05,4e-13,3e-10,1.5e-10,0.0815,30500000000.0,1470000000.0,10.43,-93.06
3.5e-05,1.3e-05,4e-13,3e-10,2.5e-10,0.0815,30500000000.0,1470000000.0,10.43,-92.77
3.5e-05,1.3e-05,4e-13,3.5e-10,1e-10,0.0815,28500000000.0,1310000000.0,10.78,-93.84
3.5e-05,1.3e-05,4e-13,3.5e-10,5e-11,0.0815,28500000000.0,1320000000.0,10.78,-93.44
3.5e-05,1.3e-05,4e-13,3.5e-10,1.5e-10,0.0815,28500000000.0,1310000000.0,10.78,-93.78
3.5e-05,1.3e-05,4e-13,3.5e-10,2.5e-10,0.0815,28500000000.0,1310000000.0,10.78,-93.98
3.5e-05,1.3e-05,4e-13,4.5e-10,1e-10,0.0815,25800000000.0,1110000000.0,11.29,-89.11
3.5e-05,1.3e-05,4e-13,4.5e-10,5e-11,0.0815,25800000000.0,1110000000.0,11.3,-88.95
3.5e-05,1.3e-05,4e-13,4.5e-10,1.5e-10,0.0815,25800000000.0,1110000000.0,11.29,-89.44
3.5e-05,1.3e-05,4e-13,4.5e-10,2e-10,0.0815,25800000000.0,1110000000.0,11.3,-89.24
3.5e-05,1.3e-05,4e-13,4.5e-10,2.5e-10,0.0815,25800000000.0,1110000000.0,11.3,-89.57
3.5e-05,1.3e-05,4e-13,5e-10,1e-10,0.0815,24800000000.0,1050000000.0,11.52,-87.43
3.5e-05,1.3e-05,4e-13,5e-10,5e-11,0.0815,24800000000.0,1050000000.0,11.51,-87.83
3.5e-05,1.3e-05,4e-13,5e-10,1.5e-10,0.0815,24800000000.0,1050000000.0,11.51,-87.35
3.5e-05,1.3e-05,4e-13,5e-10,2e-10,0.0815,24800000000.0,1050000000.0,11.51,-88.06
3.5e-05,1.3e-05,4e-13,5e-10,2.5e-10,0.0815,24800000000.0,1050000000.0,11.51,-86.93
3.5e-05,1.3e-05,6e-13,4e-10,1e-10,0.0815,27000000000.0,1190000000.0,11.05,-92.34
3.5e-05,1.3e-05,6e-13,4e-10,5e-11,0.0815,27000000000.0,1200000000.0,11.05,-91.59
3.5e-05,1.3e-05,6e-13,4e-10,1.5e-10,0.0815,27000000000.0,1200000000.0,11.05,-91.94
3.5e-05,1.3e-05,6e-13,4e-10,2e-10,0.0815,27000000000.0,1200000000.0,11.05,-91.32
3.5e-05,1.3e-05,6e-13,3e-10,5e-11,0.0815,30500000000.0,1470000000.0,10.43,-92.81
3.5e-05,1.3e-05,6e-13,3e-10,2e-10,0.0815,30500000000.0,1470000000.0,10.43,-92.98
3.5e-05,1.3e-05,6e-13,3e-10,2.5e-10,0.0815,30500000000.0,1470000000.0,10.43,-93.02
3.5e-05,1.3e-05,6e-13,3.5e-10,1e-10,0.0815,28500000000.0,1310000000.0,10.78,-93.89
3.5e-05,1.3e-05,6e-13,3.5e-10,5e-11,0.0815,28500000000.0,1310000000.0,10.78,-94.25
3.5e-05,1.3e-05,6e-13,3.5e-10,1.5e-10,0.0815,28500000000.0,1310000000.0,10.78,-94.04
3.5e-05,1.3e-05,6e-13,3.5e-10,2e-10,0.0815,28500000000.0,1310000000.0,10.78,-94.24
3.5e-05,1.3e-05,6e-13,3.5e-10,2.5e-10,0.0815,28500000000.0,1310000000.0,10.78,-94.06
3.5e-05,1.3e-05,6e-13,4.5e-10,1e-10,0.0815,25800000000.0,1110000000.0,11.29,-89.06
3.5e-05,1.3e-05,6e-13,4.5e-10,5e-11,0.0815,25800000000.0,1110000000.0,11.29,-89.19
3.5e-05,1.3e-05,6e-13,4.5e-10,1.5e-10,0.0815,25800000000.0,1110000000.0,11.29,-89.21
3.5e-05,1.3e-05,6e-13,4.5e-10,2e-10,0.0815,25800000000.0,1110000000.0,11.3,-89.26
3.5e-05,1.3e-05,6e-13,4.5e-10,2.5e-10,0.0815,25800000000.0,1110000000.0,11.29,-89.48
3.5e-05,1.3e-05,6e-13,5e-10,1e-10,0.0815,24800000000.0,1040000000.0,11.52,-87.35
3.5e-05,1.3e-05,6e-13,5e-10,5e-11,0.0815,24800000000.0,1040000000.0,11.51,-87.35
3.5e-05,1.3e-05,6e-13,5e-10,1.5e-10,0.0815,24800000000.0,1050000000.0,11.51,-87.49
3.5e-05,1.3e-05,6e-13,5e-10,2e-10,0.0815,24800000000.0,1050000000.0,11.52,-87.01
3.5e-05,1.3e-05,6e-13,5e-10,2.5e-10,0.0815,24800000000.0,1050000000.0,11.51,-86.81
3.5e-05,1.3e-05,7e-13,4e-10,1e-10,0.0815,27000000000.0,1200000000.0,11.05,-90.75
3.5e-05,1.3e-05,7e-13,4e-10,5e-11,0.0815,27000000000.0,1190000000.0,11.05,-90.7
3.5e-05,1.3e-05,7e-13,4e-10,1.5e-10,0.0815,27000000000.0,1200000000.0,11.05,-91.06
3.5e-05,1.3e-05,7e-13,4e-10,2e-10,0.0815,27000000000.0,1200000000.0,11.05,-90.86
3.5e-05,1.3e-05,7e-13,4e-10,2.5e-10,0.0815,27000000000.0,1200000000.0,11.06,-91.26
3.5e-05,1.3e-05,7e-13,3e-10,5e-11,0.0815,30500000000.0,1470000000.0,10.43,-93.07
3.5e-05,1.3e-05,7e-13,3e-10,1.5e-10,0.0815,30500000000.0,1470000000.0,10.43,-92.89
3.5e-05,1.3e-05,7e-13,3e-10,2.5e-10,0.0815,30500000000.0,1470000000.0,10.43,-92.92
3.5e-05,1.3e-05,7e-13,3.5e-10,1.5e-10,0.0815,28500000000.0,1310000000.0,10.78,-93.8
3.5e-05,1.3e-05,7e-13,3.5e-10,2e-10,0.0815,28500000000.0,1310000000.0,10.78,-94.16
3.5e-05,1.3e-05,7e-13,3.5e-10,2.5e-10,0.0815,28500000000.0,1310000000.0,10.77,-93.8
3.5e-05,1.3e-05,7e-13,4.5e-10,1e-10,0.0815,25800000000.0,1110000000.0,11.3,-88.31
3.5e-05,1.3e-05,7e-13,4.5e-10,5e-11,0.0815,25800000000.0,1110000000.0,11.29,-88.83
3.5e-05,1.3e-05,7e-13,4.5e-10,1.5e-10,0.0815,25800000000.0,1110000000.0,11.3,-89.47
3.5e-05,1.3e-05,7e-13,4.5e-10,2e-10,0.0815,25800000000.0,1110000000.0,11.3,-88.7
3.5e-05,1.3e-05,7e-13,4.5e-10,2.5e-10,0.0815,25800000000.0,1110000000.0,11.3,-89.25
3.5e-05,1.3e-05,7e-13,5e-10,1e-10,0.0815,24800000000.0,1040000000.0,11.51,-87.37
3.5e-05,1.3e-05,7e-13,5e-10,1.5e-10,0.0815,24800000000.0,1050000000.0,11.51,-87.46
3.5e-05,1.3e-05,7e-13,5e-10,2.5e-10,0.0815,24800000000.0,1050000000.0,11.51,-87.79
3.5e-05,1.4e-05,5e-13,4e-10,1e-10,0.0815,26900000000.0,1230000000.0,11.06,-91.4
3.5e-05,1.4e-05,5e-13,4e-10,5e-11,0.0815,26900000000.0,1230000000.0,11.06,-91.44
3.5e-05,1.4e-05,5e-13,4e-10,1.5e-10,0.0815,26900000000.0,1230000000.0,11.06,-90.59
3.5e-05,1.4e-05,5e-13,4e-10,2e-10,0.0815,26900000000.0,1230000000.0,11.06,-90.89
3.5e-05,1.4e-05,5e-13,4e-10,2.5e-10,0.0815,26900000000.0,1220000000.0,11.06,-90.14
3.5e-05,1.4e-05,5e-13,3e-10,1e-10,0.0815,30400000000.0,1510000000.0,10.43,-93.3
3.5e-05,1.4e-05,5e-13,3e-10,5e-11,0.0815,30400000000.0,1510000000.0,10.43,-93.08
3.5e-05,1.4e-05,5e-13,3e-10,1.5e-10,0.0815,30400000000.0,1510000000.0,10.43,-93.39
3.5e-05,1.4e-05,5e-13,3e-10,2e-10,0.0815,30400000000.0,1510000000.0,10.43,-93.47
3.5e-05,1.4e-05,5e-13,3e-10,2.5e-10,0.0815,30400000000.0,1510000000.0,10.43,-93.42
3.5e-05,1.4e-05,5e-13,3.5e-10,1e-10,0.0815,28400000000.0,1340000000.0,10.78,-93.89
3.5e-05,1.4e-05,5e-13,3.5e-10,5e-11,0.0815,28400000000.0,1340000000.0,10.78,-93.97
3.5e-05,1.4e-05,5e-13,3.5e-10,1.5e-10,0.0815,28400000000.0,1350000000.0,10.78,-93.81
3.5e-05,1.4e-05,5e-13,3.5e-10,2e-10,0.0815,28400000000.0,1340000000.0,10.78,-94.22
3.5e-05,1.4e-05,5e-13,3.5e-10,2.5e-10,0.0815,28400000000.0,1350000000.0,10.78,-94.01
3.5e-05,1.4e-05,5e-13,4.5e-10,1e-10,0.0815,25700000000.0,1140000000.0,11.31,-88.9
3.5e-05,1.4e-05,5e-13,4.5e-10,5e-11,0.0815,25700000000.0,1140000000.0,11.3,-86.81
3.5e-05,1.4e-05,5e-13,4.5e-10,1.5e-10,0.0815,25700000000.0,1140000000.0,11.31,-88.82
3.5e-05,1.4e-05,5e-13,4.5e-10,2e-10,0.0815,25700000000.0,1140000000.0,11.3,-89.35
3.5e-05,1.4e-05,5e-13,4.5e-10,2.5e-10,0.0815,25700000000.0,1140000000.0,11.3,-89.22
3.5e-05,1.4e-05,5e-13,5e-10,1e-10,0.0815,24700000000.0,1070000000.0,11.52,-87.45
3.5e-05,1.4e-05,5e-13,5e-10,5e-11,0.0815,24700000000.0,1070000000.0,11.52,-87.94
3.5e-05,1.4e-05,5e-13,5e-10,1.5e-10,0.0815,24700000000.0,1070000000.0,11.53,-87.27
3.5e-05,1.4e-05,5e-13,5e-10,2e-10,0.0815,24700000000.0,1070000000.0,11.53,-87.39
3.5e-05,1.4e-05,5e-13,5e-10,2.5e-10,0.0815,24700000000.0,1070000000.0,11.52,-87.58
3.5e-05,1.4e-05,3e-13,4e-10,1e-10,0.0815,26900000000.0,1220000000.0,11.06,-89.91
3.5e-05,1.4e-05,3e-13,4e-10,5e-11,0.0815,26900000000.0,1230000000.0,11.06,-90.85
3.5e-05,1.4e-05,3e-13,4e-10,1.5e-10,0.0815,26900000000.0,1230000000.0,11.06,-91.11
3.5e-05,1.4e-05,3e-13,4e-10,2e-10,0.0815,26900000000.0,1230000000.0,11.06,-91.29
3.5e-05,1.4e-05,3e-13,4e-10,2.5e-10,0.0815,26900000000.0,1230000000.0,11.06,-90.9
3.5e-05,1.4e-05,3e-13,3e-10,1e-10,0.0815,30400000000.0,1510000000.0,10.43,-93.33
3.5e-05,1.4e-05,3e-13,3e-10,5e-11,0.0815,30400000000.0,1510000000.0,10.43,-93.25
3.5e-05,1.4e-05,3e-13,3e-10,1.5e-10,0.0815,30400000000.0,1510000000.0,10.43,-93.13
3.5e-05,1.4e-05,3e-13,3e-10,2e-10,0.0815,30400000000.0,1510000000.0,10.43,-93.32
3.5e-05,1.4e-05,3e-13,3e-10,2.5e-10,0.0815,30400000000.0,1510000000.0,10.43,-93.34
3.5e-05,1.4e-05,3e-13,3.5e-10,1e-10,0.0815,28400000000.0,1350000000.0,10.78,-93.6
3.5e-05,1.4e-05,3e-13,3.5e-10,5e-11,0.0815,28400000000.0,1340000000.0,10.78,-93.66
3.5e-05,1.4e-05,3e-13,3.5e-10,1.5e-10,0.0815,28400000000.0,1340000000.0,10.78,-93.92
3.5e-05,1.4e-05,3e-13,3.5e-10,2e-10,0.0815,28400000000.0,1340000000.0,10.78,-93.94
3.5e-05,1.4e-05,3e-13,3.5e-10,2.5e-10,0.0815,28400000000.0,1340000000.0,10.78,-93.73
3.5e-05,1.4e-05,3e-13,4.5e-10,1e-10,0.0815,25700000000.0,1140000000.0,11.31,-88.78
3.5e-05,1.4e-05,3e-13,4.5e-10,5e-11,0.0815,25700000000.0,1140000000.0,11.31,-89.0
3.5e-05,1.4e-05,3e-13,4.5e-10,1.5e-10,0.0815,25700000000.0,1140000000.0,11.3,-89.03
3.5e-05,1.4e-05,3e-13,4.5e-10,2e-10,0.0815,25700000000.0,1140000000.0,11.31,-88.94
3.5e-05,1.4e-05,3e-13,4.5e-10,2.5e-10,0.0815,25700000000.0,1140000000.0,11.31,-88.87
3.5e-05,1.4e-05,3e-13,5e-10,1e-10,0.0815,24700000000.0,1070000000.0,11.52,-87.29
3.5e-05,1.4e-05,3e-13,5e-10,5e-11,0.0815,24700000000.0,1070000000.0,11.53,-87.48
3.5e-05,1.4e-05,3e-13,5e-10,2e-10,0.0815,24700000000.0,1070000000.0,11.53,-87.33
3.5e-05,1.4e-05,3e-13,5e-10,2.5e-10,0.0815,24700000000.0,1070000000.0,11.52,-87.77
3.5e-05,1.4e-05,4e-13,4e-10,1e-10,0.0815,26900000000.0,1230000000.0,11.06,-90.8
3.5e-05,1.4e-05,4e-13,4e-10,5e-11,0.0815,26900000000.0,1230000000.0,11.06,-90.45
3.5e-05,1.4e-05,4e-13,4e-10,1.5e-10,0.0815,26900000000.0,1230000000.0,11.06,-91.28
3.5e-05,1.4e-05,4e-13,4e-10,2e-10,0.0815,26900000000.0,1230000000.0,11.06,-91.07
3.5e-05,1.4e-05,4e-13,4e-10,2.5e-10,0.0815,26900000000.0,1230000000.0,11.06,-89.62
3.5e-05,1.4e-05,4e-13,3e-10,1e-10,0.0815,30400000000.0,1510000000.0,10.43,-93.22
3.5e-05,1.4e-05,4e-13,3e-10,5e-11,0.0815,30400000000.0,1510000000.0,10.43,-93.03
3.5e-05,1.4e-05,4e-13,3e-10,1.5e-10,0.0815,30400000000.0,1510000000.0,10.43,-93.07
3.5e-05,1.4e-05,4e-13,3e-10,2.5e-10,0.0815,30400000000.0,1510000000.0,10.43,-93.38
3.5e-05,1.4e-05,4e-13,3.5e-10,1e-10,0.0815,28400000000.0,1340000000.0,10.78,-93.74
3.5e-05,1.4e-05,4e-13,3.5e-10,5e-11,0.0815,28400000000.0,1340000000.0,10.78,-93.88
3.5e-05,1.4e-05,4e-13,3.5e-10,1.5e-10,0.0815,28400000000.0,1340000000.0,10.78,-93.8
3.5e-05,1.4e-05,4e-13,3.5e-10,2e-10,0.0815,28400000000.0,1350000000.0,10.78,-94.0
3.5e-05,1.4e-05,4e-13,4.5e-10,1e-10,0.0815,25700000000.0,1140000000.0,11.3,-89.0
3.5e-05,1.4e-05,4e-13,4.5e-10,1.5e-10,0.0815,25700000000.0,1140000000.0,11.3,-89.14
3.5e-05,1.4e-05,4e-13,4.5e-10,2e-10,0.0815,25700000000.0,1140000000.0,11.31,-88.86
3.5e-05,1.4e-05,4e-13,5e-10,1e-10,0.0815,24700000000.0,1070000000.0,11.52,-87.47
3.5e-05,1.4e-05,4e-13,5e-10,1.5e-10,0.0815,24700000000.0,1070000000.0,11.53,-87.25
3.5e-05,1.4e-05,4e-13,5e-10,2e-10,0.0815,24700000000.0,1070000000.0,11.53,-87.35
3.5e-05,1.4e-05,6e-13,4e-10,1e-10,0.0815,26900000000.0,1230000000.0,11.06,-91.22
3.5e-05,1.4e-05,6e-13,4e-10,5e-11,0.0815,26900000000.0,1220000000.0,11.06,-91.22
3.5e-05,1.4e-05,6e-13,4e-10,1.5e-10,0.0815,26900000000.0,1230000000.0,11.06,-90.84
3.5e-05,1.4e-05,6e-13,4e-10,2e-10,0.0815,26900000000.0,1220000000.0,11.06,-90.99
3.5e-05,1.4e-05,6e-13,4e-10,2.5e-10,0.0815,26900000000.0,1220000000.0,11.06,-90.86
3.5e-05,1.4e-05,6e-13,3e-10,1e-10,0.0815,30400000000.0,1510000000.0,10.43,-93.75
3.5e-05,1.4e-05,6e-13,3e-10,2e-10,0.0815,30400000000.0,1510000000.0,10.43,-93.44
3.5e-05,1.4e-05,6e-13,3e-10,2.5e-10,0.0815,30400000000.0,1510000000.0,10.43,-93.16
3.5e-05,1.4e-05,6e-13,3.5e-10,1e-10,0.0815,28400000000.0,1340000000.0,10.78,-86.29
3.5e-05,1.4e-05,6e-13,3.5e-10,5e-11,0.0815,28400000000.0,1340000000.0,10.78,-93.64
3.5e-05,1.4e-05,6e-13,3.5e-10,2e-10,0.0815,28400000000.0,1350000000.0,10.78,-93.35
3.5e-05,1.4e-05,6e-13,3.5e-10,2.5e-10,0.0815,28400000000.0,1350000000.0,10.78,-93.91
3.5e-05,1.4e-05,6e-13,4.5e-10,1e-10,0.0815,25700000000.0,1140000000.0,11.31,-89.15
3.5e-05,1.4e-05,6e-13,4.5e-10,5e-11,0.0815,25700000000.0,1140000000.0,11.31,-88.51
3.5e-05,1.4e-05,6e-13,4.5e-10,1.5e-10,0.0815,25700000000.0,1140000000.0,11.3,-88.77
3.5e-05,1.4e-05,6e-13,4.5e-10,2e-10,0.0815,25700000000.0,1140000000.0,11.3,-89.23
3.5e-05,1.4e-05,6e-13,4.5e-10,2.5e-10,0.0815,25700000000.0,1140000000.0,11.31,-88.96
3.5e-05,1.4e-05,6e-13,5e-10,1e-10,0.0815,24700000000.0,1070000000.0,11.53,-87.07
3.5e-05,1.4e-05,6e-13,5e-10,5e-11,0.0815,24700000000.0,1070000000.0,11.52,-87.46
3.5e-05,1.4e-05,6e-13,5e-10,1.5e-10,0.0815,24700000000.0,1070000000.0,11.53,-87.21
3.5e-05,1.4e-05,6e-13,5e-10,2e-10,0.0815,24700000000.0,1070000000.0,11.52,-87.62
3.5e-05,1.4e-05,6e-13,5e-10,2.5e-10,0.0815,24700000000.0,1070000000.0,11.52,-87.48
3.5e-05,1.4e-05,7e-13,4e-10,1e-10,0.0815,26900000000.0,1230000000.0,11.06,-90.86
3.5e-05,1.4e-05,7e-13,4e-10,2e-10,0.0815,26900000000.0,1230000000.0,11.06,-91.16
3.5e-05,1.4e-05,7e-13,4e-10,2.5e-10,0.0815,26900000000.0,1230000000.0,11.06,-84.62
3.5e-05,1.4e-05,7e-13,3e-10,1e-10,0.0815,30400000000.0,1510000000.0,10.43,-93.27
3.5e-05,1.4e-05,7e-13,3e-10,5e-11,0.0815,30400000000.0,1510000000.0,10.43,-93.0
3.5e-05,1.4e-05,7e-13,3e-10,1.5e-10,0.0815,30400000000.0,1510000000.0,10.43,-93.1
3.5e-05,1.4e-05,7e-13,3e-10,2e-10,0.0815,30400000000.0,1510000000.0,10.43,-92.95
3.5e-05,1.4e-05,7e-13,3e-10,2.5e-10,0.0815,30400000000.0,1500000000.0,10.43,-93.31
3.5e-05,1.4e-05,7e-13,3.5e-10,1e-10,0.0815,28400000000.0,1350000000.0,10.78,-94.06
3.5e-05,1.4e-05,7e-13,3.5e-10,5e-11,0.0815,28400000000.0,1340000000.0,10.78,-94.19
3.5e-05,1.4e-05,7e-13,3.5e-10,1.5e-10,0.0815,28400000000.0,1350000000.0,10.78,-94.14
3.5e-05,1.4e-05,7e-13,3.5e-10,2e-10,0.0815,28400000000.0,1340000000.0,10.78,-93.48
3.5e-05,1.4e-05,7e-13,3.5e-10,2.5e-10,0.0815,28400000000.0,1340000000.0,10.78,-94.08
3.5e-05,1.4e-05,7e-13,4.5e-10,1e-10,0.0815,25700000000.0,1140000000.0,11.3,-88.87
3.5e-05,1.4e-05,7e-13,4.5e-10,5e-11,0.0815,25700000000.0,1140000000.0,11.31,-88.68
3.5e-05,1.4e-05,7e-13,4.5e-10,1.5e-10,0.0815,25700000000.0,1140000000.0,11.3,-88.81
3.5e-05,1.4e-05,7e-13,4.5e-10,2e-10,0.0815,25700000000.0,1140000000.0,11.3,-89.5
3.5e-05,1.4e-05,7e-13,4.5e-10,2.5e-10,0.0815,25700000000.0,1140000000.0,11.3,-88.69
3.5e-05,1.4e-05,7e-13,5e-10,1e-10,0.0815,24700000000.0,1070000000.0,11.53,-87.31
3.5e-05,1.4e-05,7e-13,5e-10,2e-10,0.0815,24700000000.0,1070000000.0,11.53,-87.08
3.5e-05,1.5e-05,5e-13,4e-10,1e-10,0.0815,26700000000.0,1250000000.0,11.06,-90.98
3.5e-05,1.5e-05,5e-13,4e-10,5e-11,0.0815,26700000000.0,1250000000.0,11.06,-90.79
3.5e-05,1.5e-05,5e-13,4e-10,1.5e-10,0.0815,26700000000.0,1250000000.0,11.07,-90.95
3.5e-05,1.5e-05,5e-13,4e-10,2e-10,0.0815,26700000000.0,1250000000.0,11.07,-83.07
3.5e-05,1.5e-05,5e-13,3e-10,1e-10,0.0815,30200000000.0,1530000000.0,10.43,-93.34
3.5e-05,1.5e-05,5e-13,3e-10,1.5e-10,0.0815,30200000000.0,1530000000.0,10.43,-93.0
3.5e-05,1.5e-05,5e-13,3e-10,2e-10,0.0815,30200000000.0,1530000000.0,10.43,-93.46
3.5e-05,1.5e-05,5e-13,3e-10,2.5e-10,0.0815,30200000000.0,1530000000.0,10.43,-93.52
3.5e-05,1.5e-05,5e-13,3.5e-10,1e-10,0.0815,28200000000.0,1370000000.0,10.78,-93.85
3.5e-05,1.5e-05,5e-13,3.5e-10,5e-11,0.0815,28200000000.0,1370000000.0,10.78,-93.26
3.5e-05,1.5e-05,5e-13,3.5e-10,1.5e-10,0.0815,28200000000.0,1370000000.0,10.78,-93.78
3.5e-05,1.5e-05,5e-13,3.5e-10,2e-10,0.0815,28200000000.0,1360000000.0,10.78,-93.5
3.5e-05,1.5e-05,5e-13,3.5e-10,2.5e-10,0.0815,28200000000.0,1370000000.0,10.78,-93.95
3.5e-05,1.5e-05,5e-13,4.5e-10,1e-10,0.0815,25500000000.0,1160000000.0,11.31,-89.07
3.5e-05,1.5e-05,5e-13,4.5e-10,5e-11,0.0815,25500000000.0,1160000000.0,11.31,-88.78
3.5e-05,1.5e-05,5e-13,4.5e-10,1.5e-10,0.0815,25500000000.0,1160000000.0,11.31,-88.83
3.5e-05,1.5e-05,5e-13,4.5e-10,2e-10,0.0815,25500000000.0,1160000000.0,11.31,-88.7
3.5e-05,1.5e-05,5e-13,5e-10,1e-10,0.0815,24600000000.0,1090000000.0,11.54,-87.45
3.5e-05,1.5e-05,5e-13,5e-10,5e-11,0.0815,24600000000.0,1090000000.0,11.53,-87.35
3.5e-05,1.5e-05,5e-13,5e-10,1.5e-10,0.0815,24600000000.0,1090000000.0,11.54,-87.21
3.5e-05,1.5e-05,5e-13,5e-10,2e-10,0.0815,24600000000.0,1090000000.0,11.54,-86.9
3.5e-05,1.5e-05,5e-13,5e-10,2.5e-10,0.0815,24600000000.0,1090000000.0,11.54,-87.1
3.5e-05,1.5e-05,3e-13,4e-10,1e-10,0.0815,26800000000.0,1250000000.0,11.07,-90.92
3.5e-05,1.5e-05,3e-13,4e-10,5e-11,0.0815,26800000000.0,1250000000.0,11.07,-90.68
3.5e-05,1.5e-05,3e-13,4e-10,1.5e-10,0.0815,26800000000.0,1250000000.0,11.07,-90.78
3.5e-05,1.5e-05,3e-13,4e-10,2e-10,0.0815,26800000000.0,1250000000.0,11.07,-90.42
3.5e-05,1.5e-05,3e-13,4e-10,2.5e-10,0.0815,26800000000.0,1250000000.0,11.07,-90.69
3.5e-05,1.5e-05,3e-13,3e-10,1e-10,0.0815,30200000000.0,1530000000.0,10.43,-93.79
3.5e-05,1.5e-05,3e-13,3e-10,5e-11,0.0815,30200000000.0,1530000000.0,10.43,-93.83
3.5e-05,1.5e-05,3e-13,3e-10,1.5e-10,0.0815,30200000000.0,1530000000.0,10.43,-93.54
3.5e-05,1.5e-05,3e-13,3e-10,2e-10,0.0815,30200000000.0,1530000000.0,10.43,-93.5
3.5e-05,1.5e-05,3e-13,3e-10,2.5e-10,0.0815,30200000000.0,1530000000.0,10.43,-93.61
3.5e-05,1.5e-05,3e-13,3.5e-10,1e-10,0.0815,28300000000.0,1360000000.0,10.78,-93.47
3.5e-05,1.5e-05,3e-13,3.5e-10,5e-11,0.0815,28300000000.0,1370000000.0,10.78,-93.51
3.5e-05,1.5e-05,3e-13,3.5e-10,1.5e-10,0.0815,28300000000.0,1370000000.0,10.78,-93.84
3.5e-05,1.5e-05,3e-13,3.5e-10,2e-10,0.0815,28300000000.0,1370000000.0,10.78,-93.69
3.5e-05,1.5e-05,3e-13,3.5e-10,2.5e-10,0.0815,28300000000.0,1370000000.0,10.78,-93.61
3.5e-05,1.5e-05,3e-13,4.5e-10,1e-10,0.0815,25600000000.0,1160000000.0,11.31,-88.66
3.5e-05,1.5e-05,3e-13,4.5e-10,5e-11,0.0815,25600000000.0,1160000000.0,11.31,-88.49
3.5e-05,1.5e-05,3e-13,4.5e-10,1.5e-10,0.0815,25600000000.0,1160000000.0,11.31,-88.89
3.5e-05,1.5e-05,3e-13,4.5e-10,2e-10,0.0815,25600000000.0,1160000000.0,11.31,-88.35
3.5e-05,1.5e-05,3e-13,4.5e-10,2.5e-10,0.0815,25600000000.0,1160000000.0,11.31,-88.53
3.5e-05,1.5e-05,3e-13,5e-10,1e-10,0.0815,24600000000.0,1090000000.0,11.53,-87.45
3.5e-05,1.5e-05,3e-13,5e-10,5e-11,0.0815,24600000000.0,1090000000.0,11.53,-87.53
3.5e-05,1.5e-05,3e-13,5e-10,1.5e-10,0.0815,24600000000.0,1090000000.0,11.54,-87.43
3.5e-05,1.5e-05,3e-13,5e-10,2e-10,0.0815,24600000000.0,1090000000.0,11.53,-87.37
3.5e-05,1.5e-05,3e-13,5e-10,2.5e-10,0.0815,24600000000.0,1090000000.0,11.54,-86.99
3.5e-05,1.5e-05,4e-13,4e-10,1e-10,0.0815,26700000000.0,1250000000.0,11.06,-91.01
3.5e-05,1.5e-05,4e-13,4e-10,5e-11,0.0815,26700000000.0,1250000000.0,11.06,-90.99
3.5e-05,1.5e-05,4e-13,4e-10,1.5e-10,0.0815,26700000000.0,1250000000.0,11.07,-90.71
3.5e-05,1.5e-05,4e-13,4e-10,2e-10,0.0815,26700000000.0,1250000000.0,11.07,-90.76
3.5e-05,1.5e-05,4e-13,4e-10,2.5e-10,0.0815,26700000000.0,1250000000.0,11.07,-90.93
3.5e-05,1.5e-05,4e-13,3e-10,1e-10,0.0815,30200000000.0,1530000000.0,10.43,-93.37
3.5e-05,1.5e-05,4e-13,3e-10,5e-11,0.0815,30200000000.0,1530000000.0,10.43,-90.52
3.5e-05,1.5e-05,4e-13,3e-10,1.5e-10,0.0815,30200000000.0,1530000000.0,10.43,-93.36
3.5e-05,1.5e-05,4e-13,3e-10,2e-10,0.0815,30200000000.0,1530000000.0,10.43,-93.68
3.5e-05,1.5e-05,4e-13,3.5e-10,1e-10,0.0815,28300000000.0,1370000000.0,10.78,-93.92
3.5e-05,1.5e-05,4e-13,3.5e-10,5e-11,0.0815,28300000000.0,1370000000.0,10.78,-93.53
3.5e-05,1.5e-05,4e-13,3.5e-10,1.5e-10,0.0815,28300000000.0,1370000000.0,10.78,-93.72
3.5e-05,1.5e-05,4e-13,3.5e-10,2e-10,0.0815,28300000000.0,1370000000.0,10.78,-93.45
3.5e-05,1.5e-05,4e-13,3.5e-10,2.5e-10,0.0815,28300000000.0,1370000000.0,10.78,-89.59
3.5e-05,1.5e-05,4e-13,4.5e-10,1e-10,0.0815,25600000000.0,1160000000.0,11.31,-89.06
3.5e-05,1.5e-05,4e-13,4.5e-10,5e-11,0.0815,25600000000.0,1160000000.0,11.31,-88.63
3.5e-05,1.5e-05,4e-13,4.5e-10,1.5e-10,0.0815,25500000000.0,1160000000.0,11.31,-89.19
3.5e-05,1.5e-05,4e-13,4.5e-10,2e-10,0.0815,25500000000.0,1160000000.0,11.31,-88.76
3.5e-05,1.5e-05,4e-13,4.5e-10,2.5e-10,0.0815,25500000000.0,1160000000.0,11.31,-89.37
3.5e-05,1.5e-05,4e-13,5e-10,1e-10,0.0815,24600000000.0,1090000000.0,11.54,-87.6
3.5e-05,1.5e-05,4e-13,5e-10,5e-11,0.0815,24600000000.0,1090000000.0,11.54,-87.54
3.5e-05,1.5e-05,4e-13,5e-10,2e-10,0.0815,24600000000.0,1090000000.0,11.54,-87.44
3.5e-05,1.5e-05,4e-13,5e-10,2.5e-10,0.0815,24600000000.0,1090000000.0,11.53,-87.29
3.5e-05,1.5e-05,6e-13,4e-10,1e-10,0.0815,26700000000.0,1250000000.0,11.07,-90.37
3.5e-05,1.5e-05,6e-13,4e-10,5e-11,0.0815,26700000000.0,1250000000.0,11.07,-90.66
3.5e-05,1.5e-05,6e-13,4e-10,1.5e-10,0.0815,26700000000.0,1250000000.0,11.06,-90.8
3.5e-05,1.5e-05,6e-13,4e-10,2e-10,0.0815,26700000000.0,1250000000.0,11.07,-90.96
3.5e-05,1.5e-05,6e-13,4e-10,2.5e-10,0.0815,26700000000.0,1250000000.0,11.06,-91.05
3.5e-05,1.5e-05,6e-13,3e-10,1e-10,0.0815,30200000000.0,1530000000.0,10.43,-93.2
3.5e-05,1.5e-05,6e-13,3e-10,5e-11,0.0815,30200000000.0,1530000000.0,10.43,-93.56
3.5e-05,1.5e-05,6e-13,3e-10,1.5e-10,0.0815,30200000000.0,1530000000.0,10.43,-93.4
3.5e-05,1.5e-05,6e-13,3e-10,2e-10,0.0815,30200000000.0,1530000000.0,10.43,-93.7
3.5e-05,1.5e-05,6e-13,3e-10,2.5e-10,0.0815,30200000000.0,1530000000.0,10.43,-93.73
3.5e-05,1.5e-05,6e-13,3.5e-10,1e-10,0.0815,28200000000.0,1370000000.0,10.78,-93.54
3.5e-05,1.5e-05,6e-13,3.5e-10,5e-11,0.0815,28200000000.0,1360000000.0,10.78,-94.12
3.5e-05,1.5e-05,6e-13,3.5e-10,1.5e-10,0.0815,28200000000.0,1370000000.0,10.78,-93.99
3.5e-05,1.5e-05,6e-13,3.5e-10,2e-10,0.0815,28200000000.0,1360000000.0,10.78,-93.78
3.5e-05,1.5e-05,6e-13,3.5e-10,2.5e-10,0.0815,28200000000.0,1360000000.0,10.78,-93.75
3.5e-05,1.5e-05,6e-13,4.5e-10,1e-10,0.0815,25500000000.0,1160000000.0,11.31,-88.94
3.5e-05,1.5e-05,6e-13,4.5e-10,5e-11,0.0815,25500000000.0,1160000000.0,11.31,-88.95
3.5e-05,1.5e-05,6e-13,4.5e-10,1.5e-10,0.0815,25500000000.0,1160000000.0,11.31,-88.61
3.5e-05,1.5e-05,6e-13,4.5e-10,2e-10,0.0815,25500000000.0,1160000000.0,11.31,-88.97
3.5e-05,1.5e-05,6e-13,4.5e-10,2.5e-10,0.0815,25500000000.0,1160000000.0,11.31,-88.58
3.5e-05,1.5e-05,6e-13,5e-10,1e-10,0.0815,24600000000.0,1090000000.0,11.53,-87.58
3.5e-05,1.5e-05,6e-13,5e-10,1.5e-10,0.0815,24600000000.0,1090000000.0,11.53,-87.57
3.5e-05,1.5e-05,6e-13,5e-10,2.5e-10,0.0815,24600000000.0,1090000000.0,11.53,-87.54
3.5e-05,1.5e-05,7e-13,4e-10,1e-10,0.0815,26700000000.0,1250000000.0,11.06,-91.06
3.5e-05,1.5e-05,7e-13,4e-10,5e-11,0.0815,26700000000.0,1250000000.0,11.07,-90.19
3.5e-05,1.5e-05,7e-13,4e-10,1.5e-10,0.0815,26700000000.0,1250000000.0,11.07,-91.23
3.5e-05,1.5e-05,7e-13,4e-10,2e-10,0.0815,26700000000.0,1250000000.0,11.07,-91.16
3.5e-05,1.5e-05,7e-13,4e-10,2.5e-10,0.0815,26700000000.0,1240000000.0,11.07,-92.15
3.5e-05,1.5e-05,7e-13,3e-10,1e-10,0.0815,30200000000.0,1530000000.0,10.43,-93.43
3.5e-05,1.5e-05,7e-13,3e-10,5e-11,0.0815,30200000000.0,1530000000.0,10.43,-93.71
3.5e-05,1.5e-05,7e-13,3e-10,1.5e-10,0.0815,30200000000.0,1530000000.0,10.43,-93.62
3.5e-05,1.5e-05,7e-13,3e-10,2.5e-10,0.0815,30200000000.0,1530000000.0,10.43,-93.72
3.5e-05,1.5e-05,7e-13,3.5e-10,1e-10,0.0815,28200000000.0,1370000000.0,10.78,-93.62
3.5e-05,1.5e-05,7e-13,3.5e-10,5e-11,0.0815,28200000000.0,1370000000.0,10.78,-93.97
3.5e-05,1.5e-05,7e-13,3.5e-10,2e-10,0.0815,28200000000.0,1370000000.0,10.78,-93.36
3.5e-05,1.5e-05,7e-13,3.5e-10,2.5e-10,0.0815,28200000000.0,1360000000.0,10.78,-93.41
3.5e-05,1.5e-05,7e-13,4.5e-10,1e-10,0.0815,25500000000.0,1150000000.0,11.31,-89.75
3.5e-05,1.5e-05,7e-13,4.5e-10,5e-11,0.0815,25500000000.0,1160000000.0,11.31,-88.88
3.5e-05,1.5e-05,7e-13,4.5e-10,1.5e-10,0.0815,25500000000.0,1160000000.0,11.31,-88.8
3.5e-05,1.5e-05,7e-13,4.5e-10,2e-10,0.0815,25500000000.0,1160000000.0,11.31,-88.91
3.5e-05,1.5e-05,7e-13,4.5e-10,2.5e-10,0.0815,25500000000.0,1160000000.0,11.31,-89.49
3.5e-05,1.5e-05,7e-13,5e-10,1e-10,0.0815,24600000000.0,1090000000.0,11.53,-87.49
3.5e-05,1.5e-05,7e-13,5e-10,5e-11,0.0815,24600000000.0,1090000000.0,11.54,-87.17
3.5e-05,1.5e-05,7e-13,5e-10,2e-10,0.0815,24600000000.0,1090000000.0,11.53,-87.84
3.5e-05,1.5e-05,7e-13,5e-10,2.5e-10,0.0815,24600000000.0,1090000000.0,11.53,-87.88
3.5e-05,1.6e-05,5e-13,4e-10,1e-10,0.0815,26600000000.0,1260000000.0,11.07,-90.68
3.5e-05,1.6e-05,5e-13,4e-10,5e-11,0.0815,26600000000.0,1260000000.0,11.07,-90.39
3.5e-05,1.6e-05,5e-13,4e-10,1.5e-10,0.0815,26600000000.0,1270000000.0,11.07,-90.08
3.5e-05,1.6e-05,5e-13,4e-10,2e-10,0.0815,26600000000.0,1260000000.0,11.07,-90.65
3.5e-05,1.6e-05,5e-13,4e-10,2.5e-10,0.0815,26600000000.0,1260000000.0,11.07,-90.06
3.5e-05,1.6e-05,5e-13,3e-10,1e-10,0.0815,30100000000.0,1550000000.0,10.43,-93.28
3.5e-05,1.6e-05,5e-13,3e-10,5e-11,0.0815,30100000000.0,1550000000.0,10.42,-93.83
3.5e-05,1.6e-05,5e-13,3e-10,1.5e-10,0.0815,30100000000.0,1550000000.0,10.43,-93.8
3.5e-05,1.6e-05,5e-13,3e-10,2e-10,0.0815,30100000000.0,1550000000.0,10.43,-93.77
3.5e-05,1.6e-05,5e-13,3e-10,2.5e-10,0.0815,30100000000.0,1550000000.0,10.43,-93.67
3.5e-05,1.6e-05,5e-13,3.5e-10,1e-10,0.0815,28100000000.0,1380000000.0,10.78,-93.32
3.5e-05,1.6e-05,5e-13,3.5e-10,5e-11,0.0815,28100000000.0,1380000000.0,10.78,-93.49
3.5e-05,1.6e-05,5e-13,3.5e-10,1.5e-10,0.0815,28100000000.0,1380000000.0,10.78,-93.81
3.5e-05,1.6e-05,5e-13,3.5e-10,2e-10,0.0815,28100000000.0,1380000000.0,10.78,-93.2
3.5e-05,1.6e-05,5e-13,3.5e-10,2.5e-10,0.0815,28100000000.0,1390000000.0,10.78,-93.55
3.5e-05,1.6e-05,5e-13,4.5e-10,1e-10,0.0815,25400000000.0,1170000000.0,11.32,-87.72
3.5e-05,1.6e-05,5e-13,4.5e-10,5e-11,0.0815,25400000000.0,1170000000.0,11.31,-89.17
3.5e-05,1.6e-05,5e-13,4.5e-10,1.5e-10,0.0815,25400000000.0,1170000000.0,11.32,-88.43
3.5e-05,1.6e-05,5e-13,4.5e-10,2e-10,0.0815,25400000000.0,1170000000.0,11.32,-88.23
3.5e-05,1.6e-05,5e-13,4.5e-10,2.5e-10,0.0815,25400000000.0,1170000000.0,11.32,-88.54
3.5e-05,1.6e-05,5e-13,5e-10,1e-10,0.0815,24500000000.0,1100000000.0,11.54,-87.22
3.5e-05,1.6e-05,5e-13,5e-10,5e-11,0.0815,24500000000.0,1100000000.0,11.54,-87.28
3.5e-05,1.6e-05,5e-13,5e-10,1.5e-10,0.0815,24500000000.0,1100000000.0,11.54,-87.07
3.5e-05,1.6e-05,5e-13,5e-10,2e-10,0.0815,24500000000.0,1100000000.0,11.54,-87.75
3.5e-05,1.6e-05,5e-13,5e-10,2.5e-10,0.0815,24500000000.0,1100000000.0,11.54,-87.12
3.5e-05,1.6e-05,3e-13,4e-10,1e-10,0.0815,26600000000.0,1270000000.0,11.07,-90.7
3.5e-05,1.6e-05,3e-13,4e-10,5e-11,0.0815,26600000000.0,1260000000.0,11.07,-90.4
3.5e-05,1.6e-05,3e-13,4e-10,2e-10,0.0815,26600000000.0,1270000000.0,11.07,-90.8
3.5e-05,1.6e-05,3e-13,4e-10,2.5e-10,0.0815,26600000000.0,1260000000.0,11.07,-91.08
3.5e-05,1.6e-05,3e-13,3e-10,1e-10,0.0815,30100000000.0,1550000000.0,10.43,-83.76
3.5e-05,1.6e-05,3e-13,3e-10,5e-11,0.0815,30100000000.0,1550000000.0,10.43,-93.96
3.5e-05,1.6e-05,3e-13,3e-10,1.5e-10,0.0815,30100000000.0,1550000000.0,10.43,-94.02
3.5e-05,1.6e-05,3e-13,3e-10,2e-10,0.0815,30100000000.0,1550000000.0,10.43,-93.74
3.5e-05,1.6e-05,3e-13,3.5e-10,1e-10,0.0815,28100000000.0,1380000000.0,10.78,-93.69
3.5e-05,1.6e-05,3e-13,3.5e-10,5e-11,0.0815,28100000000.0,1380000000.0,10.78,-93.7
3.5e-05,1.6e-05,3e-13,3.5e-10,1.5e-10,0.0815,28100000000.0,1380000000.0,10.78,-88.05
3.5e-05,1.6e-05,3e-13,3.5e-10,2e-10,0.0815,28100000000.0,1380000000.0,10.78,-93.44
3.5e-05,1.6e-05,3e-13,3.5e-10,2.5e-10,0.0815,28100000000.0,1380000000.0,10.78,-93.51
3.5e-05,1.6e-05,3e-13,4.5e-10,1e-10,0.0815,25400000000.0,1170000000.0,11.32,-87.69
3.5e-05,1.6e-05,3e-13,4.5e-10,5e-11,0.0815,25400000000.0,1170000000.0,11.32,-88.7
3.5e-05,1.6e-05,3e-13,4.5e-10,1.5e-10,0.0815,25400000000.0,1170000000.0,11.32,-88.62
3.5e-05,1.6e-05,3e-13,4.5e-10,2e-10,0.0815,25400000000.0,1180000000.0,11.32,-88.43
3.5e-05,1.6e-05,3e-13,4.5e-10,2.5e-10,0.0815,25400000000.0,1170000000.0,11.32,-88.49
3.5e-05,1.6e-05,3e-13,5e-10,1e-10,0.0815,24500000000.0,1100000000.0,11.54,-87.25
3.5e-05,1.6e-05,3e-13,5e-10,5e-11,0.0815,24500000000.0,1100000000.0,11.54,-87.11
3.5e-05,1.6e-05,3e-13,5e-10,1.5e-10,0.0815,24500000000.0,1100000000.0,11.54,-88.37
3.5e-05,1.6e-05,3e-13,5e-10,2e-10,0.0815,24500000000.0,1100000000.0,11.54,-87.26
3.5e-05,1.6e-05,3e-13,5e-10,2.5e-10,0.0815,24500000000.0,1100000000.0,11.54,-87.15
3.5e-05,1.6e-05,4e-13,4e-10,1e-10,0.0815,26600000000.0,1270000000.0,11.07,-91.02
3.5e-05,1.6e-05,4e-13,4e-10,1.5e-10,0.0815,26600000000.0,1260000000.0,11.07,-90.57
3.5e-05,1.6e-05,4e-13,4e-10,2e-10,0.0815,26600000000.0,1260000000.0,11.07,-90.79
3.5e-05,1.6e-05,4e-13,3e-10,1e-10,0.0815,30100000000.0,1550000000.0,10.43,-82.22
3.5e-05,1.6e-05,4e-13,3e-10,5e-11,0.0815,30100000000.0,1550000000.0,10.43,-93.85
3.5e-05,1.6e-05,4e-13,3e-10,1.5e-10,0.0815,30100000000.0,1550000000.0,10.43,-93.31
3.5e-05,1.6e-05,4e-13,3e-10,2.5e-10,0.0815,30100000000.0,1550000000.0,10.43,-93.89
3.5e-05,1.6e-05,4e-13,3.5e-10,1e-10,0.0815,28100000000.0,1390000000.0,10.78,-93.8
3.5e-05,1.6e-05,4e-13,3.5e-10,5e-11,0.0815,28100000000.0,1380000000.0,10.78,-93.12
3.5e-05,1.6e-05,4e-13,3.5e-10,1.5e-10,0.0815,28100000000.0,1380000000.0,10.78,-93.62
3.5e-05,1.6e-05,4e-13,3.5e-10,2e-10,0.0815,28100000000.0,1380000000.0,10.78,-93.55
3.5e-05,1.6e-05,4e-13,4.5e-10,5e-11,0.0815,25400000000.0,1170000000.0,11.32,-88.73
3.5e-05,1.6e-05,4e-13,4.5e-10,2e-10,0.0815,25400000000.0,1170000000.0,11.32,-88.67
3.5e-05,1.6e-05,4e-13,4.5e-10,2.5e-10,0.0815,25400000000.0,1180000000.0,11.32,-88.14
3.5e-05,1.6e-05,4e-13,5e-10,1e-10,0.0815,24500000000.0,1100000000.0,11.54,-87.2
3.5e-05,1.6e-05,4e-13,5e-10,5e-11,0.0815,24500000000.0,1100000000.0,11.54,-87.3
3.5e-05,1.6e-05,4e-13,5e-10,1.5e-10,0.0815,24500000000.0,1100000000.0,11.54,-86.93
3.5e-05,1.6e-05,4e-13,5e-10,2e-10,0.0815,24500000000.0,1100000000.0,11.54,-87.31
3.5e-05,1.6e-05,4e-13,5e-10,2.5e-10,0.0815,24500000000.0,1100000000.0,11.54,-87.35
3.5e-05,1.6e-05,6e-13,4e-10,1e-10,0.0815,26600000000.0,1260000000.0,11.07,-91.2
3.5e-05,1.6e-05,6e-13,4e-10,5e-11,0.0815,26600000000.0,1260000000.0,11.07,-90.88
3.5e-05,1.6e-05,6e-13,4e-10,1.5e-10,0.0815,26600000000.0,1260000000.0,11.07,-90.81
3.5e-05,1.6e-05,6e-13,4e-10,2e-10,0.0815,26600000000.0,1260000000.0,11.07,-90.03
3.5e-05,1.6e-05,6e-13,4e-10,2.5e-10,0.0815,26600000000.0,1260000000.0,11.07,-90.82
3.5e-05,1.6e-05,6e-13,3e-10,1e-10,0.0815,30100000000.0,1550000000.0,10.42,-93.87
3.5e-05,1.6e-05,6e-13,3e-10,5e-11,0.0815,30100000000.0,1550000000.0,10.43,-93.58
3.5e-05,1.6e-05,6e-13,3e-10,1.5e-10,0.0815,30100000000.0,1550000000.0,10.43,-93.7
3.5e-05,1.6e-05,6e-13,3e-10,2e-10,0.0815,30100000000.0,1550000000.0,10.43,-94.01
3.5e-05,1.6e-05,6e-13,3.5e-10,1e-10,0.0815,28100000000.0,1380000000.0,10.78,-93.64
3.5e-05,1.6e-05,6e-13,3.5e-10,5e-11,0.0815,28100000000.0,1380000000.0,10.78,-93.03
3.5e-05,1.6e-05,6e-13,3.5e-10,1.5e-10,0.0815,28100000000.0,1380000000.0,10.78,-93.8
3.5e-05,1.6e-05,6e-13,3.5e-10,2e-10,0.0815,28100000000.0,1380000000.0,10.78,-93.72
3.5e-05,1.6e-05,6e-13,3.5e-10,2.5e-10,0.0815,28100000000.0,1380000000.0,10.78,-93.33
3.5e-05,1.6e-05,6e-13,4.5e-10,1e-10,0.0815,25400000000.0,1180000000.0,11.32,-88.65
3.5e-05,1.6e-05,6e-13,4.5e-10,5e-11,0.0815,25400000000.0,1170000000.0,11.32,-88.63
3.5e-05,1.6e-05,6e-13,4.5e-10,1.5e-10,0.0815,25400000000.0,1170000000.0,11.32,-88.19
3.5e-05,1.6e-05,6e-13,4.5e-10,2e-10,0.0815,25400000000.0,1170000000.0,11.32,-88.93
3.5e-05,1.6e-05,6e-13,4.5e-10,2.5e-10,0.0815,25400000000.0,1170000000.0,11.31,-88.76
3.5e-05,1.6e-05,6e-13,5e-10,1e-10,0.0815,24500000000.0,1100000000.0,11.54,-87.21
3.5e-05,1.6e-05,6e-13,5e-10,1.5e-10,0.0815,24500000000.0,1100000000.0,11.54,-82.09
3.5e-05,1.6e-05,6e-13,5e-10,2.5e-10,0.0815,24500000000.0,1100000000.0,11.54,-87.49
3.5e-05,1.6e-05,7e-13,4e-10,1e-10,0.0815,26600000000.0,1260000000.0,11.07,-92.08
3.5e-05,1.6e-05,7e-13,4e-10,5e-11,0.0815,26600000000.0,1260000000.0,11.07,-90.75
3.5e-05,1.6e-05,7e-13,4e-10,1.5e-10,0.0815,26600000000.0,1260000000.0,11.07,-90.07
3.5e-05,1.6e-05,7e-13,4e-10,2e-10,0.0815,26600000000.0,1260000000.0,11.07,-90.77
3.5e-05,1.6e-05,7e-13,4e-10,2.5e-10,0.0815,26600000000.0,1260000000.0,11.07,-90.97
3.5e-05,1.6e-05,7e-13,3e-10,1e-10,0.0815,30100000000.0,1550000000.0,10.42,-93.23
3.5e-05,1.6e-05,7e-13,3e-10,5e-11,0.0815,30100000000.0,1550000000.0,10.43,-93.57
3.5e-05,1.6e-05,7e-13,3e-10,1.5e-10,0.0815,30100000000.0,1550000000.0,10.42,-93.67
3.5e-05,1.6e-05,7e-13,3e-10,2e-10,0.0815,30100000000.0,1550000000.0,10.42,-93.62
3.5e-05,1.6e-05,7e-13,3e-10,2.5e-10,0.0815,30100000000.0,1550000000.0,10.43,-93.69
3.5e-05,1.6e-05,7e-13,3.5e-10,1e-10,0.0815,28100000000.0,1380000000.0,10.78,-93.45
3.5e-05,1.6e-05,7e-13,3.5e-10,5e-11,0.0815,28100000000.0,1380000000.0,10.78,-93.84
3.5e-05,1.6e-05,7e-13,3.5e-10,1.5e-10,0.0815,28100000000.0,1380000000.0,10.78,-93.95
3.5e-05,1.6e-05,7e-13,3.5e-10,2e-10,0.0815,28100000000.0,1380000000.0,10.78,-93.42
3.5e-05,1.6e-05,7e-13,3.5e-10,2.5e-10,0.0815,28100000000.0,1390000000.0,10.78,-93.49
3.5e-05,1.6e-05,7e-13,4.5e-10,1e-10,0.0815,25400000000.0,1170000000.0,11.31,-88.74
3.5e-05,1.6e-05,7e-13,4.5e-10,5e-11,0.0815,25400000000.0,1170000000.0,11.32,-88.66
3.5e-05,1.6e-05,7e-13,4.5e-10,1.5e-10,0.0815,25400000000.0,1170000000.0,11.32,-88.6
3.5e-05,1.6e-05,7e-13,4.5e-10,2.5e-10,0.0815,25400000000.0,1170000000.0,11.32,-89.24
3.5e-05,1.6e-05,7e-13,5e-10,1e-10,0.0815,24500000000.0,1100000000.0,11.54,-86.62
3.5e-05,1.6e-05,7e-13,5e-10,1.5e-10,0.0815,24500000000.0,1100000000.0,11.54,-87.38
3.5e-05,1.6e-05,7e-13,5e-10,2e-10,0.0815,24500000000.0,1100000000.0,11.54,-87.32
3.5e-05,1.6e-05,7e-13,5e-10,2.5e-10,0.0815,24500000000.0,1100000000.0,11.54,-86.94
3.5e-05,1.7e-05,5e-13,4e-10,1e-10,0.0815,26500000000.0,1260000000.0,11.07,-90.44
3.5e-05,1.7e-05,5e-13,4e-10,5e-11,0.0815,26500000000.0,1280000000.0,11.06,-90.68
3.5e-05,1.7e-05,5e-13,4e-10,1.5e-10,0.0815,26500000000.0,1270000000.0,11.06,-90.62
3.5e-05,1.7e-05,5e-13,4e-10,2e-10,0.0815,26500000000.0,1270000000.0,11.06,-89.83
3.5e-05,1.7e-05,5e-13,4e-10,2.5e-10,0.0815,26500000000.0,1260000000.0,11.07,-90.48
3.5e-05,1.7e-05,5e-13,3e-10,1e-10,0.0815,30000000000.0,1550000000.0,10.42,-94.22
3.5e-05,1.7e-05,5e-13,3e-10,5e-11,0.0815,30000000000.0,1560000000.0,10.42,-94.24
3.5e-05,1.7e-05,5e-13,3e-10,1.5e-10,0.0815,30000000000.0,1560000000.0,10.42,-94.15
3.5e-05,1.7e-05,5e-13,3e-10,2e-10,0.0815,30000000000.0,1560000000.0,10.42,-93.92
3.5e-05,1.7e-05,5e-13,3e-10,2.5e-10,0.0815,30000000000.0,1560000000.0,10.42,-94.16
3.5e-05,1.7e-05,5e-13,3.5e-10,1e-10,0.0815,28000000000.0,1380000000.0,10.78,-93.33
3.5e-05,1.7e-05,5e-13,3.5e-10,5e-11,0.0815,28000000000.0,1390000000.0,10.77,-93.52
3.5e-05,1.7e-05,5e-13,3.5e-10,1.5e-10,0.0815,28000000000.0,1390000000.0,10.78,-93.26
3.5e-05,1.7e-05,5e-13,3.5e-10,2e-10,0.0815,28000000000.0,1390000000.0,10.77,-93.12
3.5e-05,1.7e-05,5e-13,3.5e-10,2.5e-10,0.0815,28000000000.0,1390000000.0,10.78,-92.93
3.5e-05,1.7e-05,5e-13,4.5e-10,1e-10,0.0815,25300000000.0,1180000000.0,11.32,-88.32
3.5e-05,1.7e-05,5e-13,4.5e-10,5e-11,0.0815,25300000000.0,1170000000.0,11.32,-89.23
3.5e-05,1.7e-05,5e-13,4.5e-10,1.5e-10,0.0815,25300000000.0,1180000000.0,11.32,-88.74
3.5e-05,1.7e-05,5e-13,4.5e-10,2e-10,0.0815,25300000000.0,1180000000.0,11.32,-88.43
3.5e-05,1.7e-05,5e-13,4.5e-10,2.5e-10,0.0815,25300000000.0,1170000000.0,11.32,-88.59
3.5e-05,1.7e-05,5e-13,5e-10,1e-10,0.0815,24400000000.0,1100000000.0,11.55,-86.98
3.5e-05,1.7e-05,5e-13,5e-10,5e-11,0.0815,24400000000.0,1110000000.0,11.54,-88.01
3.5e-05,1.7e-05,5e-13,5e-10,1.5e-10,0.0815,24400000000.0,1110000000.0,11.55,-87.27
3.5e-05,1.7e-05,5e-13,5e-10,2e-10,0.0815,24400000000.0,1100000000.0,11.55,-87.26
3.5e-05,1.7e-05,5e-13,5e-10,2.5e-10,0.0815,24400000000.0,1110000000.0,11.54,-87.23
3.5e-05,1.7e-05,3e-13,4e-10,1e-10,0.0815,26500000000.0,1280000000.0,11.06,-88.24
3.5e-05,1.7e-05,3e-13,4e-10,5e-11,0.0815,26500000000.0,1270000000.0,11.07,-90.47
3.5e-05,1.7e-05,3e-13,4e-10,1.5e-10,0.0815,26500000000.0,1280000000.0,11.07,-90.35
3.5e-05,1.7e-05,3e-13,4e-10,2e-10,0.0815,26500000000.0,1270000000.0,11.07,-90.58
3.5e-05,1.7e-05,3e-13,4e-10,2.5e-10,0.0815,26500000000.0,1280000000.0,11.06,-88.15
3.5e-05,1.7e-05,3e-13,3e-10,5e-11,0.0815,30000000000.0,1560000000.0,10.42,-94.17
3.5e-05,1.7e-05,3e-13,3e-10,1.5e-10,0.0815,30000000000.0,1560000000.0,10.42,-94.2
3.5e-05,1.7e-05,3e-13,3e-10,2e-10,0.0815,30000000000.0,1560000000.0,10.42,-94.07
3.5e-05,1.7e-05,3e-13,3e-10,2.5e-10,0.0815,30000000000.0,1560000000.0,10.42,-94.09
3.5e-05,1.7e-05,3e-13,3.5e-10,1e-10,0.0815,28000000000.0,1390000000.0,10.78,-93.41
3.5e-05,1.7e-05,3e-13,3.5e-10,5e-11,0.0815,28000000000.0,1390000000.0,10.78,-93.13
3.5e-05,1.7e-05,3e-13,3.5e-10,1.5e-10,0.0815,28000000000.0,1390000000.0,10.78,-93.24
3.5e-05,1.7e-05,3e-13,3.5e-10,2e-10,0.0815,28000000000.0,1390000000.0,10.78,-93.11
3.5e-05,1.7e-05,3e-13,3.5e-10,2.5e-10,0.0815,28000000000.0,1380000000.0,10.78,-93.01
3.5e-05,1.7e-05,3e-13,4.5e-10,1e-10,0.0815,25300000000.0,1180000000.0,11.32,-88.53
3.5e-05,1.7e-05,3e-13,4.5e-10,5e-11,0.0815,25300000000.0,1180000000.0,11.32,-88.27
3.5e-05,1.7e-05,3e-13,4.5e-10,1.5e-10,0.0815,25300000000.0,1180000000.0,11.32,-88.31
3.5e-05,1.7e-05,3e-13,4.5e-10,2e-10,0.0815,25300000000.0,1180000000.0,11.32,-88.41
3.5e-05,1.7e-05,3e-13,4.5e-10,2.5e-10,0.0815,25300000000.0,1180000000.0,11.32,-88.82
3.5e-05,1.7e-05,3e-13,5e-10,1e-10,0.0815,24400000000.0,1100000000.0,11.54,-87.23
3.5e-05,1.7e-05,3e-13,5e-10,5e-11,0.0815,24400000000.0,1110000000.0,11.55,-86.95
3.5e-05,1.7e-05,3e-13,5e-10,1.5e-10,0.0815,24400000000.0,1110000000.0,11.54,-86.98
3.5e-05,1.7e-05,3e-13,5e-10,2e-10,0.0815,24400000000.0,1110000000.0,11.55,-87.25
3.5e-05,1.7e-05,3e-13,5e-10,2.5e-10,0.0815,24400000000.0,1110000000.0,11.55,-86.97
3.5e-05,1.7e-05,4e-13,4e-10,1e-10,0.0815,26500000000.0,1270000000.0,11.06,-90.39
3.5e-05,1.7e-05,4e-13,4e-10,5e-11,0.0815,26500000000.0,1270000000.0,11.06,-90.87
3.5e-05,1.7e-05,4e-13,4e-10,1.5e-10,0.0815,26500000000.0,1270000000.0,11.06,-90.61
3.5e-05,1.7e-05,4e-13,4e-10,2e-10,0.0815,26500000000.0,1280000000.0,11.07,-90.85
3.5e-05,1.7e-05,4e-13,4e-10,2.5e-10,0.0815,26500000000.0,1270000000.0,11.06,-90.17
3.5e-05,1.7e-05,4e-13,3e-10,1e-10,0.0815,30000000000.0,1560000000.0,10.42,-94.18
3.5e-05,1.7e-05,4e-13,3e-10,5e-11,0.0815,30000000000.0,1560000000.0,10.42,-93.95
3.5e-05,1.7e-05,4e-13,3e-10,2e-10,0.0815,30000000000.0,1560000000.0,10.42,-94.26
3.5e-05,1.7e-05,4e-13,3e-10,2.5e-10,0.0815,30000000000.0,1560000000.0,10.42,-94.02
3.5e-05,1.7e-05,4e-13,3.5e-10,1e-10,0.0815,28000000000.0,1390000000.0,10.77,-92.91
3.5e-05,1.7e-05,4e-13,3.5e-10,5e-11,0.0815,28000000000.0,1380000000.0,10.78,-93.21
3.5e-05,1.7e-05,4e-13,3.5e-10,1.5e-10,0.0815,28000000000.0,1380000000.0,10.78,-93.06
3.5e-05,1.7e-05,4e-13,3.5e-10,2e-10,0.0815,28000000000.0,1390000000.0,10.78,-93.69
3.5e-05,1.7e-05,4e-13,4.5e-10,1e-10,0.0815,25300000000.0,1180000000.0,11.32,-88.42
3.5e-05,1.7e-05,4e-13,4.5e-10,1.5e-10,0.0815,25300000000.0,1180000000.0,11.32,-89.37
3.5e-05,1.7e-05,4e-13,4.5e-10,2e-10,0.0815,25300000000.0,1180000000.0,11.32,-88.55
3.5e-05,1.7e-05,4e-13,4.5e-10,2.5e-10,0.0815,25300000000.0,1180000000.0,11.32,-89.06
3.5e-05,1.7e-05,4e-13,5e-10,1e-10,0.0815,24400000000.0,1110000000.0,11.54,-87.36
3.5e-05,1.7e-05,4e-13,5e-10,5e-11,0.0815,24400000000.0,1110000000.0,11.54,-87.34
3.5e-05,1.7e-05,4e-13,5e-10,1.5e-10,0.0815,24400000000.0,1110000000.0,11.54,-87.22
3.5e-05,1.7e-05,4e-13,5e-10,2e-10,0.0815,24400000000.0,1100000000.0,11.55,-86.86
3.5e-05,1.7e-05,6e-13,4e-10,1e-10,0.0815,26500000000.0,1270000000.0,11.07,-90.51
3.5e-05,1.7e-05,6e-13,4e-10,1.5e-10,0.0815,26500000000.0,1270000000.0,11.06,-89.91
3.5e-05,1.7e-05,6e-13,4e-10,2e-10,0.0815,26500000000.0,1270000000.0,11.06,-90.46
3.5e-05,1.7e-05,6e-13,3e-10,1e-10,0.0815,29900000000.0,1560000000.0,10.42,-94.14
3.5e-05,1.7e-05,6e-13,3e-10,5e-11,0.0815,29900000000.0,1560000000.0,10.42,-94.17
3.5e-05,1.7e-05,6e-13,3e-10,1.5e-10,0.0815,29900000000.0,1560000000.0,10.42,-94.18
3.5e-05,1.7e-05,6e-13,3e-10,2.5e-10,0.0815,29900000000.0,1560000000.0,10.42,-73.92
3.5e-05,1.7e-05,6e-13,3.5e-10,1e-10,0.0815,28000000000.0,1380000000.0,10.78,-94.06
3.5e-05,1.7e-05,6e-13,3.5e-10,5e-11,0.0815,28000000000.0,1390000000.0,10.77,-93.1
3.5e-05,1.7e-05,6e-13,3.5e-10,1.5e-10,0.0815,28000000000.0,1390000000.0,10.77,-92.94
3.5e-05,1.7e-05,6e-13,3.5e-10,2e-10,0.0815,28000000000.0,1380000000.0,10.77,-92.94
3.5e-05,1.7e-05,6e-13,4.5e-10,1e-10,0.0815,25300000000.0,1180000000.0,11.32,-88.36
3.5e-05,1.7e-05,6e-13,4.5e-10,5e-11,0.0815,25300000000.0,1180000000.0,11.32,-88.85
3.5e-05,1.7e-05,6e-13,4.5e-10,1.5e-10,0.0815,25300000000.0,1180000000.0,11.32,-88.12
3.5e-05,1.7e-05,6e-13,4.5e-10,2e-10,0.0815,25300000000.0,1180000000.0,11.32,-88.93
3.5e-05,1.7e-05,6e-13,5e-10,1e-10,0.0815,24400000000.0,1100000000.0,11.55,-87.33
3.5e-05,1.7e-05,6e-13,5e-10,5e-11,0.0815,24400000000.0,1110000000.0,11.55,-86.85
3.5e-05,1.7e-05,6e-13,5e-10,1.5e-10,0.0815,24400000000.0,1110000000.0,11.55,-87.15
3.5e-05,1.7e-05,7e-13,4e-10,1e-10,0.0815,26500000000.0,1270000000.0,11.06,-90.56
3.5e-05,1.7e-05,7e-13,4e-10,5e-11,0.0815,26500000000.0,1270000000.0,11.06,-90.21
3.5e-05,1.7e-05,7e-13,4e-10,2e-10,0.0815,26500000000.0,1270000000.0,11.06,-90.47
3.5e-05,1.7e-05,7e-13,4e-10,2.5e-10,0.0815,26500000000.0,1270000000.0,11.07,-90.5
3.5e-05,1.7e-05,7e-13,3e-10,2e-10,0.0815,29900000000.0,1560000000.0,10.42,-94.02
3.5e-05,1.7e-05,7e-13,3e-10,2.5e-10,0.0815,29900000000.0,1560000000.0,10.42,-93.94
3.5e-05,1.7e-05,7e-13,3.5e-10,5e-11,0.0815,28000000000.0,1380000000.0,10.78,-93.13
3.5e-05,1.7e-05,7e-13,3.5e-10,1.5e-10,0.0815,28000000000.0,1390000000.0,10.77,-93.27
3.5e-05,1.7e-05,7e-13,3.5e-10,2e-10,0.0815,28000000000.0,1390000000.0,10.78,-93.76
3.5e-05,1.7e-05,7e-13,3.5e-10,2.5e-10,0.0815,28000000000.0,1380000000.0,10.78,-93.79
3.5e-05,1.7e-05,7e-13,4.5e-10,5e-11,0.0815,25300000000.0,1180000000.0,11.32,-88.81
3.5e-05,1.7e-05,7e-13,4.5e-10,1.5e-10,0.0815,25300000000.0,1180000000.0,11.32,-88.45
3.5e-05,1.7e-05,7e-13,4.5e-10,2e-10,0.0815,25300000000.0,1180000000.0,11.32,-89.23
3.5e-05,1.7e-05,7e-13,5e-10,1e-10,0.0815,24400000000.0,1110000000.0,11.55,-87.11
3.5e-05,1.7e-05,7e-13,5e-10,5e-11,0.0815,24400000000.0,1110000000.0,11.55,-86.92
3.5e-05,1.7e-05,7e-13,5e-10,1.5e-10,0.0815,24400000000.0,1110000000.0,11.54,-86.24
3.5e-05,1.8e-05,5e-13,4e-10,1e-10,0.0815,26400000000.0,1260000000.0,11.06,-90.8
3.5e-05,1.8e-05,5e-13,4e-10,5e-11,0.0815,26400000000.0,1270000000.0,11.06,-90.55
3.5e-05,1.8e-05,5e-13,4e-10,1.5e-10,0.0815,26400000000.0,1270000000.0,11.06,-90.93
3.5e-05,1.8e-05,5e-13,4e-10,2e-10,0.0815,26400000000.0,1260000000.0,11.06,-90.04
3.5e-05,1.8e-05,5e-13,4e-10,2.5e-10,0.0815,26400000000.0,1270000000.0,11.06,-90.56
3.5e-05,1.8e-05,5e-13,3e-10,1e-10,0.0815,29800000000.0,1550000000.0,10.4,-94.24
3.5e-05,1.8e-05,5e-13,3e-10,5e-11,0.0815,29800000000.0,1560000000.0,10.4,-94.36
3.5e-05,1.8e-05,5e-13,3e-10,1.5e-10,0.0815,29800000000.0,1550000000.0,10.4,-94.22
3.5e-05,1.8e-05,5e-13,3e-10,2e-10,0.0815,29800000000.0,1560000000.0,10.4,-94.34
3.5e-05,1.8e-05,5e-13,3e-10,2.5e-10,0.0815,29800000000.0,1560000000.0,10.4,-94.13
3.5e-05,1.8e-05,5e-13,3.5e-10,1e-10,0.0815,27900000000.0,1390000000.0,10.77,-93.02
3.5e-05,1.8e-05,5e-13,3.5e-10,5e-11,0.0815,27900000000.0,1390000000.0,10.77,-93.01
3.5e-05,1.8e-05,5e-13,3.5e-10,1.5e-10,0.0815,27900000000.0,1390000000.0,10.77,-92.72
3.5e-05,1.8e-05,5e-13,3.5e-10,2e-10,0.0815,27900000000.0,1390000000.0,10.77,-92.91
3.5e-05,1.8e-05,5e-13,3.5e-10,2.5e-10,0.0815,27900000000.0,1390000000.0,10.77,-93.16
3.5e-05,1.8e-05,5e-13,4.5e-10,1e-10,0.0815,25200000000.0,1180000000.0,11.31,-88.61
3.5e-05,1.8e-05,5e-13,4.5e-10,5e-11,0.0815,25200000000.0,1180000000.0,11.31,-88.93
3.5e-05,1.8e-05,5e-13,4.5e-10,1.5e-10,0.0815,25200000000.0,1180000000.0,11.31,-87.13
3.5e-05,1.8e-05,5e-13,4.5e-10,2e-10,0.0815,25200000000.0,1180000000.0,11.31,-88.43
3.5e-05,1.8e-05,5e-13,4.5e-10,2.5e-10,0.0815,25200000000.0,1180000000.0,11.31,-88.7
3.5e-05,1.8e-05,5e-13,5e-10,1e-10,0.0815,24300000000.0,1110000000.0,11.54,-86.94
3.5e-05,1.8e-05,5e-13,5e-10,5e-11,0.0815,24300000000.0,1110000000.0,11.54,-86.9
3.5e-05,1.8e-05,5e-13,5e-10,1.5e-10,0.0815,24300000000.0,1100000000.0,11.54,-87.26
3.5e-05,1.8e-05,5e-13,5e-10,2e-10,0.0815,24300000000.0,1110000000.0,11.54,-87.25
3.5e-05,1.8e-05,5e-13,5e-10,2.5e-10,0.0815,24300000000.0,1110000000.0,11.54,-87.26
3.5e-05,1.8e-05,3e-13,4e-10,1e-10,0.0815,26400000000.0,1270000000.0,11.06,-90.22
3.5e-05,1.8e-05,3e-13,4e-10,5e-11,0.0815,26400000000.0,1270000000.0,11.06,-90.33
3.5e-05,1.8e-05,3e-13,4e-10,1.5e-10,0.0815,26400000000.0,1270000000.0,11.06,-90.21
3.5e-05,1.8e-05,3e-13,4e-10,2e-10,0.0815,26400000000.0,1270000000.0,11.06,-89.91
3.5e-05,1.8e-05,3e-13,3e-10,1e-10,0.0815,29800000000.0,1560000000.0,10.4,-94.43
3.5e-05,1.8e-05,3e-13,3e-10,5e-11,0.0815,29800000000.0,1560000000.0,10.41,-94.4
3.5e-05,1.8e-05,3e-13,3e-10,1.5e-10,0.0815,29800000000.0,1560000000.0,10.4,-94.38
3.5e-05,1.8e-05,3e-13,3e-10,2e-10,0.0815,29800000000.0,1560000000.0,10.4,-94.35
3.5e-05,1.8e-05,3e-13,3e-10,2.5e-10,0.0815,29800000000.0,1560000000.0,10.4,-94.31
3.5e-05,1.8e-05,3e-13,3.5e-10,1e-10,0.0815,27900000000.0,1390000000.0,10.77,-93.3
3.5e-05,1.8e-05,3e-13,3.5e-10,5e-11,0.0815,27900000000.0,1390000000.0,10.77,-92.41
3.5e-05,1.8e-05,3e-13,3.5e-10,1.5e-10,0.0815,27900000000.0,1390000000.0,10.77,-93.35
3.5e-05,1.8e-05,3e-13,3.5e-10,2e-10,0.0815,27900000000.0,1390000000.0,10.77,-92.74
3.5e-05,1.8e-05,3e-13,3.5e-10,2.5e-10,0.0815,27900000000.0,1390000000.0,10.77,-93.37
3.5e-05,1.8e-05,3e-13,4.5e-10,1e-10,0.0815,25200000000.0,1190000000.0,11.31,-88.36
3.5e-05,1.8e-05,3e-13,4.5e-10,5e-11,0.0815,25300000000.0,1180000000.0,11.31,-88.2
3.5e-05,1.8e-05,3e-13,4.5e-10,1.5e-10,0.0815,25200000000.0,1180000000.0,11.31,-88.31
3.5e-05,1.8e-05,3e-13,4.5e-10,2e-10,0.0815,25200000000.0,1180000000.0,11.31,-88.23
3.5e-05,1.8e-05,3e-13,4.5e-10,2.5e-10,0.0815,25200000000.0,1180000000.0,11.32,-88.2
3.5e-05,1.8e-05,3e-13,5e-10,1e-10,0.0815,24300000000.0,1110000000.0,11.55,-82.19
3.5e-05,1.8e-05,3e-13,5e-10,5e-11,0.0815,24300000000.0,1110000000.0,11.55,-87.12
3.5e-05,1.8e-05,3e-13,5e-10,1.5e-10,0.0815,24300000000.0,1110000000.0,11.54,-86.91
3.5e-05,1.8e-05,3e-13,5e-10,2.5e-10,0.0815,24300000000.0,1110000000.0,11.54,-87.11
3.5e-05,1.8e-05,4e-13,4e-10,1e-10,0.0815,26400000000.0,1270000000.0,11.06,-89.81
3.5e-05,1.8e-05,4e-13,4e-10,5e-11,0.0815,26400000000.0,1270000000.0,11.06,-90.16
3.5e-05,1.8e-05,4e-13,4e-10,1.5e-10,0.0815,26400000000.0,1280000000.0,11.06,-90.63
3.5e-05,1.8e-05,4e-13,4e-10,2e-10,0.0815,26400000000.0,1260000000.0,11.06,-90.78
3.5e-05,1.8e-05,4e-13,4e-10,2.5e-10,0.0815,26400000000.0,1280000000.0,11.06,-90.19
3.5e-05,1.8e-05,4e-13,3e-10,1e-10,0.0815,29800000000.0,1560000000.0,10.4,-94.26
3.5e-05,1.8e-05,4e-13,3e-10,5e-11,0.0815,29800000000.0,1560000000.0,10.4,-94.3
3.5e-05,1.8e-05,4e-13,3e-10,1.5e-10,0.0815,29800000000.0,1550000000.0,10.4,-94.13
3.5e-05,1.8e-05,4e-13,3e-10,2e-10,0.0815,29800000000.0,1550000000.0,10.4,-94.28
3.5e-05,1.8e-05,4e-13,3e-10,2.5e-10,0.0815,29800000000.0,1550000000.0,10.4,-94.23
3.5e-05,1.8e-05,4e-13,3.5e-10,1e-10,0.0815,27900000000.0,1390000000.0,10.77,-93.04
3.5e-05,1.8e-05,4e-13,3.5e-10,5e-11,0.0815,27900000000.0,1390000000.0,10.77,-93.32
3.5e-05,1.8e-05,4e-13,3.5e-10,1.5e-10,0.0815,27900000000.0,1390000000.0,10.77,-93.36
3.5e-05,1.8e-05,4e-13,3.5e-10,2.5e-10,0.0815,27900000000.0,1380000000.0,10.77,-93.01
3.5e-05,1.8e-05,4e-13,4.5e-10,1e-10,0.0815,25200000000.0,1180000000.0,11.31,-88.36
3.5e-05,1.8e-05,4e-13,4.5e-10,5e-11,0.0815,25200000000.0,1180000000.0,11.31,-88.2
3.5e-05,1.8e-05,4e-13,4.5e-10,1.5e-10,0.0815,25200000000.0,1180000000.0,11.31,-88.26
3.5e-05,1.8e-05,4e-13,4.5e-10,2e-10,0.0815,25200000000.0,1180000000.0,11.31,-88.27
3.5e-05,1.8e-05,4e-13,4.5e-10,2.5e-10,0.0815,25200000000.0,1180000000.0,11.31,-88.6
3.5e-05,1.8e-05,4e-13,5e-10,1e-10,0.0815,24300000000.0,1110000000.0,11.55,-87.19
3.5e-05,1.8e-05,4e-13,5e-10,5e-11,0.0815,24300000000.0,1110000000.0,11.54,-86.96
3.5e-05,1.8e-05,4e-13,5e-10,1.5e-10,0.0815,24300000000.0,1110000000.0,11.54,-87.24
3.5e-05,1.8e-05,4e-13,5e-10,2.5e-10,0.0815,24300000000.0,1110000000.0,11.55,-87.18
3.5e-05,1.8e-05,6e-13,4e-10,1e-10,0.0815,26400000000.0,1270000000.0,11.06,-89.92
3.5e-05,1.8e-05,6e-13,4e-10,5e-11,0.0815,26400000000.0,1270000000.0,11.06,-90.57
3.5e-05,1.8e-05,6e-13,4e-10,1.5e-10,0.0815,26400000000.0,1260000000.0,11.06,-90.83
3.5e-05,1.8e-05,6e-13,4e-10,2e-10,0.0815,26400000000.0,1260000000.0,11.06,-90.41
3.5e-05,1.8e-05,6e-13,4e-10,2.5e-10,0.0815,26400000000.0,1260000000.0,11.06,-90.27
3.5e-05,1.8e-05,6e-13,3e-10,5e-11,0.0815,29800000000.0,1550000000.0,10.4,-94.08
3.5e-05,1.8e-05,6e-13,3e-10,1.5e-10,0.0815,29800000000.0,1550000000.0,10.4,-94.29
3.5e-05,1.8e-05,6e-13,3e-10,2e-10,0.0815,29800000000.0,1550000000.0,10.4,-94.2
3.5e-05,1.8e-05,6e-13,3.5e-10,1e-10,0.0815,27900000000.0,1390000000.0,10.77,-93.08
3.5e-05,1.8e-05,6e-13,3.5e-10,5e-11,0.0815,27900000000.0,1390000000.0,10.77,-93.4
3.5e-05,1.8e-05,6e-13,3.5e-10,1.5e-10,0.0815,27900000000.0,1390000000.0,10.77,-92.81
3.5e-05,1.8e-05,6e-13,3.5e-10,2e-10,0.0815,27900000000.0,1390000000.0,10.77,-92.99
3.5e-05,1.8e-05,6e-13,4.5e-10,1e-10,0.0815,25200000000.0,1180000000.0,11.31,-87.92
3.5e-05,1.8e-05,6e-13,4.5e-10,1.5e-10,0.0815,25200000000.0,1170000000.0,11.31,-87.92
3.5e-05,1.8e-05,6e-13,4.5e-10,2.5e-10,0.0815,25200000000.0,1180000000.0,11.31,-88.24
3.5e-05,1.8e-05,6e-13,5e-10,1e-10,0.0815,24300000000.0,1110000000.0,11.54,-86.93
3.5e-05,1.8e-05,6e-13,5e-10,5e-11,0.0815,24300000000.0,1110000000.0,11.55,-87.22
3.5e-05,1.8e-05,6e-13,5e-10,1.5e-10,0.0815,24300000000.0,1110000000.0,11.54,-86.97
3.5e-05,1.8e-05,6e-13,5e-10,2e-10,0.0815,24300000000.0,1110000000.0,11.55,-86.88
3.5e-05,1.8e-05,7e-13,4e-10,1e-10,0.0815,26400000000.0,1260000000.0,11.06,-90.28
3.5e-05,1.8e-05,7e-13,4e-10,5e-11,0.0815,26400000000.0,1260000000.0,11.06,-91.49
3.5e-05,1.8e-05,7e-13,4e-10,1.5e-10,0.0815,26400000000.0,1270000000.0,11.06,-90.31
3.5e-05,1.8e-05,7e-13,4e-10,2e-10,0.0815,26400000000.0,1270000000.0,11.06,-90.64
3.5e-05,1.8e-05,7e-13,4e-10,2.5e-10,0.0815,26400000000.0,1270000000.0,11.06,-89.82
3.5e-05,1.8e-05,7e-13,3e-10,1e-10,0.0815,29800000000.0,1550000000.0,10.4,-94.07
3.5e-05,1.8e-05,7e-13,3e-10,5e-11,0.0815,29800000000.0,1550000000.0,10.4,-94.25
3.5e-05,1.8e-05,7e-13,3e-10,1.5e-10,0.0815,29800000000.0,1560000000.0,10.4,-94.32
3.5e-05,1.8e-05,7e-13,3e-10,2e-10,0.0815,29800000000.0,1550000000.0,10.4,-93.98
3.5e-05,1.8e-05,7e-13,3e-10,2.5e-10,0.0815,29800000000.0,1550000000.0,10.4,-94.12
3.5e-05,1.8e-05,7e-13,3.5e-10,1e-10,0.0815,27900000000.0,1390000000.0,10.77,-93.34
3.5e-05,1.8e-05,7e-13,3.5e-10,5e-11,0.0815,27900000000.0,1390000000.0,10.77,-93.24
3.5e-05,1.8e-05,7e-13,3.5e-10,1.5e-10,0.0815,27900000000.0,1380000000.0,10.77,-93.26
3.5e-05,1.8e-05,7e-13,4.5e-10,1e-10,0.0815,25200000000.0,1180000000.0,11.31,-88.39
3.5e-05,1.8e-05,7e-13,4.5e-10,5e-11,0.0815,25200000000.0,1190000000.0,11.32,-88.19
3.5e-05,1.8e-05,7e-13,4.5e-10,1.5e-10,0.0815,25200000000.0,1180000000.0,11.31,-88.47
3.5e-05,1.8e-05,7e-13,4.5e-10,2e-10,0.0815,25200000000.0,1180000000.0,11.31,-88.25
3.5e-05,1.8e-05,7e-13,4.5e-10,2.5e-10,0.0815,25200000000.0,1170000000.0,11.31,-88.69
3.5e-05,1.8e-05,7e-13,5e-10,1e-10,0.0815,24300000000.0,1110000000.0,11.54,-86.87
3.5e-05,1.8e-05,7e-13,5e-10,1.5e-10,0.0815,24300000000.0,1110000000.0,11.54,-87.13
3.5e-05,1.8e-05,7e-13,5e-10,2e-10,0.0815,24300000000.0,1100000000.0,11.55,-87.2
3.5e-05,1.8e-05,7e-13,5e-10,2.5e-10,0.0815,24300000000.0,1110000000.0,11.55,-86.78
3.5e-05,1.9e-05,5e-13,4e-10,1e-10,0.0815,26300000000.0,1270000000.0,11.05,-90.46
3.5e-05,1.9e-05,5e-13,4e-10,5e-11,0.0815,26300000000.0,1270000000.0,11.05,-90.04
3.5e-05,1.9e-05,5e-13,4e-10,1.5e-10,0.0815,26300000000.0,1260000000.0,11.05,-90.68
3.5e-05,1.9e-05,5e-13,4e-10,2e-10,0.0815,26300000000.0,1270000000.0,11.05,-90.13
3.5e-05,1.9e-05,5e-13,4e-10,2.5e-10,0.0815,26300000000.0,1270000000.0,11.05,-90.02
3.5e-05,1.9e-05,5e-13,3e-10,1e-10,0.0815,29700000000.0,1540000000.0,10.39,-94.3
3.5e-05,1.9e-05,5e-13,3e-10,5e-11,0.0815,29700000000.0,1550000000.0,10.39,-94.44
3.5e-05,1.9e-05,5e-13,3e-10,1.5e-10,0.0815,29700000000.0,1550000000.0,10.39,-94.36
3.5e-05,1.9e-05,5e-13,3e-10,2e-10,0.0815,29700000000.0,1550000000.0,10.39,-94.39
3.5e-05,1.9e-05,5e-13,3.5e-10,1e-10,0.0815,27800000000.0,1380000000.0,10.75,-93.22
3.5e-05,1.9e-05,5e-13,3.5e-10,5e-11,0.0815,27800000000.0,1380000000.0,10.75,-92.89
3.5e-05,1.9e-05,5e-13,3.5e-10,1.5e-10,0.0815,27800000000.0,1380000000.0,10.75,-93.74
3.5e-05,1.9e-05,5e-13,3.5e-10,2e-10,0.0815,27800000000.0,1380000000.0,10.75,-92.69
3.5e-05,1.9e-05,5e-13,3.5e-10,2.5e-10,0.0815,27800000000.0,1380000000.0,10.75,-92.81
3.5e-05,1.9e-05,5e-13,4.5e-10,1e-10,0.0815,25200000000.0,1180000000.0,11.31,-88.12
3.5e-05,1.9e-05,5e-13,4.5e-10,5e-11,0.0815,25200000000.0,1180000000.0,11.31,-88.09
3.5e-05,1.9e-05,5e-13,4.5e-10,2e-10,0.0815,25200000000.0,1180000000.0,11.31,-88.06
3.5e-05,1.9e-05,5e-13,5e-10,1e-10,0.0815,24200000000.0,1100000000.0,11.54,-86.89
3.5e-05,1.9e-05,5e-13,5e-10,5e-11,0.0815,24200000000.0,1100000000.0,11.54,-87.06
3.5e-05,1.9e-05,5e-13,5e-10,2e-10,0.0815,24200000000.0,1100000000.0,11.54,-86.68
3.5e-05,1.9e-05,5e-13,5e-10,2.5e-10,0.0815,24200000000.0,1100000000.0,11.54,-86.27
3.5e-05,1.9e-05,3e-13,4e-10,1e-10,0.0815,26300000000.0,1270000000.0,11.05,-90.43
3.5e-05,1.9e-05,3e-13,4e-10,5e-11,0.0815,26300000000.0,1260000000.0,11.05,-90.04
3.5e-05,1.9e-05,3e-13,4e-10,1.5e-10,0.0815,26300000000.0,1270000000.0,11.05,-89.39
3.5e-05,1.9e-05,3e-13,4e-10,2e-10,0.0815,26300000000.0,1270000000.0,11.05,-90.1
3.5e-05,1.9e-05,3e-13,4e-10,2.5e-10,0.0815,26300000000.0,1270000000.0,11.05,-89.98
3.5e-05,1.9e-05,3e-13,3e-10,1e-10,0.0815,29700000000.0,1550000000.0,10.39,-94.47
3.5e-05,1.9e-05,3e-13,3e-10,5e-11,0.0815,29700000000.0,1550000000.0,10.39,-94.3
3.5e-05,1.9e-05,3e-13,3e-10,1.5e-10,0.0815,29700000000.0,1550000000.0,10.39,-94.38
3.5e-05,1.9e-05,3e-13,3.5e-10,1e-10,0.0815,27800000000.0,1380000000.0,10.75,-92.61
3.5e-05,1.9e-05,3e-13,3.5e-10,5e-11,0.0815,27800000000.0,1380000000.0,10.75,-92.58
3.5e-05,1.9e-05,3e-13,3.5e-10,1.5e-10,0.0815,27800000000.0,1380000000.0,10.76,-92.17
3.5e-05,1.9e-05,3e-13,3.5e-10,2e-10,0.0815,27800000000.0,1380000000.0,10.75,-92.94
3.5e-05,1.9e-05,3e-13,3.5e-10,2.5e-10,0.0815,27800000000.0,1380000000.0,10.76,-92.96
3.5e-05,1.9e-05,3e-13,4.5e-10,1.5e-10,0.0815,25200000000.0,1180000000.0,11.31,-87.82
3.5e-05,1.9e-05,3e-13,4.5e-10,2e-10,0.0815,25200000000.0,1180000000.0,11.31,-88.18
3.5e-05,1.9e-05,3e-13,4.5e-10,2.5e-10,0.0815,25200000000.0,1180000000.0,11.31,-87.99
3.5e-05,1.9e-05,3e-13,5e-10,1e-10,0.0815,24200000000.0,1100000000.0,11.54,-86.47
3.5e-05,1.9e-05,3e-13,5e-10,5e-11,0.0815,24200000000.0,1110000000.0,11.54,-86.95
3.5e-05,1.9e-05,3e-13,5e-10,1.5e-10,0.0815,24200000000.0,1110000000.0,11.54,-87.04
3.5e-05,1.9e-05,3e-13,5e-10,2e-10,0.0815,24200000000.0,1110000000.0,11.54,-87.07
3.5e-05,1.9e-05,3e-13,5e-10,2.5e-10,0.0815,24200000000.0,1100000000.0,11.54,-86.79
3.5e-05,1.9e-05,4e-13,4e-10,1e-10,0.0815,26300000000.0,1260000000.0,11.05,-89.61
3.5e-05,1.9e-05,4e-13,4e-10,1.5e-10,0.0815,26300000000.0,1260000000.0,11.05,-90.43
3.5e-05,1.9e-05,4e-13,4e-10,2e-10,0.0815,26300000000.0,1270000000.0,11.05,-91.21
3.5e-05,1.9e-05,4e-13,4e-10,2.5e-10,0.0815,26300000000.0,1270000000.0,11.05,-90.03
3.5e-05,1.9e-05,4e-13,3e-10,1e-10,0.0815,29700000000.0,1550000000.0,10.39,-94.41
3.5e-05,1.9e-05,4e-13,3e-10,1.5e-10,0.0815,29700000000.0,1550000000.0,10.39,-94.5
3.5e-05,1.9e-05,4e-13,3e-10,2e-10,0.0815,29700000000.0,1540000000.0,10.39,-94.4
3.5e-05,1.9e-05,4e-13,3.5e-10,1e-10,0.0815,27800000000.0,1380000000.0,10.75,-92.25
3.5e-05,1.9e-05,4e-13,3.5e-10,5e-11,0.0815,27800000000.0,1380000000.0,10.76,-93.23
3.5e-05,1.9e-05,4e-13,3.5e-10,1.5e-10,0.0815,27800000000.0,1390000000.0,10.75,-92.61
3.5e-05,1.9e-05,4e-13,3.5e-10,2e-10,0.0815,27800000000.0,1380000000.0,10.75,-92.95
3.5e-05,1.9e-05,4e-13,3.5e-10,2.5e-10,0.0815,27800000000.0,1380000000.0,10.75,-92.6
3.5e-05,1.9e-05,4e-13,4.5e-10,5e-11,0.0815,25200000000.0,1180000000.0,11.31,-87.88
3.5e-05,1.9e-05,4e-13,4.5e-10,1.5e-10,0.0815,25200000000.0,1180000000.0,11.31,-88.08
3.5e-05,1.9e-05,4e-13,5e-10,1e-10,0.0815,24200000000.0,1100000000.0,11.54,-86.87
3.5e-05,1.9e-05,4e-13,5e-10,5e-11,0.0815,24200000000.0,1100000000.0,11.54,-87.14
3.5e-05,1.9e-05,4e-13,5e-10,1.5e-10,0.0815,24200000000.0,1110000000.0,11.54,-86.82
3.5e-05,1.9e-05,4e-13,5e-10,2e-10,0.0815,24200000000.0,1100000000.0,11.54,-87.05
3.5e-05,1.9e-05,4e-13,5e-10,2.5e-10,0.0815,24200000000.0,1110000000.0,11.54,-87.11
3.5e-05,1.9e-05,6e-13,4e-10,5e-11,0.0815,26300000000.0,1270000000.0,11.05,-90.11
3.5e-05,1.9e-05,6e-13,4e-10,1.5e-10,0.0815,26300000000.0,1270000000.0,11.05,-89.76
3.5e-05,1.9e-05,6e-13,4e-10,2e-10,0.0815,26300000000.0,1270000000.0,11.05,-90.06
3.5e-05,1.9e-05,6e-13,4e-10,2.5e-10,0.0815,26300000000.0,1260000000.0,11.05,-90.14
3.5e-05,1.9e-05,6e-13,3e-10,1.5e-10,0.0815,29700000000.0,1550000000.0,10.39,-94.37
3.5e-05,1.9e-05,6e-13,3.5e-10,1e-10,0.0815,27800000000.0,1380000000.0,10.75,-93.53
3.5e-05,1.9e-05,6e-13,3.5e-10,5e-11,0.0815,27800000000.0,1380000000.0,10.75,-93.14
3.5e-05,1.9e-05,6e-13,3.5e-10,1.5e-10,0.0815,27800000000.0,1380000000.0,10.75,-93.29
3.5e-05,1.9e-05,6e-13,3.5e-10,2e-10,0.0815,27800000000.0,1380000000.0,10.75,-92.22
3.5e-05,1.9e-05,6e-13,4.5e-10,1e-10,0.0815,25200000000.0,1170000000.0,11.31,-87.85
3.5e-05,1.9e-05,6e-13,4.5e-10,5e-11,0.0815,25200000000.0,1170000000.0,11.31,-87.77
3.5e-05,1.9e-05,6e-13,4.5e-10,1.5e-10,0.0815,25200000000.0,1180000000.0,11.31,-88.78
3.5e-05,1.9e-05,6e-13,4.5e-10,2.5e-10,0.0815,25200000000.0,1180000000.0,11.31,-87.98
3.5e-05,1.9e-05,6e-13,5e-10,1e-10,0.0815,24200000000.0,1110000000.0,11.54,-84.23
3.5e-05,1.9e-05,6e-13,5e-10,5e-11,0.0815,24200000000.0,1100000000.0,11.54,-86.9
3.5e-05,1.9e-05,6e-13,5e-10,1.5e-10,0.0815,24200000000.0,1110000000.0,11.54,-87.18
3.5e-05,1.9e-05,6e-13,5e-10,2e-10,0.0815,24200000000.0,1100000000.0,11.54,-86.12
3.5e-05,1.9e-05,7e-13,4e-10,1e-10,0.0815,26300000000.0,1270000000.0,11.05,-89.77
3.5e-05,1.9e-05,7e-13,4e-10,5e-11,0.0815,26300000000.0,1270000000.0,11.05,-90.48
3.5e-05,1.9e-05,7e-13,4e-10,1.5e-10,0.0815,26300000000.0,1270000000.0,11.05,-90.49
3.5e-05,1.9e-05,7e-13,4e-10,2e-10,0.0815,26300000000.0,1260000000.0,11.05,-90.1
3.5e-05,1.9e-05,7e-13,4e-10,2.5e-10,0.0815,26300000000.0,1270000000.0,11.05,-90.9
3.5e-05,1.9e-05,7e-13,3e-10,1e-10,0.0815,29700000000.0,1540000000.0,10.39,-94.33
3.5e-05,1.9e-05,7e-13,3e-10,5e-11,0.0815,29700000000.0,1540000000.0,10.39,-94.44
3.5e-05,1.9e-05,7e-13,3e-10,1.5e-10,0.0815,29700000000.0,1550000000.0,10.39,-94.4
3.5e-05,1.9e-05,7e-13,3e-10,2.5e-10,0.0815,29700000000.0,1540000000.0,10.39,-94.36
3.5e-05,1.9e-05,7e-13,3.5e-10,1e-10,0.0815,27800000000.0,1380000000.0,10.75,-93.01
3.5e-05,1.9e-05,7e-13,3.5e-10,5e-11,0.0815,27800000000.0,1380000000.0,10.75,-92.92
3.5e-05,1.9e-05,7e-13,3.5e-10,1.5e-10,0.0815,27800000000.0,1380000000.0,10.75,-92.85
3.5e-05,1.9e-05,7e-13,3.5e-10,2.5e-10,0.0815,27800000000.0,1380000000.0,10.75,-92.65
3.5e-05,1.9e-05,7e-13,4.5e-10,1e-10,0.0815,25200000000.0,1170000000.0,11.31,-88.07
3.5e-05,1.9e-05,7e-13,4.5e-10,2.5e-10,0.0815,25200000000.0,1170000000.0,11.31,-88.48
3.5e-05,1.9e-05,7e-13,5e-10,1e-10,0.0815,24200000000.0,1110000000.0,11.54,-87.2
3.5e-05,1.9e-05,7e-13,5e-10,5e-11,0.0815,24200000000.0,1100000000.0,11.54,-87.0
3.5e-05,1.9e-05,7e-13,5e-10,1.5e-10,0.0815,24200000000.0,1100000000.0,11.54,-87.07
3.5e-05,1.9e-05,7e-13,5e-10,2.5e-10,0.0815,24200000000.0,1100000000.0,11.54,-86.98
3.5e-05,2e-05,5e-13,4e-10,1e-10,0.0815,26300000000.0,1250000000.0,11.04,-89.91
3.5e-05,2e-05,5e-13,4e-10,5e-11,0.0815,26300000000.0,1260000000.0,11.04,-89.92
3.5e-05,2e-05,5e-13,4e-10,1.5e-10,0.0815,26300000000.0,1260000000.0,11.04,-89.5
3.5e-05,2e-05,5e-13,4e-10,2e-10,0.0815,26300000000.0,1260000000.0,11.04,-89.85
3.5e-05,2e-05,5e-13,4e-10,2.5e-10,0.0815,26300000000.0,1260000000.0,11.04,-89.71
3.5e-05,2e-05,5e-13,3e-10,1e-10,0.0815,29600000000.0,1530000000.0,10.36,-94.52
3.5e-05,2e-05,5e-13,3e-10,5e-11,0.0815,29600000000.0,1530000000.0,10.37,-94.53
3.5e-05,2e-05,5e-13,3e-10,1.5e-10,0.0815,29600000000.0,1530000000.0,10.37,-94.45
3.5e-05,2e-05,5e-13,3e-10,2e-10,0.0815,29600000000.0,1530000000.0,10.36,-93.63
3.5e-05,2e-05,5e-13,3e-10,2.5e-10,0.0815,29600000000.0,1530000000.0,10.37,-94.52
3.5e-05,2e-05,5e-13,3.5e-10,1e-10,0.0815,27700000000.0,1370000000.0,10.74,-92.7
3.5e-05,2e-05,5e-13,3.5e-10,5e-11,0.0815,27700000000.0,1370000000.0,10.74,-92.65
3.5e-05,2e-05,5e-13,3.5e-10,1.5e-10,0.0815,27700000000.0,1370000000.0,10.74,-92.69
3.5e-05,2e-05,5e-13,3.5e-10,2e-10,0.0815,27700000000.0,1370000000.0,10.74,-92.35
3.5e-05,2e-05,5e-13,3.5e-10,2.5e-10,0.0815,27700000000.0,1370000000.0,10.74,-92.57
3.5e-05,2e-05,5e-13,4.5e-10,1e-10,0.0815,25100000000.0,1170000000.0,11.3,-88.07
3.5e-05,2e-05,5e-13,4.5e-10,5e-11,0.0815,25100000000.0,1160000000.0,11.3,-88.14
3.5e-05,2e-05,5e-13,4.5e-10,1.5e-10,0.0815,25100000000.0,1170000000.0,11.3,-87.94
3.5e-05,2e-05,5e-13,4.5e-10,2e-10,0.0815,25100000000.0,1170000000.0,11.3,-88.09
3.5e-05,2e-05,5e-13,4.5e-10,2.5e-10,0.0815,25100000000.0,1170000000.0,11.3,-87.8
3.5e-05,2e-05,5e-13,5e-10,1e-10,0.0815,24100000000.0,1090000000.0,11.53,-86.71
3.5e-05,2e-05,5e-13,5e-10,5e-11,0.0815,24100000000.0,1090000000.0,11.53,-86.82
3.5e-05,2e-05,5e-13,5e-10,1.5e-10,0.0815,24100000000.0,1100000000.0,11.53,-86.67
3.5e-05,2e-05,5e-13,5e-10,2e-10,0.0815,24100000000.0,1100000000.0,11.53,-86.63
3.5e-05,2e-05,5e-13,5e-10,2.5e-10,0.0815,24100000000.0,1100000000.0,11.53,-86.61
3.5e-05,2e-05,3e-13,4e-10,1e-10,0.0815,26300000000.0,1260000000.0,11.04,-89.64
3.5e-05,2e-05,3e-13,4e-10,5e-11,0.0815,26300000000.0,1260000000.0,11.04,-89.59
3.5e-05,2e-05,3e-13,4e-10,1.5e-10,0.0815,26300000000.0,1250000000.0,11.04,-89.58
3.5e-05,2e-05,3e-13,4e-10,2e-10,0.0815,26300000000.0,1260000000.0,11.04,-89.52
3.5e-05,2e-05,3e-13,4e-10,2.5e-10,0.0815,26300000000.0,1250000000.0,11.04,-89.87
3.5e-05,2e-05,3e-13,3e-10,1e-10,0.0815,29600000000.0,1530000000.0,10.37,-94.47
3.5e-05,2e-05,3e-13,3e-10,5e-11,0.0815,29700000000.0,1530000000.0,10.37,-94.55
3.5e-05,2e-05,3e-13,3e-10,1.5e-10,0.0815,29600000000.0,1530000000.0,10.37,-94.54
3.5e-05,2e-05,3e-13,3e-10,2e-10,0.0815,29600000000.0,1530000000.0,10.37,-94.5
3.5e-05,2e-05,3e-13,3.5e-10,1e-10,0.0815,27700000000.0,1370000000.0,10.74,-92.39
3.5e-05,2e-05,3e-13,3.5e-10,1.5e-10,0.0815,27700000000.0,1370000000.0,10.74,-93.18
3.5e-05,2e-05,3e-13,3.5e-10,2e-10,0.0815,27700000000.0,1370000000.0,10.74,-92.47
3.5e-05,2e-05,3e-13,4.5e-10,1e-10,0.0815,25100000000.0,1170000000.0,11.3,-88.18
3.5e-05,2e-05,3e-13,4.5e-10,5e-11,0.0815,25100000000.0,1160000000.0,11.3,-88.11
3.5e-05,2e-05,3e-13,4.5e-10,1.5e-10,0.0815,25100000000.0,1170000000.0,11.3,-80.89
3.5e-05,2e-05,3e-13,4.5e-10,2e-10,0.0815,25100000000.0,1170000000.0,11.3,-88.24
3.5e-05,2e-05,3e-13,4.5e-10,2.5e-10,0.0815,25100000000.0,1170000000.0,11.3,-87.96
3.5e-05,2e-05,3e-13,5e-10,1e-10,0.0815,24100000000.0,1090000000.0,11.53,-87.0
3.5e-05,2e-05,3e-13,5e-10,5e-11,0.0815,24100000000.0,1100000000.0,11.53,-86.64
3.5e-05,2e-05,3e-13,5e-10,1.5e-10,0.0815,24100000000.0,1090000000.0,11.53,-87.02
3.5e-05,2e-05,3e-13,5e-10,2e-10,0.0815,24100000000.0,1100000000.0,11.53,-86.89
3.5e-05,2e-05,3e-13,5e-10,2.5e-10,0.0815,24100000000.0,1100000000.0,11.53,-87.29
3.5e-05,2e-05,4e-13,4e-10,1e-10,0.0815,26300000000.0,1260000000.0,11.04,-89.25
3.5e-05,2e-05,4e-13,4e-10,5e-11,0.0815,26300000000.0,1260000000.0,11.04,-89.82
3.5e-05,2e-05,4e-13,4e-10,1.5e-10,0.0815,26300000000.0,1260000000.0,11.04,-90.22
3.5e-05,2e-05,4e-13,4e-10,2e-10,0.0815,26300000000.0,1260000000.0,11.04,-89.69
3.5e-05,2e-05,4e-13,4e-10,2.5e-10,0.0815,26300000000.0,1250000000.0,11.04,-89.77
3.5e-05,2e-05,4e-13,3e-10,1e-10,0.0815,29600000000.0,1530000000.0,10.37,-94.48
3.5e-05,2e-05,4e-13,3e-10,5e-11,0.0815,29600000000.0,1530000000.0,10.37,-94.51
3.5e-05,2e-05,4e-13,3e-10,1.5e-10,0.0815,29600000000.0,1530000000.0,10.37,-94.43
3.5e-05,2e-05,4e-13,3e-10,2.5e-10,0.0815,29600000000.0,1530000000.0,10.36,-94.5
3.5e-05,2e-05,4e-13,3.5e-10,1e-10,0.0815,27700000000.0,1370000000.0,10.74,-92.43
3.5e-05,2e-05,4e-13,3.5e-10,5e-11,0.0815,27700000000.0,1370000000.0,10.74,-92.54
3.5e-05,2e-05,4e-13,3.5e-10,1.5e-10,0.0815,27700000000.0,1370000000.0,10.74,-92.21
3.5e-05,2e-05,4e-13,3.5e-10,2e-10,0.0815,27700000000.0,1370000000.0,10.74,-92.76
3.5e-05,2e-05,4e-13,3.5e-10,2.5e-10,0.0815,27700000000.0,1370000000.0,10.74,-92.44
3.5e-05,2e-05,4e-13,4.5e-10,1e-10,0.0815,25100000000.0,1170000000.0,11.3,-88.13
3.5e-05,2e-05,4e-13,4.5e-10,5e-11,0.0815,25100000000.0,1160000000.0,11.3,-88.18
3.5e-05,2e-05,4e-13,4.5e-10,1.5e-10,0.0815,25100000000.0,1170000000.0,11.3,-88.04
3.5e-05,2e-05,4e-13,4.5e-10,2e-10,0.0815,25100000000.0,1160000000.0,11.3,-88.13
3.5e-05,2e-05,4e-13,4.5e-10,2.5e-10,0.0815,25100000000.0,1170000000.0,11.3,-88.15
3.5e-05,2e-05,4e-13,5e-10,1e-10,0.0815,24100000000.0,1090000000.0,11.53,-86.7
3.5e-05,2e-05,4e-13,5e-10,5e-11,0.0815,24100000000.0,1100000000.0,11.53,-86.74
3.5e-05,2e-05,4e-13,5e-10,1.5e-10,0.0815,24100000000.0,1100000000.0,11.53,-86.87
3.5e-05,2e-05,4e-13,5e-10,2e-10,0.0815,24100000000.0,1090000000.0,11.53,-86.92
3.5e-05,2e-05,4e-13,5e-10,2.5e-10,0.0815,24100000000.0,1100000000.0,11.53,-86.7
3.5e-05,2e-05,6e-13,4e-10,1e-10,0.0815,26300000000.0,1250000000.0,11.04,-89.94
3.5e-05,2e-05,6e-13,4e-10,5e-11,0.0815,26300000000.0,1250000000.0,11.04,-90.16
3.5e-05,2e-05,6e-13,4e-10,1.5e-10,0.0815,26200000000.0,1260000000.0,11.04,-90.24
3.5e-05,2e-05,6e-13,4e-10,2e-10,0.0815,26200000000.0,1260000000.0,11.04,-89.84
3.5e-05,2e-05,6e-13,4e-10,2.5e-10,0.0815,26200000000.0,1250000000.0,11.04,-89.94
3.5e-05,2e-05,6e-13,3e-10,5e-11,0.0815,29600000000.0,1530000000.0,10.36,-94.49
3.5e-05,2e-05,6e-13,3e-10,2e-10,0.0815,29600000000.0,1530000000.0,10.36,-94.47
3.5e-05,2e-05,6e-13,3e-10,2.5e-10,0.0815,29600000000.0,1530000000.0,10.36,-94.45
3.5e-05,2e-05,6e-13,3.5e-10,1e-10,0.0815,27700000000.0,1370000000.0,10.74,-93.17
3.5e-05,2e-05,6e-13,3.5e-10,5e-11,0.0815,27700000000.0,1370000000.0,10.74,-92.45
3.5e-05,2e-05,6e-13,3.5e-10,1.5e-10,0.0815,27700000000.0,1370000000.0,10.74,-92.59
3.5e-05,2e-05,6e-13,3.5e-10,2.5e-10,0.0815,27700000000.0,1360000000.0,10.74,-92.6
3.5e-05,2e-05,6e-13,4.5e-10,1e-10,0.0815,25100000000.0,1160000000.0,11.3,-87.72
3.5e-05,2e-05,6e-13,4.5e-10,5e-11,0.0815,25100000000.0,1170000000.0,11.3,-88.42
3.5e-05,2e-05,6e-13,4.5e-10,1.5e-10,0.0815,25100000000.0,1170000000.0,11.3,-87.93
3.5e-05,2e-05,6e-13,4.5e-10,2e-10,0.0815,25100000000.0,1170000000.0,11.3,-87.9
3.5e-05,2e-05,6e-13,4.5e-10,2.5e-10,0.0815,25100000000.0,1160000000.0,11.3,-87.77
3.5e-05,2e-05,6e-13,5e-10,1e-10,0.0815,24100000000.0,1100000000.0,11.53,-86.65
3.5e-05,2e-05,6e-13,5e-10,5e-11,0.0815,24100000000.0,1090000000.0,11.53,-87.03
3.5e-05,2e-05,6e-13,5e-10,2e-10,0.0815,24100000000.0,1090000000.0,11.53,-86.81
3.5e-05,2e-05,7e-13,4e-10,1e-10,0.0815,26200000000.0,1260000000.0,11.04,-89.73
3.5e-05,2e-05,7e-13,4e-10,5e-11,0.0815,26200000000.0,1260000000.0,11.04,-89.85
3.5e-05,2e-05,7e-13,4e-10,1.5e-10,0.0815,26200000000.0,1260000000.0,11.04,-89.61
3.5e-05,2e-05,7e-13,4e-10,2e-10,0.0815,26200000000.0,1260000000.0,11.04,-89.28
3.5e-05,2e-05,7e-13,4e-10,2.5e-10,0.0815,26200000000.0,1250000000.0,11.04,-90.11
3.5e-05,2e-05,7e-13,3e-10,5e-11,0.0815,29600000000.0,1530000000.0,10.36,-94.48
3.5e-05,2e-05,7e-13,3e-10,1.5e-10,0.0815,29600000000.0,1530000000.0,10.36,-94.46
3.5e-05,2e-05,7e-13,3.5e-10,1e-10,0.0815,27700000000.0,1370000000.0,10.74,-92.62
3.5e-05,2e-05,7e-13,3.5e-10,5e-11,0.0815,27700000000.0,1370000000.0,10.74,-92.24
3.5e-05,2e-05,7e-13,3.5e-10,1.5e-10,0.0815,27700000000.0,1370000000.0,10.74,-92.31
3.5e-05,2e-05,7e-13,3.5e-10,2e-10,0.0815,27700000000.0,1360000000.0,10.74,-92.7
3.5e-05,2e-05,7e-13,3.5e-10,2.5e-10,0.0815,27700000000.0,1370000000.0,10.74,-92.63
3.5e-05,2e-05,7e-13,4.5e-10,1e-10,0.0815,25100000000.0,1170000000.0,11.3,-86.22
3.5e-05,2e-05,7e-13,4.5e-10,1.5e-10,0.0815,25100000000.0,1170000000.0,11.3,-87.81
3.5e-05,2e-05,7e-13,4.5e-10,2e-10,0.0815,25100000000.0,1170000000.0,11.3,-88.14
3.5e-05,2e-05,7e-13,4.5e-10,2.5e-10,0.0815,25100000000.0,1170000000.0,11.3,-88.01
3.5e-05,2e-05,7e-13,5e-10,1e-10,0.0815,24100000000.0,1090000000.0,11.53,-86.3
3.5e-05,2e-05,7e-13,5e-10,5e-11,0.0815,24100000000.0,1100000000.0,11.53,-88.02
3.5e-05,2e-05,7e-13,5e-10,1.5e-10,0.0815,24100000000.0,1100000000.0,11.53,-86.76
3.5e-05,2e-05,7e-13,5e-10,2e-10,0.0815,24100000000.0,1090000000.0,11.53,-86.67
3.5e-05,2e-05,7e-13,5e-10,2.5e-10,0.0815,24100000000.0,1090000000.0,11.53,-86.58
3.5e-05,2.1e-05,5e-13,4e-10,1e-10,0.0815,26200000000.0,1240000000.0,11.02,-89.71
3.5e-05,2.1e-05,5e-13,4e-10,5e-11,0.0815,26200000000.0,1240000000.0,11.02,-89.21
3.5e-05,2.1e-05,5e-13,4e-10,1.5e-10,0.0815,26200000000.0,1240000000.0,11.02,-89.72
3.5e-05,2.1e-05,5e-13,4e-10,2e-10,0.0815,26200000000.0,1240000000.0,11.02,-89.77
3.5e-05,2.1e-05,5e-13,4e-10,2.5e-10,0.0815,26200000000.0,1240000000.0,11.02,-89.78
3.5e-05,2.1e-05,5e-13,3e-10,1e-10,0.0815,29600000000.0,1500000000.0,10.34,-94.51
3.5e-05,2.1e-05,5e-13,3e-10,2e-10,0.0815,29600000000.0,1500000000.0,10.34,-94.5
3.5e-05,2.1e-05,5e-13,3e-10,2.5e-10,0.0815,29600000000.0,1500000000.0,10.34,-94.49
3.5e-05,2.1e-05,5e-13,3.5e-10,1e-10,0.0815,27700000000.0,1350000000.0,10.72,-92.18
3.5e-05,2.1e-05,5e-13,3.5e-10,5e-11,0.0815,27700000000.0,1350000000.0,10.72,-91.86
3.5e-05,2.1e-05,5e-13,3.5e-10,1.5e-10,0.0815,27700000000.0,1350000000.0,10.72,-92.4
3.5e-05,2.1e-05,5e-13,3.5e-10,2e-10,0.0815,27700000000.0,1350000000.0,10.72,-92.26
3.5e-05,2.1e-05,5e-13,3.5e-10,2.5e-10,0.0815,27600000000.0,1350000000.0,10.72,-92.15
3.5e-05,2.1e-05,5e-13,4.5e-10,1e-10,0.0815,25000000000.0,1160000000.0,11.29,-87.48
3.5e-05,2.1e-05,5e-13,4.5e-10,5e-11,0.0815,25000000000.0,1150000000.0,11.29,-87.74
3.5e-05,2.1e-05,5e-13,4.5e-10,1.5e-10,0.0815,25000000000.0,1150000000.0,11.29,-87.78
3.5e-05,2.1e-05,5e-13,4.5e-10,2e-10,0.0815,25000000000.0,1150000000.0,11.29,-87.89
3.5e-05,2.1e-05,5e-13,4.5e-10,2.5e-10,0.0815,25000000000.0,1140000000.0,11.28,-87.97
3.5e-05,2.1e-05,5e-13,5e-10,1e-10,0.0815,24000000000.0,1080000000.0,11.52,-86.6
3.5e-05,2.1e-05,5e-13,5e-10,5e-11,0.0815,24000000000.0,1080000000.0,11.52,-86.56
3.5e-05,2.1e-05,5e-13,5e-10,1.5e-10,0.0815,24000000000.0,1090000000.0,11.52,-86.32
3.5e-05,2.1e-05,5e-13,5e-10,2e-10,0.0815,24000000000.0,1090000000.0,11.52,-86.56
3.5e-05,2.1e-05,5e-13,5e-10,2.5e-10,0.0815,24000000000.0,1080000000.0,11.52,-86.74
3.5e-05,2.1e-05,3e-13,4e-10,1e-10,0.0815,26200000000.0,1240000000.0,11.02,-89.7
3.5e-05,2.1e-05,3e-13,4e-10,5e-11,0.0815,26200000000.0,1240000000.0,11.02,-89.51
3.5e-05,2.1e-05,3e-13,4e-10,1.5e-10,0.0815,26200000000.0,1250000000.0,11.02,-90.01
3.5e-05,2.1e-05,3e-13,4e-10,2e-10,0.0815,26200000000.0,1230000000.0,11.02,-89.61
3.5e-05,2.1e-05,3e-13,4e-10,2.5e-10,0.0815,26200000000.0,1240000000.0,11.02,-90.18
3.5e-05,2.1e-05,3e-13,3e-10,1e-10,0.0815,29600000000.0,1510000000.0,10.34,-94.51
3.5e-05,2.1e-05,3e-13,3e-10,5e-11,0.0815,29600000000.0,1500000000.0,10.34,-94.52
3.5e-05,2.1e-05,3e-13,3.5e-10,1e-10,0.0815,27700000000.0,1350000000.0,10.72,-92.06
3.5e-05,2.1e-05,3e-13,3.5e-10,5e-11,0.0815,27700000000.0,1350000000.0,10.72,-92.56
3.5e-05,2.1e-05,3e-13,3.5e-10,2e-10,0.0815,27700000000.0,1350000000.0,10.72,-92.43
3.5e-05,2.1e-05,3e-13,3.5e-10,2.5e-10,0.0815,27700000000.0,1350000000.0,10.72,-92.11
3.5e-05,2.1e-05,3e-13,4.5e-10,1e-10,0.0815,25000000000.0,1160000000.0,11.29,-88.29
3.5e-05,2.1e-05,3e-13,4.5e-10,5e-11,0.0815,25000000000.0,1150000000.0,11.29,-87.95
3.5e-05,2.1e-05,3e-13,4.5e-10,1.5e-10,0.0815,25000000000.0,1140000000.0,11.29,-88.3
3.5e-05,2.1e-05,3e-13,4.5e-10,2e-10,0.0815,25000000000.0,1150000000.0,11.29,-87.77
3.5e-05,2.1e-05,3e-13,4.5e-10,2.5e-10,0.0815,25000000000.0,1150000000.0,11.29,-88.22
3.5e-05,2.1e-05,3e-13,5e-10,1e-10,0.0815,24000000000.0,1090000000.0,11.52,-86.94
3.5e-05,2.1e-05,3e-13,5e-10,5e-11,0.0815,24000000000.0,1080000000.0,11.52,-86.39
3.5e-05,2.1e-05,3e-13,5e-10,1.5e-10,0.0815,24000000000.0,1080000000.0,11.52,-86.71
3.5e-05,2.1e-05,3e-13,5e-10,2e-10,0.0815,24000000000.0,1080000000.0,11.52,-86.16
3.5e-05,2.1e-05,3e-13,5e-10,2.5e-10,0.0815,24000000000.0,1080000000.0,11.52,-86.7
3.5e-05,2.1e-05,4e-13,4e-10,1e-10,0.0815,26200000000.0,1230000000.0,11.02,-89.99
3.5e-05,2.1e-05,4e-13,4e-10,5e-11,0.0815,26200000000.0,1240000000.0,11.02,-89.68
3.5e-05,2.1e-05,4e-13,4e-10,2e-10,0.0815,26200000000.0,1240000000.0,11.02,-90.69
3.5e-05,2.1e-05,4e-13,4e-10,2.5e-10,0.0815,26200000000.0,1240000000.0,11.02,-89.73
3.5e-05,2.1e-05,4e-13,3.5e-10,1e-10,0.0815,27700000000.0,1350000000.0,10.72,-92.62
3.5e-05,2.1e-05,4e-13,3.5e-10,1.5e-10,0.0815,27700000000.0,1350000000.0,10.72,-92.46
3.5e-05,2.1e-05,4e-13,3.5e-10,2e-10,0.0815,27700000000.0,1350000000.0,10.72,-91.75
3.5e-05,2.1e-05,4e-13,4.5e-10,1e-10,0.0815,25000000000.0,1150000000.0,11.29,-87.9
3.5e-05,2.1e-05,4e-13,4.5e-10,5e-11,0.0815,25000000000.0,1150000000.0,11.29,-87.76
3.5e-05,2.1e-05,4e-13,4.5e-10,1.5e-10,0.0815,25000000000.0,1150000000.0,11.29,-79.16
3.5e-05,2.1e-05,4e-13,4.5e-10,2e-10,0.0815,25000000000.0,1160000000.0,11.29,-87.88
3.5e-05,2.1e-05,4e-13,4.5e-10,2.5e-10,0.0815,25000000000.0,1150000000.0,11.28,-87.94
3.5e-05,2.1e-05,4e-13,5e-10,1e-10,0.0815,24000000000.0,1080000000.0,11.52,-86.85
3.5e-05,2.1e-05,4e-13,5e-10,1.5e-10,0.0815,24000000000.0,1090000000.0,11.52,-86.38
3.5e-05,2.1e-05,4e-13,5e-10,2e-10,0.0815,24000000000.0,1080000000.0,11.52,-86.48
3.5e-05,2.1e-05,4e-13,5e-10,2.5e-10,0.0815,24000000000.0,1090000000.0,11.52,-86.69
3.5e-05,2.1e-05,6e-13,4e-10,1e-10,0.0815,26200000000.0,1240000000.0,11.02,-89.52
3.5e-05,2.1e-05,6e-13,4e-10,5e-11,0.0815,26200000000.0,1240000000.0,11.02,-89.79
3.5e-05,2.1e-05,6e-13,4e-10,1.5e-10,0.0815,26200000000.0,1240000000.0,11.02,-89.25
3.5e-05,2.1e-05,6e-13,4e-10,2e-10,0.0815,26200000000.0,1230000000.0,11.02,-89.28
3.5e-05,2.1e-05,6e-13,4e-10,2.5e-10,0.0815,26200000000.0,1240000000.0,11.02,-89.74
3.5e-05,2.1e-05,6e-13,3.5e-10,1e-10,0.0815,27600000000.0,1350000000.0,10.72,-92.07
3.5e-05,2.1e-05,6e-13,3.5e-10,5e-11,0.0815,27600000000.0,1350000000.0,10.72,-91.97
3.5e-05,2.1e-05,6e-13,3.5e-10,1.5e-10,0.0815,27600000000.0,1350000000.0,10.72,-92.66
3.5e-05,2.1e-05,6e-13,3.5e-10,2e-10,0.0815,27600000000.0,1350000000.0,10.72,-92.29
3.5e-05,2.1e-05,6e-13,3.5e-10,2.5e-10,0.0815,27600000000.0,1350000000.0,10.72,-92.17
3.5e-05,2.1e-05,6e-13,4.5e-10,1e-10,0.0815,25000000000.0,1160000000.0,11.29,-88.06
3.5e-05,2.1e-05,6e-13,4.5e-10,2e-10,0.0815,25000000000.0,1150000000.0,11.28,-87.92
3.5e-05,2.1e-05,6e-13,4.5e-10,2.5e-10,0.0815,25000000000.0,1150000000.0,11.29,-87.79
3.5e-05,2.1e-05,6e-13,5e-10,1e-10,0.0815,24000000000.0,1080000000.0,11.52,-86.5
3.5e-05,2.1e-05,6e-13,5e-10,5e-11,0.0815,24000000000.0,1080000000.0,11.52,-86.84
3.5e-05,2.1e-05,6e-13,5e-10,1.5e-10,0.0815,24000000000.0,1080000000.0,11.52,-86.49
3.5e-05,2.1e-05,6e-13,5e-10,2e-10,0.0815,24000000000.0,1080000000.0,11.52,-87.17
3.5e-05,2.1e-05,6e-13,5e-10,2.5e-10,0.0815,24000000000.0,1080000000.0,11.52,-86.53
3.5e-05,2.1e-05,7e-13,4e-10,5e-11,0.0815,26200000000.0,1230000000.0,11.02,-89.72
3.5e-05,2.1e-05,7e-13,4e-10,1.5e-10,0.0815,26200000000.0,1240000000.0,11.02,-89.62
3.5e-05,2.1e-05,7e-13,4e-10,2e-10,0.0815,26200000000.0,1230000000.0,11.02,-89.64
3.5e-05,2.1e-05,7e-13,4e-10,2.5e-10,0.0815,26200000000.0,1240000000.0,11.02,-89.94
3.5e-05,2.1e-05,7e-13,3e-10,5e-11,0.0815,29600000000.0,1500000000.0,10.34,-94.48
3.5e-05,2.1e-05,7e-13,3.5e-10,1e-10,0.0815,27600000000.0,1350000000.0,10.72,-92.64
3.5e-05,2.1e-05,7e-13,3.5e-10,5e-11,0.0815,27600000000.0,1350000000.0,10.72,-92.33
3.5e-05,2.1e-05,7e-13,3.5e-10,2e-10,0.0815,27600000000.0,1350000000.0,10.72,-91.92
3.5e-05,2.1e-05,7e-13,3.5e-10,2.5e-10,0.0815,27600000000.0,1340000000.0,10.72,-92.44
3.5e-05,2.1e-05,7e-13,4.5e-10,1e-10,0.0815,25000000000.0,1150000000.0,11.28,-87.42
3.5e-05,2.1e-05,7e-13,4.5e-10,5e-11,0.0815,25000000000.0,1150000000.0,11.29,-88.09
3.5e-05,2.1e-05,7e-13,4.5e-10,1.5e-10,0.0815,25000000000.0,1150000000.0,11.28,-87.86
3.5e-05,2.1e-05,7e-13,4.5e-10,2e-10,0.0815,25000000000.0,1150000000.0,11.28,-87.96
3.5e-05,2.1e-05,7e-13,4.5e-10,2.5e-10,0.0815,25000000000.0,1140000000.0,11.29,-87.84
3.5e-05,2.1e-05,7e-13,5e-10,1e-10,0.0815,24000000000.0,1080000000.0,11.52,-86.81
3.5e-05,2.1e-05,7e-13,5e-10,5e-11,0.0815,24000000000.0,1080000000.0,11.52,-86.36
3.5e-05,2.1e-05,7e-13,5e-10,1.5e-10,0.0815,24000000000.0,1080000000.0,11.52,-86.86
3.5e-05,2.1e-05,7e-13,5e-10,2e-10,0.0815,24000000000.0,1070000000.0,11.52,-87.03
3.5e-05,2.1e-05,7e-13,5e-10,2.5e-10,0.0815,24000000000.0,1080000000.0,11.52,-86.65
3.5e-05,2.2e-05,5e-13,4e-10,1e-10,0.0815,26100000000.0,1210000000.0,11.0,-88.89
3.5e-05,2.2e-05,5e-13,4e-10,5e-11,0.0815,26100000000.0,1220000000.0,11.0,-88.11
3.5e-05,2.2e-05,5e-13,4e-10,1.5e-10,0.0815,26100000000.0,1210000000.0,11.0,-89.43
3.5e-05,2.2e-05,5e-13,4e-10,2e-10,0.0815,26100000000.0,1210000000.0,11.0,-89.53
3.5e-05,2.2e-05,5e-13,3e-10,1e-10,0.0815,29500000000.0,1470000000.0,10.31,-94.44
3.5e-05,2.2e-05,5e-13,3e-10,5e-11,0.0815,29500000000.0,1470000000.0,10.31,-94.45
3.5e-05,2.2e-05,5e-13,3.5e-10,1e-10,0.0815,27600000000.0,1320000000.0,10.7,-92.0
3.5e-05,2.2e-05,5e-13,3.5e-10,5e-11,0.0815,27600000000.0,1320000000.0,10.69,-92.13
3.5e-05,2.2e-05,5e-13,3.5e-10,1.5e-10,0.0815,27600000000.0,1320000000.0,10.7,-92.25
3.5e-05,2.2e-05,5e-13,3.5e-10,2e-10,0.0815,27600000000.0,1320000000.0,10.69,-91.99
3.5e-05,2.2e-05,5e-13,3.5e-10,2.5e-10,0.0815,27600000000.0,1320000000.0,10.69,-92.36
3.5e-05,2.2e-05,5e-13,4.5e-10,1e-10,0.0815,24900000000.0,1130000000.0,11.27,-87.89
3.5e-05,2.2e-05,5e-13,4.5e-10,5e-11,0.0815,24900000000.0,1130000000.0,11.27,-87.42
3.5e-05,2.2e-05,5e-13,4.5e-10,1.5e-10,0.0815,24900000000.0,1130000000.0,11.27,-87.97
3.5e-05,2.2e-05,5e-13,4.5e-10,2e-10,0.0815,24900000000.0,1130000000.0,11.27,-87.66
3.5e-05,2.2e-05,5e-13,4.5e-10,2.5e-10,0.0815,24900000000.0,1130000000.0,11.27,-87.69
3.5e-05,2.2e-05,5e-13,5e-10,1e-10,0.0815,24000000000.0,1060000000.0,11.51,-86.57
3.5e-05,2.2e-05,5e-13,5e-10,5e-11,0.0815,24000000000.0,1060000000.0,11.51,-86.6
3.5e-05,2.2e-05,5e-13,5e-10,1.5e-10,0.0815,24000000000.0,1070000000.0,11.51,-86.29
3.5e-05,2.2e-05,5e-13,5e-10,2e-10,0.0815,24000000000.0,1060000000.0,11.51,-86.05
3.5e-05,2.2e-05,5e-13,5e-10,2.5e-10,0.0815,24000000000.0,1060000000.0,11.51,-86.4
3.5e-05,2.2e-05,3e-13,4e-10,1e-10,0.0815,26100000000.0,1220000000.0,11.0,-89.1
3.5e-05,2.2e-05,3e-13,4e-10,5e-11,0.0815,26100000000.0,1210000000.0,11.0,-89.46
3.5e-05,2.2e-05,3e-13,4e-10,1.5e-10,0.0815,26100000000.0,1210000000.0,11.0,-89.58
3.5e-05,2.2e-05,3e-13,4e-10,2e-10,0.0815,26100000000.0,1220000000.0,11.0,-90.66
3.5e-05,2.2e-05,3e-13,4e-10,2.5e-10,0.0815,26100000000.0,1220000000.0,11.0,-90.55
3.5e-05,2.2e-05,3e-13,3e-10,1.5e-10,0.0815,29500000000.0,1470000000.0,10.31,-94.43
3.5e-05,2.2e-05,3e-13,3.5e-10,1e-10,0.0815,27600000000.0,1330000000.0,10.7,-91.87
3.5e-05,2.2e-05,3e-13,3.5e-10,5e-11,0.0815,27600000000.0,1330000000.0,10.7,-91.85
3.5e-05,2.2e-05,3e-13,3.5e-10,1.5e-10,0.0815,27600000000.0,1320000000.0,10.69,-91.76
3.5e-05,2.2e-05,3e-13,3.5e-10,2e-10,0.0815,27600000000.0,1330000000.0,10.7,-91.54
3.5e-05,2.2e-05,3e-13,3.5e-10,2.5e-10,0.0815,27600000000.0,1320000000.0,10.7,-92.1
3.5e-05,2.2e-05,3e-13,4.5e-10,1e-10,0.0815,24900000000.0,1130000000.0,11.27,-87.63
3.5e-05,2.2e-05,3e-13,4.5e-10,5e-11,0.0815,25000000000.0,1130000000.0,11.27,-87.44
3.5e-05,2.2e-05,3e-13,4.5e-10,1.5e-10,0.0815,24900000000.0,1130000000.0,11.27,-87.65
3.5e-05,2.2e-05,3e-13,4.5e-10,2e-10,0.0815,24900000000.0,1130000000.0,11.27,-87.73
3.5e-05,2.2e-05,3e-13,4.5e-10,2.5e-10,0.0815,24900000000.0,1130000000.0,11.27,-87.7
3.5e-05,2.2e-05,3e-13,5e-10,1e-10,0.0815,24000000000.0,1060000000.0,11.51,-86.03
3.5e-05,2.2e-05,3e-13,5e-10,5e-11,0.0815,24000000000.0,1060000000.0,11.51,-86.51
3.5e-05,2.2e-05,3e-13,5e-10,2e-10,0.0815,24000000000.0,1060000000.0,11.51,-86.59
3.5e-05,2.2e-05,3e-13,5e-10,2.5e-10,0.0815,24000000000.0,1070000000.0,11.51,-86.27
3.5e-05,2.2e-05,4e-13,4e-10,1e-10,0.0815,26100000000.0,1220000000.0,11.0,-89.47
3.5e-05,2.2e-05,4e-13,4e-10,5e-11,0.0815,26100000000.0,1210000000.0,11.0,-89.2
3.5e-05,2.2e-05,4e-13,4e-10,1.5e-10,0.0815,26100000000.0,1200000000.0,11.0,-89.83
3.5e-05,2.2e-05,4e-13,4e-10,2e-10,0.0815,26100000000.0,1210000000.0,11.0,-88.94
3.5e-05,2.2e-05,4e-13,4e-10,2.5e-10,0.0815,26100000000.0,1210000000.0,11.0,-89.52
3.5e-05,2.2e-05,4e-13,3e-10,2e-10,0.0815,29500000000.0,1470000000.0,10.31,-94.42
3.5e-05,2.2e-05,4e-13,3.5e-10,1e-10,0.0815,27600000000.0,1320000000.0,10.69,-91.75
3.5e-05,2.2e-05,4e-13,3.5e-10,5e-11,0.0815,27600000000.0,1320000000.0,10.7,-92.3
3.5e-05,2.2e-05,4e-13,3.5e-10,1.5e-10,0.0815,27600000000.0,1320000000.0,10.69,-91.88
3.5e-05,2.2e-05,4e-13,3.5e-10,2e-10,0.0815,27600000000.0,1320000000.0,10.7,-91.97
3.5e-05,2.2e-05,4e-13,4.5e-10,1e-10,0.0815,24900000000.0,1130000000.0,11.27,-87.91
3.5e-05,2.2e-05,4e-13,4.5e-10,5e-11,0.0815,24900000000.0,1130000000.0,11.27,-88.49
3.5e-05,2.2e-05,4e-13,4.5e-10,1.5e-10,0.0815,24900000000.0,1130000000.0,11.27,-86.41
3.5e-05,2.2e-05,4e-13,4.5e-10,2e-10,0.0815,24900000000.0,1140000000.0,11.27,-87.59
3.5e-05,2.2e-05,4e-13,4.5e-10,2.5e-10,0.0815,24900000000.0,1140000000.0,11.27,-87.84
3.5e-05,2.2e-05,4e-13,5e-10,1e-10,0.0815,24000000000.0,1070000000.0,11.51,-86.73
3.5e-05,2.2e-05,4e-13,5e-10,5e-11,0.0815,24000000000.0,1070000000.0,11.51,-86.63
3.5e-05,2.2e-05,4e-13,5e-10,1.5e-10,0.0815,24000000000.0,1060000000.0,11.51,-86.31
3.5e-05,2.2e-05,4e-13,5e-10,2e-10,0.0815,24000000000.0,1060000000.0,11.51,-86.49
3.5e-05,2.2e-05,4e-13,5e-10,2.5e-10,0.0815,24000000000.0,1060000000.0,11.51,-86.73
3.5e-05,2.2e-05,6e-13,4e-10,1e-10,0.0815,26100000000.0,1220000000.0,11.0,-89.79
3.5e-05,2.2e-05,6e-13,4e-10,5e-11,0.0815,26100000000.0,1220000000.0,11.0,-90.71
3.5e-05,2.2e-05,6e-13,4e-10,1.5e-10,0.0815,26100000000.0,1210000000.0,11.0,-89.85
3.5e-05,2.2e-05,6e-13,4e-10,2e-10,0.0815,26100000000.0,1210000000.0,11.0,-89.12
3.5e-05,2.2e-05,6e-13,4e-10,2.5e-10,0.0815,26100000000.0,1220000000.0,11.0,-90.73
3.5e-05,2.2e-05,6e-13,3e-10,2e-10,0.0815,29500000000.0,1470000000.0,10.31,-94.46
3.5e-05,2.2e-05,6e-13,3.5e-10,1e-10,0.0815,27600000000.0,1320000000.0,10.69,-92.12
3.5e-05,2.2e-05,6e-13,3.5e-10,5e-11,0.0815,27600000000.0,1320000000.0,10.69,-92.2
3.5e-05,2.2e-05,6e-13,3.5e-10,1.5e-10,0.0815,27600000000.0,1320000000.0,10.69,-91.83
3.5e-05,2.2e-05,6e-13,3.5e-10,2e-10,0.0815,27600000000.0,1320000000.0,10.7,-91.85
3.5e-05,2.2e-05,6e-13,3.5e-10,2.5e-10,0.0815,27600000000.0,1320000000.0,10.7,-92.29
3.5e-05,2.2e-05,6e-13,4.5e-10,1e-10,0.0815,24900000000.0,1120000000.0,11.27,-87.85
3.5e-05,2.2e-05,6e-13,4.5e-10,5e-11,0.0815,24900000000.0,1130000000.0,11.27,-87.8
3.5e-05,2.2e-05,6e-13,4.5e-10,2.5e-10,0.0815,24900000000.0,1140000000.0,11.27,-87.67
3.5e-05,2.2e-05,6e-13,5e-10,1e-10,0.0815,24000000000.0,1060000000.0,11.51,-86.72
3.5e-05,2.2e-05,6e-13,5e-10,5e-11,0.0815,24000000000.0,1070000000.0,11.51,-86.36
3.5e-05,2.2e-05,6e-13,5e-10,1.5e-10,0.0815,24000000000.0,1060000000.0,11.51,-86.47
3.5e-05,2.2e-05,6e-13,5e-10,2e-10,0.0815,24000000000.0,1060000000.0,11.51,-86.55
3.5e-05,2.2e-05,6e-13,5e-10,2.5e-10,0.0815,24000000000.0,1060000000.0,11.51,-86.41
3.5e-05,2.2e-05,7e-13,4e-10,1e-10,0.0815,26100000000.0,1210000000.0,11.0,-89.6
3.5e-05,2.2e-05,7e-13,4e-10,5e-11,0.0815,26100000000.0,1210000000.0,11.0,-89.73
3.5e-05,2.2e-05,7e-13,4e-10,1.5e-10,0.0815,26100000000.0,1210000000.0,11.0,-89.47
3.5e-05,2.2e-05,7e-13,4e-10,2e-10,0.0815,26100000000.0,1210000000.0,11.0,-88.43
3.5e-05,2.2e-05,7e-13,4e-10,2.5e-10,0.0815,26100000000.0,1210000000.0,11.0,-88.86
3.5e-05,2.2e-05,7e-13,3.5e-10,1e-10,0.0815,27600000000.0,1320000000.0,10.7,-92.16
3.5e-05,2.2e-05,7e-13,3.5e-10,5e-11,0.0815,27600000000.0,1320000000.0,10.69,-91.94
3.5e-05,2.2e-05,7e-13,3.5e-10,1.5e-10,0.0815,27600000000.0,1320000000.0,10.7,-92.06
3.5e-05,2.2e-05,7e-13,3.5e-10,2e-10,0.0815,27600000000.0,1320000000.0,10.7,-92.41
3.5e-05,2.2e-05,7e-13,3.5e-10,2.5e-10,0.0815,27600000000.0,1320000000.0,10.7,-92.14
3.5e-05,2.2e-05,7e-13,4.5e-10,1e-10,0.0815,24900000000.0,1130000000.0,11.27,-87.12
3.5e-05,2.2e-05,7e-13,4.5e-10,1.5e-10,0.0815,24900000000.0,1140000000.0,11.27,-87.66
3.5e-05,2.2e-05,7e-13,4.5e-10,2e-10,0.0815,24900000000.0,1130000000.0,11.27,-87.71
3.5e-05,2.2e-05,7e-13,4.5e-10,2.5e-10,0.0815,24900000000.0,1140000000.0,11.27,-87.76
3.5e-05,2.2e-05,7e-13,5e-10,1e-10,0.0815,24000000000.0,1060000000.0,11.51,-86.04
3.5e-05,2.2e-05,7e-13,5e-10,5e-11,0.0815,24000000000.0,1060000000.0,11.51,-86.79
3.5e-05,2.2e-05,7e-13,5e-10,1.5e-10,0.0815,24000000000.0,1060000000.0,11.51,-86.69
3.5e-05,2.2e-05,7e-13,5e-10,2e-10,0.0815,24000000000.0,1060000000.0,11.51,-86.75
3.5e-05,2.3e-05,5e-13,4e-10,1e-10,0.0815,26100000000.0,1190000000.0,10.98,-89.53
3.5e-05,2.3e-05,5e-13,4e-10,5e-11,0.0815,26100000000.0,1190000000.0,10.98,-89.18
3.5e-05,2.3e-05,5e-13,4e-10,1.5e-10,0.0815,26100000000.0,1180000000.0,10.98,-88.7
3.5e-05,2.3e-05,5e-13,4e-10,2e-10,0.0815,26100000000.0,1180000000.0,10.98,-88.81
3.5e-05,2.3e-05,5e-13,4e-10,2.5e-10,0.0815,26100000000.0,1180000000.0,10.98,-88.83
3.5e-05,2.3e-05,5e-13,3e-10,1e-10,0.0815,29400000000.0,1420000000.0,10.28,-94.36
3.5e-05,2.3e-05,5e-13,3e-10,5e-11,0.0815,29400000000.0,1420000000.0,10.28,-94.32
3.5e-05,2.3e-05,5e-13,3e-10,2.5e-10,0.0815,29400000000.0,1420000000.0,10.28,-94.35
3.5e-05,2.3e-05,5e-13,3.5e-10,1e-10,0.0815,27500000000.0,1290000000.0,10.67,-91.51
3.5e-05,2.3e-05,5e-13,3.5e-10,5e-11,0.0815,27500000000.0,1280000000.0,10.67,-91.91
3.5e-05,2.3e-05,5e-13,3.5e-10,1.5e-10,0.0815,27500000000.0,1290000000.0,10.67,-92.28
3.5e-05,2.3e-05,5e-13,3.5e-10,2e-10,0.0815,27500000000.0,1280000000.0,10.67,-91.98
3.5e-05,2.3e-05,5e-13,3.5e-10,2.5e-10,0.0815,27500000000.0,1280000000.0,10.67,-91.96
3.5e-05,2.3e-05,5e-13,4.5e-10,1e-10,0.0815,24900000000.0,1120000000.0,11.25,-87.88
3.5e-05,2.3e-05,5e-13,4.5e-10,5e-11,0.0815,24900000000.0,1110000000.0,11.25,-87.7
3.5e-05,2.3e-05,5e-13,4.5e-10,1.5e-10,0.0815,24900000000.0,1100000000.0,11.25,-87.57
3.5e-05,2.3e-05,5e-13,4.5e-10,2e-10,0.0815,24900000000.0,1100000000.0,11.25,-87.66
3.5e-05,2.3e-05,5e-13,4.5e-10,2.5e-10,0.0815,24900000000.0,1100000000.0,11.25,-86.91
3.5e-05,2.3e-05,5e-13,5e-10,1e-10,0.0815,23900000000.0,1040000000.0,11.49,-85.7
3.5e-05,2.3e-05,5e-13,5e-10,5e-11,0.0815,23900000000.0,1030000000.0,11.49,-86.23
3.5e-05,2.3e-05,5e-13,5e-10,1.5e-10,0.0815,23900000000.0,1050000000.0,11.49,-86.32
3.5e-05,2.3e-05,5e-13,5e-10,2e-10,0.0815,23900000000.0,1050000000.0,11.49,-86.41
3.5e-05,2.3e-05,5e-13,5e-10,2.5e-10,0.0815,23900000000.0,1040000000.0,11.49,-86.64
3.5e-05,2.3e-05,3e-13,4e-10,1e-10,0.0815,26100000000.0,1190000000.0,10.98,-89.56
3.5e-05,2.3e-05,3e-13,4e-10,5e-11,0.0815,26100000000.0,1190000000.0,10.98,-89.35
3.5e-05,2.3e-05,3e-13,4e-10,1.5e-10,0.0815,26100000000.0,1180000000.0,10.98,-89.2
3.5e-05,2.3e-05,3e-13,4e-10,2e-10,0.0815,26100000000.0,1180000000.0,10.98,-89.21
3.5e-05,2.3e-05,3e-13,4e-10,2.5e-10,0.0815,26100000000.0,1190000000.0,10.98,-89.05
3.5e-05,2.3e-05,3e-13,3e-10,1e-10,0.0815,29400000000.0,1430000000.0,10.28,-94.33
3.5e-05,2.3e-05,3e-13,3e-10,5e-11,0.0815,29400000000.0,1420000000.0,10.28,-94.28
3.5e-05,2.3e-05,3e-13,3e-10,1.5e-10,0.0815,29400000000.0,1420000000.0,10.28,-94.34
3.5e-05,2.3e-05,3e-13,3e-10,2e-10,0.0815,29400000000.0,1430000000.0,10.28,-94.3
3.5e-05,2.3e-05,3e-13,3e-10,2.5e-10,0.0815,29400000000.0,1430000000.0,10.28,-94.35
3.5e-05,2.3e-05,3e-13,3.5e-10,1e-10,0.0815,27500000000.0,1290000000.0,10.67,-91.59
3.5e-05,2.3e-05,3e-13,3.5e-10,5e-11,0.0815,27500000000.0,1290000000.0,10.67,-91.63
3.5e-05,2.3e-05,3e-13,3.5e-10,1.5e-10,0.0815,27500000000.0,1290000000.0,10.67,-91.39
3.5e-05,2.3e-05,3e-13,3.5e-10,2.5e-10,0.0815,27500000000.0,1290000000.0,10.67,-91.83
3.5e-05,2.3e-05,3e-13,4.5e-10,1e-10,0.0815,24900000000.0,1110000000.0,11.25,-87.99
3.5e-05,2.3e-05,3e-13,4.5e-10,5e-11,0.0815,24900000000.0,1110000000.0,11.25,-85.32
3.5e-05,2.3e-05,3e-13,4.5e-10,1.5e-10,0.0815,24900000000.0,1110000000.0,11.25,-87.76
3.5e-05,2.3e-05,3e-13,4.5e-10,2e-10,0.0815,24900000000.0,1110000000.0,11.25,-87.47
3.5e-05,2.3e-05,3e-13,4.5e-10,2.5e-10,0.0815,24900000000.0,1110000000.0,11.25,-87.58
3.5e-05,2.3e-05,3e-13,5e-10,1e-10,0.0815,23900000000.0,1040000000.0,11.49,-86.16
3.5e-05,2.3e-05,3e-13,5e-10,5e-11,0.0815,23900000000.0,1040000000.0,11.49,-86.62
3.5e-05,2.3e-05,3e-13,5e-10,1.5e-10,0.0815,23900000000.0,1040000000.0,11.49,-86.63
3.5e-05,2.3e-05,3e-13,5e-10,2e-10,0.0815,23900000000.0,1040000000.0,11.49,-86.4
3.5e-05,2.3e-05,3e-13,5e-10,2.5e-10,0.0815,23900000000.0,1030000000.0,11.49,-86.81
3.5e-05,2.3e-05,4e-13,4e-10,1e-10,0.0815,26100000000.0,1190000000.0,10.98,-89.0
3.5e-05,2.3e-05,4e-13,4e-10,1.5e-10,0.0815,26100000000.0,1190000000.0,10.98,-89.16
3.5e-05,2.3e-05,4e-13,4e-10,2e-10,0.0815,26100000000.0,1180000000.0,10.98,-89.17
3.5e-05,2.3e-05,4e-13,4e-10,2.5e-10,0.0815,26100000000.0,1190000000.0,10.98,-89.19
3.5e-05,2.3e-05,4e-13,3e-10,5e-11,0.0815,29400000000.0,1420000000.0,10.28,-94.31
3.5e-05,2.3e-05,4e-13,3.5e-10,1e-10,0.0815,27500000000.0,1290000000.0,10.67,-91.28
3.5e-05,2.3e-05,4e-13,3.5e-10,5e-11,0.0815,27500000000.0,1290000000.0,10.67,-91.72
3.5e-05,2.3e-05,4e-13,3.5e-10,1.5e-10,0.0815,27500000000.0,1280000000.0,10.67,-92.1
3.5e-05,2.3e-05,4e-13,3.5e-10,2e-10,0.0815,27500000000.0,1290000000.0,10.67,-91.98
3.5e-05,2.3e-05,4e-13,3.5e-10,2.5e-10,0.0815,27500000000.0,1280000000.0,10.67,-92.01
3.5e-05,2.3e-05,4e-13,4.5e-10,1e-10,0.0815,24900000000.0,1110000000.0,11.25,-87.59
3.5e-05,2.3e-05,4e-13,4.5e-10,5e-11,0.0815,24900000000.0,1110000000.0,11.25,-85.29
3.5e-05,2.3e-05,4e-13,4.5e-10,1.5e-10,0.0815,24900000000.0,1100000000.0,11.25,-86.9
3.5e-05,2.3e-05,4e-13,4.5e-10,2e-10,0.0815,24900000000.0,1100000000.0,11.25,-87.59
3.5e-05,2.3e-05,4e-13,4.5e-10,2.5e-10,0.0815,24900000000.0,1100000000.0,11.25,-87.62
3.5e-05,2.3e-05,4e-13,5e-10,1e-10,0.0815,23900000000.0,1040000000.0,11.49,-86.24
3.5e-05,2.3e-05,4e-13,5e-10,5e-11,0.0815,23900000000.0,1040000000.0,11.49,-86.29
3.5e-05,2.3e-05,4e-13,5e-10,1.5e-10,0.0815,23900000000.0,1040000000.0,11.49,-86.35
3.5e-05,2.3e-05,4e-13,5e-10,2e-10,0.0815,23900000000.0,1040000000.0,11.49,-86.41
3.5e-05,2.3e-05,4e-13,5e-10,2.5e-10,0.0815,23900000000.0,1030000000.0,11.49,-86.66
3.5e-05,2.3e-05,6e-13,4e-10,1e-10,0.0815,26100000000.0,1190000000.0,10.98,-89.06
3.5e-05,2.3e-05,6e-13,4e-10,5e-11,0.0815,26100000000.0,1180000000.0,10.98,-84.2
3.5e-05,2.3e-05,6e-13,4e-10,1.5e-10,0.0815,26100000000.0,1180000000.0,10.98,-88.58
3.5e-05,2.3e-05,6e-13,4e-10,2e-10,0.0815,26100000000.0,1190000000.0,10.98,-89.23
3.5e-05,2.3e-05,6e-13,4e-10,2.5e-10,0.0815,26100000000.0,1180000000.0,10.98,-88.69
3.5e-05,2.3e-05,6e-13,3e-10,5e-11,0.0815,29400000000.0,1420000000.0,10.28,-94.37
3.5e-05,2.3e-05,6e-13,3e-10,1.5e-10,0.0815,29400000000.0,1420000000.0,10.28,-94.27
3.5e-05,2.3e-05,6e-13,3e-10,2e-10,0.0815,29400000000.0,1430000000.0,10.28,-94.32
3.5e-05,2.3e-05,6e-13,3.5e-10,1e-10,0.0815,27500000000.0,1290000000.0,10.67,-91.65
3.5e-05,2.3e-05,6e-13,3.5e-10,5e-11,0.0815,27500000000.0,1280000000.0,10.67,-92.02
3.5e-05,2.3e-05,6e-13,3.5e-10,1.5e-10,0.0815,27500000000.0,1290000000.0,10.67,-91.75
3.5e-05,2.3e-05,6e-13,3.5e-10,2e-10,0.0815,27500000000.0,1290000000.0,10.67,-91.87
3.5e-05,2.3e-05,6e-13,3.5e-10,2.5e-10,0.0815,27500000000.0,1290000000.0,10.67,-92.01
3.5e-05,2.3e-05,6e-13,4.5e-10,1e-10,0.0815,24900000000.0,1120000000.0,11.25,-87.22
3.5e-05,2.3e-05,6e-13,4.5e-10,5e-11,0.0815,24900000000.0,1110000000.0,11.25,-88.12
3.5e-05,2.3e-05,6e-13,4.5e-10,1.5e-10,0.0815,24900000000.0,1110000000.0,11.25,-87.5
3.5e-05,2.3e-05,6e-13,4.5e-10,2e-10,0.0815,24900000000.0,1100000000.0,11.25,-87.67
3.5e-05,2.3e-05,6e-13,4.5e-10,2.5e-10,0.0815,24900000000.0,1100000000.0,11.25,-87.91
3.5e-05,2.3e-05,6e-13,5e-10,5e-11,0.0815,23900000000.0,1040000000.0,11.49,-86.49
3.5e-05,2.3e-05,6e-13,5e-10,1.5e-10,0.0815,23900000000.0,1040000000.0,11.49,-86.36
3.5e-05,2.3e-05,6e-13,5e-10,2e-10,0.0815,23900000000.0,1040000000.0,11.49,-86.28
3.5e-05,2.3e-05,7e-13,4e-10,1e-10,0.0815,26100000000.0,1180000000.0,10.98,-89.64
3.5e-05,2.3e-05,7e-13,4e-10,1.5e-10,0.0815,26100000000.0,1180000000.0,10.98,-89.54
3.5e-05,2.3e-05,7e-13,4e-10,2e-10,0.0815,26100000000.0,1190000000.0,10.98,-88.57
3.5e-05,2.3e-05,7e-13,4e-10,2.5e-10,0.0815,26100000000.0,1180000000.0,10.98,-89.28
3.5e-05,2.3e-05,7e-13,3e-10,1e-10,0.0815,29400000000.0,1430000000.0,10.28,-94.36
3.5e-05,2.3e-05,7e-13,3e-10,2.5e-10,0.0815,29400000000.0,1430000000.0,10.28,-94.34
3.5e-05,2.3e-05,7e-13,3.5e-10,1e-10,0.0815,27500000000.0,1290000000.0,10.67,-91.69
3.5e-05,2.3e-05,7e-13,3.5e-10,5e-11,0.0815,27500000000.0,1290000000.0,10.67,-91.53
3.5e-05,2.3e-05,7e-13,3.5e-10,1.5e-10,0.0815,27500000000.0,1290000000.0,10.67,-92.03
3.5e-05,2.3e-05,7e-13,3.5e-10,2e-10,0.0815,27500000000.0,1290000000.0,10.67,-91.68
3.5e-05,2.3e-05,7e-13,3.5e-10,2.5e-10,0.0815,27500000000.0,1280000000.0,10.67,-91.68
3.5e-05,2.3e-05,7e-13,4.5e-10,1e-10,0.0815,24900000000.0,1110000000.0,11.25,-87.64
3.5e-05,2.3e-05,7e-13,4.5e-10,5e-11,0.0815,24900000000.0,1110000000.0,11.25,-87.52
3.5e-05,2.3e-05,7e-13,4.5e-10,1.5e-10,0.0815,24900000000.0,1100000000.0,11.25,-87.48
3.5e-05,2.3e-05,7e-13,4.5e-10,2e-10,0.0815,24900000000.0,1110000000.0,11.25,-87.56
3.5e-05,2.3e-05,7e-13,4.5e-10,2.5e-10,0.0815,24900000000.0,1100000000.0,11.25,-87.49
3.5e-05,2.3e-05,7e-13,5e-10,1e-10,0.0815,23900000000.0,1040000000.0,11.49,-86.37
3.5e-05,2.3e-05,7e-13,5e-10,5e-11,0.0815,23900000000.0,1040000000.0,11.49,-86.52
3.5e-05,2.3e-05,7e-13,5e-10,1.5e-10,0.0815,23900000000.0,1040000000.0,11.49,-86.56
3.5e-05,2.3e-05,7e-13,5e-10,2e-10,0.0815,23900000000.0,1040000000.0,11.49,-84.07
3.5e-05,2.3e-05,7e-13,5e-10,2.5e-10,0.0815,23900000000.0,1030000000.0,11.49,-86.4
3.5e-05,2.4e-05,5e-13,4e-10,1e-10,0.0815,26000000000.0,1150000000.0,10.95,-89.33
3.5e-05,2.4e-05,5e-13,4e-10,5e-11,0.0815,26000000000.0,1150000000.0,10.95,-89.13
3.5e-05,2.4e-05,5e-13,4e-10,1.5e-10,0.0815,26000000000.0,1140000000.0,10.96,-88.59
3.5e-05,2.4e-05,5e-13,4e-10,2e-10,0.0815,26000000000.0,1150000000.0,10.96,-89.23
3.5e-05,2.4e-05,5e-13,4e-10,2.5e-10,0.0815,26000000000.0,1150000000.0,10.96,-89.52
3.5e-05,2.4e-05,5e-13,3e-10,1e-10,0.0815,29400000000.0,1370000000.0,10.24,-94.22
3.5e-05,2.4e-05,5e-13,3e-10,5e-11,0.0815,29400000000.0,1370000000.0,10.24,-94.24
3.5e-05,2.4e-05,5e-13,3e-10,1.5e-10,0.0815,29400000000.0,1370000000.0,10.24,-94.19
3.5e-05,2.4e-05,5e-13,3e-10,2e-10,0.0815,29400000000.0,1370000000.0,10.24,-94.23
3.5e-05,2.4e-05,5e-13,3e-10,2.5e-10,0.0815,29400000000.0,1370000000.0,10.24,-94.21
3.5e-05,2.4e-05,5e-13,3.5e-10,1e-10,0.0815,27500000000.0,1240000000.0,10.64,-91.75
3.5e-05,2.4e-05,5e-13,3.5e-10,5e-11,0.0815,27500000000.0,1250000000.0,10.64,-91.24
3.5e-05,2.4e-05,5e-13,3.5e-10,1.5e-10,0.0815,27500000000.0,1250000000.0,10.64,-92.43
3.5e-05,2.4e-05,5e-13,3.5e-10,2e-10,0.0815,27500000000.0,1250000000.0,10.64,-91.9
3.5e-05,2.4e-05,5e-13,3.5e-10,2.5e-10,0.0815,27500000000.0,1250000000.0,10.64,-91.72
3.5e-05,2.4e-05,5e-13,4.5e-10,1e-10,0.0815,24800000000.0,1070000000.0,11.23,-87.47
3.5e-05,2.4e-05,5e-13,4.5e-10,5e-11,0.0815,24800000000.0,1080000000.0,11.22,-87.36
3.5e-05,2.4e-05,5e-13,4.5e-10,1.5e-10,0.0815,24800000000.0,1070000000.0,11.22,-85.69
3.5e-05,2.4e-05,5e-13,4.5e-10,2e-10,0.0815,24800000000.0,1080000000.0,11.22,-86.46
3.5e-05,2.4e-05,5e-13,4.5e-10,2.5e-10,0.0815,24800000000.0,1080000000.0,11.23,-87.32
3.5e-05,2.4e-05,5e-13,5e-10,1e-10,0.0815,23900000000.0,1020000000.0,11.47,-86.05
3.5e-05,2.4e-05,5e-13,5e-10,5e-11,0.0815,23900000000.0,1010000000.0,11.47,-86.27
3.5e-05,2.4e-05,5e-13,5e-10,1.5e-10,0.0815,23900000000.0,1010000000.0,11.47,-86.21
3.5e-05,2.4e-05,5e-13,5e-10,2e-10,0.0815,23900000000.0,1010000000.0,11.47,-86.14
3.5e-05,2.4e-05,5e-13,5e-10,2.5e-10,0.0815,23900000000.0,1010000000.0,11.47,-86.06
3.5e-05,2.4e-05,3e-13,4e-10,1e-10,0.0815,26000000000.0,1160000000.0,10.95,-88.98
3.5e-05,2.4e-05,3e-13,4e-10,5e-11,0.0815,26000000000.0,1160000000.0,10.95,-88.95
3.5e-05,2.4e-05,3e-13,4e-10,1.5e-10,0.0815,26000000000.0,1150000000.0,10.95,-89.42
3.5e-05,2.4e-05,3e-13,4e-10,2e-10,0.0815,26000000000.0,1140000000.0,10.96,-89.21
3.5e-05,2.4e-05,3e-13,4e-10,2.5e-10,0.0815,26000000000.0,1140000000.0,10.96,-89.11
3.5e-05,2.4e-05,3e-13,3e-10,1.5e-10,0.0815,29400000000.0,1370000000.0,10.24,-94.26
3.5e-05,2.4e-05,3e-13,3.5e-10,1e-10,0.0815,27500000000.0,1250000000.0,10.64,-91.54
3.5e-05,2.4e-05,3e-13,3.5e-10,5e-11,0.0815,27500000000.0,1240000000.0,10.64,-91.39
3.5e-05,2.4e-05,3e-13,3.5e-10,1.5e-10,0.0815,27500000000.0,1240000000.0,10.64,-77.41
3.5e-05,2.4e-05,3e-13,3.5e-10,2e-10,0.0815,27500000000.0,1240000000.0,10.64,-91.67
3.5e-05,2.4e-05,3e-13,3.5e-10,2.5e-10,0.0815,27500000000.0,1250000000.0,10.64,-91.86
3.5e-05,2.4e-05,3e-13,4.5e-10,1e-10,0.0815,24900000000.0,1070000000.0,11.23,-87.62
3.5e-05,2.4e-05,3e-13,4.5e-10,5e-11,0.0815,24900000000.0,1090000000.0,11.23,-87.46
3.5e-05,2.4e-05,3e-13,4.5e-10,1.5e-10,0.0815,24800000000.0,1070000000.0,11.22,-87.2
3.5e-05,2.4e-05,3e-13,4.5e-10,2e-10,0.0815,24800000000.0,1070000000.0,11.22,-87.52
3.5e-05,2.4e-05,3e-13,4.5e-10,2.5e-10,0.0815,24800000000.0,1080000000.0,11.23,-87.34
3.5e-05,2.4e-05,3e-13,5e-10,1e-10,0.0815,23900000000.0,1010000000.0,11.47,-86.07
3.5e-05,2.4e-05,3e-13,5e-10,5e-11,0.0815,23900000000.0,1010000000.0,11.47,-86.05
3.5e-05,2.4e-05,3e-13,5e-10,1.5e-10,0.0815,23900000000.0,1010000000.0,11.47,-86.33
3.5e-05,2.4e-05,3e-13,5e-10,2e-10,0.0815,23900000000.0,1010000000.0,11.47,-86.17
3.5e-05,2.4e-05,3e-13,5e-10,2.5e-10,0.0815,23900000000.0,1020000000.0,11.47,-86.36
3.5e-05,2.4e-05,4e-13,4e-10,1e-10,0.0815,26000000000.0,1140000000.0,10.96,-89.43
3.5e-05,2.4e-05,4e-13,4e-10,5e-11,0.0815,26000000000.0,1140000000.0,10.96,-88.93
3.5e-05,2.4e-05,4e-13,4e-10,1.5e-10,0.0815,26000000000.0,1150000000.0,10.96,-89.34
3.5e-05,2.4e-05,4e-13,4e-10,2e-10,0.0815,26000000000.0,1140000000.0,10.96,-89.12
3.5e-05,2.4e-05,4e-13,4e-10,2.5e-10,0.0815,26000000000.0,1150000000.0,10.96,-89.55
3.5e-05,2.4e-05,4e-13,3e-10,1e-10,0.0815,29400000000.0,1370000000.0,10.24,-94.14
3.5e-05,2.4e-05,4e-13,3e-10,5e-11,0.0815,29400000000.0,1370000000.0,10.24,-94.12
3.5e-05,2.4e-05,4e-13,3e-10,2.5e-10,0.0815,29400000000.0,1370000000.0,10.24,-94.16
3.5e-05,2.4e-05,4e-13,3.5e-10,1e-10,0.0815,27500000000.0,1250000000.0,10.64,-91.45
3.5e-05,2.4e-05,4e-13,3.5e-10,5e-11,0.0815,27500000000.0,1240000000.0,10.64,-91.92
3.5e-05,2.4e-05,4e-13,3.5e-10,1.5e-10,0.0815,27500000000.0,1250000000.0,10.64,-91.51
3.5e-05,2.4e-05,4e-13,3.5e-10,2e-10,0.0815,27500000000.0,1240000000.0,10.64,-91.2
3.5e-05,2.4e-05,4e-13,3.5e-10,2.5e-10,0.0815,27500000000.0,1250000000.0,10.64,-91.31
3.5e-05,2.4e-05,4e-13,4.5e-10,1e-10,0.0815,24800000000.0,1060000000.0,11.23,-87.36
3.5e-05,2.4e-05,4e-13,4.5e-10,5e-11,0.0815,24800000000.0,1080000000.0,11.23,-80.89
3.5e-05,2.4e-05,4e-13,4.5e-10,1.5e-10,0.0815,24800000000.0,1080000000.0,11.22,-87.96
3.5e-05,2.4e-05,4e-13,4.5e-10,2e-10,0.0815,24800000000.0,1070000000.0,11.23,-87.62
3.5e-05,2.4e-05,4e-13,4.5e-10,2.5e-10,0.0815,24800000000.0,1080000000.0,11.23,-87.33
3.5e-05,2.4e-05,4e-13,5e-10,1e-10,0.0815,23900000000.0,1010000000.0,11.47,-76.81
3.5e-05,2.4e-05,4e-13,5e-10,5e-11,0.0815,23900000000.0,1010000000.0,11.47,-86.34
3.5e-05,2.4e-05,4e-13,5e-10,1.5e-10,0.0815,23900000000.0,1010000000.0,11.47,-86.3
3.5e-05,2.4e-05,4e-13,5e-10,2e-10,0.0815,23900000000.0,1020000000.0,11.47,-86.21
3.5e-05,2.4e-05,4e-13,5e-10,2.5e-10,0.0815,23900000000.0,1010000000.0,11.47,-86.93
3.5e-05,2.4e-05,6e-13,4e-10,1e-10,0.0815,26000000000.0,1140000000.0,10.95,-88.98
3.5e-05,2.4e-05,6e-13,4e-10,5e-11,0.0815,26000000000.0,1160000000.0,10.96,-89.12
3.5e-05,2.4e-05,6e-13,4e-10,1.5e-10,0.0815,26000000000.0,1150000000.0,10.96,-89.25
3.5e-05,2.4e-05,6e-13,4e-10,2e-10,0.0815,26000000000.0,1150000000.0,10.95,-88.95
3.5e-05,2.4e-05,6e-13,4e-10,2.5e-10,0.0815,26000000000.0,1150000000.0,10.95,-89.15
3.5e-05,2.4e-05,6e-13,3e-10,5e-11,0.0815,29400000000.0,1370000000.0,10.24,-94.25
3.5e-05,2.4e-05,6e-13,3e-10,1.5e-10,0.0815,29400000000.0,1370000000.0,10.24,-87.77
3.5e-05,2.4e-05,6e-13,3.5e-10,1e-10,0.0815,27500000000.0,1240000000.0,10.64,-91.78
3.5e-05,2.4e-05,6e-13,3.5e-10,5e-11,0.0815,27500000000.0,1240000000.0,10.64,-91.66
3.5e-05,2.4e-05,6e-13,3.5e-10,1.5e-10,0.0815,27500000000.0,1240000000.0,10.64,-91.72
3.5e-05,2.4e-05,6e-13,3.5e-10,2.5e-10,0.0815,27500000000.0,1250000000.0,10.64,-91.58
3.5e-05,2.4e-05,6e-13,4.5e-10,1e-10,0.0815,24800000000.0,1060000000.0,11.23,-87.85
3.5e-05,2.4e-05,6e-13,4.5e-10,5e-11,0.0815,24800000000.0,1080000000.0,11.22,-87.5
3.5e-05,2.4e-05,6e-13,4.5e-10,1.5e-10,0.0815,24800000000.0,1070000000.0,11.23,-87.46
3.5e-05,2.4e-05,6e-13,4.5e-10,2e-10,0.0815,24800000000.0,1070000000.0,11.23,-87.35
3.5e-05,2.4e-05,6e-13,5e-10,1e-10,0.0815,23900000000.0,1010000000.0,11.47,-86.24
3.5e-05,2.4e-05,6e-13,5e-10,5e-11,0.0815,23900000000.0,1010000000.0,11.47,-86.11
3.5e-05,2.4e-05,6e-13,5e-10,2e-10,0.0815,23900000000.0,1010000000.0,11.47,-86.15
3.5e-05,2.4e-05,6e-13,5e-10,2.5e-10,0.0815,23900000000.0,1010000000.0,11.47,-86.31
3.5e-05,2.4e-05,7e-13,4e-10,1e-10,0.0815,26000000000.0,1150000000.0,10.96,-89.69
3.5e-05,2.4e-05,7e-13,4e-10,5e-11,0.0815,26000000000.0,1150000000.0,10.95,-89.97
3.5e-05,2.4e-05,7e-13,4e-10,1.5e-10,0.0815,26000000000.0,1150000000.0,10.95,-89.03
3.5e-05,2.4e-05,7e-13,4e-10,2e-10,0.0815,26000000000.0,1140000000.0,10.96,-89.16
3.5e-05,2.4e-05,7e-13,4e-10,2.5e-10,0.0815,26000000000.0,1140000000.0,10.96,-89.48
3.5e-05,2.4e-05,7e-13,3e-10,2e-10,0.0815,29400000000.0,1370000000.0,10.24,-94.05
3.5e-05,2.4e-05,7e-13,3.5e-10,1e-10,0.0815,27500000000.0,1240000000.0,10.64,-92.43
3.5e-05,2.4e-05,7e-13,3.5e-10,1.5e-10,0.0815,27500000000.0,1240000000.0,10.64,-91.7
3.5e-05,2.4e-05,7e-13,3.5e-10,2e-10,0.0815,27500000000.0,1240000000.0,10.64,-91.55
3.5e-05,2.4e-05,7e-13,3.5e-10,2.5e-10,0.0815,27500000000.0,1250000000.0,10.64,-92.38
3.5e-05,2.4e-05,7e-13,4.5e-10,1e-10,0.0815,24800000000.0,1070000000.0,11.23,-87.37
3.5e-05,2.4e-05,7e-13,4.5e-10,5e-11,0.0815,24800000000.0,1080000000.0,11.22,-87.56
3.5e-05,2.4e-05,7e-13,4.5e-10,1.5e-10,0.0815,24800000000.0,1070000000.0,11.23,-86.17
3.5e-05,2.4e-05,7e-13,4.5e-10,2e-10,0.0815,24800000000.0,1070000000.0,11.22,-87.49
3.5e-05,2.4e-05,7e-13,4.5e-10,2.5e-10,0.0815,24800000000.0,1070000000.0,11.23,-87.61
3.5e-05,2.4e-05,7e-13,5e-10,1e-10,0.0815,23900000000.0,1010000000.0,11.47,-85.24
3.5e-05,2.4e-05,7e-13,5e-10,5e-11,0.0815,23900000000.0,1010000000.0,11.47,-86.37
3.5e-05,2.4e-05,7e-13,5e-10,2e-10,0.0815,23900000000.0,1010000000.0,11.47,-86.5
3.5e-05,2.4e-05,7e-13,5e-10,2.5e-10,0.0815,23900000000.0,1010000000.0,11.47,-86.32
3.5e-05,2.5e-05,5e-13,4e-10,1e-10,0.0815,26000000000.0,1110000000.0,10.92,-88.83
3.5e-05,2.5e-05,5e-13,4e-10,5e-11,0.0815,26000000000.0,1110000000.0,10.93,-89.03
3.5e-05,2.5e-05,5e-13,4e-10,1.5e-10,0.0815,26000000000.0,1120000000.0,10.92,-88.84
3.5e-05,2.5e-05,5e-13,4e-10,2e-10,0.0815,26000000000.0,1110000000.0,10.93,-88.87
3.5e-05,2.5e-05,5e-13,4e-10,2.5e-10,0.0815,26000000000.0,1110000000.0,10.92,-88.84
3.5e-05,2.5e-05,5e-13,3e-10,1e-10,0.0815,29400000000.0,1310000000.0,10.2,-94.09
3.5e-05,2.5e-05,5e-13,3e-10,5e-11,0.0815,29400000000.0,1310000000.0,10.2,-94.07
3.5e-05,2.5e-05,5e-13,3e-10,1.5e-10,0.0815,29400000000.0,1310000000.0,10.2,-93.98
3.5e-05,2.5e-05,5e-13,3e-10,2e-10,0.0815,29400000000.0,1310000000.0,10.2,-94.02
3.5e-05,2.5e-05,5e-13,3e-10,2.5e-10,0.0815,29400000000.0,1310000000.0,10.2,-94.1
3.5e-05,2.5e-05,5e-13,3.5e-10,1e-10,0.0815,27400000000.0,1190000000.0,10.61,-91.99
3.5e-05,2.5e-05,5e-13,3.5e-10,5e-11,0.0815,27400000000.0,1190000000.0,10.61,-91.73
3.5e-05,2.5e-05,5e-13,3.5e-10,1.5e-10,0.0815,27400000000.0,1200000000.0,10.61,-91.51
3.5e-05,2.5e-05,5e-13,3.5e-10,2e-10,0.0815,27400000000.0,1200000000.0,10.61,-91.23
3.5e-05,2.5e-05,5e-13,3.5e-10,2.5e-10,0.0815,27400000000.0,1200000000.0,10.61,-91.24
3.5e-05,2.5e-05,5e-13,4.5e-10,1e-10,0.0815,24800000000.0,1040000000.0,11.2,-87.23
3.5e-05,2.5e-05,5e-13,4.5e-10,5e-11,0.0815,24800000000.0,1030000000.0,11.2,-87.02
3.5e-05,2.5e-05,5e-13,4.5e-10,1.5e-10,0.0815,24800000000.0,1040000000.0,11.2,-87.21
3.5e-05,2.5e-05,5e-13,4.5e-10,2e-10,0.0815,24800000000.0,1040000000.0,11.2,-87.34
3.5e-05,2.5e-05,5e-13,4.5e-10,2.5e-10,0.0815,24800000000.0,1030000000.0,11.2,-87.39
3.5e-05,2.5e-05,5e-13,5e-10,1e-10,0.0815,23800000000.0,972000000.0,11.44,-86.14
3.5e-05,2.5e-05,5e-13,5e-10,5e-11,0.0815,23800000000.0,978000000.0,11.44,-86.23
3.5e-05,2.5e-05,5e-13,5e-10,1.5e-10,0.0815,23800000000.0,976000000.0,11.44,-86.38
3.5e-05,2.5e-05,5e-13,5e-10,2e-10,0.0815,23800000000.0,979000000.0,11.44,-86.07
3.5e-05,2.5e-05,5e-13,5e-10,2.5e-10,0.0815,23800000000.0,976000000.0,11.44,-86.26
3.5e-05,2.5e-05,3e-13,4e-10,1e-10,0.0815,26000000000.0,1110000000.0,10.93,-89.89
3.5e-05,2.5e-05,3e-13,4e-10,5e-11,0.0815,26000000000.0,1100000000.0,10.93,-88.94
3.5e-05,2.5e-05,3e-13,4e-10,1.5e-10,0.0815,26000000000.0,1100000000.0,10.93,-89.18
3.5e-05,2.5e-05,3e-13,4e-10,2e-10,0.0815,26000000000.0,1110000000.0,10.92,-88.92
3.5e-05,2.5e-05,3e-13,4e-10,2.5e-10,0.0815,26000000000.0,1120000000.0,10.92,-88.47
3.5e-05,2.5e-05,3e-13,3e-10,1e-10,0.0815,29400000000.0,1310000000.0,10.2,-93.85
3.5e-05,2.5e-05,3e-13,3e-10,5e-11,0.0815,29400000000.0,1310000000.0,10.2,-94.05
3.5e-05,2.5e-05,3e-13,3e-10,2e-10,0.0815,29400000000.0,1310000000.0,10.2,-94.03
3.5e-05,2.5e-05,3e-13,3.5e-10,1e-10,0.0815,27500000000.0,1190000000.0,10.61,-91.4
3.5e-05,2.5e-05,3e-13,3.5e-10,5e-11,0.0815,27500000000.0,1200000000.0,10.61,-91.18
3.5e-05,2.5e-05,3e-13,3.5e-10,1.5e-10,0.0815,27500000000.0,1200000000.0,10.61,-89.89
3.5e-05,2.5e-05,3e-13,3.5e-10,2e-10,0.0815,27400000000.0,1200000000.0,10.61,-91.5
3.5e-05,2.5e-05,3e-13,4.5e-10,1e-10,0.0815,24800000000.0,1040000000.0,11.2,-87.24
3.5e-05,2.5e-05,3e-13,4.5e-10,5e-11,0.0815,24800000000.0,1040000000.0,11.2,-87.33
3.5e-05,2.5e-05,3e-13,4.5e-10,1.5e-10,0.0815,24800000000.0,1040000000.0,11.2,-87.25
3.5e-05,2.5e-05,3e-13,4.5e-10,2e-10,0.0815,24800000000.0,1030000000.0,11.2,-87.31
3.5e-05,2.5e-05,3e-13,5e-10,1e-10,0.0815,23900000000.0,986000000.0,11.45,-86.05
3.5e-05,2.5e-05,3e-13,5e-10,5e-11,0.0815,23900000000.0,980000000.0,11.44,-86.93
3.5e-05,2.5e-05,3e-13,5e-10,1.5e-10,0.0815,23800000000.0,980000000.0,11.44,-86.23
3.5e-05,2.5e-05,3e-13,5e-10,2e-10,0.0815,23800000000.0,978000000.0,11.45,-85.98
3.5e-05,2.5e-05,3e-13,5e-10,2.5e-10,0.0815,23800000000.0,978000000.0,11.44,-85.33
3.5e-05,2.5e-05,4e-13,4e-10,1e-10,0.0815,26000000000.0,1110000000.0,10.92,-88.86
3.5e-05,2.5e-05,4e-13,4e-10,5e-11,0.0815,26000000000.0,1120000000.0,10.92,-89.23
3.5e-05,2.5e-05,4e-13,4e-10,1.5e-10,0.0815,26000000000.0,1110000000.0,10.93,-88.81
3.5e-05,2.5e-05,4e-13,4e-10,2e-10,0.0815,26000000000.0,1110000000.0,10.92,-88.78
3.5e-05,2.5e-05,4e-13,4e-10,2.5e-10,0.0815,26000000000.0,1100000000.0,10.93,-88.23
3.5e-05,2.5e-05,4e-13,3e-10,5e-11,0.0815,29400000000.0,1310000000.0,10.2,-94.11
3.5e-05,2.5e-05,4e-13,3e-10,1.5e-10,0.0815,29400000000.0,1310000000.0,10.2,-94.04
3.5e-05,2.5e-05,4e-13,3e-10,2e-10,0.0815,29400000000.0,1310000000.0,10.2,-94.12
3.5e-05,2.5e-05,4e-13,3e-10,2.5e-10,0.0815,29400000000.0,1310000000.0,10.2,-94.08
3.5e-05,2.5e-05,4e-13,3.5e-10,1e-10,0.0815,27400000000.0,1200000000.0,10.61,-91.27
3.5e-05,2.5e-05,4e-13,3.5e-10,5e-11,0.0815,27400000000.0,1190000000.0,10.61,-91.31
3.5e-05,2.5e-05,4e-13,3.5e-10,1.5e-10,0.0815,27400000000.0,1190000000.0,10.61,-91.39
3.5e-05,2.5e-05,4e-13,3.5e-10,2.5e-10,0.0815,27400000000.0,1190000000.0,10.61,-91.05
3.5e-05,2.5e-05,4e-13,4.5e-10,1e-10,0.0815,24800000000.0,1040000000.0,11.2,-87.16
3.5e-05,2.5e-05,4e-13,4.5e-10,5e-11,0.0815,24800000000.0,1040000000.0,11.2,-87.2
3.5e-05,2.5e-05,4e-13,4.5e-10,1.5e-10,0.0815,24800000000.0,1040000000.0,11.2,-85.7
3.5e-05,2.5e-05,4e-13,4.5e-10,2e-10,0.0815,24800000000.0,1040000000.0,11.2,-87.4
3.5e-05,2.5e-05,4e-13,4.5e-10,2.5e-10,0.0815,24800000000.0,1050000000.0,11.2,-87.18
3.5e-05,2.5e-05,4e-13,5e-10,1e-10,0.0815,23800000000.0,986000000.0,11.44,-86.38
3.5e-05,2.5e-05,4e-13,5e-10,5e-11,0.0815,23800000000.0,971000000.0,11.44,-86.27
3.5e-05,2.5e-05,4e-13,5e-10,1.5e-10,0.0815,23800000000.0,971000000.0,11.44,-86.31
3.5e-05,2.5e-05,4e-13,5e-10,2e-10,0.0815,23800000000.0,973000000.0,11.44,-86.26
3.5e-05,2.5e-05,4e-13,5e-10,2.5e-10,0.0815,23800000000.0,972000000.0,11.44,-86.29
3.5e-05,2.5e-05,6e-13,4e-10,5e-11,0.0815,26000000000.0,1110000000.0,10.93,-88.78
3.5e-05,2.5e-05,6e-13,4e-10,1.5e-10,0.0815,26000000000.0,1110000000.0,10.93,-88.93
3.5e-05,2.5e-05,6e-13,4e-10,2e-10,0.0815,26000000000.0,1110000000.0,10.93,-88.94
3.5e-05,2.5e-05,6e-13,4e-10,2.5e-10,0.0815,26000000000.0,1110000000.0,10.93,-89.07
3.5e-05,2.5e-05,6e-13,3e-10,5e-11,0.0815,29400000000.0,1310000000.0,10.2,-94.01
3.5e-05,2.5e-05,6e-13,3e-10,1.5e-10,0.0815,29400000000.0,1310000000.0,10.2,-94.06
3.5e-05,2.5e-05,6e-13,3e-10,2e-10,0.0815,29400000000.0,1310000000.0,10.2,-94.16
3.5e-05,2.5e-05,6e-13,3e-10,2.5e-10,0.0815,29400000000.0,1310000000.0,10.2,-94.18
3.5e-05,2.5e-05,6e-13,3.5e-10,1e-10,0.0815,27400000000.0,1190000000.0,10.61,-91.36
3.5e-05,2.5e-05,6e-13,3.5e-10,5e-11,0.0815,27400000000.0,1190000000.0,10.61,-91.47
3.5e-05,2.5e-05,6e-13,3.5e-10,1.5e-10,0.0815,27400000000.0,1190000000.0,10.61,-90.05
3.5e-05,2.5e-05,6e-13,3.5e-10,2e-10,0.0815,27400000000.0,1190000000.0,10.61,-91.53
3.5e-05,2.5e-05,6e-13,3.5e-10,2.5e-10,0.0815,27400000000.0,1200000000.0,10.61,-91.81
3.5e-05,2.5e-05,6e-13,4.5e-10,1e-10,0.0815,24800000000.0,1040000000.0,11.2,-87.19
3.5e-05,2.5e-05,6e-13,4.5e-10,5e-11,0.0815,24800000000.0,1040000000.0,11.2,-87.26
3.5e-05,2.5e-05,6e-13,4.5e-10,2e-10,0.0815,24800000000.0,1040000000.0,11.2,-85.73
3.5e-05,2.5e-05,6e-13,4.5e-10,2.5e-10,0.0815,24800000000.0,1040000000.0,11.2,-87.17
3.5e-05,2.5e-05,6e-13,5e-10,1e-10,0.0815,23800000000.0,979000000.0,11.44,-86.7
3.5e-05,2.5e-05,6e-13,5e-10,5e-11,0.0815,23800000000.0,976000000.0,11.44,-86.23
3.5e-05,2.5e-05,6e-13,5e-10,1.5e-10,0.0815,23800000000.0,979000000.0,11.44,-85.02
3.5e-05,2.5e-05,6e-13,5e-10,2e-10,0.0815,23800000000.0,979000000.0,11.44,-86.11
3.5e-05,2.5e-05,6e-13,5e-10,2.5e-10,0.0815,23800000000.0,984000000.0,11.45,-86.07
3.5e-05,2.5e-05,7e-13,4e-10,1e-10,0.0815,26000000000.0,1110000000.0,10.93,-89.01
3.5e-05,2.5e-05,7e-13,4e-10,1.5e-10,0.0815,26000000000.0,1120000000.0,10.92,-88.35
3.5e-05,2.5e-05,7e-13,4e-10,2e-10,0.0815,26000000000.0,1100000000.0,10.93,-87.07
3.5e-05,2.5e-05,7e-13,4e-10,2.5e-10,0.0815,26000000000.0,1120000000.0,10.92,-88.24
3.5e-05,2.5e-05,7e-13,3e-10,5e-11,0.0815,29400000000.0,1310000000.0,10.2,-94.13
3.5e-05,2.5e-05,7e-13,3.5e-10,1e-10,0.0815,27400000000.0,1190000000.0,10.61,-91.3
3.5e-05,2.5e-05,7e-13,3.5e-10,5e-11,0.0815,27400000000.0,1200000000.0,10.61,-91.4
3.5e-05,2.5e-05,7e-13,3.5e-10,1.5e-10,0.0815,27400000000.0,1200000000.0,10.61,-91.7
3.5e-05,2.5e-05,7e-13,3.5e-10,2e-10,0.0815,27400000000.0,1190000000.0,10.61,-91.27
3.5e-05,2.5e-05,7e-13,3.5e-10,2.5e-10,0.0815,27400000000.0,1190000000.0,10.61,-91.12
3.5e-05,2.5e-05,7e-13,4.5e-10,1.5e-10,0.0815,24800000000.0,1030000000.0,11.2,-86.06
3.5e-05,2.5e-05,7e-13,4.5e-10,2e-10,0.0815,24800000000.0,1040000000.0,11.2,-87.22
3.5e-05,2.5e-05,7e-13,4.5e-10,2.5e-10,0.0815,24800000000.0,1050000000.0,11.2,-87.44
3.5e-05,2.5e-05,7e-13,5e-10,1e-10,0.0815,23800000000.0,986000000.0,11.44,-86.25
3.5e-05,2.5e-05,7e-13,5e-10,5e-11,0.0815,23800000000.0,972000000.0,11.44,-86.54
3.5e-05,2.5e-05,7e-13,5e-10,1.5e-10,0.0815,23800000000.0,979000000.0,11.44,-86.91
3.5e-05,2.5e-05,7e-13,5e-10,2e-10,0.0815,23800000000.0,980000000.0,11.45,-85.9
3.5e-05,2.5e-05,7e-13,5e-10,2.5e-10,0.0815,23800000000.0,979000000.0,11.44,-86.08
3.6e-05,5e-06,5e-13,4e-10,1e-10,0.0839,27700000000.0,626000000.0,10.83,-93.75
3.6e-05,5e-06,5e-13,4e-10,5e-11,0.0839,27700000000.0,627000000.0,10.83,-93.71
3.6e-05,5e-06,5e-13,4e-10,1.5e-10,0.0839,27700000000.0,625000000.0,10.83,-93.77
3.6e-05,5e-06,5e-13,4e-10,2e-10,0.0839,27700000000.0,626000000.0,10.83,-93.77
3.6e-05,5e-06,5e-13,4e-10,2.5e-10,0.0839,27700000000.0,628000000.0,10.83,-93.78
3.6e-05,5e-06,5e-13,3e-10,1e-10,0.0839,31500000000.0,780000000.0,10.2,-87.31
3.6e-05,5e-06,5e-13,3e-10,5e-11,0.0839,31500000000.0,778000000.0,10.2,-87.6
3.6e-05,5e-06,5e-13,3e-10,1.5e-10,0.0839,31500000000.0,779000000.0,10.2,-87.58
3.6e-05,5e-06,5e-13,3e-10,2e-10,0.0839,31500000000.0,779000000.0,10.2,-87.52
3.6e-05,5e-06,5e-13,3e-10,2.5e-10,0.0839,31500000000.0,778000000.0,10.2,-87.69
3.6e-05,5e-06,5e-13,3.5e-10,1e-10,0.0839,29400000000.0,688000000.0,10.56,-92.07
3.6e-05,5e-06,5e-13,3.5e-10,5e-11,0.0839,29400000000.0,689000000.0,10.56,-92.22
3.6e-05,5e-06,5e-13,3.5e-10,1.5e-10,0.0839,29400000000.0,690000000.0,10.56,-92.02
3.6e-05,5e-06,5e-13,3.5e-10,2e-10,0.0839,29400000000.0,688000000.0,10.56,-92.24
3.6e-05,5e-06,5e-13,3.5e-10,2.5e-10,0.0839,29400000000.0,689000000.0,10.56,-91.96
3.6e-05,5e-06,5e-13,4.5e-10,1e-10,0.0839,26500000000.0,580000000.0,11.05,-91.7
3.6e-05,5e-06,5e-13,4.5e-10,5e-11,0.0839,26500000000.0,580000000.0,11.05,-91.93
3.6e-05,5e-06,5e-13,4.5e-10,1.5e-10,0.0839,26500000000.0,584000000.0,11.05,-91.96
3.6e-05,5e-06,5e-13,4.5e-10,2e-10,0.0839,26500000000.0,580000000.0,11.05,-92.3
3.6e-05,5e-06,5e-13,4.5e-10,2.5e-10,0.0839,26500000000.0,583000000.0,11.05,-92.04
3.6e-05,5e-06,5e-13,5e-10,1e-10,0.0839,25400000000.0,547000000.0,11.25,-90.05
3.6e-05,5e-06,5e-13,5e-10,5e-11,0.0839,25400000000.0,545000000.0,11.25,-89.71
3.6e-05,5e-06,5e-13,5e-10,1.5e-10,0.0839,25400000000.0,543000000.0,11.25,-89.59
3.6e-05,5e-06,5e-13,5e-10,2e-10,0.0839,25400000000.0,547000000.0,11.25,-89.17
3.6e-05,5e-06,5e-13,5e-10,2.5e-10,0.0839,25400000000.0,545000000.0,11.25,-89.88
3.6e-05,5e-06,3e-13,4e-10,1e-10,0.0839,27700000000.0,629000000.0,10.83,-93.57
3.6e-05,5e-06,3e-13,4e-10,5e-11,0.0839,27700000000.0,625000000.0,10.83,-93.57
3.6e-05,5e-06,3e-13,4e-10,1.5e-10,0.0839,27700000000.0,625000000.0,10.83,-93.63
3.6e-05,5e-06,3e-13,4e-10,2e-10,0.0839,27700000000.0,628000000.0,10.83,-93.68
3.6e-05,5e-06,3e-13,3e-10,1e-10,0.0839,31500000000.0,778000000.0,10.2,-87.66
3.6e-05,5e-06,3e-13,3e-10,5e-11,0.0839,31500000000.0,777000000.0,10.2,-87.72
3.6e-05,5e-06,3e-13,3e-10,1.5e-10,0.0839,31500000000.0,778000000.0,10.2,-87.62
3.6e-05,5e-06,3e-13,3e-10,2.5e-10,0.0839,31500000000.0,779000000.0,10.2,-87.54
3.6e-05,5e-06,3e-13,3.5e-10,1e-10,0.0839,29400000000.0,688000000.0,10.56,-92.45
3.6e-05,5e-06,3e-13,3.5e-10,5e-11,0.0839,29400000000.0,690000000.0,10.56,-91.99
3.6e-05,5e-06,3e-13,3.5e-10,1.5e-10,0.0839,29400000000.0,689000000.0,10.56,-92.15
3.6e-05,5e-06,3e-13,3.5e-10,2.5e-10,0.0839,29400000000.0,689000000.0,10.56,-92.26
3.6e-05,5e-06,3e-13,4.5e-10,1e-10,0.0839,26500000000.0,579000000.0,11.05,-91.77
3.6e-05,5e-06,3e-13,4.5e-10,5e-11,0.0839,26500000000.0,578000000.0,11.05,-91.76
3.6e-05,5e-06,3e-13,4.5e-10,1.5e-10,0.0839,26500000000.0,582000000.0,11.05,-91.87
3.6e-05,5e-06,3e-13,4.5e-10,2e-10,0.0839,26500000000.0,580000000.0,11.05,-91.82
3.6e-05,5e-06,3e-13,4.5e-10,2.5e-10,0.0839,26500000000.0,581000000.0,11.05,-91.8
3.6e-05,5e-06,3e-13,5e-10,1e-10,0.0839,25400000000.0,546000000.0,11.25,-89.94
3.6e-05,5e-06,3e-13,5e-10,5e-11,0.0839,25400000000.0,544000000.0,11.25,-89.67
3.6e-05,5e-06,3e-13,5e-10,1.5e-10,0.0839,25400000000.0,545000000.0,11.25,-89.81
3.6e-05,5e-06,3e-13,5e-10,2e-10,0.0839,25400000000.0,545000000.0,11.25,-89.77
3.6e-05,5e-06,3e-13,5e-10,2.5e-10,0.0839,25400000000.0,547000000.0,11.25,-90.18
3.6e-05,5e-06,4e-13,4e-10,1e-10,0.0839,27700000000.0,628000000.0,10.83,-93.74
3.6e-05,5e-06,4e-13,4e-10,5e-11,0.0839,27700000000.0,626000000.0,10.83,-93.8
3.6e-05,5e-06,4e-13,4e-10,1.5e-10,0.0839,27700000000.0,628000000.0,10.83,-93.81
3.6e-05,5e-06,4e-13,4e-10,2e-10,0.0839,27700000000.0,624000000.0,10.83,-93.72
3.6e-05,5e-06,4e-13,4e-10,2.5e-10,0.0839,27700000000.0,629000000.0,10.83,-93.82
3.6e-05,5e-06,4e-13,3e-10,1e-10,0.0839,31500000000.0,778000000.0,10.2,-87.48
3.6e-05,5e-06,4e-13,3e-10,1.5e-10,0.0839,31500000000.0,778000000.0,10.2,-87.53
3.6e-05,5e-06,4e-13,3e-10,2e-10,0.0839,31500000000.0,778000000.0,10.2,-87.64
3.6e-05,5e-06,4e-13,3e-10,2.5e-10,0.0839,31500000000.0,779000000.0,10.2,-87.82
3.6e-05,5e-06,4e-13,3.5e-10,1e-10,0.0839,29400000000.0,688000000.0,10.56,-92.41
3.6e-05,5e-06,4e-13,3.5e-10,5e-11,0.0839,29400000000.0,689000000.0,10.56,-92.18
3.6e-05,5e-06,4e-13,3.5e-10,1.5e-10,0.0839,29400000000.0,692000000.0,10.56,-92.41
3.6e-05,5e-06,4e-13,3.5e-10,2e-10,0.0839,29400000000.0,688000000.0,10.56,-92.36
3.6e-05,5e-06,4e-13,3.5e-10,2.5e-10,0.0839,29400000000.0,688000000.0,10.56,-92.27
3.6e-05,5e-06,4e-13,4.5e-10,1e-10,0.0839,26500000000.0,581000000.0,11.05,-83.17
3.6e-05,5e-06,4e-13,4.5e-10,1.5e-10,0.0839,26500000000.0,582000000.0,11.05,-92.38
3.6e-05,5e-06,4e-13,4.5e-10,2e-10,0.0839,26500000000.0,580000000.0,11.05,-91.6
3.6e-05,5e-06,4e-13,4.5e-10,2.5e-10,0.0839,26500000000.0,583000000.0,11.05,-91.94
3.6e-05,5e-06,4e-13,5e-10,1e-10,0.0839,25400000000.0,547000000.0,11.25,-89.95
3.6e-05,5e-06,4e-13,5e-10,5e-11,0.0839,25400000000.0,546000000.0,11.25,-89.11
3.6e-05,5e-06,4e-13,5e-10,1.5e-10,0.0839,25400000000.0,546000000.0,11.25,-90.01
3.6e-05,5e-06,4e-13,5e-10,2e-10,0.0839,25400000000.0,544000000.0,11.25,-90.02
3.6e-05,5e-06,4e-13,5e-10,2.5e-10,0.0839,25400000000.0,548000000.0,11.25,-90.0
3.6e-05,5e-06,6e-13,4e-10,1e-10,0.0839,27700000000.0,626000000.0,10.83,-93.64
3.6e-05,5e-06,6e-13,4e-10,5e-11,0.0839,27700000000.0,628000000.0,10.83,-93.8
3.6e-05,5e-06,6e-13,4e-10,2e-10,0.0839,27700000000.0,624000000.0,10.83,-93.64
3.6e-05,5e-06,6e-13,4e-10,2.5e-10,0.0839,27700000000.0,626000000.0,10.83,-93.73
3.6e-05,5e-06,6e-13,3e-10,1e-10,0.0839,31500000000.0,777000000.0,10.2,-87.61
3.6e-05,5e-06,6e-13,3e-10,5e-11,0.0839,31500000000.0,778000000.0,10.2,-87.57
3.6e-05,5e-06,6e-13,3e-10,1.5e-10,0.0839,31500000000.0,778000000.0,10.2,-87.51
3.6e-05,5e-06,6e-13,3e-10,2e-10,0.0839,31500000000.0,779000000.0,10.2,-87.5
3.6e-05,5e-06,6e-13,3e-10,2.5e-10,0.0839,31500000000.0,778000000.0,10.2,-87.78
3.6e-05,5e-06,6e-13,3.5e-10,1e-10,0.0839,29400000000.0,691000000.0,10.56,-92.02
3.6e-05,5e-06,6e-13,3.5e-10,5e-11,0.0839,29400000000.0,689000000.0,10.56,-92.21
3.6e-05,5e-06,6e-13,3.5e-10,1.5e-10,0.0839,29400000000.0,689000000.0,10.56,-91.28
3.6e-05,5e-06,6e-13,3.5e-10,2e-10,0.0839,29400000000.0,688000000.0,10.56,-91.39
3.6e-05,5e-06,6e-13,4.5e-10,1e-10,0.0839,26500000000.0,580000000.0,11.05,-92.41
3.6e-05,5e-06,6e-13,4.5e-10,5e-11,0.0839,26500000000.0,582000000.0,11.05,-92.02
3.6e-05,5e-06,6e-13,4.5e-10,1.5e-10,0.0839,26500000000.0,580000000.0,11.05,-91.65
3.6e-05,5e-06,6e-13,4.5e-10,2e-10,0.0839,26500000000.0,582000000.0,11.05,-92.0
3.6e-05,5e-06,6e-13,4.5e-10,2.5e-10,0.0839,26500000000.0,582000000.0,11.05,-92.53
3.6e-05,5e-06,6e-13,5e-10,1e-10,0.0839,25400000000.0,546000000.0,11.25,-90.02
3.6e-05,5e-06,6e-13,5e-10,5e-11,0.0839,25400000000.0,543000000.0,11.25,-89.69
3.6e-05,5e-06,6e-13,5e-10,1.5e-10,0.0839,25400000000.0,546000000.0,11.25,-88.72
3.6e-05,5e-06,6e-13,5e-10,2e-10,0.0839,25400000000.0,547000000.0,11.25,-89.8
3.6e-05,5e-06,6e-13,5e-10,2.5e-10,0.0839,25400000000.0,544000000.0,11.25,-90.06
3.6e-05,5e-06,7e-13,4e-10,1.5e-10,0.0839,27700000000.0,627000000.0,10.83,-93.75
3.6e-05,5e-06,7e-13,4e-10,2e-10,0.0839,27700000000.0,629000000.0,10.83,-93.79
3.6e-05,5e-06,7e-13,4e-10,2.5e-10,0.0839,27700000000.0,627000000.0,10.83,-93.73
3.6e-05,5e-06,7e-13,3e-10,1e-10,0.0839,31500000000.0,777000000.0,10.2,-87.58
3.6e-05,5e-06,7e-13,3e-10,5e-11,0.0839,31500000000.0,778000000.0,10.2,-87.52
3.6e-05,5e-06,7e-13,3e-10,1.5e-10,0.0839,31500000000.0,779000000.0,10.2,-87.49
3.6e-05,5e-06,7e-13,3e-10,2.5e-10,0.0839,31500000000.0,779000000.0,10.2,-87.6
3.6e-05,5e-06,7e-13,3.5e-10,1e-10,0.0839,29400000000.0,691000000.0,10.56,-92.36
3.6e-05,5e-06,7e-13,3.5e-10,5e-11,0.0839,29400000000.0,688000000.0,10.56,-92.09
3.6e-05,5e-06,7e-13,3.5e-10,1.5e-10,0.0839,29400000000.0,692000000.0,10.56,-91.94
3.6e-05,5e-06,7e-13,3.5e-10,2e-10,0.0839,29400000000.0,691000000.0,10.56,-91.85
3.6e-05,5e-06,7e-13,3.5e-10,2.5e-10,0.0839,29400000000.0,691000000.0,10.56,-92.01
3.6e-05,5e-06,7e-13,4.5e-10,1e-10,0.0839,26500000000.0,580000000.0,11.05,-91.79
3.6e-05,5e-06,7e-13,4.5e-10,5e-11,0.0839,26500000000.0,581000000.0,11.05,-92.05
3.6e-05,5e-06,7e-13,4.5e-10,1.5e-10,0.0839,26500000000.0,581000000.0,11.05,-91.9
3.6e-05,5e-06,7e-13,4.5e-10,2e-10,0.0839,26500000000.0,582000000.0,11.05,-92.06
3.6e-05,5e-06,7e-13,4.5e-10,2.5e-10,0.0839,26500000000.0,578000000.0,11.05,-91.53
3.6e-05,5e-06,7e-13,5e-10,1e-10,0.0839,25400000000.0,546000000.0,11.25,-89.84
3.6e-05,5e-06,7e-13,5e-10,5e-11,0.0839,25400000000.0,543000000.0,11.25,-89.91
3.6e-05,5e-06,7e-13,5e-10,1.5e-10,0.0839,25400000000.0,546000000.0,11.25,-89.72
3.6e-05,5e-06,7e-13,5e-10,2e-10,0.0839,25400000000.0,544000000.0,11.25,-89.94
3.6e-05,5e-06,7e-13,5e-10,2.5e-10,0.0839,25400000000.0,545000000.0,11.25,-89.94
3.6e-05,6e-06,5e-13,4e-10,1e-10,0.0839,27600000000.0,723000000.0,10.85,-93.82
3.6e-05,6e-06,5e-13,4e-10,5e-11,0.0839,27600000000.0,727000000.0,10.85,-93.85
3.6e-05,6e-06,5e-13,4e-10,1.5e-10,0.0839,27600000000.0,723000000.0,10.85,-93.84
3.6e-05,6e-06,5e-13,4e-10,2e-10,0.0839,27600000000.0,725000000.0,10.85,-93.76
3.6e-05,6e-06,5e-13,4e-10,2.5e-10,0.0839,27600000000.0,724000000.0,10.85,-93.85
3.6e-05,6e-06,5e-13,3e-10,1e-10,0.0839,31300000000.0,901000000.0,10.23,-87.73
3.6e-05,6e-06,5e-13,3e-10,5e-11,0.0839,31300000000.0,901000000.0,10.23,-87.84
3.6e-05,6e-06,5e-13,3e-10,1.5e-10,0.0839,31300000000.0,901000000.0,10.23,-87.97
3.6e-05,6e-06,5e-13,3e-10,2e-10,0.0839,31300000000.0,900000000.0,10.23,-88.01
3.6e-05,6e-06,5e-13,3e-10,2.5e-10,0.0839,31300000000.0,902000000.0,10.23,-88.29
3.6e-05,6e-06,5e-13,3.5e-10,1e-10,0.0839,29200000000.0,797000000.0,10.58,-92.14
3.6e-05,6e-06,5e-13,3.5e-10,5e-11,0.0839,29200000000.0,799000000.0,10.58,-92.75
3.6e-05,6e-06,5e-13,3.5e-10,1.5e-10,0.0839,29200000000.0,798000000.0,10.58,-92.48
3.6e-05,6e-06,5e-13,3.5e-10,2e-10,0.0839,29200000000.0,799000000.0,10.58,-92.37
3.6e-05,6e-06,5e-13,3.5e-10,2.5e-10,0.0839,29200000000.0,799000000.0,10.58,-92.43
3.6e-05,6e-06,5e-13,4.5e-10,1e-10,0.0839,26300000000.0,675000000.0,11.08,-91.93
3.6e-05,6e-06,5e-13,4.5e-10,5e-11,0.0839,26300000000.0,673000000.0,11.08,-92.11
3.6e-05,6e-06,5e-13,4.5e-10,1.5e-10,0.0839,26300000000.0,672000000.0,11.08,-91.76
3.6e-05,6e-06,5e-13,4.5e-10,2e-10,0.0839,26300000000.0,669000000.0,11.08,-91.53
3.6e-05,6e-06,5e-13,4.5e-10,2.5e-10,0.0839,26300000000.0,676000000.0,11.08,-92.02
3.6e-05,6e-06,5e-13,5e-10,1e-10,0.0839,25300000000.0,633000000.0,11.27,-90.1
3.6e-05,6e-06,5e-13,5e-10,5e-11,0.0839,25300000000.0,631000000.0,11.27,-89.59
3.6e-05,6e-06,5e-13,5e-10,1.5e-10,0.0839,25300000000.0,631000000.0,11.27,-89.6
3.6e-05,6e-06,5e-13,5e-10,2e-10,0.0839,25300000000.0,633000000.0,11.27,-89.95
3.6e-05,6e-06,5e-13,5e-10,2.5e-10,0.0839,25300000000.0,629000000.0,11.27,-89.82
3.6e-05,6e-06,3e-13,4e-10,1e-10,0.0839,27600000000.0,727000000.0,10.85,-93.78
3.6e-05,6e-06,3e-13,4e-10,5e-11,0.0839,27600000000.0,725000000.0,10.85,-93.78
3.6e-05,6e-06,3e-13,4e-10,1.5e-10,0.0839,27600000000.0,728000000.0,10.85,-93.68
3.6e-05,6e-06,3e-13,4e-10,2e-10,0.0839,27600000000.0,726000000.0,10.85,-93.8
3.6e-05,6e-06,3e-13,4e-10,2.5e-10,0.0839,27600000000.0,728000000.0,10.85,-93.89
3.6e-05,6e-06,3e-13,3e-10,1e-10,0.0839,31300000000.0,900000000.0,10.23,-88.07
3.6e-05,6e-06,3e-13,3e-10,5e-11,0.0839,31300000000.0,900000000.0,10.23,-88.05
3.6e-05,6e-06,3e-13,3e-10,1.5e-10,0.0839,31300000000.0,899000000.0,10.23,-88.12
3.6e-05,6e-06,3e-13,3e-10,2e-10,0.0839,31300000000.0,901000000.0,10.23,-88.1
3.6e-05,6e-06,3e-13,3e-10,2.5e-10,0.0839,31300000000.0,900000000.0,10.23,-88.06
3.6e-05,6e-06,3e-13,3.5e-10,1e-10,0.0839,29200000000.0,798000000.0,10.58,-92.74
3.6e-05,6e-06,3e-13,3.5e-10,5e-11,0.0839,29200000000.0,798000000.0,10.58,-92.61
3.6e-05,6e-06,3e-13,3.5e-10,1.5e-10,0.0839,29200000000.0,797000000.0,10.58,-92.71
3.6e-05,6e-06,3e-13,3.5e-10,2e-10,0.0839,29200000000.0,797000000.0,10.58,-92.81
3.6e-05,6e-06,3e-13,3.5e-10,2.5e-10,0.0839,29200000000.0,800000000.0,10.58,-92.21
3.6e-05,6e-06,3e-13,4.5e-10,1e-10,0.0839,26300000000.0,672000000.0,11.08,-91.51
3.6e-05,6e-06,3e-13,4.5e-10,5e-11,0.0839,26300000000.0,675000000.0,11.08,-92.05
3.6e-05,6e-06,3e-13,4.5e-10,1.5e-10,0.0839,26300000000.0,672000000.0,11.08,-91.94
3.6e-05,6e-06,3e-13,4.5e-10,2e-10,0.0839,26300000000.0,675000000.0,11.08,-92.2
3.6e-05,6e-06,3e-13,4.5e-10,2.5e-10,0.0839,26300000000.0,670000000.0,11.08,-91.64
3.6e-05,6e-06,3e-13,5e-10,1e-10,0.0839,25300000000.0,631000000.0,11.27,-89.68
3.6e-05,6e-06,3e-13,5e-10,5e-11,0.0839,25300000000.0,629000000.0,11.27,-89.81
3.6e-05,6e-06,3e-13,5e-10,1.5e-10,0.0839,25300000000.0,631000000.0,11.27,-89.45
3.6e-05,6e-06,3e-13,5e-10,2e-10,0.0839,25300000000.0,634000000.0,11.27,-90.08
3.6e-05,6e-06,3e-13,5e-10,2.5e-10,0.0839,25300000000.0,633000000.0,11.27,-90.38
3.6e-05,6e-06,4e-13,4e-10,1e-10,0.0839,27600000000.0,727000000.0,10.85,-93.84
3.6e-05,6e-06,4e-13,4e-10,5e-11,0.0839,27600000000.0,729000000.0,10.85,-93.56
3.6e-05,6e-06,4e-13,4e-10,1.5e-10,0.0839,27600000000.0,727000000.0,10.85,-90.33
3.6e-05,6e-06,4e-13,4e-10,2e-10,0.0839,27600000000.0,728000000.0,10.85,-93.69
3.6e-05,6e-06,4e-13,4e-10,2.5e-10,0.0839,27600000000.0,723000000.0,10.85,-93.85
3.6e-05,6e-06,4e-13,3e-10,1e-10,0.0839,31300000000.0,901000000.0,10.23,-88.06
3.6e-05,6e-06,4e-13,3e-10,5e-11,0.0839,31300000000.0,900000000.0,10.23,-88.19
3.6e-05,6e-06,4e-13,3e-10,1.5e-10,0.0839,31300000000.0,901000000.0,10.23,-87.89
3.6e-05,6e-06,4e-13,3e-10,2e-10,0.0839,31300000000.0,901000000.0,10.23,-87.94
3.6e-05,6e-06,4e-13,3.5e-10,1e-10,0.0839,29200000000.0,797000000.0,10.58,-92.64
3.6e-05,6e-06,4e-13,3.5e-10,1.5e-10,0.0839,29200000000.0,799000000.0,10.58,-92.2
3.6e-05,6e-06,4e-13,3.5e-10,2e-10,0.0839,29200000000.0,800000000.0,10.58,-92.26
3.6e-05,6e-06,4e-13,3.5e-10,2.5e-10,0.0839,29200000000.0,800000000.0,10.58,-92.38
3.6e-05,6e-06,4e-13,4.5e-10,1e-10,0.0839,26300000000.0,675000000.0,11.08,-91.45
3.6e-05,6e-06,4e-13,4.5e-10,5e-11,0.0839,26300000000.0,672000000.0,11.08,-91.47
3.6e-05,6e-06,4e-13,4.5e-10,2e-10,0.0839,26300000000.0,669000000.0,11.08,-91.7
3.6e-05,6e-06,4e-13,4.5e-10,2.5e-10,0.0839,26300000000.0,676000000.0,11.08,-91.82
3.6e-05,6e-06,4e-13,5e-10,1e-10,0.0839,25300000000.0,630000000.0,11.27,-89.91
3.6e-05,6e-06,4e-13,5e-10,5e-11,0.0839,25300000000.0,631000000.0,11.27,-89.93
3.6e-05,6e-06,4e-13,5e-10,1.5e-10,0.0839,25300000000.0,634000000.0,11.27,-89.92
3.6e-05,6e-06,4e-13,5e-10,2e-10,0.0839,25300000000.0,631000000.0,11.27,-89.65
3.6e-05,6e-06,4e-13,5e-10,2.5e-10,0.0839,25300000000.0,631000000.0,11.27,-89.88
3.6e-05,6e-06,6e-13,4e-10,1e-10,0.0839,27600000000.0,727000000.0,10.85,-93.81
3.6e-05,6e-06,6e-13,4e-10,5e-11,0.0839,27600000000.0,725000000.0,10.85,-93.79
3.6e-05,6e-06,6e-13,4e-10,1.5e-10,0.0839,27600000000.0,727000000.0,10.85,-93.53
3.6e-05,6e-06,6e-13,4e-10,2e-10,0.0839,27600000000.0,726000000.0,10.85,-93.65
3.6e-05,6e-06,6e-13,4e-10,2.5e-10,0.0839,27600000000.0,727000000.0,10.85,-93.63
3.6e-05,6e-06,6e-13,3e-10,1e-10,0.0839,31300000000.0,901000000.0,10.23,-87.92
3.6e-05,6e-06,6e-13,3e-10,5e-11,0.0839,31300000000.0,900000000.0,10.23,-87.69
3.6e-05,6e-06,6e-13,3e-10,1.5e-10,0.0839,31300000000.0,900000000.0,10.23,-87.93
3.6e-05,6e-06,6e-13,3e-10,2.5e-10,0.0839,31300000000.0,901000000.0,10.23,-87.87
3.6e-05,6e-06,6e-13,3.5e-10,1e-10,0.0839,29200000000.0,797000000.0,10.58,-92.09
3.6e-05,6e-06,6e-13,3.5e-10,5e-11,0.0839,29200000000.0,797000000.0,10.58,-92.1
3.6e-05,6e-06,6e-13,3.5e-10,1.5e-10,0.0839,29200000000.0,798000000.0,10.58,-92.55
3.6e-05,6e-06,6e-13,3.5e-10,2e-10,0.0839,29200000000.0,797000000.0,10.58,-92.61
3.6e-05,6e-06,6e-13,3.5e-10,2.5e-10,0.0839,29200000000.0,796000000.0,10.58,-92.59
3.6e-05,6e-06,6e-13,4.5e-10,1e-10,0.0839,26300000000.0,674000000.0,11.08,-92.18
3.6e-05,6e-06,6e-13,4.5e-10,5e-11,0.0839,26300000000.0,673000000.0,11.08,-91.73
3.6e-05,6e-06,6e-13,4.5e-10,1.5e-10,0.0839,26300000000.0,671000000.0,11.08,-92.19
3.6e-05,6e-06,6e-13,5e-10,1e-10,0.0839,25200000000.0,630000000.0,11.27,-86.57
3.6e-05,6e-06,6e-13,5e-10,5e-11,0.0839,25300000000.0,631000000.0,11.27,-89.58
3.6e-05,6e-06,6e-13,5e-10,1.5e-10,0.0839,25200000000.0,633000000.0,11.27,-89.95
3.6e-05,6e-06,6e-13,5e-10,2e-10,0.0839,25300000000.0,632000000.0,11.27,-90.48
3.6e-05,6e-06,6e-13,5e-10,2.5e-10,0.0839,25300000000.0,632000000.0,11.27,-90.0
3.6e-05,6e-06,7e-13,4e-10,1e-10,0.0839,27600000000.0,727000000.0,10.85,-93.82
3.6e-05,6e-06,7e-13,4e-10,5e-11,0.0839,27600000000.0,729000000.0,10.85,-93.55
3.6e-05,6e-06,7e-13,4e-10,1.5e-10,0.0839,27600000000.0,726000000.0,10.85,-93.81
3.6e-05,6e-06,7e-13,4e-10,2e-10,0.0839,27600000000.0,725000000.0,10.85,-93.85
3.6e-05,6e-06,7e-13,4e-10,2.5e-10,0.0839,27600000000.0,723000000.0,10.85,-93.8
3.6e-05,6e-06,7e-13,3e-10,5e-11,0.0839,31300000000.0,901000000.0,10.23,-87.69
3.6e-05,6e-06,7e-13,3e-10,1.5e-10,0.0839,31300000000.0,900000000.0,10.23,-87.9
3.6e-05,6e-06,7e-13,3e-10,2e-10,0.0839,31300000000.0,901000000.0,10.23,-87.85
3.6e-05,6e-06,7e-13,3e-10,2.5e-10,0.0839,31300000000.0,901000000.0,10.23,-87.95
3.6e-05,6e-06,7e-13,3.5e-10,1e-10,0.0839,29200000000.0,798000000.0,10.58,-92.59
3.6e-05,6e-06,7e-13,3.5e-10,5e-11,0.0839,29200000000.0,796000000.0,10.58,-92.63
3.6e-05,6e-06,7e-13,3.5e-10,1.5e-10,0.0839,29200000000.0,798000000.0,10.58,-92.63
3.6e-05,6e-06,7e-13,3.5e-10,2e-10,0.0839,29200000000.0,798000000.0,10.58,-92.65
3.6e-05,6e-06,7e-13,3.5e-10,2.5e-10,0.0839,29200000000.0,799000000.0,10.58,-92.31
3.6e-05,6e-06,7e-13,4.5e-10,1e-10,0.0839,26300000000.0,673000000.0,11.08,-89.51
3.6e-05,6e-06,7e-13,4.5e-10,5e-11,0.0839,26300000000.0,673000000.0,11.08,-91.93
3.6e-05,6e-06,7e-13,4.5e-10,1.5e-10,0.0839,26300000000.0,670000000.0,11.08,-91.68
3.6e-05,6e-06,7e-13,4.5e-10,2e-10,0.0839,26300000000.0,674000000.0,11.08,-92.24
3.6e-05,6e-06,7e-13,4.5e-10,2.5e-10,0.0839,26300000000.0,670000000.0,11.08,-91.97
3.6e-05,6e-06,7e-13,5e-10,1e-10,0.0839,25200000000.0,630000000.0,11.27,-79.88
3.6e-05,6e-06,7e-13,5e-10,5e-11,0.0839,25200000000.0,631000000.0,11.27,-89.47
3.6e-05,6e-06,7e-13,5e-10,1.5e-10,0.0839,25200000000.0,633000000.0,11.27,-89.71
3.6e-05,6e-06,7e-13,5e-10,2e-10,0.0839,25200000000.0,631000000.0,11.27,-89.74
3.6e-05,7e-06,5e-13,4e-10,1e-10,0.0839,27400000000.0,813000000.0,10.87,-93.65
3.6e-05,7e-06,5e-13,4e-10,5e-11,0.0839,27400000000.0,818000000.0,10.88,-93.82
3.6e-05,7e-06,5e-13,4e-10,1.5e-10,0.0839,27400000000.0,816000000.0,10.88,-93.85
3.6e-05,7e-06,5e-13,4e-10,2e-10,0.0839,27400000000.0,817000000.0,10.88,-93.81
3.6e-05,7e-06,5e-13,4e-10,2.5e-10,0.0839,27400000000.0,817000000.0,10.88,-93.82
3.6e-05,7e-06,5e-13,3e-10,1e-10,0.0839,31100000000.0,1010000000.0,10.25,-88.2
3.6e-05,7e-06,5e-13,3e-10,5e-11,0.0839,31100000000.0,1010000000.0,10.25,-88.32
3.6e-05,7e-06,5e-13,3e-10,1.5e-10,0.0839,31100000000.0,1010000000.0,10.25,-88.27
3.6e-05,7e-06,5e-13,3e-10,2e-10,0.0839,31100000000.0,1010000000.0,10.25,-88.37
3.6e-05,7e-06,5e-13,3e-10,2.5e-10,0.0839,31100000000.0,1010000000.0,10.25,-88.3
3.6e-05,7e-06,5e-13,3.5e-10,1e-10,0.0839,29000000000.0,897000000.0,10.61,-92.76
3.6e-05,7e-06,5e-13,3.5e-10,5e-11,0.0839,29000000000.0,895000000.0,10.6,-93.03
3.6e-05,7e-06,5e-13,3.5e-10,1.5e-10,0.0839,29000000000.0,895000000.0,10.6,-93.02
3.6e-05,7e-06,5e-13,3.5e-10,2e-10,0.0839,29000000000.0,895000000.0,10.6,-92.86
3.6e-05,7e-06,5e-13,3.5e-10,2.5e-10,0.0839,29000000000.0,897000000.0,10.61,-92.78
3.6e-05,7e-06,5e-13,4.5e-10,1e-10,0.0839,26100000000.0,758000000.0,11.1,-91.58
3.6e-05,7e-06,5e-13,4.5e-10,5e-11,0.0839,26100000000.0,757000000.0,11.1,-91.75
3.6e-05,7e-06,5e-13,4.5e-10,1.5e-10,0.0839,26100000000.0,752000000.0,11.1,-91.58
3.6e-05,7e-06,5e-13,4.5e-10,2e-10,0.0839,26100000000.0,759000000.0,11.1,-91.77
3.6e-05,7e-06,5e-13,4.5e-10,2.5e-10,0.0839,26100000000.0,753000000.0,11.1,-91.83
3.6e-05,7e-06,5e-13,5e-10,1e-10,0.0839,25100000000.0,712000000.0,11.3,-89.99
3.6e-05,7e-06,5e-13,5e-10,5e-11,0.0839,25100000000.0,708000000.0,11.3,-89.5
3.6e-05,7e-06,5e-13,5e-10,1.5e-10,0.0839,25100000000.0,709000000.0,11.3,-89.96
3.6e-05,7e-06,5e-13,5e-10,2e-10,0.0839,25100000000.0,710000000.0,11.3,-89.84
3.6e-05,7e-06,5e-13,5e-10,2.5e-10,0.0839,25100000000.0,709000000.0,11.3,-89.73
3.6e-05,7e-06,3e-13,4e-10,1e-10,0.0839,27400000000.0,812000000.0,10.87,-93.89
3.6e-05,7e-06,3e-13,4e-10,5e-11,0.0839,27400000000.0,816000000.0,10.88,-93.77
3.6e-05,7e-06,3e-13,4e-10,1.5e-10,0.0839,27400000000.0,816000000.0,10.88,-93.82
3.6e-05,7e-06,3e-13,4e-10,2e-10,0.0839,27400000000.0,816000000.0,10.88,-93.79
3.6e-05,7e-06,3e-13,4e-10,2.5e-10,0.0839,27400000000.0,815000000.0,10.87,-93.7
3.6e-05,7e-06,3e-13,3e-10,1e-10,0.0839,31100000000.0,1010000000.0,10.25,-88.38
3.6e-05,7e-06,3e-13,3e-10,5e-11,0.0839,31100000000.0,1010000000.0,10.25,-88.51
3.6e-05,7e-06,3e-13,3e-10,1.5e-10,0.0839,31100000000.0,1010000000.0,10.25,-88.62
3.6e-05,7e-06,3e-13,3e-10,2e-10,0.0839,31100000000.0,1010000000.0,10.25,-88.24
3.6e-05,7e-06,3e-13,3e-10,2.5e-10,0.0839,31100000000.0,1010000000.0,10.25,-88.57
3.6e-05,7e-06,3e-13,3.5e-10,1e-10,0.0839,29000000000.0,897000000.0,10.61,-92.84
3.6e-05,7e-06,3e-13,3.5e-10,5e-11,0.0839,29000000000.0,898000000.0,10.61,-92.95
3.6e-05,7e-06,3e-13,3.5e-10,1.5e-10,0.0839,29000000000.0,898000000.0,10.61,-93.04
3.6e-05,7e-06,3e-13,3.5e-10,2e-10,0.0839,29000000000.0,896000000.0,10.61,-93.12
3.6e-05,7e-06,3e-13,3.5e-10,2.5e-10,0.0839,29000000000.0,896000000.0,10.61,-92.98
3.6e-05,7e-06,3e-13,4.5e-10,1e-10,0.0839,26100000000.0,754000000.0,11.1,-91.38
3.6e-05,7e-06,3e-13,4.5e-10,5e-11,0.0839,26100000000.0,756000000.0,11.1,-91.7
3.6e-05,7e-06,3e-13,4.5e-10,1.5e-10,0.0839,26100000000.0,759000000.0,11.1,-91.35
3.6e-05,7e-06,3e-13,4.5e-10,2e-10,0.0839,26100000000.0,759000000.0,11.1,-91.96
3.6e-05,7e-06,3e-13,4.5e-10,2.5e-10,0.0839,26100000000.0,754000000.0,11.1,-91.36
3.6e-05,7e-06,3e-13,5e-10,1e-10,0.0839,25100000000.0,708000000.0,11.3,-89.52
3.6e-05,7e-06,3e-13,5e-10,5e-11,0.0839,25100000000.0,707000000.0,11.3,-89.34
3.6e-05,7e-06,3e-13,5e-10,1.5e-10,0.0839,25100000000.0,710000000.0,11.3,-89.83
3.6e-05,7e-06,3e-13,5e-10,2e-10,0.0839,25100000000.0,712000000.0,11.29,-89.94
3.6e-05,7e-06,3e-13,5e-10,2.5e-10,0.0839,25100000000.0,709000000.0,11.3,-89.48
3.6e-05,7e-06,4e-13,4e-10,1e-10,0.0839,27400000000.0,814000000.0,10.87,-93.71
3.6e-05,7e-06,4e-13,4e-10,5e-11,0.0839,27400000000.0,816000000.0,10.87,-93.51
3.6e-05,7e-06,4e-13,4e-10,1.5e-10,0.0839,27400000000.0,815000000.0,10.87,-93.86
3.6e-05,7e-06,4e-13,4e-10,2e-10,0.0839,27400000000.0,818000000.0,10.88,-93.7
3.6e-05,7e-06,4e-13,4e-10,2.5e-10,0.0839,27400000000.0,816000000.0,10.88,-93.84
3.6e-05,7e-06,4e-13,3e-10,1e-10,0.0839,31100000000.0,1010000000.0,10.25,-88.44
3.6e-05,7e-06,4e-13,3e-10,5e-11,0.0839,31100000000.0,1010000000.0,10.25,-88.33
3.6e-05,7e-06,4e-13,3e-10,1.5e-10,0.0839,31100000000.0,1010000000.0,10.25,-88.49
3.6e-05,7e-06,4e-13,3e-10,2e-10,0.0839,31100000000.0,1010000000.0,10.25,-88.41
3.6e-05,7e-06,4e-13,3.5e-10,1e-10,0.0839,29000000000.0,897000000.0,10.61,-92.79
3.6e-05,7e-06,4e-13,3.5e-10,5e-11,0.0839,29000000000.0,896000000.0,10.61,-92.93
3.6e-05,7e-06,4e-13,3.5e-10,1.5e-10,0.0839,29000000000.0,896000000.0,10.6,-93.08
3.6e-05,7e-06,4e-13,3.5e-10,2e-10,0.0839,29000000000.0,895000000.0,10.61,-93.12
3.6e-05,7e-06,4e-13,4.5e-10,1e-10,0.0839,26100000000.0,756000000.0,11.1,-91.53
3.6e-05,7e-06,4e-13,4.5e-10,5e-11,0.0839,26100000000.0,753000000.0,11.1,-91.42
3.6e-05,7e-06,4e-13,4.5e-10,1.5e-10,0.0839,26100000000.0,755000000.0,11.1,-91.66
3.6e-05,7e-06,4e-13,4.5e-10,2e-10,0.0839,26100000000.0,757000000.0,11.1,-91.66
3.6e-05,7e-06,4e-13,4.5e-10,2.5e-10,0.0839,26100000000.0,753000000.0,11.1,-91.55
3.6e-05,7e-06,4e-13,5e-10,1e-10,0.0839,25100000000.0,712000000.0,11.3,-89.82
3.6e-05,7e-06,4e-13,5e-10,5e-11,0.0839,25100000000.0,710000000.0,11.3,-89.9
3.6e-05,7e-06,4e-13,5e-10,1.5e-10,0.0839,25100000000.0,710000000.0,11.3,-89.63
3.6e-05,7e-06,4e-13,5e-10,2e-10,0.0839,25100000000.0,710000000.0,11.29,-89.86
3.6e-05,7e-06,4e-13,5e-10,2.5e-10,0.0839,25100000000.0,711000000.0,11.3,-89.75
3.6e-05,7e-06,6e-13,4e-10,1e-10,0.0839,27400000000.0,816000000.0,10.87,-93.89
3.6e-05,7e-06,6e-13,4e-10,5e-11,0.0839,27400000000.0,814000000.0,10.87,-93.68
3.6e-05,7e-06,6e-13,4e-10,1.5e-10,0.0839,27400000000.0,815000000.0,10.87,-93.83
3.6e-05,7e-06,6e-13,4e-10,2e-10,0.0839,27400000000.0,814000000.0,10.87,-93.8
3.6e-05,7e-06,6e-13,4e-10,2.5e-10,0.0839,27400000000.0,814000000.0,10.87,-93.83
3.6e-05,7e-06,6e-13,3e-10,5e-11,0.0839,31100000000.0,1010000000.0,10.25,-88.35
3.6e-05,7e-06,6e-13,3e-10,1.5e-10,0.0839,31100000000.0,1010000000.0,10.25,-88.29
3.6e-05,7e-06,6e-13,3e-10,2e-10,0.0839,31100000000.0,1010000000.0,10.25,-88.5
3.6e-05,7e-06,6e-13,3e-10,2.5e-10,0.0839,31100000000.0,1010000000.0,10.25,-88.4
3.6e-05,7e-06,6e-13,3.5e-10,1e-10,0.0839,29000000000.0,897000000.0,10.6,-92.76
3.6e-05,7e-06,6e-13,3.5e-10,5e-11,0.0839,29000000000.0,895000000.0,10.6,-93.1
3.6e-05,7e-06,6e-13,3.5e-10,1.5e-10,0.0839,29000000000.0,898000000.0,10.61,-92.85
3.6e-05,7e-06,6e-13,3.5e-10,2e-10,0.0839,29000000000.0,896000000.0,10.6,-92.91
3.6e-05,7e-06,6e-13,3.5e-10,2.5e-10,0.0839,29000000000.0,897000000.0,10.61,-92.74
3.6e-05,7e-06,6e-13,4.5e-10,1e-10,0.0839,26100000000.0,755000000.0,11.1,-91.7
3.6e-05,7e-06,6e-13,4.5e-10,5e-11,0.0839,26100000000.0,758000000.0,11.1,-91.4
3.6e-05,7e-06,6e-13,4.5e-10,1.5e-10,0.0839,26100000000.0,756000000.0,11.1,-91.68
3.6e-05,7e-06,6e-13,4.5e-10,2e-10,0.0839,26100000000.0,756000000.0,11.1,-91.99
3.6e-05,7e-06,6e-13,4.5e-10,2.5e-10,0.0839,26100000000.0,756000000.0,11.1,-91.71
3.6e-05,7e-06,6e-13,5e-10,1e-10,0.0839,25100000000.0,708000000.0,11.3,-89.78
3.6e-05,7e-06,6e-13,5e-10,5e-11,0.0839,25100000000.0,711000000.0,11.3,-89.79
3.6e-05,7e-06,6e-13,5e-10,1.5e-10,0.0839,25100000000.0,708000000.0,11.3,-89.38
3.6e-05,7e-06,6e-13,5e-10,2e-10,0.0839,25100000000.0,711000000.0,11.3,-89.87
3.6e-05,7e-06,6e-13,5e-10,2.5e-10,0.0839,25100000000.0,709000000.0,11.3,-89.53
3.6e-05,7e-06,7e-13,4e-10,1e-10,0.0839,27400000000.0,814000000.0,10.87,-93.87
3.6e-05,7e-06,7e-13,4e-10,5e-11,0.0839,27400000000.0,813000000.0,10.87,-93.57
3.6e-05,7e-06,7e-13,4e-10,1.5e-10,0.0839,27400000000.0,818000000.0,10.87,-93.82
3.6e-05,7e-06,7e-13,4e-10,2.5e-10,0.0839,27400000000.0,816000000.0,10.87,-93.54
3.6e-05,7e-06,7e-13,3e-10,1e-10,0.0839,31100000000.0,1010000000.0,10.25,-88.34
3.6e-05,7e-06,7e-13,3e-10,5e-11,0.0839,31100000000.0,1010000000.0,10.25,-88.36
3.6e-05,7e-06,7e-13,3e-10,1.5e-10,0.0839,31100000000.0,1010000000.0,10.25,-88.39
3.6e-05,7e-06,7e-13,3.5e-10,1e-10,0.0839,29000000000.0,899000000.0,10.61,-92.61
3.6e-05,7e-06,7e-13,3.5e-10,5e-11,0.0839,29000000000.0,895000000.0,10.6,-93.01
3.6e-05,7e-06,7e-13,3.5e-10,1.5e-10,0.0839,29000000000.0,899000000.0,10.61,-93.1
3.6e-05,7e-06,7e-13,3.5e-10,2e-10,0.0839,29000000000.0,897000000.0,10.6,-92.75
3.6e-05,7e-06,7e-13,3.5e-10,2.5e-10,0.0839,29000000000.0,896000000.0,10.6,-92.78
3.6e-05,7e-06,7e-13,4.5e-10,1e-10,0.0839,26100000000.0,757000000.0,11.1,-89.73
3.6e-05,7e-06,7e-13,4.5e-10,5e-11,0.0839,26100000000.0,758000000.0,11.1,-91.38
3.6e-05,7e-06,7e-13,4.5e-10,1.5e-10,0.0839,26100000000.0,758000000.0,11.1,-91.81
3.6e-05,7e-06,7e-13,4.5e-10,2e-10,0.0839,26100000000.0,758000000.0,11.1,-91.99
3.6e-05,7e-06,7e-13,4.5e-10,2.5e-10,0.0839,26100000000.0,752000000.0,11.1,-91.36
3.6e-05,7e-06,7e-13,5e-10,5e-11,0.0839,25100000000.0,710000000.0,11.3,-89.77
3.6e-05,7e-06,7e-13,5e-10,1.5e-10,0.0839,25100000000.0,709000000.0,11.3,-89.85
3.6e-05,7e-06,7e-13,5e-10,2e-10,0.0839,25100000000.0,709000000.0,11.3,-89.86
3.6e-05,7e-06,7e-13,5e-10,2.5e-10,0.0839,25100000000.0,711000000.0,11.3,-89.72
3.6e-05,8e-06,5e-13,4e-10,1e-10,0.0839,27200000000.0,896000000.0,10.9,-93.7
3.6e-05,8e-06,5e-13,4e-10,5e-11,0.0839,27200000000.0,896000000.0,10.89,-93.7
3.6e-05,8e-06,5e-13,4e-10,1.5e-10,0.0839,27200000000.0,897000000.0,10.9,-93.71
3.6e-05,8e-06,5e-13,4e-10,2e-10,0.0839,27200000000.0,900000000.0,10.9,-93.43
3.6e-05,8e-06,5e-13,4e-10,2.5e-10,0.0839,27200000000.0,900000000.0,10.89,-93.77
3.6e-05,8e-06,5e-13,3e-10,1e-10,0.0839,30900000000.0,1110000000.0,10.28,-88.64
3.6e-05,8e-06,5e-13,3e-10,5e-11,0.0839,30900000000.0,1110000000.0,10.28,-89.07
3.6e-05,8e-06,5e-13,3e-10,1.5e-10,0.0839,30900000000.0,1110000000.0,10.28,-88.68
3.6e-05,8e-06,5e-13,3e-10,2e-10,0.0839,30900000000.0,1110000000.0,10.28,-88.59
3.6e-05,8e-06,5e-13,3e-10,2.5e-10,0.0839,30900000000.0,1110000000.0,10.28,-88.44
3.6e-05,8e-06,5e-13,3.5e-10,1e-10,0.0839,28800000000.0,983000000.0,10.63,-92.81
3.6e-05,8e-06,5e-13,3.5e-10,5e-11,0.0839,28800000000.0,984000000.0,10.63,-93.22
3.6e-05,8e-06,5e-13,3.5e-10,1.5e-10,0.0839,28800000000.0,983000000.0,10.63,-93.37
3.6e-05,8e-06,5e-13,3.5e-10,2e-10,0.0839,28800000000.0,984000000.0,10.63,-93.11
3.6e-05,8e-06,5e-13,3.5e-10,2.5e-10,0.0839,28800000000.0,984000000.0,10.62,-93.45
3.6e-05,8e-06,5e-13,4.5e-10,1e-10,0.0839,26000000000.0,831000000.0,11.12,-89.52
3.6e-05,8e-06,5e-13,4.5e-10,5e-11,0.0839,26000000000.0,831000000.0,11.12,-90.98
3.6e-05,8e-06,5e-13,4.5e-10,1.5e-10,0.0839,26000000000.0,830000000.0,11.12,-91.53
3.6e-05,8e-06,5e-13,4.5e-10,2.5e-10,0.0839,26000000000.0,831000000.0,11.12,-91.78
3.6e-05,8e-06,5e-13,5e-10,1e-10,0.0839,25000000000.0,781000000.0,11.32,-89.63
3.6e-05,8e-06,5e-13,5e-10,5e-11,0.0839,25000000000.0,782000000.0,11.32,-89.91
3.6e-05,8e-06,5e-13,5e-10,1.5e-10,0.0839,25000000000.0,780000000.0,11.32,-88.92
3.6e-05,8e-06,5e-13,5e-10,2e-10,0.0839,25000000000.0,779000000.0,11.32,-89.46
3.6e-05,8e-06,5e-13,5e-10,2.5e-10,0.0839,25000000000.0,780000000.0,11.32,-89.68
3.6e-05,8e-06,3e-13,4e-10,1e-10,0.0839,27200000000.0,893000000.0,10.89,-93.68
3.6e-05,8e-06,3e-13,4e-10,5e-11,0.0839,27200000000.0,897000000.0,10.9,-90.07
3.6e-05,8e-06,3e-13,4e-10,1.5e-10,0.0839,27200000000.0,894000000.0,10.89,-93.45
3.6e-05,8e-06,3e-13,4e-10,2e-10,0.0839,27200000000.0,896000000.0,10.89,-93.57
3.6e-05,8e-06,3e-13,4e-10,2.5e-10,0.0839,27200000000.0,898000000.0,10.9,-93.73
3.6e-05,8e-06,3e-13,3e-10,1e-10,0.0839,30900000000.0,1110000000.0,10.28,-88.88
3.6e-05,8e-06,3e-13,3e-10,1.5e-10,0.0839,30900000000.0,1110000000.0,10.28,-88.82
3.6e-05,8e-06,3e-13,3e-10,2e-10,0.0839,30900000000.0,1110000000.0,10.28,-89.14
3.6e-05,8e-06,3e-13,3e-10,2.5e-10,0.0839,30900000000.0,1110000000.0,10.28,-88.94
3.6e-05,8e-06,3e-13,3.5e-10,1e-10,0.0839,28800000000.0,984000000.0,10.63,-92.61
3.6e-05,8e-06,3e-13,3.5e-10,5e-11,0.0839,28800000000.0,984000000.0,10.63,-93.35
3.6e-05,8e-06,3e-13,3.5e-10,1.5e-10,0.0839,28800000000.0,983000000.0,10.63,-93.52
3.6e-05,8e-06,3e-13,3.5e-10,2e-10,0.0839,28800000000.0,987000000.0,10.63,-93.43
3.6e-05,8e-06,3e-13,3.5e-10,2.5e-10,0.0839,28800000000.0,987000000.0,10.63,-93.19
3.6e-05,8e-06,3e-13,4.5e-10,1e-10,0.0839,26000000000.0,831000000.0,11.12,-91.2
3.6e-05,8e-06,3e-13,4.5e-10,5e-11,0.0839,26000000000.0,832000000.0,11.12,-91.61
3.6e-05,8e-06,3e-13,4.5e-10,1.5e-10,0.0839,26000000000.0,831000000.0,11.12,-91.62
3.6e-05,8e-06,3e-13,4.5e-10,2e-10,0.0839,26000000000.0,828000000.0,11.12,-91.38
3.6e-05,8e-06,3e-13,4.5e-10,2.5e-10,0.0839,26000000000.0,831000000.0,11.12,-91.12
3.6e-05,8e-06,3e-13,5e-10,1e-10,0.0839,25000000000.0,779000000.0,11.32,-89.55
3.6e-05,8e-06,3e-13,5e-10,5e-11,0.0839,25000000000.0,780000000.0,11.32,-89.52
3.6e-05,8e-06,3e-13,5e-10,1.5e-10,0.0839,25000000000.0,780000000.0,11.32,-89.56
3.6e-05,8e-06,3e-13,5e-10,2e-10,0.0839,25000000000.0,780000000.0,11.32,-89.44
3.6e-05,8e-06,3e-13,5e-10,2.5e-10,0.0839,25000000000.0,780000000.0,11.32,-89.61
3.6e-05,8e-06,4e-13,4e-10,1e-10,0.0839,27200000000.0,897000000.0,10.9,-89.94
3.6e-05,8e-06,4e-13,4e-10,5e-11,0.0839,27200000000.0,897000000.0,10.89,-93.45
3.6e-05,8e-06,4e-13,4e-10,1.5e-10,0.0839,27200000000.0,897000000.0,10.89,-93.78
3.6e-05,8e-06,4e-13,4e-10,2e-10,0.0839,27200000000.0,895000000.0,10.89,-93.86
3.6e-05,8e-06,4e-13,4e-10,2.5e-10,0.0839,27200000000.0,894000000.0,10.89,-93.69
3.6e-05,8e-06,4e-13,3e-10,1e-10,0.0839,30900000000.0,1110000000.0,10.28,-88.66
3.6e-05,8e-06,4e-13,3e-10,5e-11,0.0839,30900000000.0,1110000000.0,10.28,-89.1
3.6e-05,8e-06,4e-13,3e-10,1.5e-10,0.0839,30900000000.0,1110000000.0,10.28,-88.55
3.6e-05,8e-06,4e-13,3e-10,2e-10,0.0839,30900000000.0,1110000000.0,10.28,-87.63
3.6e-05,8e-06,4e-13,3e-10,2.5e-10,0.0839,30900000000.0,1110000000.0,10.28,-88.78
3.6e-05,8e-06,4e-13,3.5e-10,1e-10,0.0839,28800000000.0,984000000.0,10.63,-93.19
3.6e-05,8e-06,4e-13,3.5e-10,5e-11,0.0839,28800000000.0,985000000.0,10.63,-92.83
3.6e-05,8e-06,4e-13,3.5e-10,1.5e-10,0.0839,28800000000.0,986000000.0,10.63,-93.33
3.6e-05,8e-06,4e-13,3.5e-10,2e-10,0.0839,28800000000.0,985000000.0,10.63,-93.13
3.6e-05,8e-06,4e-13,3.5e-10,2.5e-10,0.0839,28800000000.0,984000000.0,10.63,-93.23
3.6e-05,8e-06,4e-13,4.5e-10,1e-10,0.0839,26000000000.0,830000000.0,11.12,-91.28
3.6e-05,8e-06,4e-13,4.5e-10,5e-11,0.0839,26000000000.0,831000000.0,11.12,-91.58
3.6e-05,8e-06,4e-13,4.5e-10,1.5e-10,0.0839,26000000000.0,829000000.0,11.12,-91.35
3.6e-05,8e-06,4e-13,4.5e-10,2e-10,0.0839,26000000000.0,831000000.0,11.12,-89.68
3.6e-05,8e-06,4e-13,4.5e-10,2.5e-10,0.0839,26000000000.0,831000000.0,11.12,-89.86
3.6e-05,8e-06,4e-13,5e-10,1e-10,0.0839,25000000000.0,777000000.0,11.32,-89.22
3.6e-05,8e-06,4e-13,5e-10,5e-11,0.0839,25000000000.0,780000000.0,11.32,-89.5
3.6e-05,8e-06,4e-13,5e-10,1.5e-10,0.0839,25000000000.0,780000000.0,11.32,-89.66
3.6e-05,8e-06,4e-13,5e-10,2e-10,0.0839,25000000000.0,780000000.0,11.32,-89.58
3.6e-05,8e-06,6e-13,4e-10,1e-10,0.0839,27200000000.0,896000000.0,10.9,-93.78
3.6e-05,8e-06,6e-13,4e-10,5e-11,0.0839,27200000000.0,898000000.0,10.89,-93.64
3.6e-05,8e-06,6e-13,4e-10,1.5e-10,0.0839,27200000000.0,896000000.0,10.9,-93.72
3.6e-05,8e-06,6e-13,4e-10,2e-10,0.0839,27200000000.0,895000000.0,10.89,-93.77
3.6e-05,8e-06,6e-13,4e-10,2.5e-10,0.0839,27200000000.0,899000000.0,10.89,-93.44
3.6e-05,8e-06,6e-13,3e-10,1e-10,0.0839,30900000000.0,1110000000.0,10.28,-88.58
3.6e-05,8e-06,6e-13,3e-10,1.5e-10,0.0839,30900000000.0,1110000000.0,10.28,-88.9
3.6e-05,8e-06,6e-13,3e-10,2.5e-10,0.0839,30900000000.0,1110000000.0,10.28,-88.77
3.6e-05,8e-06,6e-13,3.5e-10,1e-10,0.0839,28800000000.0,984000000.0,10.63,-93.14
3.6e-05,8e-06,6e-13,3.5e-10,5e-11,0.0839,28800000000.0,984000000.0,10.62,-93.32
3.6e-05,8e-06,6e-13,3.5e-10,1.5e-10,0.0839,28800000000.0,983000000.0,10.63,-92.79
3.6e-05,8e-06,6e-13,3.5e-10,2e-10,0.0839,28800000000.0,983000000.0,10.62,-93.48
3.6e-05,8e-06,6e-13,3.5e-10,2.5e-10,0.0839,28800000000.0,984000000.0,10.62,-92.51
3.6e-05,8e-06,6e-13,4.5e-10,1e-10,0.0839,26000000000.0,831000000.0,11.12,-91.59
3.6e-05,8e-06,6e-13,4.5e-10,2e-10,0.0839,26000000000.0,830000000.0,11.12,-91.66
3.6e-05,8e-06,6e-13,4.5e-10,2.5e-10,0.0839,26000000000.0,830000000.0,11.12,-91.46
3.6e-05,8e-06,6e-13,5e-10,1e-10,0.0839,25000000000.0,777000000.0,11.32,-89.38
3.6e-05,8e-06,6e-13,5e-10,5e-11,0.0839,25000000000.0,779000000.0,11.32,-89.68
3.6e-05,8e-06,6e-13,5e-10,1.5e-10,0.0839,25000000000.0,779000000.0,11.32,-89.64
3.6e-05,8e-06,6e-13,5e-10,2e-10,0.0839,25000000000.0,781000000.0,11.32,-89.61
3.6e-05,8e-06,6e-13,5e-10,2.5e-10,0.0839,25000000000.0,779000000.0,11.32,-89.3
3.6e-05,8e-06,7e-13,4e-10,1e-10,0.0839,27200000000.0,898000000.0,10.89,-93.78
3.6e-05,8e-06,7e-13,4e-10,1.5e-10,0.0839,27200000000.0,896000000.0,10.89,-93.66
3.6e-05,8e-06,7e-13,4e-10,2.5e-10,0.0839,27200000000.0,894000000.0,10.89,-93.67
3.6e-05,8e-06,7e-13,3e-10,1e-10,0.0839,30900000000.0,1110000000.0,10.28,-88.85
3.6e-05,8e-06,7e-13,3e-10,5e-11,0.0839,30900000000.0,1110000000.0,10.28,-88.93
3.6e-05,8e-06,7e-13,3e-10,1.5e-10,0.0839,30900000000.0,1110000000.0,10.28,-88.81
3.6e-05,8e-06,7e-13,3e-10,2e-10,0.0839,30900000000.0,1110000000.0,10.28,-88.7
3.6e-05,8e-06,7e-13,3e-10,2.5e-10,0.0839,30900000000.0,1110000000.0,10.28,-88.84
3.6e-05,8e-06,7e-13,3.5e-10,1e-10,0.0839,28800000000.0,984000000.0,10.63,-93.16
3.6e-05,8e-06,7e-13,3.5e-10,5e-11,0.0839,28800000000.0,986000000.0,10.63,-93.3
3.6e-05,8e-06,7e-13,3.5e-10,1.5e-10,0.0839,28800000000.0,984000000.0,10.62,-93.31
3.6e-05,8e-06,7e-13,3.5e-10,2e-10,0.0839,28800000000.0,983000000.0,10.62,-93.07
3.6e-05,8e-06,7e-13,3.5e-10,2.5e-10,0.0839,28800000000.0,983000000.0,10.63,-93.26
3.6e-05,8e-06,7e-13,4.5e-10,1e-10,0.0839,26000000000.0,831000000.0,11.12,-91.79
3.6e-05,8e-06,7e-13,4.5e-10,1.5e-10,0.0839,26000000000.0,830000000.0,11.12,-91.61
3.6e-05,8e-06,7e-13,4.5e-10,2e-10,0.0839,26000000000.0,829000000.0,11.12,-91.31
3.6e-05,8e-06,7e-13,4.5e-10,2.5e-10,0.0839,26000000000.0,830000000.0,11.12,-91.22
3.6e-05,8e-06,7e-13,5e-10,1e-10,0.0839,25000000000.0,778000000.0,11.32,-89.46
3.6e-05,8e-06,7e-13,5e-10,5e-11,0.0839,25000000000.0,780000000.0,11.32,-88.67
3.6e-05,8e-06,7e-13,5e-10,1.5e-10,0.0839,25000000000.0,779000000.0,11.32,-90.08
3.6e-05,8e-06,7e-13,5e-10,2e-10,0.0839,25000000000.0,779000000.0,11.32,-89.49
3.6e-05,9e-06,5e-13,4e-10,1e-10,0.0839,27100000000.0,967000000.0,10.91,-93.64
3.6e-05,9e-06,5e-13,4e-10,5e-11,0.0839,27100000000.0,969000000.0,10.91,-93.69
3.6e-05,9e-06,5e-13,4e-10,1.5e-10,0.0839,27100000000.0,967000000.0,10.91,-93.79
3.6e-05,9e-06,5e-13,4e-10,2e-10,0.0839,27100000000.0,968000000.0,10.91,-93.39
3.6e-05,9e-06,5e-13,4e-10,2.5e-10,0.0839,27100000000.0,968000000.0,10.91,-93.78
3.6e-05,9e-06,5e-13,3e-10,1e-10,0.0839,30700000000.0,1200000000.0,10.3,-89.18
3.6e-05,9e-06,5e-13,3e-10,5e-11,0.0839,30700000000.0,1200000000.0,10.3,-89.02
3.6e-05,9e-06,5e-13,3e-10,1.5e-10,0.0839,30700000000.0,1200000000.0,10.3,-89.13
3.6e-05,9e-06,5e-13,3e-10,2e-10,0.0839,30700000000.0,1200000000.0,10.3,-89.3
3.6e-05,9e-06,5e-13,3e-10,2.5e-10,0.0839,30700000000.0,1200000000.0,10.3,-89.25
3.6e-05,9e-06,5e-13,3.5e-10,1e-10,0.0839,28600000000.0,1070000000.0,10.65,-93.77
3.6e-05,9e-06,5e-13,3.5e-10,5e-11,0.0839,28600000000.0,1060000000.0,10.64,-93.81
3.6e-05,9e-06,5e-13,3.5e-10,2e-10,0.0839,28600000000.0,1060000000.0,10.64,-93.68
3.6e-05,9e-06,5e-13,3.5e-10,2.5e-10,0.0839,28600000000.0,1070000000.0,10.65,-93.42
3.6e-05,9e-06,5e-13,4.5e-10,1e-10,0.0839,25800000000.0,898000000.0,11.14,-91.1
3.6e-05,9e-06,5e-13,4.5e-10,5e-11,0.0839,25800000000.0,894000000.0,11.14,-90.95
3.6e-05,9e-06,5e-13,4.5e-10,1.5e-10,0.0839,25800000000.0,895000000.0,11.14,-91.46
3.6e-05,9e-06,5e-13,4.5e-10,2e-10,0.0839,25800000000.0,895000000.0,11.14,-91.43
3.6e-05,9e-06,5e-13,4.5e-10,2.5e-10,0.0839,25800000000.0,896000000.0,11.14,-91.42
3.6e-05,9e-06,5e-13,5e-10,1e-10,0.0839,24800000000.0,844000000.0,11.34,-89.37
3.6e-05,9e-06,5e-13,5e-10,5e-11,0.0839,24800000000.0,842000000.0,11.34,-89.55
3.6e-05,9e-06,5e-13,5e-10,1.5e-10,0.0839,24800000000.0,842000000.0,11.34,-89.11
3.6e-05,9e-06,5e-13,5e-10,2e-10,0.0839,24800000000.0,845000000.0,11.34,-89.62
3.6e-05,9e-06,5e-13,5e-10,2.5e-10,0.0839,24800000000.0,842000000.0,11.34,-89.43
3.6e-05,9e-06,3e-13,4e-10,1e-10,0.0839,27100000000.0,968000000.0,10.91,-93.48
3.6e-05,9e-06,3e-13,4e-10,5e-11,0.0839,27100000000.0,967000000.0,10.91,-93.74
3.6e-05,9e-06,3e-13,4e-10,1.5e-10,0.0839,27100000000.0,970000000.0,10.91,-93.66
3.6e-05,9e-06,3e-13,4e-10,2e-10,0.0839,27100000000.0,968000000.0,10.91,-93.43
3.6e-05,9e-06,3e-13,4e-10,2.5e-10,0.0839,27100000000.0,970000000.0,10.91,-93.65
3.6e-05,9e-06,3e-13,3e-10,1e-10,0.0839,30700000000.0,1200000000.0,10.3,-89.43
3.6e-05,9e-06,3e-13,3e-10,5e-11,0.0839,30700000000.0,1200000000.0,10.3,-89.52
3.6e-05,9e-06,3e-13,3e-10,1.5e-10,0.0839,30700000000.0,1200000000.0,10.3,-89.24
3.6e-05,9e-06,3e-13,3e-10,2e-10,0.0839,30700000000.0,1200000000.0,10.3,-89.35
3.6e-05,9e-06,3e-13,3e-10,2.5e-10,0.0839,30700000000.0,1200000000.0,10.3,-89.63
3.6e-05,9e-06,3e-13,3.5e-10,1e-10,0.0839,28600000000.0,1060000000.0,10.64,-93.17
3.6e-05,9e-06,3e-13,3.5e-10,5e-11,0.0839,28600000000.0,1060000000.0,10.65,-93.61
3.6e-05,9e-06,3e-13,3.5e-10,1.5e-10,0.0839,28600000000.0,1060000000.0,10.65,-93.31
3.6e-05,9e-06,3e-13,3.5e-10,2e-10,0.0839,28600000000.0,1060000000.0,10.64,-93.51
3.6e-05,9e-06,3e-13,3.5e-10,2.5e-10,0.0839,28600000000.0,1070000000.0,10.65,-93.58
3.6e-05,9e-06,3e-13,4.5e-10,1e-10,0.0839,25800000000.0,899000000.0,11.14,-91.18
3.6e-05,9e-06,3e-13,4.5e-10,5e-11,0.0839,25800000000.0,896000000.0,11.14,-91.37
3.6e-05,9e-06,3e-13,4.5e-10,1.5e-10,0.0839,25800000000.0,900000000.0,11.14,-91.67
3.6e-05,9e-06,3e-13,4.5e-10,2e-10,0.0839,25800000000.0,900000000.0,11.14,-91.55
3.6e-05,9e-06,3e-13,4.5e-10,2.5e-10,0.0839,25800000000.0,900000000.0,11.14,-91.06
3.6e-05,9e-06,3e-13,5e-10,1e-10,0.0839,24800000000.0,842000000.0,11.34,-89.34
3.6e-05,9e-06,3e-13,5e-10,5e-11,0.0839,24800000000.0,843000000.0,11.34,-89.5
3.6e-05,9e-06,3e-13,5e-10,1.5e-10,0.0839,24800000000.0,842000000.0,11.34,-89.42
3.6e-05,9e-06,3e-13,5e-10,2e-10,0.0839,24800000000.0,843000000.0,11.34,-89.61
3.6e-05,9e-06,3e-13,5e-10,2.5e-10,0.0839,24800000000.0,843000000.0,11.34,-89.36
3.6e-05,9e-06,4e-13,4e-10,1e-10,0.0839,27100000000.0,970000000.0,10.91,-93.74
3.6e-05,9e-06,4e-13,4e-10,1.5e-10,0.0839,27100000000.0,964000000.0,10.91,-93.64
3.6e-05,9e-06,4e-13,4e-10,2e-10,0.0839,27100000000.0,967000000.0,10.91,-93.6
3.6e-05,9e-06,4e-13,4e-10,2.5e-10,0.0839,27100000000.0,968000000.0,10.91,-94.05
3.6e-05,9e-06,4e-13,3e-10,1e-10,0.0839,30700000000.0,1200000000.0,10.3,-89.28
3.6e-05,9e-06,4e-13,3e-10,5e-11,0.0839,30700000000.0,1200000000.0,10.3,-89.32
3.6e-05,9e-06,4e-13,3e-10,1.5e-10,0.0839,30700000000.0,1200000000.0,10.3,-89.49
3.6e-05,9e-06,4e-13,3e-10,2e-10,0.0839,30700000000.0,1200000000.0,10.3,-89.27
3.6e-05,9e-06,4e-13,3e-10,2.5e-10,0.0839,30700000000.0,1200000000.0,10.3,-89.23
3.6e-05,9e-06,4e-13,3.5e-10,1e-10,0.0839,28600000000.0,1060000000.0,10.64,-93.69
3.6e-05,9e-06,4e-13,3.5e-10,5e-11,0.0839,28600000000.0,1070000000.0,10.65,-93.49
3.6e-05,9e-06,4e-13,3.5e-10,1.5e-10,0.0839,28600000000.0,1060000000.0,10.64,-93.5
3.6e-05,9e-06,4e-13,4.5e-10,1e-10,0.0839,25800000000.0,897000000.0,11.14,-91.09
3.6e-05,9e-06,4e-13,4.5e-10,5e-11,0.0839,25800000000.0,897000000.0,11.14,-91.27
3.6e-05,9e-06,4e-13,4.5e-10,1.5e-10,0.0839,25800000000.0,900000000.0,11.14,-91.1
3.6e-05,9e-06,4e-13,4.5e-10,2e-10,0.0839,25800000000.0,898000000.0,11.14,-90.86
3.6e-05,9e-06,4e-13,5e-10,1e-10,0.0839,24800000000.0,842000000.0,11.34,-90.43
3.6e-05,9e-06,4e-13,5e-10,5e-11,0.0839,24800000000.0,840000000.0,11.34,-89.1
3.6e-05,9e-06,4e-13,5e-10,1.5e-10,0.0839,24800000000.0,842000000.0,11.34,-89.46
3.6e-05,9e-06,4e-13,5e-10,2e-10,0.0839,24800000000.0,840000000.0,11.34,-89.6
3.6e-05,9e-06,4e-13,5e-10,2.5e-10,0.0839,24800000000.0,843000000.0,11.34,-89.48
3.6e-05,9e-06,6e-13,4e-10,1e-10,0.0839,27100000000.0,968000000.0,10.91,-93.7
3.6e-05,9e-06,6e-13,4e-10,5e-11,0.0839,27100000000.0,964000000.0,10.91,-93.96
3.6e-05,9e-06,6e-13,4e-10,1.5e-10,0.0839,27100000000.0,968000000.0,10.91,-90.3
3.6e-05,9e-06,6e-13,4e-10,2e-10,0.0839,27100000000.0,968000000.0,10.91,-93.62
3.6e-05,9e-06,6e-13,4e-10,2.5e-10,0.0839,27100000000.0,965000000.0,10.91,-93.79
3.6e-05,9e-06,6e-13,3e-10,1e-10,0.0839,30700000000.0,1200000000.0,10.3,-89.14
3.6e-05,9e-06,6e-13,3.5e-10,1e-10,0.0839,28600000000.0,1060000000.0,10.64,-93.54
3.6e-05,9e-06,6e-13,3.5e-10,5e-11,0.0839,28600000000.0,1060000000.0,10.64,-93.67
3.6e-05,9e-06,6e-13,3.5e-10,1.5e-10,0.0839,28600000000.0,1060000000.0,10.64,-93.41
3.6e-05,9e-06,6e-13,3.5e-10,2e-10,0.0839,28600000000.0,1060000000.0,10.64,-93.42
3.6e-05,9e-06,6e-13,3.5e-10,2.5e-10,0.0839,28600000000.0,1060000000.0,10.65,-93.25
3.6e-05,9e-06,6e-13,4.5e-10,1e-10,0.0839,25800000000.0,895000000.0,11.14,-91.18
3.6e-05,9e-06,6e-13,4.5e-10,5e-11,0.0839,25800000000.0,897000000.0,11.14,-91.49
3.6e-05,9e-06,6e-13,4.5e-10,1.5e-10,0.0839,25800000000.0,900000000.0,11.14,-91.76
3.6e-05,9e-06,6e-13,4.5e-10,2e-10,0.0839,25800000000.0,894000000.0,11.14,-91.3
3.6e-05,9e-06,6e-13,4.5e-10,2.5e-10,0.0839,25800000000.0,894000000.0,11.14,-91.0
3.6e-05,9e-06,6e-13,5e-10,1e-10,0.0839,24800000000.0,843000000.0,11.34,-89.67
3.6e-05,9e-06,6e-13,5e-10,5e-11,0.0839,24800000000.0,841000000.0,11.34,-89.16
3.6e-05,9e-06,6e-13,5e-10,1.5e-10,0.0839,24800000000.0,841000000.0,11.34,-89.36
3.6e-05,9e-06,7e-13,4e-10,1e-10,0.0839,27100000000.0,968000000.0,10.91,-93.71
3.6e-05,9e-06,7e-13,4e-10,5e-11,0.0839,27100000000.0,968000000.0,10.91,-93.83
3.6e-05,9e-06,7e-13,4e-10,1.5e-10,0.0839,27100000000.0,968000000.0,10.91,-93.58
3.6e-05,9e-06,7e-13,4e-10,2.5e-10,0.0839,27100000000.0,970000000.0,10.91,-93.56
3.6e-05,9e-06,7e-13,3e-10,5e-11,0.0839,30700000000.0,1200000000.0,10.3,-89.42
3.6e-05,9e-06,7e-13,3e-10,2e-10,0.0839,30700000000.0,1200000000.0,10.3,-89.39
3.6e-05,9e-06,7e-13,3.5e-10,1e-10,0.0839,28600000000.0,1060000000.0,10.64,-93.46
3.6e-05,9e-06,7e-13,3.5e-10,5e-11,0.0839,28600000000.0,1060000000.0,10.64,-93.75
3.6e-05,9e-06,7e-13,3.5e-10,1.5e-10,0.0839,28600000000.0,1060000000.0,10.64,-93.6
3.6e-05,9e-06,7e-13,3.5e-10,2e-10,0.0839,28600000000.0,1070000000.0,10.64,-93.32
3.6e-05,9e-06,7e-13,3.5e-10,2.5e-10,0.0839,28600000000.0,1060000000.0,10.64,-93.52
3.6e-05,9e-06,7e-13,4.5e-10,5e-11,0.0839,25800000000.0,897000000.0,11.14,-91.14
3.6e-05,9e-06,7e-13,4.5e-10,1.5e-10,0.0839,25800000000.0,894000000.0,11.14,-91.36
3.6e-05,9e-06,7e-13,4.5e-10,2e-10,0.0839,25800000000.0,896000000.0,11.14,-91.3
3.6e-05,9e-06,7e-13,4.5e-10,2.5e-10,0.0839,25800000000.0,897000000.0,11.14,-91.69
3.6e-05,9e-06,7e-13,5e-10,1e-10,0.0839,24800000000.0,844000000.0,11.34,-89.86
3.6e-05,9e-06,7e-13,5e-10,5e-11,0.0839,24800000000.0,842000000.0,11.34,-89.64
3.6e-05,9e-06,7e-13,5e-10,1.5e-10,0.0839,24800000000.0,845000000.0,11.34,-88.53
3.6e-05,9e-06,7e-13,5e-10,2e-10,0.0839,24800000000.0,842000000.0,11.34,-89.63
3.6e-05,9e-06,7e-13,5e-10,2.5e-10,0.0839,24800000000.0,840000000.0,11.34,-89.29
3.6e-05,1e-05,5e-13,4e-10,1e-10,0.0839,26900000000.0,1030000000.0,10.93,-93.54
3.6e-05,1e-05,5e-13,4e-10,5e-11,0.0839,26900000000.0,1030000000.0,10.93,-93.82
3.6e-05,1e-05,5e-13,4e-10,1.5e-10,0.0839,26900000000.0,1030000000.0,10.93,-93.5
3.6e-05,1e-05,5e-13,4e-10,2e-10,0.0839,26900000000.0,1030000000.0,10.93,-93.55
3.6e-05,1e-05,5e-13,4e-10,2.5e-10,0.0839,26900000000.0,1030000000.0,10.93,-89.54
3.6e-05,1e-05,5e-13,3e-10,1e-10,0.0839,30500000000.0,1270000000.0,10.31,-89.45
3.6e-05,1e-05,5e-13,3e-10,5e-11,0.0839,30500000000.0,1270000000.0,10.31,-89.84
3.6e-05,1e-05,5e-13,3e-10,1.5e-10,0.0839,30500000000.0,1270000000.0,10.31,-89.43
3.6e-05,1e-05,5e-13,3e-10,2e-10,0.0839,30500000000.0,1270000000.0,10.31,-88.0
3.6e-05,1e-05,5e-13,3e-10,2.5e-10,0.0839,30500000000.0,1270000000.0,10.31,-89.59
3.6e-05,1e-05,5e-13,3.5e-10,1e-10,0.0839,28500000000.0,1130000000.0,10.66,-93.79
3.6e-05,1e-05,5e-13,3.5e-10,5e-11,0.0839,28500000000.0,1130000000.0,10.66,-93.89
3.6e-05,1e-05,5e-13,3.5e-10,1.5e-10,0.0839,28500000000.0,1130000000.0,10.66,-93.95
3.6e-05,1e-05,5e-13,3.5e-10,2e-10,0.0839,28500000000.0,1130000000.0,10.66,-93.84
3.6e-05,1e-05,5e-13,3.5e-10,2.5e-10,0.0839,28500000000.0,1130000000.0,10.66,-93.02
3.6e-05,1e-05,5e-13,4.5e-10,1e-10,0.0839,25700000000.0,954000000.0,11.16,-91.13
3.6e-05,1e-05,5e-13,4.5e-10,1.5e-10,0.0839,25700000000.0,955000000.0,11.16,-91.08
3.6e-05,1e-05,5e-13,4.5e-10,2e-10,0.0839,25700000000.0,956000000.0,11.16,-91.27
3.6e-05,1e-05,5e-13,4.5e-10,2.5e-10,0.0839,25700000000.0,956000000.0,11.16,-91.22
3.6e-05,1e-05,5e-13,5e-10,1e-10,0.0839,24700000000.0,897000000.0,11.36,-89.5
3.6e-05,1e-05,5e-13,5e-10,5e-11,0.0839,24700000000.0,896000000.0,11.36,-89.4
3.6e-05,1e-05,5e-13,5e-10,1.5e-10,0.0839,24700000000.0,897000000.0,11.36,-89.55
3.6e-05,1e-05,5e-13,5e-10,2e-10,0.0839,24700000000.0,896000000.0,11.36,-88.88
3.6e-05,1e-05,5e-13,5e-10,2.5e-10,0.0839,24700000000.0,897000000.0,11.36,-89.49
3.6e-05,1e-05,3e-13,4e-10,1e-10,0.0839,26900000000.0,1030000000.0,10.93,-93.72
3.6e-05,1e-05,3e-13,4e-10,5e-11,0.0839,26900000000.0,1030000000.0,10.93,-93.28
3.6e-05,1e-05,3e-13,4e-10,1.5e-10,0.0839,26900000000.0,1030000000.0,10.93,-93.61
3.6e-05,1e-05,3e-13,4e-10,2.5e-10,0.0839,26900000000.0,1030000000.0,10.93,-93.42
3.6e-05,1e-05,3e-13,3e-10,1e-10,0.0839,30500000000.0,1280000000.0,10.32,-89.76
3.6e-05,1e-05,3e-13,3e-10,5e-11,0.0839,30500000000.0,1280000000.0,10.32,-89.74
3.6e-05,1e-05,3e-13,3e-10,1.5e-10,0.0839,30500000000.0,1280000000.0,10.31,-90.03
3.6e-05,1e-05,3e-13,3e-10,2e-10,0.0839,30500000000.0,1270000000.0,10.31,-89.69
3.6e-05,1e-05,3e-13,3e-10,2.5e-10,0.0839,30500000000.0,1280000000.0,10.31,-89.75
3.6e-05,1e-05,3e-13,3.5e-10,1e-10,0.0839,28500000000.0,1130000000.0,10.66,-93.99
3.6e-05,1e-05,3e-13,3.5e-10,5e-11,0.0839,28500000000.0,1130000000.0,10.66,-94.05
3.6e-05,1e-05,3e-13,3.5e-10,1.5e-10,0.0839,28500000000.0,1130000000.0,10.66,-94.01
3.6e-05,1e-05,3e-13,3.5e-10,2e-10,0.0839,28500000000.0,1130000000.0,10.66,-93.77
3.6e-05,1e-05,3e-13,3.5e-10,2.5e-10,0.0839,28500000000.0,1130000000.0,10.66,-93.78
3.6e-05,1e-05,3e-13,4.5e-10,1e-10,0.0839,25700000000.0,956000000.0,11.16,-91.35
3.6e-05,1e-05,3e-13,4.5e-10,5e-11,0.0839,25700000000.0,955000000.0,11.16,-92.75
3.6e-05,1e-05,3e-13,4.5e-10,1.5e-10,0.0839,25700000000.0,952000000.0,11.16,-91.04
3.6e-05,1e-05,3e-13,4.5e-10,2e-10,0.0839,25700000000.0,955000000.0,11.16,-90.92
3.6e-05,1e-05,3e-13,4.5e-10,2.5e-10,0.0839,25700000000.0,956000000.0,11.16,-91.31
3.6e-05,1e-05,3e-13,5e-10,1e-10,0.0839,24700000000.0,896000000.0,11.36,-89.5
3.6e-05,1e-05,3e-13,5e-10,5e-11,0.0839,24700000000.0,897000000.0,11.36,-89.39
3.6e-05,1e-05,3e-13,5e-10,1.5e-10,0.0839,24700000000.0,897000000.0,11.36,-89.72
3.6e-05,1e-05,3e-13,5e-10,2e-10,0.0839,24700000000.0,897000000.0,11.36,-89.33
3.6e-05,1e-05,3e-13,5e-10,2.5e-10,0.0839,24700000000.0,895000000.0,11.36,-89.33
3.6e-05,1e-05,4e-13,4e-10,1e-10,0.0839,26900000000.0,1030000000.0,10.93,-93.49
3.6e-05,1e-05,4e-13,4e-10,5e-11,0.0839,26900000000.0,1030000000.0,10.93,-93.23
3.6e-05,1e-05,4e-13,4e-10,1.5e-10,0.0839,26900000000.0,1030000000.0,10.93,-93.35
3.6e-05,1e-05,4e-13,4e-10,2e-10,0.0839,26900000000.0,1040000000.0,10.93,-93.58
3.6e-05,1e-05,4e-13,4e-10,2.5e-10,0.0839,26900000000.0,1030000000.0,10.93,-93.65
3.6e-05,1e-05,4e-13,3e-10,1e-10,0.0839,30500000000.0,1270000000.0,10.31,-89.77
3.6e-05,1e-05,4e-13,3e-10,5e-11,0.0839,30500000000.0,1270000000.0,10.31,-89.99
3.6e-05,1e-05,4e-13,3e-10,1.5e-10,0.0839,30500000000.0,1270000000.0,10.31,-89.85
3.6e-05,1e-05,4e-13,3e-10,2e-10,0.0839,30500000000.0,1280000000.0,10.31,-89.76
3.6e-05,1e-05,4e-13,3.5e-10,1.5e-10,0.0839,28500000000.0,1130000000.0,10.66,-94.0
3.6e-05,1e-05,4e-13,3.5e-10,2e-10,0.0839,28500000000.0,1130000000.0,10.66,-93.68
3.6e-05,1e-05,4e-13,3.5e-10,2.5e-10,0.0839,28500000000.0,1130000000.0,10.66,-93.86
3.6e-05,1e-05,4e-13,4.5e-10,1e-10,0.0839,25700000000.0,958000000.0,11.16,-91.39
3.6e-05,1e-05,4e-13,4.5e-10,5e-11,0.0839,25700000000.0,951000000.0,11.16,-91.7
3.6e-05,1e-05,4e-13,4.5e-10,1.5e-10,0.0839,25700000000.0,955000000.0,11.16,-91.1
3.6e-05,1e-05,4e-13,4.5e-10,2e-10,0.0839,25700000000.0,954000000.0,11.16,-91.05
3.6e-05,1e-05,4e-13,4.5e-10,2.5e-10,0.0839,25700000000.0,955000000.0,11.16,-91.2
3.6e-05,1e-05,4e-13,5e-10,1e-10,0.0839,24700000000.0,896000000.0,11.36,-89.04
3.6e-05,1e-05,4e-13,5e-10,5e-11,0.0839,24700000000.0,896000000.0,11.36,-89.34
3.6e-05,1e-05,4e-13,5e-10,1.5e-10,0.0839,24700000000.0,898000000.0,11.36,-89.59
3.6e-05,1e-05,4e-13,5e-10,2e-10,0.0839,24700000000.0,897000000.0,11.36,-89.21
3.6e-05,1e-05,4e-13,5e-10,2.5e-10,0.0839,24700000000.0,895000000.0,11.36,-89.25
3.6e-05,1e-05,6e-13,4e-10,1e-10,0.0839,26900000000.0,1030000000.0,10.93,-93.56
3.6e-05,1e-05,6e-13,4e-10,5e-11,0.0839,26900000000.0,1030000000.0,10.93,-93.64
3.6e-05,1e-05,6e-13,4e-10,2e-10,0.0839,26900000000.0,1030000000.0,10.93,-93.2
3.6e-05,1e-05,6e-13,4e-10,2.5e-10,0.0839,26900000000.0,1030000000.0,10.93,-93.67
3.6e-05,1e-05,6e-13,3e-10,1e-10,0.0839,30500000000.0,1270000000.0,10.31,-89.95
3.6e-05,1e-05,6e-13,3e-10,5e-11,0.0839,30500000000.0,1270000000.0,10.31,-89.64
3.6e-05,1e-05,6e-13,3e-10,1.5e-10,0.0839,30500000000.0,1270000000.0,10.31,-89.79
3.6e-05,1e-05,6e-13,3e-10,2e-10,0.0839,30500000000.0,1270000000.0,10.31,-89.71
3.6e-05,1e-05,6e-13,3e-10,2.5e-10,0.0839,30500000000.0,1270000000.0,10.31,-89.8
3.6e-05,1e-05,6e-13,3.5e-10,1e-10,0.0839,28500000000.0,1130000000.0,10.66,-94.03
3.6e-05,1e-05,6e-13,3.5e-10,5e-11,0.0839,28500000000.0,1130000000.0,10.66,-93.94
3.6e-05,1e-05,6e-13,3.5e-10,1.5e-10,0.0839,28500000000.0,1130000000.0,10.66,-93.98
3.6e-05,1e-05,6e-13,3.5e-10,2e-10,0.0839,28500000000.0,1130000000.0,10.66,-93.69
3.6e-05,1e-05,6e-13,3.5e-10,2.5e-10,0.0839,28500000000.0,1130000000.0,10.66,-93.73
3.6e-05,1e-05,6e-13,4.5e-10,1e-10,0.0839,25700000000.0,954000000.0,11.16,-91.26
3.6e-05,1e-05,6e-13,4.5e-10,5e-11,0.0839,25700000000.0,955000000.0,11.16,-91.32
3.6e-05,1e-05,6e-13,4.5e-10,1.5e-10,0.0839,25700000000.0,952000000.0,11.16,-91.59
3.6e-05,1e-05,6e-13,4.5e-10,2e-10,0.0839,25700000000.0,955000000.0,11.16,-90.9
3.6e-05,1e-05,6e-13,4.5e-10,2.5e-10,0.0839,25700000000.0,958000000.0,11.16,-91.66
3.6e-05,1e-05,6e-13,5e-10,1e-10,0.0839,24700000000.0,897000000.0,11.36,-89.16
3.6e-05,1e-05,6e-13,5e-10,5e-11,0.0839,24700000000.0,898000000.0,11.36,-89.91
3.6e-05,1e-05,6e-13,5e-10,1.5e-10,0.0839,24700000000.0,898000000.0,11.36,-89.56
3.6e-05,1e-05,6e-13,5e-10,2e-10,0.0839,24700000000.0,894000000.0,11.36,-89.12
3.6e-05,1e-05,6e-13,5e-10,2.5e-10,0.0839,24700000000.0,897000000.0,11.36,-88.88
3.6e-05,1e-05,7e-13,4e-10,2e-10,0.0839,26900000000.0,1030000000.0,10.93,-93.63
3.6e-05,1e-05,7e-13,4e-10,2.5e-10,0.0839,26900000000.0,1030000000.0,10.93,-93.83
3.6e-05,1e-05,7e-13,3e-10,1e-10,0.0839,30500000000.0,1270000000.0,10.31,-89.78
3.6e-05,1e-05,7e-13,3e-10,5e-11,0.0839,30500000000.0,1280000000.0,10.31,-89.63
3.6e-05,1e-05,7e-13,3e-10,1.5e-10,0.0839,30500000000.0,1280000000.0,10.31,-89.53
3.6e-05,1e-05,7e-13,3e-10,2e-10,0.0839,30500000000.0,1270000000.0,10.31,-89.5
3.6e-05,1e-05,7e-13,3e-10,2.5e-10,0.0839,30500000000.0,1270000000.0,10.31,-89.63
3.6e-05,1e-05,7e-13,3.5e-10,5e-11,0.0839,28500000000.0,1130000000.0,10.66,-93.57
3.6e-05,1e-05,7e-13,3.5e-10,2e-10,0.0839,28500000000.0,1130000000.0,10.66,-93.83
3.6e-05,1e-05,7e-13,4.5e-10,1e-10,0.0839,25700000000.0,955000000.0,11.16,-91.37
3.6e-05,1e-05,7e-13,4.5e-10,5e-11,0.0839,25700000000.0,955000000.0,11.16,-91.28
3.6e-05,1e-05,7e-13,4.5e-10,1.5e-10,0.0839,25700000000.0,958000000.0,11.16,-91.57
3.6e-05,1e-05,7e-13,4.5e-10,2e-10,0.0839,25700000000.0,955000000.0,11.16,-91.31
3.6e-05,1e-05,7e-13,4.5e-10,2.5e-10,0.0839,25700000000.0,957000000.0,11.16,-91.06
3.6e-05,1e-05,7e-13,5e-10,1e-10,0.0839,24700000000.0,897000000.0,11.36,-89.17
3.6e-05,1e-05,7e-13,5e-10,5e-11,0.0839,24700000000.0,895000000.0,11.36,-89.13
3.6e-05,1e-05,7e-13,5e-10,1.5e-10,0.0839,24700000000.0,896000000.0,11.36,-89.55
3.6e-05,1e-05,7e-13,5e-10,2e-10,0.0839,24700000000.0,896000000.0,11.36,-89.68
3.6e-05,1e-05,7e-13,5e-10,2.5e-10,0.0839,24700000000.0,896000000.0,11.36,-89.36
3.6e-05,1.1e-05,5e-13,4e-10,1e-10,0.0839,26800000000.0,1080000000.0,10.94,-93.31
3.6e-05,1.1e-05,5e-13,4e-10,5e-11,0.0839,26800000000.0,1080000000.0,10.94,-93.55
3.6e-05,1.1e-05,5e-13,4e-10,1.5e-10,0.0839,26800000000.0,1090000000.0,10.94,-93.46
3.6e-05,1.1e-05,5e-13,4e-10,2e-10,0.0839,26800000000.0,1080000000.0,10.95,-93.63
3.6e-05,1.1e-05,5e-13,4e-10,2.5e-10,0.0839,26800000000.0,1080000000.0,10.95,-93.8
3.6e-05,1.1e-05,5e-13,3e-10,1e-10,0.0839,30300000000.0,1340000000.0,10.33,-90.05
3.6e-05,1.1e-05,5e-13,3e-10,5e-11,0.0839,30300000000.0,1340000000.0,10.33,-90.07
3.6e-05,1.1e-05,5e-13,3e-10,1.5e-10,0.0839,30300000000.0,1340000000.0,10.33,-90.28
3.6e-05,1.1e-05,5e-13,3e-10,2e-10,0.0839,30300000000.0,1340000000.0,10.33,-90.02
3.6e-05,1.1e-05,5e-13,3e-10,2.5e-10,0.0839,30300000000.0,1340000000.0,10.33,-90.32
3.6e-05,1.1e-05,5e-13,3.5e-10,1e-10,0.0839,28300000000.0,1190000000.0,10.67,-94.21
3.6e-05,1.1e-05,5e-13,3.5e-10,5e-11,0.0839,28300000000.0,1190000000.0,10.67,-94.2
3.6e-05,1.1e-05,5e-13,3.5e-10,1.5e-10,0.0839,28300000000.0,1190000000.0,10.67,-94.0
3.6e-05,1.1e-05,5e-13,3.5e-10,2e-10,0.0839,28300000000.0,1190000000.0,10.67,-94.32
3.6e-05,1.1e-05,5e-13,4.5e-10,1e-10,0.0839,25500000000.0,1000000000.0,11.17,-91.17
3.6e-05,1.1e-05,5e-13,4.5e-10,5e-11,0.0839,25500000000.0,1010000000.0,11.17,-90.91
3.6e-05,1.1e-05,5e-13,4.5e-10,1.5e-10,0.0839,25500000000.0,1010000000.0,11.17,-91.42
3.6e-05,1.1e-05,5e-13,4.5e-10,2e-10,0.0839,25500000000.0,1010000000.0,11.17,-91.19
3.6e-05,1.1e-05,5e-13,4.5e-10,2.5e-10,0.0839,25500000000.0,1010000000.0,11.17,-91.02
3.6e-05,1.1e-05,5e-13,5e-10,1e-10,0.0839,24500000000.0,944000000.0,11.37,-89.29
3.6e-05,1.1e-05,5e-13,5e-10,5e-11,0.0839,24500000000.0,944000000.0,11.38,-89.27
3.6e-05,1.1e-05,5e-13,5e-10,1.5e-10,0.0839,24500000000.0,943000000.0,11.38,-89.04
3.6e-05,1.1e-05,5e-13,5e-10,2e-10,0.0839,24500000000.0,944000000.0,11.38,-89.6
3.6e-05,1.1e-05,5e-13,5e-10,2.5e-10,0.0839,24500000000.0,945000000.0,11.37,-88.65
3.6e-05,1.1e-05,3e-13,4e-10,1e-10,0.0839,26800000000.0,1080000000.0,10.94,-93.35
3.6e-05,1.1e-05,3e-13,4e-10,5e-11,0.0839,26800000000.0,1090000000.0,10.94,-93.04
3.6e-05,1.1e-05,3e-13,4e-10,1.5e-10,0.0839,26800000000.0,1090000000.0,10.94,-93.5
3.6e-05,1.1e-05,3e-13,4e-10,2e-10,0.0839,26800000000.0,1090000000.0,10.94,-93.54
3.6e-05,1.1e-05,3e-13,4e-10,2.5e-10,0.0839,26800000000.0,1080000000.0,10.94,-93.28
3.6e-05,1.1e-05,3e-13,3e-10,1e-10,0.0839,30300000000.0,1340000000.0,10.33,-90.4
3.6e-05,1.1e-05,3e-13,3e-10,1.5e-10,0.0839,30300000000.0,1340000000.0,10.33,-90.09
3.6e-05,1.1e-05,3e-13,3e-10,2.5e-10,0.0839,30300000000.0,1340000000.0,10.33,-90.23
3.6e-05,1.1e-05,3e-13,3.5e-10,1e-10,0.0839,28300000000.0,1190000000.0,10.67,-94.3
3.6e-05,1.1e-05,3e-13,3.5e-10,5e-11,0.0839,28300000000.0,1190000000.0,10.68,-94.17
3.6e-05,1.1e-05,3e-13,3.5e-10,1.5e-10,0.0839,28300000000.0,1190000000.0,10.67,-94.08
3.6e-05,1.1e-05,3e-13,3.5e-10,2e-10,0.0839,28300000000.0,1190000000.0,10.67,-93.93
3.6e-05,1.1e-05,3e-13,3.5e-10,2.5e-10,0.0839,28300000000.0,1190000000.0,10.68,-93.97
3.6e-05,1.1e-05,3e-13,4.5e-10,1e-10,0.0839,25500000000.0,1000000000.0,11.17,-90.83
3.6e-05,1.1e-05,3e-13,4.5e-10,5e-11,0.0839,25600000000.0,1000000000.0,11.17,-91.06
3.6e-05,1.1e-05,3e-13,4.5e-10,1.5e-10,0.0839,25500000000.0,1010000000.0,11.17,-91.14
3.6e-05,1.1e-05,3e-13,4.5e-10,2e-10,0.0839,25500000000.0,1010000000.0,11.17,-90.77
3.6e-05,1.1e-05,3e-13,4.5e-10,2.5e-10,0.0839,25500000000.0,1010000000.0,11.17,-90.89
3.6e-05,1.1e-05,3e-13,5e-10,1e-10,0.0839,24600000000.0,944000000.0,11.38,-89.38
3.6e-05,1.1e-05,3e-13,5e-10,5e-11,0.0839,24600000000.0,943000000.0,11.38,-89.36
3.6e-05,1.1e-05,3e-13,5e-10,1.5e-10,0.0839,24600000000.0,942000000.0,11.38,-88.94
3.6e-05,1.1e-05,3e-13,5e-10,2e-10,0.0839,24600000000.0,945000000.0,11.37,-89.43
3.6e-05,1.1e-05,3e-13,5e-10,2.5e-10,0.0839,24600000000.0,943000000.0,11.38,-89.13
3.6e-05,1.1e-05,4e-13,4e-10,1e-10,0.0839,26800000000.0,1080000000.0,10.94,-93.34
3.6e-05,1.1e-05,4e-13,4e-10,5e-11,0.0839,26800000000.0,1080000000.0,10.94,-93.39
3.6e-05,1.1e-05,4e-13,4e-10,1.5e-10,0.0839,26800000000.0,1090000000.0,10.94,-93.15
3.6e-05,1.1e-05,4e-13,4e-10,2e-10,0.0839,26800000000.0,1080000000.0,10.94,-93.1
3.6e-05,1.1e-05,4e-13,4e-10,2.5e-10,0.0839,26800000000.0,1090000000.0,10.94,-90.3
3.6e-05,1.1e-05,4e-13,3e-10,1e-10,0.0839,30300000000.0,1340000000.0,10.33,-90.19
3.6e-05,1.1e-05,4e-13,3e-10,5e-11,0.0839,30300000000.0,1340000000.0,10.33,-90.03
3.6e-05,1.1e-05,4e-13,3e-10,2e-10,0.0839,30300000000.0,1340000000.0,10.33,-90.21
3.6e-05,1.1e-05,4e-13,3e-10,2.5e-10,0.0839,30300000000.0,1340000000.0,10.33,-90.34
3.6e-05,1.1e-05,4e-13,3.5e-10,1e-10,0.0839,28300000000.0,1190000000.0,10.68,-94.0
3.6e-05,1.1e-05,4e-13,3.5e-10,5e-11,0.0839,28300000000.0,1190000000.0,10.67,-94.34
3.6e-05,1.1e-05,4e-13,3.5e-10,1.5e-10,0.0839,28300000000.0,1190000000.0,10.67,-94.04
3.6e-05,1.1e-05,4e-13,3.5e-10,2e-10,0.0839,28300000000.0,1190000000.0,10.67,-94.05
3.6e-05,1.1e-05,4e-13,4.5e-10,1e-10,0.0839,25500000000.0,1000000000.0,11.17,-90.72
3.6e-05,1.1e-05,4e-13,4.5e-10,5e-11,0.0839,25500000000.0,1000000000.0,11.17,-91.66
3.6e-05,1.1e-05,4e-13,4.5e-10,1.5e-10,0.0839,25500000000.0,1010000000.0,11.17,-90.92
3.6e-05,1.1e-05,4e-13,4.5e-10,2e-10,0.0839,25500000000.0,1000000000.0,11.17,-91.65
3.6e-05,1.1e-05,4e-13,4.5e-10,2.5e-10,0.0839,25500000000.0,1010000000.0,11.17,-91.17
3.6e-05,1.1e-05,4e-13,5e-10,1e-10,0.0839,24500000000.0,945000000.0,11.37,-89.15
3.6e-05,1.1e-05,4e-13,5e-10,5e-11,0.0839,24500000000.0,943000000.0,11.38,-89.37
3.6e-05,1.1e-05,4e-13,5e-10,1.5e-10,0.0839,24500000000.0,943000000.0,11.38,-89.23
3.6e-05,1.1e-05,4e-13,5e-10,2.5e-10,0.0839,24500000000.0,945000000.0,11.38,-89.32
3.6e-05,1.1e-05,6e-13,4e-10,1e-10,0.0839,26800000000.0,1080000000.0,10.94,-93.38
3.6e-05,1.1e-05,6e-13,4e-10,5e-11,0.0839,26800000000.0,1080000000.0,10.94,-93.47
3.6e-05,1.1e-05,6e-13,4e-10,1.5e-10,0.0839,26800000000.0,1080000000.0,10.94,-93.52
3.6e-05,1.1e-05,6e-13,4e-10,2e-10,0.0839,26800000000.0,1080000000.0,10.94,-93.49
3.6e-05,1.1e-05,6e-13,4e-10,2.5e-10,0.0839,26800000000.0,1090000000.0,10.94,-93.52
3.6e-05,1.1e-05,6e-13,3e-10,1e-10,0.0839,30300000000.0,1340000000.0,10.33,-90.08
3.6e-05,1.1e-05,6e-13,3e-10,5e-11,0.0839,30300000000.0,1340000000.0,10.33,-90.11
3.6e-05,1.1e-05,6e-13,3e-10,1.5e-10,0.0839,30300000000.0,1340000000.0,10.33,-90.0
3.6e-05,1.1e-05,6e-13,3e-10,2e-10,0.0839,30300000000.0,1340000000.0,10.33,-90.3
3.6e-05,1.1e-05,6e-13,3.5e-10,1e-10,0.0839,28300000000.0,1190000000.0,10.67,-94.07
3.6e-05,1.1e-05,6e-13,3.5e-10,5e-11,0.0839,28300000000.0,1190000000.0,10.67,-94.22
3.6e-05,1.1e-05,6e-13,3.5e-10,1.5e-10,0.0839,28300000000.0,1190000000.0,10.67,-93.97
3.6e-05,1.1e-05,6e-13,3.5e-10,2e-10,0.0839,28300000000.0,1190000000.0,10.67,-94.31
3.6e-05,1.1e-05,6e-13,4.5e-10,1e-10,0.0839,25500000000.0,1010000000.0,11.17,-91.34
3.6e-05,1.1e-05,6e-13,4.5e-10,5e-11,0.0839,25500000000.0,1000000000.0,11.17,-91.1
3.6e-05,1.1e-05,6e-13,4.5e-10,1.5e-10,0.0839,25500000000.0,1010000000.0,11.17,-91.31
3.6e-05,1.1e-05,6e-13,4.5e-10,2e-10,0.0839,25500000000.0,1010000000.0,11.17,-91.0
3.6e-05,1.1e-05,6e-13,4.5e-10,2.5e-10,0.0839,25500000000.0,1000000000.0,11.17,-90.82
3.6e-05,1.1e-05,6e-13,5e-10,1e-10,0.0839,24500000000.0,944000000.0,11.37,-89.77
3.6e-05,1.1e-05,6e-13,5e-10,5e-11,0.0839,24500000000.0,945000000.0,11.38,-89.4
3.6e-05,1.1e-05,6e-13,5e-10,1.5e-10,0.0839,24500000000.0,942000000.0,11.38,-89.1
3.6e-05,1.1e-05,6e-13,5e-10,2e-10,0.0839,24500000000.0,943000000.0,11.38,-88.92
3.6e-05,1.1e-05,6e-13,5e-10,2.5e-10,0.0839,24500000000.0,943000000.0,11.38,-72.48
3.6e-05,1.1e-05,7e-13,4e-10,1e-10,0.0839,26800000000.0,1090000000.0,10.94,-93.77
3.6e-05,1.1e-05,7e-13,4e-10,5e-11,0.0839,26800000000.0,1080000000.0,10.94,-93.42
3.6e-05,1.1e-05,7e-13,4e-10,1.5e-10,0.0839,26800000000.0,1090000000.0,10.94,-93.45
3.6e-05,1.1e-05,7e-13,4e-10,2e-10,0.0839,26800000000.0,1090000000.0,10.94,-93.72
3.6e-05,1.1e-05,7e-13,3e-10,5e-11,0.0839,30300000000.0,1340000000.0,10.33,-89.82
3.6e-05,1.1e-05,7e-13,3e-10,2.5e-10,0.0839,30300000000.0,1340000000.0,10.33,-89.85
3.6e-05,1.1e-05,7e-13,3.5e-10,1e-10,0.0839,28300000000.0,1190000000.0,10.67,-94.01
3.6e-05,1.1e-05,7e-13,3.5e-10,1.5e-10,0.0839,28300000000.0,1190000000.0,10.67,-94.26
3.6e-05,1.1e-05,7e-13,3.5e-10,2.5e-10,0.0839,28300000000.0,1190000000.0,10.67,-94.23
3.6e-05,1.1e-05,7e-13,4.5e-10,1e-10,0.0839,25500000000.0,1000000000.0,11.17,-90.78
3.6e-05,1.1e-05,7e-13,4.5e-10,5e-11,0.0839,25500000000.0,1010000000.0,11.17,-91.23
3.6e-05,1.1e-05,7e-13,5e-10,1e-10,0.0839,24500000000.0,943000000.0,11.38,-89.26
3.6e-05,1.1e-05,7e-13,5e-10,5e-11,0.0839,24500000000.0,944000000.0,11.38,-89.3
3.6e-05,1.1e-05,7e-13,5e-10,1.5e-10,0.0839,24500000000.0,943000000.0,11.38,-89.53
3.6e-05,1.1e-05,7e-13,5e-10,2e-10,0.0839,24500000000.0,943000000.0,11.38,-89.57
3.6e-05,1.1e-05,7e-13,5e-10,2.5e-10,0.0839,24500000000.0,944000000.0,11.38,-89.14
3.6e-05,1.2e-05,5e-13,4e-10,1e-10,0.0839,26600000000.0,1120000000.0,10.96,-93.27
3.6e-05,1.2e-05,5e-13,4e-10,5e-11,0.0839,26600000000.0,1140000000.0,10.96,-93.55
3.6e-05,1.2e-05,5e-13,4e-10,1.5e-10,0.0839,26600000000.0,1120000000.0,10.96,-93.11
3.6e-05,1.2e-05,5e-13,4e-10,2e-10,0.0839,26600000000.0,1130000000.0,10.96,-93.48
3.6e-05,1.2e-05,5e-13,4e-10,2.5e-10,0.0839,26600000000.0,1130000000.0,10.95,-93.18
3.6e-05,1.2e-05,5e-13,3e-10,1e-10,0.0839,30200000000.0,1400000000.0,10.34,-90.23
3.6e-05,1.2e-05,5e-13,3e-10,5e-11,0.0839,30200000000.0,1390000000.0,10.34,-90.6
3.6e-05,1.2e-05,5e-13,3e-10,1.5e-10,0.0839,30200000000.0,1390000000.0,10.34,-90.55
3.6e-05,1.2e-05,5e-13,3e-10,2e-10,0.0839,30200000000.0,1400000000.0,10.34,-90.45
3.6e-05,1.2e-05,5e-13,3e-10,2.5e-10,0.0839,30200000000.0,1400000000.0,10.34,-90.68
3.6e-05,1.2e-05,5e-13,3.5e-10,1e-10,0.0839,28200000000.0,1240000000.0,10.68,-94.39
3.6e-05,1.2e-05,5e-13,3.5e-10,5e-11,0.0839,28200000000.0,1240000000.0,10.68,-94.36
3.6e-05,1.2e-05,5e-13,3.5e-10,1.5e-10,0.0839,28200000000.0,1240000000.0,10.68,-94.5
3.6e-05,1.2e-05,5e-13,3.5e-10,2e-10,0.0839,28200000000.0,1240000000.0,10.68,-94.49
3.6e-05,1.2e-05,5e-13,3.5e-10,2.5e-10,0.0839,28200000000.0,1240000000.0,10.68,-94.4
3.6e-05,1.2e-05,5e-13,4.5e-10,1e-10,0.0839,25400000000.0,1050000000.0,11.19,-90.8
3.6e-05,1.2e-05,5e-13,4.5e-10,5e-11,0.0839,25400000000.0,1050000000.0,11.19,-90.74
3.6e-05,1.2e-05,5e-13,4.5e-10,1.5e-10,0.0839,25400000000.0,1050000000.0,11.18,-90.94
3.6e-05,1.2e-05,5e-13,4.5e-10,2e-10,0.0839,25400000000.0,1050000000.0,11.18,-90.87
3.6e-05,1.2e-05,5e-13,4.5e-10,2.5e-10,0.0839,25400000000.0,1050000000.0,11.19,-90.98
3.6e-05,1.2e-05,5e-13,5e-10,1e-10,0.0839,24400000000.0,983000000.0,11.39,-88.95
3.6e-05,1.2e-05,5e-13,5e-10,5e-11,0.0839,24400000000.0,983000000.0,11.39,-88.56
3.6e-05,1.2e-05,5e-13,5e-10,1.5e-10,0.0839,24400000000.0,984000000.0,11.39,-88.98
3.6e-05,1.2e-05,5e-13,5e-10,2e-10,0.0839,24400000000.0,980000000.0,11.39,-89.55
3.6e-05,1.2e-05,5e-13,5e-10,2.5e-10,0.0839,24400000000.0,984000000.0,11.39,-89.53
3.6e-05,1.2e-05,3e-13,4e-10,1e-10,0.0839,26600000000.0,1130000000.0,10.96,-93.39
3.6e-05,1.2e-05,3e-13,4e-10,5e-11,0.0839,26600000000.0,1130000000.0,10.96,-93.28
3.6e-05,1.2e-05,3e-13,4e-10,1.5e-10,0.0839,26600000000.0,1130000000.0,10.96,-93.33
3.6e-05,1.2e-05,3e-13,4e-10,2e-10,0.0839,26600000000.0,1130000000.0,10.96,-93.37
3.6e-05,1.2e-05,3e-13,4e-10,2.5e-10,0.0839,26600000000.0,1130000000.0,10.96,-93.4
3.6e-05,1.2e-05,3e-13,3e-10,1e-10,0.0839,30200000000.0,1400000000.0,10.34,-90.7
3.6e-05,1.2e-05,3e-13,3e-10,5e-11,0.0839,30200000000.0,1400000000.0,10.34,-90.47
3.6e-05,1.2e-05,3e-13,3e-10,2e-10,0.0839,30200000000.0,1400000000.0,10.34,-90.49
3.6e-05,1.2e-05,3e-13,3e-10,2.5e-10,0.0839,30200000000.0,1400000000.0,10.34,-90.77
3.6e-05,1.2e-05,3e-13,3.5e-10,1e-10,0.0839,28200000000.0,1240000000.0,10.69,-94.45
3.6e-05,1.2e-05,3e-13,3.5e-10,5e-11,0.0839,28200000000.0,1240000000.0,10.69,-94.49
3.6e-05,1.2e-05,3e-13,3.5e-10,1.5e-10,0.0839,28200000000.0,1240000000.0,10.68,-94.47
3.6e-05,1.2e-05,3e-13,3.5e-10,2e-10,0.0839,28200000000.0,1240000000.0,10.69,-94.29
3.6e-05,1.2e-05,3e-13,4.5e-10,1e-10,0.0839,25400000000.0,1050000000.0,11.19,-90.75
3.6e-05,1.2e-05,3e-13,4.5e-10,5e-11,0.0839,25400000000.0,1050000000.0,11.19,-90.51
3.6e-05,1.2e-05,3e-13,4.5e-10,1.5e-10,0.0839,25400000000.0,1050000000.0,11.18,-91.08
3.6e-05,1.2e-05,3e-13,4.5e-10,2e-10,0.0839,25400000000.0,1050000000.0,11.19,-90.94
3.6e-05,1.2e-05,3e-13,4.5e-10,2.5e-10,0.0839,25400000000.0,1050000000.0,11.18,-90.65
3.6e-05,1.2e-05,3e-13,5e-10,1e-10,0.0839,24400000000.0,984000000.0,11.39,-89.21
3.6e-05,1.2e-05,3e-13,5e-10,5e-11,0.0839,24400000000.0,982000000.0,11.39,-89.04
3.6e-05,1.2e-05,3e-13,5e-10,1.5e-10,0.0839,24400000000.0,982000000.0,11.39,-89.17
3.6e-05,1.2e-05,3e-13,5e-10,2e-10,0.0839,24400000000.0,983000000.0,11.39,-89.17
3.6e-05,1.2e-05,3e-13,5e-10,2.5e-10,0.0839,24400000000.0,983000000.0,11.39,-89.35
3.6e-05,1.2e-05,4e-13,4e-10,1e-10,0.0839,26600000000.0,1130000000.0,10.96,-93.41
3.6e-05,1.2e-05,4e-13,4e-10,5e-11,0.0839,26600000000.0,1120000000.0,10.96,-93.28
3.6e-05,1.2e-05,4e-13,4e-10,1.5e-10,0.0839,26600000000.0,1130000000.0,10.95,-93.27
3.6e-05,1.2e-05,4e-13,4e-10,2.5e-10,0.0839,26600000000.0,1120000000.0,10.96,-93.91
3.6e-05,1.2e-05,4e-13,3e-10,1e-10,0.0839,30200000000.0,1390000000.0,10.34,-90.75
3.6e-05,1.2e-05,4e-13,3e-10,5e-11,0.0839,30200000000.0,1400000000.0,10.34,-90.43
3.6e-05,1.2e-05,4e-13,3e-10,1.5e-10,0.0839,30200000000.0,1400000000.0,10.34,-90.4
3.6e-05,1.2e-05,4e-13,3e-10,2e-10,0.0839,30200000000.0,1400000000.0,10.34,-90.61
3.6e-05,1.2e-05,4e-13,3e-10,2.5e-10,0.0839,30200000000.0,1400000000.0,10.34,-90.71
3.6e-05,1.2e-05,4e-13,3.5e-10,1e-10,0.0839,28200000000.0,1240000000.0,10.69,-94.33
3.6e-05,1.2e-05,4e-13,3.5e-10,5e-11,0.0839,28200000000.0,1240000000.0,10.68,-93.84
3.6e-05,1.2e-05,4e-13,3.5e-10,1.5e-10,0.0839,28200000000.0,1240000000.0,10.68,-94.41
3.6e-05,1.2e-05,4e-13,3.5e-10,2e-10,0.0839,28200000000.0,1240000000.0,10.68,-94.08
3.6e-05,1.2e-05,4e-13,4.5e-10,1e-10,0.0839,25400000000.0,1050000000.0,11.19,-90.52
3.6e-05,1.2e-05,4e-13,4.5e-10,5e-11,0.0839,25400000000.0,1050000000.0,11.19,-90.68
3.6e-05,1.2e-05,4e-13,4.5e-10,1.5e-10,0.0839,25400000000.0,1050000000.0,11.18,-89.12
3.6e-05,1.2e-05,4e-13,4.5e-10,2e-10,0.0839,25400000000.0,1050000000.0,11.19,-91.27
3.6e-05,1.2e-05,4e-13,4.5e-10,2.5e-10,0.0839,25400000000.0,1050000000.0,11.18,-90.69
3.6e-05,1.2e-05,4e-13,5e-10,1e-10,0.0839,24400000000.0,983000000.0,11.39,-89.38
3.6e-05,1.2e-05,4e-13,5e-10,5e-11,0.0839,24400000000.0,982000000.0,11.39,-89.05
3.6e-05,1.2e-05,4e-13,5e-10,1.5e-10,0.0839,24400000000.0,983000000.0,11.39,-89.29
3.6e-05,1.2e-05,4e-13,5e-10,2e-10,0.0839,24400000000.0,982000000.0,11.39,-88.83
3.6e-05,1.2e-05,4e-13,5e-10,2.5e-10,0.0839,24400000000.0,983000000.0,11.39,-89.37
3.6e-05,1.2e-05,6e-13,4e-10,1e-10,0.0839,26600000000.0,1120000000.0,10.96,-93.93
3.6e-05,1.2e-05,6e-13,4e-10,5e-11,0.0839,26600000000.0,1130000000.0,10.96,-93.81
3.6e-05,1.2e-05,6e-13,4e-10,1.5e-10,0.0839,26600000000.0,1130000000.0,10.95,-92.76
3.6e-05,1.2e-05,6e-13,4e-10,2e-10,0.0839,26600000000.0,1130000000.0,10.95,-92.98
3.6e-05,1.2e-05,6e-13,4e-10,2.5e-10,0.0839,26600000000.0,1130000000.0,10.95,-93.43
3.6e-05,1.2e-05,6e-13,3e-10,1e-10,0.0839,30200000000.0,1390000000.0,10.34,-90.57
3.6e-05,1.2e-05,6e-13,3e-10,5e-11,0.0839,30200000000.0,1390000000.0,10.34,-90.56
3.6e-05,1.2e-05,6e-13,3e-10,1.5e-10,0.0839,30200000000.0,1400000000.0,10.34,-90.36
3.6e-05,1.2e-05,6e-13,3.5e-10,1e-10,0.0839,28100000000.0,1240000000.0,10.68,-94.37
3.6e-05,1.2e-05,6e-13,3.5e-10,5e-11,0.0839,28200000000.0,1240000000.0,10.68,-94.46
3.6e-05,1.2e-05,6e-13,3.5e-10,1.5e-10,0.0839,28100000000.0,1240000000.0,10.68,-94.39
3.6e-05,1.2e-05,6e-13,3.5e-10,2e-10,0.0839,28100000000.0,1240000000.0,10.68,-94.48
3.6e-05,1.2e-05,6e-13,3.5e-10,2.5e-10,0.0839,28100000000.0,1240000000.0,10.68,-94.41
3.6e-05,1.2e-05,6e-13,4.5e-10,1e-10,0.0839,25400000000.0,1050000000.0,11.19,-91.13
3.6e-05,1.2e-05,6e-13,4.5e-10,5e-11,0.0839,25400000000.0,1050000000.0,11.19,-91.1
3.6e-05,1.2e-05,6e-13,4.5e-10,1.5e-10,0.0839,25400000000.0,1050000000.0,11.19,-90.56
3.6e-05,1.2e-05,6e-13,4.5e-10,2e-10,0.0839,25400000000.0,1050000000.0,11.19,-90.54
3.6e-05,1.2e-05,6e-13,4.5e-10,2.5e-10,0.0839,25400000000.0,1050000000.0,11.19,-90.63
3.6e-05,1.2e-05,6e-13,5e-10,1e-10,0.0839,24400000000.0,982000000.0,11.39,-89.25
3.6e-05,1.2e-05,6e-13,5e-10,5e-11,0.0839,24400000000.0,982000000.0,11.39,-88.86
3.6e-05,1.2e-05,6e-13,5e-10,1.5e-10,0.0839,24400000000.0,980000000.0,11.39,-89.56
3.6e-05,1.2e-05,6e-13,5e-10,2e-10,0.0839,24400000000.0,980000000.0,11.39,-88.74
3.6e-05,1.2e-05,6e-13,5e-10,2.5e-10,0.0839,24400000000.0,985000000.0,11.39,-88.27
3.6e-05,1.2e-05,7e-13,4e-10,1e-10,0.0839,26600000000.0,1130000000.0,10.95,-93.38
3.6e-05,1.2e-05,7e-13,4e-10,5e-11,0.0839,26600000000.0,1130000000.0,10.95,-93.22
3.6e-05,1.2e-05,7e-13,4e-10,1.5e-10,0.0839,26600000000.0,1120000000.0,10.96,-93.9
3.6e-05,1.2e-05,7e-13,4e-10,2e-10,0.0839,26600000000.0,1130000000.0,10.95,-92.26
3.6e-05,1.2e-05,7e-13,4e-10,2.5e-10,0.0839,26600000000.0,1130000000.0,10.96,-93.67
3.6e-05,1.2e-05,7e-13,3e-10,1e-10,0.0839,30200000000.0,1390000000.0,10.34,-90.64
3.6e-05,1.2e-05,7e-13,3e-10,5e-11,0.0839,30200000000.0,1400000000.0,10.34,-90.58
3.6e-05,1.2e-05,7e-13,3e-10,1.5e-10,0.0839,30200000000.0,1390000000.0,10.34,-90.54
3.6e-05,1.2e-05,7e-13,3e-10,2e-10,0.0839,30200000000.0,1390000000.0,10.34,-90.49
3.6e-05,1.2e-05,7e-13,3e-10,2.5e-10,0.0839,30200000000.0,1400000000.0,10.34,-90.39
3.6e-05,1.2e-05,7e-13,3.5e-10,1e-10,0.0839,28100000000.0,1240000000.0,10.68,-94.44
3.6e-05,1.2e-05,7e-13,3.5e-10,1.5e-10,0.0839,28100000000.0,1240000000.0,10.69,-94.37
3.6e-05,1.2e-05,7e-13,3.5e-10,2e-10,0.0839,28100000000.0,1240000000.0,10.68,-94.31
3.6e-05,1.2e-05,7e-13,3.5e-10,2.5e-10,0.0839,28100000000.0,1240000000.0,10.68,-94.35
3.6e-05,1.2e-05,7e-13,4.5e-10,1e-10,0.0839,25400000000.0,1050000000.0,11.19,-90.67
3.6e-05,1.2e-05,7e-13,4.5e-10,5e-11,0.0839,25400000000.0,1050000000.0,11.19,-91.14
3.6e-05,1.2e-05,7e-13,4.5e-10,1.5e-10,0.0839,25400000000.0,1050000000.0,11.18,-89.32
3.6e-05,1.2e-05,7e-13,4.5e-10,2e-10,0.0839,25400000000.0,1040000000.0,11.19,-90.59
3.6e-05,1.2e-05,7e-13,4.5e-10,2.5e-10,0.0839,25400000000.0,1050000000.0,11.18,-90.66
3.6e-05,1.2e-05,7e-13,5e-10,1e-10,0.0839,24400000000.0,983000000.0,11.39,-89.33
3.6e-05,1.2e-05,7e-13,5e-10,5e-11,0.0839,24400000000.0,984000000.0,11.39,-88.89
3.6e-05,1.2e-05,7e-13,5e-10,1.5e-10,0.0839,24400000000.0,983000000.0,11.39,-88.82
3.6e-05,1.2e-05,7e-13,5e-10,2e-10,0.0839,24400000000.0,984000000.0,11.39,-89.15
3.6e-05,1.2e-05,7e-13,5e-10,2.5e-10,0.0839,24400000000.0,983000000.0,11.39,-89.11
3.6e-05,1.3e-05,5e-13,4e-10,1e-10,0.0839,26500000000.0,1170000000.0,10.97,-92.64
3.6e-05,1.3e-05,5e-13,4e-10,5e-11,0.0839,26500000000.0,1170000000.0,10.97,-93.45
3.6e-05,1.3e-05,5e-13,4e-10,1.5e-10,0.0839,26500000000.0,1170000000.0,10.97,-92.95
3.6e-05,1.3e-05,5e-13,4e-10,2e-10,0.0839,26500000000.0,1170000000.0,10.97,-93.28
3.6e-05,1.3e-05,5e-13,4e-10,2.5e-10,0.0839,26500000000.0,1170000000.0,10.97,-93.38
3.6e-05,1.3e-05,5e-13,3e-10,1e-10,0.0839,30000000000.0,1440000000.0,10.34,-90.9
3.6e-05,1.3e-05,5e-13,3e-10,5e-11,0.0839,30000000000.0,1440000000.0,10.35,-90.88
3.6e-05,1.3e-05,5e-13,3e-10,1.5e-10,0.0839,30000000000.0,1440000000.0,10.34,-91.15
3.6e-05,1.3e-05,5e-13,3e-10,2e-10,0.0839,30000000000.0,1440000000.0,10.34,-91.09
3.6e-05,1.3e-05,5e-13,3e-10,2.5e-10,0.0839,30000000000.0,1440000000.0,10.35,-90.74
3.6e-05,1.3e-05,5e-13,3.5e-10,1e-10,0.0839,28000000000.0,1280000000.0,10.69,-94.6
3.6e-05,1.3e-05,5e-13,3.5e-10,5e-11,0.0839,28000000000.0,1280000000.0,10.69,-94.64
3.6e-05,1.3e-05,5e-13,3.5e-10,1.5e-10,0.0839,28000000000.0,1280000000.0,10.69,-94.51
3.6e-05,1.3e-05,5e-13,3.5e-10,2e-10,0.0839,28000000000.0,1280000000.0,10.69,-94.62
3.6e-05,1.3e-05,5e-13,3.5e-10,2.5e-10,0.0839,28000000000.0,1280000000.0,10.69,-94.55
3.6e-05,1.3e-05,5e-13,4.5e-10,1e-10,0.0839,25300000000.0,1080000000.0,11.2,-91.16
3.6e-05,1.3e-05,5e-13,4.5e-10,5e-11,0.0839,25300000000.0,1080000000.0,11.2,-90.69
3.6e-05,1.3e-05,5e-13,4.5e-10,1.5e-10,0.0839,25300000000.0,1090000000.0,11.2,-91.14
3.6e-05,1.3e-05,5e-13,4.5e-10,2e-10,0.0839,25300000000.0,1080000000.0,11.2,-91.14
3.6e-05,1.3e-05,5e-13,4.5e-10,2.5e-10,0.0839,25300000000.0,1080000000.0,11.2,-90.47
3.6e-05,1.3e-05,5e-13,5e-10,1e-10,0.0839,24300000000.0,1020000000.0,11.41,-88.9
3.6e-05,1.3e-05,5e-13,5e-10,5e-11,0.0839,24300000000.0,1010000000.0,11.4,-89.44
3.6e-05,1.3e-05,5e-13,5e-10,1.5e-10,0.0839,24300000000.0,1020000000.0,11.4,-88.94
3.6e-05,1.3e-05,5e-13,5e-10,2e-10,0.0839,24300000000.0,1010000000.0,11.41,-88.95
3.6e-05,1.3e-05,5e-13,5e-10,2.5e-10,0.0839,24300000000.0,1020000000.0,11.41,-88.91
3.6e-05,1.3e-05,3e-13,4e-10,1e-10,0.0839,26500000000.0,1170000000.0,10.96,-93.17
3.6e-05,1.3e-05,3e-13,4e-10,5e-11,0.0839,26500000000.0,1170000000.0,10.97,-93.16
3.6e-05,1.3e-05,3e-13,4e-10,1.5e-10,0.0839,26500000000.0,1160000000.0,10.96,-92.75
3.6e-05,1.3e-05,3e-13,4e-10,2e-10,0.0839,26500000000.0,1160000000.0,10.97,-93.08
3.6e-05,1.3e-05,3e-13,4e-10,2.5e-10,0.0839,26500000000.0,1170000000.0,10.96,-93.1
3.6e-05,1.3e-05,3e-13,3e-10,1e-10,0.0839,30000000000.0,1440000000.0,10.35,-91.02
3.6e-05,1.3e-05,3e-13,3e-10,5e-11,0.0839,30000000000.0,1440000000.0,10.35,-91.06
3.6e-05,1.3e-05,3e-13,3e-10,1.5e-10,0.0839,30000000000.0,1440000000.0,10.35,-91.22
3.6e-05,1.3e-05,3e-13,3e-10,2e-10,0.0839,30000000000.0,1440000000.0,10.35,-90.86
3.6e-05,1.3e-05,3e-13,3e-10,2.5e-10,0.0839,30000000000.0,1440000000.0,10.35,-91.12
3.6e-05,1.3e-05,3e-13,3.5e-10,1e-10,0.0839,28000000000.0,1280000000.0,10.69,-94.48
3.6e-05,1.3e-05,3e-13,3.5e-10,5e-11,0.0839,28000000000.0,1280000000.0,10.7,-94.56
3.6e-05,1.3e-05,3e-13,3.5e-10,1.5e-10,0.0839,28000000000.0,1280000000.0,10.69,-94.11
3.6e-05,1.3e-05,3e-13,4.5e-10,1e-10,0.0839,25300000000.0,1080000000.0,11.2,-90.68
3.6e-05,1.3e-05,3e-13,4.5e-10,5e-11,0.0839,25300000000.0,1080000000.0,11.2,-82.18
3.6e-05,1.3e-05,3e-13,4.5e-10,1.5e-10,0.0839,25300000000.0,1090000000.0,11.2,-90.82
3.6e-05,1.3e-05,3e-13,4.5e-10,2e-10,0.0839,25300000000.0,1080000000.0,11.2,-89.73
3.6e-05,1.3e-05,3e-13,4.5e-10,2.5e-10,0.0839,25300000000.0,1090000000.0,11.2,-90.89
3.6e-05,1.3e-05,3e-13,5e-10,1e-10,0.0839,24300000000.0,1020000000.0,11.4,-89.07
3.6e-05,1.3e-05,3e-13,5e-10,5e-11,0.0839,24300000000.0,1020000000.0,11.4,-89.06
3.6e-05,1.3e-05,3e-13,5e-10,1.5e-10,0.0839,24300000000.0,1010000000.0,11.41,-89.49
3.6e-05,1.3e-05,3e-13,5e-10,2e-10,0.0839,24300000000.0,1020000000.0,11.4,-89.21
3.6e-05,1.3e-05,3e-13,5e-10,2.5e-10,0.0839,24300000000.0,1020000000.0,11.4,-89.03
3.6e-05,1.3e-05,4e-13,4e-10,1e-10,0.0839,26500000000.0,1160000000.0,10.96,-93.55
3.6e-05,1.3e-05,4e-13,4e-10,5e-11,0.0839,26500000000.0,1170000000.0,10.96,-93.28
3.6e-05,1.3e-05,4e-13,4e-10,1.5e-10,0.0839,26500000000.0,1160000000.0,10.97,-92.98
3.6e-05,1.3e-05,4e-13,4e-10,2e-10,0.0839,26500000000.0,1170000000.0,10.97,-92.61
3.6e-05,1.3e-05,4e-13,3e-10,1e-10,0.0839,30000000000.0,1440000000.0,10.35,-90.91
3.6e-05,1.3e-05,4e-13,3e-10,5e-11,0.0839,30000000000.0,1440000000.0,10.34,-91.02
3.6e-05,1.3e-05,4e-13,3e-10,1.5e-10,0.0839,30000000000.0,1440000000.0,10.35,-91.03
3.6e-05,1.3e-05,4e-13,3e-10,2e-10,0.0839,30000000000.0,1440000000.0,10.35,-90.78
3.6e-05,1.3e-05,4e-13,3e-10,2.5e-10,0.0839,30000000000.0,1440000000.0,10.35,-90.98
3.6e-05,1.3e-05,4e-13,3.5e-10,1.5e-10,0.0839,28000000000.0,1280000000.0,10.69,-94.63
3.6e-05,1.3e-05,4e-13,3.5e-10,2e-10,0.0839,28000000000.0,1280000000.0,10.69,-94.65
3.6e-05,1.3e-05,4e-13,3.5e-10,2.5e-10,0.0839,28000000000.0,1280000000.0,10.69,-94.5
3.6e-05,1.3e-05,4e-13,4.5e-10,1e-10,0.0839,25300000000.0,1080000000.0,11.2,-90.59
3.6e-05,1.3e-05,4e-13,4.5e-10,5e-11,0.0839,25300000000.0,1090000000.0,11.2,-90.33
3.6e-05,1.3e-05,4e-13,4.5e-10,1.5e-10,0.0839,25300000000.0,1080000000.0,11.2,-90.38
3.6e-05,1.3e-05,4e-13,4.5e-10,2.5e-10,0.0839,25300000000.0,1080000000.0,11.2,-90.75
3.6e-05,1.3e-05,4e-13,5e-10,1e-10,0.0839,24300000000.0,1020000000.0,11.41,-88.47
3.6e-05,1.3e-05,4e-13,5e-10,5e-11,0.0839,24300000000.0,1020000000.0,11.4,-88.86
3.6e-05,1.3e-05,4e-13,5e-10,1.5e-10,0.0839,24300000000.0,1010000000.0,11.4,-89.06
3.6e-05,1.3e-05,4e-13,5e-10,2e-10,0.0839,24300000000.0,1010000000.0,11.4,-88.87
3.6e-05,1.3e-05,4e-13,5e-10,2.5e-10,0.0839,24300000000.0,1020000000.0,11.41,-89.21
3.6e-05,1.3e-05,6e-13,4e-10,1e-10,0.0839,26500000000.0,1170000000.0,10.96,-93.48
3.6e-05,1.3e-05,6e-13,4e-10,5e-11,0.0839,26500000000.0,1170000000.0,10.97,-93.27
3.6e-05,1.3e-05,6e-13,4e-10,1.5e-10,0.0839,26500000000.0,1170000000.0,10.97,-93.47
3.6e-05,1.3e-05,6e-13,4e-10,2e-10,0.0839,26500000000.0,1170000000.0,10.96,-93.31
3.6e-05,1.3e-05,6e-13,4e-10,2.5e-10,0.0839,26500000000.0,1170000000.0,10.97,-92.98
3.6e-05,1.3e-05,6e-13,3e-10,1e-10,0.0839,30000000000.0,1440000000.0,10.34,-90.73
3.6e-05,1.3e-05,6e-13,3e-10,5e-11,0.0839,30000000000.0,1440000000.0,10.35,-90.99
3.6e-05,1.3e-05,6e-13,3e-10,1.5e-10,0.0839,30000000000.0,1440000000.0,10.35,-91.14
3.6e-05,1.3e-05,6e-13,3e-10,2e-10,0.0839,30000000000.0,1440000000.0,10.35,-90.76
3.6e-05,1.3e-05,6e-13,3e-10,2.5e-10,0.0839,30000000000.0,1440000000.0,10.35,-90.8
3.6e-05,1.3e-05,6e-13,3.5e-10,1e-10,0.0839,28000000000.0,1280000000.0,10.69,-94.58
3.6e-05,1.3e-05,6e-13,3.5e-10,5e-11,0.0839,28000000000.0,1280000000.0,10.69,-94.46
3.6e-05,1.3e-05,6e-13,3.5e-10,1.5e-10,0.0839,28000000000.0,1280000000.0,10.69,-94.61
3.6e-05,1.3e-05,6e-13,3.5e-10,2e-10,0.0839,28000000000.0,1280000000.0,10.69,-94.44
3.6e-05,1.3e-05,6e-13,3.5e-10,2.5e-10,0.0839,28000000000.0,1280000000.0,10.69,-94.43
3.6e-05,1.3e-05,6e-13,4.5e-10,1e-10,0.0839,25300000000.0,1080000000.0,11.2,-90.93
3.6e-05,1.3e-05,6e-13,4.5e-10,5e-11,0.0839,25300000000.0,1080000000.0,11.2,-91.26
3.6e-05,1.3e-05,6e-13,4.5e-10,1.5e-10,0.0839,25300000000.0,1080000000.0,11.2,-91.04
3.6e-05,1.3e-05,6e-13,4.5e-10,2e-10,0.0839,25300000000.0,1080000000.0,11.2,-90.41
3.6e-05,1.3e-05,6e-13,4.5e-10,2.5e-10,0.0839,25300000000.0,1080000000.0,11.2,-90.81
3.6e-05,1.3e-05,6e-13,5e-10,1e-10,0.0839,24300000000.0,1010000000.0,11.4,-89.36
3.6e-05,1.3e-05,6e-13,5e-10,5e-11,0.0839,24300000000.0,1020000000.0,11.41,-89.35
3.6e-05,1.3e-05,6e-13,5e-10,1.5e-10,0.0839,24300000000.0,1010000000.0,11.4,-87.77
3.6e-05,1.3e-05,6e-13,5e-10,2e-10,0.0839,24300000000.0,1020000000.0,11.4,-89.56
3.6e-05,1.3e-05,6e-13,5e-10,2.5e-10,0.0839,24300000000.0,1020000000.0,11.4,-89.05
3.6e-05,1.3e-05,7e-13,4e-10,1e-10,0.0839,26500000000.0,1170000000.0,10.96,-93.86
3.6e-05,1.3e-05,7e-13,4e-10,5e-11,0.0839,26500000000.0,1170000000.0,10.96,-93.07
3.6e-05,1.3e-05,7e-13,4e-10,1.5e-10,0.0839,26500000000.0,1160000000.0,10.97,-92.74
3.6e-05,1.3e-05,7e-13,4e-10,2e-10,0.0839,26500000000.0,1160000000.0,10.96,-93.06
3.6e-05,1.3e-05,7e-13,4e-10,2.5e-10,0.0839,26500000000.0,1170000000.0,10.97,-93.3
3.6e-05,1.3e-05,7e-13,3e-10,1e-10,0.0839,30000000000.0,1440000000.0,10.34,-91.03
3.6e-05,1.3e-05,7e-13,3e-10,5e-11,0.0839,30000000000.0,1440000000.0,10.34,-91.07
3.6e-05,1.3e-05,7e-13,3e-10,1.5e-10,0.0839,30000000000.0,1440000000.0,10.35,-90.9
3.6e-05,1.3e-05,7e-13,3e-10,2e-10,0.0839,30000000000.0,1440000000.0,10.34,-90.99
3.6e-05,1.3e-05,7e-13,3e-10,2.5e-10,0.0839,30000000000.0,1440000000.0,10.34,-90.71
3.6e-05,1.3e-05,7e-13,3.5e-10,5e-11,0.0839,28000000000.0,1280000000.0,10.69,-94.49
3.6e-05,1.3e-05,7e-13,3.5e-10,1.5e-10,0.0839,28000000000.0,1280000000.0,10.69,-94.4
3.6e-05,1.3e-05,7e-13,3.5e-10,2e-10,0.0839,28000000000.0,1280000000.0,10.69,-94.42
3.6e-05,1.3e-05,7e-13,3.5e-10,2.5e-10,0.0839,28000000000.0,1280000000.0,10.69,-94.03
3.6e-05,1.3e-05,7e-13,4.5e-10,1e-10,0.0839,25300000000.0,1080000000.0,11.2,-91.12
3.6e-05,1.3e-05,7e-13,4.5e-10,5e-11,0.0839,25300000000.0,1080000000.0,11.2,-90.73
3.6e-05,1.3e-05,7e-13,4.5e-10,1.5e-10,0.0839,25300000000.0,1080000000.0,11.2,-90.96
3.6e-05,1.3e-05,7e-13,4.5e-10,2e-10,0.0839,25300000000.0,1080000000.0,11.2,-91.23
3.6e-05,1.3e-05,7e-13,4.5e-10,2.5e-10,0.0839,25300000000.0,1090000000.0,11.2,-90.96
3.6e-05,1.3e-05,7e-13,5e-10,1e-10,0.0839,24300000000.0,1020000000.0,11.4,-89.09
3.6e-05,1.3e-05,7e-13,5e-10,5e-11,0.0839,24300000000.0,1010000000.0,11.41,-88.89
3.6e-05,1.3e-05,7e-13,5e-10,1.5e-10,0.0839,24300000000.0,1020000000.0,11.41,-88.83
3.6e-05,1.3e-05,7e-13,5e-10,2e-10,0.0839,24300000000.0,1010000000.0,11.4,-88.86
3.6e-05,1.3e-05,7e-13,5e-10,2.5e-10,0.0839,24300000000.0,1010000000.0,11.4,-89.1
3.6e-05,1.4e-05,5e-13,4e-10,1e-10,0.0839,26400000000.0,1190000000.0,10.97,-92.85
3.6e-05,1.4e-05,5e-13,4e-10,5e-11,0.0839,26400000000.0,1200000000.0,10.97,-92.8
3.6e-05,1.4e-05,5e-13,4e-10,1.5e-10,0.0839,26400000000.0,1200000000.0,10.97,-93.02
3.6e-05,1.4e-05,5e-13,4e-10,2e-10,0.0839,26400000000.0,1190000000.0,10.97,-93.27
3.6e-05,1.4e-05,5e-13,4e-10,2.5e-10,0.0839,26400000000.0,1200000000.0,10.97,-93.1
3.6e-05,1.4e-05,5e-13,3e-10,1e-10,0.0839,29800000000.0,1480000000.0,10.35,-91.43
3.6e-05,1.4e-05,5e-13,3e-10,5e-11,0.0839,29800000000.0,1480000000.0,10.35,-91.2
3.6e-05,1.4e-05,5e-13,3e-10,1.5e-10,0.0839,29800000000.0,1480000000.0,10.35,-91.3
3.6e-05,1.4e-05,5e-13,3e-10,2e-10,0.0839,29800000000.0,1480000000.0,10.35,-91.33
3.6e-05,1.4e-05,5e-13,3e-10,2.5e-10,0.0839,29800000000.0,1480000000.0,10.35,-91.34
3.6e-05,1.4e-05,5e-13,3.5e-10,1e-10,0.0839,27900000000.0,1310000000.0,10.7,-94.68
3.6e-05,1.4e-05,5e-13,3.5e-10,5e-11,0.0839,27900000000.0,1310000000.0,10.7,-94.67
3.6e-05,1.4e-05,5e-13,3.5e-10,1.5e-10,0.0839,27900000000.0,1320000000.0,10.7,-94.68
3.6e-05,1.4e-05,5e-13,3.5e-10,2.5e-10,0.0839,27900000000.0,1310000000.0,10.7,-94.7
3.6e-05,1.4e-05,5e-13,4.5e-10,1e-10,0.0839,25200000000.0,1110000000.0,11.21,-90.59
3.6e-05,1.4e-05,5e-13,4.5e-10,5e-11,0.0839,25200000000.0,1110000000.0,11.21,-90.7
3.6e-05,1.4e-05,5e-13,4.5e-10,1.5e-10,0.0839,25200000000.0,1110000000.0,11.21,-90.67
3.6e-05,1.4e-05,5e-13,4.5e-10,2e-10,0.0839,25200000000.0,1110000000.0,11.21,-90.49
3.6e-05,1.4e-05,5e-13,4.5e-10,2.5e-10,0.0839,25200000000.0,1110000000.0,11.2,-90.96
3.6e-05,1.4e-05,5e-13,5e-10,1e-10,0.0839,24200000000.0,1040000000.0,11.42,-89.3
3.6e-05,1.4e-05,5e-13,5e-10,5e-11,0.0839,24200000000.0,1040000000.0,11.41,-88.68
3.6e-05,1.4e-05,5e-13,5e-10,1.5e-10,0.0839,24200000000.0,1040000000.0,11.42,-89.31
3.6e-05,1.4e-05,5e-13,5e-10,2e-10,0.0839,24200000000.0,1040000000.0,11.41,-89.04
3.6e-05,1.4e-05,3e-13,4e-10,1e-10,0.0839,26400000000.0,1200000000.0,10.97,-93.0
3.6e-05,1.4e-05,3e-13,4e-10,5e-11,0.0839,26400000000.0,1200000000.0,10.97,-93.06
3.6e-05,1.4e-05,3e-13,4e-10,1.5e-10,0.0839,26400000000.0,1190000000.0,10.97,-93.26
3.6e-05,1.4e-05,3e-13,4e-10,2e-10,0.0839,26400000000.0,1200000000.0,10.97,-93.37
3.6e-05,1.4e-05,3e-13,4e-10,2.5e-10,0.0839,26400000000.0,1200000000.0,10.97,-93.05
3.6e-05,1.4e-05,3e-13,3e-10,1e-10,0.0839,29800000000.0,1480000000.0,10.35,-91.42
3.6e-05,1.4e-05,3e-13,3e-10,5e-11,0.0839,29800000000.0,1480000000.0,10.35,-91.66
3.6e-05,1.4e-05,3e-13,3e-10,2.5e-10,0.0839,29800000000.0,1480000000.0,10.35,-91.45
3.6e-05,1.4e-05,3e-13,3.5e-10,1e-10,0.0839,27900000000.0,1310000000.0,10.7,-94.46
3.6e-05,1.4e-05,3e-13,3.5e-10,5e-11,0.0839,27900000000.0,1310000000.0,10.7,-94.61
3.6e-05,1.4e-05,3e-13,3.5e-10,1.5e-10,0.0839,27900000000.0,1310000000.0,10.7,-94.58
3.6e-05,1.4e-05,3e-13,3.5e-10,2e-10,0.0839,27900000000.0,1310000000.0,10.7,-94.71
3.6e-05,1.4e-05,3e-13,3.5e-10,2.5e-10,0.0839,27900000000.0,1310000000.0,10.7,-94.59
3.6e-05,1.4e-05,3e-13,4.5e-10,1e-10,0.0839,25200000000.0,1110000000.0,11.21,-85.69
3.6e-05,1.4e-05,3e-13,4.5e-10,5e-11,0.0839,25200000000.0,1110000000.0,11.21,-90.74
3.6e-05,1.4e-05,3e-13,4.5e-10,1.5e-10,0.0839,25200000000.0,1110000000.0,11.21,-90.72
3.6e-05,1.4e-05,3e-13,4.5e-10,2e-10,0.0839,25200000000.0,1110000000.0,11.21,-90.66
3.6e-05,1.4e-05,3e-13,4.5e-10,2.5e-10,0.0839,25200000000.0,1110000000.0,11.21,-90.25
3.6e-05,1.4e-05,3e-13,5e-10,1e-10,0.0839,24200000000.0,1040000000.0,11.42,-88.78
3.6e-05,1.4e-05,3e-13,5e-10,5e-11,0.0839,24200000000.0,1040000000.0,11.42,-88.8
3.6e-05,1.4e-05,3e-13,5e-10,1.5e-10,0.0839,24200000000.0,1040000000.0,11.42,-89.06
3.6e-05,1.4e-05,3e-13,5e-10,2e-10,0.0839,24200000000.0,1040000000.0,11.42,-88.93
3.6e-05,1.4e-05,3e-13,5e-10,2.5e-10,0.0839,24200000000.0,1040000000.0,11.42,-88.88
3.6e-05,1.4e-05,4e-13,4e-10,1.5e-10,0.0839,26400000000.0,1190000000.0,10.97,-92.93
3.6e-05,1.4e-05,4e-13,4e-10,2e-10,0.0839,26400000000.0,1190000000.0,10.97,-92.47
3.6e-05,1.4e-05,4e-13,4e-10,2.5e-10,0.0839,26400000000.0,1200000000.0,10.97,-93.29
3.6e-05,1.4e-05,4e-13,3e-10,1e-10,0.0839,29800000000.0,1480000000.0,10.35,-91.32
3.6e-05,1.4e-05,4e-13,3e-10,1.5e-10,0.0839,29800000000.0,1480000000.0,10.35,-91.29
3.6e-05,1.4e-05,4e-13,3e-10,2e-10,0.0839,29800000000.0,1480000000.0,10.35,-91.19
3.6e-05,1.4e-05,4e-13,3.5e-10,5e-11,0.0839,27900000000.0,1310000000.0,10.7,-94.69
3.6e-05,1.4e-05,4e-13,4.5e-10,1e-10,0.0839,25200000000.0,1110000000.0,11.21,-84.58
3.6e-05,1.4e-05,4e-13,4.5e-10,5e-11,0.0839,25200000000.0,1110000000.0,11.21,-90.77
3.6e-05,1.4e-05,4e-13,4.5e-10,1.5e-10,0.0839,25200000000.0,1110000000.0,11.21,-87.93
3.6e-05,1.4e-05,4e-13,4.5e-10,2e-10,0.0839,25200000000.0,1110000000.0,11.21,-91.02
3.6e-05,1.4e-05,4e-13,4.5e-10,2.5e-10,0.0839,25200000000.0,1110000000.0,11.21,-90.19
3.6e-05,1.4e-05,4e-13,5e-10,1e-10,0.0839,24200000000.0,1040000000.0,11.42,-89.33
3.6e-05,1.4e-05,4e-13,5e-10,5e-11,0.0839,24200000000.0,1040000000.0,11.42,-89.08
3.6e-05,1.4e-05,4e-13,5e-10,1.5e-10,0.0839,24200000000.0,1040000000.0,11.41,-89.27
3.6e-05,1.4e-05,4e-13,5e-10,2e-10,0.0839,24200000000.0,1040000000.0,11.42,-88.47
3.6e-05,1.4e-05,6e-13,4e-10,1e-10,0.0839,26400000000.0,1200000000.0,10.97,-92.65
3.6e-05,1.4e-05,6e-13,4e-10,5e-11,0.0839,26400000000.0,1190000000.0,10.97,-92.88
3.6e-05,1.4e-05,6e-13,4e-10,1.5e-10,0.0839,26400000000.0,1190000000.0,10.97,-93.11
3.6e-05,1.4e-05,6e-13,4e-10,2e-10,0.0839,26400000000.0,1200000000.0,10.97,-93.11
3.6e-05,1.4e-05,6e-13,4e-10,2.5e-10,0.0839,26400000000.0,1200000000.0,10.97,-93.3
3.6e-05,1.4e-05,6e-13,3e-10,1e-10,0.0839,29800000000.0,1480000000.0,10.35,-91.46
3.6e-05,1.4e-05,6e-13,3e-10,5e-11,0.0839,29800000000.0,1480000000.0,10.35,-91.4
3.6e-05,1.4e-05,6e-13,3e-10,1.5e-10,0.0839,29800000000.0,1480000000.0,10.35,-91.31
3.6e-05,1.4e-05,6e-13,3e-10,2.5e-10,0.0839,29800000000.0,1480000000.0,10.35,-91.38
3.6e-05,1.4e-05,6e-13,3.5e-10,1e-10,0.0839,27900000000.0,1320000000.0,10.7,-94.58
3.6e-05,1.4e-05,6e-13,3.5e-10,1.5e-10,0.0839,27900000000.0,1310000000.0,10.7,-94.66
3.6e-05,1.4e-05,6e-13,3.5e-10,2.5e-10,0.0839,27900000000.0,1320000000.0,10.7,-94.67
3.6e-05,1.4e-05,6e-13,4.5e-10,1e-10,0.0839,25200000000.0,1110000000.0,11.21,-90.55
3.6e-05,1.4e-05,6e-13,4.5e-10,5e-11,0.0839,25200000000.0,1110000000.0,11.21,-90.96
3.6e-05,1.4e-05,6e-13,4.5e-10,1.5e-10,0.0839,25200000000.0,1110000000.0,11.2,-91.05
3.6e-05,1.4e-05,6e-13,4.5e-10,2e-10,0.0839,25200000000.0,1110000000.0,11.2,-90.63
3.6e-05,1.4e-05,6e-13,5e-10,5e-11,0.0839,24200000000.0,1040000000.0,11.42,-88.5
3.6e-05,1.4e-05,6e-13,5e-10,1.5e-10,0.0839,24200000000.0,1040000000.0,11.42,-88.68
3.6e-05,1.4e-05,6e-13,5e-10,2e-10,0.0839,24200000000.0,1040000000.0,11.42,-88.7
3.6e-05,1.4e-05,6e-13,5e-10,2.5e-10,0.0839,24200000000.0,1040000000.0,11.42,-88.69
3.6e-05,1.4e-05,7e-13,4e-10,1e-10,0.0839,26400000000.0,1200000000.0,10.97,-93.12
3.6e-05,1.4e-05,7e-13,4e-10,5e-11,0.0839,26400000000.0,1190000000.0,10.97,-93.37
3.6e-05,1.4e-05,7e-13,4e-10,1.5e-10,0.0839,26400000000.0,1190000000.0,10.97,-92.51
3.6e-05,1.4e-05,7e-13,4e-10,2e-10,0.0839,26400000000.0,1190000000.0,10.97,-93.16
3.6e-05,1.4e-05,7e-13,4e-10,2.5e-10,0.0839,26400000000.0,1200000000.0,10.97,-93.43
3.6e-05,1.4e-05,7e-13,3e-10,1e-10,0.0839,29800000000.0,1480000000.0,10.35,-91.49
3.6e-05,1.4e-05,7e-13,3e-10,2.5e-10,0.0839,29800000000.0,1480000000.0,10.35,-91.37
3.6e-05,1.4e-05,7e-13,4.5e-10,1e-10,0.0839,25200000000.0,1110000000.0,11.21,-90.8
3.6e-05,1.4e-05,7e-13,4.5e-10,5e-11,0.0839,25200000000.0,1110000000.0,11.2,-90.77
3.6e-05,1.4e-05,7e-13,4.5e-10,1.5e-10,0.0839,25200000000.0,1110000000.0,11.21,-91.04
3.6e-05,1.4e-05,7e-13,4.5e-10,2e-10,0.0839,25200000000.0,1100000000.0,11.21,-90.15
3.6e-05,1.4e-05,7e-13,4.5e-10,2.5e-10,0.0839,25200000000.0,1110000000.0,11.21,-90.98
3.6e-05,1.4e-05,7e-13,5e-10,5e-11,0.0839,24200000000.0,1040000000.0,11.42,-88.45
3.6e-05,1.4e-05,7e-13,5e-10,1.5e-10,0.0839,24200000000.0,1040000000.0,11.41,-89.03
3.6e-05,1.4e-05,7e-13,5e-10,2e-10,0.0839,24200000000.0,1040000000.0,11.41,-89.09
3.6e-05,1.4e-05,7e-13,5e-10,2.5e-10,0.0839,24200000000.0,1040000000.0,11.42,-88.75
3.6e-05,1.5e-05,5e-13,4e-10,1e-10,0.0839,26200000000.0,1220000000.0,10.98,-92.21
3.6e-05,1.5e-05,5e-13,4e-10,5e-11,0.0839,26200000000.0,1220000000.0,10.98,-93.22
3.6e-05,1.5e-05,5e-13,4e-10,1.5e-10,0.0839,26200000000.0,1220000000.0,10.98,-92.29
3.6e-05,1.5e-05,5e-13,4e-10,2e-10,0.0839,26200000000.0,1210000000.0,10.98,-93.22
3.6e-05,1.5e-05,5e-13,4e-10,2.5e-10,0.0839,26200000000.0,1210000000.0,10.98,-92.74
3.6e-05,1.5e-05,5e-13,3e-10,1e-10,0.0839,29700000000.0,1500000000.0,10.35,-91.9
3.6e-05,1.5e-05,5e-13,3e-10,5e-11,0.0839,29700000000.0,1500000000.0,10.35,-91.59
3.6e-05,1.5e-05,5e-13,3e-10,1.5e-10,0.0839,29700000000.0,1500000000.0,10.35,-91.86
3.6e-05,1.5e-05,5e-13,3e-10,2e-10,0.0839,29700000000.0,1500000000.0,10.35,-91.57
3.6e-05,1.5e-05,5e-13,3e-10,2.5e-10,0.0839,29700000000.0,1500000000.0,10.35,-91.61
3.6e-05,1.5e-05,5e-13,3.5e-10,1e-10,0.0839,27700000000.0,1330000000.0,10.7,-94.32
3.6e-05,1.5e-05,5e-13,3.5e-10,5e-11,0.0839,27700000000.0,1340000000.0,10.7,-94.72
3.6e-05,1.5e-05,5e-13,3.5e-10,1.5e-10,0.0839,27700000000.0,1340000000.0,10.7,-94.73
3.6e-05,1.5e-05,5e-13,3.5e-10,2e-10,0.0839,27700000000.0,1340000000.0,10.7,-94.76
3.6e-05,1.5e-05,5e-13,3.5e-10,2.5e-10,0.0839,27700000000.0,1340000000.0,10.7,-94.75
3.6e-05,1.5e-05,5e-13,4.5e-10,1e-10,0.0839,25100000000.0,1130000000.0,11.21,-90.01
3.6e-05,1.5e-05,5e-13,4.5e-10,5e-11,0.0839,25100000000.0,1120000000.0,11.21,-91.37
3.6e-05,1.5e-05,5e-13,4.5e-10,1.5e-10,0.0839,25100000000.0,1120000000.0,11.21,-90.12
3.6e-05,1.5e-05,5e-13,4.5e-10,2e-10,0.0839,25100000000.0,1130000000.0,11.21,-90.3
3.6e-05,1.5e-05,5e-13,5e-10,1e-10,0.0839,24100000000.0,1060000000.0,11.42,-88.9
3.6e-05,1.5e-05,5e-13,5e-10,5e-11,0.0839,24100000000.0,1060000000.0,11.43,-88.44
3.6e-05,1.5e-05,5e-13,5e-10,1.5e-10,0.0839,24100000000.0,1060000000.0,11.42,-88.96
3.6e-05,1.5e-05,5e-13,5e-10,2e-10,0.0839,24100000000.0,1060000000.0,11.42,-88.77
3.6e-05,1.5e-05,5e-13,5e-10,2.5e-10,0.0839,24100000000.0,1060000000.0,11.43,-88.75
3.6e-05,1.5e-05,3e-13,4e-10,1e-10,0.0839,26200000000.0,1220000000.0,10.98,-93.04
3.6e-05,1.5e-05,3e-13,4e-10,5e-11,0.0839,26300000000.0,1220000000.0,10.98,-92.71
3.6e-05,1.5e-05,3e-13,4e-10,1.5e-10,0.0839,26200000000.0,1220000000.0,10.98,-92.53
3.6e-05,1.5e-05,3e-13,4e-10,2e-10,0.0839,26200000000.0,1220000000.0,10.98,-92.65
3.6e-05,1.5e-05,3e-13,4e-10,2.5e-10,0.0839,26200000000.0,1210000000.0,10.98,-93.75
3.6e-05,1.5e-05,3e-13,3e-10,1e-10,0.0839,29700000000.0,1500000000.0,10.35,-91.47
3.6e-05,1.5e-05,3e-13,3e-10,5e-11,0.0839,29700000000.0,1500000000.0,10.35,-91.92
3.6e-05,1.5e-05,3e-13,3e-10,1.5e-10,0.0839,29700000000.0,1500000000.0,10.35,-91.67
3.6e-05,1.5e-05,3e-13,3e-10,2e-10,0.0839,29700000000.0,1500000000.0,10.35,-91.84
3.6e-05,1.5e-05,3e-13,3e-10,2.5e-10,0.0839,29700000000.0,1500000000.0,10.35,-91.66
3.6e-05,1.5e-05,3e-13,3.5e-10,1e-10,0.0839,27700000000.0,1330000000.0,10.7,-94.72
3.6e-05,1.5e-05,3e-13,3.5e-10,5e-11,0.0839,27800000000.0,1340000000.0,10.7,-94.72
3.6e-05,1.5e-05,3e-13,3.5e-10,2.5e-10,0.0839,27700000000.0,1340000000.0,10.7,-94.66
3.6e-05,1.5e-05,3e-13,4.5e-10,1e-10,0.0839,25100000000.0,1130000000.0,11.21,-90.71
3.6e-05,1.5e-05,3e-13,4.5e-10,5e-11,0.0839,25100000000.0,1130000000.0,11.21,-90.27
3.6e-05,1.5e-05,3e-13,4.5e-10,1.5e-10,0.0839,25100000000.0,1130000000.0,11.21,-90.51
3.6e-05,1.5e-05,3e-13,4.5e-10,2e-10,0.0839,25100000000.0,1130000000.0,11.21,-90.68
3.6e-05,1.5e-05,3e-13,4.5e-10,2.5e-10,0.0839,25100000000.0,1130000000.0,11.21,-90.67
3.6e-05,1.5e-05,3e-13,5e-10,1e-10,0.0839,24100000000.0,1060000000.0,11.43,-88.22
3.6e-05,1.5e-05,3e-13,5e-10,5e-11,0.0839,24100000000.0,1060000000.0,11.42,-89.07
3.6e-05,1.5e-05,3e-13,5e-10,2e-10,0.0839,24100000000.0,1060000000.0,11.43,-89.13
3.6e-05,1.5e-05,3e-13,5e-10,2.5e-10,0.0839,24100000000.0,1060000000.0,11.43,-89.69
3.6e-05,1.5e-05,4e-13,4e-10,1e-10,0.0839,26200000000.0,1220000000.0,10.98,-92.28
3.6e-05,1.5e-05,4e-13,4e-10,5e-11,0.0839,26200000000.0,1220000000.0,10.98,-92.47
3.6e-05,1.5e-05,4e-13,4e-10,1.5e-10,0.0839,26200000000.0,1220000000.0,10.98,-93.01
3.6e-05,1.5e-05,4e-13,4e-10,2e-10,0.0839,26200000000.0,1220000000.0,10.98,-92.31
3.6e-05,1.5e-05,4e-13,3e-10,1e-10,0.0839,29700000000.0,1500000000.0,10.35,-89.86
3.6e-05,1.5e-05,4e-13,3e-10,5e-11,0.0839,29700000000.0,1500000000.0,10.35,-91.96
3.6e-05,1.5e-05,4e-13,3e-10,1.5e-10,0.0839,29700000000.0,1500000000.0,10.35,-91.87
3.6e-05,1.5e-05,4e-13,3e-10,2e-10,0.0839,29700000000.0,1500000000.0,10.35,-91.74
3.6e-05,1.5e-05,4e-13,3e-10,2.5e-10,0.0839,29700000000.0,1500000000.0,10.35,-91.94
3.6e-05,1.5e-05,4e-13,3.5e-10,1e-10,0.0839,27700000000.0,1340000000.0,10.7,-94.74
3.6e-05,1.5e-05,4e-13,3.5e-10,5e-11,0.0839,27700000000.0,1340000000.0,10.7,-94.71
3.6e-05,1.5e-05,4e-13,3.5e-10,1.5e-10,0.0839,27700000000.0,1330000000.0,10.7,-94.75
3.6e-05,1.5e-05,4e-13,3.5e-10,2e-10,0.0839,27700000000.0,1330000000.0,10.7,-94.74
3.6e-05,1.5e-05,4e-13,3.5e-10,2.5e-10,0.0839,27700000000.0,1330000000.0,10.7,-94.7
3.6e-05,1.5e-05,4e-13,4.5e-10,1e-10,0.0839,25100000000.0,1130000000.0,11.21,-89.84
3.6e-05,1.5e-05,4e-13,4.5e-10,5e-11,0.0839,25100000000.0,1130000000.0,11.21,-90.22
3.6e-05,1.5e-05,4e-13,4.5e-10,1.5e-10,0.0839,25100000000.0,1130000000.0,11.21,-90.91
3.6e-05,1.5e-05,4e-13,4.5e-10,2e-10,0.0839,25100000000.0,1130000000.0,11.21,-90.6
3.6e-05,1.5e-05,4e-13,4.5e-10,2.5e-10,0.0839,25100000000.0,1130000000.0,11.21,-90.63
3.6e-05,1.5e-05,4e-13,5e-10,1e-10,0.0839,24100000000.0,1060000000.0,11.42,-88.7
3.6e-05,1.5e-05,4e-13,5e-10,5e-11,0.0839,24100000000.0,1060000000.0,11.42,-88.58
3.6e-05,1.5e-05,4e-13,5e-10,1.5e-10,0.0839,24100000000.0,1060000000.0,11.43,-88.81
3.6e-05,1.5e-05,4e-13,5e-10,2e-10,0.0839,24100000000.0,1060000000.0,11.43,-88.65
3.6e-05,1.5e-05,4e-13,5e-10,2.5e-10,0.0839,24100000000.0,1060000000.0,11.43,-88.85
3.6e-05,1.5e-05,6e-13,4e-10,1e-10,0.0839,26200000000.0,1210000000.0,10.98,-92.58
3.6e-05,1.5e-05,6e-13,4e-10,5e-11,0.0839,26200000000.0,1210000000.0,10.98,-93.15
3.6e-05,1.5e-05,6e-13,4e-10,1.5e-10,0.0839,26200000000.0,1220000000.0,10.98,-93.24
3.6e-05,1.5e-05,6e-13,4e-10,2e-10,0.0839,26200000000.0,1220000000.0,10.98,-92.6
3.6e-05,1.5e-05,6e-13,4e-10,2.5e-10,0.0839,26200000000.0,1220000000.0,10.98,-93.06
3.6e-05,1.5e-05,6e-13,3e-10,1e-10,0.0839,29700000000.0,1500000000.0,10.35,-91.85
3.6e-05,1.5e-05,6e-13,3e-10,5e-11,0.0839,29700000000.0,1500000000.0,10.35,-91.75
3.6e-05,1.5e-05,6e-13,3e-10,1.5e-10,0.0839,29700000000.0,1500000000.0,10.35,-91.82
3.6e-05,1.5e-05,6e-13,3e-10,2.5e-10,0.0839,29700000000.0,1500000000.0,10.35,-91.88
3.6e-05,1.5e-05,6e-13,3.5e-10,1e-10,0.0839,27700000000.0,1330000000.0,10.7,-94.71
3.6e-05,1.5e-05,6e-13,3.5e-10,2.5e-10,0.0839,27700000000.0,1330000000.0,10.7,-94.73
3.6e-05,1.5e-05,6e-13,4.5e-10,1e-10,0.0839,25000000000.0,1130000000.0,11.21,-90.01
3.6e-05,1.5e-05,6e-13,4.5e-10,5e-11,0.0839,25100000000.0,1130000000.0,11.21,-90.57
3.6e-05,1.5e-05,6e-13,4.5e-10,1.5e-10,0.0839,25000000000.0,1120000000.0,11.21,-90.12
3.6e-05,1.5e-05,6e-13,4.5e-10,2e-10,0.0839,25000000000.0,1130000000.0,11.21,-90.61
3.6e-05,1.5e-05,6e-13,4.5e-10,2.5e-10,0.0839,25000000000.0,1130000000.0,11.21,-90.58
3.6e-05,1.5e-05,6e-13,5e-10,1e-10,0.0839,24100000000.0,1060000000.0,11.42,-89.01
3.6e-05,1.5e-05,6e-13,5e-10,5e-11,0.0839,24100000000.0,1060000000.0,11.42,-88.79
3.6e-05,1.5e-05,6e-13,5e-10,1.5e-10,0.0839,24100000000.0,1060000000.0,11.42,-88.63
3.6e-05,1.5e-05,6e-13,5e-10,2e-10,0.0839,24100000000.0,1060000000.0,11.43,-88.71
3.6e-05,1.5e-05,6e-13,5e-10,2.5e-10,0.0839,24100000000.0,1060000000.0,11.42,-88.64
3.6e-05,1.5e-05,7e-13,4e-10,1e-10,0.0839,26200000000.0,1220000000.0,10.97,-92.82
3.6e-05,1.5e-05,7e-13,4e-10,5e-11,0.0839,26200000000.0,1220000000.0,10.98,-92.23
3.6e-05,1.5e-05,7e-13,4e-10,1.5e-10,0.0839,26200000000.0,1220000000.0,10.98,-92.76
3.6e-05,1.5e-05,7e-13,4e-10,2e-10,0.0839,26200000000.0,1210000000.0,10.98,-93.69
3.6e-05,1.5e-05,7e-13,4e-10,2.5e-10,0.0839,26200000000.0,1220000000.0,10.98,-92.94
3.6e-05,1.5e-05,7e-13,3e-10,1e-10,0.0839,29700000000.0,1500000000.0,10.35,-91.89
3.6e-05,1.5e-05,7e-13,3e-10,2e-10,0.0839,29700000000.0,1500000000.0,10.35,-91.83
3.6e-05,1.5e-05,7e-13,3.5e-10,2e-10,0.0839,27700000000.0,1340000000.0,10.7,-86.43
3.6e-05,1.5e-05,7e-13,4.5e-10,1e-10,0.0839,25000000000.0,1130000000.0,11.21,-90.9
3.6e-05,1.5e-05,7e-13,4.5e-10,5e-11,0.0839,25000000000.0,1130000000.0,11.21,-89.88
3.6e-05,1.5e-05,7e-13,4.5e-10,2e-10,0.0839,25000000000.0,1130000000.0,11.21,-90.76
3.6e-05,1.5e-05,7e-13,4.5e-10,2.5e-10,0.0839,25000000000.0,1130000000.0,11.21,-90.46
3.6e-05,1.5e-05,7e-13,5e-10,1e-10,0.0839,24100000000.0,1060000000.0,11.42,-88.72
3.6e-05,1.5e-05,7e-13,5e-10,1.5e-10,0.0839,24100000000.0,1060000000.0,11.43,-89.41
3.6e-05,1.5e-05,7e-13,5e-10,2e-10,0.0839,24100000000.0,1060000000.0,11.42,-87.51
3.6e-05,1.5e-05,7e-13,5e-10,2.5e-10,0.0839,24100000000.0,1060000000.0,11.42,-89.19
3.6e-05,1.6e-05,5e-13,4e-10,1e-10,0.0839,26100000000.0,1230000000.0,10.98,-92.71
3.6e-05,1.6e-05,5e-13,4e-10,5e-11,0.0839,26100000000.0,1230000000.0,10.98,-92.38
3.6e-05,1.6e-05,5e-13,4e-10,1.5e-10,0.0839,26100000000.0,1230000000.0,10.98,-92.76
3.6e-05,1.6e-05,5e-13,4e-10,2e-10,0.0839,26100000000.0,1230000000.0,10.98,-92.64
3.6e-05,1.6e-05,5e-13,4e-10,2.5e-10,0.0839,26100000000.0,1230000000.0,10.98,-92.94
3.6e-05,1.6e-05,5e-13,3e-10,1e-10,0.0839,29600000000.0,1520000000.0,10.34,-92.21
3.6e-05,1.6e-05,5e-13,3e-10,5e-11,0.0839,29600000000.0,1520000000.0,10.34,-92.13
3.6e-05,1.6e-05,5e-13,3e-10,1.5e-10,0.0839,29600000000.0,1520000000.0,10.34,-92.24
3.6e-05,1.6e-05,5e-13,3e-10,2e-10,0.0839,29600000000.0,1520000000.0,10.34,-92.14
3.6e-05,1.6e-05,5e-13,3e-10,2.5e-10,0.0839,29600000000.0,1520000000.0,10.34,-92.05
3.6e-05,1.6e-05,5e-13,3.5e-10,1e-10,0.0839,27600000000.0,1350000000.0,10.7,-94.77
3.6e-05,1.6e-05,5e-13,3.5e-10,5e-11,0.0839,27600000000.0,1360000000.0,10.7,-94.5
3.6e-05,1.6e-05,5e-13,3.5e-10,1.5e-10,0.0839,27600000000.0,1350000000.0,10.7,-94.62
3.6e-05,1.6e-05,5e-13,3.5e-10,2e-10,0.0839,27600000000.0,1350000000.0,10.7,-94.79
3.6e-05,1.6e-05,5e-13,3.5e-10,2.5e-10,0.0839,27600000000.0,1360000000.0,10.7,-94.77
3.6e-05,1.6e-05,5e-13,4.5e-10,1e-10,0.0839,24900000000.0,1150000000.0,11.22,-90.34
3.6e-05,1.6e-05,5e-13,4.5e-10,5e-11,0.0839,24900000000.0,1140000000.0,11.22,-90.66
3.6e-05,1.6e-05,5e-13,4.5e-10,1.5e-10,0.0839,24900000000.0,1140000000.0,11.22,-89.89
3.6e-05,1.6e-05,5e-13,4.5e-10,2e-10,0.0839,24900000000.0,1150000000.0,11.22,-90.38
3.6e-05,1.6e-05,5e-13,4.5e-10,2.5e-10,0.0839,24900000000.0,1150000000.0,11.22,-90.37
3.6e-05,1.6e-05,5e-13,5e-10,1e-10,0.0839,24000000000.0,1070000000.0,11.43,-88.58
3.6e-05,1.6e-05,5e-13,5e-10,5e-11,0.0839,24000000000.0,1080000000.0,11.43,-88.94
3.6e-05,1.6e-05,5e-13,5e-10,1.5e-10,0.0839,24000000000.0,1070000000.0,11.43,-88.3
3.6e-05,1.6e-05,5e-13,5e-10,2e-10,0.0839,24000000000.0,1070000000.0,11.43,-88.78
3.6e-05,1.6e-05,5e-13,5e-10,2.5e-10,0.0839,24000000000.0,1080000000.0,11.43,-88.79
3.6e-05,1.6e-05,3e-13,4e-10,1e-10,0.0839,26100000000.0,1240000000.0,10.98,-92.44
3.6e-05,1.6e-05,3e-13,4e-10,5e-11,0.0839,26100000000.0,1240000000.0,10.98,-92.97
3.6e-05,1.6e-05,3e-13,4e-10,1.5e-10,0.0839,26100000000.0,1240000000.0,10.98,-92.96
3.6e-05,1.6e-05,3e-13,4e-10,2e-10,0.0839,26100000000.0,1230000000.0,10.98,-92.31
3.6e-05,1.6e-05,3e-13,4e-10,2.5e-10,0.0839,26100000000.0,1240000000.0,10.98,-92.01
3.6e-05,1.6e-05,3e-13,3e-10,1e-10,0.0839,29600000000.0,1520000000.0,10.34,-92.02
3.6e-05,1.6e-05,3e-13,3e-10,5e-11,0.0839,29600000000.0,1520000000.0,10.35,-92.41
3.6e-05,1.6e-05,3e-13,3e-10,1.5e-10,0.0839,29600000000.0,1520000000.0,10.35,-92.3
3.6e-05,1.6e-05,3e-13,3e-10,2e-10,0.0839,29600000000.0,1520000000.0,10.34,-91.78
3.6e-05,1.6e-05,3e-13,3.5e-10,1e-10,0.0839,27600000000.0,1350000000.0,10.7,-94.72
3.6e-05,1.6e-05,3e-13,3.5e-10,5e-11,0.0839,27600000000.0,1350000000.0,10.7,-94.41
3.6e-05,1.6e-05,3e-13,3.5e-10,1.5e-10,0.0839,27600000000.0,1360000000.0,10.7,-94.74
3.6e-05,1.6e-05,3e-13,3.5e-10,2e-10,0.0839,27600000000.0,1350000000.0,10.7,-94.69
3.6e-05,1.6e-05,3e-13,4.5e-10,1e-10,0.0839,25000000000.0,1140000000.0,11.22,-90.19
3.6e-05,1.6e-05,3e-13,4.5e-10,5e-11,0.0839,25000000000.0,1140000000.0,11.22,-90.06
3.6e-05,1.6e-05,3e-13,4.5e-10,1.5e-10,0.0839,25000000000.0,1150000000.0,11.22,-89.84
3.6e-05,1.6e-05,3e-13,4.5e-10,2e-10,0.0839,25000000000.0,1150000000.0,11.22,-90.34
3.6e-05,1.6e-05,3e-13,4.5e-10,2.5e-10,0.0839,24900000000.0,1150000000.0,11.22,-90.71
3.6e-05,1.6e-05,3e-13,5e-10,1e-10,0.0839,24000000000.0,1070000000.0,11.43,-88.75
3.6e-05,1.6e-05,3e-13,5e-10,5e-11,0.0839,24000000000.0,1080000000.0,11.43,-88.92
3.6e-05,1.6e-05,3e-13,5e-10,1.5e-10,0.0839,24000000000.0,1080000000.0,11.43,-89.04
3.6e-05,1.6e-05,3e-13,5e-10,2e-10,0.0839,24000000000.0,1070000000.0,11.43,-88.69
3.6e-05,1.6e-05,3e-13,5e-10,2.5e-10,0.0839,24000000000.0,1080000000.0,11.43,-88.44
3.6e-05,1.6e-05,4e-13,4e-10,1e-10,0.0839,26100000000.0,1230000000.0,10.98,-92.12
3.6e-05,1.6e-05,4e-13,4e-10,5e-11,0.0839,26100000000.0,1230000000.0,10.98,-92.53
3.6e-05,1.6e-05,4e-13,4e-10,1.5e-10,0.0839,26100000000.0,1230000000.0,10.98,-91.72
3.6e-05,1.6e-05,4e-13,4e-10,2e-10,0.0839,26100000000.0,1230000000.0,10.98,-92.96
3.6e-05,1.6e-05,4e-13,4e-10,2.5e-10,0.0839,26100000000.0,1230000000.0,10.98,-92.5
3.6e-05,1.6e-05,4e-13,3e-10,1e-10,0.0839,29600000000.0,1520000000.0,10.34,-92.16
3.6e-05,1.6e-05,4e-13,3e-10,1.5e-10,0.0839,29600000000.0,1520000000.0,10.34,-92.07
3.6e-05,1.6e-05,4e-13,3.5e-10,1e-10,0.0839,27600000000.0,1360000000.0,10.7,-94.52
3.6e-05,1.6e-05,4e-13,3.5e-10,1.5e-10,0.0839,27600000000.0,1350000000.0,10.7,-94.78
3.6e-05,1.6e-05,4e-13,3.5e-10,2e-10,0.0839,27600000000.0,1350000000.0,10.7,-94.64
3.6e-05,1.6e-05,4e-13,3.5e-10,2.5e-10,0.0839,27600000000.0,1360000000.0,10.7,-94.76
3.6e-05,1.6e-05,4e-13,4.5e-10,1e-10,0.0839,24900000000.0,1140000000.0,11.22,-90.3
3.6e-05,1.6e-05,4e-13,4.5e-10,5e-11,0.0839,24900000000.0,1140000000.0,11.22,-90.22
3.6e-05,1.6e-05,4e-13,4.5e-10,1.5e-10,0.0839,24900000000.0,1150000000.0,11.22,-90.4
3.6e-05,1.6e-05,4e-13,4.5e-10,2e-10,0.0839,24900000000.0,1150000000.0,11.22,-89.98
3.6e-05,1.6e-05,4e-13,4.5e-10,2.5e-10,0.0839,24900000000.0,1150000000.0,11.22,-90.36
3.6e-05,1.6e-05,4e-13,5e-10,1e-10,0.0839,24000000000.0,1080000000.0,11.43,-88.74
3.6e-05,1.6e-05,4e-13,5e-10,5e-11,0.0839,24000000000.0,1070000000.0,11.43,-88.42
3.6e-05,1.6e-05,4e-13,5e-10,1.5e-10,0.0839,24000000000.0,1070000000.0,11.43,-88.34
3.6e-05,1.6e-05,4e-13,5e-10,2.5e-10,0.0839,24000000000.0,1080000000.0,11.43,-88.5
3.6e-05,1.6e-05,6e-13,4e-10,1e-10,0.0839,26100000000.0,1240000000.0,10.98,-93.04
3.6e-05,1.6e-05,6e-13,4e-10,5e-11,0.0839,26100000000.0,1230000000.0,10.98,-92.74
3.6e-05,1.6e-05,6e-13,4e-10,1.5e-10,0.0839,26100000000.0,1230000000.0,10.98,-92.69
3.6e-05,1.6e-05,6e-13,4e-10,2e-10,0.0839,26100000000.0,1240000000.0,10.98,-91.94
3.6e-05,1.6e-05,6e-13,4e-10,2.5e-10,0.0839,26100000000.0,1240000000.0,10.98,-92.75
3.6e-05,1.6e-05,6e-13,3e-10,5e-11,0.0839,29600000000.0,1520000000.0,10.34,-92.19
3.6e-05,1.6e-05,6e-13,3e-10,1.5e-10,0.0839,29600000000.0,1520000000.0,10.34,-91.94
3.6e-05,1.6e-05,6e-13,3e-10,2e-10,0.0839,29600000000.0,1520000000.0,10.34,-91.99
3.6e-05,1.6e-05,6e-13,3e-10,2.5e-10,0.0839,29600000000.0,1520000000.0,10.34,-92.0
3.6e-05,1.6e-05,6e-13,3.5e-10,1e-10,0.0839,27600000000.0,1350000000.0,10.7,-94.76
3.6e-05,1.6e-05,6e-13,3.5e-10,5e-11,0.0839,27600000000.0,1350000000.0,10.7,-94.71
3.6e-05,1.6e-05,6e-13,4.5e-10,5e-11,0.0839,24900000000.0,1140000000.0,11.22,-90.23
3.6e-05,1.6e-05,6e-13,4.5e-10,1.5e-10,0.0839,24900000000.0,1150000000.0,11.22,-90.67
3.6e-05,1.6e-05,6e-13,4.5e-10,2.5e-10,0.0839,24900000000.0,1140000000.0,11.22,-90.69
3.6e-05,1.6e-05,6e-13,5e-10,1e-10,0.0839,24000000000.0,1070000000.0,11.43,-88.5
3.6e-05,1.6e-05,6e-13,5e-10,5e-11,0.0839,24000000000.0,1070000000.0,11.43,-88.45
3.6e-05,1.6e-05,6e-13,5e-10,1.5e-10,0.0839,24000000000.0,1070000000.0,11.43,-89.03
3.6e-05,1.6e-05,6e-13,5e-10,2e-10,0.0839,24000000000.0,1070000000.0,11.43,-88.62
3.6e-05,1.6e-05,6e-13,5e-10,2.5e-10,0.0839,24000000000.0,1070000000.0,11.43,-89.0
3.6e-05,1.6e-05,7e-13,4e-10,5e-11,0.0839,26100000000.0,1230000000.0,10.98,-92.7
3.6e-05,1.6e-05,7e-13,4e-10,1.5e-10,0.0839,26100000000.0,1230000000.0,10.98,-92.63
3.6e-05,1.6e-05,7e-13,4e-10,2e-10,0.0839,26100000000.0,1230000000.0,10.98,-92.66
3.6e-05,1.6e-05,7e-13,3e-10,1e-10,0.0839,29600000000.0,1520000000.0,10.34,-92.08
3.6e-05,1.6e-05,7e-13,3e-10,5e-11,0.0839,29600000000.0,1520000000.0,10.34,-92.15
3.6e-05,1.6e-05,7e-13,3e-10,1.5e-10,0.0839,29600000000.0,1520000000.0,10.34,-92.27
3.6e-05,1.6e-05,7e-13,3e-10,2.5e-10,0.0839,29600000000.0,1520000000.0,10.34,-92.26
3.6e-05,1.6e-05,7e-13,3.5e-10,1e-10,0.0839,27600000000.0,1350000000.0,10.7,-94.7
3.6e-05,1.6e-05,7e-13,3.5e-10,2.5e-10,0.0839,27600000000.0,1360000000.0,10.7,-94.79
3.6e-05,1.6e-05,7e-13,4.5e-10,1e-10,0.0839,24900000000.0,1150000000.0,11.22,-90.53
3.6e-05,1.6e-05,7e-13,4.5e-10,5e-11,0.0839,24900000000.0,1140000000.0,11.22,-90.17
3.6e-05,1.6e-05,7e-13,4.5e-10,1.5e-10,0.0839,24900000000.0,1150000000.0,11.22,-90.72
3.6e-05,1.6e-05,7e-13,4.5e-10,2e-10,0.0839,24900000000.0,1140000000.0,11.22,-90.08
3.6e-05,1.6e-05,7e-13,5e-10,1e-10,0.0839,24000000000.0,1080000000.0,11.43,-88.45
3.6e-05,1.6e-05,7e-13,5e-10,5e-11,0.0839,24000000000.0,1070000000.0,11.43,-88.7
3.6e-05,1.6e-05,7e-13,5e-10,1.5e-10,0.0839,24000000000.0,1070000000.0,11.43,-87.38
3.6e-05,1.6e-05,7e-13,5e-10,2.5e-10,0.0839,24000000000.0,1070000000.0,11.43,-88.59
3.6e-05,1.7e-05,5e-13,4e-10,1e-10,0.0839,26000000000.0,1250000000.0,10.98,-91.72
3.6e-05,1.7e-05,5e-13,4e-10,5e-11,0.0839,26000000000.0,1240000000.0,10.98,-93.5
3.6e-05,1.7e-05,5e-13,4e-10,1.5e-10,0.0839,26000000000.0,1240000000.0,10.98,-92.83
3.6e-05,1.7e-05,5e-13,4e-10,2e-10,0.0839,26000000000.0,1240000000.0,10.98,-92.37
3.6e-05,1.7e-05,5e-13,4e-10,2.5e-10,0.0839,26000000000.0,1240000000.0,10.98,-92.47
3.6e-05,1.7e-05,5e-13,3e-10,1e-10,0.0839,29400000000.0,1530000000.0,10.34,-92.66
3.6e-05,1.7e-05,5e-13,3e-10,5e-11,0.0839,29400000000.0,1530000000.0,10.34,-92.59
3.6e-05,1.7e-05,5e-13,3e-10,1.5e-10,0.0839,29400000000.0,1530000000.0,10.34,-92.5
3.6e-05,1.7e-05,5e-13,3e-10,2e-10,0.0839,29400000000.0,1530000000.0,10.34,-91.79
3.6e-05,1.7e-05,5e-13,3e-10,2.5e-10,0.0839,29400000000.0,1530000000.0,10.34,-92.34
3.6e-05,1.7e-05,5e-13,3.5e-10,1e-10,0.0839,27500000000.0,1360000000.0,10.69,-94.77
3.6e-05,1.7e-05,5e-13,3.5e-10,5e-11,0.0839,27500000000.0,1360000000.0,10.69,-94.63
3.6e-05,1.7e-05,5e-13,3.5e-10,1.5e-10,0.0839,27500000000.0,1360000000.0,10.69,-94.68
3.6e-05,1.7e-05,5e-13,3.5e-10,2e-10,0.0839,27500000000.0,1360000000.0,10.69,-94.73
3.6e-05,1.7e-05,5e-13,3.5e-10,2.5e-10,0.0839,27500000000.0,1370000000.0,10.69,-94.72
3.6e-05,1.7e-05,5e-13,4.5e-10,1e-10,0.0839,24800000000.0,1150000000.0,11.22,-90.14
3.6e-05,1.7e-05,5e-13,4.5e-10,5e-11,0.0839,24800000000.0,1150000000.0,11.22,-90.25
3.6e-05,1.7e-05,5e-13,4.5e-10,1.5e-10,0.0839,24800000000.0,1150000000.0,11.22,-90.12
3.6e-05,1.7e-05,5e-13,4.5e-10,2e-10,0.0839,24800000000.0,1150000000.0,11.22,-91.29
3.6e-05,1.7e-05,5e-13,4.5e-10,2.5e-10,0.0839,24800000000.0,1150000000.0,11.22,-90.62
3.6e-05,1.7e-05,5e-13,5e-10,1e-10,0.0839,23900000000.0,1080000000.0,11.43,-88.41
3.6e-05,1.7e-05,5e-13,5e-10,5e-11,0.0839,23900000000.0,1080000000.0,11.43,-88.5
3.6e-05,1.7e-05,5e-13,5e-10,1.5e-10,0.0839,23900000000.0,1080000000.0,11.44,-88.33
3.6e-05,1.7e-05,5e-13,5e-10,2e-10,0.0839,23900000000.0,1080000000.0,11.43,-88.62
3.6e-05,1.7e-05,5e-13,5e-10,2.5e-10,0.0839,23900000000.0,1080000000.0,11.43,-88.7
3.6e-05,1.7e-05,3e-13,4e-10,5e-11,0.0839,26000000000.0,1250000000.0,10.98,-91.95
3.6e-05,1.7e-05,3e-13,4e-10,1.5e-10,0.0839,26000000000.0,1250000000.0,10.98,-92.48
3.6e-05,1.7e-05,3e-13,4e-10,2e-10,0.0839,26000000000.0,1250000000.0,10.98,-91.68
3.6e-05,1.7e-05,3e-13,4e-10,2.5e-10,0.0839,26000000000.0,1240000000.0,10.98,-85.33
3.6e-05,1.7e-05,3e-13,3e-10,1e-10,0.0839,29500000000.0,1530000000.0,10.34,-92.38
3.6e-05,1.7e-05,3e-13,3e-10,5e-11,0.0839,29500000000.0,1530000000.0,10.34,-92.44
3.6e-05,1.7e-05,3e-13,3e-10,1.5e-10,0.0839,29500000000.0,1530000000.0,10.34,-92.74
3.6e-05,1.7e-05,3e-13,3e-10,2e-10,0.0839,29500000000.0,1530000000.0,10.34,-92.24
3.6e-05,1.7e-05,3e-13,3e-10,2.5e-10,0.0839,29500000000.0,1530000000.0,10.34,-92.48
3.6e-05,1.7e-05,3e-13,3.5e-10,1e-10,0.0839,27500000000.0,1360000000.0,10.69,-94.69
3.6e-05,1.7e-05,3e-13,3.5e-10,5e-11,0.0839,27500000000.0,1360000000.0,10.7,-94.69
3.6e-05,1.7e-05,3e-13,3.5e-10,1.5e-10,0.0839,27500000000.0,1360000000.0,10.69,-94.66
3.6e-05,1.7e-05,3e-13,3.5e-10,2e-10,0.0839,27500000000.0,1360000000.0,10.7,-94.79
3.6e-05,1.7e-05,3e-13,4.5e-10,1e-10,0.0839,24900000000.0,1160000000.0,11.22,-90.41
3.6e-05,1.7e-05,3e-13,4.5e-10,5e-11,0.0839,24900000000.0,1150000000.0,11.22,-89.76
3.6e-05,1.7e-05,3e-13,4.5e-10,1.5e-10,0.0839,24900000000.0,1150000000.0,11.22,-90.46
3.6e-05,1.7e-05,3e-13,4.5e-10,2e-10,0.0839,24800000000.0,1150000000.0,11.22,-90.27
3.6e-05,1.7e-05,3e-13,4.5e-10,2.5e-10,0.0839,24900000000.0,1160000000.0,11.22,-89.77
3.6e-05,1.7e-05,3e-13,5e-10,1e-10,0.0839,23900000000.0,1080000000.0,11.44,-88.35
3.6e-05,1.7e-05,3e-13,5e-10,5e-11,0.0839,23900000000.0,1080000000.0,11.43,-88.34
3.6e-05,1.7e-05,3e-13,5e-10,1.5e-10,0.0839,23900000000.0,1090000000.0,11.44,-88.55
3.6e-05,1.7e-05,3e-13,5e-10,2e-10,0.0839,23900000000.0,1080000000.0,11.43,-89.0
3.6e-05,1.7e-05,3e-13,5e-10,2.5e-10,0.0839,23900000000.0,1080000000.0,11.44,-89.11
3.6e-05,1.7e-05,4e-13,4e-10,1e-10,0.0839,26000000000.0,1240000000.0,10.98,-92.53
3.6e-05,1.7e-05,4e-13,4e-10,5e-11,0.0839,26000000000.0,1240000000.0,10.98,-92.66
3.6e-05,1.7e-05,4e-13,4e-10,1.5e-10,0.0839,26000000000.0,1240000000.0,10.98,-92.23
3.6e-05,1.7e-05,4e-13,4e-10,2e-10,0.0839,26000000000.0,1250000000.0,10.98,-92.43
3.6e-05,1.7e-05,4e-13,4e-10,2.5e-10,0.0839,26000000000.0,1240000000.0,10.98,-92.51
3.6e-05,1.7e-05,4e-13,3e-10,1e-10,0.0839,29400000000.0,1530000000.0,10.34,-92.39
3.6e-05,1.7e-05,4e-13,3e-10,5e-11,0.0839,29400000000.0,1530000000.0,10.34,-92.55
3.6e-05,1.7e-05,4e-13,3e-10,1.5e-10,0.0839,29400000000.0,1530000000.0,10.34,-92.56
3.6e-05,1.7e-05,4e-13,3e-10,2.5e-10,0.0839,29400000000.0,1530000000.0,10.34,-92.48
3.6e-05,1.7e-05,4e-13,3.5e-10,5e-11,0.0839,27500000000.0,1360000000.0,10.69,-94.74
3.6e-05,1.7e-05,4e-13,3.5e-10,1.5e-10,0.0839,27500000000.0,1360000000.0,10.69,-94.56
3.6e-05,1.7e-05,4e-13,3.5e-10,2e-10,0.0839,27500000000.0,1360000000.0,10.69,-94.71
3.6e-05,1.7e-05,4e-13,4.5e-10,1e-10,0.0839,24800000000.0,1150000000.0,11.22,-90.07
3.6e-05,1.7e-05,4e-13,4.5e-10,1.5e-10,0.0839,24800000000.0,1150000000.0,11.22,-90.45
3.6e-05,1.7e-05,4e-13,4.5e-10,2e-10,0.0839,24800000000.0,1150000000.0,11.22,-89.64
3.6e-05,1.7e-05,4e-13,4.5e-10,2.5e-10,0.0839,24800000000.0,1150000000.0,11.22,-90.68
3.6e-05,1.7e-05,4e-13,5e-10,1e-10,0.0839,23900000000.0,1080000000.0,11.43,-88.43
3.6e-05,1.7e-05,4e-13,5e-10,5e-11,0.0839,23900000000.0,1080000000.0,11.43,-88.26
3.6e-05,1.7e-05,4e-13,5e-10,2e-10,0.0839,23900000000.0,1080000000.0,11.44,-88.64
3.6e-05,1.7e-05,6e-13,4e-10,1e-10,0.0839,26000000000.0,1240000000.0,10.98,-92.46
3.6e-05,1.7e-05,6e-13,4e-10,5e-11,0.0839,26000000000.0,1240000000.0,10.98,-93.44
3.6e-05,1.7e-05,6e-13,4e-10,1.5e-10,0.0839,26000000000.0,1240000000.0,10.98,-92.69
3.6e-05,1.7e-05,6e-13,4e-10,2.5e-10,0.0839,26000000000.0,1240000000.0,10.98,-92.71
3.6e-05,1.7e-05,6e-13,3e-10,1e-10,0.0839,29400000000.0,1530000000.0,10.34,-92.37
3.6e-05,1.7e-05,6e-13,3e-10,5e-11,0.0839,29400000000.0,1530000000.0,10.34,-92.43
3.6e-05,1.7e-05,6e-13,3e-10,2e-10,0.0839,29400000000.0,1530000000.0,10.34,-92.4
3.6e-05,1.7e-05,6e-13,3.5e-10,1e-10,0.0839,27500000000.0,1360000000.0,10.69,-94.72
3.6e-05,1.7e-05,6e-13,3.5e-10,1.5e-10,0.0839,27500000000.0,1360000000.0,10.69,-94.76
3.6e-05,1.7e-05,6e-13,3.5e-10,2e-10,0.0839,27500000000.0,1360000000.0,10.69,-94.55
3.6e-05,1.7e-05,6e-13,3.5e-10,2.5e-10,0.0839,27500000000.0,1360000000.0,10.69,-94.6
3.6e-05,1.7e-05,6e-13,4.5e-10,1e-10,0.0839,24800000000.0,1150000000.0,11.22,-90.18
3.6e-05,1.7e-05,6e-13,4.5e-10,5e-11,0.0839,24800000000.0,1160000000.0,11.22,-90.35
3.6e-05,1.7e-05,6e-13,4.5e-10,1.5e-10,0.0839,24800000000.0,1150000000.0,11.22,-89.77
3.6e-05,1.7e-05,6e-13,4.5e-10,2e-10,0.0839,24800000000.0,1150000000.0,11.22,-90.44
3.6e-05,1.7e-05,6e-13,4.5e-10,2.5e-10,0.0839,24800000000.0,1150000000.0,11.22,-90.08
3.6e-05,1.7e-05,6e-13,5e-10,1e-10,0.0839,23900000000.0,1080000000.0,11.44,-88.21
3.6e-05,1.7e-05,6e-13,5e-10,5e-11,0.0839,23900000000.0,1080000000.0,11.43,-88.51
3.6e-05,1.7e-05,6e-13,5e-10,2e-10,0.0839,23900000000.0,1080000000.0,11.44,-88.12
3.6e-05,1.7e-05,7e-13,4e-10,1e-10,0.0839,26000000000.0,1240000000.0,10.98,-92.43
3.6e-05,1.7e-05,7e-13,4e-10,5e-11,0.0839,26000000000.0,1240000000.0,10.98,-92.86
3.6e-05,1.7e-05,7e-13,4e-10,1.5e-10,0.0839,26000000000.0,1240000000.0,10.98,-92.58
3.6e-05,1.7e-05,7e-13,4e-10,2e-10,0.0839,26000000000.0,1240000000.0,10.97,-92.59
3.6e-05,1.7e-05,7e-13,4e-10,2.5e-10,0.0839,26000000000.0,1240000000.0,10.98,-92.22
3.6e-05,1.7e-05,7e-13,3e-10,1e-10,0.0839,29400000000.0,1530000000.0,10.33,-92.47
3.6e-05,1.7e-05,7e-13,3e-10,5e-11,0.0839,29400000000.0,1530000000.0,10.34,-91.63
3.6e-05,1.7e-05,7e-13,3e-10,1.5e-10,0.0839,29400000000.0,1530000000.0,10.33,-92.65
3.6e-05,1.7e-05,7e-13,3e-10,2e-10,0.0839,29400000000.0,1530000000.0,10.34,-83.21
3.6e-05,1.7e-05,7e-13,3e-10,2.5e-10,0.0839,29400000000.0,1530000000.0,10.34,-83.39
3.6e-05,1.7e-05,7e-13,3.5e-10,1e-10,0.0839,27500000000.0,1370000000.0,10.69,-94.8
3.6e-05,1.7e-05,7e-13,3.5e-10,2e-10,0.0839,27500000000.0,1360000000.0,10.69,-94.41
3.6e-05,1.7e-05,7e-13,3.5e-10,2.5e-10,0.0839,27500000000.0,1370000000.0,10.69,-94.78
3.6e-05,1.7e-05,7e-13,4.5e-10,1e-10,0.0839,24800000000.0,1150000000.0,11.22,-90.1
3.6e-05,1.7e-05,7e-13,4.5e-10,5e-11,0.0839,24800000000.0,1150000000.0,11.22,-90.2
3.6e-05,1.7e-05,7e-13,4.5e-10,1.5e-10,0.0839,24800000000.0,1160000000.0,11.22,-89.61
3.6e-05,1.7e-05,7e-13,4.5e-10,2e-10,0.0839,24800000000.0,1160000000.0,11.22,-90.04
3.6e-05,1.7e-05,7e-13,5e-10,1e-10,0.0839,23900000000.0,1080000000.0,11.43,-88.49
3.6e-05,1.7e-05,7e-13,5e-10,5e-11,0.0839,23900000000.0,1080000000.0,11.44,-89.15
3.6e-05,1.7e-05,7e-13,5e-10,1.5e-10,0.0839,23900000000.0,1080000000.0,11.43,-88.9
3.6e-05,1.7e-05,7e-13,5e-10,2e-10,0.0839,23900000000.0,1080000000.0,11.43,-88.63
3.6e-05,1.7e-05,7e-13,5e-10,2.5e-10,0.0839,23900000000.0,1080000000.0,11.43,-88.61
3.6e-05,1.8e-05,5e-13,4e-10,1e-10,0.0839,25900000000.0,1240000000.0,10.97,-92.25
3.6e-05,1.8e-05,5e-13,4e-10,5e-11,0.0839,25900000000.0,1240000000.0,10.97,-92.13
3.6e-05,1.8e-05,5e-13,4e-10,1.5e-10,0.0839,25900000000.0,1250000000.0,10.97,-91.57
3.6e-05,1.8e-05,5e-13,4e-10,2e-10,0.0839,25900000000.0,1240000000.0,10.97,-92.16
3.6e-05,1.8e-05,5e-13,4e-10,2.5e-10,0.0839,25900000000.0,1240000000.0,10.97,-92.7
3.6e-05,1.8e-05,5e-13,3e-10,1e-10,0.0839,29300000000.0,1530000000.0,10.32,-92.61
3.6e-05,1.8e-05,5e-13,3e-10,5e-11,0.0839,29300000000.0,1530000000.0,10.32,-92.97
3.6e-05,1.8e-05,5e-13,3e-10,1.5e-10,0.0839,29300000000.0,1530000000.0,10.32,-92.69
3.6e-05,1.8e-05,5e-13,3e-10,2e-10,0.0839,29300000000.0,1530000000.0,10.32,-92.76
3.6e-05,1.8e-05,5e-13,3e-10,2.5e-10,0.0839,29300000000.0,1530000000.0,10.32,-92.88
3.6e-05,1.8e-05,5e-13,3.5e-10,1e-10,0.0839,27400000000.0,1360000000.0,10.69,-94.6
3.6e-05,1.8e-05,5e-13,3.5e-10,5e-11,0.0839,27400000000.0,1360000000.0,10.69,-94.65
3.6e-05,1.8e-05,5e-13,3.5e-10,1.5e-10,0.0839,27400000000.0,1360000000.0,10.69,-94.7
3.6e-05,1.8e-05,5e-13,3.5e-10,2e-10,0.0839,27400000000.0,1370000000.0,10.69,-93.24
3.6e-05,1.8e-05,5e-13,3.5e-10,2.5e-10,0.0839,27400000000.0,1360000000.0,10.69,-94.72
3.6e-05,1.8e-05,5e-13,4.5e-10,1e-10,0.0839,24800000000.0,1160000000.0,11.22,-89.78
3.6e-05,1.8e-05,5e-13,4.5e-10,5e-11,0.0839,24800000000.0,1160000000.0,11.21,-90.27
3.6e-05,1.8e-05,5e-13,4.5e-10,2e-10,0.0839,24800000000.0,1160000000.0,11.22,-89.93
3.6e-05,1.8e-05,5e-13,4.5e-10,2.5e-10,0.0839,24800000000.0,1160000000.0,11.21,-90.03
3.6e-05,1.8e-05,5e-13,5e-10,1e-10,0.0839,23800000000.0,1090000000.0,11.44,-88.23
3.6e-05,1.8e-05,5e-13,5e-10,5e-11,0.0839,23800000000.0,1080000000.0,11.44,-88.6
3.6e-05,1.8e-05,5e-13,5e-10,1.5e-10,0.0839,23800000000.0,1090000000.0,11.44,-88.24
3.6e-05,1.8e-05,5e-13,5e-10,2.5e-10,0.0839,23800000000.0,1080000000.0,11.44,-88.93
3.6e-05,1.8e-05,3e-13,4e-10,1e-10,0.0839,25900000000.0,1250000000.0,10.97,-92.08
3.6e-05,1.8e-05,3e-13,4e-10,5e-11,0.0839,25900000000.0,1240000000.0,10.97,-92.53
3.6e-05,1.8e-05,3e-13,4e-10,1.5e-10,0.0839,25900000000.0,1250000000.0,10.97,-92.29
3.6e-05,1.8e-05,3e-13,4e-10,2e-10,0.0839,25900000000.0,1240000000.0,10.97,-92.3
3.6e-05,1.8e-05,3e-13,4e-10,2.5e-10,0.0839,25900000000.0,1240000000.0,10.97,-91.99
3.6e-05,1.8e-05,3e-13,3e-10,1e-10,0.0839,29300000000.0,1530000000.0,10.33,-93.04
3.6e-05,1.8e-05,3e-13,3e-10,5e-11,0.0839,29300000000.0,1530000000.0,10.33,-92.86
3.6e-05,1.8e-05,3e-13,3e-10,1.5e-10,0.0839,29300000000.0,1530000000.0,10.32,-93.07
3.6e-05,1.8e-05,3e-13,3e-10,2e-10,0.0839,29300000000.0,1530000000.0,10.32,-92.84
3.6e-05,1.8e-05,3e-13,3e-10,2.5e-10,0.0839,29300000000.0,1530000000.0,10.32,-92.89
3.6e-05,1.8e-05,3e-13,3.5e-10,1e-10,0.0839,27400000000.0,1370000000.0,10.69,-94.25
3.6e-05,1.8e-05,3e-13,3.5e-10,5e-11,0.0839,27400000000.0,1370000000.0,10.69,-94.5
3.6e-05,1.8e-05,3e-13,3.5e-10,1.5e-10,0.0839,27400000000.0,1370000000.0,10.69,-94.38
3.6e-05,1.8e-05,3e-13,3.5e-10,2e-10,0.0839,27400000000.0,1360000000.0,10.69,-94.71
3.6e-05,1.8e-05,3e-13,4.5e-10,1e-10,0.0839,24800000000.0,1150000000.0,11.22,-90.26
3.6e-05,1.8e-05,3e-13,4.5e-10,5e-11,0.0839,24800000000.0,1150000000.0,11.22,-90.31
3.6e-05,1.8e-05,3e-13,4.5e-10,1.5e-10,0.0839,24800000000.0,1160000000.0,11.22,-89.96
3.6e-05,1.8e-05,3e-13,4.5e-10,2e-10,0.0839,24800000000.0,1160000000.0,11.22,-89.83
3.6e-05,1.8e-05,3e-13,4.5e-10,2.5e-10,0.0839,24800000000.0,1160000000.0,11.22,-89.91
3.6e-05,1.8e-05,3e-13,5e-10,1e-10,0.0839,23800000000.0,1080000000.0,11.44,-88.24
3.6e-05,1.8e-05,3e-13,5e-10,5e-11,0.0839,23800000000.0,1090000000.0,11.43,-88.45
3.6e-05,1.8e-05,3e-13,5e-10,1.5e-10,0.0839,23800000000.0,1090000000.0,11.44,-88.6
3.6e-05,1.8e-05,3e-13,5e-10,2e-10,0.0839,23800000000.0,1080000000.0,11.43,-88.34
3.6e-05,1.8e-05,3e-13,5e-10,2.5e-10,0.0839,23800000000.0,1080000000.0,11.44,-88.91
3.6e-05,1.8e-05,4e-13,4e-10,1e-10,0.0839,25900000000.0,1240000000.0,10.97,-92.33
3.6e-05,1.8e-05,4e-13,4e-10,5e-11,0.0839,25900000000.0,1250000000.0,10.97,-92.22
3.6e-05,1.8e-05,4e-13,4e-10,1.5e-10,0.0839,25900000000.0,1250000000.0,10.97,-92.07
3.6e-05,1.8e-05,4e-13,4e-10,2e-10,0.0839,25900000000.0,1250000000.0,10.97,-92.65
3.6e-05,1.8e-05,4e-13,4e-10,2.5e-10,0.0839,25900000000.0,1250000000.0,10.97,-92.19
3.6e-05,1.8e-05,4e-13,3e-10,1e-10,0.0839,29300000000.0,1530000000.0,10.32,-92.94
3.6e-05,1.8e-05,4e-13,3e-10,5e-11,0.0839,29300000000.0,1530000000.0,10.32,-92.8
3.6e-05,1.8e-05,4e-13,3e-10,2.5e-10,0.0839,29300000000.0,1530000000.0,10.32,-92.56
3.6e-05,1.8e-05,4e-13,3.5e-10,1e-10,0.0839,27400000000.0,1360000000.0,10.69,-94.67
3.6e-05,1.8e-05,4e-13,3.5e-10,5e-11,0.0839,27400000000.0,1370000000.0,10.69,-94.69
3.6e-05,1.8e-05,4e-13,3.5e-10,1.5e-10,0.0839,27400000000.0,1360000000.0,10.69,-94.73
3.6e-05,1.8e-05,4e-13,3.5e-10,2e-10,0.0839,27400000000.0,1360000000.0,10.69,-94.56
3.6e-05,1.8e-05,4e-13,3.5e-10,2.5e-10,0.0839,27400000000.0,1360000000.0,10.69,-94.68
3.6e-05,1.8e-05,4e-13,4.5e-10,1e-10,0.0839,24800000000.0,1150000000.0,11.22,-89.88
3.6e-05,1.8e-05,4e-13,4.5e-10,5e-11,0.0839,24800000000.0,1150000000.0,11.22,-89.84
3.6e-05,1.8e-05,4e-13,4.5e-10,1.5e-10,0.0839,24800000000.0,1150000000.0,11.22,-89.86
3.6e-05,1.8e-05,4e-13,4.5e-10,2e-10,0.0839,24800000000.0,1150000000.0,11.22,-89.87
3.6e-05,1.8e-05,4e-13,5e-10,1e-10,0.0839,23800000000.0,1080000000.0,11.43,-88.33
3.6e-05,1.8e-05,4e-13,5e-10,5e-11,0.0839,23800000000.0,1080000000.0,11.43,-88.55
3.6e-05,1.8e-05,4e-13,5e-10,1.5e-10,0.0839,23800000000.0,1080000000.0,11.43,-88.58
3.6e-05,1.8e-05,4e-13,5e-10,2e-10,0.0839,23800000000.0,1080000000.0,11.43,-88.75
3.6e-05,1.8e-05,4e-13,5e-10,2.5e-10,0.0839,23800000000.0,1080000000.0,11.44,-88.09
3.6e-05,1.8e-05,6e-13,4e-10,1e-10,0.0839,25900000000.0,1240000000.0,10.97,-92.65
3.6e-05,1.8e-05,6e-13,4e-10,5e-11,0.0839,25900000000.0,1250000000.0,10.97,-91.78
3.6e-05,1.8e-05,6e-13,4e-10,1.5e-10,0.0839,25900000000.0,1240000000.0,10.97,-92.2
3.6e-05,1.8e-05,6e-13,4e-10,2e-10,0.0839,25900000000.0,1240000000.0,10.97,-92.24
3.6e-05,1.8e-05,6e-13,4e-10,2.5e-10,0.0839,25900000000.0,1250000000.0,10.97,-91.58
3.6e-05,1.8e-05,6e-13,3e-10,1e-10,0.0839,29300000000.0,1530000000.0,10.32,-92.67
3.6e-05,1.8e-05,6e-13,3e-10,5e-11,0.0839,29300000000.0,1530000000.0,10.32,-92.9
3.6e-05,1.8e-05,6e-13,3e-10,2e-10,0.0839,29300000000.0,1530000000.0,10.32,-92.82
3.6e-05,1.8e-05,6e-13,3e-10,2.5e-10,0.0839,29300000000.0,1530000000.0,10.32,-92.7
3.6e-05,1.8e-05,6e-13,3.5e-10,5e-11,0.0839,27400000000.0,1360000000.0,10.69,-94.43
3.6e-05,1.8e-05,6e-13,3.5e-10,1.5e-10,0.0839,27400000000.0,1370000000.0,10.69,-94.73
3.6e-05,1.8e-05,6e-13,3.5e-10,2e-10,0.0839,27400000000.0,1360000000.0,10.69,-94.66
3.6e-05,1.8e-05,6e-13,3.5e-10,2.5e-10,0.0839,27400000000.0,1360000000.0,10.69,-94.47
3.6e-05,1.8e-05,6e-13,4.5e-10,1e-10,0.0839,24800000000.0,1160000000.0,11.22,-89.87
3.6e-05,1.8e-05,6e-13,4.5e-10,5e-11,0.0839,24800000000.0,1150000000.0,11.22,-89.93
3.6e-05,1.8e-05,6e-13,4.5e-10,2e-10,0.0839,24800000000.0,1160000000.0,11.21,-89.78
3.6e-05,1.8e-05,6e-13,4.5e-10,2.5e-10,0.0839,24800000000.0,1150000000.0,11.22,-89.91
3.6e-05,1.8e-05,6e-13,5e-10,1e-10,0.0839,23800000000.0,1080000000.0,11.44,-88.43
3.6e-05,1.8e-05,6e-13,5e-10,5e-11,0.0839,23800000000.0,1080000000.0,11.43,-88.77
3.6e-05,1.8e-05,6e-13,5e-10,1.5e-10,0.0839,23800000000.0,1080000000.0,11.43,-88.52
3.6e-05,1.8e-05,6e-13,5e-10,2e-10,0.0839,23800000000.0,1090000000.0,11.44,-88.03
3.6e-05,1.8e-05,6e-13,5e-10,2.5e-10,0.0839,23800000000.0,1080000000.0,11.43,-88.81
3.6e-05,1.8e-05,7e-13,4e-10,1e-10,0.0839,25900000000.0,1240000000.0,10.97,-92.47
3.6e-05,1.8e-05,7e-13,4e-10,5e-11,0.0839,25900000000.0,1240000000.0,10.97,-91.67
3.6e-05,1.8e-05,7e-13,4e-10,1.5e-10,0.0839,25900000000.0,1250000000.0,10.97,-91.95
3.6e-05,1.8e-05,7e-13,4e-10,2e-10,0.0839,25900000000.0,1240000000.0,10.97,-92.11
3.6e-05,1.8e-05,7e-13,4e-10,2.5e-10,0.0839,25900000000.0,1240000000.0,10.97,-91.84
3.6e-05,1.8e-05,7e-13,3e-10,5e-11,0.0839,29300000000.0,1530000000.0,10.32,-92.78
3.6e-05,1.8e-05,7e-13,3e-10,1.5e-10,0.0839,29300000000.0,1530000000.0,10.32,-92.68
3.6e-05,1.8e-05,7e-13,3e-10,2.5e-10,0.0839,29300000000.0,1530000000.0,10.32,-92.6
3.6e-05,1.8e-05,7e-13,3.5e-10,1e-10,0.0839,27400000000.0,1360000000.0,10.69,-94.69
3.6e-05,1.8e-05,7e-13,3.5e-10,5e-11,0.0839,27400000000.0,1370000000.0,10.69,-94.65
3.6e-05,1.8e-05,7e-13,3.5e-10,1.5e-10,0.0839,27400000000.0,1370000000.0,10.68,-94.52
3.6e-05,1.8e-05,7e-13,3.5e-10,2.5e-10,0.0839,27400000000.0,1370000000.0,10.69,-94.68
3.6e-05,1.8e-05,7e-13,4.5e-10,1e-10,0.0839,24700000000.0,1150000000.0,11.22,-89.68
3.6e-05,1.8e-05,7e-13,4.5e-10,5e-11,0.0839,24800000000.0,1160000000.0,11.21,-90.07
3.6e-05,1.8e-05,7e-13,4.5e-10,1.5e-10,0.0839,24700000000.0,1150000000.0,11.22,-89.94
3.6e-05,1.8e-05,7e-13,4.5e-10,2e-10,0.0839,24700000000.0,1150000000.0,11.21,-90.03
3.6e-05,1.8e-05,7e-13,4.5e-10,2.5e-10,0.0839,24700000000.0,1160000000.0,11.21,-87.27
3.6e-05,1.8e-05,7e-13,5e-10,1e-10,0.0839,23800000000.0,1090000000.0,11.44,-88.58
3.6e-05,1.8e-05,7e-13,5e-10,5e-11,0.0839,23800000000.0,1080000000.0,11.44,-88.7
3.6e-05,1.8e-05,7e-13,5e-10,1.5e-10,0.0839,23800000000.0,1090000000.0,11.43,-88.21
3.6e-05,1.8e-05,7e-13,5e-10,2e-10,0.0839,23800000000.0,1080000000.0,11.43,-88.79
3.6e-05,1.8e-05,7e-13,5e-10,2.5e-10,0.0839,23800000000.0,1080000000.0,11.44,-88.3
3.6e-05,1.9e-05,5e-13,4e-10,1e-10,0.0839,25800000000.0,1240000000.0,10.96,-92.33
3.6e-05,1.9e-05,5e-13,4e-10,5e-11,0.0839,25800000000.0,1240000000.0,10.96,-92.04
3.6e-05,1.9e-05,5e-13,4e-10,1.5e-10,0.0839,25800000000.0,1240000000.0,10.96,-92.1
3.6e-05,1.9e-05,5e-13,4e-10,2e-10,0.0839,25800000000.0,1240000000.0,10.96,-92.11
3.6e-05,1.9e-05,5e-13,4e-10,2.5e-10,0.0839,25800000000.0,1240000000.0,10.96,-91.35
3.6e-05,1.9e-05,5e-13,3e-10,1e-10,0.0839,29200000000.0,1520000000.0,10.31,-93.01
3.6e-05,1.9e-05,5e-13,3e-10,5e-11,0.0839,29200000000.0,1530000000.0,10.31,-93.14
3.6e-05,1.9e-05,5e-13,3e-10,1.5e-10,0.0839,29200000000.0,1520000000.0,10.31,-93.07
3.6e-05,1.9e-05,5e-13,3e-10,2e-10,0.0839,29200000000.0,1520000000.0,10.31,-93.18
3.6e-05,1.9e-05,5e-13,3e-10,2.5e-10,0.0839,29200000000.0,1520000000.0,10.31,-93.05
3.6e-05,1.9e-05,5e-13,3.5e-10,1e-10,0.0839,27300000000.0,1360000000.0,10.68,-94.58
3.6e-05,1.9e-05,5e-13,3.5e-10,5e-11,0.0839,27300000000.0,1360000000.0,10.67,-94.46
3.6e-05,1.9e-05,5e-13,3.5e-10,1.5e-10,0.0839,27300000000.0,1360000000.0,10.68,-94.69
3.6e-05,1.9e-05,5e-13,3.5e-10,2e-10,0.0839,27300000000.0,1360000000.0,10.67,-94.51
3.6e-05,1.9e-05,5e-13,3.5e-10,2.5e-10,0.0839,27300000000.0,1360000000.0,10.67,-94.6
3.6e-05,1.9e-05,5e-13,4.5e-10,1e-10,0.0839,24700000000.0,1160000000.0,11.21,-89.5
3.6e-05,1.9e-05,5e-13,4.5e-10,5e-11,0.0839,24700000000.0,1150000000.0,11.21,-89.77
3.6e-05,1.9e-05,5e-13,4.5e-10,1.5e-10,0.0839,24700000000.0,1160000000.0,11.21,-89.49
3.6e-05,1.9e-05,5e-13,4.5e-10,2e-10,0.0839,24700000000.0,1150000000.0,11.21,-89.86
3.6e-05,1.9e-05,5e-13,4.5e-10,2.5e-10,0.0839,24700000000.0,1150000000.0,11.21,-89.55
3.6e-05,1.9e-05,5e-13,5e-10,1e-10,0.0839,23700000000.0,1080000000.0,11.43,-88.42
3.6e-05,1.9e-05,5e-13,5e-10,5e-11,0.0839,23700000000.0,1080000000.0,11.43,-88.33
3.6e-05,1.9e-05,5e-13,5e-10,1.5e-10,0.0839,23700000000.0,1080000000.0,11.43,-88.04
3.6e-05,1.9e-05,5e-13,5e-10,2e-10,0.0839,23700000000.0,1080000000.0,11.43,-88.12
3.6e-05,1.9e-05,5e-13,5e-10,2.5e-10,0.0839,23700000000.0,1080000000.0,11.43,-87.77
3.6e-05,1.9e-05,3e-13,4e-10,1e-10,0.0839,25800000000.0,1240000000.0,10.96,-91.89
3.6e-05,1.9e-05,3e-13,4e-10,5e-11,0.0839,25800000000.0,1250000000.0,10.96,-91.49
3.6e-05,1.9e-05,3e-13,4e-10,2e-10,0.0839,25800000000.0,1240000000.0,10.96,-91.77
3.6e-05,1.9e-05,3e-13,4e-10,2.5e-10,0.0839,25800000000.0,1240000000.0,10.96,-92.28
3.6e-05,1.9e-05,3e-13,3e-10,1e-10,0.0839,29200000000.0,1530000000.0,10.31,-93.1
3.6e-05,1.9e-05,3e-13,3e-10,5e-11,0.0839,29200000000.0,1530000000.0,10.31,-93.04
3.6e-05,1.9e-05,3e-13,3e-10,1.5e-10,0.0839,29200000000.0,1530000000.0,10.31,-93.17
3.6e-05,1.9e-05,3e-13,3e-10,2e-10,0.0839,29200000000.0,1530000000.0,10.31,-92.96
3.6e-05,1.9e-05,3e-13,3e-10,2.5e-10,0.0839,29200000000.0,1530000000.0,10.31,-93.15
3.6e-05,1.9e-05,3e-13,3.5e-10,1e-10,0.0839,27300000000.0,1360000000.0,10.68,-94.41
3.6e-05,1.9e-05,3e-13,3.5e-10,5e-11,0.0839,27300000000.0,1360000000.0,10.68,-94.63
3.6e-05,1.9e-05,3e-13,3.5e-10,1.5e-10,0.0839,27300000000.0,1360000000.0,10.67,-94.62
3.6e-05,1.9e-05,3e-13,3.5e-10,2e-10,0.0839,27300000000.0,1360000000.0,10.68,-94.56
3.6e-05,1.9e-05,3e-13,3.5e-10,2.5e-10,0.0839,27300000000.0,1360000000.0,10.68,-94.57
3.6e-05,1.9e-05,3e-13,4.5e-10,1e-10,0.0839,24700000000.0,1150000000.0,11.21,-89.69
3.6e-05,1.9e-05,3e-13,4.5e-10,5e-11,0.0839,24700000000.0,1150000000.0,11.21,-89.71
3.6e-05,1.9e-05,3e-13,4.5e-10,1.5e-10,0.0839,24700000000.0,1150000000.0,11.21,-89.84
3.6e-05,1.9e-05,3e-13,4.5e-10,2e-10,0.0839,24700000000.0,1150000000.0,11.21,-89.8
3.6e-05,1.9e-05,3e-13,4.5e-10,2.5e-10,0.0839,24700000000.0,1150000000.0,11.21,-89.01
3.6e-05,1.9e-05,3e-13,5e-10,1e-10,0.0839,23700000000.0,1080000000.0,11.43,-88.3
3.6e-05,1.9e-05,3e-13,5e-10,5e-11,0.0839,23700000000.0,1080000000.0,11.43,-88.39
3.6e-05,1.9e-05,3e-13,5e-10,1.5e-10,0.0839,23700000000.0,1080000000.0,11.43,-88.34
3.6e-05,1.9e-05,3e-13,5e-10,2.5e-10,0.0839,23700000000.0,1080000000.0,11.43,-88.27
3.6e-05,1.9e-05,4e-13,4e-10,1e-10,0.0839,25800000000.0,1250000000.0,10.96,-92.07
3.6e-05,1.9e-05,4e-13,4e-10,5e-11,0.0839,25800000000.0,1250000000.0,10.96,-91.35
3.6e-05,1.9e-05,4e-13,4e-10,1.5e-10,0.0839,25800000000.0,1240000000.0,10.96,-91.9
3.6e-05,1.9e-05,4e-13,4e-10,2e-10,0.0839,25800000000.0,1240000000.0,10.96,-93.05
3.6e-05,1.9e-05,4e-13,4e-10,2.5e-10,0.0839,25800000000.0,1240000000.0,10.96,-91.84
3.6e-05,1.9e-05,4e-13,3e-10,1e-10,0.0839,29200000000.0,1520000000.0,10.31,-93.0
3.6e-05,1.9e-05,4e-13,3e-10,5e-11,0.0839,29200000000.0,1530000000.0,10.31,-93.34
3.6e-05,1.9e-05,4e-13,3e-10,1.5e-10,0.0839,29200000000.0,1520000000.0,10.31,-93.13
3.6e-05,1.9e-05,4e-13,3e-10,2e-10,0.0839,29200000000.0,1520000000.0,10.31,-93.16
3.6e-05,1.9e-05,4e-13,3e-10,2.5e-10,0.0839,29200000000.0,1530000000.0,10.31,-93.16
3.6e-05,1.9e-05,4e-13,3.5e-10,1e-10,0.0839,27300000000.0,1360000000.0,10.67,-94.48
3.6e-05,1.9e-05,4e-13,3.5e-10,5e-11,0.0839,27300000000.0,1360000000.0,10.67,-94.5
3.6e-05,1.9e-05,4e-13,3.5e-10,1.5e-10,0.0839,27300000000.0,1360000000.0,10.67,-94.34
3.6e-05,1.9e-05,4e-13,4.5e-10,1e-10,0.0839,24700000000.0,1160000000.0,11.21,-89.85
3.6e-05,1.9e-05,4e-13,4.5e-10,5e-11,0.0839,24700000000.0,1150000000.0,11.21,-89.3
3.6e-05,1.9e-05,4e-13,4.5e-10,1.5e-10,0.0839,24700000000.0,1160000000.0,11.21,-89.38
3.6e-05,1.9e-05,4e-13,4.5e-10,2.5e-10,0.0839,24700000000.0,1150000000.0,11.21,-90.01
3.6e-05,1.9e-05,4e-13,5e-10,1e-10,0.0839,23700000000.0,1090000000.0,11.43,-88.39
3.6e-05,1.9e-05,4e-13,5e-10,5e-11,0.0839,23700000000.0,1080000000.0,11.43,-88.53
3.6e-05,1.9e-05,4e-13,5e-10,1.5e-10,0.0839,23700000000.0,1080000000.0,11.43,-88.52
3.6e-05,1.9e-05,4e-13,5e-10,2.5e-10,0.0839,23700000000.0,1080000000.0,11.43,-88.47
3.6e-05,1.9e-05,6e-13,4e-10,1e-10,0.0839,25800000000.0,1240000000.0,10.96,-92.31
3.6e-05,1.9e-05,6e-13,4e-10,5e-11,0.0839,25800000000.0,1240000000.0,10.96,-92.13
3.6e-05,1.9e-05,6e-13,4e-10,1.5e-10,0.0839,25800000000.0,1240000000.0,10.96,-91.96
3.6e-05,1.9e-05,6e-13,4e-10,2e-10,0.0839,25800000000.0,1240000000.0,10.96,-91.36
3.6e-05,1.9e-05,6e-13,4e-10,2.5e-10,0.0839,25800000000.0,1240000000.0,10.96,-92.01
3.6e-05,1.9e-05,6e-13,3e-10,5e-11,0.0839,29200000000.0,1520000000.0,10.31,-90.01
3.6e-05,1.9e-05,6e-13,3e-10,1.5e-10,0.0839,29200000000.0,1520000000.0,10.31,-92.95
3.6e-05,1.9e-05,6e-13,3e-10,2e-10,0.0839,29200000000.0,1530000000.0,10.31,-93.07
3.6e-05,1.9e-05,6e-13,3e-10,2.5e-10,0.0839,29200000000.0,1520000000.0,10.31,-93.04
3.6e-05,1.9e-05,6e-13,3.5e-10,1e-10,0.0839,27300000000.0,1360000000.0,10.67,-94.55
3.6e-05,1.9e-05,6e-13,3.5e-10,5e-11,0.0839,27300000000.0,1360000000.0,10.67,-94.41
3.6e-05,1.9e-05,6e-13,3.5e-10,1.5e-10,0.0839,27300000000.0,1360000000.0,10.67,-94.58
3.6e-05,1.9e-05,6e-13,3.5e-10,2e-10,0.0839,27300000000.0,1360000000.0,10.67,-94.45
3.6e-05,1.9e-05,6e-13,3.5e-10,2.5e-10,0.0839,27300000000.0,1360000000.0,10.67,-94.57
3.6e-05,1.9e-05,6e-13,4.5e-10,1e-10,0.0839,24700000000.0,1150000000.0,11.21,-89.6
3.6e-05,1.9e-05,6e-13,4.5e-10,5e-11,0.0839,24700000000.0,1150000000.0,11.21,-89.47
3.6e-05,1.9e-05,6e-13,4.5e-10,1.5e-10,0.0839,24700000000.0,1160000000.0,11.21,-89.7
3.6e-05,1.9e-05,6e-13,4.5e-10,2e-10,0.0839,24700000000.0,1150000000.0,11.21,-89.99
3.6e-05,1.9e-05,6e-13,4.5e-10,2.5e-10,0.0839,24700000000.0,1150000000.0,11.21,-90.06
3.6e-05,1.9e-05,6e-13,5e-10,1e-10,0.0839,23700000000.0,1080000000.0,11.43,-88.08
3.6e-05,1.9e-05,6e-13,5e-10,1.5e-10,0.0839,23700000000.0,1080000000.0,11.43,-88.41
3.6e-05,1.9e-05,6e-13,5e-10,2e-10,0.0839,23700000000.0,1080000000.0,11.43,-88.38
3.6e-05,1.9e-05,6e-13,5e-10,2.5e-10,0.0839,23700000000.0,1080000000.0,11.43,-88.46
3.6e-05,1.9e-05,7e-13,4e-10,1e-10,0.0839,25800000000.0,1240000000.0,10.96,-91.71
3.6e-05,1.9e-05,7e-13,4e-10,5e-11,0.0839,25800000000.0,1240000000.0,10.96,-92.12
3.6e-05,1.9e-05,7e-13,4e-10,1.5e-10,0.0839,25800000000.0,1240000000.0,10.96,-91.94
3.6e-05,1.9e-05,7e-13,4e-10,2.5e-10,0.0839,25800000000.0,1240000000.0,10.96,-92.0
3.6e-05,1.9e-05,7e-13,3e-10,1e-10,0.0839,29200000000.0,1520000000.0,10.31,-93.29
3.6e-05,1.9e-05,7e-13,3e-10,5e-11,0.0839,29200000000.0,1520000000.0,10.31,-92.99
3.6e-05,1.9e-05,7e-13,3e-10,2e-10,0.0839,29200000000.0,1530000000.0,10.31,-93.13
3.6e-05,1.9e-05,7e-13,3e-10,2.5e-10,0.0839,29200000000.0,1520000000.0,10.31,-92.97
3.6e-05,1.9e-05,7e-13,3.5e-10,1e-10,0.0839,27300000000.0,1360000000.0,10.67,-94.47
3.6e-05,1.9e-05,7e-13,3.5e-10,2e-10,0.0839,27300000000.0,1360000000.0,10.67,-94.59
3.6e-05,1.9e-05,7e-13,3.5e-10,2.5e-10,0.0839,27300000000.0,1360000000.0,10.67,-94.42
3.6e-05,1.9e-05,7e-13,4.5e-10,5e-11,0.0839,24700000000.0,1150000000.0,11.21,-89.95
3.6e-05,1.9e-05,7e-13,4.5e-10,2e-10,0.0839,24700000000.0,1150000000.0,11.21,-89.93
3.6e-05,1.9e-05,7e-13,4.5e-10,2.5e-10,0.0839,24700000000.0,1160000000.0,11.21,-89.69
3.6e-05,1.9e-05,7e-13,5e-10,1e-10,0.0839,23700000000.0,1090000000.0,11.43,-88.26
3.6e-05,1.9e-05,7e-13,5e-10,5e-11,0.0839,23700000000.0,1080000000.0,11.43,-88.05
3.6e-05,1.9e-05,7e-13,5e-10,2e-10,0.0839,23700000000.0,1080000000.0,11.43,-87.8
3.6e-05,2e-05,5e-13,4e-10,1e-10,0.0839,25800000000.0,1230000000.0,10.95,-91.78
3.6e-05,2e-05,5e-13,4e-10,5e-11,0.0839,25800000000.0,1230000000.0,10.95,-91.92
3.6e-05,2e-05,5e-13,4e-10,1.5e-10,0.0839,25800000000.0,1230000000.0,10.95,-91.63
3.6e-05,2e-05,5e-13,4e-10,2e-10,0.0839,25800000000.0,1230000000.0,10.95,-91.15
3.6e-05,2e-05,5e-13,4e-10,2.5e-10,0.0839,25800000000.0,1230000000.0,10.95,-92.04
3.6e-05,2e-05,5e-13,3e-10,1e-10,0.0839,29100000000.0,1510000000.0,10.29,-93.33
3.6e-05,2e-05,5e-13,3e-10,5e-11,0.0839,29100000000.0,1510000000.0,10.29,-93.56
3.6e-05,2e-05,5e-13,3e-10,1.5e-10,0.0839,29100000000.0,1510000000.0,10.29,-93.26
3.6e-05,2e-05,5e-13,3e-10,2e-10,0.0839,29100000000.0,1510000000.0,10.29,-93.27
3.6e-05,2e-05,5e-13,3e-10,2.5e-10,0.0839,29100000000.0,1510000000.0,10.29,-93.35
3.6e-05,2e-05,5e-13,3.5e-10,1e-10,0.0839,27200000000.0,1350000000.0,10.66,-94.34
3.6e-05,2e-05,5e-13,3.5e-10,5e-11,0.0839,27200000000.0,1340000000.0,10.66,-94.21
3.6e-05,2e-05,5e-13,3.5e-10,1.5e-10,0.0839,27200000000.0,1340000000.0,10.66,-94.7
3.6e-05,2e-05,5e-13,3.5e-10,2e-10,0.0839,27200000000.0,1340000000.0,10.66,-94.23
3.6e-05,2e-05,5e-13,3.5e-10,2.5e-10,0.0839,27200000000.0,1350000000.0,10.66,-94.39
3.6e-05,2e-05,5e-13,4.5e-10,1e-10,0.0839,24600000000.0,1140000000.0,11.2,-89.68
3.6e-05,2e-05,5e-13,4.5e-10,5e-11,0.0839,24600000000.0,1140000000.0,11.2,-89.61
3.6e-05,2e-05,5e-13,4.5e-10,1.5e-10,0.0839,24600000000.0,1150000000.0,11.2,-89.93
3.6e-05,2e-05,5e-13,4.5e-10,2e-10,0.0839,24600000000.0,1150000000.0,11.2,-89.67
3.6e-05,2e-05,5e-13,5e-10,1e-10,0.0839,23600000000.0,1070000000.0,11.43,-88.3
3.6e-05,2e-05,5e-13,5e-10,5e-11,0.0839,23600000000.0,1070000000.0,11.43,-88.43
3.6e-05,2e-05,5e-13,5e-10,1.5e-10,0.0839,23600000000.0,1080000000.0,11.43,-88.11
3.6e-05,2e-05,5e-13,5e-10,2e-10,0.0839,23600000000.0,1070000000.0,11.43,-88.11
3.6e-05,2e-05,5e-13,5e-10,2.5e-10,0.0839,23600000000.0,1080000000.0,11.43,-87.81
3.6e-05,2e-05,3e-13,4e-10,1e-10,0.0839,25800000000.0,1240000000.0,10.95,-92.09
3.6e-05,2e-05,3e-13,4e-10,5e-11,0.0839,25800000000.0,1240000000.0,10.95,-91.77
3.6e-05,2e-05,3e-13,4e-10,1.5e-10,0.0839,25800000000.0,1230000000.0,10.95,-92.1
3.6e-05,2e-05,3e-13,4e-10,2e-10,0.0839,25800000000.0,1240000000.0,10.95,-91.54
3.6e-05,2e-05,3e-13,4e-10,2.5e-10,0.0839,25800000000.0,1230000000.0,10.95,-91.86
3.6e-05,2e-05,3e-13,3e-10,1e-10,0.0839,29100000000.0,1510000000.0,10.29,-93.21
3.6e-05,2e-05,3e-13,3e-10,5e-11,0.0839,29200000000.0,1510000000.0,10.29,-93.56
3.6e-05,2e-05,3e-13,3e-10,1.5e-10,0.0839,29100000000.0,1510000000.0,10.29,-93.57
3.6e-05,2e-05,3e-13,3e-10,2e-10,0.0839,29100000000.0,1510000000.0,10.29,-93.34
3.6e-05,2e-05,3e-13,3e-10,2.5e-10,0.0839,29100000000.0,1510000000.0,10.29,-93.4
3.6e-05,2e-05,3e-13,3.5e-10,1e-10,0.0839,27200000000.0,1350000000.0,10.66,-94.29
3.6e-05,2e-05,3e-13,3.5e-10,5e-11,0.0839,27200000000.0,1350000000.0,10.66,-94.38
3.6e-05,2e-05,3e-13,3.5e-10,1.5e-10,0.0839,27200000000.0,1340000000.0,10.66,-94.31
3.6e-05,2e-05,3e-13,3.5e-10,2e-10,0.0839,27200000000.0,1350000000.0,10.66,-94.14
3.6e-05,2e-05,3e-13,3.5e-10,2.5e-10,0.0839,27200000000.0,1350000000.0,10.66,-94.1
3.6e-05,2e-05,3e-13,4.5e-10,1e-10,0.0839,24600000000.0,1140000000.0,11.2,-89.57
3.6e-05,2e-05,3e-13,4.5e-10,5e-11,0.0839,24600000000.0,1150000000.0,11.2,-89.76
3.6e-05,2e-05,3e-13,4.5e-10,1.5e-10,0.0839,24600000000.0,1150000000.0,11.2,-89.35
3.6e-05,2e-05,3e-13,4.5e-10,2e-10,0.0839,24600000000.0,1150000000.0,11.2,-88.16
3.6e-05,2e-05,3e-13,4.5e-10,2.5e-10,0.0839,24600000000.0,1140000000.0,11.2,-89.53
3.6e-05,2e-05,3e-13,5e-10,1e-10,0.0839,23600000000.0,1080000000.0,11.43,-87.98
3.6e-05,2e-05,3e-13,5e-10,5e-11,0.0839,23600000000.0,1080000000.0,11.43,-88.57
3.6e-05,2e-05,3e-13,5e-10,1.5e-10,0.0839,23600000000.0,1080000000.0,11.43,-88.28
3.6e-05,2e-05,3e-13,5e-10,2.5e-10,0.0839,23600000000.0,1080000000.0,11.43,-88.01
3.6e-05,2e-05,4e-13,4e-10,1e-10,0.0839,25800000000.0,1230000000.0,10.95,-91.4
3.6e-05,2e-05,4e-13,4e-10,5e-11,0.0839,25800000000.0,1230000000.0,10.95,-91.96
3.6e-05,2e-05,4e-13,4e-10,1.5e-10,0.0839,25800000000.0,1230000000.0,10.95,-91.82
3.6e-05,2e-05,4e-13,4e-10,2e-10,0.0839,25800000000.0,1230000000.0,10.95,-91.76
3.6e-05,2e-05,4e-13,4e-10,2.5e-10,0.0839,25800000000.0,1240000000.0,10.95,-91.7
3.6e-05,2e-05,4e-13,3e-10,5e-11,0.0839,29100000000.0,1510000000.0,10.29,-93.38
3.6e-05,2e-05,4e-13,3e-10,1.5e-10,0.0839,29100000000.0,1510000000.0,10.29,-93.36
3.6e-05,2e-05,4e-13,3e-10,2e-10,0.0839,29100000000.0,1510000000.0,10.29,-93.32
3.6e-05,2e-05,4e-13,3.5e-10,1e-10,0.0839,27200000000.0,1350000000.0,10.66,-94.35
3.6e-05,2e-05,4e-13,3.5e-10,5e-11,0.0839,27200000000.0,1350000000.0,10.66,-94.21
3.6e-05,2e-05,4e-13,3.5e-10,1.5e-10,0.0839,27200000000.0,1350000000.0,10.66,-94.28
3.6e-05,2e-05,4e-13,3.5e-10,2e-10,0.0839,27200000000.0,1350000000.0,10.66,-94.03
3.6e-05,2e-05,4e-13,3.5e-10,2.5e-10,0.0839,27200000000.0,1340000000.0,10.66,-94.37
3.6e-05,2e-05,4e-13,4.5e-10,1e-10,0.0839,24600000000.0,1140000000.0,11.2,-89.85
3.6e-05,2e-05,4e-13,4.5e-10,5e-11,0.0839,24600000000.0,1150000000.0,11.2,-89.91
3.6e-05,2e-05,4e-13,4.5e-10,1.5e-10,0.0839,24600000000.0,1140000000.0,11.2,-90.08
3.6e-05,2e-05,4e-13,4.5e-10,2e-10,0.0839,24600000000.0,1140000000.0,11.2,-89.66
3.6e-05,2e-05,4e-13,5e-10,1e-10,0.0839,23600000000.0,1080000000.0,11.43,-87.87
3.6e-05,2e-05,4e-13,5e-10,5e-11,0.0839,23600000000.0,1080000000.0,11.43,-88.22
3.6e-05,2e-05,4e-13,5e-10,1.5e-10,0.0839,23600000000.0,1080000000.0,11.43,-87.93
3.6e-05,2e-05,4e-13,5e-10,2e-10,0.0839,23600000000.0,1080000000.0,11.43,-88.35
3.6e-05,2e-05,4e-13,5e-10,2.5e-10,0.0839,23600000000.0,1070000000.0,11.43,-87.89
3.6e-05,2e-05,6e-13,4e-10,1e-10,0.0839,25800000000.0,1230000000.0,10.95,-91.89
3.6e-05,2e-05,6e-13,4e-10,5e-11,0.0839,25800000000.0,1240000000.0,10.95,-92.02
3.6e-05,2e-05,6e-13,4e-10,1.5e-10,0.0839,25800000000.0,1240000000.0,10.95,-91.64
3.6e-05,2e-05,6e-13,4e-10,2e-10,0.0839,25800000000.0,1230000000.0,10.95,-91.13
3.6e-05,2e-05,6e-13,4e-10,2.5e-10,0.0839,25800000000.0,1240000000.0,10.95,-91.69
3.6e-05,2e-05,6e-13,3e-10,1e-10,0.0839,29100000000.0,1510000000.0,10.29,-93.16
3.6e-05,2e-05,6e-13,3e-10,5e-11,0.0839,29100000000.0,1510000000.0,10.29,-93.44
3.6e-05,2e-05,6e-13,3e-10,1.5e-10,0.0839,29100000000.0,1510000000.0,10.29,-93.23
3.6e-05,2e-05,6e-13,3e-10,2e-10,0.0839,29100000000.0,1510000000.0,10.29,-93.3
3.6e-05,2e-05,6e-13,3e-10,2.5e-10,0.0839,29100000000.0,1510000000.0,10.29,-93.47
3.6e-05,2e-05,6e-13,3.5e-10,1e-10,0.0839,27200000000.0,1340000000.0,10.66,-94.41
3.6e-05,2e-05,6e-13,3.5e-10,5e-11,0.0839,27200000000.0,1350000000.0,10.66,-94.22
3.6e-05,2e-05,6e-13,3.5e-10,1.5e-10,0.0839,27200000000.0,1350000000.0,10.66,-94.51
3.6e-05,2e-05,6e-13,3.5e-10,2.5e-10,0.0839,27200000000.0,1350000000.0,10.66,-94.52
3.6e-05,2e-05,6e-13,4.5e-10,1e-10,0.0839,24600000000.0,1150000000.0,11.2,-89.83
3.6e-05,2e-05,6e-13,4.5e-10,5e-11,0.0839,24600000000.0,1140000000.0,11.2,-89.33
3.6e-05,2e-05,6e-13,4.5e-10,1.5e-10,0.0839,24600000000.0,1140000000.0,11.2,-89.46
3.6e-05,2e-05,6e-13,4.5e-10,2e-10,0.0839,24600000000.0,1150000000.0,11.2,-89.21
3.6e-05,2e-05,6e-13,4.5e-10,2.5e-10,0.0839,24600000000.0,1150000000.0,11.2,-90.52
3.6e-05,2e-05,6e-13,5e-10,1e-10,0.0839,23600000000.0,1070000000.0,11.43,-88.29
3.6e-05,2e-05,6e-13,5e-10,5e-11,0.0839,23600000000.0,1080000000.0,11.43,-87.95
3.6e-05,2e-05,6e-13,5e-10,1.5e-10,0.0839,23600000000.0,1070000000.0,11.43,-87.93
3.6e-05,2e-05,6e-13,5e-10,2e-10,0.0839,23600000000.0,1070000000.0,11.43,-88.19
3.6e-05,2e-05,6e-13,5e-10,2.5e-10,0.0839,23600000000.0,1070000000.0,11.43,-87.96
3.6e-05,2e-05,7e-13,4e-10,5e-11,0.0839,25800000000.0,1230000000.0,10.95,-91.45
3.6e-05,2e-05,7e-13,4e-10,2e-10,0.0839,25800000000.0,1230000000.0,10.95,-92.18
3.6e-05,2e-05,7e-13,4e-10,2.5e-10,0.0839,25800000000.0,1230000000.0,10.95,-91.95
3.6e-05,2e-05,7e-13,3e-10,1.5e-10,0.0839,29100000000.0,1510000000.0,10.29,-93.39
3.6e-05,2e-05,7e-13,3e-10,2e-10,0.0839,29100000000.0,1510000000.0,10.29,-93.31
3.6e-05,2e-05,7e-13,3.5e-10,1e-10,0.0839,27200000000.0,1350000000.0,10.66,-94.3
3.6e-05,2e-05,7e-13,3.5e-10,2.5e-10,0.0839,27200000000.0,1350000000.0,10.66,-94.19
3.6e-05,2e-05,7e-13,4.5e-10,1e-10,0.0839,24600000000.0,1140000000.0,11.2,-89.69
3.6e-05,2e-05,7e-13,4.5e-10,5e-11,0.0839,24600000000.0,1150000000.0,11.2,-89.99
3.6e-05,2e-05,7e-13,4.5e-10,1.5e-10,0.0839,24600000000.0,1140000000.0,11.2,-89.47
3.6e-05,2e-05,7e-13,4.5e-10,2e-10,0.0839,24600000000.0,1140000000.0,11.2,-89.87
3.6e-05,2e-05,7e-13,4.5e-10,2.5e-10,0.0839,24600000000.0,1150000000.0,11.2,-89.34
3.6e-05,2e-05,7e-13,5e-10,1e-10,0.0839,23600000000.0,1070000000.0,11.43,-88.13
3.6e-05,2e-05,7e-13,5e-10,5e-11,0.0839,23600000000.0,1070000000.0,11.43,-88.07
3.6e-05,2e-05,7e-13,5e-10,1.5e-10,0.0839,23600000000.0,1070000000.0,11.43,-88.03
3.6e-05,2e-05,7e-13,5e-10,2e-10,0.0839,23600000000.0,1070000000.0,11.43,-88.27
3.6e-05,2e-05,7e-13,5e-10,2.5e-10,0.0839,23600000000.0,1080000000.0,11.43,-88.0
3.6e-05,2.1e-05,5e-13,4e-10,1e-10,0.0839,25700000000.0,1220000000.0,10.94,-91.91
3.6e-05,2.1e-05,5e-13,4e-10,5e-11,0.0839,25700000000.0,1220000000.0,10.94,-91.02
3.6e-05,2.1e-05,5e-13,4e-10,1.5e-10,0.0839,25700000000.0,1220000000.0,10.94,-91.83
3.6e-05,2.1e-05,5e-13,4e-10,2e-10,0.0839,25700000000.0,1220000000.0,10.94,-91.77
3.6e-05,2.1e-05,5e-13,4e-10,2.5e-10,0.0839,25700000000.0,1220000000.0,10.94,-91.52
3.6e-05,2.1e-05,5e-13,3e-10,1e-10,0.0839,29100000000.0,1490000000.0,10.26,-93.64
3.6e-05,2.1e-05,5e-13,3e-10,5e-11,0.0839,29100000000.0,1490000000.0,10.26,-93.69
3.6e-05,2.1e-05,5e-13,3e-10,1.5e-10,0.0839,29100000000.0,1490000000.0,10.26,-93.47
3.6e-05,2.1e-05,5e-13,3e-10,2e-10,0.0839,29100000000.0,1490000000.0,10.26,-93.52
3.6e-05,2.1e-05,5e-13,3e-10,2.5e-10,0.0839,29100000000.0,1490000000.0,10.26,-93.61
3.6e-05,2.1e-05,5e-13,3.5e-10,1e-10,0.0839,27200000000.0,1330000000.0,10.64,-94.04
3.6e-05,2.1e-05,5e-13,3.5e-10,5e-11,0.0839,27200000000.0,1330000000.0,10.64,-94.03
3.6e-05,2.1e-05,5e-13,3.5e-10,1.5e-10,0.0839,27200000000.0,1330000000.0,10.64,-94.02
3.6e-05,2.1e-05,5e-13,3.5e-10,2e-10,0.0839,27200000000.0,1330000000.0,10.64,-94.32
3.6e-05,2.1e-05,5e-13,3.5e-10,2.5e-10,0.0839,27200000000.0,1330000000.0,10.64,-94.24
3.6e-05,2.1e-05,5e-13,4.5e-10,1e-10,0.0839,24500000000.0,1130000000.0,11.19,-89.47
3.6e-05,2.1e-05,5e-13,4.5e-10,5e-11,0.0839,24500000000.0,1130000000.0,11.19,-89.58
3.6e-05,2.1e-05,5e-13,4.5e-10,1.5e-10,0.0839,24500000000.0,1140000000.0,11.19,-89.35
3.6e-05,2.1e-05,5e-13,4.5e-10,2e-10,0.0839,24500000000.0,1130000000.0,11.19,-89.4
3.6e-05,2.1e-05,5e-13,4.5e-10,2.5e-10,0.0839,24500000000.0,1140000000.0,11.19,-87.78
3.6e-05,2.1e-05,5e-13,5e-10,1e-10,0.0839,23600000000.0,1070000000.0,11.42,-87.89
3.6e-05,2.1e-05,5e-13,5e-10,5e-11,0.0839,23600000000.0,1060000000.0,11.42,-87.94
3.6e-05,2.1e-05,5e-13,5e-10,1.5e-10,0.0839,23600000000.0,1060000000.0,11.42,-88.06
3.6e-05,2.1e-05,5e-13,5e-10,2e-10,0.0839,23600000000.0,1060000000.0,11.42,-88.19
3.6e-05,2.1e-05,5e-13,5e-10,2.5e-10,0.0839,23600000000.0,1060000000.0,11.42,-87.86
3.6e-05,2.1e-05,3e-13,4e-10,1e-10,0.0839,25700000000.0,1220000000.0,10.94,-91.43
3.6e-05,2.1e-05,3e-13,4e-10,5e-11,0.0839,25700000000.0,1220000000.0,10.94,-91.2
3.6e-05,2.1e-05,3e-13,4e-10,2e-10,0.0839,25700000000.0,1220000000.0,10.94,-92.6
3.6e-05,2.1e-05,3e-13,4e-10,2.5e-10,0.0839,25700000000.0,1210000000.0,10.94,-92.6
3.6e-05,2.1e-05,3e-13,3e-10,1e-10,0.0839,29100000000.0,1490000000.0,10.27,-93.64
3.6e-05,2.1e-05,3e-13,3e-10,5e-11,0.0839,29100000000.0,1490000000.0,10.27,-93.78
3.6e-05,2.1e-05,3e-13,3e-10,2.5e-10,0.0839,29100000000.0,1490000000.0,10.27,-93.63
3.6e-05,2.1e-05,3e-13,3.5e-10,5e-11,0.0839,27200000000.0,1330000000.0,10.64,-94.17
3.6e-05,2.1e-05,3e-13,3.5e-10,1.5e-10,0.0839,27200000000.0,1330000000.0,10.64,-93.99
3.6e-05,2.1e-05,3e-13,4.5e-10,1e-10,0.0839,24500000000.0,1140000000.0,11.19,-89.18
3.6e-05,2.1e-05,3e-13,4.5e-10,5e-11,0.0839,24500000000.0,1130000000.0,11.19,-88.71
3.6e-05,2.1e-05,3e-13,4.5e-10,2e-10,0.0839,24500000000.0,1140000000.0,11.19,-89.77
3.6e-05,2.1e-05,3e-13,4.5e-10,2.5e-10,0.0839,24500000000.0,1140000000.0,11.19,-89.5
3.6e-05,2.1e-05,3e-13,5e-10,1e-10,0.0839,23600000000.0,1060000000.0,11.42,-87.71
3.6e-05,2.1e-05,3e-13,5e-10,5e-11,0.0839,23600000000.0,1060000000.0,11.42,-88.17
3.6e-05,2.1e-05,3e-13,5e-10,1.5e-10,0.0839,23600000000.0,1060000000.0,11.42,-88.15
3.6e-05,2.1e-05,3e-13,5e-10,2e-10,0.0839,23600000000.0,1060000000.0,11.42,-87.89
3.6e-05,2.1e-05,3e-13,5e-10,2.5e-10,0.0839,23600000000.0,1060000000.0,11.42,-81.91
3.6e-05,2.1e-05,4e-13,4e-10,1e-10,0.0839,25700000000.0,1220000000.0,10.94,-90.86
3.6e-05,2.1e-05,4e-13,4e-10,5e-11,0.0839,25700000000.0,1220000000.0,10.94,-91.65
3.6e-05,2.1e-05,4e-13,4e-10,1.5e-10,0.0839,25700000000.0,1210000000.0,10.94,-91.63
3.6e-05,2.1e-05,4e-13,4e-10,2e-10,0.0839,25700000000.0,1220000000.0,10.94,-91.35
3.6e-05,2.1e-05,4e-13,4e-10,2.5e-10,0.0839,25700000000.0,1220000000.0,10.94,-91.68
3.6e-05,2.1e-05,4e-13,3e-10,1e-10,0.0839,29100000000.0,1480000000.0,10.26,-93.42
3.6e-05,2.1e-05,4e-13,3e-10,5e-11,0.0839,29100000000.0,1490000000.0,10.27,-93.68
3.6e-05,2.1e-05,4e-13,3e-10,1.5e-10,0.0839,29100000000.0,1490000000.0,10.26,-93.48
3.6e-05,2.1e-05,4e-13,3e-10,2e-10,0.0839,29100000000.0,1490000000.0,10.26,-93.58
3.6e-05,2.1e-05,4e-13,3.5e-10,1e-10,0.0839,27200000000.0,1330000000.0,10.64,-94.21
3.6e-05,2.1e-05,4e-13,3.5e-10,5e-11,0.0839,27200000000.0,1330000000.0,10.64,-93.93
3.6e-05,2.1e-05,4e-13,3.5e-10,1.5e-10,0.0839,27200000000.0,1330000000.0,10.64,-94.05
3.6e-05,2.1e-05,4e-13,3.5e-10,2e-10,0.0839,27200000000.0,1330000000.0,10.64,-94.08
3.6e-05,2.1e-05,4e-13,3.5e-10,2.5e-10,0.0839,27200000000.0,1330000000.0,10.64,-93.97
3.6e-05,2.1e-05,4e-13,4.5e-10,1e-10,0.0839,24500000000.0,1130000000.0,11.19,-89.51
3.6e-05,2.1e-05,4e-13,4.5e-10,5e-11,0.0839,24500000000.0,1130000000.0,11.19,-89.93
3.6e-05,2.1e-05,4e-13,4.5e-10,1.5e-10,0.0839,24500000000.0,1130000000.0,11.19,-89.43
3.6e-05,2.1e-05,4e-13,4.5e-10,2e-10,0.0839,24500000000.0,1130000000.0,11.19,-89.74
3.6e-05,2.1e-05,4e-13,4.5e-10,2.5e-10,0.0839,24500000000.0,1130000000.0,11.19,-89.9
3.6e-05,2.1e-05,4e-13,5e-10,1e-10,0.0839,23600000000.0,1070000000.0,11.42,-88.01
3.6e-05,2.1e-05,4e-13,5e-10,5e-11,0.0839,23600000000.0,1060000000.0,11.42,-88.01
3.6e-05,2.1e-05,4e-13,5e-10,1.5e-10,0.0839,23600000000.0,1060000000.0,11.42,-88.05
3.6e-05,2.1e-05,4e-13,5e-10,2.5e-10,0.0839,23600000000.0,1060000000.0,11.42,-87.84
3.6e-05,2.1e-05,6e-13,4e-10,1e-10,0.0839,25700000000.0,1220000000.0,10.94,-91.24
3.6e-05,2.1e-05,6e-13,4e-10,5e-11,0.0839,25700000000.0,1210000000.0,10.94,-91.66
3.6e-05,2.1e-05,6e-13,4e-10,1.5e-10,0.0839,25700000000.0,1220000000.0,10.94,-91.58
3.6e-05,2.1e-05,6e-13,4e-10,2e-10,0.0839,25700000000.0,1220000000.0,10.94,-90.43
3.6e-05,2.1e-05,6e-13,3e-10,5e-11,0.0839,29100000000.0,1490000000.0,10.26,-93.4
3.6e-05,2.1e-05,6e-13,3e-10,1.5e-10,0.0839,29100000000.0,1490000000.0,10.26,-93.54
3.6e-05,2.1e-05,6e-13,3e-10,2e-10,0.0839,29100000000.0,1490000000.0,10.26,-93.51
3.6e-05,2.1e-05,6e-13,3.5e-10,1e-10,0.0839,27200000000.0,1330000000.0,10.64,-94.29
3.6e-05,2.1e-05,6e-13,3.5e-10,5e-11,0.0839,27200000000.0,1330000000.0,10.64,-94.09
3.6e-05,2.1e-05,6e-13,3.5e-10,1.5e-10,0.0839,27200000000.0,1330000000.0,10.64,-94.1
3.6e-05,2.1e-05,6e-13,3.5e-10,2e-10,0.0839,27200000000.0,1330000000.0,10.64,-94.12
3.6e-05,2.1e-05,6e-13,3.5e-10,2.5e-10,0.0839,27200000000.0,1330000000.0,10.64,-93.89
3.6e-05,2.1e-05,6e-13,4.5e-10,1e-10,0.0839,24500000000.0,1130000000.0,11.19,-89.69
3.6e-05,2.1e-05,6e-13,4.5e-10,5e-11,0.0839,24500000000.0,1130000000.0,11.19,-89.25
3.6e-05,2.1e-05,6e-13,4.5e-10,1.5e-10,0.0839,24500000000.0,1130000000.0,11.19,-89.42
3.6e-05,2.1e-05,6e-13,4.5e-10,2.5e-10,0.0839,24500000000.0,1140000000.0,11.19,-89.38
3.6e-05,2.1e-05,6e-13,5e-10,5e-11,0.0839,23600000000.0,1060000000.0,11.42,-87.88
3.6e-05,2.1e-05,6e-13,5e-10,1.5e-10,0.0839,23600000000.0,1060000000.0,11.42,-88.07
3.6e-05,2.1e-05,6e-13,5e-10,2e-10,0.0839,23600000000.0,1060000000.0,11.42,-88.18
3.6e-05,2.1e-05,6e-13,5e-10,2.5e-10,0.0839,23600000000.0,1060000000.0,11.42,-88.39
3.6e-05,2.1e-05,7e-13,4e-10,1e-10,0.0839,25700000000.0,1220000000.0,10.94,-91.64
3.6e-05,2.1e-05,7e-13,4e-10,5e-11,0.0839,25700000000.0,1220000000.0,10.94,-91.6
3.6e-05,2.1e-05,7e-13,4e-10,1.5e-10,0.0839,25700000000.0,1220000000.0,10.94,-91.7
3.6e-05,2.1e-05,7e-13,4e-10,2e-10,0.0839,25700000000.0,1220000000.0,10.94,-90.99
3.6e-05,2.1e-05,7e-13,3e-10,1e-10,0.0839,29100000000.0,1490000000.0,10.26,-93.5
3.6e-05,2.1e-05,7e-13,3.5e-10,1e-10,0.0839,27200000000.0,1330000000.0,10.64,-94.19
3.6e-05,2.1e-05,7e-13,3.5e-10,5e-11,0.0839,27200000000.0,1330000000.0,10.64,-94.16
3.6e-05,2.1e-05,7e-13,3.5e-10,1.5e-10,0.0839,27200000000.0,1330000000.0,10.64,-94.15
3.6e-05,2.1e-05,7e-13,3.5e-10,2e-10,0.0839,27200000000.0,1330000000.0,10.64,-94.25
3.6e-05,2.1e-05,7e-13,3.5e-10,2.5e-10,0.0839,27200000000.0,1330000000.0,10.64,-93.98
3.6e-05,2.1e-05,7e-13,4.5e-10,1e-10,0.0839,24500000000.0,1130000000.0,11.19,-89.75
3.6e-05,2.1e-05,7e-13,4.5e-10,5e-11,0.0839,24500000000.0,1140000000.0,11.19,-89.71
3.6e-05,2.1e-05,7e-13,4.5e-10,1.5e-10,0.0839,24500000000.0,1140000000.0,11.19,-89.74
3.6e-05,2.1e-05,7e-13,4.5e-10,2e-10,0.0839,24500000000.0,1130000000.0,11.19,-89.3
3.6e-05,2.1e-05,7e-13,4.5e-10,2.5e-10,0.0839,24500000000.0,1130000000.0,11.19,-89.78
3.6e-05,2.1e-05,7e-13,5e-10,1e-10,0.0839,23600000000.0,1060000000.0,11.42,-87.97
3.6e-05,2.1e-05,7e-13,5e-10,5e-11,0.0839,23600000000.0,1060000000.0,11.42,-86.96
3.6e-05,2.1e-05,7e-13,5e-10,1.5e-10,0.0839,23600000000.0,1060000000.0,11.42,-87.98
3.6e-05,2.1e-05,7e-13,5e-10,2e-10,0.0839,23600000000.0,1060000000.0,11.42,-87.9
3.6e-05,2.1e-05,7e-13,5e-10,2.5e-10,0.0839,23600000000.0,1060000000.0,11.42,-88.26
3.6e-05,2.2e-05,5e-13,4e-10,1e-10,0.0839,25600000000.0,1190000000.0,10.92,-91.5
3.6e-05,2.2e-05,5e-13,4e-10,5e-11,0.0839,25600000000.0,1200000000.0,10.92,-91.4
3.6e-05,2.2e-05,5e-13,4e-10,1.5e-10,0.0839,25600000000.0,1190000000.0,10.92,-91.12
3.6e-05,2.2e-05,5e-13,4e-10,2e-10,0.0839,25600000000.0,1200000000.0,10.92,-90.97
3.6e-05,2.2e-05,5e-13,4e-10,2.5e-10,0.0839,25600000000.0,1190000000.0,10.92,-91.08
3.6e-05,2.2e-05,5e-13,3e-10,1e-10,0.0839,29000000000.0,1460000000.0,10.24,-93.57
3.6e-05,2.2e-05,5e-13,3e-10,5e-11,0.0839,29000000000.0,1450000000.0,10.24,-93.69
3.6e-05,2.2e-05,5e-13,3e-10,1.5e-10,0.0839,29000000000.0,1460000000.0,10.24,-93.65
3.6e-05,2.2e-05,5e-13,3e-10,2e-10,0.0839,29000000000.0,1450000000.0,10.24,-93.67
3.6e-05,2.2e-05,5e-13,3e-10,2.5e-10,0.0839,29000000000.0,1450000000.0,10.24,-93.6
3.6e-05,2.2e-05,5e-13,3.5e-10,1e-10,0.0839,27100000000.0,1300000000.0,10.62,-94.08
3.6e-05,2.2e-05,5e-13,3.5e-10,5e-11,0.0839,27100000000.0,1310000000.0,10.62,-94.07
3.6e-05,2.2e-05,5e-13,3.5e-10,1.5e-10,0.0839,27100000000.0,1310000000.0,10.62,-93.88
3.6e-05,2.2e-05,5e-13,3.5e-10,2e-10,0.0839,27100000000.0,1300000000.0,10.62,-94.12
3.6e-05,2.2e-05,5e-13,3.5e-10,2.5e-10,0.0839,27100000000.0,1300000000.0,10.62,-94.13
3.6e-05,2.2e-05,5e-13,4.5e-10,1e-10,0.0839,24500000000.0,1110000000.0,11.18,-89.17
3.6e-05,2.2e-05,5e-13,4.5e-10,5e-11,0.0839,24500000000.0,1120000000.0,11.18,-88.77
3.6e-05,2.2e-05,5e-13,4.5e-10,1.5e-10,0.0839,24500000000.0,1120000000.0,11.18,-89.34
3.6e-05,2.2e-05,5e-13,4.5e-10,2e-10,0.0839,24500000000.0,1120000000.0,11.18,-89.39
3.6e-05,2.2e-05,5e-13,4.5e-10,2.5e-10,0.0839,24500000000.0,1110000000.0,11.18,-89.56
3.6e-05,2.2e-05,5e-13,5e-10,1e-10,0.0839,23500000000.0,1050000000.0,11.4,-86.99
3.6e-05,2.2e-05,5e-13,5e-10,5e-11,0.0839,23500000000.0,1050000000.0,11.4,-87.63
3.6e-05,2.2e-05,5e-13,5e-10,1.5e-10,0.0839,23500000000.0,1040000000.0,11.4,-88.14
3.6e-05,2.2e-05,5e-13,5e-10,2e-10,0.0839,23500000000.0,1040000000.0,11.4,-88.05
3.6e-05,2.2e-05,5e-13,5e-10,2.5e-10,0.0839,23500000000.0,1040000000.0,11.4,-88.02
3.6e-05,2.2e-05,3e-13,4e-10,1e-10,0.0839,25600000000.0,1200000000.0,10.92,-91.55
3.6e-05,2.2e-05,3e-13,4e-10,1.5e-10,0.0839,25600000000.0,1200000000.0,10.92,-91.42
3.6e-05,2.2e-05,3e-13,4e-10,2e-10,0.0839,25600000000.0,1200000000.0,10.92,-91.43
3.6e-05,2.2e-05,3e-13,4e-10,2.5e-10,0.0839,25600000000.0,1190000000.0,10.92,-91.03
3.6e-05,2.2e-05,3e-13,3e-10,1e-10,0.0839,29000000000.0,1460000000.0,10.24,-93.8
3.6e-05,2.2e-05,3e-13,3e-10,5e-11,0.0839,29000000000.0,1450000000.0,10.24,-93.78
3.6e-05,2.2e-05,3e-13,3e-10,1.5e-10,0.0839,29000000000.0,1460000000.0,10.24,-93.9
3.6e-05,2.2e-05,3e-13,3e-10,2e-10,0.0839,29000000000.0,1460000000.0,10.24,-93.81
3.6e-05,2.2e-05,3e-13,3e-10,2.5e-10,0.0839,29000000000.0,1460000000.0,10.24,-93.79
3.6e-05,2.2e-05,3e-13,3.5e-10,1e-10,0.0839,27100000000.0,1300000000.0,10.62,-94.23
3.6e-05,2.2e-05,3e-13,3.5e-10,5e-11,0.0839,27100000000.0,1310000000.0,10.62,-93.98
3.6e-05,2.2e-05,3e-13,3.5e-10,1.5e-10,0.0839,27100000000.0,1300000000.0,10.62,-94.09
3.6e-05,2.2e-05,3e-13,3.5e-10,2e-10,0.0839,27100000000.0,1310000000.0,10.62,-93.82
3.6e-05,2.2e-05,3e-13,3.5e-10,2.5e-10,0.0839,27100000000.0,1300000000.0,10.62,-94.06
3.6e-05,2.2e-05,3e-13,4.5e-10,1e-10,0.0839,24500000000.0,1120000000.0,11.18,-89.2
3.6e-05,2.2e-05,3e-13,4.5e-10,5e-11,0.0839,24500000000.0,1110000000.0,11.18,-89.19
3.6e-05,2.2e-05,3e-13,4.5e-10,1.5e-10,0.0839,24500000000.0,1120000000.0,11.18,-89.22
3.6e-05,2.2e-05,3e-13,4.5e-10,2e-10,0.0839,24500000000.0,1110000000.0,11.18,-89.43
3.6e-05,2.2e-05,3e-13,4.5e-10,2.5e-10,0.0839,24500000000.0,1120000000.0,11.18,-89.28
3.6e-05,2.2e-05,3e-13,5e-10,1e-10,0.0839,23500000000.0,1050000000.0,11.4,-87.69
3.6e-05,2.2e-05,3e-13,5e-10,5e-11,0.0839,23500000000.0,1050000000.0,11.4,-85.3
3.6e-05,2.2e-05,3e-13,5e-10,1.5e-10,0.0839,23500000000.0,1050000000.0,11.4,-87.78
3.6e-05,2.2e-05,3e-13,5e-10,2.5e-10,0.0839,23500000000.0,1040000000.0,11.4,-87.73
3.6e-05,2.2e-05,4e-13,4e-10,1e-10,0.0839,25600000000.0,1200000000.0,10.92,-91.09
3.6e-05,2.2e-05,4e-13,4e-10,1.5e-10,0.0839,25600000000.0,1190000000.0,10.92,-91.34
3.6e-05,2.2e-05,4e-13,4e-10,2e-10,0.0839,25600000000.0,1200000000.0,10.92,-91.03
3.6e-05,2.2e-05,4e-13,4e-10,2.5e-10,0.0839,25600000000.0,1190000000.0,10.92,-91.72
3.6e-05,2.2e-05,4e-13,3e-10,1.5e-10,0.0839,29000000000.0,1450000000.0,10.24,-93.74
3.6e-05,2.2e-05,4e-13,3e-10,2e-10,0.0839,29000000000.0,1460000000.0,10.24,-93.63
3.6e-05,2.2e-05,4e-13,3e-10,2.5e-10,0.0839,29000000000.0,1450000000.0,10.24,-93.79
3.6e-05,2.2e-05,4e-13,3.5e-10,1e-10,0.0839,27100000000.0,1300000000.0,10.62,-94.16
3.6e-05,2.2e-05,4e-13,3.5e-10,5e-11,0.0839,27100000000.0,1310000000.0,10.62,-94.31
3.6e-05,2.2e-05,4e-13,3.5e-10,1.5e-10,0.0839,27100000000.0,1300000000.0,10.62,-94.1
3.6e-05,2.2e-05,4e-13,3.5e-10,2.5e-10,0.0839,27100000000.0,1300000000.0,10.62,-93.93
3.6e-05,2.2e-05,4e-13,4.5e-10,1e-10,0.0839,24500000000.0,1110000000.0,11.18,-89.25
3.6e-05,2.2e-05,4e-13,4.5e-10,5e-11,0.0839,24500000000.0,1110000000.0,11.18,-88.92
3.6e-05,2.2e-05,4e-13,4.5e-10,1.5e-10,0.0839,24500000000.0,1110000000.0,11.18,-89.41
3.6e-05,2.2e-05,4e-13,4.5e-10,2e-10,0.0839,24500000000.0,1120000000.0,11.18,-89.49
3.6e-05,2.2e-05,4e-13,4.5e-10,2.5e-10,0.0839,24500000000.0,1110000000.0,11.18,-89.39
3.6e-05,2.2e-05,4e-13,5e-10,1e-10,0.0839,23500000000.0,1040000000.0,11.4,-88.29
3.6e-05,2.2e-05,4e-13,5e-10,5e-11,0.0839,23500000000.0,1050000000.0,11.4,-87.53
3.6e-05,2.2e-05,4e-13,5e-10,1.5e-10,0.0839,23500000000.0,1050000000.0,11.4,-78.3
3.6e-05,2.2e-05,4e-13,5e-10,2e-10,0.0839,23500000000.0,1050000000.0,11.4,-87.81
3.6e-05,2.2e-05,4e-13,5e-10,2.5e-10,0.0839,23500000000.0,1050000000.0,11.4,-87.74
3.6e-05,2.2e-05,6e-13,4e-10,1e-10,0.0839,25600000000.0,1190000000.0,10.92,-90.98
3.6e-05,2.2e-05,6e-13,4e-10,5e-11,0.0839,25600000000.0,1200000000.0,10.92,-91.35
3.6e-05,2.2e-05,6e-13,4e-10,1.5e-10,0.0839,25600000000.0,1200000000.0,10.92,-91.33
3.6e-05,2.2e-05,6e-13,4e-10,2e-10,0.0839,25600000000.0,1200000000.0,10.92,-91.48
3.6e-05,2.2e-05,6e-13,4e-10,2.5e-10,0.0839,25600000000.0,1200000000.0,10.92,-91.19
3.6e-05,2.2e-05,6e-13,3e-10,5e-11,0.0839,29000000000.0,1450000000.0,10.24,-93.59
3.6e-05,2.2e-05,6e-13,3e-10,1.5e-10,0.0839,29000000000.0,1450000000.0,10.24,-93.75
3.6e-05,2.2e-05,6e-13,3.5e-10,1e-10,0.0839,27100000000.0,1300000000.0,10.62,-94.14
3.6e-05,2.2e-05,6e-13,3.5e-10,1.5e-10,0.0839,27100000000.0,1300000000.0,10.62,-94.17
3.6e-05,2.2e-05,6e-13,3.5e-10,2e-10,0.0839,27100000000.0,1300000000.0,10.62,-94.15
3.6e-05,2.2e-05,6e-13,4.5e-10,1e-10,0.0839,24500000000.0,1110000000.0,11.18,-89.3
3.6e-05,2.2e-05,6e-13,4.5e-10,5e-11,0.0839,24500000000.0,1110000000.0,11.18,-89.59
3.6e-05,2.2e-05,6e-13,4.5e-10,1.5e-10,0.0839,24500000000.0,1110000000.0,11.18,-89.5
3.6e-05,2.2e-05,6e-13,4.5e-10,2e-10,0.0839,24500000000.0,1120000000.0,11.18,-89.32
3.6e-05,2.2e-05,6e-13,5e-10,1e-10,0.0839,23500000000.0,1040000000.0,11.4,-88.04
3.6e-05,2.2e-05,6e-13,5e-10,1.5e-10,0.0839,23500000000.0,1050000000.0,11.4,-87.73
3.6e-05,2.2e-05,6e-13,5e-10,2e-10,0.0839,23500000000.0,1050000000.0,11.4,-85.72
3.6e-05,2.2e-05,6e-13,5e-10,2.5e-10,0.0839,23500000000.0,1050000000.0,11.4,-87.77
3.6e-05,2.2e-05,7e-13,4e-10,1e-10,0.0839,25600000000.0,1200000000.0,10.92,-90.89
3.6e-05,2.2e-05,7e-13,4e-10,1.5e-10,0.0839,25600000000.0,1200000000.0,10.92,-91.32
3.6e-05,2.2e-05,7e-13,4e-10,2e-10,0.0839,25600000000.0,1200000000.0,10.92,-91.21
3.6e-05,2.2e-05,7e-13,4e-10,2.5e-10,0.0839,25600000000.0,1190000000.0,10.92,-91.22
3.6e-05,2.2e-05,7e-13,3e-10,1e-10,0.0839,29000000000.0,1460000000.0,10.24,-93.78
3.6e-05,2.2e-05,7e-13,3e-10,5e-11,0.0839,29000000000.0,1450000000.0,10.24,-93.68
3.6e-05,2.2e-05,7e-13,3e-10,2e-10,0.0839,29000000000.0,1450000000.0,10.24,-93.82
3.6e-05,2.2e-05,7e-13,3e-10,2.5e-10,0.0839,29000000000.0,1450000000.0,10.24,-93.7
3.6e-05,2.2e-05,7e-13,3.5e-10,1e-10,0.0839,27100000000.0,1310000000.0,10.62,-93.93
3.6e-05,2.2e-05,7e-13,3.5e-10,5e-11,0.0839,27100000000.0,1300000000.0,10.62,-94.0
3.6e-05,2.2e-05,7e-13,3.5e-10,1.5e-10,0.0839,27100000000.0,1310000000.0,10.62,-94.04
3.6e-05,2.2e-05,7e-13,3.5e-10,2e-10,0.0839,27100000000.0,1310000000.0,10.62,-94.03
3.6e-05,2.2e-05,7e-13,3.5e-10,2.5e-10,0.0839,27100000000.0,1300000000.0,10.62,-93.98
3.6e-05,2.2e-05,7e-13,4.5e-10,1e-10,0.0839,24500000000.0,1110000000.0,11.18,-89.01
3.6e-05,2.2e-05,7e-13,4.5e-10,5e-11,0.0839,24500000000.0,1110000000.0,11.18,-88.88
3.6e-05,2.2e-05,7e-13,4.5e-10,1.5e-10,0.0839,24500000000.0,1110000000.0,11.18,-89.42
3.6e-05,2.2e-05,7e-13,4.5e-10,2e-10,0.0839,24500000000.0,1110000000.0,11.18,-89.34
3.6e-05,2.2e-05,7e-13,4.5e-10,2.5e-10,0.0839,24500000000.0,1110000000.0,11.18,-89.04
3.6e-05,2.2e-05,7e-13,5e-10,1e-10,0.0839,23500000000.0,1040000000.0,11.4,-88.15
3.6e-05,2.2e-05,7e-13,5e-10,5e-11,0.0839,23500000000.0,1040000000.0,11.4,-88.3
3.6e-05,2.2e-05,7e-13,5e-10,1.5e-10,0.0839,23500000000.0,1040000000.0,11.4,-88.16
3.6e-05,2.2e-05,7e-13,5e-10,2e-10,0.0839,23500000000.0,1050000000.0,11.4,-88.41
3.6e-05,2.2e-05,7e-13,5e-10,2.5e-10,0.0839,23500000000.0,1050000000.0,11.4,-87.58
3.6e-05,2.3e-05,5e-13,4e-10,1e-10,0.0839,25600000000.0,1170000000.0,10.9,-91.2
3.6e-05,2.3e-05,5e-13,4e-10,5e-11,0.0839,25600000000.0,1170000000.0,10.9,-91.07
3.6e-05,2.3e-05,5e-13,4e-10,1.5e-10,0.0839,25600000000.0,1170000000.0,10.9,-91.08
3.6e-05,2.3e-05,5e-13,4e-10,2e-10,0.0839,25600000000.0,1170000000.0,10.9,-91.12
3.6e-05,2.3e-05,5e-13,4e-10,2.5e-10,0.0839,25600000000.0,1180000000.0,10.9,-91.54
3.6e-05,2.3e-05,5e-13,3e-10,1e-10,0.0839,28900000000.0,1410000000.0,10.21,-93.86
3.6e-05,2.3e-05,5e-13,3e-10,5e-11,0.0839,28900000000.0,1420000000.0,10.21,-93.48
3.6e-05,2.3e-05,5e-13,3e-10,1.5e-10,0.0839,28900000000.0,1410000000.0,10.21,-93.87
3.6e-05,2.3e-05,5e-13,3e-10,2e-10,0.0839,28900000000.0,1410000000.0,10.21,-93.84
3.6e-05,2.3e-05,5e-13,3e-10,2.5e-10,0.0839,28900000000.0,1410000000.0,10.21,-93.83
3.6e-05,2.3e-05,5e-13,3.5e-10,1e-10,0.0839,27000000000.0,1280000000.0,10.6,-93.82
3.6e-05,2.3e-05,5e-13,3.5e-10,5e-11,0.0839,27000000000.0,1280000000.0,10.6,-93.87
3.6e-05,2.3e-05,5e-13,3.5e-10,1.5e-10,0.0839,27000000000.0,1270000000.0,10.6,-93.91
3.6e-05,2.3e-05,5e-13,3.5e-10,2e-10,0.0839,27000000000.0,1270000000.0,10.6,-93.74
3.6e-05,2.3e-05,5e-13,3.5e-10,2.5e-10,0.0839,27000000000.0,1280000000.0,10.6,-93.99
3.6e-05,2.3e-05,5e-13,4.5e-10,1e-10,0.0839,24400000000.0,1090000000.0,11.16,-89.27
3.6e-05,2.3e-05,5e-13,4.5e-10,5e-11,0.0839,24400000000.0,1080000000.0,11.16,-89.27
3.6e-05,2.3e-05,5e-13,4.5e-10,1.5e-10,0.0839,24400000000.0,1090000000.0,11.16,-88.83
3.6e-05,2.3e-05,5e-13,4.5e-10,2e-10,0.0839,24400000000.0,1090000000.0,11.16,-89.11
3.6e-05,2.3e-05,5e-13,4.5e-10,2.5e-10,0.0839,24400000000.0,1090000000.0,11.16,-89.36
3.6e-05,2.3e-05,5e-13,5e-10,1e-10,0.0839,23500000000.0,1020000000.0,11.39,-87.85
3.6e-05,2.3e-05,5e-13,5e-10,5e-11,0.0839,23500000000.0,1020000000.0,11.39,-88.18
3.6e-05,2.3e-05,5e-13,5e-10,1.5e-10,0.0839,23500000000.0,1020000000.0,11.39,-87.15
3.6e-05,2.3e-05,5e-13,5e-10,2e-10,0.0839,23500000000.0,1020000000.0,11.39,-87.68
3.6e-05,2.3e-05,3e-13,4e-10,1e-10,0.0839,25600000000.0,1170000000.0,10.9,-91.23
3.6e-05,2.3e-05,3e-13,4e-10,5e-11,0.0839,25600000000.0,1170000000.0,10.9,-91.4
3.6e-05,2.3e-05,3e-13,4e-10,1.5e-10,0.0839,25600000000.0,1170000000.0,10.9,-90.96
3.6e-05,2.3e-05,3e-13,4e-10,2e-10,0.0839,25600000000.0,1180000000.0,10.9,-91.05
3.6e-05,2.3e-05,3e-13,4e-10,2.5e-10,0.0839,25600000000.0,1170000000.0,10.9,-91.01
3.6e-05,2.3e-05,3e-13,3e-10,1e-10,0.0839,28900000000.0,1410000000.0,10.21,-93.89
3.6e-05,2.3e-05,3e-13,3e-10,5e-11,0.0839,28900000000.0,1420000000.0,10.21,-93.9
3.6e-05,2.3e-05,3e-13,3e-10,1.5e-10,0.0839,28900000000.0,1420000000.0,10.21,-93.37
3.6e-05,2.3e-05,3e-13,3e-10,2e-10,0.0839,28900000000.0,1420000000.0,10.21,-94.07
3.6e-05,2.3e-05,3e-13,3e-10,2.5e-10,0.0839,28900000000.0,1420000000.0,10.21,-93.99
3.6e-05,2.3e-05,3e-13,3.5e-10,1e-10,0.0839,27000000000.0,1280000000.0,10.6,-93.66
3.6e-05,2.3e-05,3e-13,3.5e-10,5e-11,0.0839,27000000000.0,1280000000.0,10.6,-93.77
3.6e-05,2.3e-05,3e-13,3.5e-10,1.5e-10,0.0839,27000000000.0,1270000000.0,10.6,-93.93
3.6e-05,2.3e-05,3e-13,3.5e-10,2e-10,0.0839,27000000000.0,1270000000.0,10.6,-93.77
3.6e-05,2.3e-05,3e-13,3.5e-10,2.5e-10,0.0839,27000000000.0,1270000000.0,10.6,-93.9
3.6e-05,2.3e-05,3e-13,4.5e-10,1e-10,0.0839,24400000000.0,1090000000.0,11.16,-88.98
3.6e-05,2.3e-05,3e-13,4.5e-10,5e-11,0.0839,24400000000.0,1090000000.0,11.16,-89.04
3.6e-05,2.3e-05,3e-13,4.5e-10,1.5e-10,0.0839,24400000000.0,1090000000.0,11.16,-88.88
3.6e-05,2.3e-05,3e-13,4.5e-10,2e-10,0.0839,24400000000.0,1100000000.0,11.16,-88.64
3.6e-05,2.3e-05,3e-13,4.5e-10,2.5e-10,0.0839,24400000000.0,1090000000.0,11.16,-88.99
3.6e-05,2.3e-05,3e-13,5e-10,1e-10,0.0839,23500000000.0,1020000000.0,11.39,-87.51
3.6e-05,2.3e-05,3e-13,5e-10,1.5e-10,0.0839,23500000000.0,1030000000.0,11.39,-87.55
3.6e-05,2.3e-05,3e-13,5e-10,2e-10,0.0839,23500000000.0,1020000000.0,11.39,-87.9
3.6e-05,2.3e-05,3e-13,5e-10,2.5e-10,0.0839,23500000000.0,1030000000.0,11.39,-87.88
3.6e-05,2.3e-05,4e-13,4e-10,1e-10,0.0839,25600000000.0,1180000000.0,10.9,-91.07
3.6e-05,2.3e-05,4e-13,4e-10,5e-11,0.0839,25600000000.0,1170000000.0,10.9,-91.26
3.6e-05,2.3e-05,4e-13,4e-10,1.5e-10,0.0839,25600000000.0,1170000000.0,10.9,-91.21
3.6e-05,2.3e-05,4e-13,4e-10,2e-10,0.0839,25600000000.0,1170000000.0,10.9,-90.57
3.6e-05,2.3e-05,4e-13,4e-10,2.5e-10,0.0839,25600000000.0,1170000000.0,10.9,-91.36
3.6e-05,2.3e-05,4e-13,3e-10,1e-10,0.0839,28900000000.0,1410000000.0,10.21,-93.9
3.6e-05,2.3e-05,4e-13,3e-10,5e-11,0.0839,28900000000.0,1410000000.0,10.21,-93.94
3.6e-05,2.3e-05,4e-13,3e-10,1.5e-10,0.0839,28900000000.0,1410000000.0,10.21,-93.82
3.6e-05,2.3e-05,4e-13,3e-10,2e-10,0.0839,28900000000.0,1420000000.0,10.21,-93.93
3.6e-05,2.3e-05,4e-13,3e-10,2.5e-10,0.0839,28900000000.0,1410000000.0,10.21,-94.03
3.6e-05,2.3e-05,4e-13,3.5e-10,1e-10,0.0839,27000000000.0,1270000000.0,10.6,-93.73
3.6e-05,2.3e-05,4e-13,3.5e-10,5e-11,0.0839,27000000000.0,1270000000.0,10.6,-93.54
3.6e-05,2.3e-05,4e-13,3.5e-10,1.5e-10,0.0839,27000000000.0,1270000000.0,10.6,-93.97
3.6e-05,2.3e-05,4e-13,3.5e-10,2.5e-10,0.0839,27000000000.0,1270000000.0,10.6,-93.67
3.6e-05,2.3e-05,4e-13,4.5e-10,1e-10,0.0839,24400000000.0,1090000000.0,11.16,-86.44
3.6e-05,2.3e-05,4e-13,4.5e-10,5e-11,0.0839,24400000000.0,1090000000.0,11.16,-89.08
3.6e-05,2.3e-05,4e-13,4.5e-10,1.5e-10,0.0839,24400000000.0,1090000000.0,11.16,-88.82
3.6e-05,2.3e-05,4e-13,4.5e-10,2e-10,0.0839,24400000000.0,1090000000.0,11.16,-89.33
3.6e-05,2.3e-05,4e-13,4.5e-10,2.5e-10,0.0839,24400000000.0,1090000000.0,11.16,-88.69
3.6e-05,2.3e-05,4e-13,5e-10,1e-10,0.0839,23500000000.0,1030000000.0,11.39,-87.83
3.6e-05,2.3e-05,4e-13,5e-10,5e-11,0.0839,23500000000.0,1030000000.0,11.39,-87.81
3.6e-05,2.3e-05,4e-13,5e-10,1.5e-10,0.0839,23500000000.0,1030000000.0,11.39,-87.47
3.6e-05,2.3e-05,4e-13,5e-10,2e-10,0.0839,23500000000.0,1030000000.0,11.39,-87.57
3.6e-05,2.3e-05,4e-13,5e-10,2.5e-10,0.0839,23500000000.0,1030000000.0,11.39,-87.79
3.6e-05,2.3e-05,6e-13,4e-10,1e-10,0.0839,25600000000.0,1180000000.0,10.9,-91.55
3.6e-05,2.3e-05,6e-13,4e-10,5e-11,0.0839,25600000000.0,1170000000.0,10.9,-90.99
3.6e-05,2.3e-05,6e-13,4e-10,1.5e-10,0.0839,25600000000.0,1170000000.0,10.9,-92.13
3.6e-05,2.3e-05,6e-13,4e-10,2e-10,0.0839,25600000000.0,1170000000.0,10.9,-90.77
3.6e-05,2.3e-05,6e-13,4e-10,2.5e-10,0.0839,25600000000.0,1170000000.0,10.9,-91.1
3.6e-05,2.3e-05,6e-13,3e-10,5e-11,0.0839,28900000000.0,1410000000.0,10.21,-93.88
3.6e-05,2.3e-05,6e-13,3e-10,2.5e-10,0.0839,28900000000.0,1410000000.0,10.21,-93.8
3.6e-05,2.3e-05,6e-13,3.5e-10,1e-10,0.0839,27000000000.0,1270000000.0,10.6,-93.88
3.6e-05,2.3e-05,6e-13,3.5e-10,5e-11,0.0839,27000000000.0,1270000000.0,10.59,-93.77
3.6e-05,2.3e-05,6e-13,3.5e-10,1.5e-10,0.0839,27000000000.0,1280000000.0,10.6,-93.97
3.6e-05,2.3e-05,6e-13,3.5e-10,2e-10,0.0839,27000000000.0,1270000000.0,10.6,-94.01
3.6e-05,2.3e-05,6e-13,3.5e-10,2.5e-10,0.0839,27000000000.0,1280000000.0,10.6,-93.78
3.6e-05,2.3e-05,6e-13,4.5e-10,1e-10,0.0839,24400000000.0,1090000000.0,11.16,-88.53
3.6e-05,2.3e-05,6e-13,4.5e-10,5e-11,0.0839,24400000000.0,1090000000.0,11.16,-89.07
3.6e-05,2.3e-05,6e-13,4.5e-10,1.5e-10,0.0839,24400000000.0,1090000000.0,11.16,-89.4
3.6e-05,2.3e-05,6e-13,4.5e-10,2e-10,0.0839,24400000000.0,1090000000.0,11.16,-88.97
3.6e-05,2.3e-05,6e-13,5e-10,1e-10,0.0839,23500000000.0,1020000000.0,11.39,-87.63
3.6e-05,2.3e-05,6e-13,5e-10,5e-11,0.0839,23500000000.0,1020000000.0,11.39,-88.03
3.6e-05,2.3e-05,6e-13,5e-10,1.5e-10,0.0839,23500000000.0,1030000000.0,11.39,-87.82
3.6e-05,2.3e-05,6e-13,5e-10,2e-10,0.0839,23500000000.0,1030000000.0,11.39,-87.9
3.6e-05,2.3e-05,6e-13,5e-10,2.5e-10,0.0839,23500000000.0,1030000000.0,11.39,-87.85
3.6e-05,2.3e-05,7e-13,4e-10,1e-10,0.0839,25600000000.0,1170000000.0,10.9,-90.94
3.6e-05,2.3e-05,7e-13,4e-10,5e-11,0.0839,25600000000.0,1170000000.0,10.9,-90.55
3.6e-05,2.3e-05,7e-13,4e-10,1.5e-10,0.0839,25600000000.0,1180000000.0,10.9,-90.79
3.6e-05,2.3e-05,7e-13,4e-10,2e-10,0.0839,25600000000.0,1170000000.0,10.9,-91.14
3.6e-05,2.3e-05,7e-13,4e-10,2.5e-10,0.0839,25600000000.0,1170000000.0,10.9,-91.11
3.6e-05,2.3e-05,7e-13,3e-10,1.5e-10,0.0839,28900000000.0,1410000000.0,10.21,-93.63
3.6e-05,2.3e-05,7e-13,3e-10,2e-10,0.0839,28900000000.0,1420000000.0,10.21,-93.89
3.6e-05,2.3e-05,7e-13,3e-10,2.5e-10,0.0839,28900000000.0,1410000000.0,10.21,-93.93
3.6e-05,2.3e-05,7e-13,3.5e-10,1e-10,0.0839,27000000000.0,1270000000.0,10.6,-94.1
3.6e-05,2.3e-05,7e-13,3.5e-10,5e-11,0.0839,27000000000.0,1270000000.0,10.6,-93.96
3.6e-05,2.3e-05,7e-13,3.5e-10,1.5e-10,0.0839,27000000000.0,1280000000.0,10.6,-93.74
3.6e-05,2.3e-05,7e-13,3.5e-10,2e-10,0.0839,27000000000.0,1270000000.0,10.6,-93.89
3.6e-05,2.3e-05,7e-13,3.5e-10,2.5e-10,0.0839,27000000000.0,1270000000.0,10.59,-93.76
3.6e-05,2.3e-05,7e-13,4.5e-10,1e-10,0.0839,24400000000.0,1090000000.0,11.16,-89.18
3.6e-05,2.3e-05,7e-13,4.5e-10,5e-11,0.0839,24400000000.0,1090000000.0,11.16,-89.19
3.6e-05,2.3e-05,7e-13,4.5e-10,1.5e-10,0.0839,24400000000.0,1090000000.0,11.16,-89.1
3.6e-05,2.3e-05,7e-13,4.5e-10,2e-10,0.0839,24400000000.0,1090000000.0,11.16,-89.13
3.6e-05,2.3e-05,7e-13,5e-10,1e-10,0.0839,23400000000.0,1030000000.0,11.39,-87.84
3.6e-05,2.3e-05,7e-13,5e-10,5e-11,0.0839,23500000000.0,1020000000.0,11.39,-87.88
3.6e-05,2.3e-05,7e-13,5e-10,1.5e-10,0.0839,23500000000.0,1030000000.0,11.39,-87.36
3.6e-05,2.3e-05,7e-13,5e-10,2e-10,0.0839,23500000000.0,1030000000.0,11.39,-87.84
3.6e-05,2.3e-05,7e-13,5e-10,2.5e-10,0.0839,23400000000.0,1020000000.0,11.39,-87.75
3.6e-05,2.4e-05,5e-13,4e-10,1e-10,0.0839,25500000000.0,1140000000.0,10.88,-91.11
3.6e-05,2.4e-05,5e-13,4e-10,5e-11,0.0839,25500000000.0,1140000000.0,10.88,-91.49
3.6e-05,2.4e-05,5e-13,4e-10,1.5e-10,0.0839,25500000000.0,1140000000.0,10.88,-90.91
3.6e-05,2.4e-05,5e-13,4e-10,2e-10,0.0839,25500000000.0,1140000000.0,10.88,-90.94
3.6e-05,2.4e-05,5e-13,4e-10,2.5e-10,0.0839,25500000000.0,1140000000.0,10.88,-91.33
3.6e-05,2.4e-05,5e-13,3e-10,1e-10,0.0839,28900000000.0,1370000000.0,10.17,-93.98
3.6e-05,2.4e-05,5e-13,3e-10,5e-11,0.0839,28900000000.0,1360000000.0,10.17,-94.01
3.6e-05,2.4e-05,5e-13,3e-10,1.5e-10,0.0839,28900000000.0,1370000000.0,10.17,-94.05
3.6e-05,2.4e-05,5e-13,3e-10,2e-10,0.0839,28900000000.0,1360000000.0,10.17,-93.95
3.6e-05,2.4e-05,5e-13,3e-10,2.5e-10,0.0839,28900000000.0,1370000000.0,10.17,-93.93
3.6e-05,2.4e-05,5e-13,3.5e-10,1e-10,0.0839,27000000000.0,1230000000.0,10.57,-93.71
3.6e-05,2.4e-05,5e-13,3.5e-10,5e-11,0.0839,27000000000.0,1240000000.0,10.57,-93.53
3.6e-05,2.4e-05,5e-13,3.5e-10,1.5e-10,0.0839,27000000000.0,1240000000.0,10.57,-93.47
3.6e-05,2.4e-05,5e-13,3.5e-10,2e-10,0.0839,27000000000.0,1230000000.0,10.57,-93.75
3.6e-05,2.4e-05,5e-13,3.5e-10,2.5e-10,0.0839,27000000000.0,1230000000.0,10.57,-93.61
3.6e-05,2.4e-05,5e-13,4.5e-10,1e-10,0.0839,24400000000.0,1060000000.0,11.14,-88.87
3.6e-05,2.4e-05,5e-13,4.5e-10,5e-11,0.0839,24400000000.0,1060000000.0,11.14,-89.16
3.6e-05,2.4e-05,5e-13,4.5e-10,1.5e-10,0.0839,24400000000.0,1060000000.0,11.14,-88.95
3.6e-05,2.4e-05,5e-13,4.5e-10,2e-10,0.0839,24400000000.0,1060000000.0,11.14,-89.05
3.6e-05,2.4e-05,5e-13,4.5e-10,2.5e-10,0.0839,24400000000.0,1060000000.0,11.14,-88.92
3.6e-05,2.4e-05,5e-13,5e-10,1e-10,0.0839,23400000000.0,1010000000.0,11.37,-87.45
3.6e-05,2.4e-05,5e-13,5e-10,5e-11,0.0839,23400000000.0,1000000000.0,11.37,-86.97
3.6e-05,2.4e-05,5e-13,5e-10,1.5e-10,0.0839,23400000000.0,995000000.0,11.37,-87.65
3.6e-05,2.4e-05,5e-13,5e-10,2e-10,0.0839,23400000000.0,1010000000.0,11.37,-87.32
3.6e-05,2.4e-05,5e-13,5e-10,2.5e-10,0.0839,23400000000.0,1010000000.0,11.37,-87.41
3.6e-05,2.4e-05,3e-13,4e-10,1e-10,0.0839,25500000000.0,1140000000.0,10.88,-90.92
3.6e-05,2.4e-05,3e-13,4e-10,5e-11,0.0839,25500000000.0,1140000000.0,10.88,-91.1
3.6e-05,2.4e-05,3e-13,4e-10,1.5e-10,0.0839,25500000000.0,1130000000.0,10.88,-90.92
3.6e-05,2.4e-05,3e-13,4e-10,2e-10,0.0839,25500000000.0,1140000000.0,10.88,-91.42
3.6e-05,2.4e-05,3e-13,4e-10,2.5e-10,0.0839,25500000000.0,1140000000.0,10.88,-91.02
3.6e-05,2.4e-05,3e-13,3e-10,1e-10,0.0839,28900000000.0,1370000000.0,10.17,-94.09
3.6e-05,2.4e-05,3e-13,3e-10,5e-11,0.0839,28900000000.0,1360000000.0,10.17,-93.99
3.6e-05,2.4e-05,3e-13,3e-10,1.5e-10,0.0839,28900000000.0,1370000000.0,10.17,-94.04
3.6e-05,2.4e-05,3e-13,3e-10,2e-10,0.0839,28900000000.0,1370000000.0,10.17,-93.94
3.6e-05,2.4e-05,3e-13,3e-10,2.5e-10,0.0839,28900000000.0,1370000000.0,10.17,-93.89
3.6e-05,2.4e-05,3e-13,3.5e-10,1e-10,0.0839,27000000000.0,1230000000.0,10.57,-93.66
3.6e-05,2.4e-05,3e-13,3.5e-10,5e-11,0.0839,27000000000.0,1230000000.0,10.57,-93.69
3.6e-05,2.4e-05,3e-13,3.5e-10,1.5e-10,0.0839,27000000000.0,1240000000.0,10.57,-93.41
3.6e-05,2.4e-05,3e-13,3.5e-10,2e-10,0.0839,27000000000.0,1240000000.0,10.57,-93.39
3.6e-05,2.4e-05,3e-13,4.5e-10,1e-10,0.0839,24400000000.0,1070000000.0,11.14,-88.52
3.6e-05,2.4e-05,3e-13,4.5e-10,5e-11,0.0839,24400000000.0,1060000000.0,11.14,-89.6
3.6e-05,2.4e-05,3e-13,4.5e-10,1.5e-10,0.0839,24400000000.0,1070000000.0,11.14,-90.07
3.6e-05,2.4e-05,3e-13,4.5e-10,2e-10,0.0839,24400000000.0,1070000000.0,11.14,-88.9
3.6e-05,2.4e-05,3e-13,5e-10,1e-10,0.0839,23400000000.0,1000000000.0,11.37,-87.12
3.6e-05,2.4e-05,3e-13,5e-10,5e-11,0.0839,23400000000.0,1010000000.0,11.37,-87.51
3.6e-05,2.4e-05,3e-13,5e-10,1.5e-10,0.0839,23400000000.0,1000000000.0,11.37,-87.5
3.6e-05,2.4e-05,3e-13,5e-10,2e-10,0.0839,23400000000.0,996000000.0,11.37,-87.62
3.6e-05,2.4e-05,3e-13,5e-10,2.5e-10,0.0839,23400000000.0,994000000.0,11.37,-87.65
3.6e-05,2.4e-05,4e-13,4e-10,1.5e-10,0.0839,25500000000.0,1140000000.0,10.88,-90.79
3.6e-05,2.4e-05,4e-13,4e-10,2e-10,0.0839,25500000000.0,1140000000.0,10.88,-90.83
3.6e-05,2.4e-05,4e-13,4e-10,2.5e-10,0.0839,25500000000.0,1130000000.0,10.88,-90.97
3.6e-05,2.4e-05,4e-13,3e-10,1e-10,0.0839,28900000000.0,1360000000.0,10.17,-94.05
3.6e-05,2.4e-05,4e-13,3e-10,5e-11,0.0839,28900000000.0,1370000000.0,10.17,-93.73
3.6e-05,2.4e-05,4e-13,3e-10,1.5e-10,0.0839,28900000000.0,1370000000.0,10.17,-93.97
3.6e-05,2.4e-05,4e-13,3e-10,2e-10,0.0839,28900000000.0,1360000000.0,10.17,-93.97
3.6e-05,2.4e-05,4e-13,3e-10,2.5e-10,0.0839,28900000000.0,1370000000.0,10.17,-94.0
3.6e-05,2.4e-05,4e-13,3.5e-10,1e-10,0.0839,27000000000.0,1230000000.0,10.57,-93.68
3.6e-05,2.4e-05,4e-13,3.5e-10,1.5e-10,0.0839,27000000000.0,1230000000.0,10.57,-93.89
3.6e-05,2.4e-05,4e-13,3.5e-10,2e-10,0.0839,27000000000.0,1230000000.0,10.57,-93.92
3.6e-05,2.4e-05,4e-13,3.5e-10,2.5e-10,0.0839,27000000000.0,1240000000.0,10.57,-93.67
3.6e-05,2.4e-05,4e-13,4.5e-10,1e-10,0.0839,24400000000.0,1070000000.0,11.14,-89.31
3.6e-05,2.4e-05,4e-13,4.5e-10,5e-11,0.0839,24400000000.0,1060000000.0,11.14,-84.9
3.6e-05,2.4e-05,4e-13,4.5e-10,1.5e-10,0.0839,24400000000.0,1060000000.0,11.14,-85.3
3.6e-05,2.4e-05,4e-13,4.5e-10,2e-10,0.0839,24400000000.0,1060000000.0,11.14,-89.21
3.6e-05,2.4e-05,4e-13,4.5e-10,2.5e-10,0.0839,24400000000.0,1060000000.0,11.14,-88.28
3.6e-05,2.4e-05,4e-13,5e-10,1e-10,0.0839,23400000000.0,992000000.0,11.37,-88.01
3.6e-05,2.4e-05,4e-13,5e-10,5e-11,0.0839,23400000000.0,996000000.0,11.37,-87.48
3.6e-05,2.4e-05,4e-13,5e-10,1.5e-10,0.0839,23400000000.0,1000000000.0,11.37,-87.33
3.6e-05,2.4e-05,4e-13,5e-10,2e-10,0.0839,23400000000.0,1000000000.0,11.37,-87.47
3.6e-05,2.4e-05,6e-13,4e-10,1e-10,0.0839,25500000000.0,1140000000.0,10.88,-90.8
3.6e-05,2.4e-05,6e-13,4e-10,5e-11,0.0839,25500000000.0,1140000000.0,10.88,-90.73
3.6e-05,2.4e-05,6e-13,4e-10,2e-10,0.0839,25500000000.0,1130000000.0,10.88,-91.09
3.6e-05,2.4e-05,6e-13,4e-10,2.5e-10,0.0839,25500000000.0,1140000000.0,10.88,-90.9
3.6e-05,2.4e-05,6e-13,3e-10,1e-10,0.0839,28900000000.0,1370000000.0,10.17,-94.03
3.6e-05,2.4e-05,6e-13,3e-10,5e-11,0.0839,28900000000.0,1360000000.0,10.17,-93.98
3.6e-05,2.4e-05,6e-13,3e-10,1.5e-10,0.0839,28900000000.0,1370000000.0,10.17,-93.99
3.6e-05,2.4e-05,6e-13,3e-10,2.5e-10,0.0839,28900000000.0,1370000000.0,10.17,-94.02
3.6e-05,2.4e-05,6e-13,3.5e-10,5e-11,0.0839,27000000000.0,1230000000.0,10.57,-93.63
3.6e-05,2.4e-05,6e-13,3.5e-10,1.5e-10,0.0839,27000000000.0,1230000000.0,10.57,-93.72
3.6e-05,2.4e-05,6e-13,3.5e-10,2e-10,0.0839,27000000000.0,1240000000.0,10.57,-93.64
3.6e-05,2.4e-05,6e-13,3.5e-10,2.5e-10,0.0839,27000000000.0,1230000000.0,10.57,-94.05
3.6e-05,2.4e-05,6e-13,4.5e-10,1e-10,0.0839,24400000000.0,1070000000.0,11.14,-88.86
3.6e-05,2.4e-05,6e-13,4.5e-10,5e-11,0.0839,24400000000.0,1060000000.0,11.14,-88.74
3.6e-05,2.4e-05,6e-13,4.5e-10,1.5e-10,0.0839,24400000000.0,1050000000.0,11.14,-88.56
3.6e-05,2.4e-05,6e-13,4.5e-10,2e-10,0.0839,24400000000.0,1060000000.0,11.14,-88.68
3.6e-05,2.4e-05,6e-13,4.5e-10,2.5e-10,0.0839,24400000000.0,1070000000.0,11.14,-89.06
3.6e-05,2.4e-05,6e-13,5e-10,5e-11,0.0839,23400000000.0,1000000000.0,11.37,-87.32
3.6e-05,2.4e-05,6e-13,5e-10,1.5e-10,0.0839,23400000000.0,1000000000.0,11.37,-87.7
3.6e-05,2.4e-05,6e-13,5e-10,2e-10,0.0839,23400000000.0,1000000000.0,11.37,-87.59
3.6e-05,2.4e-05,6e-13,5e-10,2.5e-10,0.0839,23400000000.0,1000000000.0,11.37,-87.79
3.6e-05,2.4e-05,7e-13,4e-10,1e-10,0.0839,25500000000.0,1140000000.0,10.88,-90.74
3.6e-05,2.4e-05,7e-13,4e-10,5e-11,0.0839,25500000000.0,1140000000.0,10.88,-90.56
3.6e-05,2.4e-05,7e-13,4e-10,1.5e-10,0.0839,25500000000.0,1130000000.0,10.88,-90.72
3.6e-05,2.4e-05,7e-13,4e-10,2e-10,0.0839,25500000000.0,1140000000.0,10.88,-91.12
3.6e-05,2.4e-05,7e-13,4e-10,2.5e-10,0.0839,25500000000.0,1140000000.0,10.88,-90.41
3.6e-05,2.4e-05,7e-13,3e-10,1e-10,0.0839,28900000000.0,1360000000.0,10.17,-93.94
3.6e-05,2.4e-05,7e-13,3e-10,5e-11,0.0839,28900000000.0,1360000000.0,10.17,-93.86
3.6e-05,2.4e-05,7e-13,3e-10,1.5e-10,0.0839,28900000000.0,1360000000.0,10.17,-93.93
3.6e-05,2.4e-05,7e-13,3e-10,2e-10,0.0839,28900000000.0,1360000000.0,10.17,-93.87
3.6e-05,2.4e-05,7e-13,3.5e-10,5e-11,0.0839,27000000000.0,1230000000.0,10.57,-93.95
3.6e-05,2.4e-05,7e-13,3.5e-10,1.5e-10,0.0839,27000000000.0,1240000000.0,10.57,-93.83
3.6e-05,2.4e-05,7e-13,3.5e-10,2e-10,0.0839,27000000000.0,1230000000.0,10.57,-93.3
3.6e-05,2.4e-05,7e-13,3.5e-10,2.5e-10,0.0839,27000000000.0,1240000000.0,10.57,-93.27
3.6e-05,2.4e-05,7e-13,4.5e-10,1e-10,0.0839,24400000000.0,1060000000.0,11.14,-88.76
3.6e-05,2.4e-05,7e-13,4.5e-10,5e-11,0.0839,24400000000.0,1060000000.0,11.14,-88.96
3.6e-05,2.4e-05,7e-13,4.5e-10,1.5e-10,0.0839,24400000000.0,1060000000.0,11.14,-88.67
3.6e-05,2.4e-05,7e-13,4.5e-10,2e-10,0.0839,24400000000.0,1060000000.0,11.14,-89.19
3.6e-05,2.4e-05,7e-13,4.5e-10,2.5e-10,0.0839,24400000000.0,1060000000.0,11.14,-89.0
3.6e-05,2.4e-05,7e-13,5e-10,1e-10,0.0839,23400000000.0,1010000000.0,11.37,-87.42
3.6e-05,2.4e-05,7e-13,5e-10,5e-11,0.0839,23400000000.0,998000000.0,11.37,-86.59
3.6e-05,2.4e-05,7e-13,5e-10,1.5e-10,0.0839,23400000000.0,998000000.0,11.37,-87.71
3.6e-05,2.4e-05,7e-13,5e-10,2e-10,0.0839,23400000000.0,1000000000.0,11.37,-89.28
3.6e-05,2.4e-05,7e-13,5e-10,2.5e-10,0.0839,23400000000.0,1000000000.0,11.37,-88.49
3.6e-05,2.5e-05,5e-13,4e-10,1e-10,0.0839,25500000000.0,1100000000.0,10.85,-90.9
3.6e-05,2.5e-05,5e-13,4e-10,5e-11,0.0839,25500000000.0,1110000000.0,10.85,-90.63
3.6e-05,2.5e-05,5e-13,4e-10,1.5e-10,0.0839,25500000000.0,1100000000.0,10.85,-91.02
3.6e-05,2.5e-05,5e-13,4e-10,2e-10,0.0839,25500000000.0,1100000000.0,10.85,-91.67
3.6e-05,2.5e-05,5e-13,4e-10,2.5e-10,0.0839,25500000000.0,1090000000.0,10.85,-90.73
3.6e-05,2.5e-05,5e-13,3e-10,1e-10,0.0839,28800000000.0,1300000000.0,10.13,-94.13
3.6e-05,2.5e-05,5e-13,3e-10,5e-11,0.0839,28800000000.0,1310000000.0,10.13,-94.0
3.6e-05,2.5e-05,5e-13,3e-10,1.5e-10,0.0839,28800000000.0,1300000000.0,10.13,-93.94
3.6e-05,2.5e-05,5e-13,3e-10,2e-10,0.0839,28800000000.0,1300000000.0,10.13,-93.02
3.6e-05,2.5e-05,5e-13,3e-10,2.5e-10,0.0839,28800000000.0,1300000000.0,10.13,-94.01
3.6e-05,2.5e-05,5e-13,3.5e-10,1e-10,0.0839,26900000000.0,1190000000.0,10.54,-93.47
3.6e-05,2.5e-05,5e-13,3.5e-10,5e-11,0.0839,26900000000.0,1190000000.0,10.54,-93.29
3.6e-05,2.5e-05,5e-13,3.5e-10,1.5e-10,0.0839,26900000000.0,1190000000.0,10.54,-93.44
3.6e-05,2.5e-05,5e-13,3.5e-10,2e-10,0.0839,26900000000.0,1190000000.0,10.54,-93.34
3.6e-05,2.5e-05,5e-13,3.5e-10,2.5e-10,0.0839,26900000000.0,1190000000.0,10.54,-93.56
3.6e-05,2.5e-05,5e-13,4.5e-10,1e-10,0.0839,24300000000.0,1030000000.0,11.12,-88.52
3.6e-05,2.5e-05,5e-13,4.5e-10,5e-11,0.0839,24300000000.0,1040000000.0,11.11,-88.89
3.6e-05,2.5e-05,5e-13,4.5e-10,1.5e-10,0.0839,24300000000.0,1040000000.0,11.11,-88.7
3.6e-05,2.5e-05,5e-13,4.5e-10,2e-10,0.0839,24300000000.0,1030000000.0,11.12,-88.82
3.6e-05,2.5e-05,5e-13,4.5e-10,2.5e-10,0.0839,24300000000.0,1030000000.0,11.12,-88.78
3.6e-05,2.5e-05,5e-13,5e-10,1e-10,0.0839,23400000000.0,971000000.0,11.35,-87.54
3.6e-05,2.5e-05,5e-13,5e-10,5e-11,0.0839,23400000000.0,972000000.0,11.35,-87.5
3.6e-05,2.5e-05,5e-13,5e-10,1.5e-10,0.0839,23400000000.0,974000000.0,11.35,-87.39
3.6e-05,2.5e-05,5e-13,5e-10,2e-10,0.0839,23400000000.0,967000000.0,11.35,-87.57
3.6e-05,2.5e-05,5e-13,5e-10,2.5e-10,0.0839,23400000000.0,972000000.0,11.35,-87.21
3.6e-05,2.5e-05,3e-13,4e-10,1e-10,0.0839,25500000000.0,1100000000.0,10.85,-90.69
3.6e-05,2.5e-05,3e-13,4e-10,5e-11,0.0839,25500000000.0,1110000000.0,10.85,-90.55
3.6e-05,2.5e-05,3e-13,4e-10,1.5e-10,0.0839,25500000000.0,1090000000.0,10.85,-90.47
3.6e-05,2.5e-05,3e-13,4e-10,2e-10,0.0839,25500000000.0,1100000000.0,10.85,-88.06
3.6e-05,2.5e-05,3e-13,4e-10,2.5e-10,0.0839,25500000000.0,1110000000.0,10.85,-90.67
3.6e-05,2.5e-05,3e-13,3e-10,1e-10,0.0839,28900000000.0,1310000000.0,10.14,-94.02
3.6e-05,2.5e-05,3e-13,3e-10,5e-11,0.0839,28900000000.0,1310000000.0,10.14,-94.07
3.6e-05,2.5e-05,3e-13,3e-10,1.5e-10,0.0839,28900000000.0,1310000000.0,10.14,-94.0
3.6e-05,2.5e-05,3e-13,3e-10,2e-10,0.0839,28900000000.0,1310000000.0,10.13,-93.39
3.6e-05,2.5e-05,3e-13,3e-10,2.5e-10,0.0839,28900000000.0,1310000000.0,10.14,-94.01
3.6e-05,2.5e-05,3e-13,3.5e-10,1e-10,0.0839,26900000000.0,1190000000.0,10.54,-93.52
3.6e-05,2.5e-05,3e-13,3.5e-10,5e-11,0.0839,27000000000.0,1190000000.0,10.54,-93.74
3.6e-05,2.5e-05,3e-13,3.5e-10,1.5e-10,0.0839,26900000000.0,1190000000.0,10.54,-93.49
3.6e-05,2.5e-05,3e-13,3.5e-10,2e-10,0.0839,26900000000.0,1190000000.0,10.54,-93.03
3.6e-05,2.5e-05,3e-13,3.5e-10,2.5e-10,0.0839,26900000000.0,1190000000.0,10.54,-93.41
3.6e-05,2.5e-05,3e-13,4.5e-10,1e-10,0.0839,24300000000.0,1020000000.0,11.11,-88.75
3.6e-05,2.5e-05,3e-13,4.5e-10,5e-11,0.0839,24300000000.0,1030000000.0,11.11,-88.74
3.6e-05,2.5e-05,3e-13,4.5e-10,1.5e-10,0.0839,24300000000.0,1040000000.0,11.12,-89.06
3.6e-05,2.5e-05,3e-13,4.5e-10,2e-10,0.0839,24300000000.0,1030000000.0,11.12,-88.87
3.6e-05,2.5e-05,3e-13,4.5e-10,2.5e-10,0.0839,24300000000.0,1040000000.0,11.11,-89.02
3.6e-05,2.5e-05,3e-13,5e-10,1e-10,0.0839,23400000000.0,978000000.0,11.35,-87.35
3.6e-05,2.5e-05,3e-13,5e-10,5e-11,0.0839,23400000000.0,978000000.0,11.35,-87.39
3.6e-05,2.5e-05,3e-13,5e-10,1.5e-10,0.0839,23400000000.0,976000000.0,11.35,-87.62
3.6e-05,2.5e-05,3e-13,5e-10,2e-10,0.0839,23400000000.0,968000000.0,11.35,-87.56
3.6e-05,2.5e-05,3e-13,5e-10,2.5e-10,0.0839,23400000000.0,970000000.0,11.35,-87.21
3.6e-05,2.5e-05,4e-13,4e-10,1e-10,0.0839,25500000000.0,1100000000.0,10.85,-87.83
3.6e-05,2.5e-05,4e-13,4e-10,5e-11,0.0839,25500000000.0,1100000000.0,10.85,-90.64
3.6e-05,2.5e-05,4e-13,4e-10,1.5e-10,0.0839,25500000000.0,1100000000.0,10.85,-90.75
3.6e-05,2.5e-05,4e-13,4e-10,2e-10,0.0839,25500000000.0,1110000000.0,10.85,-91.11
3.6e-05,2.5e-05,4e-13,4e-10,2.5e-10,0.0839,25500000000.0,1100000000.0,10.85,-90.58
3.6e-05,2.5e-05,4e-13,3e-10,5e-11,0.0839,28800000000.0,1310000000.0,10.13,-93.98
3.6e-05,2.5e-05,4e-13,3e-10,1.5e-10,0.0839,28800000000.0,1310000000.0,10.13,-94.05
3.6e-05,2.5e-05,4e-13,3e-10,2e-10,0.0839,28800000000.0,1310000000.0,10.13,-94.15
3.6e-05,2.5e-05,4e-13,3e-10,2.5e-10,0.0839,28800000000.0,1300000000.0,10.13,-93.98
3.6e-05,2.5e-05,4e-13,3.5e-10,5e-11,0.0839,26900000000.0,1190000000.0,10.54,-93.25
3.6e-05,2.5e-05,4e-13,3.5e-10,1.5e-10,0.0839,26900000000.0,1190000000.0,10.54,-93.33
3.6e-05,2.5e-05,4e-13,3.5e-10,2.5e-10,0.0839,26900000000.0,1180000000.0,10.54,-93.46
3.6e-05,2.5e-05,4e-13,4.5e-10,1e-10,0.0839,24300000000.0,1030000000.0,11.11,-88.86
3.6e-05,2.5e-05,4e-13,4.5e-10,5e-11,0.0839,24300000000.0,1030000000.0,11.11,-88.97
3.6e-05,2.5e-05,4e-13,4.5e-10,1.5e-10,0.0839,24300000000.0,1030000000.0,11.12,-89.1
3.6e-05,2.5e-05,4e-13,4.5e-10,2e-10,0.0839,24300000000.0,1040000000.0,11.11,-89.15
3.6e-05,2.5e-05,4e-13,4.5e-10,2.5e-10,0.0839,24300000000.0,1040000000.0,11.12,-88.64
3.6e-05,2.5e-05,4e-13,5e-10,1e-10,0.0839,23400000000.0,976000000.0,11.35,-87.16
3.6e-05,2.5e-05,4e-13,5e-10,5e-11,0.0839,23400000000.0,968000000.0,11.35,-86.88
3.6e-05,2.5e-05,4e-13,5e-10,1.5e-10,0.0839,23400000000.0,974000000.0,11.35,-87.36
3.6e-05,2.5e-05,4e-13,5e-10,2e-10,0.0839,23400000000.0,971000000.0,11.35,-88.07
3.6e-05,2.5e-05,4e-13,5e-10,2.5e-10,0.0839,23400000000.0,970000000.0,11.35,-87.49
3.6e-05,2.5e-05,6e-13,4e-10,1e-10,0.0839,25500000000.0,1090000000.0,10.85,-91.03
3.6e-05,2.5e-05,6e-13,4e-10,5e-11,0.0839,25500000000.0,1100000000.0,10.85,-90.86
3.6e-05,2.5e-05,6e-13,4e-10,1.5e-10,0.0839,25500000000.0,1100000000.0,10.85,-90.21
3.6e-05,2.5e-05,6e-13,4e-10,2e-10,0.0839,25500000000.0,1100000000.0,10.85,-90.96
3.6e-05,2.5e-05,6e-13,4e-10,2.5e-10,0.0839,25500000000.0,1100000000.0,10.85,-91.27
3.6e-05,2.5e-05,6e-13,3e-10,1e-10,0.0839,28800000000.0,1300000000.0,10.13,-94.12
3.6e-05,2.5e-05,6e-13,3e-10,5e-11,0.0839,28800000000.0,1300000000.0,10.13,-93.89
3.6e-05,2.5e-05,6e-13,3e-10,2e-10,0.0839,28800000000.0,1310000000.0,10.13,-93.96
3.6e-05,2.5e-05,6e-13,3.5e-10,1e-10,0.0839,26900000000.0,1190000000.0,10.54,-93.35
3.6e-05,2.5e-05,6e-13,3.5e-10,5e-11,0.0839,26900000000.0,1190000000.0,10.54,-93.64
3.6e-05,2.5e-05,6e-13,3.5e-10,1.5e-10,0.0839,26900000000.0,1190000000.0,10.54,-93.7
3.6e-05,2.5e-05,6e-13,3.5e-10,2e-10,0.0839,26900000000.0,1190000000.0,10.54,-93.55
3.6e-05,2.5e-05,6e-13,3.5e-10,2.5e-10,0.0839,26900000000.0,1190000000.0,10.54,-93.36
3.6e-05,2.5e-05,6e-13,4.5e-10,1e-10,0.0839,24300000000.0,1030000000.0,11.11,-88.87
3.6e-05,2.5e-05,6e-13,4.5e-10,1.5e-10,0.0839,24300000000.0,1030000000.0,11.11,-88.76
3.6e-05,2.5e-05,6e-13,4.5e-10,2e-10,0.0839,24300000000.0,1030000000.0,11.12,-88.77
3.6e-05,2.5e-05,6e-13,4.5e-10,2.5e-10,0.0839,24300000000.0,1020000000.0,11.12,-88.68
3.6e-05,2.5e-05,6e-13,5e-10,5e-11,0.0839,23400000000.0,967000000.0,11.35,-87.65
3.6e-05,2.5e-05,6e-13,5e-10,1.5e-10,0.0839,23400000000.0,976000000.0,11.35,-87.17
3.6e-05,2.5e-05,6e-13,5e-10,2e-10,0.0839,23400000000.0,967000000.0,11.35,-87.58
3.6e-05,2.5e-05,6e-13,5e-10,2.5e-10,0.0839,23400000000.0,975000000.0,11.35,-87.44
3.6e-05,2.5e-05,7e-13,4e-10,1e-10,0.0839,25500000000.0,1110000000.0,10.85,-90.69
3.6e-05,2.5e-05,7e-13,4e-10,5e-11,0.0839,25500000000.0,1100000000.0,10.85,-91.13
3.6e-05,2.5e-05,7e-13,4e-10,1.5e-10,0.0839,25500000000.0,1100000000.0,10.85,-90.71
3.6e-05,2.5e-05,7e-13,4e-10,2e-10,0.0839,25500000000.0,1100000000.0,10.85,-90.99
3.6e-05,2.5e-05,7e-13,4e-10,2.5e-10,0.0839,25500000000.0,1100000000.0,10.85,-90.93
3.6e-05,2.5e-05,7e-13,3e-10,1e-10,0.0839,28800000000.0,1310000000.0,10.13,-94.01
3.6e-05,2.5e-05,7e-13,3e-10,5e-11,0.0839,28800000000.0,1300000000.0,10.13,-93.82
3.6e-05,2.5e-05,7e-13,3e-10,1.5e-10,0.0839,28800000000.0,1300000000.0,10.13,-93.95
3.6e-05,2.5e-05,7e-13,3e-10,2e-10,0.0839,28800000000.0,1300000000.0,10.13,-93.96
3.6e-05,2.5e-05,7e-13,3e-10,2.5e-10,0.0839,28800000000.0,1310000000.0,10.13,-93.88
3.6e-05,2.5e-05,7e-13,3.5e-10,1e-10,0.0839,26900000000.0,1190000000.0,10.54,-93.32
3.6e-05,2.5e-05,7e-13,3.5e-10,5e-11,0.0839,26900000000.0,1190000000.0,10.54,-93.39
3.6e-05,2.5e-05,7e-13,3.5e-10,1.5e-10,0.0839,26900000000.0,1190000000.0,10.54,-93.22
3.6e-05,2.5e-05,7e-13,3.5e-10,2e-10,0.0839,26900000000.0,1190000000.0,10.54,-93.2
3.6e-05,2.5e-05,7e-13,3.5e-10,2.5e-10,0.0839,26900000000.0,1190000000.0,10.54,-93.17
3.6e-05,2.5e-05,7e-13,4.5e-10,1e-10,0.0839,24300000000.0,1030000000.0,11.11,-88.75
3.6e-05,2.5e-05,7e-13,4.5e-10,5e-11,0.0839,24300000000.0,1040000000.0,11.11,-89.0
3.6e-05,2.5e-05,7e-13,4.5e-10,1.5e-10,0.0839,24300000000.0,1030000000.0,11.12,-88.41
3.6e-05,2.5e-05,7e-13,4.5e-10,2e-10,0.0839,24300000000.0,1020000000.0,11.11,-88.59
3.6e-05,2.5e-05,7e-13,4.5e-10,2.5e-10,0.0839,24300000000.0,1030000000.0,11.11,-88.92
3.6e-05,2.5e-05,7e-13,5e-10,1e-10,0.0839,23400000000.0,964000000.0,11.35,-87.5
3.6e-05,2.5e-05,7e-13,5e-10,5e-11,0.0839,23400000000.0,969000000.0,11.35,-87.47
3.6e-05,2.5e-05,7e-13,5e-10,1.5e-10,0.0839,23400000000.0,977000000.0,11.35,-87.42
3.6e-05,2.5e-05,7e-13,5e-10,2e-10,0.0839,23400000000.0,974000000.0,11.35,-87.13
3.6e-05,2.5e-05,7e-13,5e-10,2.5e-10,0.0839,23400000000.0,969000000.0,11.35,-87.45
3.7e-05,5e-06,5e-13,4e-10,1e-10,0.0862,27200000000.0,606000000.0,10.75,-93.54
3.7e-05,5e-06,5e-13,4e-10,5e-11,0.0862,27200000000.0,606000000.0,10.75,-93.67
3.7e-05,5e-06,5e-13,4e-10,1.5e-10,0.0862,27200000000.0,603000000.0,10.75,-93.72
3.7e-05,5e-06,5e-13,4e-10,2e-10,0.0862,27200000000.0,606000000.0,10.75,-93.59
3.7e-05,5e-06,5e-13,4e-10,2.5e-10,0.0862,27200000000.0,606000000.0,10.75,-93.64
3.7e-05,5e-06,5e-13,3e-10,1e-10,0.0862,31000000000.0,755000000.0,10.11,-86.16
3.7e-05,5e-06,5e-13,3e-10,5e-11,0.0862,31000000000.0,757000000.0,10.11,-85.99
3.7e-05,5e-06,5e-13,3e-10,1.5e-10,0.0862,31000000000.0,757000000.0,10.11,-86.12
3.7e-05,5e-06,5e-13,3e-10,2e-10,0.0862,31000000000.0,755000000.0,10.11,-86.05
3.7e-05,5e-06,5e-13,3e-10,2.5e-10,0.0862,31000000000.0,756000000.0,10.11,-86.06
3.7e-05,5e-06,5e-13,3.5e-10,1e-10,0.0862,28800000000.0,668000000.0,10.48,-90.38
3.7e-05,5e-06,5e-13,3.5e-10,5e-11,0.0862,28800000000.0,667000000.0,10.48,-90.51
3.7e-05,5e-06,5e-13,3.5e-10,1.5e-10,0.0862,28800000000.0,669000000.0,10.48,-90.0
3.7e-05,5e-06,5e-13,3.5e-10,2e-10,0.0862,28800000000.0,669000000.0,10.48,-90.62
3.7e-05,5e-06,5e-13,3.5e-10,2.5e-10,0.0862,28800000000.0,666000000.0,10.48,-90.59
3.7e-05,5e-06,5e-13,4.5e-10,1e-10,0.0862,25900000000.0,562000000.0,10.97,-93.6
3.7e-05,5e-06,5e-13,4.5e-10,5e-11,0.0862,25900000000.0,560000000.0,10.97,-93.49
3.7e-05,5e-06,5e-13,4.5e-10,1.5e-10,0.0862,25900000000.0,562000000.0,10.97,-93.65
3.7e-05,5e-06,5e-13,4.5e-10,2e-10,0.0862,25900000000.0,562000000.0,10.97,-91.3
3.7e-05,5e-06,5e-13,4.5e-10,2.5e-10,0.0862,25900000000.0,559000000.0,10.97,-93.5
3.7e-05,5e-06,5e-13,5e-10,1e-10,0.0862,24900000000.0,524000000.0,11.16,-91.67
3.7e-05,5e-06,5e-13,5e-10,5e-11,0.0862,24900000000.0,521000000.0,11.16,-91.32
3.7e-05,5e-06,5e-13,5e-10,1.5e-10,0.0862,24900000000.0,525000000.0,11.16,-92.14
3.7e-05,5e-06,5e-13,5e-10,2e-10,0.0862,24900000000.0,522000000.0,11.16,-91.72
3.7e-05,5e-06,3e-13,4e-10,1e-10,0.0862,27200000000.0,604000000.0,10.75,-93.7
3.7e-05,5e-06,3e-13,4e-10,5e-11,0.0862,27200000000.0,605000000.0,10.75,-93.69
3.7e-05,5e-06,3e-13,4e-10,1.5e-10,0.0862,27200000000.0,608000000.0,10.75,-93.63
3.7e-05,5e-06,3e-13,4e-10,2e-10,0.0862,27200000000.0,607000000.0,10.75,-93.52
3.7e-05,5e-06,3e-13,4e-10,2.5e-10,0.0862,27200000000.0,607000000.0,10.75,-93.77
3.7e-05,5e-06,3e-13,3e-10,1e-10,0.0862,31000000000.0,757000000.0,10.11,-86.04
3.7e-05,5e-06,3e-13,3e-10,5e-11,0.0862,31000000000.0,755000000.0,10.11,-86.15
3.7e-05,5e-06,3e-13,3e-10,1.5e-10,0.0862,31000000000.0,757000000.0,10.11,-86.03
3.7e-05,5e-06,3e-13,3e-10,2e-10,0.0862,31000000000.0,757000000.0,10.11,-85.97
3.7e-05,5e-06,3e-13,3e-10,2.5e-10,0.0862,31000000000.0,756000000.0,10.11,-86.21
3.7e-05,5e-06,3e-13,3.5e-10,1e-10,0.0862,28800000000.0,669000000.0,10.48,-90.27
3.7e-05,5e-06,3e-13,3.5e-10,5e-11,0.0862,28800000000.0,669000000.0,10.48,-90.22
3.7e-05,5e-06,3e-13,3.5e-10,1.5e-10,0.0862,28800000000.0,669000000.0,10.48,-90.43
3.7e-05,5e-06,3e-13,3.5e-10,2e-10,0.0862,28800000000.0,667000000.0,10.48,-90.56
3.7e-05,5e-06,3e-13,3.5e-10,2.5e-10,0.0862,28800000000.0,669000000.0,10.48,-90.13
3.7e-05,5e-06,3e-13,4.5e-10,1e-10,0.0862,25900000000.0,559000000.0,10.97,-93.47
3.7e-05,5e-06,3e-13,4.5e-10,5e-11,0.0862,25900000000.0,558000000.0,10.97,-93.53
3.7e-05,5e-06,3e-13,4.5e-10,1.5e-10,0.0862,25900000000.0,560000000.0,10.97,-93.44
3.7e-05,5e-06,3e-13,4.5e-10,2e-10,0.0862,25900000000.0,557000000.0,10.97,-93.42
3.7e-05,5e-06,3e-13,4.5e-10,2.5e-10,0.0862,25900000000.0,558000000.0,10.97,-93.66
3.7e-05,5e-06,3e-13,5e-10,1e-10,0.0862,24900000000.0,526000000.0,11.16,-91.43
3.7e-05,5e-06,3e-13,5e-10,5e-11,0.0862,24900000000.0,524000000.0,11.16,-90.27
3.7e-05,5e-06,3e-13,5e-10,1.5e-10,0.0862,24900000000.0,523000000.0,11.16,-91.49
3.7e-05,5e-06,3e-13,5e-10,2e-10,0.0862,24900000000.0,524000000.0,11.16,-91.58
3.7e-05,5e-06,3e-13,5e-10,2.5e-10,0.0862,24900000000.0,526000000.0,11.16,-91.6
3.7e-05,5e-06,4e-13,4e-10,1e-10,0.0862,27200000000.0,608000000.0,10.75,-93.85
3.7e-05,5e-06,4e-13,4e-10,1.5e-10,0.0862,27200000000.0,603000000.0,10.75,-93.49
3.7e-05,5e-06,4e-13,4e-10,2e-10,0.0862,27200000000.0,606000000.0,10.75,-93.79
3.7e-05,5e-06,4e-13,4e-10,2.5e-10,0.0862,27200000000.0,606000000.0,10.75,-93.45
3.7e-05,5e-06,4e-13,3e-10,1e-10,0.0862,31000000000.0,755000000.0,10.11,-86.08
3.7e-05,5e-06,4e-13,3e-10,5e-11,0.0862,31000000000.0,756000000.0,10.11,-86.04
3.7e-05,5e-06,4e-13,3e-10,1.5e-10,0.0862,31000000000.0,757000000.0,10.11,-86.06
3.7e-05,5e-06,4e-13,3e-10,2e-10,0.0862,31000000000.0,757000000.0,10.11,-86.37
3.7e-05,5e-06,4e-13,3.5e-10,1e-10,0.0862,28800000000.0,666000000.0,10.48,-90.61
3.7e-05,5e-06,4e-13,3.5e-10,5e-11,0.0862,28800000000.0,669000000.0,10.48,-90.08
3.7e-05,5e-06,4e-13,3.5e-10,1.5e-10,0.0862,28800000000.0,669000000.0,10.48,-90.23
3.7e-05,5e-06,4e-13,3.5e-10,2e-10,0.0862,28800000000.0,668000000.0,10.48,-90.35
3.7e-05,5e-06,4e-13,3.5e-10,2.5e-10,0.0862,28800000000.0,667000000.0,10.48,-90.53
3.7e-05,5e-06,4e-13,4.5e-10,1e-10,0.0862,25900000000.0,561000000.0,10.97,-93.46
3.7e-05,5e-06,4e-13,4.5e-10,5e-11,0.0862,25900000000.0,558000000.0,10.97,-93.46
3.7e-05,5e-06,4e-13,4.5e-10,1.5e-10,0.0862,25900000000.0,557000000.0,10.97,-93.31
3.7e-05,5e-06,4e-13,4.5e-10,2e-10,0.0862,25900000000.0,558000000.0,10.97,-93.41
3.7e-05,5e-06,4e-13,4.5e-10,2.5e-10,0.0862,25900000000.0,560000000.0,10.97,-93.39
3.7e-05,5e-06,4e-13,5e-10,1e-10,0.0862,24900000000.0,521000000.0,11.16,-92.05
3.7e-05,5e-06,4e-13,5e-10,1.5e-10,0.0862,24900000000.0,524000000.0,11.16,-91.55
3.7e-05,5e-06,4e-13,5e-10,2e-10,0.0862,24900000000.0,525000000.0,11.16,-91.62
3.7e-05,5e-06,4e-13,5e-10,2.5e-10,0.0862,24900000000.0,523000000.0,11.16,-91.63
3.7e-05,5e-06,6e-13,4e-10,1e-10,0.0862,27200000000.0,606000000.0,10.75,-93.49
3.7e-05,5e-06,6e-13,4e-10,1.5e-10,0.0862,27200000000.0,608000000.0,10.75,-93.58
3.7e-05,5e-06,6e-13,4e-10,2e-10,0.0862,27200000000.0,606000000.0,10.75,-93.43
3.7e-05,5e-06,6e-13,4e-10,2.5e-10,0.0862,27200000000.0,606000000.0,10.75,-93.9
3.7e-05,5e-06,6e-13,3e-10,1e-10,0.0862,31000000000.0,756000000.0,10.11,-86.18
3.7e-05,5e-06,6e-13,3e-10,1.5e-10,0.0862,31000000000.0,756000000.0,10.11,-85.97
3.7e-05,5e-06,6e-13,3e-10,2e-10,0.0862,31000000000.0,756000000.0,10.11,-86.22
3.7e-05,5e-06,6e-13,3.5e-10,1e-10,0.0862,28800000000.0,666000000.0,10.48,-90.38
3.7e-05,5e-06,6e-13,3.5e-10,1.5e-10,0.0862,28800000000.0,668000000.0,10.48,-90.24
3.7e-05,5e-06,6e-13,3.5e-10,2e-10,0.0862,28800000000.0,666000000.0,10.48,-90.5
3.7e-05,5e-06,6e-13,3.5e-10,2.5e-10,0.0862,28800000000.0,668000000.0,10.48,-90.2
3.7e-05,5e-06,6e-13,4.5e-10,1e-10,0.0862,25900000000.0,559000000.0,10.97,-93.57
3.7e-05,5e-06,6e-13,4.5e-10,1.5e-10,0.0862,25900000000.0,560000000.0,10.97,-93.57
3.7e-05,5e-06,6e-13,4.5e-10,2e-10,0.0862,25900000000.0,560000000.0,10.97,-93.51
3.7e-05,5e-06,6e-13,4.5e-10,2.5e-10,0.0862,25900000000.0,560000000.0,10.97,-93.35
3.7e-05,5e-06,6e-13,5e-10,1e-10,0.0862,24900000000.0,523000000.0,11.16,-91.69
3.7e-05,5e-06,6e-13,5e-10,5e-11,0.0862,24900000000.0,525000000.0,11.16,-91.92
3.7e-05,5e-06,6e-13,5e-10,2e-10,0.0862,24900000000.0,524000000.0,11.16,-91.68
3.7e-05,5e-06,6e-13,5e-10,2.5e-10,0.0862,24900000000.0,523000000.0,11.16,-91.62
3.7e-05,5e-06,7e-13,4e-10,1e-10,0.0862,27200000000.0,606000000.0,10.75,-93.44
3.7e-05,5e-06,7e-13,4e-10,5e-11,0.0862,27200000000.0,603000000.0,10.75,-92.94
3.7e-05,5e-06,7e-13,4e-10,1.5e-10,0.0862,27200000000.0,603000000.0,10.75,-93.77
3.7e-05,5e-06,7e-13,4e-10,2e-10,0.0862,27200000000.0,605000000.0,10.75,-93.52
3.7e-05,5e-06,7e-13,4e-10,2.5e-10,0.0862,27200000000.0,607000000.0,10.75,-93.58
3.7e-05,5e-06,7e-13,3e-10,1e-10,0.0862,31000000000.0,755000000.0,10.11,-86.03
3.7e-05,5e-06,7e-13,3e-10,5e-11,0.0862,31000000000.0,757000000.0,10.11,-86.01
3.7e-05,5e-06,7e-13,3e-10,1.5e-10,0.0862,31000000000.0,755000000.0,10.11,-86.11
3.7e-05,5e-06,7e-13,3e-10,2.5e-10,0.0862,31000000000.0,756000000.0,10.11,-85.92
3.7e-05,5e-06,7e-13,3.5e-10,1e-10,0.0862,28800000000.0,669000000.0,10.48,-90.1
3.7e-05,5e-06,7e-13,3.5e-10,5e-11,0.0862,28800000000.0,668000000.0,10.48,-90.22
3.7e-05,5e-06,7e-13,3.5e-10,1.5e-10,0.0862,28800000000.0,668000000.0,10.48,-90.34
3.7e-05,5e-06,7e-13,3.5e-10,2e-10,0.0862,28800000000.0,669000000.0,10.48,-90.37
3.7e-05,5e-06,7e-13,3.5e-10,2.5e-10,0.0862,28800000000.0,669000000.0,10.48,-90.25
3.7e-05,5e-06,7e-13,4.5e-10,1e-10,0.0862,25900000000.0,559000000.0,10.97,-93.21
3.7e-05,5e-06,7e-13,4.5e-10,5e-11,0.0862,25900000000.0,560000000.0,10.97,-93.53
3.7e-05,5e-06,7e-13,4.5e-10,1.5e-10,0.0862,25900000000.0,561000000.0,10.97,-93.53
3.7e-05,5e-06,7e-13,4.5e-10,2e-10,0.0862,25900000000.0,560000000.0,10.97,-93.42
3.7e-05,5e-06,7e-13,4.5e-10,2.5e-10,0.0862,25900000000.0,558000000.0,10.97,-93.65
3.7e-05,5e-06,7e-13,5e-10,1e-10,0.0862,24900000000.0,523000000.0,11.16,-70.22
3.7e-05,5e-06,7e-13,5e-10,5e-11,0.0862,24900000000.0,524000000.0,11.16,-91.74
3.7e-05,5e-06,7e-13,5e-10,1.5e-10,0.0862,24900000000.0,523000000.0,11.16,-91.61
3.7e-05,5e-06,7e-13,5e-10,2e-10,0.0862,24900000000.0,524000000.0,11.16,-91.7
3.7e-05,5e-06,7e-13,5e-10,2.5e-10,0.0862,24900000000.0,524000000.0,11.16,-91.63
3.7e-05,6e-06,5e-13,4e-10,1e-10,0.0862,27000000000.0,702000000.0,10.78,-93.73
3.7e-05,6e-06,5e-13,4e-10,5e-11,0.0862,27000000000.0,700000000.0,10.78,-94.03
3.7e-05,6e-06,5e-13,4e-10,1.5e-10,0.0862,27000000000.0,700000000.0,10.78,-93.95
3.7e-05,6e-06,5e-13,4e-10,2e-10,0.0862,27000000000.0,702000000.0,10.78,-93.77
3.7e-05,6e-06,5e-13,4e-10,2.5e-10,0.0862,27000000000.0,700000000.0,10.78,-93.97
3.7e-05,6e-06,5e-13,3e-10,1e-10,0.0862,30800000000.0,877000000.0,10.14,-86.28
3.7e-05,6e-06,5e-13,3e-10,5e-11,0.0862,30800000000.0,875000000.0,10.14,-86.26
3.7e-05,6e-06,5e-13,3e-10,1.5e-10,0.0862,30800000000.0,875000000.0,10.14,-86.46
3.7e-05,6e-06,5e-13,3e-10,2e-10,0.0862,30800000000.0,876000000.0,10.14,-86.37
3.7e-05,6e-06,5e-13,3e-10,2.5e-10,0.0862,30800000000.0,875000000.0,10.14,-86.47
3.7e-05,6e-06,5e-13,3.5e-10,1e-10,0.0862,28600000000.0,775000000.0,10.51,-90.73
3.7e-05,6e-06,5e-13,3.5e-10,5e-11,0.0862,28600000000.0,771000000.0,10.51,-90.67
3.7e-05,6e-06,5e-13,3.5e-10,1.5e-10,0.0862,28600000000.0,773000000.0,10.51,-90.89
3.7e-05,6e-06,5e-13,3.5e-10,2e-10,0.0862,28600000000.0,772000000.0,10.51,-91.09
3.7e-05,6e-06,5e-13,3.5e-10,2.5e-10,0.0862,28600000000.0,775000000.0,10.51,-90.67
3.7e-05,6e-06,5e-13,4.5e-10,1e-10,0.0862,25800000000.0,649000000.0,11.0,-93.5
3.7e-05,6e-06,5e-13,4.5e-10,5e-11,0.0862,25800000000.0,648000000.0,11.0,-93.52
3.7e-05,6e-06,5e-13,4.5e-10,1.5e-10,0.0862,25800000000.0,650000000.0,11.0,-93.41
3.7e-05,6e-06,5e-13,4.5e-10,2e-10,0.0862,25800000000.0,646000000.0,11.0,-93.38
3.7e-05,6e-06,5e-13,4.5e-10,2.5e-10,0.0862,25800000000.0,648000000.0,11.0,-93.37
3.7e-05,6e-06,5e-13,5e-10,1e-10,0.0862,24700000000.0,606000000.0,11.19,-91.26
3.7e-05,6e-06,5e-13,5e-10,5e-11,0.0862,24700000000.0,608000000.0,11.19,-91.49
3.7e-05,6e-06,5e-13,5e-10,1.5e-10,0.0862,24700000000.0,607000000.0,11.19,-91.3
3.7e-05,6e-06,5e-13,5e-10,2e-10,0.0862,24700000000.0,607000000.0,11.19,-91.49
3.7e-05,6e-06,5e-13,5e-10,2.5e-10,0.0862,24700000000.0,608000000.0,11.18,-91.64
3.7e-05,6e-06,3e-13,4e-10,1e-10,0.0862,27000000000.0,699000000.0,10.78,-94.0
3.7e-05,6e-06,3e-13,4e-10,5e-11,0.0862,27000000000.0,702000000.0,10.78,-93.16
3.7e-05,6e-06,3e-13,4e-10,1.5e-10,0.0862,27000000000.0,702000000.0,10.78,-93.86
3.7e-05,6e-06,3e-13,4e-10,2e-10,0.0862,27000000000.0,700000000.0,10.78,-93.8
3.7e-05,6e-06,3e-13,4e-10,2.5e-10,0.0862,27000000000.0,703000000.0,10.78,-94.05
3.7e-05,6e-06,3e-13,3e-10,1e-10,0.0862,30800000000.0,875000000.0,10.14,-86.67
3.7e-05,6e-06,3e-13,3e-10,1.5e-10,0.0862,30800000000.0,876000000.0,10.14,-86.71
3.7e-05,6e-06,3e-13,3e-10,2e-10,0.0862,30800000000.0,874000000.0,10.14,-86.63
3.7e-05,6e-06,3e-13,3.5e-10,1e-10,0.0862,28600000000.0,775000000.0,10.51,-91.13
3.7e-05,6e-06,3e-13,3.5e-10,5e-11,0.0862,28700000000.0,773000000.0,10.51,-90.96
3.7e-05,6e-06,3e-13,3.5e-10,1.5e-10,0.0862,28600000000.0,775000000.0,10.51,-90.57
3.7e-05,6e-06,3e-13,3.5e-10,2e-10,0.0862,28600000000.0,774000000.0,10.51,-90.73
3.7e-05,6e-06,3e-13,3.5e-10,2.5e-10,0.0862,28600000000.0,772000000.0,10.51,-91.11
3.7e-05,6e-06,3e-13,4.5e-10,1e-10,0.0862,25800000000.0,648000000.0,11.0,-93.73
3.7e-05,6e-06,3e-13,4.5e-10,5e-11,0.0862,25800000000.0,647000000.0,11.0,-93.38
3.7e-05,6e-06,3e-13,4.5e-10,1.5e-10,0.0862,25800000000.0,649000000.0,11.0,-93.36
3.7e-05,6e-06,3e-13,4.5e-10,2e-10,0.0862,25800000000.0,649000000.0,11.0,-93.11
3.7e-05,6e-06,3e-13,4.5e-10,2.5e-10,0.0862,25800000000.0,648000000.0,11.0,-93.47
3.7e-05,6e-06,3e-13,5e-10,1e-10,0.0862,24700000000.0,609000000.0,11.18,-91.89
3.7e-05,6e-06,3e-13,5e-10,5e-11,0.0862,24700000000.0,607000000.0,11.19,-91.45
3.7e-05,6e-06,3e-13,5e-10,1.5e-10,0.0862,24700000000.0,608000000.0,11.18,-91.59
3.7e-05,6e-06,3e-13,5e-10,2e-10,0.0862,24700000000.0,606000000.0,11.19,-86.71
3.7e-05,6e-06,3e-13,5e-10,2.5e-10,0.0862,24700000000.0,611000000.0,11.19,-90.02
3.7e-05,6e-06,4e-13,4e-10,1e-10,0.0862,27000000000.0,699000000.0,10.78,-93.99
3.7e-05,6e-06,4e-13,4e-10,5e-11,0.0862,27000000000.0,702000000.0,10.78,-93.61
3.7e-05,6e-06,4e-13,4e-10,1.5e-10,0.0862,27000000000.0,700000000.0,10.78,-94.04
3.7e-05,6e-06,4e-13,4e-10,2.5e-10,0.0862,27000000000.0,703000000.0,10.78,-93.83
3.7e-05,6e-06,4e-13,3e-10,1e-10,0.0862,30800000000.0,875000000.0,10.14,-86.5
3.7e-05,6e-06,4e-13,3e-10,5e-11,0.0862,30800000000.0,876000000.0,10.14,-86.25
3.7e-05,6e-06,4e-13,3e-10,1.5e-10,0.0862,30800000000.0,874000000.0,10.14,-86.57
3.7e-05,6e-06,4e-13,3e-10,2e-10,0.0862,30800000000.0,876000000.0,10.14,-86.53
3.7e-05,6e-06,4e-13,3e-10,2.5e-10,0.0862,30800000000.0,875000000.0,10.14,-86.48
3.7e-05,6e-06,4e-13,3.5e-10,1e-10,0.0862,28600000000.0,775000000.0,10.51,-90.69
3.7e-05,6e-06,4e-13,3.5e-10,5e-11,0.0862,28600000000.0,772000000.0,10.51,-91.04
3.7e-05,6e-06,4e-13,3.5e-10,1.5e-10,0.0862,28600000000.0,774000000.0,10.51,-90.68
3.7e-05,6e-06,4e-13,3.5e-10,2e-10,0.0862,28600000000.0,773000000.0,10.51,-90.78
3.7e-05,6e-06,4e-13,3.5e-10,2.5e-10,0.0862,28600000000.0,775000000.0,10.51,-90.62
3.7e-05,6e-06,4e-13,4.5e-10,1e-10,0.0862,25800000000.0,650000000.0,11.0,-93.45
3.7e-05,6e-06,4e-13,4.5e-10,5e-11,0.0862,25800000000.0,648000000.0,11.0,-93.58
3.7e-05,6e-06,4e-13,4.5e-10,1.5e-10,0.0862,25800000000.0,647000000.0,11.0,-93.78
3.7e-05,6e-06,4e-13,4.5e-10,2e-10,0.0862,25800000000.0,647000000.0,11.0,-93.41
3.7e-05,6e-06,4e-13,4.5e-10,2.5e-10,0.0862,25800000000.0,645000000.0,11.0,-93.83
3.7e-05,6e-06,4e-13,5e-10,1e-10,0.0862,24700000000.0,606000000.0,11.19,-91.91
3.7e-05,6e-06,4e-13,5e-10,5e-11,0.0862,24700000000.0,606000000.0,11.19,-91.23
3.7e-05,6e-06,4e-13,5e-10,1.5e-10,0.0862,24700000000.0,609000000.0,11.19,-91.48
3.7e-05,6e-06,4e-13,5e-10,2e-10,0.0862,24700000000.0,606000000.0,11.19,-91.24
3.7e-05,6e-06,4e-13,5e-10,2.5e-10,0.0862,24700000000.0,610000000.0,11.18,-91.59
3.7e-05,6e-06,6e-13,4e-10,1e-10,0.0862,27000000000.0,700000000.0,10.78,-93.82
3.7e-05,6e-06,6e-13,4e-10,5e-11,0.0862,27000000000.0,703000000.0,10.78,-93.93
3.7e-05,6e-06,6e-13,4e-10,1.5e-10,0.0862,27000000000.0,701000000.0,10.78,-93.63
3.7e-05,6e-06,6e-13,3e-10,1e-10,0.0862,30800000000.0,876000000.0,10.14,-86.2
3.7e-05,6e-06,6e-13,3e-10,5e-11,0.0862,30800000000.0,875000000.0,10.14,-86.43
3.7e-05,6e-06,6e-13,3e-10,1.5e-10,0.0862,30800000000.0,875000000.0,10.14,-86.39
3.7e-05,6e-06,6e-13,3e-10,2e-10,0.0862,30800000000.0,874000000.0,10.14,-86.21
3.7e-05,6e-06,6e-13,3e-10,2.5e-10,0.0862,30800000000.0,876000000.0,10.14,-86.33
3.7e-05,6e-06,6e-13,3.5e-10,1e-10,0.0862,28600000000.0,775000000.0,10.51,-91.04
3.7e-05,6e-06,6e-13,3.5e-10,5e-11,0.0862,28600000000.0,771000000.0,10.51,-90.92
3.7e-05,6e-06,6e-13,3.5e-10,1.5e-10,0.0862,28600000000.0,773000000.0,10.51,-90.73
3.7e-05,6e-06,6e-13,3.5e-10,2e-10,0.0862,28600000000.0,774000000.0,10.51,-90.69
3.7e-05,6e-06,6e-13,3.5e-10,2.5e-10,0.0862,28600000000.0,775000000.0,10.51,-90.63
3.7e-05,6e-06,6e-13,4.5e-10,1e-10,0.0862,25800000000.0,649000000.0,11.0,-93.19
3.7e-05,6e-06,6e-13,4.5e-10,5e-11,0.0862,25800000000.0,649000000.0,11.0,-93.53
3.7e-05,6e-06,6e-13,4.5e-10,1.5e-10,0.0862,25800000000.0,645000000.0,11.0,-93.37
3.7e-05,6e-06,6e-13,4.5e-10,2e-10,0.0862,25800000000.0,650000000.0,11.0,-93.18
3.7e-05,6e-06,6e-13,4.5e-10,2.5e-10,0.0862,25800000000.0,649000000.0,11.0,-93.41
3.7e-05,6e-06,6e-13,5e-10,1e-10,0.0862,24700000000.0,607000000.0,11.19,-91.5
3.7e-05,6e-06,6e-13,5e-10,5e-11,0.0862,24700000000.0,610000000.0,11.19,-91.79
3.7e-05,6e-06,6e-13,5e-10,1.5e-10,0.0862,24700000000.0,607000000.0,11.19,-91.55
3.7e-05,6e-06,6e-13,5e-10,2e-10,0.0862,24700000000.0,607000000.0,11.19,-91.72
3.7e-05,6e-06,6e-13,5e-10,2.5e-10,0.0862,24700000000.0,609000000.0,11.19,-91.59
3.7e-05,6e-06,7e-13,4e-10,1e-10,0.0862,27000000000.0,699000000.0,10.78,-94.01
3.7e-05,6e-06,7e-13,4e-10,5e-11,0.0862,27000000000.0,701000000.0,10.78,-93.89
3.7e-05,6e-06,7e-13,4e-10,1.5e-10,0.0862,27000000000.0,699000000.0,10.78,-93.81
3.7e-05,6e-06,7e-13,4e-10,2e-10,0.0862,27000000000.0,703000000.0,10.78,-90.53
3.7e-05,6e-06,7e-13,4e-10,2.5e-10,0.0862,27000000000.0,702000000.0,10.78,-93.85
3.7e-05,6e-06,7e-13,3e-10,1e-10,0.0862,30800000000.0,875000000.0,10.14,-86.4
3.7e-05,6e-06,7e-13,3e-10,5e-11,0.0862,30800000000.0,875000000.0,10.14,-86.51
3.7e-05,6e-06,7e-13,3e-10,1.5e-10,0.0862,30800000000.0,876000000.0,10.14,-86.19
3.7e-05,6e-06,7e-13,3e-10,2e-10,0.0862,30800000000.0,876000000.0,10.14,-86.29
3.7e-05,6e-06,7e-13,3e-10,2.5e-10,0.0862,30800000000.0,876000000.0,10.14,-86.42
3.7e-05,6e-06,7e-13,3.5e-10,1e-10,0.0862,28600000000.0,775000000.0,10.51,-90.71
3.7e-05,6e-06,7e-13,3.5e-10,5e-11,0.0862,28600000000.0,775000000.0,10.51,-90.56
3.7e-05,6e-06,7e-13,3.5e-10,2e-10,0.0862,28600000000.0,775000000.0,10.51,-90.75
3.7e-05,6e-06,7e-13,3.5e-10,2.5e-10,0.0862,28600000000.0,775000000.0,10.51,-90.65
3.7e-05,6e-06,7e-13,4.5e-10,1e-10,0.0862,25800000000.0,646000000.0,11.0,-93.34
3.7e-05,6e-06,7e-13,4.5e-10,5e-11,0.0862,25800000000.0,649000000.0,11.0,-90.66
3.7e-05,6e-06,7e-13,4.5e-10,1.5e-10,0.0862,25800000000.0,648000000.0,11.0,-93.45
3.7e-05,6e-06,7e-13,4.5e-10,2.5e-10,0.0862,25800000000.0,648000000.0,11.0,-93.35
3.7e-05,6e-06,7e-13,5e-10,1e-10,0.0862,24700000000.0,607000000.0,11.19,-91.27
3.7e-05,6e-06,7e-13,5e-10,5e-11,0.0862,24700000000.0,608000000.0,11.18,-91.8
3.7e-05,6e-06,7e-13,5e-10,1.5e-10,0.0862,24700000000.0,608000000.0,11.18,-91.79
3.7e-05,6e-06,7e-13,5e-10,2.5e-10,0.0862,24700000000.0,609000000.0,11.19,-91.45
3.7e-05,7e-06,5e-13,4e-10,1e-10,0.0862,26900000000.0,791000000.0,10.8,-93.93
3.7e-05,7e-06,5e-13,4e-10,5e-11,0.0862,26900000000.0,786000000.0,10.8,-94.26
3.7e-05,7e-06,5e-13,4e-10,1.5e-10,0.0862,26900000000.0,789000000.0,10.8,-94.25
3.7e-05,7e-06,5e-13,4e-10,2e-10,0.0862,26900000000.0,789000000.0,10.8,-94.17
3.7e-05,7e-06,5e-13,4e-10,2.5e-10,0.0862,26900000000.0,791000000.0,10.8,-94.14
3.7e-05,7e-06,5e-13,3e-10,1e-10,0.0862,30600000000.0,984000000.0,10.17,-86.94
3.7e-05,7e-06,5e-13,3e-10,5e-11,0.0862,30600000000.0,984000000.0,10.17,-86.88
3.7e-05,7e-06,5e-13,3e-10,1.5e-10,0.0862,30600000000.0,983000000.0,10.17,-86.95
3.7e-05,7e-06,5e-13,3e-10,2e-10,0.0862,30600000000.0,983000000.0,10.17,-86.75
3.7e-05,7e-06,5e-13,3e-10,2.5e-10,0.0862,30600000000.0,984000000.0,10.17,-86.82
3.7e-05,7e-06,5e-13,3.5e-10,1e-10,0.0862,28500000000.0,869000000.0,10.53,-91.3
3.7e-05,7e-06,5e-13,3.5e-10,5e-11,0.0862,28500000000.0,867000000.0,10.53,-91.13
3.7e-05,7e-06,5e-13,3.5e-10,1.5e-10,0.0862,28500000000.0,868000000.0,10.53,-91.06
3.7e-05,7e-06,5e-13,3.5e-10,2e-10,0.0862,28500000000.0,870000000.0,10.53,-90.97
3.7e-05,7e-06,5e-13,3.5e-10,2.5e-10,0.0862,28500000000.0,869000000.0,10.53,-91.34
3.7e-05,7e-06,5e-13,4.5e-10,1e-10,0.0862,25600000000.0,729000000.0,11.02,-93.3
3.7e-05,7e-06,5e-13,4.5e-10,5e-11,0.0862,25600000000.0,730000000.0,11.02,-93.27
3.7e-05,7e-06,5e-13,4.5e-10,1.5e-10,0.0862,25600000000.0,728000000.0,11.02,-93.34
3.7e-05,7e-06,5e-13,4.5e-10,2e-10,0.0862,25600000000.0,730000000.0,11.02,-93.4
3.7e-05,7e-06,5e-13,5e-10,1e-10,0.0862,24600000000.0,684000000.0,11.21,-91.36
3.7e-05,7e-06,5e-13,5e-10,5e-11,0.0862,24600000000.0,684000000.0,11.21,-91.61
3.7e-05,7e-06,5e-13,5e-10,1.5e-10,0.0862,24600000000.0,685000000.0,11.21,-91.52
3.7e-05,7e-06,5e-13,5e-10,2e-10,0.0862,24600000000.0,684000000.0,11.21,-91.35
3.7e-05,7e-06,3e-13,4e-10,1e-10,0.0862,26900000000.0,791000000.0,10.8,-94.1
3.7e-05,7e-06,3e-13,4e-10,5e-11,0.0862,26900000000.0,790000000.0,10.8,-93.94
3.7e-05,7e-06,3e-13,4e-10,1.5e-10,0.0862,26900000000.0,788000000.0,10.8,-94.21
3.7e-05,7e-06,3e-13,4e-10,2e-10,0.0862,26900000000.0,788000000.0,10.8,-94.22
3.7e-05,7e-06,3e-13,4e-10,2.5e-10,0.0862,26900000000.0,789000000.0,10.8,-94.22
3.7e-05,7e-06,3e-13,3e-10,1e-10,0.0862,30600000000.0,983000000.0,10.17,-86.92
3.7e-05,7e-06,3e-13,3e-10,5e-11,0.0862,30600000000.0,984000000.0,10.17,-86.86
3.7e-05,7e-06,3e-13,3e-10,1.5e-10,0.0862,30600000000.0,984000000.0,10.17,-86.69
3.7e-05,7e-06,3e-13,3e-10,2e-10,0.0862,30600000000.0,983000000.0,10.17,-84.12
3.7e-05,7e-06,3e-13,3e-10,2.5e-10,0.0862,30600000000.0,985000000.0,10.17,-87.18
3.7e-05,7e-06,3e-13,3.5e-10,1e-10,0.0862,28500000000.0,868000000.0,10.53,-91.45
3.7e-05,7e-06,3e-13,3.5e-10,5e-11,0.0862,28500000000.0,869000000.0,10.53,-90.71
3.7e-05,7e-06,3e-13,3.5e-10,1.5e-10,0.0862,28500000000.0,871000000.0,10.53,-91.1
3.7e-05,7e-06,3e-13,3.5e-10,2e-10,0.0862,28500000000.0,870000000.0,10.53,-91.15
3.7e-05,7e-06,3e-13,3.5e-10,2.5e-10,0.0862,28500000000.0,868000000.0,10.53,-91.2
3.7e-05,7e-06,3e-13,4.5e-10,1e-10,0.0862,25600000000.0,729000000.0,11.02,-93.25
3.7e-05,7e-06,3e-13,4.5e-10,5e-11,0.0862,25600000000.0,729000000.0,11.02,-93.37
3.7e-05,7e-06,3e-13,4.5e-10,1.5e-10,0.0862,25600000000.0,731000000.0,11.02,-93.38
3.7e-05,7e-06,3e-13,4.5e-10,2e-10,0.0862,25600000000.0,727000000.0,11.02,-93.11
3.7e-05,7e-06,3e-13,4.5e-10,2.5e-10,0.0862,25600000000.0,728000000.0,11.02,-93.4
3.7e-05,7e-06,3e-13,5e-10,1e-10,0.0862,24600000000.0,683000000.0,11.21,-91.75
3.7e-05,7e-06,3e-13,5e-10,5e-11,0.0862,24600000000.0,683000000.0,11.21,-91.06
3.7e-05,7e-06,3e-13,5e-10,1.5e-10,0.0862,24600000000.0,684000000.0,11.21,-90.6
3.7e-05,7e-06,3e-13,5e-10,2e-10,0.0862,24600000000.0,684000000.0,11.21,-91.28
3.7e-05,7e-06,4e-13,4e-10,1e-10,0.0862,26900000000.0,788000000.0,10.8,-93.92
3.7e-05,7e-06,4e-13,4e-10,5e-11,0.0862,26900000000.0,792000000.0,10.8,-94.23
3.7e-05,7e-06,4e-13,4e-10,1.5e-10,0.0862,26900000000.0,792000000.0,10.8,-94.25
3.7e-05,7e-06,4e-13,4e-10,2e-10,0.0862,26900000000.0,789000000.0,10.8,-94.2
3.7e-05,7e-06,4e-13,4e-10,2.5e-10,0.0862,26900000000.0,792000000.0,10.8,-94.12
3.7e-05,7e-06,4e-13,3e-10,1e-10,0.0862,30600000000.0,985000000.0,10.17,-86.89
3.7e-05,7e-06,4e-13,3e-10,5e-11,0.0862,30600000000.0,983000000.0,10.17,-86.91
3.7e-05,7e-06,4e-13,3e-10,1.5e-10,0.0862,30600000000.0,983000000.0,10.17,-86.76
3.7e-05,7e-06,4e-13,3e-10,2.5e-10,0.0862,30600000000.0,984000000.0,10.17,-86.79
3.7e-05,7e-06,4e-13,3.5e-10,1e-10,0.0862,28500000000.0,869000000.0,10.53,-91.35
3.7e-05,7e-06,4e-13,3.5e-10,1.5e-10,0.0862,28500000000.0,871000000.0,10.53,-91.08
3.7e-05,7e-06,4e-13,3.5e-10,2e-10,0.0862,28500000000.0,869000000.0,10.53,-90.77
3.7e-05,7e-06,4e-13,3.5e-10,2.5e-10,0.0862,28500000000.0,868000000.0,10.53,-91.3
3.7e-05,7e-06,4e-13,4.5e-10,1e-10,0.0862,25600000000.0,730000000.0,11.02,-90.56
3.7e-05,7e-06,4e-13,4.5e-10,5e-11,0.0862,25600000000.0,729000000.0,11.02,-93.39
3.7e-05,7e-06,4e-13,4.5e-10,1.5e-10,0.0862,25600000000.0,730000000.0,11.02,-93.1
3.7e-05,7e-06,4e-13,4.5e-10,2e-10,0.0862,25600000000.0,732000000.0,11.02,-93.42
3.7e-05,7e-06,4e-13,4.5e-10,2.5e-10,0.0862,25600000000.0,733000000.0,11.02,-93.51
3.7e-05,7e-06,4e-13,5e-10,1e-10,0.0862,24600000000.0,681000000.0,11.21,-91.14
3.7e-05,7e-06,4e-13,5e-10,5e-11,0.0862,24600000000.0,684000000.0,11.21,-91.41
3.7e-05,7e-06,4e-13,5e-10,1.5e-10,0.0862,24600000000.0,684000000.0,11.21,-91.37
3.7e-05,7e-06,4e-13,5e-10,2e-10,0.0862,24600000000.0,685000000.0,11.21,-91.5
3.7e-05,7e-06,4e-13,5e-10,2.5e-10,0.0862,24600000000.0,686000000.0,11.21,-91.2
3.7e-05,7e-06,6e-13,4e-10,1e-10,0.0862,26900000000.0,786000000.0,10.8,-93.82
3.7e-05,7e-06,6e-13,4e-10,5e-11,0.0862,26900000000.0,791000000.0,10.8,-94.23
3.7e-05,7e-06,6e-13,4e-10,1.5e-10,0.0862,26900000000.0,789000000.0,10.8,-94.13
3.7e-05,7e-06,6e-13,4e-10,2e-10,0.0862,26900000000.0,786000000.0,10.8,-94.01
3.7e-05,7e-06,6e-13,4e-10,2.5e-10,0.0862,26900000000.0,788000000.0,10.8,-94.19
3.7e-05,7e-06,6e-13,3e-10,1e-10,0.0862,30600000000.0,983000000.0,10.17,-86.85
3.7e-05,7e-06,6e-13,3e-10,5e-11,0.0862,30600000000.0,985000000.0,10.17,-86.69
3.7e-05,7e-06,6e-13,3e-10,1.5e-10,0.0862,30600000000.0,983000000.0,10.17,-85.41
3.7e-05,7e-06,6e-13,3e-10,2e-10,0.0862,30600000000.0,983000000.0,10.17,-86.84
3.7e-05,7e-06,6e-13,3e-10,2.5e-10,0.0862,30600000000.0,984000000.0,10.17,-86.55
3.7e-05,7e-06,6e-13,3.5e-10,1e-10,0.0862,28500000000.0,869000000.0,10.53,-91.21
3.7e-05,7e-06,6e-13,3.5e-10,5e-11,0.0862,28500000000.0,867000000.0,10.53,-91.11
3.7e-05,7e-06,6e-13,3.5e-10,1.5e-10,0.0862,28500000000.0,871000000.0,10.53,-91.05
3.7e-05,7e-06,6e-13,3.5e-10,2e-10,0.0862,28500000000.0,870000000.0,10.53,-91.01
3.7e-05,7e-06,6e-13,3.5e-10,2.5e-10,0.0862,28500000000.0,868000000.0,10.53,-90.7
3.7e-05,7e-06,6e-13,4.5e-10,1e-10,0.0862,25600000000.0,728000000.0,11.02,-93.43
3.7e-05,7e-06,6e-13,4.5e-10,5e-11,0.0862,25600000000.0,730000000.0,11.02,-93.18
3.7e-05,7e-06,6e-13,4.5e-10,1.5e-10,0.0862,25600000000.0,729000000.0,11.02,-93.31
3.7e-05,7e-06,6e-13,4.5e-10,2e-10,0.0862,25600000000.0,729000000.0,11.02,-93.35
3.7e-05,7e-06,6e-13,4.5e-10,2.5e-10,0.0862,25600000000.0,727000000.0,11.02,-93.13
3.7e-05,7e-06,6e-13,5e-10,1e-10,0.0862,24600000000.0,681000000.0,11.21,-91.2
3.7e-05,7e-06,6e-13,5e-10,5e-11,0.0862,24600000000.0,686000000.0,11.21,-91.7
3.7e-05,7e-06,6e-13,5e-10,1.5e-10,0.0862,24600000000.0,683000000.0,11.21,-91.45
3.7e-05,7e-06,6e-13,5e-10,2e-10,0.0862,24600000000.0,686000000.0,11.21,-91.23
3.7e-05,7e-06,6e-13,5e-10,2.5e-10,0.0862,24600000000.0,683000000.0,11.21,-91.22
3.7e-05,7e-06,7e-13,4e-10,1e-10,0.0862,26900000000.0,786000000.0,10.8,-94.25
3.7e-05,7e-06,7e-13,4e-10,5e-11,0.0862,26900000000.0,788000000.0,10.8,-94.15
3.7e-05,7e-06,7e-13,4e-10,1.5e-10,0.0862,26900000000.0,791000000.0,10.8,-93.9
3.7e-05,7e-06,7e-13,4e-10,2e-10,0.0862,26900000000.0,786000000.0,10.8,-93.56
3.7e-05,7e-06,7e-13,4e-10,2.5e-10,0.0862,26900000000.0,792000000.0,10.8,-94.11
3.7e-05,7e-06,7e-13,3e-10,1e-10,0.0862,30600000000.0,983000000.0,10.17,-86.82
3.7e-05,7e-06,7e-13,3e-10,5e-11,0.0862,30600000000.0,985000000.0,10.17,-86.74
3.7e-05,7e-06,7e-13,3e-10,2e-10,0.0862,30600000000.0,984000000.0,10.17,-86.54
3.7e-05,7e-06,7e-13,3e-10,2.5e-10,0.0862,30600000000.0,982000000.0,10.17,-86.79
3.7e-05,7e-06,7e-13,3.5e-10,1e-10,0.0862,28500000000.0,870000000.0,10.53,-91.09
3.7e-05,7e-06,7e-13,3.5e-10,5e-11,0.0862,28500000000.0,868000000.0,10.53,-90.68
3.7e-05,7e-06,7e-13,3.5e-10,2e-10,0.0862,28500000000.0,867000000.0,10.53,-91.07
3.7e-05,7e-06,7e-13,3.5e-10,2.5e-10,0.0862,28500000000.0,871000000.0,10.53,-91.0
3.7e-05,7e-06,7e-13,4.5e-10,1e-10,0.0862,25600000000.0,729000000.0,11.02,-93.32
3.7e-05,7e-06,7e-13,4.5e-10,5e-11,0.0862,25600000000.0,726000000.0,11.02,-93.15
3.7e-05,7e-06,7e-13,4.5e-10,1.5e-10,0.0862,25600000000.0,729000000.0,11.02,-93.36
3.7e-05,7e-06,7e-13,4.5e-10,2e-10,0.0862,25600000000.0,732000000.0,11.02,-93.06
3.7e-05,7e-06,7e-13,4.5e-10,2.5e-10,0.0862,25600000000.0,727000000.0,11.02,-93.58
3.7e-05,7e-06,7e-13,5e-10,1e-10,0.0862,24600000000.0,683000000.0,11.21,-91.43
3.7e-05,7e-06,7e-13,5e-10,5e-11,0.0862,24600000000.0,682000000.0,11.21,-87.59
3.7e-05,7e-06,7e-13,5e-10,2.5e-10,0.0862,24600000000.0,682000000.0,11.21,-91.25
3.7e-05,8e-06,5e-13,4e-10,1e-10,0.0862,26700000000.0,867000000.0,10.82,-94.38
3.7e-05,8e-06,5e-13,4e-10,5e-11,0.0862,26700000000.0,864000000.0,10.82,-94.4
3.7e-05,8e-06,5e-13,4e-10,1.5e-10,0.0862,26700000000.0,865000000.0,10.82,-94.4
3.7e-05,8e-06,5e-13,4e-10,2e-10,0.0862,26700000000.0,869000000.0,10.82,-94.32
3.7e-05,8e-06,5e-13,4e-10,2.5e-10,0.0862,26700000000.0,868000000.0,10.82,-94.41
3.7e-05,8e-06,5e-13,3e-10,1e-10,0.0862,30400000000.0,1080000000.0,10.19,-87.15
3.7e-05,8e-06,5e-13,3e-10,5e-11,0.0862,30400000000.0,1080000000.0,10.19,-87.1
3.7e-05,8e-06,5e-13,3e-10,1.5e-10,0.0862,30400000000.0,1080000000.0,10.19,-87.33
3.7e-05,8e-06,5e-13,3e-10,2e-10,0.0862,30400000000.0,1080000000.0,10.19,-87.02
3.7e-05,8e-06,5e-13,3e-10,2.5e-10,0.0862,30400000000.0,1080000000.0,10.19,-87.28
3.7e-05,8e-06,5e-13,3.5e-10,1e-10,0.0862,28300000000.0,957000000.0,10.55,-91.38
3.7e-05,8e-06,5e-13,3.5e-10,5e-11,0.0862,28300000000.0,955000000.0,10.55,-91.77
3.7e-05,8e-06,5e-13,3.5e-10,1.5e-10,0.0862,28300000000.0,958000000.0,10.55,-91.33
3.7e-05,8e-06,5e-13,3.5e-10,2e-10,0.0862,28300000000.0,958000000.0,10.55,-91.79
3.7e-05,8e-06,5e-13,3.5e-10,2.5e-10,0.0862,28300000000.0,955000000.0,10.55,-91.86
3.7e-05,8e-06,5e-13,4.5e-10,1e-10,0.0862,25500000000.0,805000000.0,11.04,-93.45
3.7e-05,8e-06,5e-13,4.5e-10,5e-11,0.0862,25500000000.0,803000000.0,11.04,-91.02
3.7e-05,8e-06,5e-13,4.5e-10,1.5e-10,0.0862,25500000000.0,803000000.0,11.04,-93.45
3.7e-05,8e-06,5e-13,4.5e-10,2e-10,0.0862,25500000000.0,802000000.0,11.04,-93.3
3.7e-05,8e-06,5e-13,4.5e-10,2.5e-10,0.0862,25500000000.0,801000000.0,11.04,-93.19
3.7e-05,8e-06,5e-13,5e-10,1e-10,0.0862,24400000000.0,750000000.0,11.23,-91.25
3.7e-05,8e-06,5e-13,5e-10,5e-11,0.0862,24400000000.0,754000000.0,11.23,-91.1
3.7e-05,8e-06,5e-13,5e-10,1.5e-10,0.0862,24400000000.0,755000000.0,11.23,-91.39
3.7e-05,8e-06,5e-13,5e-10,2e-10,0.0862,24400000000.0,751000000.0,11.23,-91.29
3.7e-05,8e-06,5e-13,5e-10,2.5e-10,0.0862,24400000000.0,752000000.0,11.23,-90.94
3.7e-05,8e-06,3e-13,4e-10,1e-10,0.0862,26700000000.0,869000000.0,10.82,-94.3
3.7e-05,8e-06,3e-13,4e-10,5e-11,0.0862,26700000000.0,867000000.0,10.82,-94.37
3.7e-05,8e-06,3e-13,4e-10,1.5e-10,0.0862,26700000000.0,865000000.0,10.82,-94.39
3.7e-05,8e-06,3e-13,4e-10,2e-10,0.0862,26700000000.0,868000000.0,10.82,-94.25
3.7e-05,8e-06,3e-13,4e-10,2.5e-10,0.0862,26700000000.0,868000000.0,10.82,-94.24
3.7e-05,8e-06,3e-13,3e-10,1e-10,0.0862,30400000000.0,1080000000.0,10.19,-87.65
3.7e-05,8e-06,3e-13,3e-10,5e-11,0.0862,30400000000.0,1080000000.0,10.19,-87.26
3.7e-05,8e-06,3e-13,3e-10,1.5e-10,0.0862,30400000000.0,1080000000.0,10.19,-87.31
3.7e-05,8e-06,3e-13,3e-10,2e-10,0.0862,30400000000.0,1080000000.0,10.19,-87.32
3.7e-05,8e-06,3e-13,3e-10,2.5e-10,0.0862,30400000000.0,1080000000.0,10.19,-87.35
3.7e-05,8e-06,3e-13,3.5e-10,1e-10,0.0862,28300000000.0,956000000.0,10.55,-91.54
3.7e-05,8e-06,3e-13,3.5e-10,5e-11,0.0862,28300000000.0,955000000.0,10.55,-91.47
3.7e-05,8e-06,3e-13,3.5e-10,1.5e-10,0.0862,28300000000.0,955000000.0,10.55,-91.71
3.7e-05,8e-06,3e-13,3.5e-10,2e-10,0.0862,28300000000.0,956000000.0,10.55,-91.76
3.7e-05,8e-06,3e-13,3.5e-10,2.5e-10,0.0862,28300000000.0,957000000.0,10.55,-91.52
3.7e-05,8e-06,3e-13,4.5e-10,1e-10,0.0862,25500000000.0,804000000.0,11.04,-93.36
3.7e-05,8e-06,3e-13,4.5e-10,5e-11,0.0862,25500000000.0,802000000.0,11.04,-93.19
3.7e-05,8e-06,3e-13,4.5e-10,1.5e-10,0.0862,25500000000.0,804000000.0,11.04,-93.28
3.7e-05,8e-06,3e-13,4.5e-10,2e-10,0.0862,25500000000.0,803000000.0,11.04,-93.28
3.7e-05,8e-06,3e-13,4.5e-10,2.5e-10,0.0862,25500000000.0,802000000.0,11.04,-93.53
3.7e-05,8e-06,3e-13,5e-10,1e-10,0.0862,24500000000.0,750000000.0,11.23,-91.24
3.7e-05,8e-06,3e-13,5e-10,5e-11,0.0862,24500000000.0,753000000.0,11.23,-91.39
3.7e-05,8e-06,3e-13,5e-10,1.5e-10,0.0862,24500000000.0,752000000.0,11.23,-90.92
3.7e-05,8e-06,3e-13,5e-10,2e-10,0.0862,24500000000.0,752000000.0,11.23,-91.59
3.7e-05,8e-06,3e-13,5e-10,2.5e-10,0.0862,24500000000.0,754000000.0,11.23,-91.37
3.7e-05,8e-06,4e-13,4e-10,1e-10,0.0862,26700000000.0,867000000.0,10.82,-94.34
3.7e-05,8e-06,4e-13,4e-10,5e-11,0.0862,26700000000.0,867000000.0,10.82,-93.83
3.7e-05,8e-06,4e-13,4e-10,1.5e-10,0.0862,26700000000.0,871000000.0,10.82,-94.24
3.7e-05,8e-06,4e-13,4e-10,2e-10,0.0862,26700000000.0,866000000.0,10.82,-94.16
3.7e-05,8e-06,4e-13,4e-10,2.5e-10,0.0862,26700000000.0,868000000.0,10.82,-94.37
3.7e-05,8e-06,4e-13,3e-10,1e-10,0.0862,30400000000.0,1080000000.0,10.19,-87.13
3.7e-05,8e-06,4e-13,3e-10,5e-11,0.0862,30400000000.0,1080000000.0,10.19,-87.48
3.7e-05,8e-06,4e-13,3e-10,1.5e-10,0.0862,30400000000.0,1080000000.0,10.19,-86.98
3.7e-05,8e-06,4e-13,3e-10,2.5e-10,0.0862,30400000000.0,1080000000.0,10.19,-87.27
3.7e-05,8e-06,4e-13,3.5e-10,1e-10,0.0862,28300000000.0,956000000.0,10.55,-91.65
3.7e-05,8e-06,4e-13,3.5e-10,5e-11,0.0862,28300000000.0,955000000.0,10.55,-91.59
3.7e-05,8e-06,4e-13,3.5e-10,1.5e-10,0.0862,28300000000.0,955000000.0,10.55,-91.68
3.7e-05,8e-06,4e-13,3.5e-10,2e-10,0.0862,28300000000.0,958000000.0,10.55,-91.35
3.7e-05,8e-06,4e-13,4.5e-10,1e-10,0.0862,25500000000.0,803000000.0,11.04,-93.03
3.7e-05,8e-06,4e-13,4.5e-10,5e-11,0.0862,25500000000.0,799000000.0,11.04,-93.01
3.7e-05,8e-06,4e-13,4.5e-10,1.5e-10,0.0862,25500000000.0,802000000.0,11.04,-93.25
3.7e-05,8e-06,4e-13,4.5e-10,2e-10,0.0862,25500000000.0,800000000.0,11.04,-93.4
3.7e-05,8e-06,4e-13,4.5e-10,2.5e-10,0.0862,25500000000.0,805000000.0,11.04,-93.17
3.7e-05,8e-06,4e-13,5e-10,1e-10,0.0862,24500000000.0,753000000.0,11.23,-91.3
3.7e-05,8e-06,4e-13,5e-10,5e-11,0.0862,24500000000.0,753000000.0,11.23,-91.21
3.7e-05,8e-06,4e-13,5e-10,1.5e-10,0.0862,24400000000.0,752000000.0,11.23,-91.09
3.7e-05,8e-06,4e-13,5e-10,2e-10,0.0862,24400000000.0,754000000.0,11.23,-91.44
3.7e-05,8e-06,4e-13,5e-10,2.5e-10,0.0862,24400000000.0,752000000.0,11.23,-90.93
3.7e-05,8e-06,6e-13,4e-10,1e-10,0.0862,26700000000.0,867000000.0,10.82,-94.4
3.7e-05,8e-06,6e-13,4e-10,5e-11,0.0862,26700000000.0,868000000.0,10.82,-94.34
3.7e-05,8e-06,6e-13,4e-10,1.5e-10,0.0862,26700000000.0,868000000.0,10.82,-94.33
3.7e-05,8e-06,6e-13,4e-10,2e-10,0.0862,26700000000.0,869000000.0,10.82,-91.18
3.7e-05,8e-06,6e-13,4e-10,2.5e-10,0.0862,26700000000.0,867000000.0,10.82,-94.36
3.7e-05,8e-06,6e-13,3e-10,1e-10,0.0862,30400000000.0,1080000000.0,10.19,-87.18
3.7e-05,8e-06,6e-13,3e-10,5e-11,0.0862,30400000000.0,1080000000.0,10.19,-87.11
3.7e-05,8e-06,6e-13,3e-10,2e-10,0.0862,30400000000.0,1080000000.0,10.19,-86.92
3.7e-05,8e-06,6e-13,3e-10,2.5e-10,0.0862,30400000000.0,1080000000.0,10.19,-87.07
3.7e-05,8e-06,6e-13,3.5e-10,1e-10,0.0862,28300000000.0,957000000.0,10.55,-91.51
3.7e-05,8e-06,6e-13,3.5e-10,5e-11,0.0862,28300000000.0,954000000.0,10.55,-91.85
3.7e-05,8e-06,6e-13,3.5e-10,1.5e-10,0.0862,28300000000.0,955000000.0,10.55,-91.75
3.7e-05,8e-06,6e-13,3.5e-10,2e-10,0.0862,28300000000.0,955000000.0,10.55,-91.6
3.7e-05,8e-06,6e-13,4.5e-10,1e-10,0.0862,25500000000.0,802000000.0,11.04,-93.29
3.7e-05,8e-06,6e-13,4.5e-10,5e-11,0.0862,25500000000.0,805000000.0,11.04,-93.38
3.7e-05,8e-06,6e-13,4.5e-10,1.5e-10,0.0862,25500000000.0,800000000.0,11.04,-93.17
3.7e-05,8e-06,6e-13,4.5e-10,2e-10,0.0862,25500000000.0,802000000.0,11.04,-93.22
3.7e-05,8e-06,6e-13,4.5e-10,2.5e-10,0.0862,25500000000.0,802000000.0,11.04,-93.49
3.7e-05,8e-06,6e-13,5e-10,1e-10,0.0862,24400000000.0,752000000.0,11.23,-91.18
3.7e-05,8e-06,6e-13,5e-10,5e-11,0.0862,24400000000.0,752000000.0,11.23,-91.03
3.7e-05,8e-06,6e-13,5e-10,1.5e-10,0.0862,24400000000.0,752000000.0,11.23,-91.24
3.7e-05,8e-06,6e-13,5e-10,2e-10,0.0862,24400000000.0,752000000.0,11.23,-91.43
3.7e-05,8e-06,6e-13,5e-10,2.5e-10,0.0862,24400000000.0,752000000.0,11.23,-91.06
3.7e-05,8e-06,7e-13,4e-10,1e-10,0.0862,26700000000.0,871000000.0,10.82,-94.23
3.7e-05,8e-06,7e-13,4e-10,5e-11,0.0862,26700000000.0,868000000.0,10.82,-94.31
3.7e-05,8e-06,7e-13,4e-10,1.5e-10,0.0862,26700000000.0,866000000.0,10.82,-94.39
3.7e-05,8e-06,7e-13,3e-10,1e-10,0.0862,30400000000.0,1080000000.0,10.19,-87.54
3.7e-05,8e-06,7e-13,3e-10,5e-11,0.0862,30400000000.0,1080000000.0,10.19,-87.56
3.7e-05,8e-06,7e-13,3e-10,1.5e-10,0.0862,30400000000.0,1080000000.0,10.19,-86.95
3.7e-05,8e-06,7e-13,3e-10,2e-10,0.0862,30400000000.0,1080000000.0,10.19,-86.93
3.7e-05,8e-06,7e-13,3e-10,2.5e-10,0.0862,30400000000.0,1080000000.0,10.19,-87.21
3.7e-05,8e-06,7e-13,3.5e-10,1e-10,0.0862,28300000000.0,954000000.0,10.55,-91.75
3.7e-05,8e-06,7e-13,3.5e-10,5e-11,0.0862,28300000000.0,955000000.0,10.55,-91.62
3.7e-05,8e-06,7e-13,3.5e-10,1.5e-10,0.0862,28300000000.0,958000000.0,10.55,-91.4
3.7e-05,8e-06,7e-13,3.5e-10,2e-10,0.0862,28300000000.0,956000000.0,10.55,-91.45
3.7e-05,8e-06,7e-13,3.5e-10,2.5e-10,0.0862,28300000000.0,958000000.0,10.55,-91.32
3.7e-05,8e-06,7e-13,4.5e-10,5e-11,0.0862,25500000000.0,802000000.0,11.04,-93.26
3.7e-05,8e-06,7e-13,4.5e-10,1.5e-10,0.0862,25500000000.0,802000000.0,11.04,-93.35
3.7e-05,8e-06,7e-13,4.5e-10,2e-10,0.0862,25500000000.0,803000000.0,11.04,-91.05
3.7e-05,8e-06,7e-13,4.5e-10,2.5e-10,0.0862,25500000000.0,803000000.0,11.04,-93.48
3.7e-05,8e-06,7e-13,5e-10,1e-10,0.0862,24400000000.0,754000000.0,11.23,-91.47
3.7e-05,8e-06,7e-13,5e-10,1.5e-10,0.0862,24400000000.0,751000000.0,11.23,-91.36
3.7e-05,8e-06,7e-13,5e-10,2e-10,0.0862,24400000000.0,749000000.0,11.23,-91.17
3.7e-05,8e-06,7e-13,5e-10,2.5e-10,0.0862,24400000000.0,753000000.0,11.23,-91.24
3.7e-05,9e-06,5e-13,4e-10,1e-10,0.0862,26600000000.0,936000000.0,10.83,-94.48
3.7e-05,9e-06,5e-13,4e-10,5e-11,0.0862,26600000000.0,941000000.0,10.84,-94.49
3.7e-05,9e-06,5e-13,4e-10,1.5e-10,0.0862,26600000000.0,938000000.0,10.83,-94.25
3.7e-05,9e-06,5e-13,4e-10,2e-10,0.0862,26600000000.0,935000000.0,10.83,-94.5
3.7e-05,9e-06,5e-13,4e-10,2.5e-10,0.0862,26600000000.0,937000000.0,10.83,-94.5
3.7e-05,9e-06,5e-13,3e-10,1e-10,0.0862,30200000000.0,1170000000.0,10.21,-87.35
3.7e-05,9e-06,5e-13,3e-10,5e-11,0.0862,30200000000.0,1170000000.0,10.21,-85.87
3.7e-05,9e-06,5e-13,3e-10,1.5e-10,0.0862,30200000000.0,1170000000.0,10.21,-87.49
3.7e-05,9e-06,5e-13,3e-10,2e-10,0.0862,30200000000.0,1170000000.0,10.21,-87.55
3.7e-05,9e-06,5e-13,3e-10,2.5e-10,0.0862,30200000000.0,1170000000.0,10.21,-87.4
3.7e-05,9e-06,5e-13,3.5e-10,1e-10,0.0862,28100000000.0,1030000000.0,10.57,-92.0
3.7e-05,9e-06,5e-13,3.5e-10,5e-11,0.0862,28100000000.0,1030000000.0,10.57,-92.18
3.7e-05,9e-06,5e-13,3.5e-10,1.5e-10,0.0862,28100000000.0,1030000000.0,10.57,-92.15
3.7e-05,9e-06,5e-13,3.5e-10,2e-10,0.0862,28100000000.0,1040000000.0,10.57,-91.89
3.7e-05,9e-06,5e-13,3.5e-10,2.5e-10,0.0862,28100000000.0,1030000000.0,10.57,-92.09
3.7e-05,9e-06,5e-13,4.5e-10,1e-10,0.0862,25300000000.0,866000000.0,11.06,-92.99
3.7e-05,9e-06,5e-13,4.5e-10,5e-11,0.0862,25300000000.0,867000000.0,11.06,-93.56
3.7e-05,9e-06,5e-13,4.5e-10,1.5e-10,0.0862,25300000000.0,868000000.0,11.06,-93.34
3.7e-05,9e-06,5e-13,4.5e-10,2e-10,0.0862,25300000000.0,867000000.0,11.05,-93.17
3.7e-05,9e-06,5e-13,4.5e-10,2.5e-10,0.0862,25300000000.0,868000000.0,11.06,-93.17
3.7e-05,9e-06,5e-13,5e-10,1e-10,0.0862,24300000000.0,815000000.0,11.25,-91.35
3.7e-05,9e-06,5e-13,5e-10,5e-11,0.0862,24300000000.0,815000000.0,11.25,-91.64
3.7e-05,9e-06,5e-13,5e-10,1.5e-10,0.0862,24300000000.0,813000000.0,11.25,-91.17
3.7e-05,9e-06,5e-13,5e-10,2e-10,0.0862,24300000000.0,813000000.0,11.25,-90.83
3.7e-05,9e-06,5e-13,5e-10,2.5e-10,0.0862,24300000000.0,814000000.0,11.25,-91.2
3.7e-05,9e-06,3e-13,4e-10,1e-10,0.0862,26600000000.0,940000000.0,10.84,-94.51
3.7e-05,9e-06,3e-13,4e-10,5e-11,0.0862,26600000000.0,936000000.0,10.83,-94.37
3.7e-05,9e-06,3e-13,4e-10,1.5e-10,0.0862,26600000000.0,936000000.0,10.83,-94.49
3.7e-05,9e-06,3e-13,4e-10,2e-10,0.0862,26600000000.0,939000000.0,10.84,-85.59
3.7e-05,9e-06,3e-13,3e-10,1e-10,0.0862,30200000000.0,1170000000.0,10.21,-87.67
3.7e-05,9e-06,3e-13,3e-10,5e-11,0.0862,30200000000.0,1170000000.0,10.21,-87.62
3.7e-05,9e-06,3e-13,3e-10,1.5e-10,0.0862,30200000000.0,1170000000.0,10.21,-87.69
3.7e-05,9e-06,3e-13,3e-10,2e-10,0.0862,30200000000.0,1170000000.0,10.21,-87.54
3.7e-05,9e-06,3e-13,3e-10,2.5e-10,0.0862,30200000000.0,1170000000.0,10.21,-87.73
3.7e-05,9e-06,3e-13,3.5e-10,1e-10,0.0862,28100000000.0,1030000000.0,10.57,-92.22
3.7e-05,9e-06,3e-13,3.5e-10,5e-11,0.0862,28100000000.0,1030000000.0,10.57,-92.07
3.7e-05,9e-06,3e-13,3.5e-10,1.5e-10,0.0862,28100000000.0,1030000000.0,10.57,-91.76
3.7e-05,9e-06,3e-13,3.5e-10,2e-10,0.0862,28100000000.0,1030000000.0,10.57,-92.19
3.7e-05,9e-06,3e-13,3.5e-10,2.5e-10,0.0862,28100000000.0,1040000000.0,10.57,-92.05
3.7e-05,9e-06,3e-13,4.5e-10,1e-10,0.0862,25300000000.0,868000000.0,11.05,-93.2
3.7e-05,9e-06,3e-13,4.5e-10,5e-11,0.0862,25300000000.0,868000000.0,11.06,-92.82
3.7e-05,9e-06,3e-13,4.5e-10,1.5e-10,0.0862,25300000000.0,869000000.0,11.05,-93.28
3.7e-05,9e-06,3e-13,4.5e-10,2e-10,0.0862,25300000000.0,866000000.0,11.06,-92.49
3.7e-05,9e-06,3e-13,4.5e-10,2.5e-10,0.0862,25300000000.0,868000000.0,11.06,-93.12
3.7e-05,9e-06,3e-13,5e-10,1e-10,0.0862,24300000000.0,814000000.0,11.25,-91.0
3.7e-05,9e-06,3e-13,5e-10,5e-11,0.0862,24300000000.0,814000000.0,11.25,-91.3
3.7e-05,9e-06,3e-13,5e-10,1.5e-10,0.0862,24300000000.0,813000000.0,11.25,-91.22
3.7e-05,9e-06,3e-13,5e-10,2e-10,0.0862,24300000000.0,813000000.0,11.25,-90.91
3.7e-05,9e-06,3e-13,5e-10,2.5e-10,0.0862,24300000000.0,812000000.0,11.25,-90.7
3.7e-05,9e-06,4e-13,4e-10,1e-10,0.0862,26600000000.0,938000000.0,10.84,-94.51
3.7e-05,9e-06,4e-13,4e-10,5e-11,0.0862,26600000000.0,938000000.0,10.84,-94.46
3.7e-05,9e-06,4e-13,4e-10,1.5e-10,0.0862,26600000000.0,939000000.0,10.83,-94.5
3.7e-05,9e-06,4e-13,4e-10,2e-10,0.0862,26600000000.0,937000000.0,10.83,-94.51
3.7e-05,9e-06,4e-13,3e-10,1e-10,0.0862,30200000000.0,1170000000.0,10.21,-87.6
3.7e-05,9e-06,4e-13,3e-10,5e-11,0.0862,30200000000.0,1170000000.0,10.21,-87.7
3.7e-05,9e-06,4e-13,3e-10,1.5e-10,0.0862,30200000000.0,1170000000.0,10.21,-87.66
3.7e-05,9e-06,4e-13,3e-10,2e-10,0.0862,30200000000.0,1170000000.0,10.21,-87.39
3.7e-05,9e-06,4e-13,3.5e-10,1e-10,0.0862,28100000000.0,1030000000.0,10.57,-92.02
3.7e-05,9e-06,4e-13,3.5e-10,5e-11,0.0862,28100000000.0,1030000000.0,10.57,-91.98
3.7e-05,9e-06,4e-13,3.5e-10,1.5e-10,0.0862,28100000000.0,1030000000.0,10.57,-91.68
3.7e-05,9e-06,4e-13,3.5e-10,2e-10,0.0862,28100000000.0,1030000000.0,10.57,-92.13
3.7e-05,9e-06,4e-13,3.5e-10,2.5e-10,0.0862,28100000000.0,1030000000.0,10.57,-92.01
3.7e-05,9e-06,4e-13,4.5e-10,1e-10,0.0862,25300000000.0,869000000.0,11.06,-90.63
3.7e-05,9e-06,4e-13,4.5e-10,5e-11,0.0862,25300000000.0,868000000.0,11.05,-93.25
3.7e-05,9e-06,4e-13,4.5e-10,2e-10,0.0862,25300000000.0,868000000.0,11.06,-91.61
3.7e-05,9e-06,4e-13,4.5e-10,2.5e-10,0.0862,25300000000.0,867000000.0,11.05,-93.18
3.7e-05,9e-06,4e-13,5e-10,1e-10,0.0862,24300000000.0,817000000.0,11.25,-91.42
3.7e-05,9e-06,4e-13,5e-10,5e-11,0.0862,24300000000.0,815000000.0,11.25,-91.1
3.7e-05,9e-06,4e-13,5e-10,1.5e-10,0.0862,24300000000.0,814000000.0,11.25,-91.11
3.7e-05,9e-06,4e-13,5e-10,2e-10,0.0862,24300000000.0,813000000.0,11.25,-90.88
3.7e-05,9e-06,4e-13,5e-10,2.5e-10,0.0862,24300000000.0,811000000.0,11.25,-91.02
3.7e-05,9e-06,6e-13,4e-10,5e-11,0.0862,26600000000.0,939000000.0,10.83,-94.49
3.7e-05,9e-06,6e-13,4e-10,1.5e-10,0.0862,26600000000.0,939000000.0,10.84,-88.8
3.7e-05,9e-06,6e-13,4e-10,2.5e-10,0.0862,26600000000.0,935000000.0,10.83,-94.51
3.7e-05,9e-06,6e-13,3e-10,1.5e-10,0.0862,30200000000.0,1170000000.0,10.21,-87.31
3.7e-05,9e-06,6e-13,3e-10,2e-10,0.0862,30200000000.0,1170000000.0,10.21,-87.46
3.7e-05,9e-06,6e-13,3e-10,2.5e-10,0.0862,30200000000.0,1170000000.0,10.21,-87.32
3.7e-05,9e-06,6e-13,3.5e-10,1e-10,0.0862,28100000000.0,1040000000.0,10.57,-91.75
3.7e-05,9e-06,6e-13,3.5e-10,5e-11,0.0862,28100000000.0,1030000000.0,10.57,-91.91
3.7e-05,9e-06,6e-13,3.5e-10,1.5e-10,0.0862,28100000000.0,1030000000.0,10.57,-91.81
3.7e-05,9e-06,6e-13,3.5e-10,2e-10,0.0862,28100000000.0,1030000000.0,10.57,-92.06
3.7e-05,9e-06,6e-13,3.5e-10,2.5e-10,0.0862,28100000000.0,1030000000.0,10.57,-91.97
3.7e-05,9e-06,6e-13,4.5e-10,1e-10,0.0862,25300000000.0,868000000.0,11.05,-93.21
3.7e-05,9e-06,6e-13,4.5e-10,5e-11,0.0862,25300000000.0,865000000.0,11.06,-93.18
3.7e-05,9e-06,6e-13,4.5e-10,1.5e-10,0.0862,25300000000.0,868000000.0,11.06,-93.2
3.7e-05,9e-06,6e-13,4.5e-10,2e-10,0.0862,25300000000.0,871000000.0,11.05,-93.44
3.7e-05,9e-06,6e-13,5e-10,1e-10,0.0862,24300000000.0,811000000.0,11.25,-90.72
3.7e-05,9e-06,6e-13,5e-10,5e-11,0.0862,24300000000.0,813000000.0,11.25,-91.39
3.7e-05,9e-06,6e-13,5e-10,1.5e-10,0.0862,24300000000.0,816000000.0,11.25,-91.44
3.7e-05,9e-06,6e-13,5e-10,2e-10,0.0862,24300000000.0,813000000.0,11.25,-91.25
3.7e-05,9e-06,7e-13,4e-10,1e-10,0.0862,26600000000.0,936000000.0,10.83,-94.47
3.7e-05,9e-06,7e-13,4e-10,5e-11,0.0862,26600000000.0,939000000.0,10.84,-94.49
3.7e-05,9e-06,7e-13,4e-10,1.5e-10,0.0862,26600000000.0,939000000.0,10.84,-94.48
3.7e-05,9e-06,7e-13,4e-10,2e-10,0.0862,26600000000.0,938000000.0,10.83,-94.5
3.7e-05,9e-06,7e-13,4e-10,2.5e-10,0.0862,26600000000.0,940000000.0,10.83,-94.36
3.7e-05,9e-06,7e-13,3e-10,5e-11,0.0862,30200000000.0,1170000000.0,10.21,-87.44
3.7e-05,9e-06,7e-13,3e-10,1.5e-10,0.0862,30200000000.0,1170000000.0,10.21,-87.53
3.7e-05,9e-06,7e-13,3e-10,2e-10,0.0862,30200000000.0,1170000000.0,10.21,-87.5
3.7e-05,9e-06,7e-13,3e-10,2.5e-10,0.0862,30200000000.0,1170000000.0,10.21,-87.56
3.7e-05,9e-06,7e-13,3.5e-10,1e-10,0.0862,28100000000.0,1030000000.0,10.57,-91.74
3.7e-05,9e-06,7e-13,3.5e-10,5e-11,0.0862,28100000000.0,1030000000.0,10.57,-92.28
3.7e-05,9e-06,7e-13,3.5e-10,1.5e-10,0.0862,28100000000.0,1030000000.0,10.57,-92.23
3.7e-05,9e-06,7e-13,3.5e-10,2.5e-10,0.0862,28100000000.0,1030000000.0,10.57,-91.84
3.7e-05,9e-06,7e-13,4.5e-10,1e-10,0.0862,25300000000.0,867000000.0,11.06,-92.91
3.7e-05,9e-06,7e-13,4.5e-10,5e-11,0.0862,25300000000.0,868000000.0,11.06,-90.7
3.7e-05,9e-06,7e-13,4.5e-10,1.5e-10,0.0862,25300000000.0,868000000.0,11.06,-93.19
3.7e-05,9e-06,7e-13,4.5e-10,2.5e-10,0.0862,25300000000.0,867000000.0,11.05,-93.16
3.7e-05,9e-06,7e-13,5e-10,1e-10,0.0862,24300000000.0,814000000.0,11.25,-91.1
3.7e-05,9e-06,7e-13,5e-10,5e-11,0.0862,24300000000.0,815000000.0,11.25,-91.01
3.7e-05,9e-06,7e-13,5e-10,1.5e-10,0.0862,24300000000.0,814000000.0,11.25,-91.15
3.7e-05,9e-06,7e-13,5e-10,2e-10,0.0862,24300000000.0,814000000.0,11.25,-91.29
3.7e-05,9e-06,7e-13,5e-10,2.5e-10,0.0862,24300000000.0,815000000.0,11.25,-91.02
3.7e-05,1e-05,5e-13,4e-10,1e-10,0.0862,26400000000.0,998000000.0,10.85,-94.52
3.7e-05,1e-05,5e-13,4e-10,5e-11,0.0862,26400000000.0,998000000.0,10.85,-94.6
3.7e-05,1e-05,5e-13,4e-10,1.5e-10,0.0862,26400000000.0,999000000.0,10.85,-94.59
3.7e-05,1e-05,5e-13,4e-10,2e-10,0.0862,26400000000.0,998000000.0,10.85,-94.57
3.7e-05,1e-05,5e-13,4e-10,2.5e-10,0.0862,26400000000.0,999000000.0,10.85,-94.55
3.7e-05,1e-05,5e-13,3e-10,1e-10,0.0862,30000000000.0,1240000000.0,10.23,-87.96
3.7e-05,1e-05,5e-13,3e-10,5e-11,0.0862,30000000000.0,1250000000.0,10.23,-88.37
3.7e-05,1e-05,5e-13,3e-10,1.5e-10,0.0862,30000000000.0,1240000000.0,10.23,-87.98
3.7e-05,1e-05,5e-13,3e-10,2e-10,0.0862,30000000000.0,1240000000.0,10.23,-88.02
3.7e-05,1e-05,5e-13,3e-10,2.5e-10,0.0862,30000000000.0,1240000000.0,10.23,-87.93
3.7e-05,1e-05,5e-13,3.5e-10,1e-10,0.0862,28000000000.0,1100000000.0,10.58,-92.65
3.7e-05,1e-05,5e-13,3.5e-10,5e-11,0.0862,28000000000.0,1100000000.0,10.58,-92.67
3.7e-05,1e-05,5e-13,3.5e-10,1.5e-10,0.0862,28000000000.0,1100000000.0,10.58,-92.53
3.7e-05,1e-05,5e-13,3.5e-10,2e-10,0.0862,28000000000.0,1100000000.0,10.58,-92.51
3.7e-05,1e-05,5e-13,4.5e-10,1e-10,0.0862,25200000000.0,925000000.0,11.07,-92.7
3.7e-05,1e-05,5e-13,4.5e-10,5e-11,0.0862,25200000000.0,923000000.0,11.07,-89.31
3.7e-05,1e-05,5e-13,4.5e-10,1.5e-10,0.0862,25200000000.0,925000000.0,11.07,-93.02
3.7e-05,1e-05,5e-13,4.5e-10,2e-10,0.0862,25200000000.0,924000000.0,11.07,-92.99
3.7e-05,1e-05,5e-13,4.5e-10,2.5e-10,0.0862,25200000000.0,925000000.0,11.07,-92.97
3.7e-05,1e-05,5e-13,5e-10,1e-10,0.0862,24200000000.0,867000000.0,11.27,-90.83
3.7e-05,1e-05,5e-13,5e-10,5e-11,0.0862,24200000000.0,867000000.0,11.26,-90.98
3.7e-05,1e-05,5e-13,5e-10,1.5e-10,0.0862,24200000000.0,867000000.0,11.27,-91.0
3.7e-05,1e-05,5e-13,5e-10,2e-10,0.0862,24200000000.0,867000000.0,11.26,-91.33
3.7e-05,1e-05,5e-13,5e-10,2.5e-10,0.0862,24200000000.0,869000000.0,11.26,-91.01
3.7e-05,1e-05,3e-13,4e-10,1e-10,0.0862,26400000000.0,1000000000.0,10.85,-94.6
3.7e-05,1e-05,3e-13,4e-10,1.5e-10,0.0862,26400000000.0,1000000000.0,10.85,-94.59
3.7e-05,1e-05,3e-13,4e-10,2e-10,0.0862,26400000000.0,1000000000.0,10.85,-91.51
3.7e-05,1e-05,3e-13,3e-10,1e-10,0.0862,30000000000.0,1250000000.0,10.23,-87.95
3.7e-05,1e-05,3e-13,3e-10,5e-11,0.0862,30000000000.0,1240000000.0,10.23,-88.4
3.7e-05,1e-05,3e-13,3e-10,1.5e-10,0.0862,30000000000.0,1250000000.0,10.23,-88.24
3.7e-05,1e-05,3e-13,3e-10,2.5e-10,0.0862,30000000000.0,1240000000.0,10.23,-88.11
3.7e-05,1e-05,3e-13,3.5e-10,1e-10,0.0862,28000000000.0,1100000000.0,10.58,-92.29
3.7e-05,1e-05,3e-13,3.5e-10,5e-11,0.0862,28000000000.0,1100000000.0,10.58,-92.32
3.7e-05,1e-05,3e-13,3.5e-10,1.5e-10,0.0862,28000000000.0,1100000000.0,10.58,-92.62
3.7e-05,1e-05,3e-13,3.5e-10,2e-10,0.0862,28000000000.0,1100000000.0,10.58,-92.63
3.7e-05,1e-05,3e-13,3.5e-10,2.5e-10,0.0862,28000000000.0,1100000000.0,10.58,-92.72
3.7e-05,1e-05,3e-13,4.5e-10,1e-10,0.0862,25200000000.0,925000000.0,11.07,-93.1
3.7e-05,1e-05,3e-13,4.5e-10,5e-11,0.0862,25200000000.0,924000000.0,11.07,-92.94
3.7e-05,1e-05,3e-13,4.5e-10,1.5e-10,0.0862,25200000000.0,925000000.0,11.07,-92.95
3.7e-05,1e-05,3e-13,4.5e-10,2e-10,0.0862,25200000000.0,924000000.0,11.07,-89.54
3.7e-05,1e-05,3e-13,4.5e-10,2.5e-10,0.0862,25200000000.0,925000000.0,11.07,-93.32
3.7e-05,1e-05,3e-13,5e-10,1e-10,0.0862,24200000000.0,868000000.0,11.26,-90.95
3.7e-05,1e-05,3e-13,5e-10,5e-11,0.0862,24200000000.0,867000000.0,11.26,-91.12
3.7e-05,1e-05,3e-13,5e-10,1.5e-10,0.0862,24200000000.0,868000000.0,11.26,-91.14
3.7e-05,1e-05,3e-13,5e-10,2e-10,0.0862,24200000000.0,868000000.0,11.26,-91.15
3.7e-05,1e-05,3e-13,5e-10,2.5e-10,0.0862,24200000000.0,868000000.0,11.26,-91.13
3.7e-05,1e-05,4e-13,4e-10,1e-10,0.0862,26400000000.0,999000000.0,10.85,-94.6
3.7e-05,1e-05,4e-13,4e-10,1.5e-10,0.0862,26400000000.0,1000000000.0,10.85,-94.57
3.7e-05,1e-05,4e-13,3e-10,1e-10,0.0862,30000000000.0,1250000000.0,10.23,-87.88
3.7e-05,1e-05,4e-13,3e-10,5e-11,0.0862,30000000000.0,1240000000.0,10.23,-88.15
3.7e-05,1e-05,4e-13,3e-10,1.5e-10,0.0862,30000000000.0,1240000000.0,10.23,-87.84
3.7e-05,1e-05,4e-13,3e-10,2.5e-10,0.0862,30000000000.0,1240000000.0,10.23,-87.83
3.7e-05,1e-05,4e-13,3.5e-10,1e-10,0.0862,28000000000.0,1100000000.0,10.58,-92.6
3.7e-05,1e-05,4e-13,3.5e-10,1.5e-10,0.0862,28000000000.0,1100000000.0,10.58,-92.36
3.7e-05,1e-05,4e-13,3.5e-10,2.5e-10,0.0862,28000000000.0,1100000000.0,10.58,-92.56
3.7e-05,1e-05,4e-13,4.5e-10,1e-10,0.0862,25200000000.0,928000000.0,11.07,-93.14
3.7e-05,1e-05,4e-13,4.5e-10,5e-11,0.0862,25200000000.0,924000000.0,11.07,-93.01
3.7e-05,1e-05,4e-13,4.5e-10,1.5e-10,0.0862,25200000000.0,925000000.0,11.07,-93.14
3.7e-05,1e-05,4e-13,4.5e-10,2e-10,0.0862,25200000000.0,924000000.0,11.07,-93.02
3.7e-05,1e-05,4e-13,4.5e-10,2.5e-10,0.0862,25200000000.0,928000000.0,11.07,-93.35
3.7e-05,1e-05,4e-13,5e-10,1e-10,0.0862,24200000000.0,867000000.0,11.26,-91.11
3.7e-05,1e-05,4e-13,5e-10,5e-11,0.0862,24200000000.0,865000000.0,11.26,-90.84
3.7e-05,1e-05,4e-13,5e-10,1.5e-10,0.0862,24200000000.0,867000000.0,11.27,-91.03
3.7e-05,1e-05,4e-13,5e-10,2e-10,0.0862,24200000000.0,866000000.0,11.26,-91.04
3.7e-05,1e-05,4e-13,5e-10,2.5e-10,0.0862,24200000000.0,866000000.0,11.27,-90.92
3.7e-05,1e-05,6e-13,4e-10,1e-10,0.0862,26400000000.0,997000000.0,10.85,-94.6
3.7e-05,1e-05,6e-13,4e-10,2e-10,0.0862,26400000000.0,1000000000.0,10.85,-94.58
3.7e-05,1e-05,6e-13,4e-10,2.5e-10,0.0862,26400000000.0,996000000.0,10.85,-94.58
3.7e-05,1e-05,6e-13,3e-10,1e-10,0.0862,30000000000.0,1240000000.0,10.23,-88.2
3.7e-05,1e-05,6e-13,3e-10,2e-10,0.0862,30000000000.0,1240000000.0,10.23,-87.82
3.7e-05,1e-05,6e-13,3e-10,2.5e-10,0.0862,30000000000.0,1240000000.0,10.23,-88.0
3.7e-05,1e-05,6e-13,3.5e-10,1e-10,0.0862,28000000000.0,1100000000.0,10.58,-92.64
3.7e-05,1e-05,6e-13,3.5e-10,1.5e-10,0.0862,28000000000.0,1100000000.0,10.58,-92.18
3.7e-05,1e-05,6e-13,3.5e-10,2.5e-10,0.0862,28000000000.0,1100000000.0,10.58,-92.19
3.7e-05,1e-05,6e-13,4.5e-10,5e-11,0.0862,25200000000.0,924000000.0,11.07,-93.04
3.7e-05,1e-05,6e-13,4.5e-10,2.5e-10,0.0862,25200000000.0,928000000.0,11.07,-92.72
3.7e-05,1e-05,6e-13,5e-10,1e-10,0.0862,24200000000.0,869000000.0,11.26,-90.87
3.7e-05,1e-05,6e-13,5e-10,1.5e-10,0.0862,24200000000.0,869000000.0,11.26,-91.39
3.7e-05,1e-05,6e-13,5e-10,2.5e-10,0.0862,24200000000.0,867000000.0,11.27,-91.02
3.7e-05,1e-05,7e-13,4e-10,2e-10,0.0862,26400000000.0,998000000.0,10.85,-94.59
3.7e-05,1e-05,7e-13,4e-10,2.5e-10,0.0862,26400000000.0,995000000.0,10.85,-94.58
3.7e-05,1e-05,7e-13,3e-10,1e-10,0.0862,30000000000.0,1240000000.0,10.23,-87.87
3.7e-05,1e-05,7e-13,3e-10,5e-11,0.0862,30000000000.0,1250000000.0,10.23,-88.33
3.7e-05,1e-05,7e-13,3e-10,1.5e-10,0.0862,30000000000.0,1240000000.0,10.23,-88.29
3.7e-05,1e-05,7e-13,3e-10,2e-10,0.0862,30000000000.0,1240000000.0,10.23,-87.95
3.7e-05,1e-05,7e-13,3e-10,2.5e-10,0.0862,30000000000.0,1240000000.0,10.23,-87.88
3.7e-05,1e-05,7e-13,3.5e-10,1e-10,0.0862,28000000000.0,1100000000.0,10.58,-92.58
3.7e-05,1e-05,7e-13,3.5e-10,5e-11,0.0862,28000000000.0,1100000000.0,10.58,-92.55
3.7e-05,1e-05,7e-13,3.5e-10,2e-10,0.0862,28000000000.0,1100000000.0,10.58,-92.66
3.7e-05,1e-05,7e-13,3.5e-10,2.5e-10,0.0862,28000000000.0,1100000000.0,10.58,-92.46
3.7e-05,1e-05,7e-13,4.5e-10,1e-10,0.0862,25200000000.0,923000000.0,11.07,-89.36
3.7e-05,1e-05,7e-13,4.5e-10,1.5e-10,0.0862,25200000000.0,925000000.0,11.07,-93.24
3.7e-05,1e-05,7e-13,4.5e-10,2e-10,0.0862,25200000000.0,923000000.0,11.07,-93.06
3.7e-05,1e-05,7e-13,4.5e-10,2.5e-10,0.0862,25200000000.0,924000000.0,11.07,-93.06
3.7e-05,1e-05,7e-13,5e-10,1e-10,0.0862,24200000000.0,866000000.0,11.27,-91.14
3.7e-05,1e-05,7e-13,5e-10,5e-11,0.0862,24200000000.0,867000000.0,11.27,-90.19
3.7e-05,1e-05,7e-13,5e-10,1.5e-10,0.0862,24200000000.0,866000000.0,11.26,-90.82
3.7e-05,1e-05,7e-13,5e-10,2e-10,0.0862,24200000000.0,867000000.0,11.26,-91.16
3.7e-05,1e-05,7e-13,5e-10,2.5e-10,0.0862,24200000000.0,867000000.0,11.26,-91.07
3.7e-05,1.1e-05,5e-13,4e-10,1e-10,0.0862,26300000000.0,1050000000.0,10.86,-94.36
3.7e-05,1.1e-05,5e-13,4e-10,5e-11,0.0862,26300000000.0,1050000000.0,10.86,-94.61
3.7e-05,1.1e-05,5e-13,4e-10,1.5e-10,0.0862,26300000000.0,1050000000.0,10.86,-94.59
3.7e-05,1.1e-05,5e-13,4e-10,2e-10,0.0862,26300000000.0,1050000000.0,10.86,-94.65
3.7e-05,1.1e-05,5e-13,4e-10,2.5e-10,0.0862,26300000000.0,1050000000.0,10.86,-94.6
3.7e-05,1.1e-05,5e-13,3e-10,1e-10,0.0862,29800000000.0,1310000000.0,10.24,-88.19
3.7e-05,1.1e-05,5e-13,3e-10,5e-11,0.0862,29800000000.0,1310000000.0,10.24,-88.7
3.7e-05,1.1e-05,5e-13,3e-10,1.5e-10,0.0862,29800000000.0,1310000000.0,10.24,-88.51
3.7e-05,1.1e-05,5e-13,3e-10,2e-10,0.0862,29800000000.0,1310000000.0,10.24,-88.54
3.7e-05,1.1e-05,5e-13,3e-10,2.5e-10,0.0862,29800000000.0,1310000000.0,10.24,-88.47
3.7e-05,1.1e-05,5e-13,3.5e-10,1e-10,0.0862,27800000000.0,1160000000.0,10.6,-92.68
3.7e-05,1.1e-05,5e-13,3.5e-10,5e-11,0.0862,27800000000.0,1160000000.0,10.6,-92.98
3.7e-05,1.1e-05,5e-13,3.5e-10,1.5e-10,0.0862,27800000000.0,1160000000.0,10.59,-92.96
3.7e-05,1.1e-05,5e-13,3.5e-10,2e-10,0.0862,27800000000.0,1160000000.0,10.6,-92.58
3.7e-05,1.1e-05,5e-13,3.5e-10,2.5e-10,0.0862,27800000000.0,1160000000.0,10.6,-92.67
3.7e-05,1.1e-05,5e-13,4.5e-10,1e-10,0.0862,25000000000.0,970000000.0,11.09,-92.6
3.7e-05,1.1e-05,5e-13,4.5e-10,5e-11,0.0862,25000000000.0,970000000.0,11.09,-93.44
3.7e-05,1.1e-05,5e-13,4.5e-10,1.5e-10,0.0862,25000000000.0,974000000.0,11.09,-92.71
3.7e-05,1.1e-05,5e-13,4.5e-10,2e-10,0.0862,25000000000.0,975000000.0,11.08,-92.95
3.7e-05,1.1e-05,5e-13,4.5e-10,2.5e-10,0.0862,25000000000.0,974000000.0,11.09,-92.84
3.7e-05,1.1e-05,5e-13,5e-10,1e-10,0.0862,24100000000.0,916000000.0,11.28,-91.2
3.7e-05,1.1e-05,5e-13,5e-10,5e-11,0.0862,24100000000.0,913000000.0,11.28,-90.98
3.7e-05,1.1e-05,5e-13,5e-10,1.5e-10,0.0862,24100000000.0,916000000.0,11.28,-90.67
3.7e-05,1.1e-05,5e-13,5e-10,2e-10,0.0862,24100000000.0,911000000.0,11.28,-90.84
3.7e-05,1.1e-05,5e-13,5e-10,2.5e-10,0.0862,24100000000.0,915000000.0,11.28,-90.76
3.7e-05,1.1e-05,3e-13,4e-10,1e-10,0.0862,26300000000.0,1050000000.0,10.86,-94.39
3.7e-05,1.1e-05,3e-13,4e-10,5e-11,0.0862,26300000000.0,1050000000.0,10.86,-94.62
3.7e-05,1.1e-05,3e-13,4e-10,2e-10,0.0862,26300000000.0,1060000000.0,10.86,-94.65
3.7e-05,1.1e-05,3e-13,4e-10,2.5e-10,0.0862,26300000000.0,1060000000.0,10.86,-94.64
3.7e-05,1.1e-05,3e-13,3e-10,1e-10,0.0862,29800000000.0,1310000000.0,10.25,-88.36
3.7e-05,1.1e-05,3e-13,3e-10,5e-11,0.0862,29800000000.0,1310000000.0,10.25,-88.41
3.7e-05,1.1e-05,3e-13,3e-10,1.5e-10,0.0862,29800000000.0,1310000000.0,10.24,-88.8
3.7e-05,1.1e-05,3e-13,3e-10,2e-10,0.0862,29800000000.0,1310000000.0,10.25,-88.25
3.7e-05,1.1e-05,3e-13,3e-10,2.5e-10,0.0862,29800000000.0,1310000000.0,10.24,-88.58
3.7e-05,1.1e-05,3e-13,3.5e-10,1e-10,0.0862,27800000000.0,1160000000.0,10.6,-92.65
3.7e-05,1.1e-05,3e-13,3.5e-10,5e-11,0.0862,27800000000.0,1160000000.0,10.6,-92.75
3.7e-05,1.1e-05,3e-13,3.5e-10,1.5e-10,0.0862,27800000000.0,1160000000.0,10.6,-93.08
3.7e-05,1.1e-05,3e-13,3.5e-10,2e-10,0.0862,27800000000.0,1160000000.0,10.6,-92.64
3.7e-05,1.1e-05,3e-13,3.5e-10,2.5e-10,0.0862,27800000000.0,1160000000.0,10.6,-92.97
3.7e-05,1.1e-05,3e-13,4.5e-10,1e-10,0.0862,25100000000.0,976000000.0,11.09,-92.88
3.7e-05,1.1e-05,3e-13,4.5e-10,5e-11,0.0862,25100000000.0,977000000.0,11.09,-92.6
3.7e-05,1.1e-05,3e-13,4.5e-10,1.5e-10,0.0862,25100000000.0,976000000.0,11.09,-92.75
3.7e-05,1.1e-05,3e-13,4.5e-10,2e-10,0.0862,25100000000.0,979000000.0,11.09,-93.0
3.7e-05,1.1e-05,3e-13,4.5e-10,2.5e-10,0.0862,25100000000.0,974000000.0,11.09,-92.65
3.7e-05,1.1e-05,3e-13,5e-10,1e-10,0.0862,24100000000.0,916000000.0,11.28,-90.97
3.7e-05,1.1e-05,3e-13,5e-10,5e-11,0.0862,24100000000.0,913000000.0,11.28,-91.15
3.7e-05,1.1e-05,3e-13,5e-10,1.5e-10,0.0862,24100000000.0,913000000.0,11.28,-90.8
3.7e-05,1.1e-05,3e-13,5e-10,2e-10,0.0862,24100000000.0,913000000.0,11.28,-91.26
3.7e-05,1.1e-05,3e-13,5e-10,2.5e-10,0.0862,24100000000.0,914000000.0,11.28,-90.85
3.7e-05,1.1e-05,4e-13,4e-10,5e-11,0.0862,26300000000.0,1050000000.0,10.86,-94.54
3.7e-05,1.1e-05,4e-13,4e-10,1.5e-10,0.0862,26300000000.0,1050000000.0,10.86,-94.51
3.7e-05,1.1e-05,4e-13,4e-10,2e-10,0.0862,26300000000.0,1050000000.0,10.86,-94.5
3.7e-05,1.1e-05,4e-13,4e-10,2.5e-10,0.0862,26300000000.0,1060000000.0,10.86,-94.46
3.7e-05,1.1e-05,4e-13,3e-10,5e-11,0.0862,29800000000.0,1310000000.0,10.24,-88.29
3.7e-05,1.1e-05,4e-13,3e-10,1.5e-10,0.0862,29800000000.0,1310000000.0,10.24,-88.43
3.7e-05,1.1e-05,4e-13,3e-10,2e-10,0.0862,29800000000.0,1310000000.0,10.24,-88.41
3.7e-05,1.1e-05,4e-13,3.5e-10,5e-11,0.0862,27800000000.0,1160000000.0,10.6,-92.8
3.7e-05,1.1e-05,4e-13,3.5e-10,2.5e-10,0.0862,27800000000.0,1160000000.0,10.6,-92.63
3.7e-05,1.1e-05,4e-13,4.5e-10,1e-10,0.0862,25000000000.0,971000000.0,11.09,-92.74
3.7e-05,1.1e-05,4e-13,4.5e-10,5e-11,0.0862,25100000000.0,974000000.0,11.09,-93.01
3.7e-05,1.1e-05,4e-13,4.5e-10,1.5e-10,0.0862,25000000000.0,970000000.0,11.09,-92.8
3.7e-05,1.1e-05,4e-13,4.5e-10,2e-10,0.0862,25000000000.0,975000000.0,11.09,-90.21
3.7e-05,1.1e-05,4e-13,4.5e-10,2.5e-10,0.0862,25000000000.0,976000000.0,11.08,-92.94
3.7e-05,1.1e-05,4e-13,5e-10,1e-10,0.0862,24100000000.0,912000000.0,11.28,-90.69
3.7e-05,1.1e-05,4e-13,5e-10,5e-11,0.0862,24100000000.0,913000000.0,11.28,-90.73
3.7e-05,1.1e-05,4e-13,5e-10,1.5e-10,0.0862,24100000000.0,913000000.0,11.28,-90.83
3.7e-05,1.1e-05,4e-13,5e-10,2e-10,0.0862,24100000000.0,915000000.0,11.28,-90.84
3.7e-05,1.1e-05,4e-13,5e-10,2.5e-10,0.0862,24100000000.0,914000000.0,11.28,-91.2
3.7e-05,1.1e-05,6e-13,4e-10,1e-10,0.0862,26300000000.0,1050000000.0,10.87,-94.64
3.7e-05,1.1e-05,6e-13,4e-10,1.5e-10,0.0862,26300000000.0,1060000000.0,10.86,-94.67
3.7e-05,1.1e-05,6e-13,3e-10,1e-10,0.0862,29800000000.0,1310000000.0,10.24,-88.3
3.7e-05,1.1e-05,6e-13,3e-10,5e-11,0.0862,29800000000.0,1310000000.0,10.24,-88.49
3.7e-05,1.1e-05,6e-13,3e-10,1.5e-10,0.0862,29800000000.0,1310000000.0,10.24,-88.48
3.7e-05,1.1e-05,6e-13,3e-10,2e-10,0.0862,29800000000.0,1310000000.0,10.24,-88.22
3.7e-05,1.1e-05,6e-13,3.5e-10,1e-10,0.0862,27800000000.0,1160000000.0,10.6,-92.42
3.7e-05,1.1e-05,6e-13,3.5e-10,5e-11,0.0862,27800000000.0,1160000000.0,10.6,-92.57
3.7e-05,1.1e-05,6e-13,3.5e-10,2e-10,0.0862,27800000000.0,1160000000.0,10.6,-92.56
3.7e-05,1.1e-05,6e-13,3.5e-10,2.5e-10,0.0862,27800000000.0,1160000000.0,10.6,-93.03
3.7e-05,1.1e-05,6e-13,4.5e-10,1e-10,0.0862,25000000000.0,974000000.0,11.09,-92.91
3.7e-05,1.1e-05,6e-13,4.5e-10,5e-11,0.0862,25000000000.0,971000000.0,11.09,-92.48
3.7e-05,1.1e-05,6e-13,4.5e-10,1.5e-10,0.0862,25000000000.0,973000000.0,11.09,-92.89
3.7e-05,1.1e-05,6e-13,4.5e-10,2e-10,0.0862,25000000000.0,975000000.0,11.08,-93.1
3.7e-05,1.1e-05,6e-13,4.5e-10,2.5e-10,0.0862,25000000000.0,973000000.0,11.09,-92.83
3.7e-05,1.1e-05,6e-13,5e-10,1e-10,0.0862,24100000000.0,913000000.0,11.28,-90.87
3.7e-05,1.1e-05,6e-13,5e-10,5e-11,0.0862,24100000000.0,913000000.0,11.28,-90.82
3.7e-05,1.1e-05,6e-13,5e-10,1.5e-10,0.0862,24100000000.0,912000000.0,11.28,-90.63
3.7e-05,1.1e-05,6e-13,5e-10,2e-10,0.0862,24100000000.0,913000000.0,11.28,-90.72
3.7e-05,1.1e-05,6e-13,5e-10,2.5e-10,0.0862,24100000000.0,916000000.0,11.28,-91.29
3.7e-05,1.1e-05,7e-13,4e-10,5e-11,0.0862,26300000000.0,1050000000.0,10.86,-94.64
3.7e-05,1.1e-05,7e-13,4e-10,2e-10,0.0862,26300000000.0,1050000000.0,10.86,-90.35
3.7e-05,1.1e-05,7e-13,4e-10,2.5e-10,0.0862,26300000000.0,1060000000.0,10.86,-94.44
3.7e-05,1.1e-05,7e-13,3e-10,1e-10,0.0862,29800000000.0,1310000000.0,10.24,-88.37
3.7e-05,1.1e-05,7e-13,3e-10,5e-11,0.0862,29800000000.0,1310000000.0,10.24,-88.38
3.7e-05,1.1e-05,7e-13,3e-10,1.5e-10,0.0862,29800000000.0,1310000000.0,10.24,-88.33
3.7e-05,1.1e-05,7e-13,3e-10,2e-10,0.0862,29800000000.0,1310000000.0,10.24,-88.34
3.7e-05,1.1e-05,7e-13,3e-10,2.5e-10,0.0862,29800000000.0,1310000000.0,10.24,-88.42
3.7e-05,1.1e-05,7e-13,3.5e-10,1e-10,0.0862,27800000000.0,1160000000.0,10.59,-92.58
3.7e-05,1.1e-05,7e-13,3.5e-10,5e-11,0.0862,27800000000.0,1160000000.0,10.6,-92.59
3.7e-05,1.1e-05,7e-13,3.5e-10,1.5e-10,0.0862,27800000000.0,1160000000.0,10.6,-92.66
3.7e-05,1.1e-05,7e-13,3.5e-10,2e-10,0.0862,27800000000.0,1160000000.0,10.59,-92.9
3.7e-05,1.1e-05,7e-13,3.5e-10,2.5e-10,0.0862,27800000000.0,1160000000.0,10.59,-92.31
3.7e-05,1.1e-05,7e-13,4.5e-10,1e-10,0.0862,25000000000.0,974000000.0,11.09,-92.92
3.7e-05,1.1e-05,7e-13,4.5e-10,5e-11,0.0862,25000000000.0,973000000.0,11.09,-92.86
3.7e-05,1.1e-05,7e-13,4.5e-10,1.5e-10,0.0862,25000000000.0,978000000.0,11.09,-93.04
3.7e-05,1.1e-05,7e-13,4.5e-10,2e-10,0.0862,25000000000.0,975000000.0,11.08,-93.09
3.7e-05,1.1e-05,7e-13,4.5e-10,2.5e-10,0.0862,25000000000.0,971000000.0,11.09,-92.77
3.7e-05,1.1e-05,7e-13,5e-10,1e-10,0.0862,24100000000.0,914000000.0,11.28,-91.05
3.7e-05,1.1e-05,7e-13,5e-10,5e-11,0.0862,24100000000.0,914000000.0,11.28,-90.82
3.7e-05,1.1e-05,7e-13,5e-10,1.5e-10,0.0862,24100000000.0,913000000.0,11.28,-91.19
3.7e-05,1.1e-05,7e-13,5e-10,2e-10,0.0862,24100000000.0,914000000.0,11.28,-91.0
3.7e-05,1.1e-05,7e-13,5e-10,2.5e-10,0.0862,24100000000.0,914000000.0,11.28,-91.1
3.7e-05,1.2e-05,5e-13,4e-10,1e-10,0.0862,26100000000.0,1100000000.0,10.88,-94.39
3.7e-05,1.2e-05,5e-13,4e-10,5e-11,0.0862,26100000000.0,1100000000.0,10.88,-94.63
3.7e-05,1.2e-05,5e-13,4e-10,1.5e-10,0.0862,26100000000.0,1100000000.0,10.88,-94.7
3.7e-05,1.2e-05,5e-13,4e-10,2e-10,0.0862,26100000000.0,1100000000.0,10.87,-94.6
3.7e-05,1.2e-05,5e-13,4e-10,2.5e-10,0.0862,26100000000.0,1100000000.0,10.88,-94.64
3.7e-05,1.2e-05,5e-13,3e-10,1e-10,0.0862,29700000000.0,1370000000.0,10.25,-88.74
3.7e-05,1.2e-05,5e-13,3e-10,5e-11,0.0862,29700000000.0,1370000000.0,10.26,-88.63
3.7e-05,1.2e-05,5e-13,3e-10,1.5e-10,0.0862,29700000000.0,1360000000.0,10.26,-88.81
3.7e-05,1.2e-05,5e-13,3e-10,2e-10,0.0862,29700000000.0,1370000000.0,10.25,-89.06
3.7e-05,1.2e-05,5e-13,3e-10,2.5e-10,0.0862,29700000000.0,1370000000.0,10.25,-88.64
3.7e-05,1.2e-05,5e-13,3.5e-10,1e-10,0.0862,27700000000.0,1210000000.0,10.61,-92.58
3.7e-05,1.2e-05,5e-13,3.5e-10,5e-11,0.0862,27700000000.0,1210000000.0,10.61,-93.52
3.7e-05,1.2e-05,5e-13,3.5e-10,1.5e-10,0.0862,27700000000.0,1210000000.0,10.61,-92.93
3.7e-05,1.2e-05,5e-13,3.5e-10,2e-10,0.0862,27700000000.0,1210000000.0,10.61,-93.17
3.7e-05,1.2e-05,5e-13,3.5e-10,2.5e-10,0.0862,27700000000.0,1210000000.0,10.61,-93.19
3.7e-05,1.2e-05,5e-13,4.5e-10,1e-10,0.0862,24900000000.0,1020000000.0,11.1,-92.81
3.7e-05,1.2e-05,5e-13,4.5e-10,1.5e-10,0.0862,24900000000.0,1020000000.0,11.1,-92.69
3.7e-05,1.2e-05,5e-13,4.5e-10,2e-10,0.0862,24900000000.0,1020000000.0,11.1,-92.85
3.7e-05,1.2e-05,5e-13,4.5e-10,2.5e-10,0.0862,24900000000.0,1020000000.0,11.1,-92.98
3.7e-05,1.2e-05,5e-13,5e-10,1e-10,0.0862,23900000000.0,955000000.0,11.29,-91.07
3.7e-05,1.2e-05,5e-13,5e-10,5e-11,0.0862,23900000000.0,950000000.0,11.3,-90.62
3.7e-05,1.2e-05,5e-13,5e-10,1.5e-10,0.0862,23900000000.0,955000000.0,11.29,-91.17
3.7e-05,1.2e-05,5e-13,5e-10,2e-10,0.0862,23900000000.0,953000000.0,11.3,-90.35
3.7e-05,1.2e-05,5e-13,5e-10,2.5e-10,0.0862,23900000000.0,953000000.0,11.29,-91.09
3.7e-05,1.2e-05,3e-13,4e-10,1e-10,0.0862,26100000000.0,1100000000.0,10.87,-94.67
3.7e-05,1.2e-05,3e-13,4e-10,5e-11,0.0862,26100000000.0,1100000000.0,10.88,-94.65
3.7e-05,1.2e-05,3e-13,4e-10,1.5e-10,0.0862,26100000000.0,1100000000.0,10.87,-94.62
3.7e-05,1.2e-05,3e-13,4e-10,2e-10,0.0862,26100000000.0,1100000000.0,10.88,-94.6
3.7e-05,1.2e-05,3e-13,4e-10,2.5e-10,0.0862,26100000000.0,1100000000.0,10.87,-94.54
3.7e-05,1.2e-05,3e-13,3e-10,1e-10,0.0862,29700000000.0,1370000000.0,10.26,-88.91
3.7e-05,1.2e-05,3e-13,3e-10,5e-11,0.0862,29700000000.0,1370000000.0,10.26,-88.73
3.7e-05,1.2e-05,3e-13,3e-10,1.5e-10,0.0862,29700000000.0,1370000000.0,10.26,-88.81
3.7e-05,1.2e-05,3e-13,3e-10,2.5e-10,0.0862,29700000000.0,1370000000.0,10.26,-88.68
3.7e-05,1.2e-05,3e-13,3.5e-10,1e-10,0.0862,27700000000.0,1210000000.0,10.61,-93.48
3.7e-05,1.2e-05,3e-13,3.5e-10,5e-11,0.0862,27700000000.0,1210000000.0,10.61,-93.55
3.7e-05,1.2e-05,3e-13,3.5e-10,1.5e-10,0.0862,27700000000.0,1210000000.0,10.61,-93.18
3.7e-05,1.2e-05,3e-13,3.5e-10,2.5e-10,0.0862,27700000000.0,1210000000.0,10.61,-93.36
3.7e-05,1.2e-05,3e-13,4.5e-10,1e-10,0.0862,24900000000.0,1020000000.0,11.1,-92.68
3.7e-05,1.2e-05,3e-13,4.5e-10,5e-11,0.0862,24900000000.0,1020000000.0,11.1,-92.82
3.7e-05,1.2e-05,3e-13,4.5e-10,1.5e-10,0.0862,24900000000.0,1010000000.0,11.1,-91.98
3.7e-05,1.2e-05,3e-13,4.5e-10,2e-10,0.0862,24900000000.0,1020000000.0,11.1,-92.95
3.7e-05,1.2e-05,3e-13,4.5e-10,2.5e-10,0.0862,24900000000.0,1020000000.0,11.1,-91.98
3.7e-05,1.2e-05,3e-13,5e-10,1e-10,0.0862,23900000000.0,954000000.0,11.3,-91.17
3.7e-05,1.2e-05,3e-13,5e-10,5e-11,0.0862,23900000000.0,951000000.0,11.3,-90.57
3.7e-05,1.2e-05,3e-13,5e-10,1.5e-10,0.0862,23900000000.0,956000000.0,11.29,-90.92
3.7e-05,1.2e-05,3e-13,5e-10,2e-10,0.0862,23900000000.0,956000000.0,11.29,-91.07
3.7e-05,1.2e-05,4e-13,4e-10,1e-10,0.0862,26100000000.0,1100000000.0,10.87,-94.68
3.7e-05,1.2e-05,4e-13,4e-10,5e-11,0.0862,26100000000.0,1100000000.0,10.87,-94.57
3.7e-05,1.2e-05,4e-13,4e-10,2e-10,0.0862,26100000000.0,1100000000.0,10.88,-93.09
3.7e-05,1.2e-05,4e-13,4e-10,2.5e-10,0.0862,26100000000.0,1100000000.0,10.87,-94.63
3.7e-05,1.2e-05,4e-13,3e-10,1e-10,0.0862,29700000000.0,1370000000.0,10.26,-88.67
3.7e-05,1.2e-05,4e-13,3e-10,5e-11,0.0862,29700000000.0,1370000000.0,10.26,-88.89
3.7e-05,1.2e-05,4e-13,3e-10,1.5e-10,0.0862,29700000000.0,1370000000.0,10.26,-88.64
3.7e-05,1.2e-05,4e-13,3e-10,2e-10,0.0862,29700000000.0,1370000000.0,10.25,-88.67
3.7e-05,1.2e-05,4e-13,3e-10,2.5e-10,0.0862,29700000000.0,1370000000.0,10.25,-88.65
3.7e-05,1.2e-05,4e-13,3.5e-10,1e-10,0.0862,27700000000.0,1210000000.0,10.61,-93.35
3.7e-05,1.2e-05,4e-13,3.5e-10,5e-11,0.0862,27700000000.0,1210000000.0,10.61,-93.12
3.7e-05,1.2e-05,4e-13,3.5e-10,1.5e-10,0.0862,27700000000.0,1210000000.0,10.61,-93.2
3.7e-05,1.2e-05,4e-13,3.5e-10,2e-10,0.0862,27700000000.0,1210000000.0,10.61,-94.17
3.7e-05,1.2e-05,4e-13,4.5e-10,1e-10,0.0862,24900000000.0,1020000000.0,11.1,-92.79
3.7e-05,1.2e-05,4e-13,4.5e-10,5e-11,0.0862,24900000000.0,1010000000.0,11.1,-93.27
3.7e-05,1.2e-05,4e-13,4.5e-10,1.5e-10,0.0862,24900000000.0,1010000000.0,11.1,-92.57
3.7e-05,1.2e-05,4e-13,4.5e-10,2e-10,0.0862,24900000000.0,1020000000.0,11.1,-89.79
3.7e-05,1.2e-05,4e-13,4.5e-10,2.5e-10,0.0862,24900000000.0,1020000000.0,11.1,-92.6
3.7e-05,1.2e-05,4e-13,5e-10,1e-10,0.0862,23900000000.0,953000000.0,11.3,-90.56
3.7e-05,1.2e-05,4e-13,5e-10,5e-11,0.0862,23900000000.0,951000000.0,11.3,-90.65
3.7e-05,1.2e-05,4e-13,5e-10,1.5e-10,0.0862,23900000000.0,953000000.0,11.3,-90.63
3.7e-05,1.2e-05,4e-13,5e-10,2e-10,0.0862,23900000000.0,953000000.0,11.29,-90.68
3.7e-05,1.2e-05,4e-13,5e-10,2.5e-10,0.0862,23900000000.0,954000000.0,11.3,-90.22
3.7e-05,1.2e-05,6e-13,4e-10,1e-10,0.0862,26100000000.0,1100000000.0,10.87,-94.52
3.7e-05,1.2e-05,6e-13,4e-10,5e-11,0.0862,26100000000.0,1100000000.0,10.88,-94.66
3.7e-05,1.2e-05,6e-13,4e-10,2.5e-10,0.0862,26100000000.0,1100000000.0,10.88,-94.67
3.7e-05,1.2e-05,6e-13,3e-10,1e-10,0.0862,29700000000.0,1370000000.0,10.25,-88.59
3.7e-05,1.2e-05,6e-13,3e-10,5e-11,0.0862,29700000000.0,1370000000.0,10.25,-88.66
3.7e-05,1.2e-05,6e-13,3e-10,1.5e-10,0.0862,29700000000.0,1370000000.0,10.25,-88.83
3.7e-05,1.2e-05,6e-13,3e-10,2e-10,0.0862,29700000000.0,1370000000.0,10.25,-88.57
3.7e-05,1.2e-05,6e-13,3e-10,2.5e-10,0.0862,29700000000.0,1360000000.0,10.25,-88.67
3.7e-05,1.2e-05,6e-13,3.5e-10,5e-11,0.0862,27700000000.0,1210000000.0,10.61,-92.84
3.7e-05,1.2e-05,6e-13,3.5e-10,1.5e-10,0.0862,27700000000.0,1210000000.0,10.61,-93.23
3.7e-05,1.2e-05,6e-13,3.5e-10,2e-10,0.0862,27700000000.0,1210000000.0,10.61,-93.33
3.7e-05,1.2e-05,6e-13,3.5e-10,2.5e-10,0.0862,27700000000.0,1210000000.0,10.6,-93.3
3.7e-05,1.2e-05,6e-13,4.5e-10,1e-10,0.0862,24900000000.0,1020000000.0,11.1,-92.7
3.7e-05,1.2e-05,6e-13,4.5e-10,1.5e-10,0.0862,24900000000.0,1020000000.0,11.1,-92.63
3.7e-05,1.2e-05,6e-13,4.5e-10,2e-10,0.0862,24900000000.0,1020000000.0,11.1,-92.8
3.7e-05,1.2e-05,6e-13,5e-10,1e-10,0.0862,23900000000.0,953000000.0,11.29,-90.96
3.7e-05,1.2e-05,6e-13,5e-10,5e-11,0.0862,23900000000.0,955000000.0,11.29,-91.18
3.7e-05,1.2e-05,6e-13,5e-10,1.5e-10,0.0862,23900000000.0,953000000.0,11.3,-89.45
3.7e-05,1.2e-05,6e-13,5e-10,2e-10,0.0862,23900000000.0,950000000.0,11.3,-90.82
3.7e-05,1.2e-05,6e-13,5e-10,2.5e-10,0.0862,23900000000.0,950000000.0,11.3,-90.35
3.7e-05,1.2e-05,7e-13,4e-10,1e-10,0.0862,26100000000.0,1090000000.0,10.87,-94.61
3.7e-05,1.2e-05,7e-13,4e-10,2e-10,0.0862,26100000000.0,1100000000.0,10.87,-94.32
3.7e-05,1.2e-05,7e-13,4e-10,2.5e-10,0.0862,26100000000.0,1100000000.0,10.88,-94.72
3.7e-05,1.2e-05,7e-13,3e-10,1e-10,0.0862,29700000000.0,1370000000.0,10.25,-89.03
3.7e-05,1.2e-05,7e-13,3e-10,5e-11,0.0862,29700000000.0,1370000000.0,10.25,-89.04
3.7e-05,1.2e-05,7e-13,3e-10,1.5e-10,0.0862,29700000000.0,1360000000.0,10.25,-88.8
3.7e-05,1.2e-05,7e-13,3e-10,2e-10,0.0862,29700000000.0,1360000000.0,10.25,-88.75
3.7e-05,1.2e-05,7e-13,3e-10,2.5e-10,0.0862,29700000000.0,1360000000.0,10.25,-88.69
3.7e-05,1.2e-05,7e-13,3.5e-10,1e-10,0.0862,27700000000.0,1210000000.0,10.6,-93.49
3.7e-05,1.2e-05,7e-13,3.5e-10,5e-11,0.0862,27700000000.0,1210000000.0,10.61,-92.83
3.7e-05,1.2e-05,7e-13,3.5e-10,2e-10,0.0862,27700000000.0,1210000000.0,10.61,-93.04
3.7e-05,1.2e-05,7e-13,4.5e-10,1e-10,0.0862,24900000000.0,1020000000.0,11.1,-92.86
3.7e-05,1.2e-05,7e-13,4.5e-10,1.5e-10,0.0862,24900000000.0,1020000000.0,11.1,-89.92
3.7e-05,1.2e-05,7e-13,4.5e-10,2e-10,0.0862,24900000000.0,1020000000.0,11.1,-92.75
3.7e-05,1.2e-05,7e-13,5e-10,1e-10,0.0862,23900000000.0,952000000.0,11.3,-90.57
3.7e-05,1.2e-05,7e-13,5e-10,5e-11,0.0862,23900000000.0,952000000.0,11.3,-87.16
3.7e-05,1.2e-05,7e-13,5e-10,1.5e-10,0.0862,23900000000.0,954000000.0,11.29,-90.79
3.7e-05,1.2e-05,7e-13,5e-10,2.5e-10,0.0862,23900000000.0,954000000.0,11.29,-90.99
3.7e-05,1.3e-05,5e-13,4e-10,1e-10,0.0862,26000000000.0,1140000000.0,10.89,-94.75
3.7e-05,1.3e-05,5e-13,4e-10,5e-11,0.0862,26000000000.0,1140000000.0,10.88,-94.55
3.7e-05,1.3e-05,5e-13,4e-10,1.5e-10,0.0862,26000000000.0,1130000000.0,10.89,-94.6
3.7e-05,1.3e-05,5e-13,4e-10,2e-10,0.0862,26000000000.0,1130000000.0,10.88,-94.68
3.7e-05,1.3e-05,5e-13,4e-10,2.5e-10,0.0862,26000000000.0,1140000000.0,10.88,-94.47
3.7e-05,1.3e-05,5e-13,3e-10,1e-10,0.0862,29500000000.0,1410000000.0,10.26,-88.96
3.7e-05,1.3e-05,5e-13,3e-10,5e-11,0.0862,29500000000.0,1410000000.0,10.26,-89.18
3.7e-05,1.3e-05,5e-13,3e-10,1.5e-10,0.0862,29500000000.0,1410000000.0,10.26,-89.04
3.7e-05,1.3e-05,5e-13,3e-10,2e-10,0.0862,29500000000.0,1410000000.0,10.26,-89.02
3.7e-05,1.3e-05,5e-13,3.5e-10,1e-10,0.0862,27500000000.0,1250000000.0,10.62,-93.22
3.7e-05,1.3e-05,5e-13,3.5e-10,5e-11,0.0862,27500000000.0,1250000000.0,10.61,-93.68
3.7e-05,1.3e-05,5e-13,3.5e-10,1.5e-10,0.0862,27500000000.0,1250000000.0,10.61,-93.56
3.7e-05,1.3e-05,5e-13,3.5e-10,2e-10,0.0862,27500000000.0,1250000000.0,10.62,-93.31
3.7e-05,1.3e-05,5e-13,3.5e-10,2.5e-10,0.0862,27500000000.0,1250000000.0,10.62,-93.14
3.7e-05,1.3e-05,5e-13,4.5e-10,1e-10,0.0862,24800000000.0,1050000000.0,11.11,-92.72
3.7e-05,1.3e-05,5e-13,4.5e-10,5e-11,0.0862,24800000000.0,1050000000.0,11.11,-92.5
3.7e-05,1.3e-05,5e-13,4.5e-10,2e-10,0.0862,24800000000.0,1060000000.0,11.11,-92.92
3.7e-05,1.3e-05,5e-13,4.5e-10,2.5e-10,0.0862,24800000000.0,1050000000.0,11.11,-92.52
3.7e-05,1.3e-05,5e-13,5e-10,1e-10,0.0862,23800000000.0,987000000.0,11.31,-90.71
3.7e-05,1.3e-05,5e-13,5e-10,5e-11,0.0862,23800000000.0,984000000.0,11.31,-89.85
3.7e-05,1.3e-05,5e-13,5e-10,1.5e-10,0.0862,23800000000.0,985000000.0,11.31,-90.92
3.7e-05,1.3e-05,5e-13,5e-10,2e-10,0.0862,23800000000.0,985000000.0,11.31,-90.59
3.7e-05,1.3e-05,5e-13,5e-10,2.5e-10,0.0862,23800000000.0,987000000.0,11.31,-91.14
3.7e-05,1.3e-05,3e-13,4e-10,1e-10,0.0862,26000000000.0,1140000000.0,10.88,-94.56
3.7e-05,1.3e-05,3e-13,4e-10,5e-11,0.0862,26000000000.0,1130000000.0,10.89,-94.7
3.7e-05,1.3e-05,3e-13,4e-10,1.5e-10,0.0862,26000000000.0,1140000000.0,10.89,-94.6
3.7e-05,1.3e-05,3e-13,4e-10,2e-10,0.0862,26000000000.0,1140000000.0,10.88,-94.6
3.7e-05,1.3e-05,3e-13,4e-10,2.5e-10,0.0862,26000000000.0,1130000000.0,10.89,-94.73
3.7e-05,1.3e-05,3e-13,3e-10,1e-10,0.0862,29500000000.0,1410000000.0,10.26,-89.29
3.7e-05,1.3e-05,3e-13,3e-10,5e-11,0.0862,29500000000.0,1410000000.0,10.26,-89.2
3.7e-05,1.3e-05,3e-13,3e-10,1.5e-10,0.0862,29500000000.0,1410000000.0,10.26,-89.07
3.7e-05,1.3e-05,3e-13,3e-10,2e-10,0.0862,29500000000.0,1410000000.0,10.26,-89.14
3.7e-05,1.3e-05,3e-13,3e-10,2.5e-10,0.0862,29500000000.0,1410000000.0,10.26,-89.27
3.7e-05,1.3e-05,3e-13,3.5e-10,5e-11,0.0862,27500000000.0,1250000000.0,10.61,-93.77
3.7e-05,1.3e-05,3e-13,3.5e-10,1.5e-10,0.0862,27500000000.0,1250000000.0,10.61,-93.54
3.7e-05,1.3e-05,3e-13,3.5e-10,2e-10,0.0862,27500000000.0,1250000000.0,10.62,-93.54
3.7e-05,1.3e-05,3e-13,3.5e-10,2.5e-10,0.0862,27500000000.0,1250000000.0,10.62,-93.36
3.7e-05,1.3e-05,3e-13,4.5e-10,1e-10,0.0862,24800000000.0,1050000000.0,11.11,-92.48
3.7e-05,1.3e-05,3e-13,4.5e-10,5e-11,0.0862,24800000000.0,1050000000.0,11.11,-92.6
3.7e-05,1.3e-05,3e-13,4.5e-10,2e-10,0.0862,24800000000.0,1050000000.0,11.11,-92.49
3.7e-05,1.3e-05,3e-13,4.5e-10,2.5e-10,0.0862,24800000000.0,1050000000.0,11.11,-92.86
3.7e-05,1.3e-05,3e-13,5e-10,1e-10,0.0862,23800000000.0,986000000.0,11.31,-90.29
3.7e-05,1.3e-05,3e-13,5e-10,5e-11,0.0862,23800000000.0,986000000.0,11.31,-90.52
3.7e-05,1.3e-05,3e-13,5e-10,1.5e-10,0.0862,23800000000.0,987000000.0,11.31,-90.51
3.7e-05,1.3e-05,3e-13,5e-10,2.5e-10,0.0862,23800000000.0,986000000.0,11.31,-90.64
3.7e-05,1.3e-05,4e-13,4e-10,1e-10,0.0862,26000000000.0,1130000000.0,10.89,-94.58
3.7e-05,1.3e-05,4e-13,4e-10,5e-11,0.0862,26000000000.0,1140000000.0,10.89,-94.68
3.7e-05,1.3e-05,4e-13,4e-10,1.5e-10,0.0862,26000000000.0,1140000000.0,10.89,-94.62
3.7e-05,1.3e-05,4e-13,4e-10,2e-10,0.0862,26000000000.0,1140000000.0,10.89,-94.64
3.7e-05,1.3e-05,4e-13,4e-10,2.5e-10,0.0862,26000000000.0,1140000000.0,10.88,-94.5
3.7e-05,1.3e-05,4e-13,3e-10,5e-11,0.0862,29500000000.0,1410000000.0,10.26,-89.24
3.7e-05,1.3e-05,4e-13,3e-10,1.5e-10,0.0862,29500000000.0,1410000000.0,10.26,-89.05
3.7e-05,1.3e-05,4e-13,3e-10,2e-10,0.0862,29500000000.0,1410000000.0,10.26,-89.38
3.7e-05,1.3e-05,4e-13,3e-10,2.5e-10,0.0862,29500000000.0,1410000000.0,10.26,-89.08
3.7e-05,1.3e-05,4e-13,3.5e-10,1e-10,0.0862,27500000000.0,1250000000.0,10.61,-93.67
3.7e-05,1.3e-05,4e-13,3.5e-10,5e-11,0.0862,27500000000.0,1250000000.0,10.62,-93.33
3.7e-05,1.3e-05,4e-13,3.5e-10,1.5e-10,0.0862,27500000000.0,1250000000.0,10.62,-93.21
3.7e-05,1.3e-05,4e-13,3.5e-10,2e-10,0.0862,27500000000.0,1250000000.0,10.61,-93.58
3.7e-05,1.3e-05,4e-13,4.5e-10,1e-10,0.0862,24800000000.0,1060000000.0,11.11,-92.95
3.7e-05,1.3e-05,4e-13,4.5e-10,5e-11,0.0862,24800000000.0,1060000000.0,11.11,-92.11
3.7e-05,1.3e-05,4e-13,4.5e-10,1.5e-10,0.0862,24800000000.0,1050000000.0,11.11,-93.05
3.7e-05,1.3e-05,4e-13,4.5e-10,2e-10,0.0862,24800000000.0,1050000000.0,11.11,-92.77
3.7e-05,1.3e-05,4e-13,4.5e-10,2.5e-10,0.0862,24800000000.0,1050000000.0,11.11,-92.25
3.7e-05,1.3e-05,4e-13,5e-10,1e-10,0.0862,23800000000.0,983000000.0,11.31,-90.88
3.7e-05,1.3e-05,4e-13,5e-10,5e-11,0.0862,23800000000.0,984000000.0,11.31,-90.57
3.7e-05,1.3e-05,4e-13,5e-10,1.5e-10,0.0862,23800000000.0,986000000.0,11.31,-90.68
3.7e-05,1.3e-05,4e-13,5e-10,2e-10,0.0862,23800000000.0,986000000.0,11.31,-90.43
3.7e-05,1.3e-05,4e-13,5e-10,2.5e-10,0.0862,23800000000.0,987000000.0,11.31,-90.91
3.7e-05,1.3e-05,6e-13,4e-10,1e-10,0.0862,26000000000.0,1130000000.0,10.88,-94.45
3.7e-05,1.3e-05,6e-13,4e-10,5e-11,0.0862,26000000000.0,1140000000.0,10.88,-94.66
3.7e-05,1.3e-05,6e-13,4e-10,1.5e-10,0.0862,26000000000.0,1130000000.0,10.88,-94.2
3.7e-05,1.3e-05,6e-13,4e-10,2e-10,0.0862,26000000000.0,1140000000.0,10.88,-94.65
3.7e-05,1.3e-05,6e-13,4e-10,2.5e-10,0.0862,26000000000.0,1140000000.0,10.88,-94.57
3.7e-05,1.3e-05,6e-13,3e-10,5e-11,0.0862,29500000000.0,1410000000.0,10.26,-89.03
3.7e-05,1.3e-05,6e-13,3e-10,2.5e-10,0.0862,29500000000.0,1410000000.0,10.26,-89.11
3.7e-05,1.3e-05,6e-13,3.5e-10,1e-10,0.0862,27500000000.0,1250000000.0,10.61,-93.72
3.7e-05,1.3e-05,6e-13,3.5e-10,1.5e-10,0.0862,27500000000.0,1250000000.0,10.61,-93.43
3.7e-05,1.3e-05,6e-13,3.5e-10,2e-10,0.0862,27500000000.0,1250000000.0,10.61,-93.49
3.7e-05,1.3e-05,6e-13,4.5e-10,1e-10,0.0862,24800000000.0,1050000000.0,11.11,-92.28
3.7e-05,1.3e-05,6e-13,4.5e-10,5e-11,0.0862,24800000000.0,1050000000.0,11.11,-92.51
3.7e-05,1.3e-05,6e-13,4.5e-10,1.5e-10,0.0862,24800000000.0,1050000000.0,11.11,-92.65
3.7e-05,1.3e-05,6e-13,4.5e-10,2e-10,0.0862,24800000000.0,1050000000.0,11.11,-92.24
3.7e-05,1.3e-05,6e-13,4.5e-10,2.5e-10,0.0862,24800000000.0,1050000000.0,11.11,-92.94
3.7e-05,1.3e-05,6e-13,5e-10,1e-10,0.0862,23800000000.0,983000000.0,11.31,-90.69
3.7e-05,1.3e-05,6e-13,5e-10,5e-11,0.0862,23800000000.0,987000000.0,11.31,-90.76
3.7e-05,1.3e-05,6e-13,5e-10,1.5e-10,0.0862,23800000000.0,985000000.0,11.31,-88.94
3.7e-05,1.3e-05,6e-13,5e-10,2e-10,0.0862,23800000000.0,988000000.0,11.31,-90.94
3.7e-05,1.3e-05,6e-13,5e-10,2.5e-10,0.0862,23800000000.0,985000000.0,11.31,-90.75
3.7e-05,1.3e-05,7e-13,4e-10,1e-10,0.0862,26000000000.0,1140000000.0,10.89,-94.67
3.7e-05,1.3e-05,7e-13,4e-10,5e-11,0.0862,26000000000.0,1140000000.0,10.89,-94.66
3.7e-05,1.3e-05,7e-13,4e-10,2e-10,0.0862,26000000000.0,1130000000.0,10.89,-94.63
3.7e-05,1.3e-05,7e-13,4e-10,2.5e-10,0.0862,26000000000.0,1130000000.0,10.89,-94.57
3.7e-05,1.3e-05,7e-13,3e-10,1e-10,0.0862,29500000000.0,1410000000.0,10.26,-89.09
3.7e-05,1.3e-05,7e-13,3e-10,1.5e-10,0.0862,29500000000.0,1410000000.0,10.26,-89.34
3.7e-05,1.3e-05,7e-13,3e-10,2e-10,0.0862,29500000000.0,1410000000.0,10.26,-88.92
3.7e-05,1.3e-05,7e-13,3e-10,2.5e-10,0.0862,29500000000.0,1410000000.0,10.26,-88.99
3.7e-05,1.3e-05,7e-13,3.5e-10,1e-10,0.0862,27500000000.0,1250000000.0,10.61,-93.52
3.7e-05,1.3e-05,7e-13,3.5e-10,5e-11,0.0862,27500000000.0,1250000000.0,10.61,-93.2
3.7e-05,1.3e-05,7e-13,3.5e-10,1.5e-10,0.0862,27500000000.0,1250000000.0,10.62,-93.63
3.7e-05,1.3e-05,7e-13,3.5e-10,2e-10,0.0862,27500000000.0,1250000000.0,10.61,-93.48
3.7e-05,1.3e-05,7e-13,3.5e-10,2.5e-10,0.0862,27500000000.0,1250000000.0,10.61,-93.6
3.7e-05,1.3e-05,7e-13,4.5e-10,1e-10,0.0862,24800000000.0,1060000000.0,11.11,-92.93
3.7e-05,1.3e-05,7e-13,4.5e-10,2e-10,0.0862,24800000000.0,1050000000.0,11.11,-92.64
3.7e-05,1.3e-05,7e-13,5e-10,1e-10,0.0862,23800000000.0,987000000.0,11.31,-90.5
3.7e-05,1.3e-05,7e-13,5e-10,5e-11,0.0862,23800000000.0,987000000.0,11.31,-90.05
3.7e-05,1.3e-05,7e-13,5e-10,1.5e-10,0.0862,23800000000.0,985000000.0,11.31,-90.6
3.7e-05,1.3e-05,7e-13,5e-10,2e-10,0.0862,23800000000.0,988000000.0,11.31,-90.36
3.7e-05,1.3e-05,7e-13,5e-10,2.5e-10,0.0862,23800000000.0,985000000.0,11.31,-91.11
3.7e-05,1.4e-05,5e-13,4e-10,1e-10,0.0862,25900000000.0,1160000000.0,10.89,-94.28
3.7e-05,1.4e-05,5e-13,4e-10,5e-11,0.0862,25900000000.0,1170000000.0,10.89,-94.18
3.7e-05,1.4e-05,5e-13,4e-10,1.5e-10,0.0862,25900000000.0,1160000000.0,10.89,-94.78
3.7e-05,1.4e-05,5e-13,4e-10,2e-10,0.0862,25900000000.0,1170000000.0,10.89,-94.26
3.7e-05,1.4e-05,5e-13,4e-10,2.5e-10,0.0862,25900000000.0,1170000000.0,10.89,-94.25
3.7e-05,1.4e-05,5e-13,3e-10,1e-10,0.0862,29400000000.0,1450000000.0,10.27,-89.64
3.7e-05,1.4e-05,5e-13,3e-10,5e-11,0.0862,29400000000.0,1450000000.0,10.27,-89.67
3.7e-05,1.4e-05,5e-13,3e-10,1.5e-10,0.0862,29400000000.0,1450000000.0,10.27,-89.4
3.7e-05,1.4e-05,5e-13,3e-10,2e-10,0.0862,29400000000.0,1450000000.0,10.27,-89.38
3.7e-05,1.4e-05,5e-13,3e-10,2.5e-10,0.0862,29400000000.0,1450000000.0,10.27,-89.65
3.7e-05,1.4e-05,5e-13,3.5e-10,1e-10,0.0862,27400000000.0,1290000000.0,10.62,-94.12
3.7e-05,1.4e-05,5e-13,3.5e-10,5e-11,0.0862,27400000000.0,1280000000.0,10.62,-93.9
3.7e-05,1.4e-05,5e-13,3.5e-10,1.5e-10,0.0862,27400000000.0,1280000000.0,10.62,-93.48
3.7e-05,1.4e-05,5e-13,3.5e-10,2e-10,0.0862,27400000000.0,1280000000.0,10.62,-93.64
3.7e-05,1.4e-05,5e-13,3.5e-10,2.5e-10,0.0862,27400000000.0,1280000000.0,10.62,-93.15
3.7e-05,1.4e-05,5e-13,4.5e-10,1e-10,0.0862,24700000000.0,1080000000.0,11.12,-92.37
3.7e-05,1.4e-05,5e-13,4.5e-10,5e-11,0.0862,24700000000.0,1080000000.0,11.12,-92.36
3.7e-05,1.4e-05,5e-13,4.5e-10,1.5e-10,0.0862,24700000000.0,1080000000.0,11.12,-92.17
3.7e-05,1.4e-05,5e-13,4.5e-10,2e-10,0.0862,24700000000.0,1080000000.0,11.12,-92.5
3.7e-05,1.4e-05,5e-13,4.5e-10,2.5e-10,0.0862,24700000000.0,1080000000.0,11.12,-93.18
3.7e-05,1.4e-05,5e-13,5e-10,1e-10,0.0862,23700000000.0,1010000000.0,11.32,-90.42
3.7e-05,1.4e-05,5e-13,5e-10,5e-11,0.0862,23700000000.0,1010000000.0,11.32,-90.43
3.7e-05,1.4e-05,5e-13,5e-10,1.5e-10,0.0862,23700000000.0,1010000000.0,11.32,-90.63
3.7e-05,1.4e-05,5e-13,5e-10,2e-10,0.0862,23700000000.0,1010000000.0,11.32,-90.59
3.7e-05,1.4e-05,5e-13,5e-10,2.5e-10,0.0862,23700000000.0,1010000000.0,11.32,-90.64
3.7e-05,1.4e-05,3e-13,4e-10,1e-10,0.0862,25900000000.0,1170000000.0,10.89,-94.58
3.7e-05,1.4e-05,3e-13,4e-10,5e-11,0.0862,25900000000.0,1170000000.0,10.89,-94.46
3.7e-05,1.4e-05,3e-13,4e-10,1.5e-10,0.0862,25900000000.0,1170000000.0,10.89,-94.66
3.7e-05,1.4e-05,3e-13,4e-10,2e-10,0.0862,25900000000.0,1170000000.0,10.89,-86.5
3.7e-05,1.4e-05,3e-13,4e-10,2.5e-10,0.0862,25900000000.0,1160000000.0,10.89,-94.43
3.7e-05,1.4e-05,3e-13,3e-10,1e-10,0.0862,29400000000.0,1450000000.0,10.27,-89.61
3.7e-05,1.4e-05,3e-13,3e-10,5e-11,0.0862,29400000000.0,1450000000.0,10.27,-89.69
3.7e-05,1.4e-05,3e-13,3e-10,1.5e-10,0.0862,29400000000.0,1450000000.0,10.27,-89.45
3.7e-05,1.4e-05,3e-13,3e-10,2e-10,0.0862,29400000000.0,1450000000.0,10.27,-89.77
3.7e-05,1.4e-05,3e-13,3e-10,2.5e-10,0.0862,29400000000.0,1450000000.0,10.27,-89.58
3.7e-05,1.4e-05,3e-13,3.5e-10,1e-10,0.0862,27400000000.0,1290000000.0,10.62,-94.04
3.7e-05,1.4e-05,3e-13,3.5e-10,5e-11,0.0862,27400000000.0,1280000000.0,10.62,-94.13
3.7e-05,1.4e-05,3e-13,3.5e-10,1.5e-10,0.0862,27400000000.0,1280000000.0,10.62,-93.66
3.7e-05,1.4e-05,3e-13,3.5e-10,2e-10,0.0862,27400000000.0,1280000000.0,10.62,-93.14
3.7e-05,1.4e-05,3e-13,4.5e-10,1e-10,0.0862,24700000000.0,1080000000.0,11.12,-92.69
3.7e-05,1.4e-05,3e-13,4.5e-10,5e-11,0.0862,24700000000.0,1080000000.0,11.12,-92.62
3.7e-05,1.4e-05,3e-13,4.5e-10,1.5e-10,0.0862,24700000000.0,1080000000.0,11.12,-92.22
3.7e-05,1.4e-05,3e-13,4.5e-10,2e-10,0.0862,24700000000.0,1080000000.0,11.12,-91.97
3.7e-05,1.4e-05,3e-13,4.5e-10,2.5e-10,0.0862,24700000000.0,1080000000.0,11.12,-92.52
3.7e-05,1.4e-05,3e-13,5e-10,1e-10,0.0862,23700000000.0,1020000000.0,11.32,-90.19
3.7e-05,1.4e-05,3e-13,5e-10,5e-11,0.0862,23700000000.0,1010000000.0,11.32,-90.44
3.7e-05,1.4e-05,3e-13,5e-10,1.5e-10,0.0862,23700000000.0,1010000000.0,11.32,-90.6
3.7e-05,1.4e-05,3e-13,5e-10,2e-10,0.0862,23700000000.0,1020000000.0,11.32,-90.88
3.7e-05,1.4e-05,3e-13,5e-10,2.5e-10,0.0862,23700000000.0,1010000000.0,11.32,-86.5
3.7e-05,1.4e-05,4e-13,4e-10,1e-10,0.0862,25900000000.0,1170000000.0,10.89,-94.59
3.7e-05,1.4e-05,4e-13,4e-10,1.5e-10,0.0862,25900000000.0,1170000000.0,10.89,-94.69
3.7e-05,1.4e-05,4e-13,4e-10,2e-10,0.0862,25900000000.0,1170000000.0,10.89,-94.72
3.7e-05,1.4e-05,4e-13,4e-10,2.5e-10,0.0862,25900000000.0,1170000000.0,10.89,-94.3
3.7e-05,1.4e-05,4e-13,3e-10,1e-10,0.0862,29400000000.0,1450000000.0,10.27,-89.5
3.7e-05,1.4e-05,4e-13,3.5e-10,1e-10,0.0862,27400000000.0,1280000000.0,10.62,-94.02
3.7e-05,1.4e-05,4e-13,3.5e-10,5e-11,0.0862,27400000000.0,1280000000.0,10.62,-94.07
3.7e-05,1.4e-05,4e-13,3.5e-10,1.5e-10,0.0862,27400000000.0,1280000000.0,10.62,-93.89
3.7e-05,1.4e-05,4e-13,3.5e-10,2e-10,0.0862,27400000000.0,1280000000.0,10.62,-93.97
3.7e-05,1.4e-05,4e-13,3.5e-10,2.5e-10,0.0862,27400000000.0,1290000000.0,10.62,-93.89
3.7e-05,1.4e-05,4e-13,4.5e-10,1e-10,0.0862,24700000000.0,1080000000.0,11.12,-92.18
3.7e-05,1.4e-05,4e-13,4.5e-10,5e-11,0.0862,24700000000.0,1080000000.0,11.12,-92.0
3.7e-05,1.4e-05,4e-13,4.5e-10,1.5e-10,0.0862,24700000000.0,1080000000.0,11.12,-92.78
3.7e-05,1.4e-05,4e-13,4.5e-10,2e-10,0.0862,24700000000.0,1080000000.0,11.12,-92.76
3.7e-05,1.4e-05,4e-13,4.5e-10,2.5e-10,0.0862,24700000000.0,1080000000.0,11.12,-92.31
3.7e-05,1.4e-05,4e-13,5e-10,1e-10,0.0862,23700000000.0,1010000000.0,11.32,-90.34
3.7e-05,1.4e-05,4e-13,5e-10,1.5e-10,0.0862,23700000000.0,1010000000.0,11.32,-90.18
3.7e-05,1.4e-05,4e-13,5e-10,2e-10,0.0862,23700000000.0,1010000000.0,11.32,-89.84
3.7e-05,1.4e-05,4e-13,5e-10,2.5e-10,0.0862,23700000000.0,1010000000.0,11.32,-90.97
3.7e-05,1.4e-05,6e-13,4e-10,1e-10,0.0862,25900000000.0,1160000000.0,10.89,-94.64
3.7e-05,1.4e-05,6e-13,4e-10,5e-11,0.0862,25900000000.0,1160000000.0,10.89,-94.6
3.7e-05,1.4e-05,6e-13,4e-10,1.5e-10,0.0862,25900000000.0,1160000000.0,10.89,-94.45
3.7e-05,1.4e-05,6e-13,4e-10,2e-10,0.0862,25900000000.0,1160000000.0,10.89,-94.66
3.7e-05,1.4e-05,6e-13,4e-10,2.5e-10,0.0862,25900000000.0,1170000000.0,10.89,-94.2
3.7e-05,1.4e-05,6e-13,3e-10,1e-10,0.0862,29400000000.0,1450000000.0,10.27,-89.59
3.7e-05,1.4e-05,6e-13,3e-10,1.5e-10,0.0862,29400000000.0,1450000000.0,10.27,-89.6
3.7e-05,1.4e-05,6e-13,3e-10,2e-10,0.0862,29400000000.0,1450000000.0,10.27,-89.55
3.7e-05,1.4e-05,6e-13,3e-10,2.5e-10,0.0862,29400000000.0,1450000000.0,10.27,-89.51
3.7e-05,1.4e-05,6e-13,3.5e-10,1e-10,0.0862,27400000000.0,1280000000.0,10.62,-93.51
3.7e-05,1.4e-05,6e-13,3.5e-10,5e-11,0.0862,27400000000.0,1290000000.0,10.62,-94.09
3.7e-05,1.4e-05,6e-13,3.5e-10,2e-10,0.0862,27400000000.0,1280000000.0,10.62,-93.47
3.7e-05,1.4e-05,6e-13,3.5e-10,2.5e-10,0.0862,27400000000.0,1280000000.0,10.62,-93.96
3.7e-05,1.4e-05,6e-13,4.5e-10,1e-10,0.0862,24700000000.0,1080000000.0,11.12,-92.13
3.7e-05,1.4e-05,6e-13,4.5e-10,5e-11,0.0862,24700000000.0,1080000000.0,11.12,-92.53
3.7e-05,1.4e-05,6e-13,4.5e-10,1.5e-10,0.0862,24700000000.0,1080000000.0,11.12,-92.66
3.7e-05,1.4e-05,6e-13,4.5e-10,2e-10,0.0862,24700000000.0,1080000000.0,11.12,-92.72
3.7e-05,1.4e-05,6e-13,5e-10,1e-10,0.0862,23700000000.0,1010000000.0,11.32,-90.38
3.7e-05,1.4e-05,6e-13,5e-10,5e-11,0.0862,23700000000.0,1010000000.0,11.32,-90.19
3.7e-05,1.4e-05,6e-13,5e-10,1.5e-10,0.0862,23700000000.0,1010000000.0,11.32,-90.61
3.7e-05,1.4e-05,6e-13,5e-10,2e-10,0.0862,23700000000.0,1010000000.0,11.32,-91.11
3.7e-05,1.4e-05,6e-13,5e-10,2.5e-10,0.0862,23700000000.0,1010000000.0,11.32,-90.5
3.7e-05,1.4e-05,7e-13,4e-10,1e-10,0.0862,25900000000.0,1170000000.0,10.89,-94.57
3.7e-05,1.4e-05,7e-13,4e-10,5e-11,0.0862,25900000000.0,1170000000.0,10.89,-94.49
3.7e-05,1.4e-05,7e-13,4e-10,2e-10,0.0862,25900000000.0,1170000000.0,10.89,-94.51
3.7e-05,1.4e-05,7e-13,4e-10,2.5e-10,0.0862,25900000000.0,1170000000.0,10.89,-94.64
3.7e-05,1.4e-05,7e-13,3e-10,1e-10,0.0862,29400000000.0,1450000000.0,10.27,-89.32
3.7e-05,1.4e-05,7e-13,3e-10,5e-11,0.0862,29400000000.0,1450000000.0,10.27,-89.41
3.7e-05,1.4e-05,7e-13,3e-10,1.5e-10,0.0862,29400000000.0,1450000000.0,10.27,-89.54
3.7e-05,1.4e-05,7e-13,3e-10,2e-10,0.0862,29400000000.0,1450000000.0,10.27,-89.37
3.7e-05,1.4e-05,7e-13,3e-10,2.5e-10,0.0862,29400000000.0,1450000000.0,10.26,-89.5
3.7e-05,1.4e-05,7e-13,3.5e-10,5e-11,0.0862,27400000000.0,1290000000.0,10.62,-93.74
3.7e-05,1.4e-05,7e-13,3.5e-10,1.5e-10,0.0862,27400000000.0,1280000000.0,10.62,-93.68
3.7e-05,1.4e-05,7e-13,3.5e-10,2e-10,0.0862,27400000000.0,1280000000.0,10.62,-93.95
3.7e-05,1.4e-05,7e-13,3.5e-10,2.5e-10,0.0862,27400000000.0,1280000000.0,10.62,-93.8
3.7e-05,1.4e-05,7e-13,4.5e-10,1e-10,0.0862,24700000000.0,1080000000.0,11.12,-92.41
3.7e-05,1.4e-05,7e-13,4.5e-10,5e-11,0.0862,24700000000.0,1080000000.0,11.12,-92.05
3.7e-05,1.4e-05,7e-13,4.5e-10,1.5e-10,0.0862,24700000000.0,1080000000.0,11.12,-92.8
3.7e-05,1.4e-05,7e-13,4.5e-10,2e-10,0.0862,24700000000.0,1080000000.0,11.12,-92.51
3.7e-05,1.4e-05,7e-13,5e-10,1e-10,0.0862,23700000000.0,1010000000.0,11.32,-90.01
3.7e-05,1.4e-05,7e-13,5e-10,5e-11,0.0862,23700000000.0,1010000000.0,11.32,-89.11
3.7e-05,1.4e-05,7e-13,5e-10,1.5e-10,0.0862,23700000000.0,1010000000.0,11.32,-90.49
3.7e-05,1.4e-05,7e-13,5e-10,2e-10,0.0862,23700000000.0,1010000000.0,11.32,-90.26
3.7e-05,1.5e-05,5e-13,4e-10,1e-10,0.0862,25800000000.0,1190000000.0,10.89,-94.26
3.7e-05,1.5e-05,5e-13,4e-10,5e-11,0.0862,25800000000.0,1190000000.0,10.9,-94.56
3.7e-05,1.5e-05,5e-13,4e-10,1.5e-10,0.0862,25800000000.0,1190000000.0,10.89,-94.54
3.7e-05,1.5e-05,5e-13,4e-10,2e-10,0.0862,25800000000.0,1190000000.0,10.89,-93.82
3.7e-05,1.5e-05,5e-13,3e-10,1e-10,0.0862,29200000000.0,1480000000.0,10.27,-89.82
3.7e-05,1.5e-05,5e-13,3e-10,5e-11,0.0862,29200000000.0,1480000000.0,10.27,-89.78
3.7e-05,1.5e-05,5e-13,3e-10,1.5e-10,0.0862,29200000000.0,1480000000.0,10.27,-89.75
3.7e-05,1.5e-05,5e-13,3e-10,2.5e-10,0.0862,29200000000.0,1480000000.0,10.27,-89.86
3.7e-05,1.5e-05,5e-13,3.5e-10,1e-10,0.0862,27300000000.0,1300000000.0,10.62,-93.31
3.7e-05,1.5e-05,5e-13,3.5e-10,5e-11,0.0862,27300000000.0,1300000000.0,10.62,-94.25
3.7e-05,1.5e-05,5e-13,3.5e-10,1.5e-10,0.0862,27300000000.0,1310000000.0,10.62,-93.78
3.7e-05,1.5e-05,5e-13,3.5e-10,2e-10,0.0862,27300000000.0,1310000000.0,10.62,-93.89
3.7e-05,1.5e-05,5e-13,3.5e-10,2.5e-10,0.0862,27300000000.0,1300000000.0,10.62,-94.14
3.7e-05,1.5e-05,5e-13,4.5e-10,1e-10,0.0862,24600000000.0,1100000000.0,11.13,-91.61
3.7e-05,1.5e-05,5e-13,4.5e-10,5e-11,0.0862,24600000000.0,1100000000.0,11.13,-92.34
3.7e-05,1.5e-05,5e-13,4.5e-10,1.5e-10,0.0862,24600000000.0,1100000000.0,11.12,-92.33
3.7e-05,1.5e-05,5e-13,4.5e-10,2e-10,0.0862,24600000000.0,1100000000.0,11.13,-92.07
3.7e-05,1.5e-05,5e-13,4.5e-10,2.5e-10,0.0862,24600000000.0,1110000000.0,11.12,-92.59
3.7e-05,1.5e-05,5e-13,5e-10,1e-10,0.0862,23600000000.0,1030000000.0,11.32,-90.4
3.7e-05,1.5e-05,5e-13,5e-10,5e-11,0.0862,23600000000.0,1030000000.0,11.33,-90.09
3.7e-05,1.5e-05,5e-13,5e-10,1.5e-10,0.0862,23600000000.0,1030000000.0,11.33,-90.52
3.7e-05,1.5e-05,5e-13,5e-10,2e-10,0.0862,23600000000.0,1030000000.0,11.33,-90.74
3.7e-05,1.5e-05,5e-13,5e-10,2.5e-10,0.0862,23600000000.0,1030000000.0,11.32,-90.76
3.7e-05,1.5e-05,3e-13,4e-10,1e-10,0.0862,25800000000.0,1180000000.0,10.9,-94.39
3.7e-05,1.5e-05,3e-13,4e-10,5e-11,0.0862,25800000000.0,1190000000.0,10.9,-94.49
3.7e-05,1.5e-05,3e-13,4e-10,1.5e-10,0.0862,25800000000.0,1190000000.0,10.89,-94.43
3.7e-05,1.5e-05,3e-13,4e-10,2e-10,0.0862,25800000000.0,1190000000.0,10.9,-94.08
3.7e-05,1.5e-05,3e-13,4e-10,2.5e-10,0.0862,25800000000.0,1190000000.0,10.9,-94.33
3.7e-05,1.5e-05,3e-13,3e-10,1e-10,0.0862,29200000000.0,1480000000.0,10.27,-90.03
3.7e-05,1.5e-05,3e-13,3e-10,5e-11,0.0862,29200000000.0,1480000000.0,10.27,-90.0
3.7e-05,1.5e-05,3e-13,3e-10,1.5e-10,0.0862,29200000000.0,1480000000.0,10.27,-89.8
3.7e-05,1.5e-05,3e-13,3e-10,2e-10,0.0862,29200000000.0,1480000000.0,10.27,-90.11
3.7e-05,1.5e-05,3e-13,3e-10,2.5e-10,0.0862,29200000000.0,1480000000.0,10.27,-90.08
3.7e-05,1.5e-05,3e-13,3.5e-10,1e-10,0.0862,27300000000.0,1310000000.0,10.62,-93.93
3.7e-05,1.5e-05,3e-13,3.5e-10,5e-11,0.0862,27300000000.0,1310000000.0,10.62,-93.85
3.7e-05,1.5e-05,3e-13,3.5e-10,1.5e-10,0.0862,27300000000.0,1310000000.0,10.62,-94.17
3.7e-05,1.5e-05,3e-13,3.5e-10,2e-10,0.0862,27300000000.0,1310000000.0,10.62,-93.88
3.7e-05,1.5e-05,3e-13,3.5e-10,2.5e-10,0.0862,27300000000.0,1310000000.0,10.62,-94.09
3.7e-05,1.5e-05,3e-13,4.5e-10,1e-10,0.0862,24600000000.0,1100000000.0,11.13,-92.17
3.7e-05,1.5e-05,3e-13,4.5e-10,5e-11,0.0862,24600000000.0,1110000000.0,11.12,-92.35
3.7e-05,1.5e-05,3e-13,4.5e-10,1.5e-10,0.0862,24600000000.0,1100000000.0,11.12,-92.12
3.7e-05,1.5e-05,3e-13,4.5e-10,2e-10,0.0862,24600000000.0,1100000000.0,11.12,-92.41
3.7e-05,1.5e-05,3e-13,4.5e-10,2.5e-10,0.0862,24600000000.0,1100000000.0,11.12,-92.64
3.7e-05,1.5e-05,3e-13,5e-10,1e-10,0.0862,23600000000.0,1030000000.0,11.33,-90.98
3.7e-05,1.5e-05,3e-13,5e-10,5e-11,0.0862,23600000000.0,1030000000.0,11.33,-90.26
3.7e-05,1.5e-05,3e-13,5e-10,1.5e-10,0.0862,23600000000.0,1030000000.0,11.33,-90.47
3.7e-05,1.5e-05,3e-13,5e-10,2e-10,0.0862,23600000000.0,1040000000.0,11.32,-89.15
3.7e-05,1.5e-05,3e-13,5e-10,2.5e-10,0.0862,23600000000.0,1030000000.0,11.32,-88.46
3.7e-05,1.5e-05,4e-13,4e-10,1e-10,0.0862,25800000000.0,1190000000.0,10.9,-94.52
3.7e-05,1.5e-05,4e-13,4e-10,5e-11,0.0862,25800000000.0,1190000000.0,10.9,-94.63
3.7e-05,1.5e-05,4e-13,4e-10,1.5e-10,0.0862,25800000000.0,1190000000.0,10.9,-94.04
3.7e-05,1.5e-05,4e-13,4e-10,2e-10,0.0862,25800000000.0,1190000000.0,10.89,-94.31
3.7e-05,1.5e-05,4e-13,3e-10,1e-10,0.0862,29200000000.0,1480000000.0,10.27,-89.77
3.7e-05,1.5e-05,4e-13,3e-10,5e-11,0.0862,29200000000.0,1480000000.0,10.27,-89.94
3.7e-05,1.5e-05,4e-13,3e-10,1.5e-10,0.0862,29200000000.0,1480000000.0,10.27,-89.72
3.7e-05,1.5e-05,4e-13,3e-10,2e-10,0.0862,29200000000.0,1480000000.0,10.27,-90.19
3.7e-05,1.5e-05,4e-13,3e-10,2.5e-10,0.0862,29200000000.0,1480000000.0,10.27,-89.92
3.7e-05,1.5e-05,4e-13,3.5e-10,1e-10,0.0862,27300000000.0,1310000000.0,10.62,-94.33
3.7e-05,1.5e-05,4e-13,3.5e-10,5e-11,0.0862,27300000000.0,1310000000.0,10.62,-94.26
3.7e-05,1.5e-05,4e-13,3.5e-10,2e-10,0.0862,27300000000.0,1300000000.0,10.62,-93.28
3.7e-05,1.5e-05,4e-13,3.5e-10,2.5e-10,0.0862,27300000000.0,1310000000.0,10.62,-94.32
3.7e-05,1.5e-05,4e-13,4.5e-10,1e-10,0.0862,24600000000.0,1100000000.0,11.13,-91.54
3.7e-05,1.5e-05,4e-13,4.5e-10,5e-11,0.0862,24600000000.0,1100000000.0,11.12,-92.89
3.7e-05,1.5e-05,4e-13,4.5e-10,1.5e-10,0.0862,24600000000.0,1100000000.0,11.12,-92.4
3.7e-05,1.5e-05,4e-13,4.5e-10,2e-10,0.0862,24600000000.0,1110000000.0,11.12,-92.57
3.7e-05,1.5e-05,4e-13,4.5e-10,2.5e-10,0.0862,24600000000.0,1100000000.0,11.12,-91.79
3.7e-05,1.5e-05,4e-13,5e-10,1e-10,0.0862,23600000000.0,1040000000.0,11.33,-90.12
3.7e-05,1.5e-05,4e-13,5e-10,5e-11,0.0862,23600000000.0,1030000000.0,11.32,-90.83
3.7e-05,1.5e-05,4e-13,5e-10,2e-10,0.0862,23600000000.0,1030000000.0,11.33,-90.22
3.7e-05,1.5e-05,4e-13,5e-10,2.5e-10,0.0862,23600000000.0,1030000000.0,11.32,-90.44
3.7e-05,1.5e-05,6e-13,4e-10,1e-10,0.0862,25800000000.0,1190000000.0,10.9,-94.55
3.7e-05,1.5e-05,6e-13,4e-10,5e-11,0.0862,25800000000.0,1190000000.0,10.9,-94.2
3.7e-05,1.5e-05,6e-13,4e-10,1.5e-10,0.0862,25800000000.0,1180000000.0,10.9,-94.47
3.7e-05,1.5e-05,6e-13,4e-10,2e-10,0.0862,25800000000.0,1190000000.0,10.89,-94.49
3.7e-05,1.5e-05,6e-13,4e-10,2.5e-10,0.0862,25800000000.0,1190000000.0,10.9,-94.28
3.7e-05,1.5e-05,6e-13,3e-10,5e-11,0.0862,29200000000.0,1480000000.0,10.27,-89.95
3.7e-05,1.5e-05,6e-13,3e-10,1.5e-10,0.0862,29200000000.0,1480000000.0,10.27,-89.93
3.7e-05,1.5e-05,6e-13,3e-10,2e-10,0.0862,29200000000.0,1480000000.0,10.27,-89.7
3.7e-05,1.5e-05,6e-13,3e-10,2.5e-10,0.0862,29200000000.0,1470000000.0,10.27,-89.94
3.7e-05,1.5e-05,6e-13,3.5e-10,1e-10,0.0862,27300000000.0,1300000000.0,10.62,-94.09
3.7e-05,1.5e-05,6e-13,3.5e-10,5e-11,0.0862,27300000000.0,1300000000.0,10.62,-94.24
3.7e-05,1.5e-05,6e-13,3.5e-10,2e-10,0.0862,27300000000.0,1310000000.0,10.62,-94.05
3.7e-05,1.5e-05,6e-13,3.5e-10,2.5e-10,0.0862,27300000000.0,1300000000.0,10.62,-94.08
3.7e-05,1.5e-05,6e-13,4.5e-10,1e-10,0.0862,24600000000.0,1100000000.0,11.13,-92.5
3.7e-05,1.5e-05,6e-13,4.5e-10,5e-11,0.0862,24600000000.0,1100000000.0,11.13,-92.51
3.7e-05,1.5e-05,6e-13,4.5e-10,1.5e-10,0.0862,24600000000.0,1110000000.0,11.12,-92.6
3.7e-05,1.5e-05,6e-13,4.5e-10,2e-10,0.0862,24600000000.0,1100000000.0,11.12,-92.11
3.7e-05,1.5e-05,6e-13,4.5e-10,2.5e-10,0.0862,24600000000.0,1100000000.0,11.12,-92.8
3.7e-05,1.5e-05,6e-13,5e-10,1e-10,0.0862,23600000000.0,1030000000.0,11.33,-90.34
3.7e-05,1.5e-05,6e-13,5e-10,5e-11,0.0862,23600000000.0,1030000000.0,11.32,-90.27
3.7e-05,1.5e-05,6e-13,5e-10,1.5e-10,0.0862,23600000000.0,1030000000.0,11.33,-89.69
3.7e-05,1.5e-05,6e-13,5e-10,2e-10,0.0862,23600000000.0,1030000000.0,11.33,-88.83
3.7e-05,1.5e-05,6e-13,5e-10,2.5e-10,0.0862,23600000000.0,1030000000.0,11.32,-90.46
3.7e-05,1.5e-05,7e-13,4e-10,1e-10,0.0862,25800000000.0,1190000000.0,10.9,-94.54
3.7e-05,1.5e-05,7e-13,4e-10,5e-11,0.0862,25800000000.0,1190000000.0,10.89,-94.64
3.7e-05,1.5e-05,7e-13,4e-10,1.5e-10,0.0862,25800000000.0,1190000000.0,10.89,-94.34
3.7e-05,1.5e-05,7e-13,4e-10,2e-10,0.0862,25800000000.0,1190000000.0,10.9,-94.43
3.7e-05,1.5e-05,7e-13,4e-10,2.5e-10,0.0862,25800000000.0,1190000000.0,10.89,-94.67
3.7e-05,1.5e-05,7e-13,3e-10,1e-10,0.0862,29200000000.0,1480000000.0,10.27,-90.72
3.7e-05,1.5e-05,7e-13,3e-10,2e-10,0.0862,29200000000.0,1480000000.0,10.27,-89.96
3.7e-05,1.5e-05,7e-13,3e-10,2.5e-10,0.0862,29200000000.0,1470000000.0,10.27,-89.93
3.7e-05,1.5e-05,7e-13,3.5e-10,1e-10,0.0862,27300000000.0,1300000000.0,10.62,-93.26
3.7e-05,1.5e-05,7e-13,3.5e-10,5e-11,0.0862,27300000000.0,1310000000.0,10.62,-93.72
3.7e-05,1.5e-05,7e-13,3.5e-10,2e-10,0.0862,27300000000.0,1310000000.0,10.62,-93.98
3.7e-05,1.5e-05,7e-13,3.5e-10,2.5e-10,0.0862,27300000000.0,1310000000.0,10.62,-93.71
3.7e-05,1.5e-05,7e-13,4.5e-10,1e-10,0.0862,24600000000.0,1100000000.0,11.12,-92.29
3.7e-05,1.5e-05,7e-13,4.5e-10,5e-11,0.0862,24600000000.0,1100000000.0,11.13,-92.19
3.7e-05,1.5e-05,7e-13,4.5e-10,1.5e-10,0.0862,24600000000.0,1100000000.0,11.12,-92.08
3.7e-05,1.5e-05,7e-13,4.5e-10,2e-10,0.0862,24600000000.0,1100000000.0,11.13,-92.27
3.7e-05,1.5e-05,7e-13,4.5e-10,2.5e-10,0.0862,24600000000.0,1100000000.0,11.12,-92.62
3.7e-05,1.5e-05,7e-13,5e-10,1e-10,0.0862,23600000000.0,1040000000.0,11.32,-90.45
3.7e-05,1.5e-05,7e-13,5e-10,1.5e-10,0.0862,23600000000.0,1030000000.0,11.33,-90.14
3.7e-05,1.5e-05,7e-13,5e-10,2e-10,0.0862,23600000000.0,1030000000.0,11.33,-90.38
3.7e-05,1.5e-05,7e-13,5e-10,2.5e-10,0.0862,23600000000.0,1030000000.0,11.33,-90.05
3.7e-05,1.6e-05,5e-13,4e-10,1e-10,0.0862,25600000000.0,1210000000.0,10.9,-94.27
3.7e-05,1.6e-05,5e-13,4e-10,5e-11,0.0862,25700000000.0,1210000000.0,10.9,-93.79
3.7e-05,1.6e-05,5e-13,4e-10,1.5e-10,0.0862,25600000000.0,1210000000.0,10.9,-94.23
3.7e-05,1.6e-05,5e-13,4e-10,2e-10,0.0862,25600000000.0,1210000000.0,10.9,-94.19
3.7e-05,1.6e-05,5e-13,4e-10,2.5e-10,0.0862,25600000000.0,1200000000.0,10.9,-94.25
3.7e-05,1.6e-05,5e-13,3e-10,1e-10,0.0862,29100000000.0,1500000000.0,10.26,-90.13
3.7e-05,1.6e-05,5e-13,3e-10,5e-11,0.0862,29100000000.0,1500000000.0,10.26,-90.35
3.7e-05,1.6e-05,5e-13,3e-10,1.5e-10,0.0862,29100000000.0,1490000000.0,10.26,-90.32
3.7e-05,1.6e-05,5e-13,3e-10,2.5e-10,0.0862,29100000000.0,1500000000.0,10.26,-90.09
3.7e-05,1.6e-05,5e-13,3.5e-10,1e-10,0.0862,27100000000.0,1330000000.0,10.62,-94.32
3.7e-05,1.6e-05,5e-13,3.5e-10,5e-11,0.0862,27100000000.0,1320000000.0,10.62,-94.36
3.7e-05,1.6e-05,5e-13,3.5e-10,1.5e-10,0.0862,27100000000.0,1330000000.0,10.62,-94.28
3.7e-05,1.6e-05,5e-13,3.5e-10,2e-10,0.0862,27100000000.0,1320000000.0,10.62,-93.39
3.7e-05,1.6e-05,5e-13,3.5e-10,2.5e-10,0.0862,27100000000.0,1320000000.0,10.62,-94.18
3.7e-05,1.6e-05,5e-13,4.5e-10,1e-10,0.0862,24500000000.0,1120000000.0,11.13,-92.08
3.7e-05,1.6e-05,5e-13,4.5e-10,5e-11,0.0862,24500000000.0,1120000000.0,11.13,-92.28
3.7e-05,1.6e-05,5e-13,4.5e-10,1.5e-10,0.0862,24500000000.0,1120000000.0,11.13,-92.21
3.7e-05,1.6e-05,5e-13,4.5e-10,2e-10,0.0862,24500000000.0,1110000000.0,11.13,-92.02
3.7e-05,1.6e-05,5e-13,4.5e-10,2.5e-10,0.0862,24500000000.0,1120000000.0,11.13,-91.52
3.7e-05,1.6e-05,5e-13,5e-10,1e-10,0.0862,23500000000.0,1040000000.0,11.33,-90.56
3.7e-05,1.6e-05,5e-13,5e-10,5e-11,0.0862,23500000000.0,1050000000.0,11.33,-88.27
3.7e-05,1.6e-05,5e-13,5e-10,1.5e-10,0.0862,23500000000.0,1040000000.0,11.33,-89.91
3.7e-05,1.6e-05,5e-13,5e-10,2e-10,0.0862,23500000000.0,1050000000.0,11.33,-90.13
3.7e-05,1.6e-05,5e-13,5e-10,2.5e-10,0.0862,23500000000.0,1050000000.0,11.33,-90.41
3.7e-05,1.6e-05,3e-13,4e-10,1e-10,0.0862,25700000000.0,1200000000.0,10.9,-94.67
3.7e-05,1.6e-05,3e-13,4e-10,5e-11,0.0862,25700000000.0,1200000000.0,10.9,-94.51
3.7e-05,1.6e-05,3e-13,4e-10,1.5e-10,0.0862,25700000000.0,1200000000.0,10.9,-93.96
3.7e-05,1.6e-05,3e-13,4e-10,2e-10,0.0862,25700000000.0,1200000000.0,10.9,-94.22
3.7e-05,1.6e-05,3e-13,4e-10,2.5e-10,0.0862,25700000000.0,1200000000.0,10.9,-94.39
3.7e-05,1.6e-05,3e-13,3e-10,1e-10,0.0862,29100000000.0,1500000000.0,10.27,-90.35
3.7e-05,1.6e-05,3e-13,3e-10,5e-11,0.0862,29100000000.0,1500000000.0,10.26,-90.43
3.7e-05,1.6e-05,3e-13,3e-10,1.5e-10,0.0862,29100000000.0,1500000000.0,10.26,-90.45
3.7e-05,1.6e-05,3e-13,3e-10,2e-10,0.0862,29100000000.0,1500000000.0,10.26,-90.22
3.7e-05,1.6e-05,3e-13,3e-10,2.5e-10,0.0862,29100000000.0,1500000000.0,10.27,-90.16
3.7e-05,1.6e-05,3e-13,3.5e-10,1e-10,0.0862,27100000000.0,1320000000.0,10.62,-94.11
3.7e-05,1.6e-05,3e-13,3.5e-10,5e-11,0.0862,27100000000.0,1320000000.0,10.62,-94.54
3.7e-05,1.6e-05,3e-13,3.5e-10,1.5e-10,0.0862,27100000000.0,1320000000.0,10.62,-93.45
3.7e-05,1.6e-05,3e-13,3.5e-10,2e-10,0.0862,27100000000.0,1330000000.0,10.62,-94.47
3.7e-05,1.6e-05,3e-13,3.5e-10,2.5e-10,0.0862,27100000000.0,1320000000.0,10.62,-94.34
3.7e-05,1.6e-05,3e-13,4.5e-10,1e-10,0.0862,24500000000.0,1120000000.0,11.13,-88.03
3.7e-05,1.6e-05,3e-13,4.5e-10,5e-11,0.0862,24500000000.0,1120000000.0,11.13,-92.18
3.7e-05,1.6e-05,3e-13,4.5e-10,1.5e-10,0.0862,24500000000.0,1120000000.0,11.13,-91.72
3.7e-05,1.6e-05,3e-13,4.5e-10,2e-10,0.0862,24500000000.0,1120000000.0,11.13,-92.19
3.7e-05,1.6e-05,3e-13,4.5e-10,2.5e-10,0.0862,24500000000.0,1120000000.0,11.13,-91.51
3.7e-05,1.6e-05,3e-13,5e-10,1e-10,0.0862,23500000000.0,1040000000.0,11.33,-90.49
3.7e-05,1.6e-05,3e-13,5e-10,5e-11,0.0862,23500000000.0,1050000000.0,11.33,-90.03
3.7e-05,1.6e-05,3e-13,5e-10,1.5e-10,0.0862,23500000000.0,1050000000.0,11.33,-90.12
3.7e-05,1.6e-05,3e-13,5e-10,2e-10,0.0862,23500000000.0,1050000000.0,11.33,-90.24
3.7e-05,1.6e-05,3e-13,5e-10,2.5e-10,0.0862,23500000000.0,1050000000.0,11.33,-90.59
3.7e-05,1.6e-05,4e-13,4e-10,1e-10,0.0862,25700000000.0,1210000000.0,10.9,-94.17
3.7e-05,1.6e-05,4e-13,4e-10,5e-11,0.0862,25700000000.0,1210000000.0,10.9,-94.37
3.7e-05,1.6e-05,4e-13,4e-10,1.5e-10,0.0862,25700000000.0,1210000000.0,10.9,-94.18
3.7e-05,1.6e-05,4e-13,4e-10,2e-10,0.0862,25700000000.0,1210000000.0,10.9,-93.83
3.7e-05,1.6e-05,4e-13,4e-10,2.5e-10,0.0862,25700000000.0,1210000000.0,10.9,-94.16
3.7e-05,1.6e-05,4e-13,3e-10,5e-11,0.0862,29100000000.0,1500000000.0,10.26,-90.32
3.7e-05,1.6e-05,4e-13,3e-10,2e-10,0.0862,29100000000.0,1500000000.0,10.26,-90.31
3.7e-05,1.6e-05,4e-13,3e-10,2.5e-10,0.0862,29100000000.0,1500000000.0,10.26,-90.16
3.7e-05,1.6e-05,4e-13,3.5e-10,1e-10,0.0862,27100000000.0,1330000000.0,10.62,-94.36
3.7e-05,1.6e-05,4e-13,3.5e-10,5e-11,0.0862,27100000000.0,1330000000.0,10.62,-94.49
3.7e-05,1.6e-05,4e-13,3.5e-10,1.5e-10,0.0862,27100000000.0,1320000000.0,10.62,-94.4
3.7e-05,1.6e-05,4e-13,3.5e-10,2e-10,0.0862,27100000000.0,1330000000.0,10.62,-79.94
3.7e-05,1.6e-05,4e-13,3.5e-10,2.5e-10,0.0862,27100000000.0,1320000000.0,10.62,-94.12
3.7e-05,1.6e-05,4e-13,4.5e-10,1e-10,0.0862,24500000000.0,1120000000.0,11.13,-92.79
3.7e-05,1.6e-05,4e-13,4.5e-10,5e-11,0.0862,24500000000.0,1110000000.0,11.13,-92.38
3.7e-05,1.6e-05,4e-13,4.5e-10,1.5e-10,0.0862,24500000000.0,1120000000.0,11.13,-92.49
3.7e-05,1.6e-05,4e-13,4.5e-10,2e-10,0.0862,24500000000.0,1120000000.0,11.13,-92.17
3.7e-05,1.6e-05,4e-13,4.5e-10,2.5e-10,0.0862,24500000000.0,1120000000.0,11.13,-92.32
3.7e-05,1.6e-05,4e-13,5e-10,1e-10,0.0862,23500000000.0,1040000000.0,11.33,-90.06
3.7e-05,1.6e-05,4e-13,5e-10,5e-11,0.0862,23500000000.0,1050000000.0,11.33,-90.63
3.7e-05,1.6e-05,4e-13,5e-10,2.5e-10,0.0862,23500000000.0,1050000000.0,11.33,-90.4
3.7e-05,1.6e-05,6e-13,4e-10,1e-10,0.0862,25600000000.0,1210000000.0,10.9,-94.57
3.7e-05,1.6e-05,6e-13,4e-10,5e-11,0.0862,25600000000.0,1200000000.0,10.9,-94.55
3.7e-05,1.6e-05,6e-13,4e-10,1.5e-10,0.0862,25600000000.0,1200000000.0,10.9,-94.27
3.7e-05,1.6e-05,6e-13,4e-10,2.5e-10,0.0862,25600000000.0,1200000000.0,10.9,-94.24
3.7e-05,1.6e-05,6e-13,3e-10,1e-10,0.0862,29100000000.0,1500000000.0,10.26,-90.23
3.7e-05,1.6e-05,6e-13,3e-10,5e-11,0.0862,29100000000.0,1500000000.0,10.26,-90.2
3.7e-05,1.6e-05,6e-13,3e-10,1.5e-10,0.0862,29100000000.0,1500000000.0,10.26,-90.4
3.7e-05,1.6e-05,6e-13,3e-10,2e-10,0.0862,29100000000.0,1490000000.0,10.26,-90.09
3.7e-05,1.6e-05,6e-13,3e-10,2.5e-10,0.0862,29100000000.0,1500000000.0,10.26,-90.33
3.7e-05,1.6e-05,6e-13,3.5e-10,1e-10,0.0862,27100000000.0,1320000000.0,10.62,-94.01
3.7e-05,1.6e-05,6e-13,3.5e-10,5e-11,0.0862,27100000000.0,1320000000.0,10.62,-94.44
3.7e-05,1.6e-05,6e-13,3.5e-10,1.5e-10,0.0862,27100000000.0,1330000000.0,10.62,-94.18
3.7e-05,1.6e-05,6e-13,3.5e-10,2e-10,0.0862,27100000000.0,1320000000.0,10.62,-94.14
3.7e-05,1.6e-05,6e-13,4.5e-10,1e-10,0.0862,24500000000.0,1120000000.0,11.13,-92.2
3.7e-05,1.6e-05,6e-13,4.5e-10,5e-11,0.0862,24500000000.0,1120000000.0,11.13,-91.73
3.7e-05,1.6e-05,6e-13,4.5e-10,1.5e-10,0.0862,24500000000.0,1120000000.0,11.13,-92.02
3.7e-05,1.6e-05,6e-13,4.5e-10,2e-10,0.0862,24500000000.0,1120000000.0,11.13,-91.74
3.7e-05,1.6e-05,6e-13,4.5e-10,2.5e-10,0.0862,24500000000.0,1120000000.0,11.13,-92.23
3.7e-05,1.6e-05,6e-13,5e-10,5e-11,0.0862,23500000000.0,1050000000.0,11.33,-89.96
3.7e-05,1.6e-05,6e-13,5e-10,1.5e-10,0.0862,23500000000.0,1050000000.0,11.33,-89.95
3.7e-05,1.6e-05,6e-13,5e-10,2e-10,0.0862,23500000000.0,1050000000.0,11.33,-90.96
3.7e-05,1.6e-05,6e-13,5e-10,2.5e-10,0.0862,23500000000.0,1040000000.0,11.33,-90.4
3.7e-05,1.6e-05,7e-13,4e-10,1e-10,0.0862,25600000000.0,1210000000.0,10.9,-94.34
3.7e-05,1.6e-05,7e-13,4e-10,5e-11,0.0862,25600000000.0,1210000000.0,10.89,-94.33
3.7e-05,1.6e-05,7e-13,4e-10,1.5e-10,0.0862,25600000000.0,1200000000.0,10.9,-94.02
3.7e-05,1.6e-05,7e-13,4e-10,2e-10,0.0862,25600000000.0,1200000000.0,10.9,-94.39
3.7e-05,1.6e-05,7e-13,4e-10,2.5e-10,0.0862,25600000000.0,1200000000.0,10.9,-91.17
3.7e-05,1.6e-05,7e-13,3e-10,5e-11,0.0862,29100000000.0,1490000000.0,10.26,-90.2
3.7e-05,1.6e-05,7e-13,3e-10,1.5e-10,0.0862,29100000000.0,1490000000.0,10.26,-90.17
3.7e-05,1.6e-05,7e-13,3e-10,2e-10,0.0862,29100000000.0,1500000000.0,10.26,-90.07
3.7e-05,1.6e-05,7e-13,3.5e-10,1e-10,0.0862,27100000000.0,1330000000.0,10.62,-94.57
3.7e-05,1.6e-05,7e-13,3.5e-10,5e-11,0.0862,27100000000.0,1320000000.0,10.62,-94.37
3.7e-05,1.6e-05,7e-13,3.5e-10,1.5e-10,0.0862,27100000000.0,1320000000.0,10.62,-94.48
3.7e-05,1.6e-05,7e-13,3.5e-10,2e-10,0.0862,27100000000.0,1320000000.0,10.62,-94.2
3.7e-05,1.6e-05,7e-13,3.5e-10,2.5e-10,0.0862,27100000000.0,1330000000.0,10.62,-94.33
3.7e-05,1.6e-05,7e-13,4.5e-10,5e-11,0.0862,24500000000.0,1120000000.0,11.13,-92.47
3.7e-05,1.6e-05,7e-13,4.5e-10,2e-10,0.0862,24500000000.0,1120000000.0,11.13,-92.03
3.7e-05,1.6e-05,7e-13,4.5e-10,2.5e-10,0.0862,24500000000.0,1110000000.0,11.13,-91.68
3.7e-05,1.6e-05,7e-13,5e-10,1.5e-10,0.0862,23500000000.0,1040000000.0,11.33,-90.01
3.7e-05,1.6e-05,7e-13,5e-10,2e-10,0.0862,23500000000.0,1050000000.0,11.33,-90.32
3.7e-05,1.6e-05,7e-13,5e-10,2.5e-10,0.0862,23500000000.0,1050000000.0,11.33,-89.76
3.7e-05,1.7e-05,5e-13,4e-10,1e-10,0.0862,25500000000.0,1220000000.0,10.9,-93.63
3.7e-05,1.7e-05,5e-13,4e-10,5e-11,0.0862,25500000000.0,1220000000.0,10.89,-94.15
3.7e-05,1.7e-05,5e-13,4e-10,1.5e-10,0.0862,25500000000.0,1210000000.0,10.9,-93.76
3.7e-05,1.7e-05,5e-13,4e-10,2e-10,0.0862,25500000000.0,1210000000.0,10.89,-94.24
3.7e-05,1.7e-05,5e-13,4e-10,2.5e-10,0.0862,25500000000.0,1220000000.0,10.9,-94.22
3.7e-05,1.7e-05,5e-13,3e-10,1e-10,0.0862,29000000000.0,1510000000.0,10.26,-90.53
3.7e-05,1.7e-05,5e-13,3e-10,5e-11,0.0862,29000000000.0,1510000000.0,10.26,-90.62
3.7e-05,1.7e-05,5e-13,3e-10,1.5e-10,0.0862,29000000000.0,1510000000.0,10.26,-90.64
3.7e-05,1.7e-05,5e-13,3e-10,2e-10,0.0862,29000000000.0,1510000000.0,10.26,-90.77
3.7e-05,1.7e-05,5e-13,3e-10,2.5e-10,0.0862,29000000000.0,1510000000.0,10.26,-90.5
3.7e-05,1.7e-05,5e-13,3.5e-10,1e-10,0.0862,27000000000.0,1330000000.0,10.62,-94.46
3.7e-05,1.7e-05,5e-13,3.5e-10,5e-11,0.0862,27000000000.0,1330000000.0,10.62,-79.93
3.7e-05,1.7e-05,5e-13,3.5e-10,1.5e-10,0.0862,27000000000.0,1330000000.0,10.62,-94.62
3.7e-05,1.7e-05,5e-13,3.5e-10,2.5e-10,0.0862,27000000000.0,1330000000.0,10.62,-94.22
3.7e-05,1.7e-05,5e-13,4.5e-10,1e-10,0.0862,24400000000.0,1120000000.0,11.13,-92.27
3.7e-05,1.7e-05,5e-13,4.5e-10,5e-11,0.0862,24400000000.0,1130000000.0,11.13,-91.92
3.7e-05,1.7e-05,5e-13,4.5e-10,1.5e-10,0.0862,24400000000.0,1130000000.0,11.13,-92.16
3.7e-05,1.7e-05,5e-13,4.5e-10,2e-10,0.0862,24400000000.0,1120000000.0,11.13,-92.1
3.7e-05,1.7e-05,5e-13,4.5e-10,2.5e-10,0.0862,24400000000.0,1130000000.0,11.13,-91.93
3.7e-05,1.7e-05,5e-13,5e-10,1e-10,0.0862,23400000000.0,1060000000.0,11.34,-89.96
3.7e-05,1.7e-05,5e-13,5e-10,5e-11,0.0862,23400000000.0,1060000000.0,11.33,-88.08
3.7e-05,1.7e-05,5e-13,5e-10,1.5e-10,0.0862,23400000000.0,1050000000.0,11.33,-90.18
3.7e-05,1.7e-05,5e-13,5e-10,2e-10,0.0862,23400000000.0,1060000000.0,11.33,-90.2
3.7e-05,1.7e-05,5e-13,5e-10,2.5e-10,0.0862,23400000000.0,1060000000.0,11.34,-90.87
3.7e-05,1.7e-05,3e-13,4e-10,1e-10,0.0862,25600000000.0,1220000000.0,10.89,-94.06
3.7e-05,1.7e-05,3e-13,4e-10,5e-11,0.0862,25600000000.0,1210000000.0,10.9,-94.18
3.7e-05,1.7e-05,3e-13,4e-10,1.5e-10,0.0862,25600000000.0,1210000000.0,10.9,-94.08
3.7e-05,1.7e-05,3e-13,4e-10,2e-10,0.0862,25600000000.0,1220000000.0,10.89,-94.34
3.7e-05,1.7e-05,3e-13,4e-10,2.5e-10,0.0862,25600000000.0,1220000000.0,10.89,-93.92
3.7e-05,1.7e-05,3e-13,3e-10,1e-10,0.0862,29000000000.0,1510000000.0,10.26,-90.71
3.7e-05,1.7e-05,3e-13,3e-10,1.5e-10,0.0862,29000000000.0,1510000000.0,10.26,-90.63
3.7e-05,1.7e-05,3e-13,3e-10,2e-10,0.0862,29000000000.0,1510000000.0,10.26,-90.56
3.7e-05,1.7e-05,3e-13,3e-10,2.5e-10,0.0862,29000000000.0,1510000000.0,10.26,-90.72
3.7e-05,1.7e-05,3e-13,3.5e-10,1e-10,0.0862,27000000000.0,1330000000.0,10.62,-94.55
3.7e-05,1.7e-05,3e-13,3.5e-10,5e-11,0.0862,27000000000.0,1340000000.0,10.62,-94.82
3.7e-05,1.7e-05,3e-13,3.5e-10,1.5e-10,0.0862,27000000000.0,1340000000.0,10.62,-92.96
3.7e-05,1.7e-05,3e-13,3.5e-10,2e-10,0.0862,27000000000.0,1340000000.0,10.62,-94.36
3.7e-05,1.7e-05,3e-13,3.5e-10,2.5e-10,0.0862,27000000000.0,1340000000.0,10.62,-94.67
3.7e-05,1.7e-05,3e-13,4.5e-10,1e-10,0.0862,24400000000.0,1120000000.0,11.13,-92.33
3.7e-05,1.7e-05,3e-13,4.5e-10,5e-11,0.0862,24400000000.0,1130000000.0,11.13,-92.03
3.7e-05,1.7e-05,3e-13,4.5e-10,1.5e-10,0.0862,24400000000.0,1120000000.0,11.13,-91.85
3.7e-05,1.7e-05,3e-13,4.5e-10,2e-10,0.0862,24400000000.0,1130000000.0,11.13,-92.0
3.7e-05,1.7e-05,3e-13,4.5e-10,2.5e-10,0.0862,24400000000.0,1130000000.0,11.13,-92.52
3.7e-05,1.7e-05,3e-13,5e-10,1e-10,0.0862,23400000000.0,1060000000.0,11.33,-90.08
3.7e-05,1.7e-05,3e-13,5e-10,5e-11,0.0862,23400000000.0,1050000000.0,11.34,-90.41
3.7e-05,1.7e-05,3e-13,5e-10,1.5e-10,0.0862,23400000000.0,1060000000.0,11.33,-89.96
3.7e-05,1.7e-05,3e-13,5e-10,2e-10,0.0862,23400000000.0,1060000000.0,11.33,-90.45
3.7e-05,1.7e-05,3e-13,5e-10,2.5e-10,0.0862,23400000000.0,1060000000.0,11.33,-90.29
3.7e-05,1.7e-05,4e-13,4e-10,5e-11,0.0862,25600000000.0,1210000000.0,10.9,-94.21
3.7e-05,1.7e-05,4e-13,4e-10,1.5e-10,0.0862,25500000000.0,1220000000.0,10.89,-93.97
3.7e-05,1.7e-05,4e-13,4e-10,2e-10,0.0862,25500000000.0,1220000000.0,10.9,-94.29
3.7e-05,1.7e-05,4e-13,4e-10,2.5e-10,0.0862,25500000000.0,1210000000.0,10.9,-93.88
3.7e-05,1.7e-05,4e-13,3e-10,1e-10,0.0862,29000000000.0,1510000000.0,10.26,-90.73
3.7e-05,1.7e-05,4e-13,3e-10,5e-11,0.0862,29000000000.0,1510000000.0,10.26,-90.49
3.7e-05,1.7e-05,4e-13,3e-10,2e-10,0.0862,29000000000.0,1510000000.0,10.26,-90.66
3.7e-05,1.7e-05,4e-13,3.5e-10,1e-10,0.0862,27000000000.0,1340000000.0,10.62,-94.7
3.7e-05,1.7e-05,4e-13,3.5e-10,5e-11,0.0862,27000000000.0,1340000000.0,10.62,-94.76
3.7e-05,1.7e-05,4e-13,3.5e-10,1.5e-10,0.0862,27000000000.0,1330000000.0,10.62,-94.44
3.7e-05,1.7e-05,4e-13,3.5e-10,2e-10,0.0862,27000000000.0,1330000000.0,10.62,-94.42
3.7e-05,1.7e-05,4e-13,3.5e-10,2.5e-10,0.0862,27000000000.0,1340000000.0,10.62,-94.58
3.7e-05,1.7e-05,4e-13,4.5e-10,1e-10,0.0862,24400000000.0,1120000000.0,11.13,-92.24
3.7e-05,1.7e-05,4e-13,4.5e-10,5e-11,0.0862,24400000000.0,1120000000.0,11.13,-92.01
3.7e-05,1.7e-05,4e-13,4.5e-10,1.5e-10,0.0862,24400000000.0,1130000000.0,11.13,-91.95
3.7e-05,1.7e-05,4e-13,4.5e-10,2e-10,0.0862,24400000000.0,1130000000.0,11.13,-91.99
3.7e-05,1.7e-05,4e-13,4.5e-10,2.5e-10,0.0862,24400000000.0,1130000000.0,11.13,-91.87
3.7e-05,1.7e-05,4e-13,5e-10,1e-10,0.0862,23400000000.0,1050000000.0,11.34,-89.95
3.7e-05,1.7e-05,4e-13,5e-10,5e-11,0.0862,23400000000.0,1060000000.0,11.33,-90.31
3.7e-05,1.7e-05,4e-13,5e-10,1.5e-10,0.0862,23400000000.0,1060000000.0,11.33,-89.31
3.7e-05,1.7e-05,4e-13,5e-10,2e-10,0.0862,23400000000.0,1060000000.0,11.33,-89.95
3.7e-05,1.7e-05,4e-13,5e-10,2.5e-10,0.0862,23400000000.0,1060000000.0,11.34,-89.93
3.7e-05,1.7e-05,6e-13,4e-10,1e-10,0.0862,25500000000.0,1210000000.0,10.9,-94.35
3.7e-05,1.7e-05,6e-13,4e-10,5e-11,0.0862,25500000000.0,1220000000.0,10.89,-94.44
3.7e-05,1.7e-05,6e-13,4e-10,1.5e-10,0.0862,25500000000.0,1220000000.0,10.9,-94.27
3.7e-05,1.7e-05,6e-13,4e-10,2e-10,0.0862,25500000000.0,1210000000.0,10.89,-94.59
3.7e-05,1.7e-05,6e-13,4e-10,2.5e-10,0.0862,25500000000.0,1220000000.0,10.89,-94.19
3.7e-05,1.7e-05,6e-13,3e-10,1e-10,0.0862,29000000000.0,1510000000.0,10.26,-90.54
3.7e-05,1.7e-05,6e-13,3e-10,5e-11,0.0862,29000000000.0,1510000000.0,10.26,-90.67
3.7e-05,1.7e-05,6e-13,3e-10,1.5e-10,0.0862,29000000000.0,1510000000.0,10.26,-90.38
3.7e-05,1.7e-05,6e-13,3e-10,2.5e-10,0.0862,29000000000.0,1510000000.0,10.26,-90.59
3.7e-05,1.7e-05,6e-13,3.5e-10,1e-10,0.0862,27000000000.0,1330000000.0,10.62,-94.28
3.7e-05,1.7e-05,6e-13,3.5e-10,5e-11,0.0862,27000000000.0,1330000000.0,10.62,-93.89
3.7e-05,1.7e-05,6e-13,3.5e-10,1.5e-10,0.0862,27000000000.0,1340000000.0,10.62,-94.61
3.7e-05,1.7e-05,6e-13,3.5e-10,2e-10,0.0862,27000000000.0,1340000000.0,10.62,-94.39
3.7e-05,1.7e-05,6e-13,3.5e-10,2.5e-10,0.0862,27000000000.0,1330000000.0,10.62,-93.7
3.7e-05,1.7e-05,6e-13,4.5e-10,1e-10,0.0862,24400000000.0,1130000000.0,11.13,-91.49
3.7e-05,1.7e-05,6e-13,4.5e-10,5e-11,0.0862,24400000000.0,1130000000.0,11.13,-91.78
3.7e-05,1.7e-05,6e-13,4.5e-10,1.5e-10,0.0862,24400000000.0,1130000000.0,11.13,-92.07
3.7e-05,1.7e-05,6e-13,4.5e-10,2e-10,0.0862,24400000000.0,1120000000.0,11.13,-91.97
3.7e-05,1.7e-05,6e-13,5e-10,1e-10,0.0862,23400000000.0,1060000000.0,11.33,-90.19
3.7e-05,1.7e-05,6e-13,5e-10,5e-11,0.0862,23400000000.0,1060000000.0,11.34,-89.91
3.7e-05,1.7e-05,6e-13,5e-10,2e-10,0.0862,23400000000.0,1050000000.0,11.33,-90.09
3.7e-05,1.7e-05,6e-13,5e-10,2.5e-10,0.0862,23400000000.0,1050000000.0,11.34,-89.78
3.7e-05,1.7e-05,7e-13,4e-10,1e-10,0.0862,25500000000.0,1210000000.0,10.9,-94.09
3.7e-05,1.7e-05,7e-13,4e-10,5e-11,0.0862,25500000000.0,1220000000.0,10.89,-93.63
3.7e-05,1.7e-05,7e-13,4e-10,1.5e-10,0.0862,25500000000.0,1210000000.0,10.9,-94.23
3.7e-05,1.7e-05,7e-13,4e-10,2e-10,0.0862,25500000000.0,1220000000.0,10.89,-94.32
3.7e-05,1.7e-05,7e-13,4e-10,2.5e-10,0.0862,25500000000.0,1210000000.0,10.89,-94.39
3.7e-05,1.7e-05,7e-13,3e-10,1e-10,0.0862,29000000000.0,1510000000.0,10.26,-90.52
3.7e-05,1.7e-05,7e-13,3e-10,5e-11,0.0862,29000000000.0,1510000000.0,10.26,-89.76
3.7e-05,1.7e-05,7e-13,3e-10,2e-10,0.0862,29000000000.0,1510000000.0,10.26,-90.57
3.7e-05,1.7e-05,7e-13,3e-10,2.5e-10,0.0862,29000000000.0,1510000000.0,10.26,-90.46
3.7e-05,1.7e-05,7e-13,3.5e-10,1e-10,0.0862,27000000000.0,1340000000.0,10.62,-94.56
3.7e-05,1.7e-05,7e-13,3.5e-10,5e-11,0.0862,27000000000.0,1330000000.0,10.62,-94.63
3.7e-05,1.7e-05,7e-13,3.5e-10,1.5e-10,0.0862,27000000000.0,1340000000.0,10.62,-94.34
3.7e-05,1.7e-05,7e-13,3.5e-10,2e-10,0.0862,27000000000.0,1340000000.0,10.62,-94.63
3.7e-05,1.7e-05,7e-13,4.5e-10,1e-10,0.0862,24400000000.0,1130000000.0,11.13,-91.52
3.7e-05,1.7e-05,7e-13,4.5e-10,5e-11,0.0862,24400000000.0,1120000000.0,11.13,-92.19
3.7e-05,1.7e-05,7e-13,4.5e-10,1.5e-10,0.0862,24400000000.0,1120000000.0,11.13,-91.84
3.7e-05,1.7e-05,7e-13,4.5e-10,2e-10,0.0862,24400000000.0,1120000000.0,11.13,-91.44
3.7e-05,1.7e-05,7e-13,4.5e-10,2.5e-10,0.0862,24400000000.0,1120000000.0,11.13,-91.48
3.7e-05,1.7e-05,7e-13,5e-10,5e-11,0.0862,23400000000.0,1060000000.0,11.34,-90.06
3.7e-05,1.7e-05,7e-13,5e-10,1.5e-10,0.0862,23400000000.0,1050000000.0,11.34,-90.0
3.7e-05,1.7e-05,7e-13,5e-10,2e-10,0.0862,23400000000.0,1060000000.0,11.34,-89.88
3.7e-05,1.8e-05,5e-13,4e-10,1e-10,0.0862,25500000000.0,1220000000.0,10.89,-93.44
3.7e-05,1.8e-05,5e-13,4e-10,5e-11,0.0862,25500000000.0,1220000000.0,10.89,-93.68
3.7e-05,1.8e-05,5e-13,4e-10,1.5e-10,0.0862,25500000000.0,1220000000.0,10.89,-94.13
3.7e-05,1.8e-05,5e-13,4e-10,2e-10,0.0862,25500000000.0,1220000000.0,10.89,-94.11
3.7e-05,1.8e-05,5e-13,3e-10,1e-10,0.0862,28900000000.0,1510000000.0,10.25,-90.94
3.7e-05,1.8e-05,5e-13,3e-10,5e-11,0.0862,28900000000.0,1510000000.0,10.25,-90.83
3.7e-05,1.8e-05,5e-13,3e-10,1.5e-10,0.0862,28900000000.0,1510000000.0,10.25,-90.95
3.7e-05,1.8e-05,5e-13,3e-10,2.5e-10,0.0862,28900000000.0,1510000000.0,10.25,-90.85
3.7e-05,1.8e-05,5e-13,3.5e-10,1e-10,0.0862,26900000000.0,1340000000.0,10.61,-94.78
3.7e-05,1.8e-05,5e-13,3.5e-10,5e-11,0.0862,26900000000.0,1340000000.0,10.61,-94.76
3.7e-05,1.8e-05,5e-13,3.5e-10,1.5e-10,0.0862,26900000000.0,1340000000.0,10.61,-94.73
3.7e-05,1.8e-05,5e-13,3.5e-10,2e-10,0.0862,26900000000.0,1340000000.0,10.61,-94.71
3.7e-05,1.8e-05,5e-13,3.5e-10,2.5e-10,0.0862,26900000000.0,1340000000.0,10.61,-94.61
3.7e-05,1.8e-05,5e-13,4.5e-10,1e-10,0.0862,24300000000.0,1130000000.0,11.13,-91.18
3.7e-05,1.8e-05,5e-13,4.5e-10,5e-11,0.0862,24300000000.0,1130000000.0,11.13,-91.63
3.7e-05,1.8e-05,5e-13,4.5e-10,1.5e-10,0.0862,24300000000.0,1130000000.0,11.13,-92.0
3.7e-05,1.8e-05,5e-13,4.5e-10,2e-10,0.0862,24300000000.0,1130000000.0,11.13,-91.81
3.7e-05,1.8e-05,5e-13,4.5e-10,2.5e-10,0.0862,24300000000.0,1130000000.0,11.13,-91.68
3.7e-05,1.8e-05,5e-13,5e-10,1e-10,0.0862,23300000000.0,1060000000.0,11.33,-89.44
3.7e-05,1.8e-05,5e-13,5e-10,5e-11,0.0862,23300000000.0,1060000000.0,11.34,-90.02
3.7e-05,1.8e-05,5e-13,5e-10,1.5e-10,0.0862,23300000000.0,1060000000.0,11.34,-89.82
3.7e-05,1.8e-05,5e-13,5e-10,2e-10,0.0862,23300000000.0,1060000000.0,11.33,-90.09
3.7e-05,1.8e-05,5e-13,5e-10,2.5e-10,0.0862,23300000000.0,1060000000.0,11.33,-89.6
3.7e-05,1.8e-05,3e-13,4e-10,5e-11,0.0862,25500000000.0,1220000000.0,10.89,-93.98
3.7e-05,1.8e-05,3e-13,4e-10,1.5e-10,0.0862,25500000000.0,1220000000.0,10.89,-94.1
3.7e-05,1.8e-05,3e-13,4e-10,2e-10,0.0862,25500000000.0,1220000000.0,10.89,-93.83
3.7e-05,1.8e-05,3e-13,4e-10,2.5e-10,0.0862,25500000000.0,1220000000.0,10.89,-93.95
3.7e-05,1.8e-05,3e-13,3e-10,1e-10,0.0862,28900000000.0,1510000000.0,10.25,-91.13
3.7e-05,1.8e-05,3e-13,3e-10,5e-11,0.0862,28900000000.0,1510000000.0,10.25,-91.03
3.7e-05,1.8e-05,3e-13,3e-10,1.5e-10,0.0862,28900000000.0,1510000000.0,10.25,-90.86
3.7e-05,1.8e-05,3e-13,3e-10,2.5e-10,0.0862,28900000000.0,1510000000.0,10.25,-90.81
3.7e-05,1.8e-05,3e-13,3.5e-10,1e-10,0.0862,26900000000.0,1340000000.0,10.61,-94.93
3.7e-05,1.8e-05,3e-13,3.5e-10,5e-11,0.0862,26900000000.0,1340000000.0,10.61,-94.9
3.7e-05,1.8e-05,3e-13,3.5e-10,1.5e-10,0.0862,26900000000.0,1340000000.0,10.61,-94.83
3.7e-05,1.8e-05,3e-13,3.5e-10,2e-10,0.0862,26900000000.0,1340000000.0,10.61,-94.79
3.7e-05,1.8e-05,3e-13,4.5e-10,1e-10,0.0862,24300000000.0,1130000000.0,11.13,-87.25
3.7e-05,1.8e-05,3e-13,4.5e-10,5e-11,0.0862,24300000000.0,1130000000.0,11.13,-92.12
3.7e-05,1.8e-05,3e-13,4.5e-10,1.5e-10,0.0862,24300000000.0,1130000000.0,11.13,-91.48
3.7e-05,1.8e-05,3e-13,4.5e-10,2e-10,0.0862,24300000000.0,1130000000.0,11.13,-92.07
3.7e-05,1.8e-05,3e-13,5e-10,1e-10,0.0862,23300000000.0,1060000000.0,11.34,-90.18
3.7e-05,1.8e-05,3e-13,5e-10,5e-11,0.0862,23300000000.0,1060000000.0,11.34,-89.77
3.7e-05,1.8e-05,3e-13,5e-10,1.5e-10,0.0862,23300000000.0,1060000000.0,11.33,-90.0
3.7e-05,1.8e-05,3e-13,5e-10,2e-10,0.0862,23300000000.0,1060000000.0,11.34,-89.97
3.7e-05,1.8e-05,4e-13,4e-10,1e-10,0.0862,25500000000.0,1220000000.0,10.89,-93.8
3.7e-05,1.8e-05,4e-13,4e-10,1.5e-10,0.0862,25500000000.0,1220000000.0,10.89,-94.07
3.7e-05,1.8e-05,4e-13,4e-10,2e-10,0.0862,25500000000.0,1220000000.0,10.89,-93.94
3.7e-05,1.8e-05,4e-13,4e-10,2.5e-10,0.0862,25500000000.0,1210000000.0,10.89,-93.82
3.7e-05,1.8e-05,4e-13,3e-10,1e-10,0.0862,28900000000.0,1510000000.0,10.25,-90.97
3.7e-05,1.8e-05,4e-13,3e-10,5e-11,0.0862,28900000000.0,1510000000.0,10.25,-90.96
3.7e-05,1.8e-05,4e-13,3e-10,1.5e-10,0.0862,28900000000.0,1510000000.0,10.25,-90.78
3.7e-05,1.8e-05,4e-13,3.5e-10,1e-10,0.0862,26900000000.0,1340000000.0,10.61,-94.91
3.7e-05,1.8e-05,4e-13,3.5e-10,1.5e-10,0.0862,26900000000.0,1340000000.0,10.61,-91.76
3.7e-05,1.8e-05,4e-13,3.5e-10,2e-10,0.0862,26900000000.0,1340000000.0,10.61,-94.68
3.7e-05,1.8e-05,4e-13,3.5e-10,2.5e-10,0.0862,26900000000.0,1340000000.0,10.61,-93.96
3.7e-05,1.8e-05,4e-13,4.5e-10,1e-10,0.0862,24300000000.0,1130000000.0,11.13,-91.85
3.7e-05,1.8e-05,4e-13,4.5e-10,5e-11,0.0862,24300000000.0,1130000000.0,11.13,-91.69
3.7e-05,1.8e-05,4e-13,4.5e-10,1.5e-10,0.0862,24300000000.0,1130000000.0,11.13,-91.53
3.7e-05,1.8e-05,4e-13,4.5e-10,2e-10,0.0862,24300000000.0,1130000000.0,11.13,-92.11
3.7e-05,1.8e-05,4e-13,4.5e-10,2.5e-10,0.0862,24300000000.0,1140000000.0,11.13,-88.95
3.7e-05,1.8e-05,4e-13,5e-10,1e-10,0.0862,23300000000.0,1060000000.0,11.34,-90.13
3.7e-05,1.8e-05,4e-13,5e-10,5e-11,0.0862,23300000000.0,1060000000.0,11.33,-90.21
3.7e-05,1.8e-05,4e-13,5e-10,1.5e-10,0.0862,23300000000.0,1060000000.0,11.34,-90.01
3.7e-05,1.8e-05,4e-13,5e-10,2e-10,0.0862,23300000000.0,1060000000.0,11.33,-89.94
3.7e-05,1.8e-05,4e-13,5e-10,2.5e-10,0.0862,23300000000.0,1060000000.0,11.34,-89.8
3.7e-05,1.8e-05,6e-13,4e-10,1e-10,0.0862,25500000000.0,1220000000.0,10.89,-94.41
3.7e-05,1.8e-05,6e-13,4e-10,5e-11,0.0862,25500000000.0,1210000000.0,10.89,-93.95
3.7e-05,1.8e-05,6e-13,4e-10,2e-10,0.0862,25500000000.0,1210000000.0,10.89,-94.03
3.7e-05,1.8e-05,6e-13,4e-10,2.5e-10,0.0862,25500000000.0,1220000000.0,10.89,-93.99
3.7e-05,1.8e-05,6e-13,3e-10,1e-10,0.0862,28900000000.0,1510000000.0,10.25,-90.71
3.7e-05,1.8e-05,6e-13,3e-10,1.5e-10,0.0862,28900000000.0,1510000000.0,10.25,-90.98
3.7e-05,1.8e-05,6e-13,3e-10,2e-10,0.0862,28900000000.0,1510000000.0,10.24,-90.86
3.7e-05,1.8e-05,6e-13,3e-10,2.5e-10,0.0862,28900000000.0,1510000000.0,10.25,-90.87
3.7e-05,1.8e-05,6e-13,3.5e-10,1e-10,0.0862,26900000000.0,1340000000.0,10.61,-94.53
3.7e-05,1.8e-05,6e-13,3.5e-10,5e-11,0.0862,26900000000.0,1340000000.0,10.61,-94.72
3.7e-05,1.8e-05,6e-13,3.5e-10,1.5e-10,0.0862,26900000000.0,1340000000.0,10.61,-94.66
3.7e-05,1.8e-05,6e-13,3.5e-10,2e-10,0.0862,26900000000.0,1340000000.0,10.61,-94.7
3.7e-05,1.8e-05,6e-13,3.5e-10,2.5e-10,0.0862,26900000000.0,1340000000.0,10.61,-94.65
3.7e-05,1.8e-05,6e-13,4.5e-10,1e-10,0.0862,24300000000.0,1130000000.0,11.13,-91.67
3.7e-05,1.8e-05,6e-13,4.5e-10,5e-11,0.0862,24300000000.0,1130000000.0,11.13,-91.24
3.7e-05,1.8e-05,6e-13,4.5e-10,1.5e-10,0.0862,24300000000.0,1130000000.0,11.13,-91.31
3.7e-05,1.8e-05,6e-13,4.5e-10,2e-10,0.0862,24300000000.0,1130000000.0,11.13,-92.73
3.7e-05,1.8e-05,6e-13,4.5e-10,2.5e-10,0.0862,24300000000.0,1130000000.0,11.13,-92.34
3.7e-05,1.8e-05,6e-13,5e-10,1e-10,0.0862,23300000000.0,1060000000.0,11.33,-90.01
3.7e-05,1.8e-05,6e-13,5e-10,5e-11,0.0862,23300000000.0,1060000000.0,11.34,-90.06
3.7e-05,1.8e-05,6e-13,5e-10,1.5e-10,0.0862,23300000000.0,1060000000.0,11.34,-90.0
3.7e-05,1.8e-05,6e-13,5e-10,2e-10,0.0862,23300000000.0,1060000000.0,11.33,-90.02
3.7e-05,1.8e-05,7e-13,4e-10,5e-11,0.0862,25500000000.0,1210000000.0,10.89,-94.08
3.7e-05,1.8e-05,7e-13,4e-10,1.5e-10,0.0862,25500000000.0,1220000000.0,10.89,-94.55
3.7e-05,1.8e-05,7e-13,4e-10,2e-10,0.0862,25400000000.0,1220000000.0,10.89,-93.97
3.7e-05,1.8e-05,7e-13,4e-10,2.5e-10,0.0862,25400000000.0,1220000000.0,10.89,-94.2
3.7e-05,1.8e-05,7e-13,3e-10,1e-10,0.0862,28900000000.0,1510000000.0,10.25,-90.84
3.7e-05,1.8e-05,7e-13,3e-10,5e-11,0.0862,28900000000.0,1510000000.0,10.24,-90.83
3.7e-05,1.8e-05,7e-13,3e-10,1.5e-10,0.0862,28900000000.0,1510000000.0,10.24,-90.8
3.7e-05,1.8e-05,7e-13,3e-10,2.5e-10,0.0862,28900000000.0,1510000000.0,10.24,-90.94
3.7e-05,1.8e-05,7e-13,3.5e-10,1e-10,0.0862,26900000000.0,1340000000.0,10.61,-94.5
3.7e-05,1.8e-05,7e-13,3.5e-10,2e-10,0.0862,26900000000.0,1340000000.0,10.61,-94.86
3.7e-05,1.8e-05,7e-13,3.5e-10,2.5e-10,0.0862,26900000000.0,1340000000.0,10.61,-94.74
3.7e-05,1.8e-05,7e-13,4.5e-10,5e-11,0.0862,24300000000.0,1130000000.0,11.13,-91.75
3.7e-05,1.8e-05,7e-13,4.5e-10,1.5e-10,0.0862,24300000000.0,1130000000.0,11.13,-92.05
3.7e-05,1.8e-05,7e-13,4.5e-10,2e-10,0.0862,24300000000.0,1130000000.0,11.13,-91.77
3.7e-05,1.8e-05,7e-13,4.5e-10,2.5e-10,0.0862,24300000000.0,1130000000.0,11.13,-91.59
3.7e-05,1.8e-05,7e-13,5e-10,1e-10,0.0862,23300000000.0,1060000000.0,11.34,-89.78
3.7e-05,1.8e-05,7e-13,5e-10,1.5e-10,0.0862,23300000000.0,1060000000.0,11.34,-89.47
3.7e-05,1.8e-05,7e-13,5e-10,2e-10,0.0862,23300000000.0,1060000000.0,11.34,-90.16
3.7e-05,1.9e-05,5e-13,4e-10,1e-10,0.0862,25400000000.0,1210000000.0,10.88,-93.78
3.7e-05,1.9e-05,5e-13,4e-10,5e-11,0.0862,25400000000.0,1210000000.0,10.88,-93.69
3.7e-05,1.9e-05,5e-13,4e-10,1.5e-10,0.0862,25400000000.0,1220000000.0,10.88,-93.96
3.7e-05,1.9e-05,5e-13,4e-10,2e-10,0.0862,25400000000.0,1220000000.0,10.88,-93.93
3.7e-05,1.9e-05,5e-13,3e-10,1e-10,0.0862,28800000000.0,1500000000.0,10.23,-91.17
3.7e-05,1.9e-05,5e-13,3e-10,5e-11,0.0862,28800000000.0,1500000000.0,10.23,-91.25
3.7e-05,1.9e-05,5e-13,3e-10,1.5e-10,0.0862,28800000000.0,1500000000.0,10.23,-91.24
3.7e-05,1.9e-05,5e-13,3e-10,2e-10,0.0862,28800000000.0,1510000000.0,10.23,-91.05
3.7e-05,1.9e-05,5e-13,3e-10,2.5e-10,0.0862,28800000000.0,1510000000.0,10.23,-91.49
3.7e-05,1.9e-05,5e-13,3.5e-10,1e-10,0.0862,26800000000.0,1330000000.0,10.6,-94.81
3.7e-05,1.9e-05,5e-13,3.5e-10,5e-11,0.0862,26800000000.0,1330000000.0,10.6,-94.94
3.7e-05,1.9e-05,5e-13,3.5e-10,1.5e-10,0.0862,26800000000.0,1340000000.0,10.6,-94.96
3.7e-05,1.9e-05,5e-13,3.5e-10,2e-10,0.0862,26800000000.0,1330000000.0,10.6,-94.79
3.7e-05,1.9e-05,5e-13,3.5e-10,2.5e-10,0.0862,26800000000.0,1330000000.0,10.6,-94.76
3.7e-05,1.9e-05,5e-13,4.5e-10,1e-10,0.0862,24200000000.0,1120000000.0,11.12,-91.51
3.7e-05,1.9e-05,5e-13,4.5e-10,5e-11,0.0862,24200000000.0,1130000000.0,11.12,-91.59
3.7e-05,1.9e-05,5e-13,4.5e-10,2e-10,0.0862,24200000000.0,1130000000.0,11.12,-91.4
3.7e-05,1.9e-05,5e-13,4.5e-10,2.5e-10,0.0862,24200000000.0,1130000000.0,11.12,-91.91
3.7e-05,1.9e-05,5e-13,5e-10,1e-10,0.0862,23200000000.0,1060000000.0,11.33,-89.61
3.7e-05,1.9e-05,5e-13,5e-10,5e-11,0.0862,23200000000.0,1060000000.0,11.33,-89.81
3.7e-05,1.9e-05,5e-13,5e-10,1.5e-10,0.0862,23200000000.0,1060000000.0,11.33,-89.37
3.7e-05,1.9e-05,5e-13,5e-10,2e-10,0.0862,23200000000.0,1060000000.0,11.33,-89.42
3.7e-05,1.9e-05,5e-13,5e-10,2.5e-10,0.0862,23200000000.0,1060000000.0,11.33,-89.82
3.7e-05,1.9e-05,3e-13,4e-10,1e-10,0.0862,25400000000.0,1220000000.0,10.88,-93.15
3.7e-05,1.9e-05,3e-13,4e-10,5e-11,0.0862,25400000000.0,1220000000.0,10.88,-93.55
3.7e-05,1.9e-05,3e-13,4e-10,1.5e-10,0.0862,25400000000.0,1220000000.0,10.88,-93.52
3.7e-05,1.9e-05,3e-13,4e-10,2e-10,0.0862,25400000000.0,1220000000.0,10.88,-93.8
3.7e-05,1.9e-05,3e-13,4e-10,2.5e-10,0.0862,25400000000.0,1220000000.0,10.88,-93.92
3.7e-05,1.9e-05,3e-13,3e-10,1e-10,0.0862,28800000000.0,1500000000.0,10.23,-91.47
3.7e-05,1.9e-05,3e-13,3e-10,5e-11,0.0862,28800000000.0,1500000000.0,10.23,-91.27
3.7e-05,1.9e-05,3e-13,3e-10,1.5e-10,0.0862,28800000000.0,1510000000.0,10.23,-91.25
3.7e-05,1.9e-05,3e-13,3e-10,2e-10,0.0862,28800000000.0,1500000000.0,10.23,-91.3
3.7e-05,1.9e-05,3e-13,3e-10,2.5e-10,0.0862,28800000000.0,1500000000.0,10.23,-91.31
3.7e-05,1.9e-05,3e-13,3.5e-10,1e-10,0.0862,26800000000.0,1340000000.0,10.6,-94.95
3.7e-05,1.9e-05,3e-13,3.5e-10,2e-10,0.0862,26800000000.0,1340000000.0,10.6,-94.8
3.7e-05,1.9e-05,3e-13,3.5e-10,2.5e-10,0.0862,26800000000.0,1330000000.0,10.6,-94.96
3.7e-05,1.9e-05,3e-13,4.5e-10,1e-10,0.0862,24200000000.0,1130000000.0,11.12,-91.76
3.7e-05,1.9e-05,3e-13,4.5e-10,5e-11,0.0862,24200000000.0,1130000000.0,11.12,-91.53
3.7e-05,1.9e-05,3e-13,4.5e-10,1.5e-10,0.0862,24200000000.0,1130000000.0,11.12,-91.56
3.7e-05,1.9e-05,3e-13,4.5e-10,2e-10,0.0862,24200000000.0,1130000000.0,11.12,-90.95
3.7e-05,1.9e-05,3e-13,4.5e-10,2.5e-10,0.0862,24200000000.0,1140000000.0,11.12,-91.55
3.7e-05,1.9e-05,3e-13,5e-10,1e-10,0.0862,23300000000.0,1060000000.0,11.33,-89.65
3.7e-05,1.9e-05,3e-13,5e-10,5e-11,0.0862,23300000000.0,1060000000.0,11.33,-89.63
3.7e-05,1.9e-05,3e-13,5e-10,1.5e-10,0.0862,23300000000.0,1060000000.0,11.33,-89.77
3.7e-05,1.9e-05,3e-13,5e-10,2e-10,0.0862,23300000000.0,1060000000.0,11.33,-89.64
3.7e-05,1.9e-05,3e-13,5e-10,2.5e-10,0.0862,23300000000.0,1060000000.0,11.33,-89.75
3.7e-05,1.9e-05,4e-13,4e-10,1e-10,0.0862,25400000000.0,1220000000.0,10.88,-93.75
3.7e-05,1.9e-05,4e-13,4e-10,5e-11,0.0862,25400000000.0,1220000000.0,10.88,-94.11
3.7e-05,1.9e-05,4e-13,4e-10,1.5e-10,0.0862,25400000000.0,1220000000.0,10.88,-94.01
3.7e-05,1.9e-05,4e-13,4e-10,2e-10,0.0862,25400000000.0,1210000000.0,10.88,-93.91
3.7e-05,1.9e-05,4e-13,3e-10,1e-10,0.0862,28800000000.0,1500000000.0,10.23,-91.28
3.7e-05,1.9e-05,4e-13,3e-10,5e-11,0.0862,28800000000.0,1510000000.0,10.23,-91.27
3.7e-05,1.9e-05,4e-13,3e-10,1.5e-10,0.0862,28800000000.0,1510000000.0,10.23,-91.23
3.7e-05,1.9e-05,4e-13,3e-10,2e-10,0.0862,28800000000.0,1510000000.0,10.23,-91.5
3.7e-05,1.9e-05,4e-13,3.5e-10,1e-10,0.0862,26800000000.0,1340000000.0,10.6,-94.84
3.7e-05,1.9e-05,4e-13,3.5e-10,5e-11,0.0862,26800000000.0,1330000000.0,10.6,-94.9
3.7e-05,1.9e-05,4e-13,3.5e-10,1.5e-10,0.0862,26800000000.0,1340000000.0,10.6,-94.9
3.7e-05,1.9e-05,4e-13,3.5e-10,2e-10,0.0862,26800000000.0,1330000000.0,10.6,-94.26
3.7e-05,1.9e-05,4e-13,3.5e-10,2.5e-10,0.0862,26800000000.0,1340000000.0,10.6,-94.71
3.7e-05,1.9e-05,4e-13,4.5e-10,1e-10,0.0862,24200000000.0,1140000000.0,11.12,-88.51
3.7e-05,1.9e-05,4e-13,4.5e-10,5e-11,0.0862,24200000000.0,1130000000.0,11.12,-91.41
3.7e-05,1.9e-05,4e-13,4.5e-10,1.5e-10,0.0862,24200000000.0,1130000000.0,11.12,-91.67
3.7e-05,1.9e-05,4e-13,4.5e-10,2e-10,0.0862,24200000000.0,1130000000.0,11.12,-91.45
3.7e-05,1.9e-05,4e-13,4.5e-10,2.5e-10,0.0862,24200000000.0,1120000000.0,11.12,-91.63
3.7e-05,1.9e-05,4e-13,5e-10,1e-10,0.0862,23200000000.0,1060000000.0,11.33,-89.8
3.7e-05,1.9e-05,4e-13,5e-10,5e-11,0.0862,23300000000.0,1060000000.0,11.33,-90.04
3.7e-05,1.9e-05,4e-13,5e-10,1.5e-10,0.0862,23200000000.0,1060000000.0,11.33,-89.79
3.7e-05,1.9e-05,4e-13,5e-10,2e-10,0.0862,23200000000.0,1060000000.0,11.33,-90.06
3.7e-05,1.9e-05,4e-13,5e-10,2.5e-10,0.0862,23200000000.0,1060000000.0,11.33,-90.08
3.7e-05,1.9e-05,6e-13,4e-10,1e-10,0.0862,25400000000.0,1210000000.0,10.88,-94.0
3.7e-05,1.9e-05,6e-13,4e-10,5e-11,0.0862,25400000000.0,1220000000.0,10.88,-93.77
3.7e-05,1.9e-05,6e-13,4e-10,1.5e-10,0.0862,25400000000.0,1220000000.0,10.88,-93.94
3.7e-05,1.9e-05,6e-13,4e-10,2e-10,0.0862,25400000000.0,1210000000.0,10.88,-93.67
3.7e-05,1.9e-05,6e-13,4e-10,2.5e-10,0.0862,25400000000.0,1220000000.0,10.88,-93.17
3.7e-05,1.9e-05,6e-13,3e-10,1e-10,0.0862,28800000000.0,1510000000.0,10.23,-91.14
3.7e-05,1.9e-05,6e-13,3e-10,5e-11,0.0862,28800000000.0,1500000000.0,10.23,-91.2
3.7e-05,1.9e-05,6e-13,3e-10,1.5e-10,0.0862,28800000000.0,1500000000.0,10.23,-91.08
3.7e-05,1.9e-05,6e-13,3e-10,2e-10,0.0862,28800000000.0,1500000000.0,10.23,-91.11
3.7e-05,1.9e-05,6e-13,3e-10,2.5e-10,0.0862,28800000000.0,1500000000.0,10.23,-91.21
3.7e-05,1.9e-05,6e-13,3.5e-10,5e-11,0.0862,26800000000.0,1340000000.0,10.6,-94.79
3.7e-05,1.9e-05,6e-13,3.5e-10,1.5e-10,0.0862,26800000000.0,1340000000.0,10.6,-94.78
3.7e-05,1.9e-05,6e-13,3.5e-10,2.5e-10,0.0862,26800000000.0,1340000000.0,10.6,-94.93
3.7e-05,1.9e-05,6e-13,4.5e-10,1e-10,0.0862,24200000000.0,1120000000.0,11.12,-92.59
3.7e-05,1.9e-05,6e-13,4.5e-10,5e-11,0.0862,24200000000.0,1130000000.0,11.12,-92.13
3.7e-05,1.9e-05,6e-13,4.5e-10,1.5e-10,0.0862,24200000000.0,1130000000.0,11.12,-91.54
3.7e-05,1.9e-05,6e-13,4.5e-10,2.5e-10,0.0862,24200000000.0,1130000000.0,11.12,-91.6
3.7e-05,1.9e-05,6e-13,5e-10,1e-10,0.0862,23200000000.0,1060000000.0,11.33,-89.69
3.7e-05,1.9e-05,6e-13,5e-10,5e-11,0.0862,23200000000.0,1060000000.0,11.33,-89.68
3.7e-05,1.9e-05,6e-13,5e-10,2e-10,0.0862,23200000000.0,1060000000.0,11.33,-90.02
3.7e-05,1.9e-05,6e-13,5e-10,2.5e-10,0.0862,23200000000.0,1060000000.0,11.33,-89.64
3.7e-05,1.9e-05,7e-13,4e-10,1e-10,0.0862,25400000000.0,1210000000.0,10.88,-94.56
3.7e-05,1.9e-05,7e-13,4e-10,1.5e-10,0.0862,25400000000.0,1220000000.0,10.88,-93.27
3.7e-05,1.9e-05,7e-13,4e-10,2e-10,0.0862,25400000000.0,1220000000.0,10.88,-94.18
3.7e-05,1.9e-05,7e-13,4e-10,2.5e-10,0.0862,25400000000.0,1220000000.0,10.88,-93.9
3.7e-05,1.9e-05,7e-13,3e-10,5e-11,0.0862,28800000000.0,1500000000.0,10.23,-90.97
3.7e-05,1.9e-05,7e-13,3e-10,1.5e-10,0.0862,28800000000.0,1500000000.0,10.23,-91.15
3.7e-05,1.9e-05,7e-13,3e-10,2e-10,0.0862,28800000000.0,1500000000.0,10.23,-91.26
3.7e-05,1.9e-05,7e-13,3.5e-10,1e-10,0.0862,26800000000.0,1330000000.0,10.6,-94.78
3.7e-05,1.9e-05,7e-13,3.5e-10,5e-11,0.0862,26800000000.0,1330000000.0,10.6,-94.75
3.7e-05,1.9e-05,7e-13,3.5e-10,1.5e-10,0.0862,26800000000.0,1330000000.0,10.6,-94.69
3.7e-05,1.9e-05,7e-13,3.5e-10,2e-10,0.0862,26800000000.0,1330000000.0,10.6,-94.85
3.7e-05,1.9e-05,7e-13,4.5e-10,1e-10,0.0862,24200000000.0,1130000000.0,11.12,-91.46
3.7e-05,1.9e-05,7e-13,4.5e-10,5e-11,0.0862,24200000000.0,1130000000.0,11.12,-91.51
3.7e-05,1.9e-05,7e-13,4.5e-10,1.5e-10,0.0862,24200000000.0,1130000000.0,11.12,-91.55
3.7e-05,1.9e-05,7e-13,4.5e-10,2e-10,0.0862,24200000000.0,1130000000.0,11.12,-91.61
3.7e-05,1.9e-05,7e-13,5e-10,1e-10,0.0862,23200000000.0,1060000000.0,11.33,-89.65
3.7e-05,1.9e-05,7e-13,5e-10,5e-11,0.0862,23200000000.0,1060000000.0,11.33,-89.89
3.7e-05,1.9e-05,7e-13,5e-10,2e-10,0.0862,23200000000.0,1060000000.0,11.33,-89.9
3.7e-05,1.9e-05,7e-13,5e-10,2.5e-10,0.0862,23200000000.0,1060000000.0,11.33,-89.33
3.7e-05,2e-05,5e-13,4e-10,1e-10,0.0862,25300000000.0,1210000000.0,10.87,-93.98
3.7e-05,2e-05,5e-13,4e-10,5e-11,0.0862,25300000000.0,1210000000.0,10.87,-93.88
3.7e-05,2e-05,5e-13,4e-10,1.5e-10,0.0862,25300000000.0,1210000000.0,10.87,-93.52
3.7e-05,2e-05,5e-13,4e-10,2e-10,0.0862,25300000000.0,1210000000.0,10.87,-93.56
3.7e-05,2e-05,5e-13,4e-10,2.5e-10,0.0862,25300000000.0,1220000000.0,10.87,-93.1
3.7e-05,2e-05,5e-13,3e-10,1e-10,0.0862,28700000000.0,1490000000.0,10.21,-91.5
3.7e-05,2e-05,5e-13,3e-10,5e-11,0.0862,28700000000.0,1490000000.0,10.21,-91.4
3.7e-05,2e-05,5e-13,3e-10,1.5e-10,0.0862,28700000000.0,1490000000.0,10.21,-91.55
3.7e-05,2e-05,5e-13,3e-10,2e-10,0.0862,28700000000.0,1490000000.0,10.21,-91.43
3.7e-05,2e-05,5e-13,3e-10,2.5e-10,0.0862,28700000000.0,1490000000.0,10.21,-90.57
3.7e-05,2e-05,5e-13,3.5e-10,1e-10,0.0862,26800000000.0,1330000000.0,10.59,-95.01
3.7e-05,2e-05,5e-13,3.5e-10,5e-11,0.0862,26800000000.0,1330000000.0,10.59,-94.9
3.7e-05,2e-05,5e-13,3.5e-10,2.5e-10,0.0862,26800000000.0,1320000000.0,10.59,-94.78
3.7e-05,2e-05,5e-13,4.5e-10,1e-10,0.0862,24100000000.0,1120000000.0,11.11,-91.59
3.7e-05,2e-05,5e-13,4.5e-10,5e-11,0.0862,24100000000.0,1120000000.0,11.12,-91.26
3.7e-05,2e-05,5e-13,4.5e-10,1.5e-10,0.0862,24100000000.0,1130000000.0,11.12,-91.27
3.7e-05,2e-05,5e-13,4.5e-10,2e-10,0.0862,24100000000.0,1120000000.0,11.12,-91.23
3.7e-05,2e-05,5e-13,4.5e-10,2.5e-10,0.0862,24100000000.0,1120000000.0,11.11,-90.8
3.7e-05,2e-05,5e-13,5e-10,1e-10,0.0862,23200000000.0,1060000000.0,11.33,-89.23
3.7e-05,2e-05,5e-13,5e-10,5e-11,0.0862,23200000000.0,1050000000.0,11.33,-89.74
3.7e-05,2e-05,5e-13,5e-10,1.5e-10,0.0862,23200000000.0,1050000000.0,11.33,-89.72
3.7e-05,2e-05,5e-13,5e-10,2e-10,0.0862,23200000000.0,1050000000.0,11.33,-89.57
3.7e-05,2e-05,5e-13,5e-10,2.5e-10,0.0862,23200000000.0,1050000000.0,11.33,-89.59
3.7e-05,2e-05,3e-13,4e-10,1e-10,0.0862,25300000000.0,1210000000.0,10.87,-93.74
3.7e-05,2e-05,3e-13,4e-10,5e-11,0.0862,25300000000.0,1210000000.0,10.87,-93.85
3.7e-05,2e-05,3e-13,4e-10,2e-10,0.0862,25300000000.0,1210000000.0,10.87,-93.73
3.7e-05,2e-05,3e-13,4e-10,2.5e-10,0.0862,25300000000.0,1210000000.0,10.87,-93.67
3.7e-05,2e-05,3e-13,3e-10,1e-10,0.0862,28700000000.0,1490000000.0,10.21,-91.66
3.7e-05,2e-05,3e-13,3e-10,5e-11,0.0862,28700000000.0,1490000000.0,10.21,-91.75
3.7e-05,2e-05,3e-13,3e-10,1.5e-10,0.0862,28700000000.0,1490000000.0,10.21,-91.54
3.7e-05,2e-05,3e-13,3e-10,2.5e-10,0.0862,28700000000.0,1490000000.0,10.21,-91.49
3.7e-05,2e-05,3e-13,3.5e-10,5e-11,0.0862,26800000000.0,1330000000.0,10.59,-95.03
3.7e-05,2e-05,3e-13,3.5e-10,1.5e-10,0.0862,26800000000.0,1330000000.0,10.59,-94.96
3.7e-05,2e-05,3e-13,3.5e-10,2e-10,0.0862,26800000000.0,1320000000.0,10.59,-94.95
3.7e-05,2e-05,3e-13,3.5e-10,2.5e-10,0.0862,26800000000.0,1330000000.0,10.59,-94.97
3.7e-05,2e-05,3e-13,4.5e-10,1e-10,0.0862,24100000000.0,1120000000.0,11.12,-91.4
3.7e-05,2e-05,3e-13,4.5e-10,5e-11,0.0862,24100000000.0,1130000000.0,11.12,-90.77
3.7e-05,2e-05,3e-13,4.5e-10,1.5e-10,0.0862,24100000000.0,1130000000.0,11.12,-91.65
3.7e-05,2e-05,3e-13,4.5e-10,2.5e-10,0.0862,24100000000.0,1120000000.0,11.12,-91.16
3.7e-05,2e-05,3e-13,5e-10,5e-11,0.0862,23200000000.0,1050000000.0,11.33,-89.41
3.7e-05,2e-05,3e-13,5e-10,1.5e-10,0.0862,23200000000.0,1060000000.0,11.33,-89.49
3.7e-05,2e-05,3e-13,5e-10,2e-10,0.0862,23200000000.0,1060000000.0,11.33,-89.19
3.7e-05,2e-05,3e-13,5e-10,2.5e-10,0.0862,23200000000.0,1050000000.0,11.33,-90.19
3.7e-05,2e-05,4e-13,4e-10,1e-10,0.0862,25300000000.0,1210000000.0,10.87,-93.37
3.7e-05,2e-05,4e-13,4e-10,5e-11,0.0862,25300000000.0,1220000000.0,10.87,-93.6
3.7e-05,2e-05,4e-13,4e-10,1.5e-10,0.0862,25300000000.0,1200000000.0,10.87,-93.5
3.7e-05,2e-05,4e-13,4e-10,2e-10,0.0862,25300000000.0,1210000000.0,10.87,-93.59
3.7e-05,2e-05,4e-13,3e-10,5e-11,0.0862,28700000000.0,1490000000.0,10.21,-91.52
3.7e-05,2e-05,4e-13,3e-10,1.5e-10,0.0862,28700000000.0,1490000000.0,10.21,-91.46
3.7e-05,2e-05,4e-13,3e-10,2e-10,0.0862,28700000000.0,1490000000.0,10.21,-91.68
3.7e-05,2e-05,4e-13,3e-10,2.5e-10,0.0862,28700000000.0,1490000000.0,10.21,-91.58
3.7e-05,2e-05,4e-13,3.5e-10,1e-10,0.0862,26800000000.0,1330000000.0,10.59,-95.0
3.7e-05,2e-05,4e-13,3.5e-10,1.5e-10,0.0862,26800000000.0,1330000000.0,10.59,-94.98
3.7e-05,2e-05,4e-13,3.5e-10,2e-10,0.0862,26800000000.0,1330000000.0,10.59,-94.89
3.7e-05,2e-05,4e-13,3.5e-10,2.5e-10,0.0862,26800000000.0,1320000000.0,10.59,-94.98
3.7e-05,2e-05,4e-13,4.5e-10,1e-10,0.0862,24100000000.0,1120000000.0,11.12,-91.34
3.7e-05,2e-05,4e-13,4.5e-10,5e-11,0.0862,24100000000.0,1120000000.0,11.12,-91.06
3.7e-05,2e-05,4e-13,4.5e-10,1.5e-10,0.0862,24100000000.0,1130000000.0,11.12,-91.41
3.7e-05,2e-05,4e-13,4.5e-10,2e-10,0.0862,24100000000.0,1120000000.0,11.12,-91.31
3.7e-05,2e-05,4e-13,4.5e-10,2.5e-10,0.0862,24100000000.0,1120000000.0,11.11,-91.61
3.7e-05,2e-05,4e-13,5e-10,1e-10,0.0862,23200000000.0,1050000000.0,11.33,-89.44
3.7e-05,2e-05,4e-13,5e-10,5e-11,0.0862,23200000000.0,1050000000.0,11.33,-89.63
3.7e-05,2e-05,4e-13,5e-10,2e-10,0.0862,23200000000.0,1050000000.0,11.33,-89.6
3.7e-05,2e-05,4e-13,5e-10,2.5e-10,0.0862,23200000000.0,1060000000.0,11.33,-89.21
3.7e-05,2e-05,6e-13,4e-10,5e-11,0.0862,25300000000.0,1210000000.0,10.87,-93.35
3.7e-05,2e-05,6e-13,4e-10,1.5e-10,0.0862,25300000000.0,1210000000.0,10.87,-93.6
3.7e-05,2e-05,6e-13,4e-10,2.5e-10,0.0862,25300000000.0,1210000000.0,10.87,-94.03
3.7e-05,2e-05,6e-13,3e-10,1e-10,0.0862,28700000000.0,1490000000.0,10.21,-91.77
3.7e-05,2e-05,6e-13,3e-10,5e-11,0.0862,28700000000.0,1490000000.0,10.21,-91.36
3.7e-05,2e-05,6e-13,3e-10,2e-10,0.0862,28700000000.0,1490000000.0,10.21,-91.34
3.7e-05,2e-05,6e-13,3e-10,2.5e-10,0.0862,28700000000.0,1490000000.0,10.21,-91.79
3.7e-05,2e-05,6e-13,3.5e-10,1e-10,0.0862,26700000000.0,1330000000.0,10.59,-94.98
3.7e-05,2e-05,6e-13,3.5e-10,1.5e-10,0.0862,26700000000.0,1320000000.0,10.59,-94.9
3.7e-05,2e-05,6e-13,3.5e-10,2e-10,0.0862,26700000000.0,1320000000.0,10.59,-94.94
3.7e-05,2e-05,6e-13,3.5e-10,2.5e-10,0.0862,26700000000.0,1330000000.0,10.59,-95.01
3.7e-05,2e-05,6e-13,4.5e-10,1e-10,0.0862,24100000000.0,1120000000.0,11.12,-91.59
3.7e-05,2e-05,6e-13,4.5e-10,5e-11,0.0862,24100000000.0,1130000000.0,11.11,-91.67
3.7e-05,2e-05,6e-13,4.5e-10,1.5e-10,0.0862,24100000000.0,1120000000.0,11.11,-91.47
3.7e-05,2e-05,6e-13,4.5e-10,2e-10,0.0862,24100000000.0,1120000000.0,11.11,-91.48
3.7e-05,2e-05,6e-13,4.5e-10,2.5e-10,0.0862,24100000000.0,1120000000.0,11.11,-91.26
3.7e-05,2e-05,6e-13,5e-10,2e-10,0.0862,23200000000.0,1050000000.0,11.33,-89.56
3.7e-05,2e-05,6e-13,5e-10,2.5e-10,0.0862,23200000000.0,1050000000.0,11.33,-89.79
3.7e-05,2e-05,7e-13,4e-10,1e-10,0.0862,25300000000.0,1210000000.0,10.87,-94.48
3.7e-05,2e-05,7e-13,4e-10,5e-11,0.0862,25300000000.0,1210000000.0,10.87,-93.45
3.7e-05,2e-05,7e-13,4e-10,1.5e-10,0.0862,25300000000.0,1210000000.0,10.87,-93.71
3.7e-05,2e-05,7e-13,4e-10,2.5e-10,0.0862,25300000000.0,1210000000.0,10.87,-94.0
3.7e-05,2e-05,7e-13,3e-10,5e-11,0.0862,28700000000.0,1490000000.0,10.21,-91.41
3.7e-05,2e-05,7e-13,3e-10,2.5e-10,0.0862,28700000000.0,1490000000.0,10.21,-91.33
3.7e-05,2e-05,7e-13,3.5e-10,1e-10,0.0862,26700000000.0,1330000000.0,10.59,-94.87
3.7e-05,2e-05,7e-13,3.5e-10,2e-10,0.0862,26700000000.0,1330000000.0,10.59,-94.85
3.7e-05,2e-05,7e-13,3.5e-10,2.5e-10,0.0862,26700000000.0,1330000000.0,10.59,-95.0
3.7e-05,2e-05,7e-13,4.5e-10,1e-10,0.0862,24100000000.0,1120000000.0,11.12,-91.45
3.7e-05,2e-05,7e-13,4.5e-10,5e-11,0.0862,24100000000.0,1130000000.0,11.12,-91.33
3.7e-05,2e-05,7e-13,4.5e-10,1.5e-10,0.0862,24100000000.0,1130000000.0,11.12,-91.14
3.7e-05,2e-05,7e-13,4.5e-10,2e-10,0.0862,24100000000.0,1120000000.0,11.11,-90.95
3.7e-05,2e-05,7e-13,4.5e-10,2.5e-10,0.0862,24100000000.0,1130000000.0,11.11,-88.63
3.7e-05,2e-05,7e-13,5e-10,1e-10,0.0862,23200000000.0,1050000000.0,11.33,-89.76
3.7e-05,2e-05,7e-13,5e-10,5e-11,0.0862,23200000000.0,1050000000.0,11.33,-89.78
3.7e-05,2e-05,7e-13,5e-10,1.5e-10,0.0862,23200000000.0,1060000000.0,11.33,-89.25
3.7e-05,2e-05,7e-13,5e-10,2e-10,0.0862,23200000000.0,1050000000.0,11.33,-89.51
3.7e-05,2e-05,7e-13,5e-10,2.5e-10,0.0862,23200000000.0,1050000000.0,11.33,-89.55
3.7e-05,2.1e-05,5e-13,4e-10,1e-10,0.0862,25200000000.0,1190000000.0,10.86,-93.4
3.7e-05,2.1e-05,5e-13,4e-10,5e-11,0.0862,25200000000.0,1190000000.0,10.86,-93.13
3.7e-05,2.1e-05,5e-13,4e-10,1.5e-10,0.0862,25200000000.0,1190000000.0,10.86,-93.21
3.7e-05,2.1e-05,5e-13,4e-10,2e-10,0.0862,25200000000.0,1200000000.0,10.86,-93.6
3.7e-05,2.1e-05,5e-13,4e-10,2.5e-10,0.0862,25200000000.0,1200000000.0,10.86,-92.88
3.7e-05,2.1e-05,5e-13,3e-10,1e-10,0.0862,28600000000.0,1470000000.0,10.19,-91.68
3.7e-05,2.1e-05,5e-13,3e-10,5e-11,0.0862,28600000000.0,1470000000.0,10.19,-91.79
3.7e-05,2.1e-05,5e-13,3e-10,1.5e-10,0.0862,28600000000.0,1470000000.0,10.19,-91.64
3.7e-05,2.1e-05,5e-13,3e-10,2e-10,0.0862,28600000000.0,1470000000.0,10.19,-92.07
3.7e-05,2.1e-05,5e-13,3.5e-10,1e-10,0.0862,26700000000.0,1310000000.0,10.57,-94.94
3.7e-05,2.1e-05,5e-13,3.5e-10,5e-11,0.0862,26700000000.0,1310000000.0,10.57,-94.98
3.7e-05,2.1e-05,5e-13,3.5e-10,1.5e-10,0.0862,26700000000.0,1310000000.0,10.57,-94.97
3.7e-05,2.1e-05,5e-13,3.5e-10,2.5e-10,0.0862,26700000000.0,1310000000.0,10.57,-95.0
3.7e-05,2.1e-05,5e-13,4.5e-10,1e-10,0.0862,24100000000.0,1110000000.0,11.11,-90.92
3.7e-05,2.1e-05,5e-13,4.5e-10,5e-11,0.0862,24100000000.0,1110000000.0,11.1,-91.3
3.7e-05,2.1e-05,5e-13,4.5e-10,1.5e-10,0.0862,24100000000.0,1110000000.0,11.1,-91.33
3.7e-05,2.1e-05,5e-13,4.5e-10,2e-10,0.0862,24100000000.0,1110000000.0,11.1,-90.99
3.7e-05,2.1e-05,5e-13,4.5e-10,2.5e-10,0.0862,24100000000.0,1110000000.0,11.1,-91.24
3.7e-05,2.1e-05,5e-13,5e-10,1e-10,0.0862,23100000000.0,1040000000.0,11.32,-89.61
3.7e-05,2.1e-05,5e-13,5e-10,5e-11,0.0862,23100000000.0,1050000000.0,11.32,-88.9
3.7e-05,2.1e-05,5e-13,5e-10,1.5e-10,0.0862,23100000000.0,1050000000.0,11.32,-89.6
3.7e-05,2.1e-05,5e-13,5e-10,2e-10,0.0862,23100000000.0,1050000000.0,11.32,-89.06
3.7e-05,2.1e-05,5e-13,5e-10,2.5e-10,0.0862,23100000000.0,1040000000.0,11.32,-89.07
3.7e-05,2.1e-05,3e-13,4e-10,1e-10,0.0862,25200000000.0,1200000000.0,10.86,-93.41
3.7e-05,2.1e-05,3e-13,4e-10,5e-11,0.0862,25200000000.0,1190000000.0,10.86,-93.45
3.7e-05,2.1e-05,3e-13,4e-10,1.5e-10,0.0862,25200000000.0,1200000000.0,10.86,-93.32
3.7e-05,2.1e-05,3e-13,4e-10,2e-10,0.0862,25200000000.0,1200000000.0,10.86,-93.07
3.7e-05,2.1e-05,3e-13,3e-10,1e-10,0.0862,28600000000.0,1470000000.0,10.19,-91.89
3.7e-05,2.1e-05,3e-13,3e-10,5e-11,0.0862,28600000000.0,1470000000.0,10.19,-91.9
3.7e-05,2.1e-05,3e-13,3e-10,1.5e-10,0.0862,28600000000.0,1470000000.0,10.19,-91.96
3.7e-05,2.1e-05,3e-13,3e-10,2e-10,0.0862,28600000000.0,1470000000.0,10.19,-91.86
3.7e-05,2.1e-05,3e-13,3e-10,2.5e-10,0.0862,28600000000.0,1470000000.0,10.19,-92.0
3.7e-05,2.1e-05,3e-13,3.5e-10,5e-11,0.0862,26700000000.0,1310000000.0,10.57,-95.02
3.7e-05,2.1e-05,3e-13,4.5e-10,1e-10,0.0862,24100000000.0,1110000000.0,11.1,-90.72
3.7e-05,2.1e-05,3e-13,4.5e-10,5e-11,0.0862,24100000000.0,1110000000.0,11.1,-91.13
3.7e-05,2.1e-05,3e-13,4.5e-10,1.5e-10,0.0862,24100000000.0,1110000000.0,11.11,-91.12
3.7e-05,2.1e-05,3e-13,4.5e-10,2e-10,0.0862,24100000000.0,1110000000.0,11.1,-91.67
3.7e-05,2.1e-05,3e-13,4.5e-10,2.5e-10,0.0862,24100000000.0,1120000000.0,11.1,-91.07
3.7e-05,2.1e-05,3e-13,5e-10,1e-10,0.0862,23100000000.0,1040000000.0,11.32,-89.39
3.7e-05,2.1e-05,3e-13,5e-10,5e-11,0.0862,23100000000.0,1040000000.0,11.32,-89.29
3.7e-05,2.1e-05,3e-13,5e-10,1.5e-10,0.0862,23100000000.0,1050000000.0,11.32,-89.43
3.7e-05,2.1e-05,3e-13,5e-10,2e-10,0.0862,23100000000.0,1050000000.0,11.32,-89.27
3.7e-05,2.1e-05,3e-13,5e-10,2.5e-10,0.0862,23100000000.0,1050000000.0,11.32,-89.36
3.7e-05,2.1e-05,4e-13,4e-10,1e-10,0.0862,25200000000.0,1200000000.0,10.86,-93.03
3.7e-05,2.1e-05,4e-13,4e-10,5e-11,0.0862,25200000000.0,1200000000.0,10.86,-93.19
3.7e-05,2.1e-05,4e-13,4e-10,1.5e-10,0.0862,25200000000.0,1200000000.0,10.86,-93.3
3.7e-05,2.1e-05,4e-13,4e-10,2e-10,0.0862,25200000000.0,1190000000.0,10.86,-94.24
3.7e-05,2.1e-05,4e-13,4e-10,2.5e-10,0.0862,25200000000.0,1190000000.0,10.86,-94.29
3.7e-05,2.1e-05,4e-13,3e-10,1e-10,0.0862,28600000000.0,1470000000.0,10.19,-91.88
3.7e-05,2.1e-05,4e-13,3e-10,5e-11,0.0862,28600000000.0,1470000000.0,10.19,-91.82
3.7e-05,2.1e-05,4e-13,3e-10,1.5e-10,0.0862,28600000000.0,1470000000.0,10.19,-91.8
3.7e-05,2.1e-05,4e-13,3e-10,2e-10,0.0862,28600000000.0,1470000000.0,10.19,-92.01
3.7e-05,2.1e-05,4e-13,3.5e-10,5e-11,0.0862,26700000000.0,1310000000.0,10.57,-95.01
3.7e-05,2.1e-05,4e-13,3.5e-10,2e-10,0.0862,26700000000.0,1310000000.0,10.57,-94.96
3.7e-05,2.1e-05,4e-13,3.5e-10,2.5e-10,0.0862,26700000000.0,1310000000.0,10.57,-94.99
3.7e-05,2.1e-05,4e-13,4.5e-10,1e-10,0.0862,24100000000.0,1110000000.0,11.1,-91.23
3.7e-05,2.1e-05,4e-13,4.5e-10,5e-11,0.0862,24100000000.0,1110000000.0,11.1,-90.98
3.7e-05,2.1e-05,4e-13,4.5e-10,2e-10,0.0862,24100000000.0,1110000000.0,11.11,-91.14
3.7e-05,2.1e-05,4e-13,5e-10,1e-10,0.0862,23100000000.0,1040000000.0,11.32,-89.36
3.7e-05,2.1e-05,4e-13,5e-10,5e-11,0.0862,23100000000.0,1050000000.0,11.32,-89.96
3.7e-05,2.1e-05,4e-13,5e-10,1.5e-10,0.0862,23100000000.0,1050000000.0,11.32,-89.22
3.7e-05,2.1e-05,4e-13,5e-10,2e-10,0.0862,23100000000.0,1050000000.0,11.32,-89.69
3.7e-05,2.1e-05,4e-13,5e-10,2.5e-10,0.0862,23100000000.0,1050000000.0,11.32,-89.32
3.7e-05,2.1e-05,6e-13,4e-10,1e-10,0.0862,25200000000.0,1190000000.0,10.86,-93.5
3.7e-05,2.1e-05,6e-13,4e-10,5e-11,0.0862,25200000000.0,1200000000.0,10.86,-93.43
3.7e-05,2.1e-05,6e-13,4e-10,1.5e-10,0.0862,25200000000.0,1200000000.0,10.86,-93.59
3.7e-05,2.1e-05,6e-13,4e-10,2e-10,0.0862,25200000000.0,1190000000.0,10.86,-93.63
3.7e-05,2.1e-05,6e-13,4e-10,2.5e-10,0.0862,25200000000.0,1190000000.0,10.86,-93.6
3.7e-05,2.1e-05,6e-13,3e-10,5e-11,0.0862,28600000000.0,1470000000.0,10.19,-91.74
3.7e-05,2.1e-05,6e-13,3e-10,1.5e-10,0.0862,28600000000.0,1470000000.0,10.19,-91.84
3.7e-05,2.1e-05,6e-13,3e-10,2e-10,0.0862,28600000000.0,1470000000.0,10.19,-91.73
3.7e-05,2.1e-05,6e-13,3e-10,2.5e-10,0.0862,28600000000.0,1470000000.0,10.19,-91.97
3.7e-05,2.1e-05,6e-13,4.5e-10,1e-10,0.0862,24100000000.0,1120000000.0,11.1,-90.83
3.7e-05,2.1e-05,6e-13,4.5e-10,5e-11,0.0862,24100000000.0,1110000000.0,11.1,-91.16
3.7e-05,2.1e-05,6e-13,4.5e-10,1.5e-10,0.0862,24100000000.0,1110000000.0,11.11,-91.39
3.7e-05,2.1e-05,6e-13,4.5e-10,2e-10,0.0862,24100000000.0,1110000000.0,11.11,-91.03
3.7e-05,2.1e-05,6e-13,4.5e-10,2.5e-10,0.0862,24100000000.0,1110000000.0,11.1,-91.05
3.7e-05,2.1e-05,6e-13,5e-10,1e-10,0.0862,23100000000.0,1040000000.0,11.32,-89.25
3.7e-05,2.1e-05,6e-13,5e-10,5e-11,0.0862,23100000000.0,1040000000.0,11.32,-89.35
3.7e-05,2.1e-05,6e-13,5e-10,1.5e-10,0.0862,23100000000.0,1040000000.0,11.32,-89.62
3.7e-05,2.1e-05,6e-13,5e-10,2e-10,0.0862,23100000000.0,1040000000.0,11.32,-89.3
3.7e-05,2.1e-05,6e-13,5e-10,2.5e-10,0.0862,23100000000.0,1040000000.0,11.32,-89.75
3.7e-05,2.1e-05,7e-13,4e-10,1e-10,0.0862,25200000000.0,1200000000.0,10.86,-93.39
3.7e-05,2.1e-05,7e-13,4e-10,5e-11,0.0862,25200000000.0,1200000000.0,10.86,-93.34
3.7e-05,2.1e-05,7e-13,4e-10,1.5e-10,0.0862,25200000000.0,1200000000.0,10.86,-93.66
3.7e-05,2.1e-05,7e-13,4e-10,2e-10,0.0862,25200000000.0,1200000000.0,10.86,-93.46
3.7e-05,2.1e-05,7e-13,3e-10,5e-11,0.0862,28600000000.0,1470000000.0,10.19,-92.04
3.7e-05,2.1e-05,7e-13,3e-10,1.5e-10,0.0862,28600000000.0,1470000000.0,10.19,-91.72
3.7e-05,2.1e-05,7e-13,3e-10,2e-10,0.0862,28600000000.0,1470000000.0,10.19,-91.66
3.7e-05,2.1e-05,7e-13,3e-10,2.5e-10,0.0862,28600000000.0,1470000000.0,10.19,-91.83
3.7e-05,2.1e-05,7e-13,3.5e-10,1e-10,0.0862,26700000000.0,1310000000.0,10.57,-94.92
3.7e-05,2.1e-05,7e-13,4.5e-10,1e-10,0.0862,24100000000.0,1110000000.0,11.11,-90.82
3.7e-05,2.1e-05,7e-13,4.5e-10,5e-11,0.0862,24100000000.0,1120000000.0,11.1,-90.76
3.7e-05,2.1e-05,7e-13,4.5e-10,1.5e-10,0.0862,24100000000.0,1110000000.0,11.11,-91.19
3.7e-05,2.1e-05,7e-13,4.5e-10,2e-10,0.0862,24100000000.0,1110000000.0,11.1,-90.75
3.7e-05,2.1e-05,7e-13,4.5e-10,2.5e-10,0.0862,24100000000.0,1110000000.0,11.11,-91.15
3.7e-05,2.1e-05,7e-13,5e-10,5e-11,0.0862,23100000000.0,1040000000.0,11.32,-89.32
3.7e-05,2.1e-05,7e-13,5e-10,2e-10,0.0862,23100000000.0,1040000000.0,11.32,-89.64
3.7e-05,2.1e-05,7e-13,5e-10,2.5e-10,0.0862,23100000000.0,1050000000.0,11.32,-89.55
3.7e-05,2.2e-05,5e-13,4e-10,1e-10,0.0862,25200000000.0,1180000000.0,10.84,-93.21
3.7e-05,2.2e-05,5e-13,4e-10,5e-11,0.0862,25200000000.0,1180000000.0,10.84,-93.05
3.7e-05,2.2e-05,5e-13,4e-10,1.5e-10,0.0862,25200000000.0,1180000000.0,10.84,-93.19
3.7e-05,2.2e-05,5e-13,4e-10,2e-10,0.0862,25200000000.0,1170000000.0,10.84,-93.31
3.7e-05,2.2e-05,5e-13,4e-10,2.5e-10,0.0862,25200000000.0,1180000000.0,10.84,-93.25
3.7e-05,2.2e-05,5e-13,3e-10,1e-10,0.0862,28500000000.0,1440000000.0,10.16,-92.04
3.7e-05,2.2e-05,5e-13,3e-10,5e-11,0.0862,28500000000.0,1440000000.0,10.16,-92.13
3.7e-05,2.2e-05,5e-13,3e-10,1.5e-10,0.0862,28500000000.0,1440000000.0,10.16,-92.03
3.7e-05,2.2e-05,5e-13,3e-10,2e-10,0.0862,28500000000.0,1440000000.0,10.16,-91.94
3.7e-05,2.2e-05,5e-13,3e-10,2.5e-10,0.0862,28500000000.0,1440000000.0,10.16,-91.95
3.7e-05,2.2e-05,5e-13,3.5e-10,1e-10,0.0862,26600000000.0,1290000000.0,10.55,-94.97
3.7e-05,2.2e-05,5e-13,3.5e-10,1.5e-10,0.0862,26600000000.0,1290000000.0,10.55,-94.98
3.7e-05,2.2e-05,5e-13,4.5e-10,1e-10,0.0862,24000000000.0,1100000000.0,11.09,-90.9
3.7e-05,2.2e-05,5e-13,4.5e-10,5e-11,0.0862,24000000000.0,1100000000.0,11.09,-91.17
3.7e-05,2.2e-05,5e-13,4.5e-10,1.5e-10,0.0862,24000000000.0,1090000000.0,11.09,-91.08
3.7e-05,2.2e-05,5e-13,4.5e-10,2e-10,0.0862,24000000000.0,1100000000.0,11.09,-91.26
3.7e-05,2.2e-05,5e-13,4.5e-10,2.5e-10,0.0862,24000000000.0,1090000000.0,11.09,-90.81
3.7e-05,2.2e-05,5e-13,5e-10,1e-10,0.0862,23000000000.0,1030000000.0,11.31,-89.03
3.7e-05,2.2e-05,5e-13,5e-10,5e-11,0.0862,23000000000.0,1030000000.0,11.31,-89.56
3.7e-05,2.2e-05,5e-13,5e-10,1.5e-10,0.0862,23000000000.0,1030000000.0,11.31,-89.31
3.7e-05,2.2e-05,5e-13,5e-10,2e-10,0.0862,23000000000.0,1030000000.0,11.31,-89.22
3.7e-05,2.2e-05,5e-13,5e-10,2.5e-10,0.0862,23000000000.0,1030000000.0,11.31,-89.48
3.7e-05,2.2e-05,3e-13,4e-10,1e-10,0.0862,25200000000.0,1190000000.0,10.84,-93.16
3.7e-05,2.2e-05,3e-13,4e-10,5e-11,0.0862,25200000000.0,1180000000.0,10.84,-92.56
3.7e-05,2.2e-05,3e-13,4e-10,1.5e-10,0.0862,25200000000.0,1180000000.0,10.84,-93.3
3.7e-05,2.2e-05,3e-13,4e-10,2e-10,0.0862,25200000000.0,1180000000.0,10.85,-93.37
3.7e-05,2.2e-05,3e-13,4e-10,2.5e-10,0.0862,25200000000.0,1180000000.0,10.85,-93.42
3.7e-05,2.2e-05,3e-13,3e-10,1e-10,0.0862,28500000000.0,1440000000.0,10.17,-92.05
3.7e-05,2.2e-05,3e-13,3e-10,1.5e-10,0.0862,28500000000.0,1440000000.0,10.16,-92.19
3.7e-05,2.2e-05,3e-13,3e-10,2e-10,0.0862,28500000000.0,1440000000.0,10.16,-92.05
3.7e-05,2.2e-05,3e-13,3.5e-10,5e-11,0.0862,26600000000.0,1290000000.0,10.55,-94.99
3.7e-05,2.2e-05,3e-13,3.5e-10,1.5e-10,0.0862,26600000000.0,1290000000.0,10.55,-94.96
3.7e-05,2.2e-05,3e-13,4.5e-10,1e-10,0.0862,24000000000.0,1090000000.0,11.09,-90.95
3.7e-05,2.2e-05,3e-13,4.5e-10,5e-11,0.0862,24000000000.0,1100000000.0,11.09,-90.78
3.7e-05,2.2e-05,3e-13,4.5e-10,1.5e-10,0.0862,24000000000.0,1100000000.0,11.09,-91.3
3.7e-05,2.2e-05,3e-13,4.5e-10,2e-10,0.0862,24000000000.0,1100000000.0,11.09,-90.87
3.7e-05,2.2e-05,3e-13,5e-10,1e-10,0.0862,23100000000.0,1030000000.0,11.31,-89.29
3.7e-05,2.2e-05,3e-13,5e-10,5e-11,0.0862,23100000000.0,1030000000.0,11.31,-89.12
3.7e-05,2.2e-05,3e-13,5e-10,1.5e-10,0.0862,23100000000.0,1030000000.0,11.31,-89.28
3.7e-05,2.2e-05,3e-13,5e-10,2e-10,0.0862,23100000000.0,1030000000.0,11.31,-89.33
3.7e-05,2.2e-05,3e-13,5e-10,2.5e-10,0.0862,23100000000.0,1030000000.0,11.31,-88.89
3.7e-05,2.2e-05,4e-13,4e-10,1e-10,0.0862,25200000000.0,1180000000.0,10.84,-93.45
3.7e-05,2.2e-05,4e-13,4e-10,5e-11,0.0862,25200000000.0,1170000000.0,10.84,-93.11
3.7e-05,2.2e-05,4e-13,4e-10,1.5e-10,0.0862,25200000000.0,1180000000.0,10.85,-93.36
3.7e-05,2.2e-05,4e-13,4e-10,2e-10,0.0862,25200000000.0,1180000000.0,10.84,-93.17
3.7e-05,2.2e-05,4e-13,4e-10,2.5e-10,0.0862,25200000000.0,1180000000.0,10.85,-93.29
3.7e-05,2.2e-05,4e-13,3e-10,1e-10,0.0862,28500000000.0,1440000000.0,10.16,-92.02
3.7e-05,2.2e-05,4e-13,3e-10,5e-11,0.0862,28500000000.0,1440000000.0,10.16,-92.16
3.7e-05,2.2e-05,4e-13,3e-10,1.5e-10,0.0862,28500000000.0,1440000000.0,10.16,-92.09
3.7e-05,2.2e-05,4e-13,3e-10,2.5e-10,0.0862,28500000000.0,1440000000.0,10.16,-91.99
3.7e-05,2.2e-05,4e-13,3.5e-10,2e-10,0.0862,26600000000.0,1290000000.0,10.55,-94.84
3.7e-05,2.2e-05,4e-13,4.5e-10,1e-10,0.0862,24000000000.0,1100000000.0,11.09,-90.99
3.7e-05,2.2e-05,4e-13,4.5e-10,5e-11,0.0862,24000000000.0,1100000000.0,11.09,-89.13
3.7e-05,2.2e-05,4e-13,4.5e-10,1.5e-10,0.0862,24000000000.0,1090000000.0,11.09,-91.04
3.7e-05,2.2e-05,4e-13,4.5e-10,2e-10,0.0862,24000000000.0,1100000000.0,11.09,-90.55
3.7e-05,2.2e-05,4e-13,4.5e-10,2.5e-10,0.0862,24000000000.0,1100000000.0,11.09,-90.8
3.7e-05,2.2e-05,4e-13,5e-10,1e-10,0.0862,23100000000.0,1030000000.0,11.31,-89.25
3.7e-05,2.2e-05,4e-13,5e-10,5e-11,0.0862,23100000000.0,1030000000.0,11.31,-89.45
3.7e-05,2.2e-05,4e-13,5e-10,1.5e-10,0.0862,23100000000.0,1030000000.0,11.31,-89.14
3.7e-05,2.2e-05,4e-13,5e-10,2.5e-10,0.0862,23000000000.0,1030000000.0,11.31,-89.35
3.7e-05,2.2e-05,6e-13,4e-10,1e-10,0.0862,25200000000.0,1180000000.0,10.84,-92.93
3.7e-05,2.2e-05,6e-13,4e-10,5e-11,0.0862,25200000000.0,1180000000.0,10.85,-93.58
3.7e-05,2.2e-05,6e-13,4e-10,1.5e-10,0.0862,25200000000.0,1180000000.0,10.85,-93.43
3.7e-05,2.2e-05,6e-13,4e-10,2e-10,0.0862,25200000000.0,1170000000.0,10.85,-93.16
3.7e-05,2.2e-05,6e-13,4e-10,2.5e-10,0.0862,25200000000.0,1180000000.0,10.85,-92.79
3.7e-05,2.2e-05,6e-13,3e-10,1e-10,0.0862,28500000000.0,1440000000.0,10.16,-92.14
3.7e-05,2.2e-05,6e-13,3e-10,2e-10,0.0862,28500000000.0,1440000000.0,10.16,-91.97
3.7e-05,2.2e-05,6e-13,3e-10,2.5e-10,0.0862,28500000000.0,1440000000.0,10.16,-92.12
3.7e-05,2.2e-05,6e-13,4.5e-10,1e-10,0.0862,24000000000.0,1100000000.0,11.09,-91.21
3.7e-05,2.2e-05,6e-13,4.5e-10,5e-11,0.0862,24000000000.0,1100000000.0,11.09,-90.5
3.7e-05,2.2e-05,6e-13,4.5e-10,1.5e-10,0.0862,24000000000.0,1100000000.0,11.09,-90.54
3.7e-05,2.2e-05,6e-13,4.5e-10,2e-10,0.0862,24000000000.0,1100000000.0,11.09,-90.91
3.7e-05,2.2e-05,6e-13,4.5e-10,2.5e-10,0.0862,24000000000.0,1100000000.0,11.09,-90.59
3.7e-05,2.2e-05,6e-13,5e-10,1e-10,0.0862,23000000000.0,1030000000.0,11.31,-89.26
3.7e-05,2.2e-05,6e-13,5e-10,5e-11,0.0862,23000000000.0,1040000000.0,11.31,-89.45
3.7e-05,2.2e-05,6e-13,5e-10,1.5e-10,0.0862,23000000000.0,1030000000.0,11.31,-89.21
3.7e-05,2.2e-05,6e-13,5e-10,2e-10,0.0862,23000000000.0,1030000000.0,11.31,-89.43
3.7e-05,2.2e-05,6e-13,5e-10,2.5e-10,0.0862,23000000000.0,1020000000.0,11.31,-89.47
3.7e-05,2.2e-05,7e-13,4e-10,1e-10,0.0862,25200000000.0,1180000000.0,10.84,-93.13
3.7e-05,2.2e-05,7e-13,4e-10,5e-11,0.0862,25200000000.0,1180000000.0,10.85,-93.51
3.7e-05,2.2e-05,7e-13,4e-10,1.5e-10,0.0862,25200000000.0,1180000000.0,10.85,-93.57
3.7e-05,2.2e-05,7e-13,4e-10,2e-10,0.0862,25200000000.0,1180000000.0,10.85,-93.35
3.7e-05,2.2e-05,7e-13,4e-10,2.5e-10,0.0862,25200000000.0,1180000000.0,10.84,-93.66
3.7e-05,2.2e-05,7e-13,3e-10,5e-11,0.0862,28500000000.0,1440000000.0,10.16,-92.07
3.7e-05,2.2e-05,7e-13,3e-10,1.5e-10,0.0862,28500000000.0,1440000000.0,10.16,-92.11
3.7e-05,2.2e-05,7e-13,3e-10,2e-10,0.0862,28500000000.0,1440000000.0,10.16,-91.96
3.7e-05,2.2e-05,7e-13,3.5e-10,1.5e-10,0.0862,26600000000.0,1290000000.0,10.55,-94.94
3.7e-05,2.2e-05,7e-13,4.5e-10,1e-10,0.0862,24000000000.0,1100000000.0,11.09,-90.92
3.7e-05,2.2e-05,7e-13,4.5e-10,5e-11,0.0862,24000000000.0,1100000000.0,11.09,-91.08
3.7e-05,2.2e-05,7e-13,4.5e-10,2.5e-10,0.0862,24000000000.0,1100000000.0,11.09,-91.14
3.7e-05,2.2e-05,7e-13,5e-10,5e-11,0.0862,23000000000.0,1030000000.0,11.31,-89.37
3.7e-05,2.2e-05,7e-13,5e-10,1.5e-10,0.0862,23000000000.0,1030000000.0,11.31,-89.41
3.7e-05,2.2e-05,7e-13,5e-10,2.5e-10,0.0862,23000000000.0,1030000000.0,11.31,-89.39
3.7e-05,2.3e-05,5e-13,4e-10,1e-10,0.0862,25100000000.0,1160000000.0,10.83,-93.08
3.7e-05,2.3e-05,5e-13,4e-10,5e-11,0.0862,25100000000.0,1150000000.0,10.83,-93.27
3.7e-05,2.3e-05,5e-13,4e-10,1.5e-10,0.0862,25100000000.0,1150000000.0,10.83,-93.03
3.7e-05,2.3e-05,5e-13,4e-10,2e-10,0.0862,25100000000.0,1160000000.0,10.83,-92.99
3.7e-05,2.3e-05,5e-13,4e-10,2.5e-10,0.0862,25100000000.0,1150000000.0,10.83,-93.06
3.7e-05,2.3e-05,5e-13,3e-10,1e-10,0.0862,28500000000.0,1410000000.0,10.13,-92.29
3.7e-05,2.3e-05,5e-13,3e-10,5e-11,0.0862,28500000000.0,1400000000.0,10.13,-92.47
3.7e-05,2.3e-05,5e-13,3e-10,1.5e-10,0.0862,28500000000.0,1400000000.0,10.13,-92.24
3.7e-05,2.3e-05,5e-13,3e-10,2e-10,0.0862,28500000000.0,1400000000.0,10.13,-92.23
3.7e-05,2.3e-05,5e-13,3e-10,2.5e-10,0.0862,28500000000.0,1400000000.0,10.13,-92.2
3.7e-05,2.3e-05,5e-13,3.5e-10,1e-10,0.0862,26600000000.0,1260000000.0,10.53,-94.91
3.7e-05,2.3e-05,5e-13,3.5e-10,5e-11,0.0862,26600000000.0,1260000000.0,10.53,-94.92
3.7e-05,2.3e-05,5e-13,3.5e-10,2e-10,0.0862,26600000000.0,1260000000.0,10.53,-94.93
3.7e-05,2.3e-05,5e-13,4.5e-10,1e-10,0.0862,23900000000.0,1080000000.0,11.08,-91.16
3.7e-05,2.3e-05,5e-13,4.5e-10,5e-11,0.0862,23900000000.0,1070000000.0,11.08,-91.05
3.7e-05,2.3e-05,5e-13,4.5e-10,1.5e-10,0.0862,23900000000.0,1070000000.0,11.08,-90.74
3.7e-05,2.3e-05,5e-13,4.5e-10,2e-10,0.0862,23900000000.0,1080000000.0,11.08,-90.78
3.7e-05,2.3e-05,5e-13,4.5e-10,2.5e-10,0.0862,23900000000.0,1080000000.0,11.08,-90.93
3.7e-05,2.3e-05,5e-13,5e-10,1e-10,0.0862,23000000000.0,1010000000.0,11.3,-88.89
3.7e-05,2.3e-05,5e-13,5e-10,5e-11,0.0862,23000000000.0,1020000000.0,11.3,-89.05
3.7e-05,2.3e-05,5e-13,5e-10,1.5e-10,0.0862,23000000000.0,1010000000.0,11.3,-89.04
3.7e-05,2.3e-05,5e-13,5e-10,2e-10,0.0862,23000000000.0,1010000000.0,11.29,-89.25
3.7e-05,2.3e-05,5e-13,5e-10,2.5e-10,0.0862,23000000000.0,1010000000.0,11.29,-89.24
3.7e-05,2.3e-05,3e-13,4e-10,1e-10,0.0862,25100000000.0,1160000000.0,10.83,-93.17
3.7e-05,2.3e-05,3e-13,4e-10,5e-11,0.0862,25100000000.0,1160000000.0,10.83,-93.06
3.7e-05,2.3e-05,3e-13,4e-10,1.5e-10,0.0862,25100000000.0,1160000000.0,10.83,-93.04
3.7e-05,2.3e-05,3e-13,4e-10,2e-10,0.0862,25100000000.0,1150000000.0,10.83,-93.34
3.7e-05,2.3e-05,3e-13,4e-10,2.5e-10,0.0862,25100000000.0,1160000000.0,10.83,-92.86
3.7e-05,2.3e-05,3e-13,3e-10,1e-10,0.0862,28500000000.0,1400000000.0,10.14,-92.28
3.7e-05,2.3e-05,3e-13,3e-10,5e-11,0.0862,28500000000.0,1410000000.0,10.14,-92.36
3.7e-05,2.3e-05,3e-13,3e-10,1.5e-10,0.0862,28500000000.0,1410000000.0,10.14,-92.38
3.7e-05,2.3e-05,3e-13,3e-10,2e-10,0.0862,28500000000.0,1410000000.0,10.14,-92.26
3.7e-05,2.3e-05,3e-13,3e-10,2.5e-10,0.0862,28500000000.0,1410000000.0,10.14,-92.33
3.7e-05,2.3e-05,3e-13,3.5e-10,1e-10,0.0862,26600000000.0,1260000000.0,10.53,-94.94
3.7e-05,2.3e-05,3e-13,3.5e-10,5e-11,0.0862,26600000000.0,1260000000.0,10.53,-94.83
3.7e-05,2.3e-05,3e-13,3.5e-10,2e-10,0.0862,26600000000.0,1260000000.0,10.53,-94.9
3.7e-05,2.3e-05,3e-13,3.5e-10,2.5e-10,0.0862,26600000000.0,1260000000.0,10.53,-94.89
3.7e-05,2.3e-05,3e-13,4.5e-10,1e-10,0.0862,23900000000.0,1080000000.0,11.08,-90.9
3.7e-05,2.3e-05,3e-13,4.5e-10,5e-11,0.0862,24000000000.0,1080000000.0,11.08,-90.83
3.7e-05,2.3e-05,3e-13,4.5e-10,1.5e-10,0.0862,23900000000.0,1080000000.0,11.08,-90.58
3.7e-05,2.3e-05,3e-13,4.5e-10,2e-10,0.0862,23900000000.0,1070000000.0,11.08,-90.48
3.7e-05,2.3e-05,3e-13,4.5e-10,2.5e-10,0.0862,23900000000.0,1080000000.0,11.07,-91.78
3.7e-05,2.3e-05,3e-13,5e-10,1e-10,0.0862,23000000000.0,1010000000.0,11.3,-89.23
3.7e-05,2.3e-05,3e-13,5e-10,5e-11,0.0862,23000000000.0,1020000000.0,11.3,-89.73
3.7e-05,2.3e-05,3e-13,5e-10,1.5e-10,0.0862,23000000000.0,1010000000.0,11.3,-88.75
3.7e-05,2.3e-05,3e-13,5e-10,2e-10,0.0862,23000000000.0,1010000000.0,11.3,-89.6
3.7e-05,2.3e-05,3e-13,5e-10,2.5e-10,0.0862,23000000000.0,1010000000.0,11.3,-89.17
3.7e-05,2.3e-05,4e-13,4e-10,1e-10,0.0862,25100000000.0,1150000000.0,10.83,-93.35
3.7e-05,2.3e-05,4e-13,4e-10,5e-11,0.0862,25100000000.0,1160000000.0,10.83,-93.0
3.7e-05,2.3e-05,4e-13,4e-10,1.5e-10,0.0862,25100000000.0,1160000000.0,10.83,-93.38
3.7e-05,2.3e-05,4e-13,4e-10,2e-10,0.0862,25100000000.0,1150000000.0,10.83,-93.18
3.7e-05,2.3e-05,4e-13,4e-10,2.5e-10,0.0862,25100000000.0,1160000000.0,10.83,-92.9
3.7e-05,2.3e-05,4e-13,3e-10,1e-10,0.0862,28500000000.0,1400000000.0,10.13,-92.36
3.7e-05,2.3e-05,4e-13,3e-10,5e-11,0.0862,28500000000.0,1400000000.0,10.14,-92.39
3.7e-05,2.3e-05,4e-13,3e-10,1.5e-10,0.0862,28500000000.0,1400000000.0,10.14,-92.25
3.7e-05,2.3e-05,4e-13,3e-10,2e-10,0.0862,28500000000.0,1410000000.0,10.14,-92.31
3.7e-05,2.3e-05,4e-13,3e-10,2.5e-10,0.0862,28500000000.0,1400000000.0,10.13,-92.22
3.7e-05,2.3e-05,4e-13,3.5e-10,1e-10,0.0862,26600000000.0,1260000000.0,10.53,-94.86
3.7e-05,2.3e-05,4e-13,4.5e-10,1e-10,0.0862,23900000000.0,1070000000.0,11.08,-90.62
3.7e-05,2.3e-05,4e-13,4.5e-10,5e-11,0.0862,23900000000.0,1080000000.0,11.07,-90.78
3.7e-05,2.3e-05,4e-13,4.5e-10,1.5e-10,0.0862,23900000000.0,1070000000.0,11.08,-90.69
3.7e-05,2.3e-05,4e-13,4.5e-10,2e-10,0.0862,23900000000.0,1080000000.0,11.08,-90.67
3.7e-05,2.3e-05,4e-13,4.5e-10,2.5e-10,0.0862,23900000000.0,1080000000.0,11.07,-90.9
3.7e-05,2.3e-05,4e-13,5e-10,1e-10,0.0862,23000000000.0,1010000000.0,11.3,-89.07
3.7e-05,2.3e-05,4e-13,5e-10,5e-11,0.0862,23000000000.0,1020000000.0,11.3,-88.04
3.7e-05,2.3e-05,4e-13,5e-10,1.5e-10,0.0862,23000000000.0,1010000000.0,11.3,-89.21
3.7e-05,2.3e-05,4e-13,5e-10,2e-10,0.0862,23000000000.0,1010000000.0,11.3,-89.52
3.7e-05,2.3e-05,4e-13,5e-10,2.5e-10,0.0862,23000000000.0,1010000000.0,11.3,-88.63
3.7e-05,2.3e-05,6e-13,4e-10,1e-10,0.0862,25100000000.0,1150000000.0,10.83,-92.87
3.7e-05,2.3e-05,6e-13,4e-10,1.5e-10,0.0862,25100000000.0,1160000000.0,10.83,-93.2
3.7e-05,2.3e-05,6e-13,4e-10,2e-10,0.0862,25100000000.0,1160000000.0,10.83,-93.01
3.7e-05,2.3e-05,6e-13,4e-10,2.5e-10,0.0862,25100000000.0,1160000000.0,10.83,-92.89
3.7e-05,2.3e-05,6e-13,3e-10,5e-11,0.0862,28500000000.0,1400000000.0,10.13,-92.28
3.7e-05,2.3e-05,6e-13,3e-10,1.5e-10,0.0862,28500000000.0,1400000000.0,10.13,-92.41
3.7e-05,2.3e-05,6e-13,3e-10,2e-10,0.0862,28500000000.0,1410000000.0,10.13,-92.16
3.7e-05,2.3e-05,6e-13,3e-10,2.5e-10,0.0862,28500000000.0,1400000000.0,10.13,-92.46
3.7e-05,2.3e-05,6e-13,3.5e-10,5e-11,0.0862,26600000000.0,1260000000.0,10.53,-94.88
3.7e-05,2.3e-05,6e-13,4.5e-10,1e-10,0.0862,23900000000.0,1080000000.0,11.08,-91.15
3.7e-05,2.3e-05,6e-13,4.5e-10,5e-11,0.0862,23900000000.0,1070000000.0,11.08,-91.04
3.7e-05,2.3e-05,6e-13,4.5e-10,1.5e-10,0.0862,23900000000.0,1080000000.0,11.08,-90.95
3.7e-05,2.3e-05,6e-13,4.5e-10,2e-10,0.0862,23900000000.0,1080000000.0,11.08,-90.54
3.7e-05,2.3e-05,6e-13,4.5e-10,2.5e-10,0.0862,23900000000.0,1080000000.0,11.08,-90.79
3.7e-05,2.3e-05,6e-13,5e-10,1e-10,0.0862,23000000000.0,1010000000.0,11.3,-89.32
3.7e-05,2.3e-05,6e-13,5e-10,5e-11,0.0862,23000000000.0,1020000000.0,11.3,-88.12
3.7e-05,2.3e-05,6e-13,5e-10,1.5e-10,0.0862,23000000000.0,1010000000.0,11.3,-89.36
3.7e-05,2.3e-05,6e-13,5e-10,2e-10,0.0862,23000000000.0,1020000000.0,11.3,-89.02
3.7e-05,2.3e-05,6e-13,5e-10,2.5e-10,0.0862,23000000000.0,1010000000.0,11.3,-89.35
3.7e-05,2.3e-05,7e-13,4e-10,1e-10,0.0862,25100000000.0,1150000000.0,10.83,-93.22
3.7e-05,2.3e-05,7e-13,4e-10,5e-11,0.0862,25100000000.0,1150000000.0,10.83,-93.16
3.7e-05,2.3e-05,7e-13,4e-10,2e-10,0.0862,25100000000.0,1150000000.0,10.83,-92.89
3.7e-05,2.3e-05,7e-13,3e-10,1e-10,0.0862,28500000000.0,1410000000.0,10.13,-92.32
3.7e-05,2.3e-05,7e-13,3e-10,5e-11,0.0862,28500000000.0,1400000000.0,10.13,-92.19
3.7e-05,2.3e-05,7e-13,3e-10,1.5e-10,0.0862,28500000000.0,1400000000.0,10.13,-92.18
3.7e-05,2.3e-05,7e-13,3e-10,2e-10,0.0862,28500000000.0,1400000000.0,10.13,-92.25
3.7e-05,2.3e-05,7e-13,4.5e-10,1e-10,0.0862,23900000000.0,1080000000.0,11.08,-90.85
3.7e-05,2.3e-05,7e-13,4.5e-10,5e-11,0.0862,23900000000.0,1080000000.0,11.08,-91.06
3.7e-05,2.3e-05,7e-13,4.5e-10,2e-10,0.0862,23900000000.0,1080000000.0,11.08,-90.8
3.7e-05,2.3e-05,7e-13,4.5e-10,2.5e-10,0.0862,23900000000.0,1080000000.0,11.08,-91.39
3.7e-05,2.3e-05,7e-13,5e-10,5e-11,0.0862,23000000000.0,1010000000.0,11.3,-89.03
3.7e-05,2.3e-05,7e-13,5e-10,2e-10,0.0862,23000000000.0,1010000000.0,11.29,-89.15
3.7e-05,2.4e-05,5e-13,4e-10,1e-10,0.0862,25100000000.0,1120000000.0,10.81,-93.13
3.7e-05,2.4e-05,5e-13,4e-10,5e-11,0.0862,25100000000.0,1120000000.0,10.8,-92.79
3.7e-05,2.4e-05,5e-13,4e-10,1.5e-10,0.0862,25100000000.0,1120000000.0,10.81,-93.03
3.7e-05,2.4e-05,5e-13,4e-10,2e-10,0.0862,25100000000.0,1120000000.0,10.81,-93.07
3.7e-05,2.4e-05,5e-13,4e-10,2.5e-10,0.0862,25100000000.0,1120000000.0,10.81,-92.91
3.7e-05,2.4e-05,5e-13,3e-10,1e-10,0.0862,28400000000.0,1360000000.0,10.1,-92.53
3.7e-05,2.4e-05,5e-13,3e-10,5e-11,0.0862,28400000000.0,1360000000.0,10.1,-92.48
3.7e-05,2.4e-05,5e-13,3e-10,1.5e-10,0.0862,28400000000.0,1360000000.0,10.1,-92.71
3.7e-05,2.4e-05,5e-13,3e-10,2e-10,0.0862,28400000000.0,1360000000.0,10.1,-92.51
3.7e-05,2.4e-05,5e-13,3e-10,2.5e-10,0.0862,28400000000.0,1360000000.0,10.1,-92.38
3.7e-05,2.4e-05,5e-13,3.5e-10,1e-10,0.0862,26500000000.0,1220000000.0,10.5,-94.87
3.7e-05,2.4e-05,5e-13,3.5e-10,5e-11,0.0862,26500000000.0,1220000000.0,10.5,-94.85
3.7e-05,2.4e-05,5e-13,3.5e-10,1.5e-10,0.0862,26500000000.0,1220000000.0,10.5,-94.86
3.7e-05,2.4e-05,5e-13,3.5e-10,2e-10,0.0862,26500000000.0,1220000000.0,10.5,-94.83
3.7e-05,2.4e-05,5e-13,4.5e-10,1e-10,0.0862,23900000000.0,1050000000.0,11.06,-90.79
3.7e-05,2.4e-05,5e-13,4.5e-10,5e-11,0.0862,23900000000.0,1050000000.0,11.06,-90.48
3.7e-05,2.4e-05,5e-13,4.5e-10,1.5e-10,0.0862,23900000000.0,1050000000.0,11.06,-90.61
3.7e-05,2.4e-05,5e-13,4.5e-10,2e-10,0.0862,23900000000.0,1040000000.0,11.06,-90.71
3.7e-05,2.4e-05,5e-13,4.5e-10,2.5e-10,0.0862,23900000000.0,1050000000.0,11.06,-90.62
3.7e-05,2.4e-05,5e-13,5e-10,1e-10,0.0862,23000000000.0,992000000.0,11.28,-88.9
3.7e-05,2.4e-05,5e-13,5e-10,5e-11,0.0862,23000000000.0,988000000.0,11.28,-88.94
3.7e-05,2.4e-05,5e-13,5e-10,1.5e-10,0.0862,23000000000.0,986000000.0,11.28,-89.05
3.7e-05,2.4e-05,5e-13,5e-10,2e-10,0.0862,22900000000.0,986000000.0,11.28,-89.09
3.7e-05,2.4e-05,5e-13,5e-10,2.5e-10,0.0862,22900000000.0,982000000.0,11.28,-88.7
3.7e-05,2.4e-05,3e-13,4e-10,1e-10,0.0862,25100000000.0,1120000000.0,10.8,-92.5
3.7e-05,2.4e-05,3e-13,4e-10,5e-11,0.0862,25100000000.0,1120000000.0,10.81,-92.98
3.7e-05,2.4e-05,3e-13,4e-10,1.5e-10,0.0862,25100000000.0,1130000000.0,10.81,-92.99
3.7e-05,2.4e-05,3e-13,4e-10,2e-10,0.0862,25100000000.0,1130000000.0,10.8,-92.73
3.7e-05,2.4e-05,3e-13,4e-10,2.5e-10,0.0862,25100000000.0,1130000000.0,10.8,-92.68
3.7e-05,2.4e-05,3e-13,3e-10,1e-10,0.0862,28400000000.0,1360000000.0,10.1,-92.45
3.7e-05,2.4e-05,3e-13,3e-10,5e-11,0.0862,28400000000.0,1360000000.0,10.1,-92.84
3.7e-05,2.4e-05,3e-13,3e-10,1.5e-10,0.0862,28400000000.0,1360000000.0,10.1,-92.5
3.7e-05,2.4e-05,3e-13,3e-10,2.5e-10,0.0862,28400000000.0,1360000000.0,10.1,-92.55
3.7e-05,2.4e-05,3e-13,3.5e-10,1e-10,0.0862,26500000000.0,1230000000.0,10.5,-94.76
3.7e-05,2.4e-05,3e-13,3.5e-10,5e-11,0.0862,26500000000.0,1220000000.0,10.5,-94.77
3.7e-05,2.4e-05,3e-13,3.5e-10,2e-10,0.0862,26500000000.0,1230000000.0,10.5,-94.85
3.7e-05,2.4e-05,3e-13,4.5e-10,1e-10,0.0862,23900000000.0,1050000000.0,11.06,-90.65
3.7e-05,2.4e-05,3e-13,4.5e-10,5e-11,0.0862,23900000000.0,1050000000.0,11.06,-90.2
3.7e-05,2.4e-05,3e-13,4.5e-10,1.5e-10,0.0862,23900000000.0,1050000000.0,11.06,-91.15
3.7e-05,2.4e-05,3e-13,4.5e-10,2e-10,0.0862,23900000000.0,1050000000.0,11.06,-90.58
3.7e-05,2.4e-05,3e-13,4.5e-10,2.5e-10,0.0862,23900000000.0,1050000000.0,11.06,-90.82
3.7e-05,2.4e-05,3e-13,5e-10,1e-10,0.0862,23000000000.0,983000000.0,11.28,-88.68
3.7e-05,2.4e-05,3e-13,5e-10,5e-11,0.0862,23000000000.0,989000000.0,11.28,-89.01
3.7e-05,2.4e-05,3e-13,5e-10,1.5e-10,0.0862,23000000000.0,994000000.0,11.28,-88.89
3.7e-05,2.4e-05,3e-13,5e-10,2e-10,0.0862,23000000000.0,989000000.0,11.28,-88.95
3.7e-05,2.4e-05,3e-13,5e-10,2.5e-10,0.0862,23000000000.0,982000000.0,11.28,-89.32
3.7e-05,2.4e-05,4e-13,4e-10,5e-11,0.0862,25100000000.0,1130000000.0,10.8,-92.27
3.7e-05,2.4e-05,4e-13,4e-10,1.5e-10,0.0862,25100000000.0,1130000000.0,10.81,-92.83
3.7e-05,2.4e-05,4e-13,4e-10,2e-10,0.0862,25100000000.0,1130000000.0,10.81,-93.35
3.7e-05,2.4e-05,4e-13,3e-10,1.5e-10,0.0862,28400000000.0,1360000000.0,10.1,-92.47
3.7e-05,2.4e-05,4e-13,3e-10,2e-10,0.0862,28400000000.0,1360000000.0,10.1,-91.94
3.7e-05,2.4e-05,4e-13,3.5e-10,5e-11,0.0862,26500000000.0,1220000000.0,10.5,-94.75
3.7e-05,2.4e-05,4e-13,3.5e-10,2e-10,0.0862,26500000000.0,1220000000.0,10.5,-94.88
3.7e-05,2.4e-05,4e-13,4.5e-10,1e-10,0.0862,23900000000.0,1050000000.0,11.06,-91.38
3.7e-05,2.4e-05,4e-13,4.5e-10,5e-11,0.0862,23900000000.0,1050000000.0,11.06,-90.57
3.7e-05,2.4e-05,4e-13,4.5e-10,1.5e-10,0.0862,23900000000.0,1050000000.0,11.06,-90.6
3.7e-05,2.4e-05,4e-13,4.5e-10,2e-10,0.0862,23900000000.0,1060000000.0,11.06,-90.23
3.7e-05,2.4e-05,4e-13,4.5e-10,2.5e-10,0.0862,23900000000.0,1050000000.0,11.06,-90.92
3.7e-05,2.4e-05,4e-13,5e-10,1e-10,0.0862,23000000000.0,987000000.0,11.28,-89.06
3.7e-05,2.4e-05,4e-13,5e-10,5e-11,0.0862,23000000000.0,995000000.0,11.28,-88.8
3.7e-05,2.4e-05,4e-13,5e-10,1.5e-10,0.0862,23000000000.0,986000000.0,11.28,-88.35
3.7e-05,2.4e-05,4e-13,5e-10,2e-10,0.0862,23000000000.0,988000000.0,11.28,-89.04
3.7e-05,2.4e-05,4e-13,5e-10,2.5e-10,0.0862,23000000000.0,989000000.0,11.28,-88.51
3.7e-05,2.4e-05,6e-13,4e-10,1e-10,0.0862,25000000000.0,1120000000.0,10.81,-93.3
3.7e-05,2.4e-05,6e-13,4e-10,5e-11,0.0862,25100000000.0,1120000000.0,10.81,-93.11
3.7e-05,2.4e-05,6e-13,4e-10,1.5e-10,0.0862,25000000000.0,1120000000.0,10.8,-93.42
3.7e-05,2.4e-05,6e-13,4e-10,2e-10,0.0862,25000000000.0,1120000000.0,10.8,-92.94
3.7e-05,2.4e-05,6e-13,4e-10,2.5e-10,0.0862,25000000000.0,1120000000.0,10.81,-93.04
3.7e-05,2.4e-05,6e-13,3e-10,5e-11,0.0862,28400000000.0,1360000000.0,10.1,-92.34
3.7e-05,2.4e-05,6e-13,3e-10,1.5e-10,0.0862,28400000000.0,1360000000.0,10.1,-92.32
3.7e-05,2.4e-05,6e-13,3e-10,2e-10,0.0862,28400000000.0,1360000000.0,10.1,-92.36
3.7e-05,2.4e-05,6e-13,3e-10,2.5e-10,0.0862,28400000000.0,1360000000.0,10.1,-92.43
3.7e-05,2.4e-05,6e-13,3.5e-10,1e-10,0.0862,26500000000.0,1230000000.0,10.5,-94.84
3.7e-05,2.4e-05,6e-13,3.5e-10,2e-10,0.0862,26500000000.0,1220000000.0,10.5,-94.84
3.7e-05,2.4e-05,6e-13,4.5e-10,1e-10,0.0862,23900000000.0,1050000000.0,11.06,-91.52
3.7e-05,2.4e-05,6e-13,4.5e-10,5e-11,0.0862,23900000000.0,1050000000.0,11.06,-90.71
3.7e-05,2.4e-05,6e-13,4.5e-10,1.5e-10,0.0862,23900000000.0,1050000000.0,11.06,-90.97
3.7e-05,2.4e-05,6e-13,4.5e-10,2e-10,0.0862,23900000000.0,1050000000.0,11.06,-90.98
3.7e-05,2.4e-05,6e-13,4.5e-10,2.5e-10,0.0862,23900000000.0,1050000000.0,11.06,-90.55
3.7e-05,2.4e-05,6e-13,5e-10,1e-10,0.0862,22900000000.0,986000000.0,11.28,-89.65
3.7e-05,2.4e-05,6e-13,5e-10,5e-11,0.0862,22900000000.0,988000000.0,11.28,-89.05
3.7e-05,2.4e-05,6e-13,5e-10,1.5e-10,0.0862,22900000000.0,985000000.0,11.28,-87.71
3.7e-05,2.4e-05,6e-13,5e-10,2e-10,0.0862,22900000000.0,991000000.0,11.28,-88.99
3.7e-05,2.4e-05,6e-13,5e-10,2.5e-10,0.0862,22900000000.0,983000000.0,11.28,-89.08
3.7e-05,2.4e-05,7e-13,4e-10,1e-10,0.0862,25000000000.0,1120000000.0,10.8,-93.64
3.7e-05,2.4e-05,7e-13,4e-10,5e-11,0.0862,25000000000.0,1130000000.0,10.8,-92.28
3.7e-05,2.4e-05,7e-13,4e-10,1.5e-10,0.0862,25000000000.0,1130000000.0,10.8,-93.2
3.7e-05,2.4e-05,7e-13,4e-10,2e-10,0.0862,25000000000.0,1130000000.0,10.81,-93.22
3.7e-05,2.4e-05,7e-13,4e-10,2.5e-10,0.0862,25000000000.0,1130000000.0,10.8,-92.79
3.7e-05,2.4e-05,7e-13,3e-10,1e-10,0.0862,28400000000.0,1360000000.0,10.1,-92.33
3.7e-05,2.4e-05,7e-13,3e-10,5e-11,0.0862,28400000000.0,1360000000.0,10.1,-92.35
3.7e-05,2.4e-05,7e-13,3e-10,1.5e-10,0.0862,28400000000.0,1360000000.0,10.1,-92.44
3.7e-05,2.4e-05,7e-13,3e-10,2.5e-10,0.0862,28400000000.0,1360000000.0,10.1,-92.37
3.7e-05,2.4e-05,7e-13,3.5e-10,2.5e-10,0.0862,26500000000.0,1230000000.0,10.5,-94.79
3.7e-05,2.4e-05,7e-13,4.5e-10,1e-10,0.0862,23900000000.0,1050000000.0,11.06,-90.7
3.7e-05,2.4e-05,7e-13,4.5e-10,5e-11,0.0862,23900000000.0,1060000000.0,11.06,-90.88
3.7e-05,2.4e-05,7e-13,4.5e-10,1.5e-10,0.0862,23900000000.0,1060000000.0,11.06,-90.56
3.7e-05,2.4e-05,7e-13,5e-10,1e-10,0.0862,22900000000.0,989000000.0,11.28,-89.36
3.7e-05,2.4e-05,7e-13,5e-10,5e-11,0.0862,22900000000.0,987000000.0,11.28,-89.0
3.7e-05,2.4e-05,7e-13,5e-10,1.5e-10,0.0862,22900000000.0,987000000.0,11.28,-89.05
3.7e-05,2.4e-05,7e-13,5e-10,2e-10,0.0862,22900000000.0,989000000.0,11.28,-89.02
3.7e-05,2.4e-05,7e-13,5e-10,2.5e-10,0.0862,22900000000.0,992000000.0,11.28,-88.96
3.7e-05,2.5e-05,5e-13,4e-10,1e-10,0.0862,25000000000.0,1090000000.0,10.78,-93.13
3.7e-05,2.5e-05,5e-13,4e-10,5e-11,0.0862,25000000000.0,1090000000.0,10.78,-92.23
3.7e-05,2.5e-05,5e-13,4e-10,1.5e-10,0.0862,25000000000.0,1090000000.0,10.78,-92.75
3.7e-05,2.5e-05,5e-13,4e-10,2e-10,0.0862,25000000000.0,1090000000.0,10.78,-92.56
3.7e-05,2.5e-05,5e-13,4e-10,2.5e-10,0.0862,25000000000.0,1080000000.0,10.78,-92.74
3.7e-05,2.5e-05,5e-13,3e-10,1e-10,0.0862,28400000000.0,1300000000.0,10.07,-92.53
3.7e-05,2.5e-05,5e-13,3e-10,5e-11,0.0862,28400000000.0,1300000000.0,10.07,-92.46
3.7e-05,2.5e-05,5e-13,3e-10,1.5e-10,0.0862,28400000000.0,1300000000.0,10.07,-92.52
3.7e-05,2.5e-05,5e-13,3e-10,2e-10,0.0862,28400000000.0,1300000000.0,10.07,-92.69
3.7e-05,2.5e-05,5e-13,3e-10,2.5e-10,0.0862,28400000000.0,1300000000.0,10.07,-92.6
3.7e-05,2.5e-05,5e-13,3.5e-10,1e-10,0.0862,26500000000.0,1180000000.0,10.47,-94.75
3.7e-05,2.5e-05,5e-13,3.5e-10,5e-11,0.0862,26500000000.0,1180000000.0,10.47,-94.69
3.7e-05,2.5e-05,5e-13,3.5e-10,1.5e-10,0.0862,26500000000.0,1180000000.0,10.47,-94.77
3.7e-05,2.5e-05,5e-13,3.5e-10,2e-10,0.0862,26500000000.0,1180000000.0,10.47,-94.8
3.7e-05,2.5e-05,5e-13,3.5e-10,2.5e-10,0.0862,26500000000.0,1180000000.0,10.47,-94.7
3.7e-05,2.5e-05,5e-13,4.5e-10,1e-10,0.0862,23900000000.0,1030000000.0,11.04,-90.38
3.7e-05,2.5e-05,5e-13,4.5e-10,5e-11,0.0862,23900000000.0,1020000000.0,11.03,-90.72
3.7e-05,2.5e-05,5e-13,4.5e-10,1.5e-10,0.0862,23900000000.0,1020000000.0,11.04,-90.73
3.7e-05,2.5e-05,5e-13,4.5e-10,2e-10,0.0862,23900000000.0,1020000000.0,11.04,-90.09
3.7e-05,2.5e-05,5e-13,4.5e-10,2.5e-10,0.0862,23900000000.0,1020000000.0,11.04,-90.47
3.7e-05,2.5e-05,5e-13,5e-10,1e-10,0.0862,22900000000.0,957000000.0,11.26,-88.76
3.7e-05,2.5e-05,5e-13,5e-10,5e-11,0.0862,22900000000.0,954000000.0,11.26,-88.66
3.7e-05,2.5e-05,5e-13,5e-10,1.5e-10,0.0862,22900000000.0,964000000.0,11.26,-88.75
3.7e-05,2.5e-05,5e-13,5e-10,2e-10,0.0862,22900000000.0,961000000.0,11.26,-88.79
3.7e-05,2.5e-05,5e-13,5e-10,2.5e-10,0.0862,22900000000.0,962000000.0,11.26,-89.06
3.7e-05,2.5e-05,3e-13,4e-10,1e-10,0.0862,25000000000.0,1090000000.0,10.78,-93.06
3.7e-05,2.5e-05,3e-13,4e-10,5e-11,0.0862,25000000000.0,1090000000.0,10.78,-92.92
3.7e-05,2.5e-05,3e-13,4e-10,1.5e-10,0.0862,25000000000.0,1090000000.0,10.78,-92.74
3.7e-05,2.5e-05,3e-13,4e-10,2.5e-10,0.0862,25000000000.0,1090000000.0,10.78,-92.6
3.7e-05,2.5e-05,3e-13,3e-10,1e-10,0.0862,28400000000.0,1300000000.0,10.07,-92.61
3.7e-05,2.5e-05,3e-13,3e-10,5e-11,0.0862,28400000000.0,1300000000.0,10.07,-92.7
3.7e-05,2.5e-05,3e-13,3e-10,1.5e-10,0.0862,28400000000.0,1310000000.0,10.07,-92.73
3.7e-05,2.5e-05,3e-13,3e-10,2e-10,0.0862,28400000000.0,1300000000.0,10.07,-92.81
3.7e-05,2.5e-05,3e-13,3e-10,2.5e-10,0.0862,28400000000.0,1310000000.0,10.07,-92.68
3.7e-05,2.5e-05,3e-13,3.5e-10,1e-10,0.0862,26500000000.0,1180000000.0,10.47,-94.74
3.7e-05,2.5e-05,3e-13,3.5e-10,5e-11,0.0862,26500000000.0,1180000000.0,10.47,-94.68
3.7e-05,2.5e-05,3e-13,3.5e-10,2.5e-10,0.0862,26500000000.0,1180000000.0,10.47,-94.67
3.7e-05,2.5e-05,3e-13,4.5e-10,1e-10,0.0862,23900000000.0,1020000000.0,11.04,-90.43
3.7e-05,2.5e-05,3e-13,4.5e-10,5e-11,0.0862,23900000000.0,1020000000.0,11.04,-91.41
3.7e-05,2.5e-05,3e-13,4.5e-10,1.5e-10,0.0862,23900000000.0,1020000000.0,11.04,-90.65
3.7e-05,2.5e-05,3e-13,4.5e-10,2e-10,0.0862,23900000000.0,1020000000.0,11.03,-90.83
3.7e-05,2.5e-05,3e-13,4.5e-10,2.5e-10,0.0862,23900000000.0,1030000000.0,11.04,-90.02
3.7e-05,2.5e-05,3e-13,5e-10,1e-10,0.0862,22900000000.0,960000000.0,11.26,-88.89
3.7e-05,2.5e-05,3e-13,5e-10,5e-11,0.0862,22900000000.0,966000000.0,11.26,-88.94
3.7e-05,2.5e-05,3e-13,5e-10,1.5e-10,0.0862,22900000000.0,959000000.0,11.26,-88.83
3.7e-05,2.5e-05,3e-13,5e-10,2e-10,0.0862,22900000000.0,967000000.0,11.26,-88.92
3.7e-05,2.5e-05,3e-13,5e-10,2.5e-10,0.0862,22900000000.0,960000000.0,11.26,-88.85
3.7e-05,2.5e-05,4e-13,4e-10,1e-10,0.0862,25000000000.0,1090000000.0,10.78,-92.68
3.7e-05,2.5e-05,4e-13,4e-10,5e-11,0.0862,25000000000.0,1090000000.0,10.78,-92.54
3.7e-05,2.5e-05,4e-13,4e-10,1.5e-10,0.0862,25000000000.0,1100000000.0,10.78,-92.98
3.7e-05,2.5e-05,4e-13,4e-10,2e-10,0.0862,25000000000.0,1090000000.0,10.78,-92.7
3.7e-05,2.5e-05,4e-13,4e-10,2.5e-10,0.0862,25000000000.0,1090000000.0,10.78,-92.52
3.7e-05,2.5e-05,4e-13,3e-10,1e-10,0.0862,28400000000.0,1300000000.0,10.07,-92.55
3.7e-05,2.5e-05,4e-13,3e-10,2.5e-10,0.0862,28400000000.0,1300000000.0,10.07,-92.03
3.7e-05,2.5e-05,4e-13,3.5e-10,5e-11,0.0862,26500000000.0,1180000000.0,10.47,-94.76
3.7e-05,2.5e-05,4e-13,4.5e-10,1e-10,0.0862,23900000000.0,1010000000.0,11.04,-90.54
3.7e-05,2.5e-05,4e-13,4.5e-10,5e-11,0.0862,23900000000.0,1020000000.0,11.03,-90.42
3.7e-05,2.5e-05,4e-13,4.5e-10,1.5e-10,0.0862,23900000000.0,1020000000.0,11.04,-90.04
3.7e-05,2.5e-05,4e-13,4.5e-10,2e-10,0.0862,23900000000.0,1030000000.0,11.04,-90.79
3.7e-05,2.5e-05,4e-13,4.5e-10,2.5e-10,0.0862,23900000000.0,1020000000.0,11.03,-89.82
3.7e-05,2.5e-05,4e-13,5e-10,1e-10,0.0862,22900000000.0,966000000.0,11.26,-88.62
3.7e-05,2.5e-05,4e-13,5e-10,5e-11,0.0862,22900000000.0,958000000.0,11.26,-88.67
3.7e-05,2.5e-05,4e-13,5e-10,1.5e-10,0.0862,22900000000.0,960000000.0,11.26,-89.03
3.7e-05,2.5e-05,4e-13,5e-10,2e-10,0.0862,22900000000.0,961000000.0,11.26,-89.06
3.7e-05,2.5e-05,4e-13,5e-10,2.5e-10,0.0862,22900000000.0,961000000.0,11.26,-87.7
3.7e-05,2.5e-05,6e-13,4e-10,1e-10,0.0862,25000000000.0,1090000000.0,10.78,-92.63
3.7e-05,2.5e-05,6e-13,4e-10,5e-11,0.0862,25000000000.0,1090000000.0,10.78,-92.48
3.7e-05,2.5e-05,6e-13,4e-10,1.5e-10,0.0862,25000000000.0,1090000000.0,10.78,-92.59
3.7e-05,2.5e-05,6e-13,4e-10,2e-10,0.0862,25000000000.0,1090000000.0,10.78,-92.76
3.7e-05,2.5e-05,6e-13,4e-10,2.5e-10,0.0862,25000000000.0,1090000000.0,10.78,-93.54
3.7e-05,2.5e-05,6e-13,3e-10,1e-10,0.0862,28400000000.0,1310000000.0,10.07,-92.37
3.7e-05,2.5e-05,6e-13,3e-10,5e-11,0.0862,28400000000.0,1300000000.0,10.07,-92.56
3.7e-05,2.5e-05,6e-13,3e-10,1.5e-10,0.0862,28400000000.0,1300000000.0,10.07,-92.58
3.7e-05,2.5e-05,6e-13,3e-10,2.5e-10,0.0862,28400000000.0,1300000000.0,10.07,-92.62
3.7e-05,2.5e-05,6e-13,3.5e-10,5e-11,0.0862,26500000000.0,1180000000.0,10.47,-94.72
3.7e-05,2.5e-05,6e-13,3.5e-10,1.5e-10,0.0862,26500000000.0,1180000000.0,10.47,-94.73
3.7e-05,2.5e-05,6e-13,4.5e-10,1e-10,0.0862,23900000000.0,1010000000.0,11.04,-90.06
3.7e-05,2.5e-05,6e-13,4.5e-10,5e-11,0.0862,23900000000.0,1030000000.0,11.04,-90.39
3.7e-05,2.5e-05,6e-13,4.5e-10,1.5e-10,0.0862,23900000000.0,1010000000.0,11.04,-90.42
3.7e-05,2.5e-05,6e-13,4.5e-10,2e-10,0.0862,23900000000.0,1020000000.0,11.04,-90.34
3.7e-05,2.5e-05,6e-13,4.5e-10,2.5e-10,0.0862,23900000000.0,1020000000.0,11.04,-90.5
3.7e-05,2.5e-05,6e-13,5e-10,1e-10,0.0862,22900000000.0,953000000.0,11.26,-88.81
3.7e-05,2.5e-05,6e-13,5e-10,5e-11,0.0862,22900000000.0,969000000.0,11.26,-89.2
3.7e-05,2.5e-05,6e-13,5e-10,1.5e-10,0.0862,22900000000.0,964000000.0,11.26,-89.55
3.7e-05,2.5e-05,6e-13,5e-10,2e-10,0.0862,22900000000.0,956000000.0,11.26,-88.73
3.7e-05,2.5e-05,6e-13,5e-10,2.5e-10,0.0862,22900000000.0,965000000.0,11.26,-89.02
3.7e-05,2.5e-05,7e-13,4e-10,1e-10,0.0862,25000000000.0,1090000000.0,10.78,-92.84
3.7e-05,2.5e-05,7e-13,4e-10,5e-11,0.0862,25000000000.0,1080000000.0,10.78,-92.7
3.7e-05,2.5e-05,7e-13,4e-10,1.5e-10,0.0862,25000000000.0,1090000000.0,10.78,-92.57
3.7e-05,2.5e-05,7e-13,4e-10,2.5e-10,0.0862,25000000000.0,1090000000.0,10.78,-93.18
3.7e-05,2.5e-05,7e-13,3e-10,1e-10,0.0862,28400000000.0,1300000000.0,10.07,-92.36
3.7e-05,2.5e-05,7e-13,3e-10,1.5e-10,0.0862,28400000000.0,1300000000.0,10.07,-92.43
3.7e-05,2.5e-05,7e-13,3e-10,2e-10,0.0862,28400000000.0,1300000000.0,10.07,-92.48
3.7e-05,2.5e-05,7e-13,3e-10,2.5e-10,0.0862,28400000000.0,1300000000.0,10.07,-92.63
3.7e-05,2.5e-05,7e-13,3.5e-10,2.5e-10,0.0862,26500000000.0,1180000000.0,10.47,-94.71
3.7e-05,2.5e-05,7e-13,4.5e-10,1e-10,0.0862,23900000000.0,1030000000.0,11.03,-90.38
3.7e-05,2.5e-05,7e-13,4.5e-10,5e-11,0.0862,23900000000.0,1020000000.0,11.04,-90.49
3.7e-05,2.5e-05,7e-13,4.5e-10,1.5e-10,0.0862,23900000000.0,1020000000.0,11.03,-90.32
3.7e-05,2.5e-05,7e-13,4.5e-10,2e-10,0.0862,23900000000.0,1030000000.0,11.04,-90.78
3.7e-05,2.5e-05,7e-13,5e-10,1e-10,0.0862,22900000000.0,951000000.0,11.26,-88.85
3.7e-05,2.5e-05,7e-13,5e-10,5e-11,0.0862,22900000000.0,953000000.0,11.26,-88.76
3.7e-05,2.5e-05,7e-13,5e-10,1.5e-10,0.0862,22900000000.0,966000000.0,11.26,-88.5
3.7e-05,2.5e-05,7e-13,5e-10,2e-10,0.0862,22900000000.0,958000000.0,11.26,-87.15
3.7e-05,2.5e-05,7e-13,5e-10,2.5e-10,0.0862,22900000000.0,962000000.0,11.26,-88.89
3.8e-05,5e-06,5e-13,4e-10,1e-10,0.0885,26700000000.0,583000000.0,10.68,-92.4
3.8e-05,5e-06,5e-13,4e-10,5e-11,0.0885,26700000000.0,585000000.0,10.68,-92.28
3.8e-05,5e-06,5e-13,4e-10,1.5e-10,0.0885,26700000000.0,586000000.0,10.68,-92.18
3.8e-05,5e-06,5e-13,4e-10,2e-10,0.0885,26700000000.0,584000000.0,10.68,-92.54
3.8e-05,5e-06,5e-13,4e-10,2.5e-10,0.0885,26700000000.0,586000000.0,10.68,-92.46
3.8e-05,5e-06,5e-13,3e-10,1e-10,0.0885,30500000000.0,736000000.0,10.03,-84.75
3.8e-05,5e-06,5e-13,3e-10,5e-11,0.0885,30500000000.0,736000000.0,10.03,-84.72
3.8e-05,5e-06,5e-13,3e-10,1.5e-10,0.0885,30500000000.0,735000000.0,10.03,-84.76
3.8e-05,5e-06,5e-13,3e-10,2e-10,0.0885,30500000000.0,736000000.0,10.03,-84.71
3.8e-05,5e-06,5e-13,3e-10,2.5e-10,0.0885,30500000000.0,734000000.0,10.03,-84.82
3.8e-05,5e-06,5e-13,3.5e-10,1e-10,0.0885,28300000000.0,646000000.0,10.41,-88.77
3.8e-05,5e-06,5e-13,3.5e-10,5e-11,0.0885,28300000000.0,647000000.0,10.41,-88.68
3.8e-05,5e-06,5e-13,3.5e-10,1.5e-10,0.0885,28300000000.0,646000000.0,10.41,-88.82
3.8e-05,5e-06,5e-13,3.5e-10,2e-10,0.0885,28300000000.0,645000000.0,10.41,-88.9
3.8e-05,5e-06,5e-13,3.5e-10,2.5e-10,0.0885,28300000000.0,646000000.0,10.41,-88.88
3.8e-05,5e-06,5e-13,4.5e-10,1e-10,0.0885,25400000000.0,541000000.0,10.9,-94.25
3.8e-05,5e-06,5e-13,4.5e-10,5e-11,0.0885,25400000000.0,539000000.0,10.9,-94.19
3.8e-05,5e-06,5e-13,4.5e-10,1.5e-10,0.0885,25400000000.0,536000000.0,10.9,-94.26
3.8e-05,5e-06,5e-13,4.5e-10,2e-10,0.0885,25400000000.0,537000000.0,10.9,-94.2
3.8e-05,5e-06,5e-13,4.5e-10,2.5e-10,0.0885,25400000000.0,541000000.0,10.9,-94.26
3.8e-05,5e-06,5e-13,5e-10,1e-10,0.0885,24400000000.0,504000000.0,11.09,-93.21
3.8e-05,5e-06,5e-13,5e-10,5e-11,0.0885,24400000000.0,506000000.0,11.09,-92.27
3.8e-05,5e-06,5e-13,5e-10,1.5e-10,0.0885,24400000000.0,501000000.0,11.09,-93.12
3.8e-05,5e-06,5e-13,5e-10,2e-10,0.0885,24400000000.0,503000000.0,11.09,-93.02
3.8e-05,5e-06,5e-13,5e-10,2.5e-10,0.0885,24400000000.0,505000000.0,11.09,-93.13
3.8e-05,5e-06,3e-13,4e-10,1e-10,0.0885,26700000000.0,585000000.0,10.68,-92.72
3.8e-05,5e-06,3e-13,4e-10,5e-11,0.0885,26700000000.0,582000000.0,10.68,-91.58
3.8e-05,5e-06,3e-13,4e-10,1.5e-10,0.0885,26700000000.0,583000000.0,10.68,-92.69
3.8e-05,5e-06,3e-13,4e-10,2e-10,0.0885,26700000000.0,585000000.0,10.68,-92.11
3.8e-05,5e-06,3e-13,4e-10,2.5e-10,0.0885,26700000000.0,583000000.0,10.68,-92.54
3.8e-05,5e-06,3e-13,3e-10,1e-10,0.0885,30500000000.0,734000000.0,10.03,-84.84
3.8e-05,5e-06,3e-13,3e-10,5e-11,0.0885,30500000000.0,735000000.0,10.03,-84.77
3.8e-05,5e-06,3e-13,3e-10,1.5e-10,0.0885,30500000000.0,735000000.0,10.03,-84.89
3.8e-05,5e-06,3e-13,3e-10,2e-10,0.0885,30500000000.0,735000000.0,10.03,-84.86
3.8e-05,5e-06,3e-13,3e-10,2.5e-10,0.0885,30500000000.0,736000000.0,10.03,-84.81
3.8e-05,5e-06,3e-13,3.5e-10,5e-11,0.0885,28300000000.0,647000000.0,10.41,-88.63
3.8e-05,5e-06,3e-13,3.5e-10,1.5e-10,0.0885,28300000000.0,648000000.0,10.41,-88.98
3.8e-05,5e-06,3e-13,3.5e-10,2e-10,0.0885,28300000000.0,646000000.0,10.41,-88.83
3.8e-05,5e-06,3e-13,3.5e-10,2.5e-10,0.0885,28300000000.0,647000000.0,10.41,-88.64
3.8e-05,5e-06,3e-13,4.5e-10,1e-10,0.0885,25400000000.0,540000000.0,10.9,-94.28
3.8e-05,5e-06,3e-13,4.5e-10,5e-11,0.0885,25400000000.0,538000000.0,10.9,-94.25
3.8e-05,5e-06,3e-13,4.5e-10,1.5e-10,0.0885,25400000000.0,539000000.0,10.9,-94.28
3.8e-05,5e-06,3e-13,4.5e-10,2.5e-10,0.0885,25400000000.0,537000000.0,10.9,-94.22
3.8e-05,5e-06,3e-13,5e-10,1e-10,0.0885,24400000000.0,506000000.0,11.09,-93.11
3.8e-05,5e-06,3e-13,5e-10,5e-11,0.0885,24400000000.0,502000000.0,11.09,-92.99
3.8e-05,5e-06,3e-13,5e-10,1.5e-10,0.0885,24400000000.0,506000000.0,11.09,-93.03
3.8e-05,5e-06,3e-13,5e-10,2e-10,0.0885,24400000000.0,505000000.0,11.09,-91.82
3.8e-05,5e-06,3e-13,5e-10,2.5e-10,0.0885,24400000000.0,504000000.0,11.09,-93.33
3.8e-05,5e-06,4e-13,4e-10,1e-10,0.0885,26700000000.0,586000000.0,10.68,-92.27
3.8e-05,5e-06,4e-13,4e-10,5e-11,0.0885,26700000000.0,586000000.0,10.68,-92.41
3.8e-05,5e-06,4e-13,4e-10,1.5e-10,0.0885,26700000000.0,583000000.0,10.68,-92.56
3.8e-05,5e-06,4e-13,4e-10,2.5e-10,0.0885,26700000000.0,584000000.0,10.68,-92.48
3.8e-05,5e-06,4e-13,3e-10,1e-10,0.0885,30500000000.0,736000000.0,10.03,-84.77
3.8e-05,5e-06,4e-13,3e-10,1.5e-10,0.0885,30500000000.0,735000000.0,10.03,-84.78
3.8e-05,5e-06,4e-13,3e-10,2e-10,0.0885,30500000000.0,735000000.0,10.03,-84.92
3.8e-05,5e-06,4e-13,3e-10,2.5e-10,0.0885,30500000000.0,735000000.0,10.03,-84.72
3.8e-05,5e-06,4e-13,3.5e-10,1e-10,0.0885,28300000000.0,646000000.0,10.41,-88.64
3.8e-05,5e-06,4e-13,3.5e-10,1.5e-10,0.0885,28300000000.0,648000000.0,10.41,-88.61
3.8e-05,5e-06,4e-13,3.5e-10,2e-10,0.0885,28300000000.0,645000000.0,10.41,-88.94
3.8e-05,5e-06,4e-13,3.5e-10,2.5e-10,0.0885,28300000000.0,648000000.0,10.41,-88.59
3.8e-05,5e-06,4e-13,4.5e-10,5e-11,0.0885,25400000000.0,540000000.0,10.9,-94.26
3.8e-05,5e-06,4e-13,4.5e-10,1.5e-10,0.0885,25400000000.0,540000000.0,10.9,-94.25
3.8e-05,5e-06,4e-13,4.5e-10,2.5e-10,0.0885,25400000000.0,539000000.0,10.9,-94.27
3.8e-05,5e-06,4e-13,5e-10,1e-10,0.0885,24400000000.0,505000000.0,11.09,-93.27
3.8e-05,5e-06,4e-13,5e-10,5e-11,0.0885,24400000000.0,503000000.0,11.09,-93.11
3.8e-05,5e-06,4e-13,5e-10,1.5e-10,0.0885,24400000000.0,503000000.0,11.09,-93.49
3.8e-05,5e-06,4e-13,5e-10,2e-10,0.0885,24400000000.0,506000000.0,11.09,-93.13
3.8e-05,5e-06,4e-13,5e-10,2.5e-10,0.0885,24400000000.0,503000000.0,11.09,-93.14
3.8e-05,5e-06,6e-13,4e-10,1e-10,0.0885,26700000000.0,585000000.0,10.68,-92.34
3.8e-05,5e-06,6e-13,4e-10,5e-11,0.0885,26700000000.0,587000000.0,10.68,-92.77
3.8e-05,5e-06,6e-13,4e-10,2e-10,0.0885,26700000000.0,584000000.0,10.68,-92.38
3.8e-05,5e-06,6e-13,4e-10,2.5e-10,0.0885,26700000000.0,584000000.0,10.68,-92.71
3.8e-05,5e-06,6e-13,3e-10,1e-10,0.0885,30500000000.0,736000000.0,10.03,-84.61
3.8e-05,5e-06,6e-13,3e-10,5e-11,0.0885,30500000000.0,736000000.0,10.03,-85.03
3.8e-05,5e-06,6e-13,3e-10,1.5e-10,0.0885,30500000000.0,735000000.0,10.03,-84.73
3.8e-05,5e-06,6e-13,3e-10,2e-10,0.0885,30500000000.0,734000000.0,10.02,-84.81
3.8e-05,5e-06,6e-13,3e-10,2.5e-10,0.0885,30500000000.0,735000000.0,10.02,-84.67
3.8e-05,5e-06,6e-13,3.5e-10,1e-10,0.0885,28300000000.0,646000000.0,10.41,-88.23
3.8e-05,5e-06,6e-13,3.5e-10,5e-11,0.0885,28300000000.0,646000000.0,10.41,-88.2
3.8e-05,5e-06,6e-13,3.5e-10,1.5e-10,0.0885,28300000000.0,648000000.0,10.41,-88.89
3.8e-05,5e-06,6e-13,3.5e-10,2e-10,0.0885,28300000000.0,645000000.0,10.41,-88.76
3.8e-05,5e-06,6e-13,3.5e-10,2.5e-10,0.0885,28300000000.0,648000000.0,10.41,-88.58
3.8e-05,5e-06,6e-13,4.5e-10,1e-10,0.0885,25400000000.0,536000000.0,10.9,-94.23
3.8e-05,5e-06,6e-13,4.5e-10,5e-11,0.0885,25400000000.0,538000000.0,10.9,-94.24
3.8e-05,5e-06,6e-13,4.5e-10,2e-10,0.0885,25400000000.0,538000000.0,10.9,-94.19
3.8e-05,5e-06,6e-13,4.5e-10,2.5e-10,0.0885,25400000000.0,540000000.0,10.9,-94.27
3.8e-05,5e-06,6e-13,5e-10,1e-10,0.0885,24400000000.0,506000000.0,11.09,-93.37
3.8e-05,5e-06,6e-13,5e-10,5e-11,0.0885,24400000000.0,505000000.0,11.09,-93.25
3.8e-05,5e-06,6e-13,5e-10,1.5e-10,0.0885,24400000000.0,502000000.0,11.09,-93.31
3.8e-05,5e-06,6e-13,5e-10,2e-10,0.0885,24400000000.0,505000000.0,11.09,-93.71
3.8e-05,5e-06,6e-13,5e-10,2.5e-10,0.0885,24400000000.0,504000000.0,11.09,-93.23
3.8e-05,5e-06,7e-13,4e-10,1e-10,0.0885,26700000000.0,584000000.0,10.68,-92.6
3.8e-05,5e-06,7e-13,4e-10,5e-11,0.0885,26700000000.0,587000000.0,10.68,-92.11
3.8e-05,5e-06,7e-13,4e-10,1.5e-10,0.0885,26700000000.0,586000000.0,10.68,-92.38
3.8e-05,5e-06,7e-13,4e-10,2e-10,0.0885,26700000000.0,585000000.0,10.68,-92.32
3.8e-05,5e-06,7e-13,4e-10,2.5e-10,0.0885,26700000000.0,585000000.0,10.68,-92.31
3.8e-05,5e-06,7e-13,3e-10,1e-10,0.0885,30500000000.0,735000000.0,10.02,-84.72
3.8e-05,5e-06,7e-13,3e-10,1.5e-10,0.0885,30500000000.0,735000000.0,10.02,-84.66
3.8e-05,5e-06,7e-13,3e-10,2e-10,0.0885,30500000000.0,736000000.0,10.03,-84.68
3.8e-05,5e-06,7e-13,3e-10,2.5e-10,0.0885,30500000000.0,736000000.0,10.03,-84.73
3.8e-05,5e-06,7e-13,3.5e-10,1.5e-10,0.0885,28300000000.0,646000000.0,10.41,-88.81
3.8e-05,5e-06,7e-13,3.5e-10,2e-10,0.0885,28300000000.0,648000000.0,10.41,-88.45
3.8e-05,5e-06,7e-13,3.5e-10,2.5e-10,0.0885,28300000000.0,645000000.0,10.41,-88.92
3.8e-05,5e-06,7e-13,4.5e-10,5e-11,0.0885,25400000000.0,539000000.0,10.9,-94.24
3.8e-05,5e-06,7e-13,4.5e-10,1.5e-10,0.0885,25400000000.0,538000000.0,10.9,-94.27
3.8e-05,5e-06,7e-13,4.5e-10,2.5e-10,0.0885,25400000000.0,540000000.0,10.9,-93.94
3.8e-05,5e-06,7e-13,5e-10,1e-10,0.0885,24400000000.0,504000000.0,11.09,-93.1
3.8e-05,5e-06,7e-13,5e-10,5e-11,0.0885,24400000000.0,504000000.0,11.09,-93.22
3.8e-05,5e-06,7e-13,5e-10,1.5e-10,0.0885,24400000000.0,505000000.0,11.09,-93.17
3.8e-05,5e-06,7e-13,5e-10,2e-10,0.0885,24400000000.0,505000000.0,11.09,-93.24
3.8e-05,5e-06,7e-13,5e-10,2.5e-10,0.0885,24400000000.0,503000000.0,11.09,-93.04
3.8e-05,6e-06,5e-13,4e-10,1e-10,0.0885,26500000000.0,676000000.0,10.7,-92.71
3.8e-05,6e-06,5e-13,4e-10,5e-11,0.0885,26500000000.0,678000000.0,10.71,-93.65
3.8e-05,6e-06,5e-13,4e-10,1.5e-10,0.0885,26500000000.0,676000000.0,10.7,-92.58
3.8e-05,6e-06,5e-13,4e-10,2e-10,0.0885,26500000000.0,679000000.0,10.71,-92.73
3.8e-05,6e-06,5e-13,4e-10,2.5e-10,0.0885,26500000000.0,679000000.0,10.71,-92.77
3.8e-05,6e-06,5e-13,3e-10,1e-10,0.0885,30300000000.0,851000000.0,10.06,-85.13
3.8e-05,6e-06,5e-13,3e-10,5e-11,0.0885,30300000000.0,853000000.0,10.06,-85.01
3.8e-05,6e-06,5e-13,3e-10,1.5e-10,0.0885,30300000000.0,850000000.0,10.05,-85.2
3.8e-05,6e-06,5e-13,3e-10,2e-10,0.0885,30300000000.0,853000000.0,10.06,-85.43
3.8e-05,6e-06,5e-13,3e-10,2.5e-10,0.0885,30300000000.0,853000000.0,10.06,-85.07
3.8e-05,6e-06,5e-13,3.5e-10,1e-10,0.0885,28100000000.0,748000000.0,10.43,-89.03
3.8e-05,6e-06,5e-13,3.5e-10,5e-11,0.0885,28100000000.0,749000000.0,10.43,-89.18
3.8e-05,6e-06,5e-13,3.5e-10,1.5e-10,0.0885,28100000000.0,751000000.0,10.43,-89.12
3.8e-05,6e-06,5e-13,3.5e-10,2e-10,0.0885,28100000000.0,748000000.0,10.43,-89.24
3.8e-05,6e-06,5e-13,3.5e-10,2.5e-10,0.0885,28100000000.0,749000000.0,10.43,-89.16
3.8e-05,6e-06,5e-13,4.5e-10,1e-10,0.0885,25300000000.0,622000000.0,10.92,-94.3
3.8e-05,6e-06,5e-13,4.5e-10,5e-11,0.0885,25300000000.0,623000000.0,10.92,-94.19
3.8e-05,6e-06,5e-13,4.5e-10,1.5e-10,0.0885,25300000000.0,626000000.0,10.92,-93.39
3.8e-05,6e-06,5e-13,4.5e-10,2e-10,0.0885,25300000000.0,624000000.0,10.92,-94.34
3.8e-05,6e-06,5e-13,4.5e-10,2.5e-10,0.0885,25300000000.0,623000000.0,10.92,-94.3
3.8e-05,6e-06,5e-13,5e-10,1e-10,0.0885,24200000000.0,582000000.0,11.11,-93.23
3.8e-05,6e-06,5e-13,5e-10,5e-11,0.0885,24200000000.0,585000000.0,11.11,-93.08
3.8e-05,6e-06,5e-13,5e-10,1.5e-10,0.0885,24200000000.0,588000000.0,11.11,-91.18
3.8e-05,6e-06,5e-13,5e-10,2.5e-10,0.0885,24200000000.0,587000000.0,11.11,-93.09
3.8e-05,6e-06,3e-13,4e-10,1e-10,0.0885,26500000000.0,679000000.0,10.71,-92.84
3.8e-05,6e-06,3e-13,4e-10,5e-11,0.0885,26500000000.0,677000000.0,10.71,-92.68
3.8e-05,6e-06,3e-13,4e-10,1.5e-10,0.0885,26500000000.0,676000000.0,10.7,-92.65
3.8e-05,6e-06,3e-13,4e-10,2e-10,0.0885,26500000000.0,678000000.0,10.71,-93.08
3.8e-05,6e-06,3e-13,4e-10,2.5e-10,0.0885,26500000000.0,676000000.0,10.7,-91.99
3.8e-05,6e-06,3e-13,3e-10,1e-10,0.0885,30300000000.0,853000000.0,10.06,-85.11
3.8e-05,6e-06,3e-13,3e-10,5e-11,0.0885,30300000000.0,852000000.0,10.06,-85.18
3.8e-05,6e-06,3e-13,3e-10,1.5e-10,0.0885,30300000000.0,851000000.0,10.06,-85.17
3.8e-05,6e-06,3e-13,3e-10,2.5e-10,0.0885,30300000000.0,853000000.0,10.06,-85.13
3.8e-05,6e-06,3e-13,3.5e-10,1e-10,0.0885,28100000000.0,749000000.0,10.43,-88.78
3.8e-05,6e-06,3e-13,3.5e-10,5e-11,0.0885,28100000000.0,748000000.0,10.43,-89.44
3.8e-05,6e-06,3e-13,3.5e-10,1.5e-10,0.0885,28100000000.0,749000000.0,10.43,-89.28
3.8e-05,6e-06,3e-13,3.5e-10,2e-10,0.0885,28100000000.0,748000000.0,10.43,-89.41
3.8e-05,6e-06,3e-13,3.5e-10,2.5e-10,0.0885,28100000000.0,749000000.0,10.43,-89.22
3.8e-05,6e-06,3e-13,4.5e-10,1e-10,0.0885,25300000000.0,627000000.0,10.92,-94.38
3.8e-05,6e-06,3e-13,4.5e-10,5e-11,0.0885,25300000000.0,624000000.0,10.92,-94.35
3.8e-05,6e-06,3e-13,4.5e-10,1.5e-10,0.0885,25300000000.0,623000000.0,10.92,-94.28
3.8e-05,6e-06,3e-13,4.5e-10,2e-10,0.0885,25300000000.0,623000000.0,10.92,-94.33
3.8e-05,6e-06,3e-13,4.5e-10,2.5e-10,0.0885,25300000000.0,628000000.0,10.92,-94.24
3.8e-05,6e-06,3e-13,5e-10,1e-10,0.0885,24200000000.0,583000000.0,11.11,-93.04
3.8e-05,6e-06,3e-13,5e-10,5e-11,0.0885,24200000000.0,585000000.0,11.11,-93.19
3.8e-05,6e-06,3e-13,5e-10,1.5e-10,0.0885,24200000000.0,586000000.0,11.11,-93.15
3.8e-05,6e-06,3e-13,5e-10,2e-10,0.0885,24200000000.0,585000000.0,11.11,-92.97
3.8e-05,6e-06,3e-13,5e-10,2.5e-10,0.0885,24200000000.0,586000000.0,11.11,-93.13
3.8e-05,6e-06,4e-13,4e-10,5e-11,0.0885,26500000000.0,680000000.0,10.71,-92.88
3.8e-05,6e-06,4e-13,4e-10,2e-10,0.0885,26500000000.0,678000000.0,10.7,-92.9
3.8e-05,6e-06,4e-13,4e-10,2.5e-10,0.0885,26500000000.0,679000000.0,10.71,-92.88
3.8e-05,6e-06,4e-13,3e-10,1e-10,0.0885,30300000000.0,850000000.0,10.06,-84.99
3.8e-05,6e-06,4e-13,3e-10,5e-11,0.0885,30300000000.0,851000000.0,10.06,-85.25
3.8e-05,6e-06,4e-13,3e-10,1.5e-10,0.0885,30300000000.0,852000000.0,10.06,-85.12
3.8e-05,6e-06,4e-13,3e-10,2e-10,0.0885,30300000000.0,853000000.0,10.06,-85.03
3.8e-05,6e-06,4e-13,3e-10,2.5e-10,0.0885,30300000000.0,852000000.0,10.06,-85.1
3.8e-05,6e-06,4e-13,3.5e-10,1e-10,0.0885,28100000000.0,751000000.0,10.43,-88.99
3.8e-05,6e-06,4e-13,3.5e-10,5e-11,0.0885,28100000000.0,751000000.0,10.43,-89.23
3.8e-05,6e-06,4e-13,3.5e-10,1.5e-10,0.0885,28100000000.0,749000000.0,10.43,-89.15
3.8e-05,6e-06,4e-13,3.5e-10,2e-10,0.0885,28100000000.0,749000000.0,10.43,-89.37
3.8e-05,6e-06,4e-13,3.5e-10,2.5e-10,0.0885,28100000000.0,748000000.0,10.43,-89.26
3.8e-05,6e-06,4e-13,4.5e-10,1e-10,0.0885,25300000000.0,624000000.0,10.92,-94.32
3.8e-05,6e-06,4e-13,4.5e-10,5e-11,0.0885,25300000000.0,624000000.0,10.92,-94.33
3.8e-05,6e-06,4e-13,4.5e-10,2e-10,0.0885,25300000000.0,626000000.0,10.92,-94.37
3.8e-05,6e-06,4e-13,5e-10,1e-10,0.0885,24200000000.0,585000000.0,11.11,-92.96
3.8e-05,6e-06,4e-13,5e-10,5e-11,0.0885,24200000000.0,583000000.0,11.11,-92.79
3.8e-05,6e-06,4e-13,5e-10,2e-10,0.0885,24200000000.0,584000000.0,11.11,-93.4
3.8e-05,6e-06,4e-13,5e-10,2.5e-10,0.0885,24200000000.0,585000000.0,11.11,-93.15
3.8e-05,6e-06,6e-13,4e-10,1e-10,0.0885,26500000000.0,676000000.0,10.7,-92.91
3.8e-05,6e-06,6e-13,4e-10,5e-11,0.0885,26500000000.0,677000000.0,10.7,-93.02
3.8e-05,6e-06,6e-13,4e-10,1.5e-10,0.0885,26500000000.0,677000000.0,10.7,-92.98
3.8e-05,6e-06,6e-13,4e-10,2e-10,0.0885,26500000000.0,678000000.0,10.71,-92.7
3.8e-05,6e-06,6e-13,4e-10,2.5e-10,0.0885,26500000000.0,678000000.0,10.71,-92.73
3.8e-05,6e-06,6e-13,3e-10,1e-10,0.0885,30300000000.0,851000000.0,10.05,-85.11
3.8e-05,6e-06,6e-13,3e-10,5e-11,0.0885,30300000000.0,852000000.0,10.06,-84.94
3.8e-05,6e-06,6e-13,3e-10,1.5e-10,0.0885,30300000000.0,853000000.0,10.06,-85.06
3.8e-05,6e-06,6e-13,3e-10,2e-10,0.0885,30300000000.0,852000000.0,10.06,-85.05
3.8e-05,6e-06,6e-13,3e-10,2.5e-10,0.0885,30300000000.0,851000000.0,10.05,-85.09
3.8e-05,6e-06,6e-13,3.5e-10,1e-10,0.0885,28100000000.0,750000000.0,10.43,-89.07
3.8e-05,6e-06,6e-13,3.5e-10,5e-11,0.0885,28100000000.0,748000000.0,10.43,-89.08
3.8e-05,6e-06,6e-13,3.5e-10,1.5e-10,0.0885,28100000000.0,751000000.0,10.43,-89.01
3.8e-05,6e-06,6e-13,3.5e-10,2e-10,0.0885,28100000000.0,748000000.0,10.43,-89.01
3.8e-05,6e-06,6e-13,3.5e-10,2.5e-10,0.0885,28100000000.0,751000000.0,10.43,-88.96
3.8e-05,6e-06,6e-13,4.5e-10,1e-10,0.0885,25300000000.0,625000000.0,10.92,-94.34
3.8e-05,6e-06,6e-13,4.5e-10,5e-11,0.0885,25300000000.0,626000000.0,10.92,-94.33
3.8e-05,6e-06,6e-13,4.5e-10,1.5e-10,0.0885,25300000000.0,626000000.0,10.92,-94.36
3.8e-05,6e-06,6e-13,5e-10,1e-10,0.0885,24200000000.0,585000000.0,11.11,-93.07
3.8e-05,6e-06,6e-13,5e-10,5e-11,0.0885,24200000000.0,583000000.0,11.11,-92.98
3.8e-05,6e-06,6e-13,5e-10,1.5e-10,0.0885,24200000000.0,585000000.0,11.11,-93.21
3.8e-05,6e-06,6e-13,5e-10,2e-10,0.0885,24200000000.0,587000000.0,11.11,-93.06
3.8e-05,6e-06,6e-13,5e-10,2.5e-10,0.0885,24200000000.0,587000000.0,11.11,-92.94
3.8e-05,6e-06,7e-13,4e-10,1e-10,0.0885,26500000000.0,677000000.0,10.7,-92.95
3.8e-05,6e-06,7e-13,4e-10,5e-11,0.0885,26500000000.0,678000000.0,10.7,-92.15
3.8e-05,6e-06,7e-13,4e-10,1.5e-10,0.0885,26500000000.0,679000000.0,10.71,-92.79
3.8e-05,6e-06,7e-13,4e-10,2.5e-10,0.0885,26500000000.0,675000000.0,10.7,-91.85
3.8e-05,6e-06,7e-13,3e-10,5e-11,0.0885,30300000000.0,851000000.0,10.05,-85.24
3.8e-05,6e-06,7e-13,3e-10,1.5e-10,0.0885,30300000000.0,852000000.0,10.06,-85.06
3.8e-05,6e-06,7e-13,3e-10,2.5e-10,0.0885,30300000000.0,851000000.0,10.05,-84.87
3.8e-05,6e-06,7e-13,3.5e-10,1e-10,0.0885,28100000000.0,748000000.0,10.43,-89.33
3.8e-05,6e-06,7e-13,3.5e-10,5e-11,0.0885,28100000000.0,750000000.0,10.43,-88.88
3.8e-05,6e-06,7e-13,3.5e-10,1.5e-10,0.0885,28100000000.0,750000000.0,10.43,-89.11
3.8e-05,6e-06,7e-13,3.5e-10,2e-10,0.0885,28100000000.0,751000000.0,10.43,-89.3
3.8e-05,6e-06,7e-13,3.5e-10,2.5e-10,0.0885,28100000000.0,750000000.0,10.43,-89.03
3.8e-05,6e-06,7e-13,4.5e-10,1e-10,0.0885,25300000000.0,626000000.0,10.92,-94.35
3.8e-05,6e-06,7e-13,4.5e-10,1.5e-10,0.0885,25300000000.0,628000000.0,10.92,-94.25
3.8e-05,6e-06,7e-13,4.5e-10,2e-10,0.0885,25300000000.0,628000000.0,10.92,-94.35
3.8e-05,6e-06,7e-13,5e-10,1e-10,0.0885,24200000000.0,584000000.0,11.11,-92.99
3.8e-05,6e-06,7e-13,5e-10,1.5e-10,0.0885,24200000000.0,585000000.0,11.11,-93.16
3.8e-05,6e-06,7e-13,5e-10,2e-10,0.0885,24200000000.0,585000000.0,11.11,-93.1
3.8e-05,6e-06,7e-13,5e-10,2.5e-10,0.0885,24200000000.0,582000000.0,11.11,-92.78
3.8e-05,7e-06,5e-13,4e-10,1e-10,0.0885,26400000000.0,764000000.0,10.73,-92.99
3.8e-05,7e-06,5e-13,4e-10,5e-11,0.0885,26400000000.0,765000000.0,10.73,-92.95
3.8e-05,7e-06,5e-13,4e-10,1.5e-10,0.0885,26400000000.0,763000000.0,10.73,-93.26
3.8e-05,7e-06,5e-13,4e-10,2e-10,0.0885,26400000000.0,761000000.0,10.72,-93.35
3.8e-05,7e-06,5e-13,4e-10,2.5e-10,0.0885,26400000000.0,763000000.0,10.73,-93.23
3.8e-05,7e-06,5e-13,3e-10,1e-10,0.0885,30100000000.0,957000000.0,10.08,-85.28
3.8e-05,7e-06,5e-13,3e-10,5e-11,0.0885,30100000000.0,959000000.0,10.08,-85.78
3.8e-05,7e-06,5e-13,3e-10,1.5e-10,0.0885,30100000000.0,957000000.0,10.08,-85.53
3.8e-05,7e-06,5e-13,3e-10,2e-10,0.0885,30100000000.0,957000000.0,10.08,-85.47
3.8e-05,7e-06,5e-13,3e-10,2.5e-10,0.0885,30100000000.0,958000000.0,10.08,-85.29
3.8e-05,7e-06,5e-13,3.5e-10,1e-10,0.0885,28000000000.0,844000000.0,10.45,-89.5
3.8e-05,7e-06,5e-13,3.5e-10,5e-11,0.0885,28000000000.0,842000000.0,10.45,-89.76
3.8e-05,7e-06,5e-13,3.5e-10,1.5e-10,0.0885,28000000000.0,842000000.0,10.45,-89.45
3.8e-05,7e-06,5e-13,3.5e-10,2e-10,0.0885,28000000000.0,845000000.0,10.45,-89.35
3.8e-05,7e-06,5e-13,3.5e-10,2.5e-10,0.0885,28000000000.0,843000000.0,10.45,-89.55
3.8e-05,7e-06,5e-13,4.5e-10,1e-10,0.0885,25100000000.0,704000000.0,10.94,-94.12
3.8e-05,7e-06,5e-13,4.5e-10,5e-11,0.0885,25100000000.0,704000000.0,10.94,-94.46
3.8e-05,7e-06,5e-13,4.5e-10,1.5e-10,0.0885,25100000000.0,705000000.0,10.94,-94.3
3.8e-05,7e-06,5e-13,4.5e-10,2e-10,0.0885,25100000000.0,705000000.0,10.94,-94.39
3.8e-05,7e-06,5e-13,4.5e-10,2.5e-10,0.0885,25100000000.0,707000000.0,10.94,-94.36
3.8e-05,7e-06,5e-13,5e-10,1e-10,0.0885,24100000000.0,661000000.0,11.13,-92.86
3.8e-05,7e-06,5e-13,5e-10,5e-11,0.0885,24100000000.0,660000000.0,11.13,-93.18
3.8e-05,7e-06,5e-13,5e-10,1.5e-10,0.0885,24100000000.0,657000000.0,11.13,-92.91
3.8e-05,7e-06,5e-13,5e-10,2e-10,0.0885,24100000000.0,661000000.0,11.13,-93.11
3.8e-05,7e-06,5e-13,5e-10,2.5e-10,0.0885,24100000000.0,659000000.0,11.13,-92.7
3.8e-05,7e-06,3e-13,4e-10,1e-10,0.0885,26400000000.0,766000000.0,10.73,-93.5
3.8e-05,7e-06,3e-13,4e-10,5e-11,0.0885,26400000000.0,764000000.0,10.73,-93.27
3.8e-05,7e-06,3e-13,4e-10,1.5e-10,0.0885,26400000000.0,763000000.0,10.73,-93.17
3.8e-05,7e-06,3e-13,4e-10,2e-10,0.0885,26400000000.0,764000000.0,10.73,-93.14
3.8e-05,7e-06,3e-13,4e-10,2.5e-10,0.0885,26400000000.0,762000000.0,10.73,-93.29
3.8e-05,7e-06,3e-13,3e-10,1e-10,0.0885,30100000000.0,958000000.0,10.08,-85.73
3.8e-05,7e-06,3e-13,3e-10,5e-11,0.0885,30100000000.0,957000000.0,10.08,-83.56
3.8e-05,7e-06,3e-13,3e-10,1.5e-10,0.0885,30100000000.0,957000000.0,10.08,-85.55
3.8e-05,7e-06,3e-13,3e-10,2e-10,0.0885,30100000000.0,958000000.0,10.08,-85.53
3.8e-05,7e-06,3e-13,3e-10,2.5e-10,0.0885,30100000000.0,959000000.0,10.08,-85.5
3.8e-05,7e-06,3e-13,3.5e-10,1e-10,0.0885,28000000000.0,845000000.0,10.46,-89.78
3.8e-05,7e-06,3e-13,3.5e-10,5e-11,0.0885,28000000000.0,845000000.0,10.46,-89.47
3.8e-05,7e-06,3e-13,3.5e-10,1.5e-10,0.0885,28000000000.0,842000000.0,10.46,-89.72
3.8e-05,7e-06,3e-13,3.5e-10,2e-10,0.0885,28000000000.0,844000000.0,10.45,-89.49
3.8e-05,7e-06,3e-13,3.5e-10,2.5e-10,0.0885,28000000000.0,843000000.0,10.45,-89.63
3.8e-05,7e-06,3e-13,4.5e-10,1e-10,0.0885,25100000000.0,705000000.0,10.94,-94.46
3.8e-05,7e-06,3e-13,4.5e-10,5e-11,0.0885,25100000000.0,705000000.0,10.94,-94.38
3.8e-05,7e-06,3e-13,4.5e-10,1.5e-10,0.0885,25100000000.0,705000000.0,10.94,-94.43
3.8e-05,7e-06,3e-13,4.5e-10,2e-10,0.0885,25100000000.0,705000000.0,10.94,-94.42
3.8e-05,7e-06,3e-13,5e-10,1e-10,0.0885,24100000000.0,658000000.0,11.13,-93.4
3.8e-05,7e-06,3e-13,5e-10,1.5e-10,0.0885,24100000000.0,660000000.0,11.13,-92.94
3.8e-05,7e-06,3e-13,5e-10,2e-10,0.0885,24100000000.0,659000000.0,11.13,-92.93
3.8e-05,7e-06,3e-13,5e-10,2.5e-10,0.0885,24100000000.0,662000000.0,11.13,-93.09
3.8e-05,7e-06,4e-13,4e-10,1e-10,0.0885,26400000000.0,763000000.0,10.73,-93.3
3.8e-05,7e-06,4e-13,4e-10,5e-11,0.0885,26400000000.0,762000000.0,10.73,-93.38
3.8e-05,7e-06,4e-13,4e-10,1.5e-10,0.0885,26400000000.0,766000000.0,10.73,-92.77
3.8e-05,7e-06,4e-13,4e-10,2e-10,0.0885,26400000000.0,764000000.0,10.73,-93.16
3.8e-05,7e-06,4e-13,4e-10,2.5e-10,0.0885,26400000000.0,766000000.0,10.73,-92.89
3.8e-05,7e-06,4e-13,3e-10,1e-10,0.0885,30100000000.0,957000000.0,10.08,-85.49
3.8e-05,7e-06,4e-13,3e-10,5e-11,0.0885,30100000000.0,959000000.0,10.08,-85.51
3.8e-05,7e-06,4e-13,3e-10,1.5e-10,0.0885,30100000000.0,958000000.0,10.08,-85.55
3.8e-05,7e-06,4e-13,3.5e-10,1e-10,0.0885,28000000000.0,845000000.0,10.46,-89.45
3.8e-05,7e-06,4e-13,3.5e-10,5e-11,0.0885,28000000000.0,845000000.0,10.45,-89.4
3.8e-05,7e-06,4e-13,3.5e-10,1.5e-10,0.0885,28000000000.0,844000000.0,10.45,-89.58
3.8e-05,7e-06,4e-13,3.5e-10,2e-10,0.0885,28000000000.0,842000000.0,10.45,-89.48
3.8e-05,7e-06,4e-13,3.5e-10,2.5e-10,0.0885,28000000000.0,843000000.0,10.45,-89.67
3.8e-05,7e-06,4e-13,4.5e-10,1e-10,0.0885,25100000000.0,705000000.0,10.94,-94.44
3.8e-05,7e-06,4e-13,4.5e-10,1.5e-10,0.0885,25100000000.0,704000000.0,10.94,-94.42
3.8e-05,7e-06,4e-13,4.5e-10,2e-10,0.0885,25100000000.0,702000000.0,10.94,-94.38
3.8e-05,7e-06,4e-13,5e-10,1e-10,0.0885,24100000000.0,660000000.0,11.13,-93.59
3.8e-05,7e-06,4e-13,5e-10,5e-11,0.0885,24100000000.0,662000000.0,11.13,-93.22
3.8e-05,7e-06,4e-13,5e-10,1.5e-10,0.0885,24100000000.0,657000000.0,11.13,-93.13
3.8e-05,7e-06,4e-13,5e-10,2e-10,0.0885,24100000000.0,657000000.0,11.13,-92.92
3.8e-05,7e-06,4e-13,5e-10,2.5e-10,0.0885,24100000000.0,659000000.0,11.13,-93.08
3.8e-05,7e-06,6e-13,4e-10,1e-10,0.0885,26400000000.0,766000000.0,10.73,-92.88
3.8e-05,7e-06,6e-13,4e-10,5e-11,0.0885,26400000000.0,762000000.0,10.73,-93.14
3.8e-05,7e-06,6e-13,4e-10,1.5e-10,0.0885,26400000000.0,764000000.0,10.73,-93.19
3.8e-05,7e-06,6e-13,4e-10,2e-10,0.0885,26400000000.0,764000000.0,10.72,-93.22
3.8e-05,7e-06,6e-13,4e-10,2.5e-10,0.0885,26400000000.0,763000000.0,10.73,-93.24
3.8e-05,7e-06,6e-13,3e-10,1e-10,0.0885,30100000000.0,959000000.0,10.08,-85.27
3.8e-05,7e-06,6e-13,3e-10,2e-10,0.0885,30100000000.0,959000000.0,10.08,-85.55
3.8e-05,7e-06,6e-13,3e-10,2.5e-10,0.0885,30100000000.0,959000000.0,10.08,-85.31
3.8e-05,7e-06,6e-13,3.5e-10,1e-10,0.0885,28000000000.0,845000000.0,10.45,-89.71
3.8e-05,7e-06,6e-13,3.5e-10,5e-11,0.0885,28000000000.0,843000000.0,10.45,-89.42
3.8e-05,7e-06,6e-13,3.5e-10,1.5e-10,0.0885,28000000000.0,842000000.0,10.45,-88.85
3.8e-05,7e-06,6e-13,3.5e-10,2e-10,0.0885,28000000000.0,845000000.0,10.45,-89.41
3.8e-05,7e-06,6e-13,3.5e-10,2.5e-10,0.0885,28000000000.0,845000000.0,10.45,-89.36
3.8e-05,7e-06,6e-13,4.5e-10,5e-11,0.0885,25100000000.0,704000000.0,10.94,-94.1
3.8e-05,7e-06,6e-13,4.5e-10,1.5e-10,0.0885,25100000000.0,704000000.0,10.94,-94.41
3.8e-05,7e-06,6e-13,4.5e-10,2.5e-10,0.0885,25100000000.0,704000000.0,10.94,-94.4
3.8e-05,7e-06,6e-13,5e-10,5e-11,0.0885,24100000000.0,658000000.0,11.13,-93.02
3.8e-05,7e-06,6e-13,5e-10,1.5e-10,0.0885,24100000000.0,660000000.0,11.13,-92.88
3.8e-05,7e-06,6e-13,5e-10,2e-10,0.0885,24100000000.0,658000000.0,11.13,-93.05
3.8e-05,7e-06,6e-13,5e-10,2.5e-10,0.0885,24100000000.0,658000000.0,11.13,-93.41
3.8e-05,7e-06,7e-13,4e-10,1e-10,0.0885,26400000000.0,763000000.0,10.73,-93.69
3.8e-05,7e-06,7e-13,4e-10,5e-11,0.0885,26400000000.0,762000000.0,10.73,-93.2
3.8e-05,7e-06,7e-13,4e-10,1.5e-10,0.0885,26400000000.0,765000000.0,10.73,-92.99
3.8e-05,7e-06,7e-13,4e-10,2e-10,0.0885,26400000000.0,766000000.0,10.73,-92.9
3.8e-05,7e-06,7e-13,4e-10,2.5e-10,0.0885,26400000000.0,764000000.0,10.73,-92.97
3.8e-05,7e-06,7e-13,3e-10,1e-10,0.0885,30100000000.0,958000000.0,10.08,-85.63
3.8e-05,7e-06,7e-13,3e-10,5e-11,0.0885,30100000000.0,959000000.0,10.08,-85.73
3.8e-05,7e-06,7e-13,3e-10,1.5e-10,0.0885,30100000000.0,958000000.0,10.08,-85.43
3.8e-05,7e-06,7e-13,3e-10,2e-10,0.0885,30100000000.0,957000000.0,10.08,-85.31
3.8e-05,7e-06,7e-13,3e-10,2.5e-10,0.0885,30100000000.0,959000000.0,10.08,-85.38
3.8e-05,7e-06,7e-13,3.5e-10,1e-10,0.0885,28000000000.0,842000000.0,10.45,-89.42
3.8e-05,7e-06,7e-13,3.5e-10,5e-11,0.0885,28000000000.0,843000000.0,10.45,-89.53
3.8e-05,7e-06,7e-13,3.5e-10,1.5e-10,0.0885,28000000000.0,845000000.0,10.45,-89.33
3.8e-05,7e-06,7e-13,3.5e-10,2.5e-10,0.0885,28000000000.0,845000000.0,10.45,-89.32
3.8e-05,7e-06,7e-13,4.5e-10,1e-10,0.0885,25100000000.0,701000000.0,10.94,-94.3
3.8e-05,7e-06,7e-13,4.5e-10,5e-11,0.0885,25100000000.0,701000000.0,10.94,-94.26
3.8e-05,7e-06,7e-13,4.5e-10,1.5e-10,0.0885,25100000000.0,706000000.0,10.94,-94.34
3.8e-05,7e-06,7e-13,4.5e-10,2e-10,0.0885,25100000000.0,703000000.0,10.94,-94.4
3.8e-05,7e-06,7e-13,4.5e-10,2.5e-10,0.0885,25100000000.0,703000000.0,10.94,-94.37
3.8e-05,7e-06,7e-13,5e-10,1e-10,0.0885,24100000000.0,658000000.0,11.13,-92.79
3.8e-05,7e-06,7e-13,5e-10,5e-11,0.0885,24100000000.0,659000000.0,11.13,-92.53
3.8e-05,7e-06,7e-13,5e-10,1.5e-10,0.0885,24100000000.0,658000000.0,11.13,-92.8
3.8e-05,7e-06,7e-13,5e-10,2e-10,0.0885,24100000000.0,657000000.0,11.13,-92.98
3.8e-05,7e-06,7e-13,5e-10,2.5e-10,0.0885,24100000000.0,658000000.0,11.13,-93.03
3.8e-05,8e-06,5e-13,4e-10,1e-10,0.0885,26200000000.0,842000000.0,10.74,-93.53
3.8e-05,8e-06,5e-13,4e-10,5e-11,0.0885,26200000000.0,842000000.0,10.75,-93.24
3.8e-05,8e-06,5e-13,4e-10,1.5e-10,0.0885,26200000000.0,841000000.0,10.74,-93.41
3.8e-05,8e-06,5e-13,4e-10,2e-10,0.0885,26200000000.0,843000000.0,10.74,-93.31
3.8e-05,8e-06,5e-13,4e-10,2.5e-10,0.0885,26200000000.0,841000000.0,10.74,-93.28
3.8e-05,8e-06,5e-13,3e-10,1e-10,0.0885,29900000000.0,1060000000.0,10.11,-85.75
3.8e-05,8e-06,5e-13,3e-10,5e-11,0.0885,29900000000.0,1050000000.0,10.11,-85.83
3.8e-05,8e-06,5e-13,3e-10,1.5e-10,0.0885,29900000000.0,1050000000.0,10.11,-85.81
3.8e-05,8e-06,5e-13,3e-10,2.5e-10,0.0885,29900000000.0,1060000000.0,10.11,-85.77
3.8e-05,8e-06,5e-13,3.5e-10,1e-10,0.0885,27800000000.0,927000000.0,10.47,-90.03
3.8e-05,8e-06,5e-13,3.5e-10,5e-11,0.0885,27800000000.0,928000000.0,10.47,-89.98
3.8e-05,8e-06,5e-13,3.5e-10,1.5e-10,0.0885,27800000000.0,929000000.0,10.47,-89.71
3.8e-05,8e-06,5e-13,3.5e-10,2e-10,0.0885,27800000000.0,930000000.0,10.47,-89.74
3.8e-05,8e-06,5e-13,3.5e-10,2.5e-10,0.0885,27800000000.0,928000000.0,10.47,-90.09
3.8e-05,8e-06,5e-13,4.5e-10,1e-10,0.0885,25000000000.0,779000000.0,10.96,-94.47
3.8e-05,8e-06,5e-13,4.5e-10,5e-11,0.0885,25000000000.0,775000000.0,10.96,-94.5
3.8e-05,8e-06,5e-13,4.5e-10,1.5e-10,0.0885,25000000000.0,779000000.0,10.96,-94.46
3.8e-05,8e-06,5e-13,4.5e-10,2e-10,0.0885,25000000000.0,776000000.0,10.96,-94.46
3.8e-05,8e-06,5e-13,4.5e-10,2.5e-10,0.0885,25000000000.0,779000000.0,10.96,-94.51
3.8e-05,8e-06,5e-13,5e-10,1e-10,0.0885,24000000000.0,729000000.0,11.15,-92.72
3.8e-05,8e-06,5e-13,5e-10,5e-11,0.0885,24000000000.0,728000000.0,11.15,-93.0
3.8e-05,8e-06,5e-13,5e-10,1.5e-10,0.0885,24000000000.0,727000000.0,11.15,-93.11
3.8e-05,8e-06,5e-13,5e-10,2e-10,0.0885,24000000000.0,725000000.0,11.15,-92.98
3.8e-05,8e-06,5e-13,5e-10,2.5e-10,0.0885,24000000000.0,723000000.0,11.15,-92.6
3.8e-05,8e-06,3e-13,4e-10,1e-10,0.0885,26200000000.0,839000000.0,10.74,-93.55
3.8e-05,8e-06,3e-13,4e-10,5e-11,0.0885,26200000000.0,841000000.0,10.75,-93.37
3.8e-05,8e-06,3e-13,4e-10,1.5e-10,0.0885,26200000000.0,843000000.0,10.74,-93.42
3.8e-05,8e-06,3e-13,4e-10,2e-10,0.0885,26200000000.0,841000000.0,10.74,-93.58
3.8e-05,8e-06,3e-13,4e-10,2.5e-10,0.0885,26200000000.0,843000000.0,10.75,-93.15
3.8e-05,8e-06,3e-13,3e-10,1e-10,0.0885,29900000000.0,1060000000.0,10.11,-85.85
3.8e-05,8e-06,3e-13,3e-10,5e-11,0.0885,29900000000.0,1050000000.0,10.11,-85.9
3.8e-05,8e-06,3e-13,3e-10,1.5e-10,0.0885,29900000000.0,1060000000.0,10.11,-85.86
3.8e-05,8e-06,3e-13,3e-10,2e-10,0.0885,29900000000.0,1060000000.0,10.11,-85.78
3.8e-05,8e-06,3e-13,3e-10,2.5e-10,0.0885,29900000000.0,1050000000.0,10.11,-86.07
3.8e-05,8e-06,3e-13,3.5e-10,1e-10,0.0885,27800000000.0,930000000.0,10.48,-90.07
3.8e-05,8e-06,3e-13,3.5e-10,5e-11,0.0885,27800000000.0,928000000.0,10.48,-89.92
3.8e-05,8e-06,3e-13,3.5e-10,1.5e-10,0.0885,27800000000.0,929000000.0,10.47,-89.88
3.8e-05,8e-06,3e-13,3.5e-10,2.5e-10,0.0885,27800000000.0,928000000.0,10.48,-89.43
3.8e-05,8e-06,3e-13,4.5e-10,1e-10,0.0885,25000000000.0,777000000.0,10.96,-94.47
3.8e-05,8e-06,3e-13,4.5e-10,5e-11,0.0885,25000000000.0,776000000.0,10.96,-94.45
3.8e-05,8e-06,3e-13,4.5e-10,1.5e-10,0.0885,25000000000.0,772000000.0,10.96,-94.41
3.8e-05,8e-06,3e-13,5e-10,1e-10,0.0885,24000000000.0,725000000.0,11.15,-93.26
3.8e-05,8e-06,3e-13,5e-10,5e-11,0.0885,24000000000.0,726000000.0,11.15,-92.74
3.8e-05,8e-06,3e-13,5e-10,1.5e-10,0.0885,24000000000.0,726000000.0,11.15,-92.95
3.8e-05,8e-06,3e-13,5e-10,2e-10,0.0885,24000000000.0,725000000.0,11.15,-92.9
3.8e-05,8e-06,3e-13,5e-10,2.5e-10,0.0885,24000000000.0,724000000.0,11.15,-92.87
3.8e-05,8e-06,4e-13,4e-10,1e-10,0.0885,26200000000.0,840000000.0,10.75,-93.61
3.8e-05,8e-06,4e-13,4e-10,5e-11,0.0885,26200000000.0,838000000.0,10.74,-93.81
3.8e-05,8e-06,4e-13,4e-10,1.5e-10,0.0885,26200000000.0,838000000.0,10.74,-92.85
3.8e-05,8e-06,4e-13,4e-10,2e-10,0.0885,26200000000.0,844000000.0,10.75,-93.25
3.8e-05,8e-06,4e-13,4e-10,2.5e-10,0.0885,26200000000.0,841000000.0,10.74,-93.79
3.8e-05,8e-06,4e-13,3e-10,1e-10,0.0885,29900000000.0,1060000000.0,10.11,-85.7
3.8e-05,8e-06,4e-13,3e-10,5e-11,0.0885,29900000000.0,1060000000.0,10.11,-85.95
3.8e-05,8e-06,4e-13,3e-10,1.5e-10,0.0885,29900000000.0,1050000000.0,10.11,-85.84
3.8e-05,8e-06,4e-13,3e-10,2e-10,0.0885,29900000000.0,1050000000.0,10.11,-85.95
3.8e-05,8e-06,4e-13,3e-10,2.5e-10,0.0885,29900000000.0,1050000000.0,10.11,-85.76
3.8e-05,8e-06,4e-13,3.5e-10,1e-10,0.0885,27800000000.0,928000000.0,10.47,-90.05
3.8e-05,8e-06,4e-13,3.5e-10,5e-11,0.0885,27800000000.0,928000000.0,10.47,-89.85
3.8e-05,8e-06,4e-13,3.5e-10,1.5e-10,0.0885,27800000000.0,928000000.0,10.47,-89.96
3.8e-05,8e-06,4e-13,3.5e-10,2e-10,0.0885,27800000000.0,929000000.0,10.47,-89.82
3.8e-05,8e-06,4e-13,3.5e-10,2.5e-10,0.0885,27800000000.0,929000000.0,10.47,-89.73
3.8e-05,8e-06,4e-13,4.5e-10,5e-11,0.0885,25000000000.0,777000000.0,10.96,-94.44
3.8e-05,8e-06,4e-13,4.5e-10,2e-10,0.0885,25000000000.0,776000000.0,10.96,-94.44
3.8e-05,8e-06,4e-13,4.5e-10,2.5e-10,0.0885,25000000000.0,772000000.0,10.96,-94.5
3.8e-05,8e-06,4e-13,5e-10,1e-10,0.0885,24000000000.0,727000000.0,11.15,-92.81
3.8e-05,8e-06,4e-13,5e-10,5e-11,0.0885,24000000000.0,725000000.0,11.15,-92.95
3.8e-05,8e-06,4e-13,5e-10,1.5e-10,0.0885,24000000000.0,727000000.0,11.15,-93.01
3.8e-05,8e-06,4e-13,5e-10,2e-10,0.0885,24000000000.0,726000000.0,11.15,-92.81
3.8e-05,8e-06,4e-13,5e-10,2.5e-10,0.0885,24000000000.0,724000000.0,11.15,-93.14
3.8e-05,8e-06,6e-13,4e-10,1e-10,0.0885,26200000000.0,839000000.0,10.74,-93.66
3.8e-05,8e-06,6e-13,4e-10,5e-11,0.0885,26200000000.0,838000000.0,10.74,-93.59
3.8e-05,8e-06,6e-13,4e-10,1.5e-10,0.0885,26200000000.0,841000000.0,10.74,-93.37
3.8e-05,8e-06,6e-13,4e-10,2.5e-10,0.0885,26200000000.0,844000000.0,10.75,-93.74
3.8e-05,8e-06,6e-13,3e-10,1e-10,0.0885,29900000000.0,1050000000.0,10.11,-85.78
3.8e-05,8e-06,6e-13,3e-10,5e-11,0.0885,29900000000.0,1050000000.0,10.11,-85.7
3.8e-05,8e-06,6e-13,3e-10,1.5e-10,0.0885,29900000000.0,1060000000.0,10.11,-85.73
3.8e-05,8e-06,6e-13,3e-10,2e-10,0.0885,29900000000.0,1060000000.0,10.11,-85.9
3.8e-05,8e-06,6e-13,3e-10,2.5e-10,0.0885,29900000000.0,1060000000.0,10.11,-85.89
3.8e-05,8e-06,6e-13,3.5e-10,1e-10,0.0885,27800000000.0,929000000.0,10.47,-89.79
3.8e-05,8e-06,6e-13,3.5e-10,5e-11,0.0885,27800000000.0,929000000.0,10.47,-89.54
3.8e-05,8e-06,6e-13,3.5e-10,1.5e-10,0.0885,27800000000.0,930000000.0,10.47,-89.73
3.8e-05,8e-06,6e-13,3.5e-10,2e-10,0.0885,27800000000.0,929000000.0,10.47,-89.84
3.8e-05,8e-06,6e-13,3.5e-10,2.5e-10,0.0885,27800000000.0,928000000.0,10.47,-89.78
3.8e-05,8e-06,6e-13,4.5e-10,5e-11,0.0885,25000000000.0,772000000.0,10.96,-94.42
3.8e-05,8e-06,6e-13,4.5e-10,1.5e-10,0.0885,25000000000.0,775000000.0,10.96,-94.43
3.8e-05,8e-06,6e-13,4.5e-10,2e-10,0.0885,25000000000.0,772000000.0,10.96,-94.34
3.8e-05,8e-06,6e-13,5e-10,1e-10,0.0885,24000000000.0,724000000.0,11.15,-92.86
3.8e-05,8e-06,6e-13,5e-10,5e-11,0.0885,24000000000.0,726000000.0,11.15,-92.78
3.8e-05,8e-06,6e-13,5e-10,1.5e-10,0.0885,24000000000.0,727000000.0,11.15,-93.03
3.8e-05,8e-06,6e-13,5e-10,2e-10,0.0885,24000000000.0,726000000.0,11.15,-92.98
3.8e-05,8e-06,6e-13,5e-10,2.5e-10,0.0885,24000000000.0,728000000.0,11.15,-93.31
3.8e-05,8e-06,7e-13,4e-10,1e-10,0.0885,26200000000.0,838000000.0,10.74,-93.62
3.8e-05,8e-06,7e-13,4e-10,5e-11,0.0885,26200000000.0,841000000.0,10.74,-93.35
3.8e-05,8e-06,7e-13,4e-10,1.5e-10,0.0885,26200000000.0,841000000.0,10.74,-93.43
3.8e-05,8e-06,7e-13,4e-10,2e-10,0.0885,26200000000.0,842000000.0,10.74,-93.66
3.8e-05,8e-06,7e-13,4e-10,2.5e-10,0.0885,26200000000.0,841000000.0,10.74,-93.49
3.8e-05,8e-06,7e-13,3e-10,1e-10,0.0885,29900000000.0,1050000000.0,10.11,-85.75
3.8e-05,8e-06,7e-13,3e-10,5e-11,0.0885,29900000000.0,1050000000.0,10.11,-85.68
3.8e-05,8e-06,7e-13,3e-10,2e-10,0.0885,29900000000.0,1060000000.0,10.11,-85.61
3.8e-05,8e-06,7e-13,3e-10,2.5e-10,0.0885,29900000000.0,1050000000.0,10.11,-85.77
3.8e-05,8e-06,7e-13,3.5e-10,1e-10,0.0885,27800000000.0,929000000.0,10.47,-89.93
3.8e-05,8e-06,7e-13,3.5e-10,5e-11,0.0885,27800000000.0,927000000.0,10.47,-90.1
3.8e-05,8e-06,7e-13,3.5e-10,1.5e-10,0.0885,27800000000.0,930000000.0,10.47,-89.71
3.8e-05,8e-06,7e-13,3.5e-10,2e-10,0.0885,27800000000.0,929000000.0,10.47,-89.91
3.8e-05,8e-06,7e-13,3.5e-10,2.5e-10,0.0885,27800000000.0,928000000.0,10.47,-89.46
3.8e-05,8e-06,7e-13,4.5e-10,1e-10,0.0885,25000000000.0,776000000.0,10.96,-94.48
3.8e-05,8e-06,7e-13,4.5e-10,5e-11,0.0885,25000000000.0,774000000.0,10.96,-94.43
3.8e-05,8e-06,7e-13,4.5e-10,1.5e-10,0.0885,25000000000.0,776000000.0,10.96,-94.47
3.8e-05,8e-06,7e-13,4.5e-10,2e-10,0.0885,25000000000.0,775000000.0,10.96,-94.44
3.8e-05,8e-06,7e-13,4.5e-10,2.5e-10,0.0885,25000000000.0,777000000.0,10.96,-94.45
3.8e-05,8e-06,7e-13,5e-10,1e-10,0.0885,24000000000.0,726000000.0,11.15,-92.9
3.8e-05,8e-06,7e-13,5e-10,5e-11,0.0885,24000000000.0,724000000.0,11.15,-92.91
3.8e-05,8e-06,7e-13,5e-10,2e-10,0.0885,24000000000.0,728000000.0,11.15,-93.05
3.8e-05,8e-06,7e-13,5e-10,2.5e-10,0.0885,24000000000.0,726000000.0,11.15,-93.06
3.8e-05,9e-06,5e-13,4e-10,1e-10,0.0885,26100000000.0,908000000.0,10.76,-93.92
3.8e-05,9e-06,5e-13,4e-10,5e-11,0.0885,26100000000.0,913000000.0,10.76,-94.02
3.8e-05,9e-06,5e-13,4e-10,1.5e-10,0.0885,26100000000.0,911000000.0,10.76,-93.71
3.8e-05,9e-06,5e-13,4e-10,2e-10,0.0885,26100000000.0,912000000.0,10.76,-93.8
3.8e-05,9e-06,5e-13,4e-10,2.5e-10,0.0885,26100000000.0,910000000.0,10.76,-93.9
3.8e-05,9e-06,5e-13,3e-10,1e-10,0.0885,29700000000.0,1140000000.0,10.13,-86.28
3.8e-05,9e-06,5e-13,3e-10,5e-11,0.0885,29700000000.0,1140000000.0,10.13,-85.99
3.8e-05,9e-06,5e-13,3e-10,1.5e-10,0.0885,29700000000.0,1140000000.0,10.13,-86.08
3.8e-05,9e-06,5e-13,3e-10,2e-10,0.0885,29700000000.0,1140000000.0,10.13,-86.24
3.8e-05,9e-06,5e-13,3e-10,2.5e-10,0.0885,29700000000.0,1140000000.0,10.13,-86.26
3.8e-05,9e-06,5e-13,3.5e-10,1e-10,0.0885,27600000000.0,1010000000.0,10.49,-90.11
3.8e-05,9e-06,5e-13,3.5e-10,5e-11,0.0885,27600000000.0,1000000000.0,10.49,-90.41
3.8e-05,9e-06,5e-13,3.5e-10,1.5e-10,0.0885,27600000000.0,1010000000.0,10.49,-90.21
3.8e-05,9e-06,5e-13,3.5e-10,2e-10,0.0885,27600000000.0,1010000000.0,10.49,-90.28
3.8e-05,9e-06,5e-13,3.5e-10,2.5e-10,0.0885,27600000000.0,1010000000.0,10.49,-90.27
3.8e-05,9e-06,5e-13,4.5e-10,1e-10,0.0885,24800000000.0,840000000.0,10.98,-94.46
3.8e-05,9e-06,5e-13,4.5e-10,5e-11,0.0885,24800000000.0,840000000.0,10.98,-94.43
3.8e-05,9e-06,5e-13,4.5e-10,1.5e-10,0.0885,24800000000.0,843000000.0,10.98,-94.27
3.8e-05,9e-06,5e-13,4.5e-10,2e-10,0.0885,24800000000.0,840000000.0,10.98,-94.48
3.8e-05,9e-06,5e-13,4.5e-10,2.5e-10,0.0885,24800000000.0,838000000.0,10.98,-94.34
3.8e-05,9e-06,5e-13,5e-10,1e-10,0.0885,23800000000.0,787000000.0,11.17,-92.8
3.8e-05,9e-06,5e-13,5e-10,5e-11,0.0885,23800000000.0,787000000.0,11.17,-92.87
3.8e-05,9e-06,5e-13,5e-10,1.5e-10,0.0885,23800000000.0,786000000.0,11.16,-92.92
3.8e-05,9e-06,5e-13,5e-10,2e-10,0.0885,23800000000.0,787000000.0,11.17,-92.84
3.8e-05,9e-06,5e-13,5e-10,2.5e-10,0.0885,23800000000.0,786000000.0,11.17,-92.73
3.8e-05,9e-06,3e-13,4e-10,1e-10,0.0885,26100000000.0,911000000.0,10.76,-93.73
3.8e-05,9e-06,3e-13,4e-10,5e-11,0.0885,26100000000.0,911000000.0,10.76,-93.72
3.8e-05,9e-06,3e-13,4e-10,1.5e-10,0.0885,26100000000.0,910000000.0,10.76,-93.81
3.8e-05,9e-06,3e-13,4e-10,2e-10,0.0885,26100000000.0,913000000.0,10.76,-94.07
3.8e-05,9e-06,3e-13,4e-10,2.5e-10,0.0885,26100000000.0,907000000.0,10.76,-94.05
3.8e-05,9e-06,3e-13,3e-10,1e-10,0.0885,29700000000.0,1140000000.0,10.13,-86.25
3.8e-05,9e-06,3e-13,3e-10,5e-11,0.0885,29700000000.0,1140000000.0,10.13,-86.29
3.8e-05,9e-06,3e-13,3e-10,1.5e-10,0.0885,29700000000.0,1140000000.0,10.13,-86.12
3.8e-05,9e-06,3e-13,3e-10,2e-10,0.0885,29700000000.0,1140000000.0,10.13,-86.61
3.8e-05,9e-06,3e-13,3e-10,2.5e-10,0.0885,29700000000.0,1140000000.0,10.13,-86.18
3.8e-05,9e-06,3e-13,3.5e-10,1e-10,0.0885,27600000000.0,1010000000.0,10.49,-90.18
3.8e-05,9e-06,3e-13,3.5e-10,5e-11,0.0885,27600000000.0,1000000000.0,10.49,-90.31
3.8e-05,9e-06,3e-13,3.5e-10,1.5e-10,0.0885,27600000000.0,1000000000.0,10.49,-89.81
3.8e-05,9e-06,3e-13,3.5e-10,2e-10,0.0885,27600000000.0,1010000000.0,10.49,-90.42
3.8e-05,9e-06,3e-13,3.5e-10,2.5e-10,0.0885,27600000000.0,1010000000.0,10.49,-90.36
3.8e-05,9e-06,3e-13,4.5e-10,5e-11,0.0885,24800000000.0,839000000.0,10.98,-94.43
3.8e-05,9e-06,3e-13,4.5e-10,1.5e-10,0.0885,24800000000.0,840000000.0,10.98,-94.45
3.8e-05,9e-06,3e-13,4.5e-10,2.5e-10,0.0885,24800000000.0,838000000.0,10.98,-94.41
3.8e-05,9e-06,3e-13,5e-10,1e-10,0.0885,23800000000.0,786000000.0,11.16,-92.87
3.8e-05,9e-06,3e-13,5e-10,5e-11,0.0885,23800000000.0,786000000.0,11.17,-92.75
3.8e-05,9e-06,3e-13,5e-10,1.5e-10,0.0885,23800000000.0,787000000.0,11.17,-93.06
3.8e-05,9e-06,3e-13,5e-10,2e-10,0.0885,23800000000.0,789000000.0,11.16,-93.03
3.8e-05,9e-06,3e-13,5e-10,2.5e-10,0.0885,23800000000.0,788000000.0,11.16,-92.76
3.8e-05,9e-06,4e-13,4e-10,1e-10,0.0885,26100000000.0,910000000.0,10.76,-93.98
3.8e-05,9e-06,4e-13,4e-10,5e-11,0.0885,26100000000.0,910000000.0,10.76,-93.74
3.8e-05,9e-06,4e-13,4e-10,1.5e-10,0.0885,26100000000.0,911000000.0,10.76,-94.28
3.8e-05,9e-06,4e-13,4e-10,2e-10,0.0885,26100000000.0,907000000.0,10.76,-93.82
3.8e-05,9e-06,4e-13,4e-10,2.5e-10,0.0885,26100000000.0,912000000.0,10.76,-93.81
3.8e-05,9e-06,4e-13,3e-10,1e-10,0.0885,29700000000.0,1140000000.0,10.13,-86.11
3.8e-05,9e-06,4e-13,3e-10,5e-11,0.0885,29700000000.0,1140000000.0,10.13,-86.2
3.8e-05,9e-06,4e-13,3e-10,1.5e-10,0.0885,29700000000.0,1140000000.0,10.13,-86.03
3.8e-05,9e-06,4e-13,3e-10,2.5e-10,0.0885,29700000000.0,1140000000.0,10.13,-86.23
3.8e-05,9e-06,4e-13,3.5e-10,1e-10,0.0885,27600000000.0,1000000000.0,10.49,-90.43
3.8e-05,9e-06,4e-13,3.5e-10,5e-11,0.0885,27600000000.0,1010000000.0,10.49,-90.14
3.8e-05,9e-06,4e-13,3.5e-10,1.5e-10,0.0885,27600000000.0,1000000000.0,10.49,-90.53
3.8e-05,9e-06,4e-13,3.5e-10,2e-10,0.0885,27600000000.0,1010000000.0,10.49,-90.4
3.8e-05,9e-06,4e-13,3.5e-10,2.5e-10,0.0885,27600000000.0,1000000000.0,10.49,-90.55
3.8e-05,9e-06,4e-13,4.5e-10,1e-10,0.0885,24800000000.0,840000000.0,10.98,-94.51
3.8e-05,9e-06,4e-13,4.5e-10,5e-11,0.0885,24800000000.0,837000000.0,10.98,-94.4
3.8e-05,9e-06,4e-13,4.5e-10,2e-10,0.0885,24800000000.0,841000000.0,10.98,-93.06
3.8e-05,9e-06,4e-13,5e-10,1e-10,0.0885,23800000000.0,788000000.0,11.16,-91.89
3.8e-05,9e-06,4e-13,5e-10,5e-11,0.0885,23800000000.0,786000000.0,11.16,-91.25
3.8e-05,9e-06,4e-13,5e-10,1.5e-10,0.0885,23800000000.0,786000000.0,11.16,-92.93
3.8e-05,9e-06,4e-13,5e-10,2e-10,0.0885,23800000000.0,783000000.0,11.16,-92.76
3.8e-05,9e-06,4e-13,5e-10,2.5e-10,0.0885,23800000000.0,786000000.0,11.17,-92.92
3.8e-05,9e-06,6e-13,4e-10,1e-10,0.0885,26100000000.0,909000000.0,10.76,-93.45
3.8e-05,9e-06,6e-13,4e-10,5e-11,0.0885,26100000000.0,907000000.0,10.76,-93.98
3.8e-05,9e-06,6e-13,4e-10,1.5e-10,0.0885,26100000000.0,909000000.0,10.76,-93.97
3.8e-05,9e-06,6e-13,4e-10,2e-10,0.0885,26100000000.0,911000000.0,10.76,-93.76
3.8e-05,9e-06,6e-13,4e-10,2.5e-10,0.0885,26100000000.0,912000000.0,10.76,-93.83
3.8e-05,9e-06,6e-13,3e-10,5e-11,0.0885,29700000000.0,1140000000.0,10.13,-86.16
3.8e-05,9e-06,6e-13,3e-10,1.5e-10,0.0885,29700000000.0,1140000000.0,10.13,-86.22
3.8e-05,9e-06,6e-13,3e-10,2e-10,0.0885,29700000000.0,1140000000.0,10.13,-86.13
3.8e-05,9e-06,6e-13,3e-10,2.5e-10,0.0885,29700000000.0,1140000000.0,10.13,-86.15
3.8e-05,9e-06,6e-13,3.5e-10,1e-10,0.0885,27600000000.0,1010000000.0,10.49,-90.1
3.8e-05,9e-06,6e-13,3.5e-10,5e-11,0.0885,27600000000.0,1010000000.0,10.49,-90.02
3.8e-05,9e-06,6e-13,3.5e-10,2e-10,0.0885,27600000000.0,1010000000.0,10.49,-90.09
3.8e-05,9e-06,6e-13,4.5e-10,1e-10,0.0885,24800000000.0,840000000.0,10.98,-94.4
3.8e-05,9e-06,6e-13,4.5e-10,2e-10,0.0885,24800000000.0,841000000.0,10.98,-94.52
3.8e-05,9e-06,6e-13,4.5e-10,2.5e-10,0.0885,24800000000.0,841000000.0,10.98,-94.46
3.8e-05,9e-06,6e-13,5e-10,1e-10,0.0885,23800000000.0,787000000.0,11.17,-92.89
3.8e-05,9e-06,6e-13,5e-10,5e-11,0.0885,23800000000.0,786000000.0,11.17,-92.84
3.8e-05,9e-06,6e-13,5e-10,2e-10,0.0885,23800000000.0,785000000.0,11.17,-92.83
3.8e-05,9e-06,6e-13,5e-10,2.5e-10,0.0885,23800000000.0,786000000.0,11.17,-92.54
3.8e-05,9e-06,7e-13,4e-10,1e-10,0.0885,26100000000.0,912000000.0,10.76,-93.99
3.8e-05,9e-06,7e-13,4e-10,5e-11,0.0885,26100000000.0,907000000.0,10.76,-93.92
3.8e-05,9e-06,7e-13,4e-10,1.5e-10,0.0885,26100000000.0,910000000.0,10.76,-93.75
3.8e-05,9e-06,7e-13,4e-10,2e-10,0.0885,26100000000.0,909000000.0,10.76,-93.77
3.8e-05,9e-06,7e-13,4e-10,2.5e-10,0.0885,26100000000.0,910000000.0,10.76,-93.79
3.8e-05,9e-06,7e-13,3e-10,1e-10,0.0885,29700000000.0,1140000000.0,10.13,-86.17
3.8e-05,9e-06,7e-13,3e-10,2.5e-10,0.0885,29700000000.0,1140000000.0,10.13,-85.95
3.8e-05,9e-06,7e-13,3.5e-10,1e-10,0.0885,27600000000.0,1000000000.0,10.49,-89.74
3.8e-05,9e-06,7e-13,3.5e-10,5e-11,0.0885,27600000000.0,1000000000.0,10.49,-89.69
3.8e-05,9e-06,7e-13,3.5e-10,2e-10,0.0885,27600000000.0,1010000000.0,10.49,-90.37
3.8e-05,9e-06,7e-13,4.5e-10,1e-10,0.0885,24800000000.0,839000000.0,10.98,-86.97
3.8e-05,9e-06,7e-13,4.5e-10,5e-11,0.0885,24800000000.0,837000000.0,10.98,-94.38
3.8e-05,9e-06,7e-13,4.5e-10,1.5e-10,0.0885,24800000000.0,843000000.0,10.98,-94.55
3.8e-05,9e-06,7e-13,5e-10,1e-10,0.0885,23800000000.0,786000000.0,11.17,-92.79
3.8e-05,9e-06,7e-13,5e-10,5e-11,0.0885,23800000000.0,789000000.0,11.16,-92.93
3.8e-05,9e-06,7e-13,5e-10,1.5e-10,0.0885,23800000000.0,787000000.0,11.16,-93.23
3.8e-05,9e-06,7e-13,5e-10,2e-10,0.0885,23800000000.0,786000000.0,11.17,-92.55
3.8e-05,9e-06,7e-13,5e-10,2.5e-10,0.0885,23800000000.0,783000000.0,11.16,-92.74
3.8e-05,1e-05,5e-13,4e-10,1e-10,0.0885,25900000000.0,968000000.0,10.78,-94.19
3.8e-05,1e-05,5e-13,4e-10,5e-11,0.0885,25900000000.0,973000000.0,10.78,-94.22
3.8e-05,1e-05,5e-13,4e-10,1.5e-10,0.0885,25900000000.0,974000000.0,10.78,-93.86
3.8e-05,1e-05,5e-13,4e-10,2e-10,0.0885,25900000000.0,974000000.0,10.78,-93.87
3.8e-05,1e-05,5e-13,3e-10,1e-10,0.0885,29500000000.0,1220000000.0,10.15,-85.28
3.8e-05,1e-05,5e-13,3e-10,5e-11,0.0885,29500000000.0,1220000000.0,10.15,-86.4
3.8e-05,1e-05,5e-13,3e-10,1.5e-10,0.0885,29500000000.0,1220000000.0,10.14,-86.5
3.8e-05,1e-05,5e-13,3e-10,2e-10,0.0885,29500000000.0,1220000000.0,10.15,-86.42
3.8e-05,1e-05,5e-13,3e-10,2.5e-10,0.0885,29500000000.0,1220000000.0,10.15,-85.27
3.8e-05,1e-05,5e-13,3.5e-10,1e-10,0.0885,27500000000.0,1070000000.0,10.51,-90.5
3.8e-05,1e-05,5e-13,3.5e-10,5e-11,0.0885,27500000000.0,1070000000.0,10.51,-90.54
3.8e-05,1e-05,5e-13,3.5e-10,1.5e-10,0.0885,27500000000.0,1070000000.0,10.51,-90.41
3.8e-05,1e-05,5e-13,3.5e-10,2e-10,0.0885,27500000000.0,1070000000.0,10.51,-90.76
3.8e-05,1e-05,5e-13,3.5e-10,2.5e-10,0.0885,27500000000.0,1070000000.0,10.51,-90.49
3.8e-05,1e-05,5e-13,4.5e-10,1e-10,0.0885,24700000000.0,897000000.0,11.0,-94.47
3.8e-05,1e-05,5e-13,4.5e-10,5e-11,0.0885,24700000000.0,896000000.0,10.99,-94.42
3.8e-05,1e-05,5e-13,4.5e-10,1.5e-10,0.0885,24700000000.0,896000000.0,10.99,-94.41
3.8e-05,1e-05,5e-13,4.5e-10,2e-10,0.0885,24700000000.0,894000000.0,10.99,-94.38
3.8e-05,1e-05,5e-13,4.5e-10,2.5e-10,0.0885,24700000000.0,893000000.0,10.99,-94.2
3.8e-05,1e-05,5e-13,5e-10,1e-10,0.0885,23700000000.0,836000000.0,11.18,-92.52
3.8e-05,1e-05,5e-13,5e-10,5e-11,0.0885,23700000000.0,837000000.0,11.18,-92.72
3.8e-05,1e-05,5e-13,5e-10,1.5e-10,0.0885,23700000000.0,842000000.0,11.18,-91.48
3.8e-05,1e-05,5e-13,5e-10,2e-10,0.0885,23700000000.0,841000000.0,11.18,-92.89
3.8e-05,1e-05,5e-13,5e-10,2.5e-10,0.0885,23700000000.0,842000000.0,11.18,-92.82
3.8e-05,1e-05,3e-13,4e-10,1e-10,0.0885,25900000000.0,970000000.0,10.78,-94.34
3.8e-05,1e-05,3e-13,4e-10,5e-11,0.0885,25900000000.0,969000000.0,10.78,-94.2
3.8e-05,1e-05,3e-13,4e-10,1.5e-10,0.0885,25900000000.0,972000000.0,10.78,-94.06
3.8e-05,1e-05,3e-13,4e-10,2e-10,0.0885,25900000000.0,972000000.0,10.78,-93.97
3.8e-05,1e-05,3e-13,4e-10,2.5e-10,0.0885,25900000000.0,975000000.0,10.78,-94.06
3.8e-05,1e-05,3e-13,3e-10,1e-10,0.0885,29500000000.0,1220000000.0,10.15,-86.57
3.8e-05,1e-05,3e-13,3e-10,5e-11,0.0885,29500000000.0,1220000000.0,10.15,-86.61
3.8e-05,1e-05,3e-13,3e-10,1.5e-10,0.0885,29500000000.0,1220000000.0,10.15,-86.73
3.8e-05,1e-05,3e-13,3e-10,2e-10,0.0885,29500000000.0,1220000000.0,10.15,-86.48
3.8e-05,1e-05,3e-13,3e-10,2.5e-10,0.0885,29500000000.0,1220000000.0,10.15,-86.47
3.8e-05,1e-05,3e-13,3.5e-10,1e-10,0.0885,27500000000.0,1070000000.0,10.51,-90.85
3.8e-05,1e-05,3e-13,3.5e-10,5e-11,0.0885,27500000000.0,1070000000.0,10.51,-90.9
3.8e-05,1e-05,3e-13,3.5e-10,1.5e-10,0.0885,27500000000.0,1070000000.0,10.51,-90.57
3.8e-05,1e-05,3e-13,3.5e-10,2e-10,0.0885,27500000000.0,1070000000.0,10.51,-90.67
3.8e-05,1e-05,3e-13,3.5e-10,2.5e-10,0.0885,27500000000.0,1070000000.0,10.51,-90.92
3.8e-05,1e-05,3e-13,4.5e-10,1e-10,0.0885,24700000000.0,895000000.0,10.99,-94.3
3.8e-05,1e-05,3e-13,4.5e-10,5e-11,0.0885,24700000000.0,897000000.0,10.99,-94.53
3.8e-05,1e-05,3e-13,4.5e-10,1.5e-10,0.0885,24700000000.0,893000000.0,10.99,-94.34
3.8e-05,1e-05,3e-13,4.5e-10,2.5e-10,0.0885,24700000000.0,897000000.0,10.99,-94.42
3.8e-05,1e-05,3e-13,5e-10,1e-10,0.0885,23700000000.0,840000000.0,11.18,-93.04
3.8e-05,1e-05,3e-13,5e-10,5e-11,0.0885,23700000000.0,840000000.0,11.18,-92.73
3.8e-05,1e-05,3e-13,5e-10,1.5e-10,0.0885,23700000000.0,838000000.0,11.18,-92.56
3.8e-05,1e-05,3e-13,5e-10,2e-10,0.0885,23700000000.0,838000000.0,11.18,-92.63
3.8e-05,1e-05,3e-13,5e-10,2.5e-10,0.0885,23700000000.0,840000000.0,11.18,-92.78
3.8e-05,1e-05,4e-13,4e-10,1e-10,0.0885,25900000000.0,974000000.0,10.78,-94.04
3.8e-05,1e-05,4e-13,4e-10,5e-11,0.0885,25900000000.0,968000000.0,10.78,-93.44
3.8e-05,1e-05,4e-13,4e-10,1.5e-10,0.0885,25900000000.0,974000000.0,10.78,-94.32
3.8e-05,1e-05,4e-13,4e-10,2e-10,0.0885,25900000000.0,971000000.0,10.78,-93.98
3.8e-05,1e-05,4e-13,4e-10,2.5e-10,0.0885,25900000000.0,974000000.0,10.78,-93.88
3.8e-05,1e-05,4e-13,3e-10,1e-10,0.0885,29500000000.0,1220000000.0,10.15,-86.45
3.8e-05,1e-05,4e-13,3e-10,5e-11,0.0885,29500000000.0,1220000000.0,10.15,-86.53
3.8e-05,1e-05,4e-13,3e-10,1.5e-10,0.0885,29500000000.0,1220000000.0,10.15,-86.54
3.8e-05,1e-05,4e-13,3e-10,2.5e-10,0.0885,29500000000.0,1220000000.0,10.15,-86.58
3.8e-05,1e-05,4e-13,3.5e-10,1e-10,0.0885,27500000000.0,1070000000.0,10.51,-90.53
3.8e-05,1e-05,4e-13,3.5e-10,5e-11,0.0885,27500000000.0,1070000000.0,10.51,-90.65
3.8e-05,1e-05,4e-13,3.5e-10,1.5e-10,0.0885,27500000000.0,1070000000.0,10.51,-90.79
3.8e-05,1e-05,4e-13,3.5e-10,2e-10,0.0885,27500000000.0,1070000000.0,10.51,-90.45
3.8e-05,1e-05,4e-13,4.5e-10,1e-10,0.0885,24700000000.0,897000000.0,11.0,-94.44
3.8e-05,1e-05,4e-13,4.5e-10,5e-11,0.0885,24700000000.0,897000000.0,10.99,-94.37
3.8e-05,1e-05,4e-13,4.5e-10,1.5e-10,0.0885,24700000000.0,896000000.0,10.99,-94.55
3.8e-05,1e-05,4e-13,4.5e-10,2e-10,0.0885,24700000000.0,898000000.0,11.0,-94.47
3.8e-05,1e-05,4e-13,4.5e-10,2.5e-10,0.0885,24700000000.0,898000000.0,11.0,-94.44
3.8e-05,1e-05,4e-13,5e-10,1e-10,0.0885,23700000000.0,840000000.0,11.18,-92.96
3.8e-05,1e-05,4e-13,5e-10,5e-11,0.0885,23700000000.0,839000000.0,11.18,-92.78
3.8e-05,1e-05,4e-13,5e-10,1.5e-10,0.0885,23700000000.0,839000000.0,11.18,-92.75
3.8e-05,1e-05,4e-13,5e-10,2e-10,0.0885,23700000000.0,841000000.0,11.18,-92.7
3.8e-05,1e-05,4e-13,5e-10,2.5e-10,0.0885,23700000000.0,838000000.0,11.18,-92.7
3.8e-05,1e-05,6e-13,4e-10,1e-10,0.0885,25900000000.0,973000000.0,10.78,-94.14
3.8e-05,1e-05,6e-13,4e-10,5e-11,0.0885,25900000000.0,971000000.0,10.78,-71.3
3.8e-05,1e-05,6e-13,4e-10,1.5e-10,0.0885,25900000000.0,973000000.0,10.78,-93.97
3.8e-05,1e-05,6e-13,4e-10,2e-10,0.0885,25900000000.0,974000000.0,10.78,-94.02
3.8e-05,1e-05,6e-13,4e-10,2.5e-10,0.0885,25900000000.0,970000000.0,10.78,-94.01
3.8e-05,1e-05,6e-13,3e-10,1e-10,0.0885,29500000000.0,1220000000.0,10.15,-86.5
3.8e-05,1e-05,6e-13,3e-10,1.5e-10,0.0885,29500000000.0,1220000000.0,10.15,-86.52
3.8e-05,1e-05,6e-13,3e-10,2e-10,0.0885,29500000000.0,1220000000.0,10.14,-86.45
3.8e-05,1e-05,6e-13,3e-10,2.5e-10,0.0885,29500000000.0,1220000000.0,10.15,-86.46
3.8e-05,1e-05,6e-13,3.5e-10,1e-10,0.0885,27500000000.0,1070000000.0,10.51,-90.39
3.8e-05,1e-05,6e-13,3.5e-10,5e-11,0.0885,27500000000.0,1070000000.0,10.51,-90.48
3.8e-05,1e-05,6e-13,3.5e-10,2e-10,0.0885,27500000000.0,1070000000.0,10.51,-90.74
3.8e-05,1e-05,6e-13,3.5e-10,2.5e-10,0.0885,27500000000.0,1070000000.0,10.51,-90.68
3.8e-05,1e-05,6e-13,4.5e-10,1e-10,0.0885,24700000000.0,894000000.0,10.99,-94.28
3.8e-05,1e-05,6e-13,4.5e-10,5e-11,0.0885,24700000000.0,893000000.0,10.99,-94.36
3.8e-05,1e-05,6e-13,4.5e-10,2e-10,0.0885,24700000000.0,897000000.0,11.0,-94.45
3.8e-05,1e-05,6e-13,5e-10,1e-10,0.0885,23700000000.0,839000000.0,11.18,-92.76
3.8e-05,1e-05,6e-13,5e-10,5e-11,0.0885,23700000000.0,839000000.0,11.18,-92.91
3.8e-05,1e-05,6e-13,5e-10,1.5e-10,0.0885,23700000000.0,838000000.0,11.18,-92.6
3.8e-05,1e-05,6e-13,5e-10,2e-10,0.0885,23700000000.0,837000000.0,11.18,-92.55
3.8e-05,1e-05,6e-13,5e-10,2.5e-10,0.0885,23700000000.0,838000000.0,11.18,-92.44
3.8e-05,1e-05,7e-13,4e-10,1e-10,0.0885,25900000000.0,974000000.0,10.78,-93.85
3.8e-05,1e-05,7e-13,4e-10,5e-11,0.0885,25900000000.0,971000000.0,10.78,-79.76
3.8e-05,1e-05,7e-13,4e-10,1.5e-10,0.0885,25900000000.0,968000000.0,10.78,-94.32
3.8e-05,1e-05,7e-13,4e-10,2e-10,0.0885,25900000000.0,973000000.0,10.78,-93.94
3.8e-05,1e-05,7e-13,4e-10,2.5e-10,0.0885,25900000000.0,971000000.0,10.78,-94.17
3.8e-05,1e-05,7e-13,3e-10,1e-10,0.0885,29500000000.0,1220000000.0,10.14,-86.94
3.8e-05,1e-05,7e-13,3e-10,5e-11,0.0885,29500000000.0,1220000000.0,10.15,-86.63
3.8e-05,1e-05,7e-13,3e-10,1.5e-10,0.0885,29500000000.0,1220000000.0,10.14,-86.32
3.8e-05,1e-05,7e-13,3e-10,2e-10,0.0885,29500000000.0,1220000000.0,10.14,-86.68
3.8e-05,1e-05,7e-13,3e-10,2.5e-10,0.0885,29500000000.0,1220000000.0,10.14,-86.44
3.8e-05,1e-05,7e-13,3.5e-10,1e-10,0.0885,27500000000.0,1070000000.0,10.51,-90.58
3.8e-05,1e-05,7e-13,3.5e-10,1.5e-10,0.0885,27500000000.0,1070000000.0,10.51,-90.87
3.8e-05,1e-05,7e-13,3.5e-10,2e-10,0.0885,27500000000.0,1070000000.0,10.51,-90.56
3.8e-05,1e-05,7e-13,3.5e-10,2.5e-10,0.0885,27500000000.0,1070000000.0,10.51,-90.8
3.8e-05,1e-05,7e-13,4.5e-10,5e-11,0.0885,24700000000.0,896000000.0,10.99,-94.43
3.8e-05,1e-05,7e-13,4.5e-10,1.5e-10,0.0885,24700000000.0,895000000.0,10.99,-94.4
3.8e-05,1e-05,7e-13,4.5e-10,2e-10,0.0885,24700000000.0,897000000.0,11.0,-94.43
3.8e-05,1e-05,7e-13,4.5e-10,2.5e-10,0.0885,24700000000.0,894000000.0,10.99,-94.45
3.8e-05,1e-05,7e-13,5e-10,1e-10,0.0885,23700000000.0,842000000.0,11.18,-92.73
3.8e-05,1e-05,7e-13,5e-10,5e-11,0.0885,23700000000.0,837000000.0,11.18,-92.6
3.8e-05,1e-05,7e-13,5e-10,1.5e-10,0.0885,23700000000.0,838000000.0,11.18,-92.48
3.8e-05,1e-05,7e-13,5e-10,2.5e-10,0.0885,23700000000.0,839000000.0,11.18,-92.7
3.8e-05,1.1e-05,5e-13,4e-10,1e-10,0.0885,25800000000.0,1020000000.0,10.79,-94.35
3.8e-05,1.1e-05,5e-13,4e-10,5e-11,0.0885,25800000000.0,1030000000.0,10.79,-94.15
3.8e-05,1.1e-05,5e-13,4e-10,1.5e-10,0.0885,25800000000.0,1020000000.0,10.79,-94.24
3.8e-05,1.1e-05,5e-13,4e-10,2e-10,0.0885,25800000000.0,1020000000.0,10.79,-94.45
3.8e-05,1.1e-05,5e-13,4e-10,2.5e-10,0.0885,25800000000.0,1030000000.0,10.79,-94.55
3.8e-05,1.1e-05,5e-13,3e-10,1e-10,0.0885,29300000000.0,1280000000.0,10.16,-86.85
3.8e-05,1.1e-05,5e-13,3e-10,5e-11,0.0885,29400000000.0,1280000000.0,10.16,-86.85
3.8e-05,1.1e-05,5e-13,3e-10,1.5e-10,0.0885,29300000000.0,1280000000.0,10.16,-86.86
3.8e-05,1.1e-05,5e-13,3e-10,2e-10,0.0885,29300000000.0,1280000000.0,10.16,-86.69
3.8e-05,1.1e-05,5e-13,3e-10,2.5e-10,0.0885,29300000000.0,1280000000.0,10.16,-86.6
3.8e-05,1.1e-05,5e-13,3.5e-10,1e-10,0.0885,27300000000.0,1130000000.0,10.52,-91.06
3.8e-05,1.1e-05,5e-13,3.5e-10,5e-11,0.0885,27300000000.0,1130000000.0,10.52,-90.76
3.8e-05,1.1e-05,5e-13,3.5e-10,1.5e-10,0.0885,27300000000.0,1130000000.0,10.52,-90.96
3.8e-05,1.1e-05,5e-13,3.5e-10,2e-10,0.0885,27300000000.0,1130000000.0,10.52,-90.84
3.8e-05,1.1e-05,5e-13,3.5e-10,2.5e-10,0.0885,27300000000.0,1130000000.0,10.52,-91.3
3.8e-05,1.1e-05,5e-13,4.5e-10,1e-10,0.0885,24600000000.0,942000000.0,11.01,-94.14
3.8e-05,1.1e-05,5e-13,4.5e-10,5e-11,0.0885,24600000000.0,946000000.0,11.01,-94.52
3.8e-05,1.1e-05,5e-13,4.5e-10,1.5e-10,0.0885,24600000000.0,946000000.0,11.01,-94.41
3.8e-05,1.1e-05,5e-13,4.5e-10,2e-10,0.0885,24600000000.0,943000000.0,11.01,-94.33
3.8e-05,1.1e-05,5e-13,4.5e-10,2.5e-10,0.0885,24600000000.0,944000000.0,11.01,-94.39
3.8e-05,1.1e-05,5e-13,5e-10,1e-10,0.0885,23600000000.0,887000000.0,11.2,-92.74
3.8e-05,1.1e-05,5e-13,5e-10,5e-11,0.0885,23600000000.0,884000000.0,11.2,-92.34
3.8e-05,1.1e-05,5e-13,5e-10,1.5e-10,0.0885,23600000000.0,884000000.0,11.2,-92.71
3.8e-05,1.1e-05,5e-13,5e-10,2e-10,0.0885,23600000000.0,884000000.0,11.2,-92.62
3.8e-05,1.1e-05,5e-13,5e-10,2.5e-10,0.0885,23600000000.0,886000000.0,11.2,-92.63
3.8e-05,1.1e-05,3e-13,4e-10,1e-10,0.0885,25800000000.0,1020000000.0,10.79,-94.34
3.8e-05,1.1e-05,3e-13,4e-10,5e-11,0.0885,25800000000.0,1020000000.0,10.79,-94.41
3.8e-05,1.1e-05,3e-13,4e-10,1.5e-10,0.0885,25800000000.0,1020000000.0,10.79,-94.51
3.8e-05,1.1e-05,3e-13,4e-10,2e-10,0.0885,25800000000.0,1030000000.0,10.79,-94.27
3.8e-05,1.1e-05,3e-13,4e-10,2.5e-10,0.0885,25800000000.0,1030000000.0,10.79,-92.68
3.8e-05,1.1e-05,3e-13,3e-10,1e-10,0.0885,29400000000.0,1280000000.0,10.16,-86.76
3.8e-05,1.1e-05,3e-13,3e-10,5e-11,0.0885,29400000000.0,1280000000.0,10.16,-86.94
3.8e-05,1.1e-05,3e-13,3e-10,1.5e-10,0.0885,29400000000.0,1280000000.0,10.16,-86.97
3.8e-05,1.1e-05,3e-13,3e-10,2e-10,0.0885,29400000000.0,1280000000.0,10.16,-86.68
3.8e-05,1.1e-05,3e-13,3e-10,2.5e-10,0.0885,29400000000.0,1280000000.0,10.16,-86.95
3.8e-05,1.1e-05,3e-13,3.5e-10,1e-10,0.0885,27300000000.0,1130000000.0,10.52,-90.9
3.8e-05,1.1e-05,3e-13,3.5e-10,5e-11,0.0885,27300000000.0,1130000000.0,10.52,-91.18
3.8e-05,1.1e-05,3e-13,3.5e-10,1.5e-10,0.0885,27300000000.0,1130000000.0,10.52,-91.16
3.8e-05,1.1e-05,3e-13,3.5e-10,2e-10,0.0885,27300000000.0,1130000000.0,10.52,-90.97
3.8e-05,1.1e-05,3e-13,3.5e-10,2.5e-10,0.0885,27300000000.0,1130000000.0,10.52,-91.24
3.8e-05,1.1e-05,3e-13,4.5e-10,1e-10,0.0885,24600000000.0,944000000.0,11.01,-94.1
3.8e-05,1.1e-05,3e-13,4.5e-10,5e-11,0.0885,24600000000.0,943000000.0,11.01,-94.44
3.8e-05,1.1e-05,3e-13,4.5e-10,1.5e-10,0.0885,24600000000.0,948000000.0,11.01,-94.2
3.8e-05,1.1e-05,3e-13,4.5e-10,2e-10,0.0885,24600000000.0,944000000.0,11.01,-94.08
3.8e-05,1.1e-05,3e-13,4.5e-10,2.5e-10,0.0885,24600000000.0,943000000.0,11.01,-94.34
3.8e-05,1.1e-05,3e-13,5e-10,1e-10,0.0885,23600000000.0,883000000.0,11.2,-92.39
3.8e-05,1.1e-05,3e-13,5e-10,5e-11,0.0885,23600000000.0,884000000.0,11.2,-92.73
3.8e-05,1.1e-05,3e-13,5e-10,1.5e-10,0.0885,23600000000.0,885000000.0,11.2,-92.61
3.8e-05,1.1e-05,3e-13,5e-10,2e-10,0.0885,23600000000.0,885000000.0,11.2,-92.42
3.8e-05,1.1e-05,3e-13,5e-10,2.5e-10,0.0885,23600000000.0,885000000.0,11.2,-92.39
3.8e-05,1.1e-05,4e-13,4e-10,1e-10,0.0885,25800000000.0,1020000000.0,10.79,-94.23
3.8e-05,1.1e-05,4e-13,4e-10,1.5e-10,0.0885,25800000000.0,1030000000.0,10.79,-94.2
3.8e-05,1.1e-05,4e-13,4e-10,2e-10,0.0885,25800000000.0,1020000000.0,10.79,-94.22
3.8e-05,1.1e-05,4e-13,3e-10,1e-10,0.0885,29400000000.0,1280000000.0,10.16,-86.9
3.8e-05,1.1e-05,4e-13,3e-10,5e-11,0.0885,29400000000.0,1280000000.0,10.16,-86.06
3.8e-05,1.1e-05,4e-13,3e-10,1.5e-10,0.0885,29400000000.0,1280000000.0,10.16,-86.91
3.8e-05,1.1e-05,4e-13,3e-10,2e-10,0.0885,29400000000.0,1280000000.0,10.16,-87.23
3.8e-05,1.1e-05,4e-13,3e-10,2.5e-10,0.0885,29400000000.0,1280000000.0,10.16,-86.84
3.8e-05,1.1e-05,4e-13,3.5e-10,1e-10,0.0885,27300000000.0,1130000000.0,10.52,-91.34
3.8e-05,1.1e-05,4e-13,3.5e-10,5e-11,0.0885,27300000000.0,1130000000.0,10.52,-91.98
3.8e-05,1.1e-05,4e-13,3.5e-10,2e-10,0.0885,27300000000.0,1130000000.0,10.52,-91.07
3.8e-05,1.1e-05,4e-13,3.5e-10,2.5e-10,0.0885,27300000000.0,1130000000.0,10.52,-91.08
3.8e-05,1.1e-05,4e-13,4.5e-10,1e-10,0.0885,24600000000.0,943000000.0,11.01,-94.3
3.8e-05,1.1e-05,4e-13,4.5e-10,5e-11,0.0885,24600000000.0,945000000.0,11.01,-94.36
3.8e-05,1.1e-05,4e-13,4.5e-10,1.5e-10,0.0885,24600000000.0,947000000.0,11.01,-94.4
3.8e-05,1.1e-05,4e-13,4.5e-10,2.5e-10,0.0885,24600000000.0,949000000.0,11.01,-94.56
3.8e-05,1.1e-05,4e-13,5e-10,1e-10,0.0885,23600000000.0,885000000.0,11.2,-92.16
3.8e-05,1.1e-05,4e-13,5e-10,5e-11,0.0885,23600000000.0,883000000.0,11.2,-92.43
3.8e-05,1.1e-05,4e-13,5e-10,1.5e-10,0.0885,23600000000.0,885000000.0,11.2,-92.71
3.8e-05,1.1e-05,4e-13,5e-10,2e-10,0.0885,23600000000.0,887000000.0,11.2,-92.51
3.8e-05,1.1e-05,4e-13,5e-10,2.5e-10,0.0885,23600000000.0,887000000.0,11.19,-92.79
3.8e-05,1.1e-05,6e-13,4e-10,1e-10,0.0885,25800000000.0,1020000000.0,10.79,-94.14
3.8e-05,1.1e-05,6e-13,4e-10,5e-11,0.0885,25800000000.0,1020000000.0,10.79,-94.37
3.8e-05,1.1e-05,6e-13,4e-10,1.5e-10,0.0885,25800000000.0,1020000000.0,10.79,-94.42
3.8e-05,1.1e-05,6e-13,4e-10,2e-10,0.0885,25800000000.0,1030000000.0,10.79,-94.26
3.8e-05,1.1e-05,6e-13,4e-10,2.5e-10,0.0885,25800000000.0,1030000000.0,10.79,-94.4
3.8e-05,1.1e-05,6e-13,3e-10,1e-10,0.0885,29300000000.0,1280000000.0,10.16,-86.95
3.8e-05,1.1e-05,6e-13,3e-10,5e-11,0.0885,29300000000.0,1280000000.0,10.16,-86.88
3.8e-05,1.1e-05,6e-13,3e-10,1.5e-10,0.0885,29300000000.0,1280000000.0,10.16,-86.93
3.8e-05,1.1e-05,6e-13,3e-10,2.5e-10,0.0885,29300000000.0,1280000000.0,10.16,-86.63
3.8e-05,1.1e-05,6e-13,3.5e-10,1e-10,0.0885,27300000000.0,1130000000.0,10.52,-91.11
3.8e-05,1.1e-05,6e-13,3.5e-10,5e-11,0.0885,27300000000.0,1130000000.0,10.52,-91.14
3.8e-05,1.1e-05,6e-13,3.5e-10,2e-10,0.0885,27300000000.0,1130000000.0,10.52,-90.73
3.8e-05,1.1e-05,6e-13,4.5e-10,1e-10,0.0885,24600000000.0,943000000.0,11.01,-94.4
3.8e-05,1.1e-05,6e-13,4.5e-10,1.5e-10,0.0885,24600000000.0,946000000.0,11.01,-92.65
3.8e-05,1.1e-05,6e-13,4.5e-10,2e-10,0.0885,24600000000.0,943000000.0,11.01,-94.37
3.8e-05,1.1e-05,6e-13,5e-10,1e-10,0.0885,23600000000.0,884000000.0,11.2,-92.6
3.8e-05,1.1e-05,6e-13,5e-10,5e-11,0.0885,23600000000.0,888000000.0,11.2,-92.3
3.8e-05,1.1e-05,6e-13,5e-10,1.5e-10,0.0885,23600000000.0,883000000.0,11.2,-92.45
3.8e-05,1.1e-05,6e-13,5e-10,2e-10,0.0885,23600000000.0,887000000.0,11.2,-92.61
3.8e-05,1.1e-05,6e-13,5e-10,2.5e-10,0.0885,23600000000.0,884000000.0,11.2,-92.08
3.8e-05,1.1e-05,7e-13,4e-10,1e-10,0.0885,25800000000.0,1020000000.0,10.79,-94.33
3.8e-05,1.1e-05,7e-13,4e-10,5e-11,0.0885,25800000000.0,1020000000.0,10.79,-91.63
3.8e-05,1.1e-05,7e-13,4e-10,1.5e-10,0.0885,25800000000.0,1020000000.0,10.79,-94.27
3.8e-05,1.1e-05,7e-13,4e-10,2e-10,0.0885,25800000000.0,1020000000.0,10.79,-94.36
3.8e-05,1.1e-05,7e-13,3e-10,1e-10,0.0885,29300000000.0,1280000000.0,10.16,-86.71
3.8e-05,1.1e-05,7e-13,3e-10,5e-11,0.0885,29300000000.0,1280000000.0,10.16,-86.84
3.8e-05,1.1e-05,7e-13,3e-10,1.5e-10,0.0885,29300000000.0,1280000000.0,10.16,-86.99
3.8e-05,1.1e-05,7e-13,3e-10,2e-10,0.0885,29300000000.0,1280000000.0,10.16,-86.64
3.8e-05,1.1e-05,7e-13,3e-10,2.5e-10,0.0885,29300000000.0,1280000000.0,10.16,-86.8
3.8e-05,1.1e-05,7e-13,3.5e-10,1e-10,0.0885,27300000000.0,1130000000.0,10.52,-90.92
3.8e-05,1.1e-05,7e-13,3.5e-10,1.5e-10,0.0885,27300000000.0,1130000000.0,10.52,-91.12
3.8e-05,1.1e-05,7e-13,3.5e-10,2e-10,0.0885,27300000000.0,1130000000.0,10.52,-90.93
3.8e-05,1.1e-05,7e-13,4.5e-10,5e-11,0.0885,24600000000.0,945000000.0,11.01,-94.33
3.8e-05,1.1e-05,7e-13,4.5e-10,1.5e-10,0.0885,24600000000.0,944000000.0,11.01,-94.42
3.8e-05,1.1e-05,7e-13,4.5e-10,2.5e-10,0.0885,24600000000.0,948000000.0,11.01,-94.43
3.8e-05,1.1e-05,7e-13,5e-10,1e-10,0.0885,23600000000.0,881000000.0,11.2,-92.42
3.8e-05,1.1e-05,7e-13,5e-10,5e-11,0.0885,23600000000.0,887000000.0,11.2,-92.76
3.8e-05,1.1e-05,7e-13,5e-10,1.5e-10,0.0885,23600000000.0,884000000.0,11.2,-92.25
3.8e-05,1.1e-05,7e-13,5e-10,2e-10,0.0885,23600000000.0,885000000.0,11.2,-92.4
3.8e-05,1.1e-05,7e-13,5e-10,2.5e-10,0.0885,23600000000.0,885000000.0,11.2,-92.48
3.8e-05,1.2e-05,5e-13,4e-10,1e-10,0.0885,25700000000.0,1070000000.0,10.8,-94.61
3.8e-05,1.2e-05,5e-13,4e-10,5e-11,0.0885,25700000000.0,1070000000.0,10.8,-94.67
3.8e-05,1.2e-05,5e-13,4e-10,1.5e-10,0.0885,25700000000.0,1070000000.0,10.8,-94.8
3.8e-05,1.2e-05,5e-13,4e-10,2e-10,0.0885,25700000000.0,1070000000.0,10.8,-94.77
3.8e-05,1.2e-05,5e-13,4e-10,2.5e-10,0.0885,25700000000.0,1070000000.0,10.8,-94.82
3.8e-05,1.2e-05,5e-13,3e-10,1e-10,0.0885,29200000000.0,1340000000.0,10.17,-87.31
3.8e-05,1.2e-05,5e-13,3e-10,5e-11,0.0885,29200000000.0,1340000000.0,10.17,-87.64
3.8e-05,1.2e-05,5e-13,3e-10,1.5e-10,0.0885,29200000000.0,1340000000.0,10.17,-87.1
3.8e-05,1.2e-05,5e-13,3e-10,2e-10,0.0885,29200000000.0,1340000000.0,10.17,-87.22
3.8e-05,1.2e-05,5e-13,3e-10,2.5e-10,0.0885,29200000000.0,1340000000.0,10.17,-87.15
3.8e-05,1.2e-05,5e-13,3.5e-10,1e-10,0.0885,27200000000.0,1180000000.0,10.53,-91.23
3.8e-05,1.2e-05,5e-13,3.5e-10,5e-11,0.0885,27200000000.0,1180000000.0,10.53,-91.46
3.8e-05,1.2e-05,5e-13,3.5e-10,1.5e-10,0.0885,27200000000.0,1180000000.0,10.53,-91.38
3.8e-05,1.2e-05,5e-13,3.5e-10,2e-10,0.0885,27200000000.0,1180000000.0,10.53,-91.3
3.8e-05,1.2e-05,5e-13,3.5e-10,2.5e-10,0.0885,27200000000.0,1180000000.0,10.53,-91.35
3.8e-05,1.2e-05,5e-13,4.5e-10,1e-10,0.0885,24400000000.0,991000000.0,11.02,-94.48
3.8e-05,1.2e-05,5e-13,4.5e-10,5e-11,0.0885,24400000000.0,987000000.0,11.02,-91.23
3.8e-05,1.2e-05,5e-13,4.5e-10,1.5e-10,0.0885,24400000000.0,988000000.0,11.02,-94.2
3.8e-05,1.2e-05,5e-13,4.5e-10,2e-10,0.0885,24400000000.0,985000000.0,11.02,-94.15
3.8e-05,1.2e-05,5e-13,4.5e-10,2.5e-10,0.0885,24400000000.0,985000000.0,11.02,-94.37
3.8e-05,1.2e-05,5e-13,5e-10,1e-10,0.0885,23500000000.0,925000000.0,11.21,-92.55
3.8e-05,1.2e-05,5e-13,5e-10,5e-11,0.0885,23500000000.0,924000000.0,11.21,-92.76
3.8e-05,1.2e-05,5e-13,5e-10,1.5e-10,0.0885,23500000000.0,920000000.0,11.21,-92.27
3.8e-05,1.2e-05,5e-13,5e-10,2e-10,0.0885,23500000000.0,923000000.0,11.21,-92.32
3.8e-05,1.2e-05,5e-13,5e-10,2.5e-10,0.0885,23500000000.0,923000000.0,11.21,-92.67
3.8e-05,1.2e-05,3e-13,4e-10,1e-10,0.0885,25700000000.0,1070000000.0,10.8,-94.54
3.8e-05,1.2e-05,3e-13,4e-10,5e-11,0.0885,25700000000.0,1070000000.0,10.8,-94.53
3.8e-05,1.2e-05,3e-13,4e-10,1.5e-10,0.0885,25700000000.0,1070000000.0,10.8,-94.7
3.8e-05,1.2e-05,3e-13,4e-10,2.5e-10,0.0885,25700000000.0,1070000000.0,10.8,-94.62
3.8e-05,1.2e-05,3e-13,3e-10,1e-10,0.0885,29200000000.0,1340000000.0,10.17,-87.25
3.8e-05,1.2e-05,3e-13,3e-10,5e-11,0.0885,29200000000.0,1340000000.0,10.17,-87.33
3.8e-05,1.2e-05,3e-13,3e-10,2e-10,0.0885,29200000000.0,1340000000.0,10.17,-87.38
3.8e-05,1.2e-05,3e-13,3e-10,2.5e-10,0.0885,29200000000.0,1340000000.0,10.17,-87.23
3.8e-05,1.2e-05,3e-13,3.5e-10,1e-10,0.0885,27200000000.0,1180000000.0,10.53,-91.57
3.8e-05,1.2e-05,3e-13,3.5e-10,5e-11,0.0885,27200000000.0,1180000000.0,10.53,-91.33
3.8e-05,1.2e-05,3e-13,3.5e-10,1.5e-10,0.0885,27200000000.0,1180000000.0,10.53,-91.08
3.8e-05,1.2e-05,3e-13,3.5e-10,2e-10,0.0885,27200000000.0,1180000000.0,10.53,-91.49
3.8e-05,1.2e-05,3e-13,4.5e-10,1e-10,0.0885,24500000000.0,983000000.0,11.02,-94.22
3.8e-05,1.2e-05,3e-13,4.5e-10,5e-11,0.0885,24500000000.0,987000000.0,11.02,-94.16
3.8e-05,1.2e-05,3e-13,4.5e-10,1.5e-10,0.0885,24500000000.0,989000000.0,11.02,-94.35
3.8e-05,1.2e-05,3e-13,4.5e-10,2e-10,0.0885,24500000000.0,991000000.0,11.02,-94.49
3.8e-05,1.2e-05,3e-13,4.5e-10,2.5e-10,0.0885,24500000000.0,984000000.0,11.02,-94.41
3.8e-05,1.2e-05,3e-13,5e-10,1e-10,0.0885,23500000000.0,923000000.0,11.21,-92.03
3.8e-05,1.2e-05,3e-13,5e-10,5e-11,0.0885,23500000000.0,922000000.0,11.21,-92.26
3.8e-05,1.2e-05,3e-13,5e-10,1.5e-10,0.0885,23500000000.0,927000000.0,11.21,-92.51
3.8e-05,1.2e-05,3e-13,5e-10,2e-10,0.0885,23500000000.0,924000000.0,11.21,-92.44
3.8e-05,1.2e-05,3e-13,5e-10,2.5e-10,0.0885,23500000000.0,927000000.0,11.21,-92.52
3.8e-05,1.2e-05,4e-13,4e-10,1e-10,0.0885,25700000000.0,1070000000.0,10.8,-94.57
3.8e-05,1.2e-05,4e-13,4e-10,5e-11,0.0885,25700000000.0,1070000000.0,10.8,-94.76
3.8e-05,1.2e-05,4e-13,4e-10,1.5e-10,0.0885,25700000000.0,1070000000.0,10.8,-94.47
3.8e-05,1.2e-05,4e-13,4e-10,2e-10,0.0885,25700000000.0,1070000000.0,10.8,-94.5
3.8e-05,1.2e-05,4e-13,3e-10,1e-10,0.0885,29200000000.0,1340000000.0,10.17,-87.12
3.8e-05,1.2e-05,4e-13,3e-10,5e-11,0.0885,29200000000.0,1340000000.0,10.17,-87.41
3.8e-05,1.2e-05,4e-13,3e-10,2.5e-10,0.0885,29200000000.0,1340000000.0,10.17,-87.27
3.8e-05,1.2e-05,4e-13,3.5e-10,5e-11,0.0885,27200000000.0,1180000000.0,10.53,-91.47
3.8e-05,1.2e-05,4e-13,3.5e-10,1.5e-10,0.0885,27200000000.0,1180000000.0,10.53,-93.53
3.8e-05,1.2e-05,4e-13,3.5e-10,2e-10,0.0885,27200000000.0,1180000000.0,10.53,-91.64
3.8e-05,1.2e-05,4e-13,3.5e-10,2.5e-10,0.0885,27200000000.0,1180000000.0,10.53,-91.61
3.8e-05,1.2e-05,4e-13,4.5e-10,1e-10,0.0885,24500000000.0,991000000.0,11.02,-94.46
3.8e-05,1.2e-05,4e-13,4.5e-10,5e-11,0.0885,24500000000.0,984000000.0,11.02,-94.21
3.8e-05,1.2e-05,4e-13,4.5e-10,1.5e-10,0.0885,24500000000.0,990000000.0,11.02,-94.4
3.8e-05,1.2e-05,4e-13,4.5e-10,2e-10,0.0885,24500000000.0,983000000.0,11.02,-94.24
3.8e-05,1.2e-05,4e-13,4.5e-10,2.5e-10,0.0885,24500000000.0,983000000.0,11.02,-94.64
3.8e-05,1.2e-05,4e-13,5e-10,1e-10,0.0885,23500000000.0,924000000.0,11.21,-92.8
3.8e-05,1.2e-05,4e-13,5e-10,5e-11,0.0885,23500000000.0,922000000.0,11.21,-92.17
3.8e-05,1.2e-05,4e-13,5e-10,1.5e-10,0.0885,23500000000.0,925000000.0,11.21,-92.49
3.8e-05,1.2e-05,4e-13,5e-10,2e-10,0.0885,23500000000.0,922000000.0,11.21,-92.29
3.8e-05,1.2e-05,4e-13,5e-10,2.5e-10,0.0885,23500000000.0,922000000.0,11.21,-92.8
3.8e-05,1.2e-05,6e-13,4e-10,1e-10,0.0885,25700000000.0,1070000000.0,10.8,-94.64
3.8e-05,1.2e-05,6e-13,4e-10,5e-11,0.0885,25700000000.0,1070000000.0,10.8,-94.52
3.8e-05,1.2e-05,6e-13,4e-10,1.5e-10,0.0885,25700000000.0,1070000000.0,10.8,-94.46
3.8e-05,1.2e-05,6e-13,4e-10,2e-10,0.0885,25700000000.0,1070000000.0,10.8,-94.65
3.8e-05,1.2e-05,6e-13,4e-10,2.5e-10,0.0885,25700000000.0,1070000000.0,10.8,-93.97
3.8e-05,1.2e-05,6e-13,3e-10,1e-10,0.0885,29200000000.0,1340000000.0,10.17,-87.45
3.8e-05,1.2e-05,6e-13,3e-10,5e-11,0.0885,29200000000.0,1340000000.0,10.17,-87.02
3.8e-05,1.2e-05,6e-13,3e-10,2.5e-10,0.0885,29200000000.0,1340000000.0,10.17,-87.19
3.8e-05,1.2e-05,6e-13,3.5e-10,1e-10,0.0885,27200000000.0,1180000000.0,10.53,-91.21
3.8e-05,1.2e-05,6e-13,3.5e-10,1.5e-10,0.0885,27200000000.0,1180000000.0,10.53,-91.14
3.8e-05,1.2e-05,6e-13,3.5e-10,2e-10,0.0885,27200000000.0,1180000000.0,10.53,-91.36
3.8e-05,1.2e-05,6e-13,3.5e-10,2.5e-10,0.0885,27200000000.0,1180000000.0,10.53,-91.25
3.8e-05,1.2e-05,6e-13,4.5e-10,1e-10,0.0885,24400000000.0,990000000.0,11.02,-94.14
3.8e-05,1.2e-05,6e-13,4.5e-10,5e-11,0.0885,24400000000.0,990000000.0,11.02,-94.41
3.8e-05,1.2e-05,6e-13,4.5e-10,1.5e-10,0.0885,24400000000.0,990000000.0,11.02,-94.36
3.8e-05,1.2e-05,6e-13,4.5e-10,2e-10,0.0885,24400000000.0,990000000.0,11.02,-94.45
3.8e-05,1.2e-05,6e-13,5e-10,1e-10,0.0885,23500000000.0,922000000.0,11.21,-92.34
3.8e-05,1.2e-05,6e-13,5e-10,5e-11,0.0885,23500000000.0,923000000.0,11.21,-92.4
3.8e-05,1.2e-05,6e-13,5e-10,1.5e-10,0.0885,23500000000.0,926000000.0,11.21,-92.38
3.8e-05,1.2e-05,6e-13,5e-10,2e-10,0.0885,23500000000.0,924000000.0,11.21,-92.17
3.8e-05,1.2e-05,6e-13,5e-10,2.5e-10,0.0885,23500000000.0,926000000.0,11.21,-92.65
3.8e-05,1.2e-05,7e-13,4e-10,1e-10,0.0885,25700000000.0,1070000000.0,10.8,-94.48
3.8e-05,1.2e-05,7e-13,4e-10,2e-10,0.0885,25700000000.0,1070000000.0,10.8,-94.36
3.8e-05,1.2e-05,7e-13,4e-10,2.5e-10,0.0885,25700000000.0,1060000000.0,10.8,-94.6
3.8e-05,1.2e-05,7e-13,3e-10,1e-10,0.0885,29200000000.0,1340000000.0,10.17,-87.08
3.8e-05,1.2e-05,7e-13,3e-10,1.5e-10,0.0885,29200000000.0,1340000000.0,10.17,-87.13
3.8e-05,1.2e-05,7e-13,3e-10,2e-10,0.0885,29200000000.0,1340000000.0,10.17,-87.06
3.8e-05,1.2e-05,7e-13,3e-10,2.5e-10,0.0885,29200000000.0,1340000000.0,10.17,-87.14
3.8e-05,1.2e-05,7e-13,3.5e-10,1e-10,0.0885,27200000000.0,1180000000.0,10.53,-91.28
3.8e-05,1.2e-05,7e-13,3.5e-10,2e-10,0.0885,27200000000.0,1180000000.0,10.53,-91.1
3.8e-05,1.2e-05,7e-13,3.5e-10,2.5e-10,0.0885,27200000000.0,1180000000.0,10.53,-91.6
3.8e-05,1.2e-05,7e-13,4.5e-10,1e-10,0.0885,24400000000.0,986000000.0,11.02,-94.11
3.8e-05,1.2e-05,7e-13,4.5e-10,5e-11,0.0885,24400000000.0,982000000.0,11.02,-94.59
3.8e-05,1.2e-05,7e-13,4.5e-10,1.5e-10,0.0885,24400000000.0,987000000.0,11.02,-94.42
3.8e-05,1.2e-05,7e-13,4.5e-10,2e-10,0.0885,24400000000.0,986000000.0,11.02,-94.29
3.8e-05,1.2e-05,7e-13,4.5e-10,2.5e-10,0.0885,24400000000.0,986000000.0,11.02,-94.25
3.8e-05,1.2e-05,7e-13,5e-10,1e-10,0.0885,23500000000.0,924000000.0,11.21,-92.5
3.8e-05,1.2e-05,7e-13,5e-10,5e-11,0.0885,23500000000.0,923000000.0,11.21,-92.33
3.8e-05,1.2e-05,7e-13,5e-10,1.5e-10,0.0885,23500000000.0,926000000.0,11.21,-92.51
3.8e-05,1.2e-05,7e-13,5e-10,2e-10,0.0885,23500000000.0,924000000.0,11.21,-92.25
3.8e-05,1.2e-05,7e-13,5e-10,2.5e-10,0.0885,23500000000.0,926000000.0,11.21,-92.52
3.8e-05,1.3e-05,5e-13,4e-10,1e-10,0.0885,25500000000.0,1110000000.0,10.81,-94.77
3.8e-05,1.3e-05,5e-13,4e-10,5e-11,0.0885,25500000000.0,1110000000.0,10.81,-94.92
3.8e-05,1.3e-05,5e-13,4e-10,1.5e-10,0.0885,25500000000.0,1110000000.0,10.81,-94.74
3.8e-05,1.3e-05,5e-13,4e-10,2e-10,0.0885,25500000000.0,1100000000.0,10.81,-94.72
3.8e-05,1.3e-05,5e-13,4e-10,2.5e-10,0.0885,25500000000.0,1110000000.0,10.81,-94.79
3.8e-05,1.3e-05,5e-13,3e-10,1e-10,0.0885,29000000000.0,1380000000.0,10.18,-87.56
3.8e-05,1.3e-05,5e-13,3e-10,5e-11,0.0885,29000000000.0,1390000000.0,10.18,-87.42
3.8e-05,1.3e-05,5e-13,3e-10,1.5e-10,0.0885,29000000000.0,1380000000.0,10.18,-87.89
3.8e-05,1.3e-05,5e-13,3e-10,2e-10,0.0885,29000000000.0,1380000000.0,10.18,-87.51
3.8e-05,1.3e-05,5e-13,3e-10,2.5e-10,0.0885,29000000000.0,1380000000.0,10.18,-87.4
3.8e-05,1.3e-05,5e-13,3.5e-10,1e-10,0.0885,27000000000.0,1220000000.0,10.54,-92.08
3.8e-05,1.3e-05,5e-13,3.5e-10,5e-11,0.0885,27000000000.0,1220000000.0,10.54,-91.85
3.8e-05,1.3e-05,5e-13,3.5e-10,1.5e-10,0.0885,27000000000.0,1220000000.0,10.54,-91.76
3.8e-05,1.3e-05,5e-13,3.5e-10,2e-10,0.0885,27000000000.0,1220000000.0,10.54,-91.98
3.8e-05,1.3e-05,5e-13,3.5e-10,2.5e-10,0.0885,27000000000.0,1220000000.0,10.54,-91.68
3.8e-05,1.3e-05,5e-13,4.5e-10,1e-10,0.0885,24300000000.0,1020000000.0,11.03,-94.25
3.8e-05,1.3e-05,5e-13,4.5e-10,5e-11,0.0885,24300000000.0,1020000000.0,11.03,-94.24
3.8e-05,1.3e-05,5e-13,4.5e-10,1.5e-10,0.0885,24300000000.0,1020000000.0,11.03,-94.11
3.8e-05,1.3e-05,5e-13,4.5e-10,2e-10,0.0885,24300000000.0,1020000000.0,11.03,-94.21
3.8e-05,1.3e-05,5e-13,4.5e-10,2.5e-10,0.0885,24300000000.0,1020000000.0,11.03,-94.09
3.8e-05,1.3e-05,5e-13,5e-10,1e-10,0.0885,23400000000.0,956000000.0,11.22,-91.97
3.8e-05,1.3e-05,5e-13,5e-10,5e-11,0.0885,23400000000.0,956000000.0,11.22,-92.51
3.8e-05,1.3e-05,5e-13,5e-10,1.5e-10,0.0885,23400000000.0,956000000.0,11.22,-92.16
3.8e-05,1.3e-05,5e-13,5e-10,2e-10,0.0885,23400000000.0,958000000.0,11.22,-92.4
3.8e-05,1.3e-05,5e-13,5e-10,2.5e-10,0.0885,23400000000.0,957000000.0,11.22,-91.95
3.8e-05,1.3e-05,3e-13,4e-10,1e-10,0.0885,25500000000.0,1110000000.0,10.81,-94.89
3.8e-05,1.3e-05,3e-13,4e-10,5e-11,0.0885,25500000000.0,1100000000.0,10.81,-94.71
3.8e-05,1.3e-05,3e-13,4e-10,1.5e-10,0.0885,25500000000.0,1100000000.0,10.81,-94.3
3.8e-05,1.3e-05,3e-13,4e-10,2e-10,0.0885,25500000000.0,1110000000.0,10.81,-94.69
3.8e-05,1.3e-05,3e-13,4e-10,2.5e-10,0.0885,25500000000.0,1100000000.0,10.81,-94.79
3.8e-05,1.3e-05,3e-13,3e-10,1e-10,0.0885,29000000000.0,1390000000.0,10.18,-87.69
3.8e-05,1.3e-05,3e-13,3e-10,5e-11,0.0885,29000000000.0,1390000000.0,10.18,-88.04
3.8e-05,1.3e-05,3e-13,3e-10,1.5e-10,0.0885,29000000000.0,1390000000.0,10.18,-87.67
3.8e-05,1.3e-05,3e-13,3e-10,2e-10,0.0885,29000000000.0,1380000000.0,10.18,-87.49
3.8e-05,1.3e-05,3e-13,3e-10,2.5e-10,0.0885,29000000000.0,1380000000.0,10.18,-87.57
3.8e-05,1.3e-05,3e-13,3.5e-10,1e-10,0.0885,27100000000.0,1220000000.0,10.54,-92.12
3.8e-05,1.3e-05,3e-13,3.5e-10,1.5e-10,0.0885,27000000000.0,1220000000.0,10.54,-91.44
3.8e-05,1.3e-05,3e-13,3.5e-10,2.5e-10,0.0885,27000000000.0,1220000000.0,10.54,-92.1
3.8e-05,1.3e-05,3e-13,4.5e-10,1e-10,0.0885,24300000000.0,1020000000.0,11.03,-94.22
3.8e-05,1.3e-05,3e-13,4.5e-10,5e-11,0.0885,24300000000.0,1020000000.0,11.03,-94.36
3.8e-05,1.3e-05,3e-13,4.5e-10,2e-10,0.0885,24300000000.0,1020000000.0,11.03,-94.39
3.8e-05,1.3e-05,3e-13,4.5e-10,2.5e-10,0.0885,24300000000.0,1020000000.0,11.03,-94.17
3.8e-05,1.3e-05,3e-13,5e-10,1e-10,0.0885,23400000000.0,960000000.0,11.22,-92.18
3.8e-05,1.3e-05,3e-13,5e-10,5e-11,0.0885,23400000000.0,962000000.0,11.22,-90.04
3.8e-05,1.3e-05,3e-13,5e-10,1.5e-10,0.0885,23400000000.0,957000000.0,11.22,-92.67
3.8e-05,1.3e-05,3e-13,5e-10,2e-10,0.0885,23400000000.0,955000000.0,11.22,-91.89
3.8e-05,1.3e-05,3e-13,5e-10,2.5e-10,0.0885,23400000000.0,961000000.0,11.22,-92.33
3.8e-05,1.3e-05,4e-13,4e-10,5e-11,0.0885,25500000000.0,1110000000.0,10.81,-94.71
3.8e-05,1.3e-05,4e-13,4e-10,1.5e-10,0.0885,25500000000.0,1110000000.0,10.81,-94.88
3.8e-05,1.3e-05,4e-13,4e-10,2e-10,0.0885,25500000000.0,1110000000.0,10.81,-94.73
3.8e-05,1.3e-05,4e-13,4e-10,2.5e-10,0.0885,25500000000.0,1100000000.0,10.81,-94.82
3.8e-05,1.3e-05,4e-13,3e-10,1e-10,0.0885,29000000000.0,1380000000.0,10.18,-87.72
3.8e-05,1.3e-05,4e-13,3e-10,5e-11,0.0885,29000000000.0,1390000000.0,10.18,-87.68
3.8e-05,1.3e-05,4e-13,3e-10,1.5e-10,0.0885,29000000000.0,1380000000.0,10.18,-87.61
3.8e-05,1.3e-05,4e-13,3e-10,2.5e-10,0.0885,29000000000.0,1380000000.0,10.18,-87.6
3.8e-05,1.3e-05,4e-13,3.5e-10,1e-10,0.0885,27000000000.0,1220000000.0,10.54,-91.61
3.8e-05,1.3e-05,4e-13,3.5e-10,5e-11,0.0885,27000000000.0,1220000000.0,10.54,-91.99
3.8e-05,1.3e-05,4e-13,3.5e-10,1.5e-10,0.0885,27000000000.0,1220000000.0,10.54,-91.6
3.8e-05,1.3e-05,4e-13,3.5e-10,2e-10,0.0885,27000000000.0,1220000000.0,10.54,-91.96
3.8e-05,1.3e-05,4e-13,3.5e-10,2.5e-10,0.0885,27000000000.0,1220000000.0,10.54,-92.02
3.8e-05,1.3e-05,4e-13,4.5e-10,1e-10,0.0885,24300000000.0,1020000000.0,11.03,-93.84
3.8e-05,1.3e-05,4e-13,4.5e-10,1.5e-10,0.0885,24300000000.0,1020000000.0,11.03,-94.19
3.8e-05,1.3e-05,4e-13,5e-10,1e-10,0.0885,23400000000.0,958000000.0,11.22,-92.37
3.8e-05,1.3e-05,4e-13,5e-10,5e-11,0.0885,23400000000.0,955000000.0,11.22,-92.07
3.8e-05,1.3e-05,4e-13,5e-10,1.5e-10,0.0885,23400000000.0,956000000.0,11.22,-92.39
3.8e-05,1.3e-05,4e-13,5e-10,2e-10,0.0885,23400000000.0,960000000.0,11.22,-92.22
3.8e-05,1.3e-05,4e-13,5e-10,2.5e-10,0.0885,23400000000.0,957000000.0,11.22,-92.37
3.8e-05,1.3e-05,6e-13,4e-10,1e-10,0.0885,25500000000.0,1100000000.0,10.81,-94.76
3.8e-05,1.3e-05,6e-13,4e-10,2e-10,0.0885,25500000000.0,1100000000.0,10.81,-94.62
3.8e-05,1.3e-05,6e-13,4e-10,2.5e-10,0.0885,25500000000.0,1110000000.0,10.81,-94.78
3.8e-05,1.3e-05,6e-13,3e-10,1.5e-10,0.0885,29000000000.0,1380000000.0,10.18,-87.63
3.8e-05,1.3e-05,6e-13,3e-10,2e-10,0.0885,29000000000.0,1380000000.0,10.18,-87.52
3.8e-05,1.3e-05,6e-13,3e-10,2.5e-10,0.0885,29000000000.0,1380000000.0,10.18,-87.45
3.8e-05,1.3e-05,6e-13,3.5e-10,1e-10,0.0885,27000000000.0,1220000000.0,10.54,-91.92
3.8e-05,1.3e-05,6e-13,3.5e-10,5e-11,0.0885,27000000000.0,1220000000.0,10.54,-91.36
3.8e-05,1.3e-05,6e-13,3.5e-10,1.5e-10,0.0885,27000000000.0,1220000000.0,10.54,-91.88
3.8e-05,1.3e-05,6e-13,3.5e-10,2e-10,0.0885,27000000000.0,1220000000.0,10.54,-91.57
3.8e-05,1.3e-05,6e-13,3.5e-10,2.5e-10,0.0885,27000000000.0,1220000000.0,10.54,-91.91
3.8e-05,1.3e-05,6e-13,4.5e-10,1e-10,0.0885,24300000000.0,1020000000.0,11.03,-94.15
3.8e-05,1.3e-05,6e-13,4.5e-10,1.5e-10,0.0885,24300000000.0,1030000000.0,11.03,-94.25
3.8e-05,1.3e-05,6e-13,4.5e-10,2e-10,0.0885,24300000000.0,1020000000.0,11.03,-94.1
3.8e-05,1.3e-05,6e-13,4.5e-10,2.5e-10,0.0885,24300000000.0,1020000000.0,11.03,-94.2
3.8e-05,1.3e-05,6e-13,5e-10,1e-10,0.0885,23400000000.0,957000000.0,11.22,-92.15
3.8e-05,1.3e-05,6e-13,5e-10,5e-11,0.0885,23400000000.0,958000000.0,11.22,-92.08
3.8e-05,1.3e-05,6e-13,5e-10,1.5e-10,0.0885,23400000000.0,960000000.0,11.22,-91.98
3.8e-05,1.3e-05,6e-13,5e-10,2e-10,0.0885,23400000000.0,956000000.0,11.22,-92.08
3.8e-05,1.3e-05,6e-13,5e-10,2.5e-10,0.0885,23400000000.0,956000000.0,11.22,-92.1
3.8e-05,1.3e-05,7e-13,4e-10,1e-10,0.0885,25500000000.0,1110000000.0,10.81,-94.66
3.8e-05,1.3e-05,7e-13,4e-10,5e-11,0.0885,25500000000.0,1110000000.0,10.81,-94.84
3.8e-05,1.3e-05,7e-13,4e-10,1.5e-10,0.0885,25500000000.0,1110000000.0,10.81,-94.86
3.8e-05,1.3e-05,7e-13,4e-10,2e-10,0.0885,25500000000.0,1110000000.0,10.81,-94.46
3.8e-05,1.3e-05,7e-13,4e-10,2.5e-10,0.0885,25500000000.0,1100000000.0,10.81,-94.92
3.8e-05,1.3e-05,7e-13,3e-10,1e-10,0.0885,29000000000.0,1380000000.0,10.18,-87.68
3.8e-05,1.3e-05,7e-13,3e-10,5e-11,0.0885,29000000000.0,1380000000.0,10.18,-87.53
3.8e-05,1.3e-05,7e-13,3e-10,1.5e-10,0.0885,29000000000.0,1380000000.0,10.18,-87.55
3.8e-05,1.3e-05,7e-13,3e-10,2e-10,0.0885,29000000000.0,1390000000.0,10.18,-87.44
3.8e-05,1.3e-05,7e-13,3.5e-10,1.5e-10,0.0885,27000000000.0,1220000000.0,10.54,-92.05
3.8e-05,1.3e-05,7e-13,3.5e-10,2e-10,0.0885,27000000000.0,1220000000.0,10.54,-91.94
3.8e-05,1.3e-05,7e-13,3.5e-10,2.5e-10,0.0885,27000000000.0,1220000000.0,10.54,-91.55
3.8e-05,1.3e-05,7e-13,4.5e-10,1e-10,0.0885,24300000000.0,1020000000.0,11.03,-93.59
3.8e-05,1.3e-05,7e-13,4.5e-10,5e-11,0.0885,24300000000.0,1020000000.0,11.03,-94.26
3.8e-05,1.3e-05,7e-13,4.5e-10,1.5e-10,0.0885,24300000000.0,1020000000.0,11.03,-93.99
3.8e-05,1.3e-05,7e-13,4.5e-10,2e-10,0.0885,24300000000.0,1020000000.0,11.03,-94.18
3.8e-05,1.3e-05,7e-13,4.5e-10,2.5e-10,0.0885,24300000000.0,1020000000.0,11.03,-94.29
3.8e-05,1.3e-05,7e-13,5e-10,1e-10,0.0885,23400000000.0,956000000.0,11.22,-92.21
3.8e-05,1.3e-05,7e-13,5e-10,5e-11,0.0885,23400000000.0,954000000.0,11.22,-92.15
3.8e-05,1.3e-05,7e-13,5e-10,1.5e-10,0.0885,23400000000.0,959000000.0,11.22,-92.88
3.8e-05,1.3e-05,7e-13,5e-10,2e-10,0.0885,23400000000.0,956000000.0,11.22,-92.06
3.8e-05,1.3e-05,7e-13,5e-10,2.5e-10,0.0885,23400000000.0,956000000.0,11.22,-92.3
3.8e-05,1.4e-05,5e-13,4e-10,1e-10,0.0885,25400000000.0,1130000000.0,10.82,-94.42
3.8e-05,1.4e-05,5e-13,4e-10,5e-11,0.0885,25400000000.0,1140000000.0,10.81,-95.01
3.8e-05,1.4e-05,5e-13,4e-10,1.5e-10,0.0885,25400000000.0,1140000000.0,10.82,-95.0
3.8e-05,1.4e-05,5e-13,4e-10,2.5e-10,0.0885,25400000000.0,1140000000.0,10.81,-95.05
3.8e-05,1.4e-05,5e-13,3e-10,1e-10,0.0885,28900000000.0,1420000000.0,10.18,-87.94
3.8e-05,1.4e-05,5e-13,3e-10,5e-11,0.0885,28900000000.0,1420000000.0,10.18,-87.78
3.8e-05,1.4e-05,5e-13,3e-10,1.5e-10,0.0885,28900000000.0,1420000000.0,10.18,-87.83
3.8e-05,1.4e-05,5e-13,3e-10,2e-10,0.0885,28900000000.0,1420000000.0,10.18,-87.8
3.8e-05,1.4e-05,5e-13,3e-10,2.5e-10,0.0885,28900000000.0,1420000000.0,10.18,-87.82
3.8e-05,1.4e-05,5e-13,3.5e-10,1e-10,0.0885,26900000000.0,1250000000.0,10.55,-91.94
3.8e-05,1.4e-05,5e-13,3.5e-10,5e-11,0.0885,26900000000.0,1250000000.0,10.55,-91.99
3.8e-05,1.4e-05,5e-13,3.5e-10,1.5e-10,0.0885,26900000000.0,1260000000.0,10.55,-92.19
3.8e-05,1.4e-05,5e-13,3.5e-10,2e-10,0.0885,26900000000.0,1250000000.0,10.55,-92.04
3.8e-05,1.4e-05,5e-13,3.5e-10,2.5e-10,0.0885,26900000000.0,1260000000.0,10.55,-92.11
3.8e-05,1.4e-05,5e-13,4.5e-10,1e-10,0.0885,24200000000.0,1050000000.0,11.04,-94.26
3.8e-05,1.4e-05,5e-13,4.5e-10,5e-11,0.0885,24200000000.0,1050000000.0,11.04,-94.11
3.8e-05,1.4e-05,5e-13,4.5e-10,1.5e-10,0.0885,24200000000.0,1060000000.0,11.04,-94.33
3.8e-05,1.4e-05,5e-13,4.5e-10,2e-10,0.0885,24200000000.0,1050000000.0,11.04,-94.08
3.8e-05,1.4e-05,5e-13,4.5e-10,2.5e-10,0.0885,24200000000.0,1050000000.0,11.04,-94.38
3.8e-05,1.4e-05,5e-13,5e-10,1e-10,0.0885,23300000000.0,984000000.0,11.23,-92.08
3.8e-05,1.4e-05,5e-13,5e-10,5e-11,0.0885,23300000000.0,980000000.0,11.23,-92.3
3.8e-05,1.4e-05,5e-13,5e-10,1.5e-10,0.0885,23300000000.0,981000000.0,11.23,-91.25
3.8e-05,1.4e-05,5e-13,5e-10,2e-10,0.0885,23300000000.0,982000000.0,11.23,-91.87
3.8e-05,1.4e-05,5e-13,5e-10,2.5e-10,0.0885,23300000000.0,985000000.0,11.23,-92.26
3.8e-05,1.4e-05,3e-13,4e-10,1e-10,0.0885,25400000000.0,1140000000.0,10.82,-94.89
3.8e-05,1.4e-05,3e-13,4e-10,5e-11,0.0885,25400000000.0,1140000000.0,10.82,-94.99
3.8e-05,1.4e-05,3e-13,4e-10,1.5e-10,0.0885,25400000000.0,1140000000.0,10.81,-95.06
3.8e-05,1.4e-05,3e-13,4e-10,2e-10,0.0885,25400000000.0,1140000000.0,10.82,-94.93
3.8e-05,1.4e-05,3e-13,4e-10,2.5e-10,0.0885,25400000000.0,1140000000.0,10.81,-94.98
3.8e-05,1.4e-05,3e-13,3e-10,1e-10,0.0885,28900000000.0,1420000000.0,10.19,-87.92
3.8e-05,1.4e-05,3e-13,3e-10,5e-11,0.0885,28900000000.0,1420000000.0,10.19,-88.05
3.8e-05,1.4e-05,3e-13,3e-10,1.5e-10,0.0885,28900000000.0,1420000000.0,10.19,-87.89
3.8e-05,1.4e-05,3e-13,3e-10,2e-10,0.0885,28900000000.0,1420000000.0,10.19,-87.88
3.8e-05,1.4e-05,3e-13,3e-10,2.5e-10,0.0885,28900000000.0,1420000000.0,10.19,-88.01
3.8e-05,1.4e-05,3e-13,3.5e-10,1e-10,0.0885,26900000000.0,1260000000.0,10.55,-92.3
3.8e-05,1.4e-05,3e-13,3.5e-10,5e-11,0.0885,26900000000.0,1250000000.0,10.55,-92.53
3.8e-05,1.4e-05,3e-13,3.5e-10,1.5e-10,0.0885,26900000000.0,1260000000.0,10.55,-91.99
3.8e-05,1.4e-05,3e-13,3.5e-10,2e-10,0.0885,26900000000.0,1260000000.0,10.55,-92.43
3.8e-05,1.4e-05,3e-13,3.5e-10,2.5e-10,0.0885,26900000000.0,1260000000.0,10.55,-92.54
3.8e-05,1.4e-05,3e-13,4.5e-10,1e-10,0.0885,24200000000.0,1050000000.0,11.04,-94.07
3.8e-05,1.4e-05,3e-13,4.5e-10,5e-11,0.0885,24200000000.0,1050000000.0,11.04,-94.44
3.8e-05,1.4e-05,3e-13,4.5e-10,1.5e-10,0.0885,24200000000.0,1050000000.0,11.04,-94.16
3.8e-05,1.4e-05,3e-13,4.5e-10,2e-10,0.0885,24200000000.0,1060000000.0,11.04,-94.12
3.8e-05,1.4e-05,3e-13,4.5e-10,2.5e-10,0.0885,24200000000.0,1050000000.0,11.04,-94.12
3.8e-05,1.4e-05,3e-13,5e-10,1e-10,0.0885,23300000000.0,980000000.0,11.23,-91.96
3.8e-05,1.4e-05,3e-13,5e-10,5e-11,0.0885,23300000000.0,982000000.0,11.23,-92.05
3.8e-05,1.4e-05,3e-13,5e-10,1.5e-10,0.0885,23300000000.0,984000000.0,11.23,-92.21
3.8e-05,1.4e-05,3e-13,5e-10,2e-10,0.0885,23300000000.0,981000000.0,11.23,-91.94
3.8e-05,1.4e-05,3e-13,5e-10,2.5e-10,0.0885,23300000000.0,987000000.0,11.23,-92.04
3.8e-05,1.4e-05,4e-13,4e-10,1e-10,0.0885,25400000000.0,1140000000.0,10.82,-94.95
3.8e-05,1.4e-05,4e-13,4e-10,5e-11,0.0885,25400000000.0,1130000000.0,10.82,-95.06
3.8e-05,1.4e-05,4e-13,4e-10,1.5e-10,0.0885,25400000000.0,1140000000.0,10.82,-95.04
3.8e-05,1.4e-05,4e-13,4e-10,2e-10,0.0885,25400000000.0,1140000000.0,10.82,-94.83
3.8e-05,1.4e-05,4e-13,4e-10,2.5e-10,0.0885,25400000000.0,1140000000.0,10.82,-94.8
3.8e-05,1.4e-05,4e-13,3e-10,1e-10,0.0885,28900000000.0,1420000000.0,10.19,-87.84
3.8e-05,1.4e-05,4e-13,3e-10,5e-11,0.0885,28900000000.0,1420000000.0,10.19,-87.83
3.8e-05,1.4e-05,4e-13,3e-10,2.5e-10,0.0885,28900000000.0,1420000000.0,10.18,-87.76
3.8e-05,1.4e-05,4e-13,3.5e-10,1e-10,0.0885,26900000000.0,1260000000.0,10.55,-93.24
3.8e-05,1.4e-05,4e-13,3.5e-10,5e-11,0.0885,26900000000.0,1250000000.0,10.54,-92.4
3.8e-05,1.4e-05,4e-13,3.5e-10,1.5e-10,0.0885,26900000000.0,1250000000.0,10.55,-91.72
3.8e-05,1.4e-05,4e-13,3.5e-10,2e-10,0.0885,26900000000.0,1260000000.0,10.55,-91.96
3.8e-05,1.4e-05,4e-13,3.5e-10,2.5e-10,0.0885,26900000000.0,1260000000.0,10.54,-92.37
3.8e-05,1.4e-05,4e-13,4.5e-10,1e-10,0.0885,24200000000.0,1050000000.0,11.04,-94.04
3.8e-05,1.4e-05,4e-13,4.5e-10,5e-11,0.0885,24200000000.0,1060000000.0,11.04,-93.74
3.8e-05,1.4e-05,4e-13,4.5e-10,1.5e-10,0.0885,24200000000.0,1050000000.0,11.04,-94.02
3.8e-05,1.4e-05,4e-13,5e-10,1e-10,0.0885,23300000000.0,986000000.0,11.23,-92.25
3.8e-05,1.4e-05,4e-13,5e-10,5e-11,0.0885,23300000000.0,985000000.0,11.23,-92.24
3.8e-05,1.4e-05,4e-13,5e-10,1.5e-10,0.0885,23300000000.0,985000000.0,11.23,-92.18
3.8e-05,1.4e-05,4e-13,5e-10,2.5e-10,0.0885,23300000000.0,983000000.0,11.23,-91.36
3.8e-05,1.4e-05,6e-13,4e-10,1e-10,0.0885,25400000000.0,1140000000.0,10.81,-95.04
3.8e-05,1.4e-05,6e-13,4e-10,5e-11,0.0885,25400000000.0,1140000000.0,10.82,-94.92
3.8e-05,1.4e-05,6e-13,4e-10,2e-10,0.0885,25400000000.0,1140000000.0,10.82,-94.91
3.8e-05,1.4e-05,6e-13,4e-10,2.5e-10,0.0885,25400000000.0,1130000000.0,10.82,-95.02
3.8e-05,1.4e-05,6e-13,3e-10,1e-10,0.0885,28900000000.0,1420000000.0,10.18,-87.9
3.8e-05,1.4e-05,6e-13,3e-10,5e-11,0.0885,28900000000.0,1420000000.0,10.18,-87.91
3.8e-05,1.4e-05,6e-13,3e-10,1.5e-10,0.0885,28900000000.0,1420000000.0,10.18,-87.88
3.8e-05,1.4e-05,6e-13,3e-10,2e-10,0.0885,28900000000.0,1420000000.0,10.18,-87.96
3.8e-05,1.4e-05,6e-13,3e-10,2.5e-10,0.0885,28900000000.0,1420000000.0,10.18,-87.72
3.8e-05,1.4e-05,6e-13,3.5e-10,1e-10,0.0885,26900000000.0,1250000000.0,10.55,-91.95
3.8e-05,1.4e-05,6e-13,3.5e-10,5e-11,0.0885,26900000000.0,1250000000.0,10.54,-92.29
3.8e-05,1.4e-05,6e-13,3.5e-10,1.5e-10,0.0885,26900000000.0,1260000000.0,10.55,-92.05
3.8e-05,1.4e-05,6e-13,3.5e-10,2e-10,0.0885,26900000000.0,1250000000.0,10.54,-92.35
3.8e-05,1.4e-05,6e-13,3.5e-10,2.5e-10,0.0885,26900000000.0,1250000000.0,10.54,-92.34
3.8e-05,1.4e-05,6e-13,4.5e-10,1e-10,0.0885,24200000000.0,1050000000.0,11.04,-94.17
3.8e-05,1.4e-05,6e-13,4.5e-10,1.5e-10,0.0885,24200000000.0,1060000000.0,11.04,-94.4
3.8e-05,1.4e-05,6e-13,4.5e-10,2e-10,0.0885,24200000000.0,1050000000.0,11.04,-93.86
3.8e-05,1.4e-05,6e-13,4.5e-10,2.5e-10,0.0885,24200000000.0,1050000000.0,11.04,-94.06
3.8e-05,1.4e-05,6e-13,5e-10,1e-10,0.0885,23200000000.0,984000000.0,11.23,-92.0
3.8e-05,1.4e-05,6e-13,5e-10,5e-11,0.0885,23300000000.0,984000000.0,11.23,-89.77
3.8e-05,1.4e-05,6e-13,5e-10,1.5e-10,0.0885,23200000000.0,985000000.0,11.23,-92.33
3.8e-05,1.4e-05,6e-13,5e-10,2e-10,0.0885,23200000000.0,986000000.0,11.23,-92.05
3.8e-05,1.4e-05,6e-13,5e-10,2.5e-10,0.0885,23200000000.0,987000000.0,11.23,-92.52
3.8e-05,1.4e-05,7e-13,4e-10,1.5e-10,0.0885,25400000000.0,1140000000.0,10.82,-94.66
3.8e-05,1.4e-05,7e-13,4e-10,2e-10,0.0885,25400000000.0,1140000000.0,10.81,-94.82
3.8e-05,1.4e-05,7e-13,4e-10,2.5e-10,0.0885,25400000000.0,1140000000.0,10.82,-95.02
3.8e-05,1.4e-05,7e-13,3e-10,1e-10,0.0885,28900000000.0,1420000000.0,10.18,-87.86
3.8e-05,1.4e-05,7e-13,3e-10,5e-11,0.0885,28900000000.0,1420000000.0,10.18,-87.81
3.8e-05,1.4e-05,7e-13,3e-10,2e-10,0.0885,28900000000.0,1420000000.0,10.18,-88.18
3.8e-05,1.4e-05,7e-13,3e-10,2.5e-10,0.0885,28900000000.0,1420000000.0,10.18,-87.89
3.8e-05,1.4e-05,7e-13,3.5e-10,1e-10,0.0885,26900000000.0,1260000000.0,10.55,-91.92
3.8e-05,1.4e-05,7e-13,3.5e-10,5e-11,0.0885,26900000000.0,1250000000.0,10.54,-92.21
3.8e-05,1.4e-05,7e-13,3.5e-10,1.5e-10,0.0885,26900000000.0,1260000000.0,10.55,-92.09
3.8e-05,1.4e-05,7e-13,3.5e-10,2e-10,0.0885,26900000000.0,1250000000.0,10.54,-92.08
3.8e-05,1.4e-05,7e-13,3.5e-10,2.5e-10,0.0885,26900000000.0,1250000000.0,10.54,-92.0
3.8e-05,1.4e-05,7e-13,4.5e-10,5e-11,0.0885,24200000000.0,1050000000.0,11.04,-93.93
3.8e-05,1.4e-05,7e-13,4.5e-10,1.5e-10,0.0885,24200000000.0,1050000000.0,11.04,-94.15
3.8e-05,1.4e-05,7e-13,4.5e-10,2.5e-10,0.0885,24200000000.0,1060000000.0,11.04,-94.2
3.8e-05,1.4e-05,7e-13,5e-10,1e-10,0.0885,23200000000.0,984000000.0,11.23,-92.77
3.8e-05,1.4e-05,7e-13,5e-10,5e-11,0.0885,23200000000.0,982000000.0,11.23,-92.29
3.8e-05,1.4e-05,7e-13,5e-10,1.5e-10,0.0885,23200000000.0,983000000.0,11.23,-92.09
3.8e-05,1.4e-05,7e-13,5e-10,2e-10,0.0885,23200000000.0,983000000.0,11.23,-92.0
3.8e-05,1.4e-05,7e-13,5e-10,2.5e-10,0.0885,23200000000.0,979000000.0,11.23,-92.77
3.8e-05,1.5e-05,5e-13,4e-10,1e-10,0.0885,25300000000.0,1160000000.0,10.82,-95.12
3.8e-05,1.5e-05,5e-13,4e-10,5e-11,0.0885,25300000000.0,1160000000.0,10.82,-95.0
3.8e-05,1.5e-05,5e-13,4e-10,1.5e-10,0.0885,25300000000.0,1160000000.0,10.82,-94.94
3.8e-05,1.5e-05,5e-13,4e-10,2e-10,0.0885,25300000000.0,1170000000.0,10.82,-95.13
3.8e-05,1.5e-05,5e-13,4e-10,2.5e-10,0.0885,25300000000.0,1160000000.0,10.82,-95.11
3.8e-05,1.5e-05,5e-13,3e-10,1e-10,0.0885,28800000000.0,1450000000.0,10.19,-88.22
3.8e-05,1.5e-05,5e-13,3e-10,5e-11,0.0885,28800000000.0,1450000000.0,10.19,-88.19
3.8e-05,1.5e-05,5e-13,3e-10,1.5e-10,0.0885,28800000000.0,1450000000.0,10.19,-88.17
3.8e-05,1.5e-05,5e-13,3e-10,2e-10,0.0885,28800000000.0,1450000000.0,10.19,-88.29
3.8e-05,1.5e-05,5e-13,3e-10,2.5e-10,0.0885,28800000000.0,1450000000.0,10.19,-88.37
3.8e-05,1.5e-05,5e-13,3.5e-10,1e-10,0.0885,26800000000.0,1280000000.0,10.55,-92.53
3.8e-05,1.5e-05,5e-13,3.5e-10,5e-11,0.0885,26800000000.0,1280000000.0,10.55,-92.48
3.8e-05,1.5e-05,5e-13,3.5e-10,1.5e-10,0.0885,26800000000.0,1280000000.0,10.55,-92.32
3.8e-05,1.5e-05,5e-13,3.5e-10,2e-10,0.0885,26800000000.0,1280000000.0,10.55,-92.46
3.8e-05,1.5e-05,5e-13,3.5e-10,2.5e-10,0.0885,26800000000.0,1280000000.0,10.55,-91.88
3.8e-05,1.5e-05,5e-13,4.5e-10,1e-10,0.0885,24100000000.0,1070000000.0,11.04,-93.93
3.8e-05,1.5e-05,5e-13,4.5e-10,5e-11,0.0885,24100000000.0,1070000000.0,11.04,-93.85
3.8e-05,1.5e-05,5e-13,4.5e-10,1.5e-10,0.0885,24100000000.0,1070000000.0,11.04,-93.67
3.8e-05,1.5e-05,5e-13,4.5e-10,2e-10,0.0885,24100000000.0,1070000000.0,11.04,-93.71
3.8e-05,1.5e-05,5e-13,4.5e-10,2.5e-10,0.0885,24100000000.0,1080000000.0,11.04,-94.11
3.8e-05,1.5e-05,5e-13,5e-10,1e-10,0.0885,23100000000.0,1000000000.0,11.24,-92.21
3.8e-05,1.5e-05,5e-13,5e-10,5e-11,0.0885,23200000000.0,1000000000.0,11.24,-91.54
3.8e-05,1.5e-05,5e-13,5e-10,1.5e-10,0.0885,23200000000.0,1010000000.0,11.24,-92.73
3.8e-05,1.5e-05,5e-13,5e-10,2e-10,0.0885,23100000000.0,1010000000.0,11.24,-91.96
3.8e-05,1.5e-05,5e-13,5e-10,2.5e-10,0.0885,23200000000.0,1000000000.0,11.24,-92.22
3.8e-05,1.5e-05,3e-13,4e-10,5e-11,0.0885,25300000000.0,1160000000.0,10.82,-95.1
3.8e-05,1.5e-05,3e-13,4e-10,1.5e-10,0.0885,25300000000.0,1160000000.0,10.82,-95.09
3.8e-05,1.5e-05,3e-13,4e-10,2e-10,0.0885,25300000000.0,1160000000.0,10.82,-95.13
3.8e-05,1.5e-05,3e-13,4e-10,2.5e-10,0.0885,25300000000.0,1160000000.0,10.82,-94.92
3.8e-05,1.5e-05,3e-13,3e-10,5e-11,0.0885,28800000000.0,1450000000.0,10.19,-88.3
3.8e-05,1.5e-05,3e-13,3e-10,2e-10,0.0885,28800000000.0,1450000000.0,10.19,-88.26
3.8e-05,1.5e-05,3e-13,3e-10,2.5e-10,0.0885,28800000000.0,1450000000.0,10.19,-88.18
3.8e-05,1.5e-05,3e-13,3.5e-10,1e-10,0.0885,26800000000.0,1280000000.0,10.55,-92.34
3.8e-05,1.5e-05,3e-13,3.5e-10,5e-11,0.0885,26800000000.0,1280000000.0,10.55,-92.72
3.8e-05,1.5e-05,3e-13,3.5e-10,1.5e-10,0.0885,26800000000.0,1280000000.0,10.55,-92.58
3.8e-05,1.5e-05,3e-13,3.5e-10,2e-10,0.0885,26800000000.0,1280000000.0,10.55,-92.54
3.8e-05,1.5e-05,3e-13,3.5e-10,2.5e-10,0.0885,26800000000.0,1280000000.0,10.55,-92.86
3.8e-05,1.5e-05,3e-13,4.5e-10,1e-10,0.0885,24100000000.0,1080000000.0,11.04,-94.08
3.8e-05,1.5e-05,3e-13,4.5e-10,5e-11,0.0885,24100000000.0,1070000000.0,11.04,-94.05
3.8e-05,1.5e-05,3e-13,4.5e-10,1.5e-10,0.0885,24100000000.0,1070000000.0,11.04,-93.89
3.8e-05,1.5e-05,3e-13,4.5e-10,2e-10,0.0885,24100000000.0,1070000000.0,11.04,-93.94
3.8e-05,1.5e-05,3e-13,4.5e-10,2.5e-10,0.0885,24100000000.0,1070000000.0,11.04,-93.63
3.8e-05,1.5e-05,3e-13,5e-10,1e-10,0.0885,23200000000.0,1000000000.0,11.24,-91.78
3.8e-05,1.5e-05,3e-13,5e-10,5e-11,0.0885,23200000000.0,1010000000.0,11.24,-92.31
3.8e-05,1.5e-05,3e-13,5e-10,1.5e-10,0.0885,23200000000.0,1000000000.0,11.24,-91.91
3.8e-05,1.5e-05,3e-13,5e-10,2e-10,0.0885,23200000000.0,1000000000.0,11.24,-91.46
3.8e-05,1.5e-05,3e-13,5e-10,2.5e-10,0.0885,23200000000.0,1000000000.0,11.24,-91.48
3.8e-05,1.5e-05,4e-13,3e-10,1e-10,0.0885,28800000000.0,1450000000.0,10.19,-88.23
3.8e-05,1.5e-05,4e-13,3e-10,5e-11,0.0885,28800000000.0,1450000000.0,10.19,-87.89
3.8e-05,1.5e-05,4e-13,3e-10,1.5e-10,0.0885,28800000000.0,1450000000.0,10.19,-88.21
3.8e-05,1.5e-05,4e-13,3.5e-10,1e-10,0.0885,26800000000.0,1280000000.0,10.55,-92.69
3.8e-05,1.5e-05,4e-13,3.5e-10,5e-11,0.0885,26800000000.0,1280000000.0,10.55,-92.39
3.8e-05,1.5e-05,4e-13,3.5e-10,2e-10,0.0885,26800000000.0,1280000000.0,10.55,-92.71
3.8e-05,1.5e-05,4e-13,4.5e-10,1e-10,0.0885,24100000000.0,1080000000.0,11.04,-93.8
3.8e-05,1.5e-05,4e-13,4.5e-10,5e-11,0.0885,24100000000.0,1070000000.0,11.04,-93.9
3.8e-05,1.5e-05,4e-13,4.5e-10,1.5e-10,0.0885,24100000000.0,1070000000.0,11.04,-93.99
3.8e-05,1.5e-05,4e-13,4.5e-10,2.5e-10,0.0885,24100000000.0,1080000000.0,11.04,-93.84
3.8e-05,1.5e-05,4e-13,5e-10,1e-10,0.0885,23200000000.0,1000000000.0,11.24,-92.1
3.8e-05,1.5e-05,4e-13,5e-10,5e-11,0.0885,23200000000.0,1010000000.0,11.24,-92.51
3.8e-05,1.5e-05,4e-13,5e-10,1.5e-10,0.0885,23200000000.0,1010000000.0,11.24,-92.06
3.8e-05,1.5e-05,4e-13,5e-10,2e-10,0.0885,23200000000.0,1000000000.0,11.24,-92.09
3.8e-05,1.5e-05,4e-13,5e-10,2.5e-10,0.0885,23200000000.0,1010000000.0,11.24,-91.84
3.8e-05,1.5e-05,6e-13,4e-10,2.5e-10,0.0885,25300000000.0,1170000000.0,10.82,-95.11
3.8e-05,1.5e-05,6e-13,3e-10,1e-10,0.0885,28800000000.0,1450000000.0,10.19,-88.13
3.8e-05,1.5e-05,6e-13,3e-10,1.5e-10,0.0885,28800000000.0,1450000000.0,10.19,-88.1
3.8e-05,1.5e-05,6e-13,3.5e-10,1.5e-10,0.0885,26800000000.0,1280000000.0,10.55,-92.43
3.8e-05,1.5e-05,6e-13,3.5e-10,2e-10,0.0885,26800000000.0,1280000000.0,10.55,-92.29
3.8e-05,1.5e-05,6e-13,4.5e-10,5e-11,0.0885,24100000000.0,1080000000.0,11.04,-94.27
3.8e-05,1.5e-05,6e-13,4.5e-10,1.5e-10,0.0885,24100000000.0,1070000000.0,11.04,-93.92
3.8e-05,1.5e-05,6e-13,4.5e-10,2.5e-10,0.0885,24100000000.0,1080000000.0,11.04,-93.81
3.8e-05,1.5e-05,6e-13,5e-10,1e-10,0.0885,23100000000.0,1000000000.0,11.24,-91.99
3.8e-05,1.5e-05,6e-13,5e-10,5e-11,0.0885,23100000000.0,1010000000.0,11.24,-91.65
3.8e-05,1.5e-05,6e-13,5e-10,1.5e-10,0.0885,23100000000.0,1000000000.0,11.24,-91.97
3.8e-05,1.5e-05,6e-13,5e-10,2e-10,0.0885,23100000000.0,1000000000.0,11.24,-91.84
3.8e-05,1.5e-05,6e-13,5e-10,2.5e-10,0.0885,23100000000.0,1000000000.0,11.24,-92.06
3.8e-05,1.5e-05,7e-13,4e-10,1e-10,0.0885,25300000000.0,1160000000.0,10.82,-95.05
3.8e-05,1.5e-05,7e-13,4e-10,1.5e-10,0.0885,25300000000.0,1160000000.0,10.82,-95.06
3.8e-05,1.5e-05,7e-13,3e-10,1e-10,0.0885,28800000000.0,1450000000.0,10.18,-88.09
3.8e-05,1.5e-05,7e-13,3e-10,5e-11,0.0885,28800000000.0,1450000000.0,10.19,-88.27
3.8e-05,1.5e-05,7e-13,3e-10,1.5e-10,0.0885,28800000000.0,1450000000.0,10.18,-88.25
3.8e-05,1.5e-05,7e-13,3e-10,2.5e-10,0.0885,28800000000.0,1450000000.0,10.19,-88.11
3.8e-05,1.5e-05,7e-13,3.5e-10,1e-10,0.0885,26800000000.0,1280000000.0,10.55,-92.49
3.8e-05,1.5e-05,7e-13,3.5e-10,5e-11,0.0885,26800000000.0,1280000000.0,10.55,-92.67
3.8e-05,1.5e-05,7e-13,3.5e-10,1.5e-10,0.0885,26800000000.0,1280000000.0,10.55,-92.62
3.8e-05,1.5e-05,7e-13,3.5e-10,2e-10,0.0885,26800000000.0,1280000000.0,10.55,-92.65
3.8e-05,1.5e-05,7e-13,3.5e-10,2.5e-10,0.0885,26800000000.0,1280000000.0,10.55,-92.26
3.8e-05,1.5e-05,7e-13,4.5e-10,1e-10,0.0885,24100000000.0,1080000000.0,11.04,-93.54
3.8e-05,1.5e-05,7e-13,4.5e-10,5e-11,0.0885,24100000000.0,1080000000.0,11.04,-94.12
3.8e-05,1.5e-05,7e-13,4.5e-10,2e-10,0.0885,24100000000.0,1070000000.0,11.04,-93.68
3.8e-05,1.5e-05,7e-13,4.5e-10,2.5e-10,0.0885,24100000000.0,1080000000.0,11.04,-94.13
3.8e-05,1.5e-05,7e-13,5e-10,1e-10,0.0885,23100000000.0,1010000000.0,11.24,-92.51
3.8e-05,1.5e-05,7e-13,5e-10,5e-11,0.0885,23100000000.0,1010000000.0,11.24,-91.45
3.8e-05,1.5e-05,7e-13,5e-10,1.5e-10,0.0885,23100000000.0,1000000000.0,11.24,-91.89
3.8e-05,1.5e-05,7e-13,5e-10,2e-10,0.0885,23100000000.0,1000000000.0,11.24,-92.07
3.8e-05,1.5e-05,7e-13,5e-10,2.5e-10,0.0885,23100000000.0,1000000000.0,11.24,-92.0
3.8e-05,1.6e-05,5e-13,4e-10,1e-10,0.0885,25200000000.0,1170000000.0,10.82,-95.16
3.8e-05,1.6e-05,5e-13,4e-10,5e-11,0.0885,25200000000.0,1180000000.0,10.82,-91.66
3.8e-05,1.6e-05,5e-13,4e-10,1.5e-10,0.0885,25200000000.0,1180000000.0,10.82,-95.15
3.8e-05,1.6e-05,5e-13,4e-10,2.5e-10,0.0885,25200000000.0,1180000000.0,10.82,-95.06
3.8e-05,1.6e-05,5e-13,3e-10,1e-10,0.0885,28600000000.0,1470000000.0,10.18,-88.45
3.8e-05,1.6e-05,5e-13,3e-10,5e-11,0.0885,28600000000.0,1470000000.0,10.18,-88.43
3.8e-05,1.6e-05,5e-13,3e-10,1.5e-10,0.0885,28600000000.0,1470000000.0,10.18,-88.56
3.8e-05,1.6e-05,5e-13,3e-10,2e-10,0.0885,28600000000.0,1470000000.0,10.18,-88.51
3.8e-05,1.6e-05,5e-13,3.5e-10,1e-10,0.0885,26700000000.0,1300000000.0,10.55,-92.7
3.8e-05,1.6e-05,5e-13,3.5e-10,5e-11,0.0885,26700000000.0,1300000000.0,10.55,-93.16
3.8e-05,1.6e-05,5e-13,3.5e-10,1.5e-10,0.0885,26700000000.0,1300000000.0,10.55,-92.03
3.8e-05,1.6e-05,5e-13,3.5e-10,2e-10,0.0885,26700000000.0,1300000000.0,10.55,-92.9
3.8e-05,1.6e-05,5e-13,3.5e-10,2.5e-10,0.0885,26700000000.0,1300000000.0,10.55,-92.82
3.8e-05,1.6e-05,5e-13,4.5e-10,1e-10,0.0885,24000000000.0,1090000000.0,11.05,-94.15
3.8e-05,1.6e-05,5e-13,4.5e-10,5e-11,0.0885,24000000000.0,1080000000.0,11.05,-94.44
3.8e-05,1.6e-05,5e-13,4.5e-10,1.5e-10,0.0885,24000000000.0,1090000000.0,11.05,-93.72
3.8e-05,1.6e-05,5e-13,4.5e-10,2e-10,0.0885,24000000000.0,1090000000.0,11.05,-94.08
3.8e-05,1.6e-05,5e-13,4.5e-10,2.5e-10,0.0885,24000000000.0,1090000000.0,11.05,-93.97
3.8e-05,1.6e-05,5e-13,5e-10,1e-10,0.0885,23100000000.0,1020000000.0,11.24,-92.41
3.8e-05,1.6e-05,5e-13,5e-10,5e-11,0.0885,23100000000.0,1020000000.0,11.24,-91.96
3.8e-05,1.6e-05,5e-13,5e-10,1.5e-10,0.0885,23100000000.0,1020000000.0,11.24,-92.25
3.8e-05,1.6e-05,5e-13,5e-10,2e-10,0.0885,23100000000.0,1020000000.0,11.24,-91.93
3.8e-05,1.6e-05,5e-13,5e-10,2.5e-10,0.0885,23100000000.0,1020000000.0,11.24,-91.9
3.8e-05,1.6e-05,3e-13,4e-10,1e-10,0.0885,25200000000.0,1180000000.0,10.82,-95.08
3.8e-05,1.6e-05,3e-13,4e-10,5e-11,0.0885,25200000000.0,1180000000.0,10.82,-95.19
3.8e-05,1.6e-05,3e-13,4e-10,1.5e-10,0.0885,25200000000.0,1180000000.0,10.82,-95.18
3.8e-05,1.6e-05,3e-13,3e-10,1e-10,0.0885,28600000000.0,1470000000.0,10.19,-88.66
3.8e-05,1.6e-05,3e-13,3e-10,1.5e-10,0.0885,28600000000.0,1470000000.0,10.18,-88.78
3.8e-05,1.6e-05,3e-13,3e-10,2e-10,0.0885,28600000000.0,1470000000.0,10.19,-88.6
3.8e-05,1.6e-05,3e-13,3e-10,2.5e-10,0.0885,28600000000.0,1470000000.0,10.18,-88.79
3.8e-05,1.6e-05,3e-13,3.5e-10,5e-11,0.0885,26700000000.0,1300000000.0,10.55,-94.26
3.8e-05,1.6e-05,3e-13,3.5e-10,1.5e-10,0.0885,26700000000.0,1300000000.0,10.55,-93.29
3.8e-05,1.6e-05,3e-13,3.5e-10,2e-10,0.0885,26700000000.0,1300000000.0,10.55,-93.07
3.8e-05,1.6e-05,3e-13,3.5e-10,2.5e-10,0.0885,26700000000.0,1300000000.0,10.55,-92.6
3.8e-05,1.6e-05,3e-13,4.5e-10,1e-10,0.0885,24000000000.0,1090000000.0,11.05,-94.0
3.8e-05,1.6e-05,3e-13,4.5e-10,5e-11,0.0885,24000000000.0,1090000000.0,11.05,-93.3
3.8e-05,1.6e-05,3e-13,4.5e-10,1.5e-10,0.0885,24000000000.0,1090000000.0,11.05,-93.54
3.8e-05,1.6e-05,3e-13,4.5e-10,2e-10,0.0885,24000000000.0,1090000000.0,11.05,-93.89
3.8e-05,1.6e-05,3e-13,4.5e-10,2.5e-10,0.0885,24000000000.0,1090000000.0,11.05,-93.48
3.8e-05,1.6e-05,3e-13,5e-10,1e-10,0.0885,23100000000.0,1020000000.0,11.24,-91.87
3.8e-05,1.6e-05,3e-13,5e-10,5e-11,0.0885,23100000000.0,1020000000.0,11.24,-91.69
3.8e-05,1.6e-05,3e-13,5e-10,1.5e-10,0.0885,23100000000.0,1020000000.0,11.24,-91.84
3.8e-05,1.6e-05,3e-13,5e-10,2e-10,0.0885,23100000000.0,1020000000.0,11.24,-91.68
3.8e-05,1.6e-05,3e-13,5e-10,2.5e-10,0.0885,23100000000.0,1020000000.0,11.24,-91.7
3.8e-05,1.6e-05,4e-13,4e-10,1e-10,0.0885,25200000000.0,1180000000.0,10.82,-95.02
3.8e-05,1.6e-05,4e-13,4e-10,2e-10,0.0885,25200000000.0,1180000000.0,10.82,-95.09
3.8e-05,1.6e-05,4e-13,3e-10,1e-10,0.0885,28600000000.0,1470000000.0,10.18,-88.63
3.8e-05,1.6e-05,4e-13,3e-10,5e-11,0.0885,28600000000.0,1470000000.0,10.18,-88.57
3.8e-05,1.6e-05,4e-13,3e-10,2e-10,0.0885,28600000000.0,1470000000.0,10.18,-88.53
3.8e-05,1.6e-05,4e-13,3.5e-10,1e-10,0.0885,26700000000.0,1300000000.0,10.55,-92.96
3.8e-05,1.6e-05,4e-13,3.5e-10,5e-11,0.0885,26700000000.0,1300000000.0,10.55,-92.86
3.8e-05,1.6e-05,4e-13,3.5e-10,1.5e-10,0.0885,26700000000.0,1300000000.0,10.55,-92.85
3.8e-05,1.6e-05,4e-13,3.5e-10,2e-10,0.0885,26700000000.0,1300000000.0,10.55,-93.06
3.8e-05,1.6e-05,4e-13,3.5e-10,2.5e-10,0.0885,26700000000.0,1300000000.0,10.55,-92.46
3.8e-05,1.6e-05,4e-13,4.5e-10,1e-10,0.0885,24000000000.0,1090000000.0,11.05,-94.14
3.8e-05,1.6e-05,4e-13,4.5e-10,5e-11,0.0885,24000000000.0,1090000000.0,11.05,-93.95
3.8e-05,1.6e-05,4e-13,4.5e-10,1.5e-10,0.0885,24000000000.0,1090000000.0,11.05,-93.79
3.8e-05,1.6e-05,4e-13,4.5e-10,2e-10,0.0885,24000000000.0,1090000000.0,11.05,-93.57
3.8e-05,1.6e-05,4e-13,4.5e-10,2.5e-10,0.0885,24000000000.0,1090000000.0,11.05,-93.86
3.8e-05,1.6e-05,4e-13,5e-10,1e-10,0.0885,23100000000.0,1020000000.0,11.24,-91.92
3.8e-05,1.6e-05,4e-13,5e-10,5e-11,0.0885,23100000000.0,1020000000.0,11.24,-91.74
3.8e-05,1.6e-05,4e-13,5e-10,1.5e-10,0.0885,23100000000.0,1030000000.0,11.24,-89.26
3.8e-05,1.6e-05,4e-13,5e-10,2e-10,0.0885,23100000000.0,1020000000.0,11.24,-91.71
3.8e-05,1.6e-05,6e-13,4e-10,1e-10,0.0885,25200000000.0,1180000000.0,10.82,-89.31
3.8e-05,1.6e-05,6e-13,4e-10,2e-10,0.0885,25200000000.0,1180000000.0,10.82,-88.95
3.8e-05,1.6e-05,6e-13,4e-10,2.5e-10,0.0885,25200000000.0,1170000000.0,10.82,-95.1
3.8e-05,1.6e-05,6e-13,3e-10,1e-10,0.0885,28600000000.0,1470000000.0,10.18,-88.58
3.8e-05,1.6e-05,6e-13,3e-10,5e-11,0.0885,28600000000.0,1470000000.0,10.18,-88.54
3.8e-05,1.6e-05,6e-13,3e-10,1.5e-10,0.0885,28600000000.0,1470000000.0,10.18,-88.55
3.8e-05,1.6e-05,6e-13,3.5e-10,1e-10,0.0885,26700000000.0,1300000000.0,10.55,-92.75
3.8e-05,1.6e-05,6e-13,3.5e-10,5e-11,0.0885,26700000000.0,1300000000.0,10.55,-92.55
3.8e-05,1.6e-05,6e-13,3.5e-10,1.5e-10,0.0885,26700000000.0,1300000000.0,10.55,-92.81
3.8e-05,1.6e-05,6e-13,4.5e-10,1e-10,0.0885,24000000000.0,1090000000.0,11.05,-93.98
3.8e-05,1.6e-05,6e-13,4.5e-10,5e-11,0.0885,24000000000.0,1090000000.0,11.05,-93.7
3.8e-05,1.6e-05,6e-13,4.5e-10,1.5e-10,0.0885,24000000000.0,1090000000.0,11.05,-93.82
3.8e-05,1.6e-05,6e-13,4.5e-10,2e-10,0.0885,24000000000.0,1080000000.0,11.05,-94.47
3.8e-05,1.6e-05,6e-13,4.5e-10,2.5e-10,0.0885,24000000000.0,1090000000.0,11.05,-93.93
3.8e-05,1.6e-05,6e-13,5e-10,1e-10,0.0885,23100000000.0,1020000000.0,11.24,-92.56
3.8e-05,1.6e-05,6e-13,5e-10,5e-11,0.0885,23100000000.0,1020000000.0,11.24,-91.36
3.8e-05,1.6e-05,6e-13,5e-10,1.5e-10,0.0885,23100000000.0,1020000000.0,11.24,-91.47
3.8e-05,1.6e-05,6e-13,5e-10,2e-10,0.0885,23100000000.0,1020000000.0,11.24,-92.17
3.8e-05,1.6e-05,6e-13,5e-10,2.5e-10,0.0885,23100000000.0,1020000000.0,11.24,-91.75
3.8e-05,1.6e-05,7e-13,4e-10,1e-10,0.0885,25200000000.0,1170000000.0,10.82,-95.04
3.8e-05,1.6e-05,7e-13,4e-10,5e-11,0.0885,25200000000.0,1180000000.0,10.82,-94.96
3.8e-05,1.6e-05,7e-13,4e-10,1.5e-10,0.0885,25200000000.0,1170000000.0,10.82,-95.15
3.8e-05,1.6e-05,7e-13,4e-10,2e-10,0.0885,25200000000.0,1180000000.0,10.82,-95.16
3.8e-05,1.6e-05,7e-13,4e-10,2.5e-10,0.0885,25200000000.0,1180000000.0,10.82,-93.26
3.8e-05,1.6e-05,7e-13,3e-10,1.5e-10,0.0885,28600000000.0,1470000000.0,10.18,-88.44
3.8e-05,1.6e-05,7e-13,3e-10,2e-10,0.0885,28600000000.0,1470000000.0,10.18,-88.47
3.8e-05,1.6e-05,7e-13,3.5e-10,1e-10,0.0885,26700000000.0,1300000000.0,10.55,-93.0
3.8e-05,1.6e-05,7e-13,3.5e-10,5e-11,0.0885,26700000000.0,1300000000.0,10.55,-92.67
3.8e-05,1.6e-05,7e-13,3.5e-10,1.5e-10,0.0885,26700000000.0,1300000000.0,10.55,-91.98
3.8e-05,1.6e-05,7e-13,3.5e-10,2.5e-10,0.0885,26700000000.0,1300000000.0,10.55,-93.04
3.8e-05,1.6e-05,7e-13,4.5e-10,1e-10,0.0885,24000000000.0,1090000000.0,11.05,-93.83
3.8e-05,1.6e-05,7e-13,4.5e-10,1.5e-10,0.0885,24000000000.0,1090000000.0,11.05,-93.75
3.8e-05,1.6e-05,7e-13,4.5e-10,2e-10,0.0885,24000000000.0,1090000000.0,11.05,-94.07
3.8e-05,1.6e-05,7e-13,4.5e-10,2.5e-10,0.0885,24000000000.0,1090000000.0,11.05,-94.44
3.8e-05,1.6e-05,7e-13,5e-10,1e-10,0.0885,23100000000.0,1020000000.0,11.24,-91.88
3.8e-05,1.6e-05,7e-13,5e-10,5e-11,0.0885,23100000000.0,1020000000.0,11.24,-89.29
3.8e-05,1.6e-05,7e-13,5e-10,1.5e-10,0.0885,23100000000.0,1020000000.0,11.24,-92.03
3.8e-05,1.6e-05,7e-13,5e-10,2e-10,0.0885,23100000000.0,1020000000.0,11.24,-92.0
3.8e-05,1.6e-05,7e-13,5e-10,2.5e-10,0.0885,23100000000.0,1020000000.0,11.24,-91.76
3.8e-05,1.7e-05,5e-13,4e-10,1e-10,0.0885,25100000000.0,1190000000.0,10.82,-95.16
3.8e-05,1.7e-05,5e-13,4e-10,5e-11,0.0885,25100000000.0,1190000000.0,10.82,-95.18
3.8e-05,1.7e-05,5e-13,4e-10,2e-10,0.0885,25100000000.0,1190000000.0,10.82,-95.17
3.8e-05,1.7e-05,5e-13,3e-10,1e-10,0.0885,28500000000.0,1480000000.0,10.18,-88.89
3.8e-05,1.7e-05,5e-13,3e-10,5e-11,0.0885,28500000000.0,1480000000.0,10.18,-88.94
3.8e-05,1.7e-05,5e-13,3e-10,1.5e-10,0.0885,28500000000.0,1480000000.0,10.18,-88.95
3.8e-05,1.7e-05,5e-13,3e-10,2e-10,0.0885,28500000000.0,1480000000.0,10.18,-89.01
3.8e-05,1.7e-05,5e-13,3e-10,2.5e-10,0.0885,28500000000.0,1480000000.0,10.18,-88.82
3.8e-05,1.7e-05,5e-13,3.5e-10,1e-10,0.0885,26600000000.0,1310000000.0,10.54,-92.86
3.8e-05,1.7e-05,5e-13,3.5e-10,5e-11,0.0885,26600000000.0,1310000000.0,10.54,-92.23
3.8e-05,1.7e-05,5e-13,3.5e-10,1.5e-10,0.0885,26600000000.0,1310000000.0,10.54,-93.0
3.8e-05,1.7e-05,5e-13,3.5e-10,2e-10,0.0885,26600000000.0,1310000000.0,10.54,-93.27
3.8e-05,1.7e-05,5e-13,3.5e-10,2.5e-10,0.0885,26600000000.0,1310000000.0,10.54,-93.06
3.8e-05,1.7e-05,5e-13,4.5e-10,1e-10,0.0885,23900000000.0,1100000000.0,11.05,-93.37
3.8e-05,1.7e-05,5e-13,4.5e-10,5e-11,0.0885,23900000000.0,1100000000.0,11.05,-93.78
3.8e-05,1.7e-05,5e-13,4.5e-10,1.5e-10,0.0885,23900000000.0,1100000000.0,11.05,-93.7
3.8e-05,1.7e-05,5e-13,4.5e-10,2e-10,0.0885,23900000000.0,1110000000.0,11.05,-93.87
3.8e-05,1.7e-05,5e-13,4.5e-10,2.5e-10,0.0885,23900000000.0,1100000000.0,11.05,-93.64
3.8e-05,1.7e-05,5e-13,5e-10,1e-10,0.0885,23000000000.0,1030000000.0,11.25,-91.5
3.8e-05,1.7e-05,5e-13,5e-10,5e-11,0.0885,23000000000.0,1030000000.0,11.25,-91.48
3.8e-05,1.7e-05,5e-13,5e-10,1.5e-10,0.0885,23000000000.0,1030000000.0,11.25,-91.56
3.8e-05,1.7e-05,5e-13,5e-10,2e-10,0.0885,23000000000.0,1030000000.0,11.25,-91.05
3.8e-05,1.7e-05,5e-13,5e-10,2.5e-10,0.0885,23000000000.0,1030000000.0,11.24,-92.17
3.8e-05,1.7e-05,3e-13,4e-10,1e-10,0.0885,25100000000.0,1190000000.0,10.82,-91.17
3.8e-05,1.7e-05,3e-13,4e-10,5e-11,0.0885,25100000000.0,1190000000.0,10.82,-95.03
3.8e-05,1.7e-05,3e-13,4e-10,1.5e-10,0.0885,25100000000.0,1190000000.0,10.82,-95.15
3.8e-05,1.7e-05,3e-13,4e-10,2e-10,0.0885,25100000000.0,1200000000.0,10.82,-93.96
3.8e-05,1.7e-05,3e-13,4e-10,2.5e-10,0.0885,25100000000.0,1200000000.0,10.82,-95.17
3.8e-05,1.7e-05,3e-13,3e-10,1e-10,0.0885,28500000000.0,1480000000.0,10.18,-89.1
3.8e-05,1.7e-05,3e-13,3e-10,5e-11,0.0885,28500000000.0,1480000000.0,10.18,-89.02
3.8e-05,1.7e-05,3e-13,3e-10,1.5e-10,0.0885,28500000000.0,1480000000.0,10.18,-89.09
3.8e-05,1.7e-05,3e-13,3e-10,2e-10,0.0885,28500000000.0,1480000000.0,10.18,-89.03
3.8e-05,1.7e-05,3e-13,3e-10,2.5e-10,0.0885,28500000000.0,1490000000.0,10.18,-89.04
3.8e-05,1.7e-05,3e-13,3.5e-10,1e-10,0.0885,26600000000.0,1310000000.0,10.54,-93.56
3.8e-05,1.7e-05,3e-13,3.5e-10,5e-11,0.0885,26600000000.0,1310000000.0,10.54,-93.55
3.8e-05,1.7e-05,3e-13,3.5e-10,1.5e-10,0.0885,26600000000.0,1310000000.0,10.54,-93.58
3.8e-05,1.7e-05,3e-13,3.5e-10,2e-10,0.0885,26600000000.0,1310000000.0,10.54,-93.45
3.8e-05,1.7e-05,3e-13,3.5e-10,2.5e-10,0.0885,26600000000.0,1310000000.0,10.55,-93.07
3.8e-05,1.7e-05,3e-13,4.5e-10,5e-11,0.0885,23900000000.0,1100000000.0,11.05,-93.15
3.8e-05,1.7e-05,3e-13,4.5e-10,1.5e-10,0.0885,23900000000.0,1100000000.0,11.05,-93.61
3.8e-05,1.7e-05,3e-13,4.5e-10,2e-10,0.0885,23900000000.0,1110000000.0,11.05,-93.65
3.8e-05,1.7e-05,3e-13,4.5e-10,2.5e-10,0.0885,23900000000.0,1100000000.0,11.05,-93.96
3.8e-05,1.7e-05,3e-13,5e-10,1e-10,0.0885,23000000000.0,1030000000.0,11.25,-91.29
3.8e-05,1.7e-05,3e-13,5e-10,5e-11,0.0885,23000000000.0,1030000000.0,11.25,-91.7
3.8e-05,1.7e-05,3e-13,5e-10,1.5e-10,0.0885,23000000000.0,1030000000.0,11.25,-91.71
3.8e-05,1.7e-05,3e-13,5e-10,2e-10,0.0885,23000000000.0,1030000000.0,11.25,-91.11
3.8e-05,1.7e-05,3e-13,5e-10,2.5e-10,0.0885,23000000000.0,1030000000.0,11.24,-92.25
3.8e-05,1.7e-05,4e-13,4e-10,2e-10,0.0885,25100000000.0,1190000000.0,10.82,-94.92
3.8e-05,1.7e-05,4e-13,4e-10,2.5e-10,0.0885,25100000000.0,1190000000.0,10.82,-95.19
3.8e-05,1.7e-05,4e-13,3e-10,1e-10,0.0885,28500000000.0,1480000000.0,10.18,-87.78
3.8e-05,1.7e-05,4e-13,3e-10,5e-11,0.0885,28500000000.0,1480000000.0,10.18,-89.05
3.8e-05,1.7e-05,4e-13,3e-10,1.5e-10,0.0885,28500000000.0,1480000000.0,10.18,-88.85
3.8e-05,1.7e-05,4e-13,3e-10,2e-10,0.0885,28500000000.0,1480000000.0,10.18,-88.88
3.8e-05,1.7e-05,4e-13,3.5e-10,1e-10,0.0885,26600000000.0,1310000000.0,10.54,-93.08
3.8e-05,1.7e-05,4e-13,3.5e-10,5e-11,0.0885,26600000000.0,1310000000.0,10.55,-93.01
3.8e-05,1.7e-05,4e-13,3.5e-10,2e-10,0.0885,26600000000.0,1310000000.0,10.55,-93.12
3.8e-05,1.7e-05,4e-13,4.5e-10,1e-10,0.0885,23900000000.0,1110000000.0,11.05,-93.88
3.8e-05,1.7e-05,4e-13,4.5e-10,5e-11,0.0885,23900000000.0,1100000000.0,11.05,-93.12
3.8e-05,1.7e-05,4e-13,4.5e-10,2e-10,0.0885,23900000000.0,1100000000.0,11.05,-93.97
3.8e-05,1.7e-05,4e-13,4.5e-10,2.5e-10,0.0885,23900000000.0,1100000000.0,11.05,-93.68
3.8e-05,1.7e-05,4e-13,5e-10,1e-10,0.0885,23000000000.0,1030000000.0,11.24,-91.74
3.8e-05,1.7e-05,4e-13,5e-10,5e-11,0.0885,23000000000.0,1030000000.0,11.25,-91.72
3.8e-05,1.7e-05,4e-13,5e-10,1.5e-10,0.0885,23000000000.0,1030000000.0,11.24,-91.32
3.8e-05,1.7e-05,4e-13,5e-10,2e-10,0.0885,23000000000.0,1030000000.0,11.24,-91.67
3.8e-05,1.7e-05,4e-13,5e-10,2.5e-10,0.0885,23000000000.0,1030000000.0,11.24,-91.57
3.8e-05,1.7e-05,6e-13,4e-10,2.5e-10,0.0885,25100000000.0,1190000000.0,10.82,-94.93
3.8e-05,1.7e-05,6e-13,3e-10,5e-11,0.0885,28500000000.0,1480000000.0,10.18,-88.84
3.8e-05,1.7e-05,6e-13,3e-10,2e-10,0.0885,28500000000.0,1480000000.0,10.18,-87.79
3.8e-05,1.7e-05,6e-13,3e-10,2.5e-10,0.0885,28500000000.0,1480000000.0,10.18,-88.93
3.8e-05,1.7e-05,6e-13,3.5e-10,1e-10,0.0885,26600000000.0,1310000000.0,10.54,-93.25
3.8e-05,1.7e-05,6e-13,3.5e-10,5e-11,0.0885,26600000000.0,1310000000.0,10.54,-93.42
3.8e-05,1.7e-05,6e-13,3.5e-10,1.5e-10,0.0885,26600000000.0,1310000000.0,10.54,-93.33
3.8e-05,1.7e-05,6e-13,3.5e-10,2.5e-10,0.0885,26600000000.0,1310000000.0,10.54,-92.97
3.8e-05,1.7e-05,6e-13,4.5e-10,1e-10,0.0885,23900000000.0,1100000000.0,11.05,-93.56
3.8e-05,1.7e-05,6e-13,4.5e-10,5e-11,0.0885,23900000000.0,1100000000.0,11.05,-93.71
3.8e-05,1.7e-05,6e-13,4.5e-10,1.5e-10,0.0885,23900000000.0,1100000000.0,11.05,-93.65
3.8e-05,1.7e-05,6e-13,4.5e-10,2.5e-10,0.0885,23900000000.0,1100000000.0,11.05,-93.88
3.8e-05,1.7e-05,6e-13,5e-10,1e-10,0.0885,23000000000.0,1030000000.0,11.25,-91.41
3.8e-05,1.7e-05,6e-13,5e-10,5e-11,0.0885,23000000000.0,1030000000.0,11.25,-92.34
3.8e-05,1.7e-05,6e-13,5e-10,1.5e-10,0.0885,23000000000.0,1030000000.0,11.25,-91.8
3.8e-05,1.7e-05,6e-13,5e-10,2e-10,0.0885,23000000000.0,1030000000.0,11.25,-91.64
3.8e-05,1.7e-05,6e-13,5e-10,2.5e-10,0.0885,23000000000.0,1030000000.0,11.25,-91.68
3.8e-05,1.7e-05,7e-13,4e-10,1.5e-10,0.0885,25100000000.0,1190000000.0,10.82,-95.21
3.8e-05,1.7e-05,7e-13,3e-10,1e-10,0.0885,28500000000.0,1480000000.0,10.18,-88.87
3.8e-05,1.7e-05,7e-13,3e-10,5e-11,0.0885,28500000000.0,1480000000.0,10.18,-88.96
3.8e-05,1.7e-05,7e-13,3e-10,2e-10,0.0885,28500000000.0,1480000000.0,10.18,-88.8
3.8e-05,1.7e-05,7e-13,3.5e-10,1e-10,0.0885,26600000000.0,1310000000.0,10.54,-93.24
3.8e-05,1.7e-05,7e-13,3.5e-10,5e-11,0.0885,26600000000.0,1310000000.0,10.54,-93.32
3.8e-05,1.7e-05,7e-13,3.5e-10,1.5e-10,0.0885,26600000000.0,1310000000.0,10.54,-93.18
3.8e-05,1.7e-05,7e-13,3.5e-10,2e-10,0.0885,26600000000.0,1310000000.0,10.54,-93.29
3.8e-05,1.7e-05,7e-13,3.5e-10,2.5e-10,0.0885,26600000000.0,1310000000.0,10.54,-93.39
3.8e-05,1.7e-05,7e-13,4.5e-10,1e-10,0.0885,23900000000.0,1100000000.0,11.05,-93.14
3.8e-05,1.7e-05,7e-13,4.5e-10,5e-11,0.0885,23900000000.0,1100000000.0,11.05,-93.66
3.8e-05,1.7e-05,7e-13,4.5e-10,1.5e-10,0.0885,23900000000.0,1100000000.0,11.05,-93.35
3.8e-05,1.7e-05,7e-13,4.5e-10,2e-10,0.0885,23900000000.0,1110000000.0,11.05,-93.95
3.8e-05,1.7e-05,7e-13,4.5e-10,2.5e-10,0.0885,23900000000.0,1100000000.0,11.05,-93.73
3.8e-05,1.7e-05,7e-13,5e-10,5e-11,0.0885,23000000000.0,1030000000.0,11.24,-91.93
3.8e-05,1.7e-05,7e-13,5e-10,1.5e-10,0.0885,23000000000.0,1030000000.0,11.25,-91.89
3.8e-05,1.7e-05,7e-13,5e-10,2e-10,0.0885,23000000000.0,1030000000.0,11.25,-91.62
3.8e-05,1.8e-05,5e-13,4e-10,1e-10,0.0885,25000000000.0,1190000000.0,10.82,-95.21
3.8e-05,1.8e-05,5e-13,4e-10,5e-11,0.0885,25000000000.0,1190000000.0,10.82,-95.2
3.8e-05,1.8e-05,5e-13,4e-10,1.5e-10,0.0885,25000000000.0,1190000000.0,10.82,-95.15
3.8e-05,1.8e-05,5e-13,4e-10,2e-10,0.0885,25000000000.0,1190000000.0,10.82,-94.82
3.8e-05,1.8e-05,5e-13,4e-10,2.5e-10,0.0885,25000000000.0,1190000000.0,10.82,-95.05
3.8e-05,1.8e-05,5e-13,3e-10,1e-10,0.0885,28400000000.0,1490000000.0,10.17,-89.14
3.8e-05,1.8e-05,5e-13,3e-10,5e-11,0.0885,28400000000.0,1490000000.0,10.17,-89.21
3.8e-05,1.8e-05,5e-13,3e-10,1.5e-10,0.0885,28400000000.0,1490000000.0,10.17,-89.11
3.8e-05,1.8e-05,5e-13,3e-10,2e-10,0.0885,28400000000.0,1490000000.0,10.17,-89.19
3.8e-05,1.8e-05,5e-13,3e-10,2.5e-10,0.0885,28400000000.0,1490000000.0,10.17,-89.13
3.8e-05,1.8e-05,5e-13,3.5e-10,1e-10,0.0885,26500000000.0,1310000000.0,10.54,-92.89
3.8e-05,1.8e-05,5e-13,3.5e-10,5e-11,0.0885,26500000000.0,1320000000.0,10.54,-93.57
3.8e-05,1.8e-05,5e-13,3.5e-10,1.5e-10,0.0885,26500000000.0,1310000000.0,10.54,-93.06
3.8e-05,1.8e-05,5e-13,3.5e-10,2e-10,0.0885,26500000000.0,1320000000.0,10.54,-93.61
3.8e-05,1.8e-05,5e-13,3.5e-10,2.5e-10,0.0885,26500000000.0,1310000000.0,10.54,-93.22
3.8e-05,1.8e-05,5e-13,4.5e-10,1e-10,0.0885,23800000000.0,1100000000.0,11.05,-93.43
3.8e-05,1.8e-05,5e-13,4.5e-10,5e-11,0.0885,23800000000.0,1100000000.0,11.05,-93.04
3.8e-05,1.8e-05,5e-13,4.5e-10,1.5e-10,0.0885,23800000000.0,1100000000.0,11.05,-94.02
3.8e-05,1.8e-05,5e-13,4.5e-10,2e-10,0.0885,23800000000.0,1110000000.0,11.05,-93.44
3.8e-05,1.8e-05,5e-13,4.5e-10,2.5e-10,0.0885,23800000000.0,1110000000.0,11.05,-93.86
3.8e-05,1.8e-05,5e-13,5e-10,1e-10,0.0885,22900000000.0,1040000000.0,11.25,-91.05
3.8e-05,1.8e-05,5e-13,5e-10,5e-11,0.0885,22900000000.0,1040000000.0,11.25,-91.26
3.8e-05,1.8e-05,5e-13,5e-10,1.5e-10,0.0885,22900000000.0,1030000000.0,11.25,-91.8
3.8e-05,1.8e-05,5e-13,5e-10,2e-10,0.0885,22900000000.0,1030000000.0,11.25,-91.3
3.8e-05,1.8e-05,5e-13,5e-10,2.5e-10,0.0885,22900000000.0,1040000000.0,11.25,-88.99
3.8e-05,1.8e-05,3e-13,4e-10,1e-10,0.0885,25000000000.0,1200000000.0,10.82,-95.23
3.8e-05,1.8e-05,3e-13,4e-10,5e-11,0.0885,25000000000.0,1190000000.0,10.82,-94.98
3.8e-05,1.8e-05,3e-13,4e-10,2.5e-10,0.0885,25000000000.0,1190000000.0,10.82,-95.22
3.8e-05,1.8e-05,3e-13,3e-10,1e-10,0.0885,28400000000.0,1490000000.0,10.17,-89.26
3.8e-05,1.8e-05,3e-13,3e-10,5e-11,0.0885,28400000000.0,1490000000.0,10.17,-89.39
3.8e-05,1.8e-05,3e-13,3e-10,1.5e-10,0.0885,28400000000.0,1490000000.0,10.17,-89.22
3.8e-05,1.8e-05,3e-13,3e-10,2e-10,0.0885,28400000000.0,1490000000.0,10.17,-89.3
3.8e-05,1.8e-05,3e-13,3e-10,2.5e-10,0.0885,28400000000.0,1490000000.0,10.17,-89.33
3.8e-05,1.8e-05,3e-13,3.5e-10,1e-10,0.0885,26500000000.0,1320000000.0,10.54,-93.72
3.8e-05,1.8e-05,3e-13,3.5e-10,5e-11,0.0885,26500000000.0,1320000000.0,10.54,-93.84
3.8e-05,1.8e-05,3e-13,3.5e-10,1.5e-10,0.0885,26500000000.0,1320000000.0,10.54,-93.27
3.8e-05,1.8e-05,3e-13,3.5e-10,2e-10,0.0885,26500000000.0,1320000000.0,10.54,-93.68
3.8e-05,1.8e-05,3e-13,3.5e-10,2.5e-10,0.0885,26500000000.0,1310000000.0,10.54,-93.51
3.8e-05,1.8e-05,3e-13,4.5e-10,1e-10,0.0885,23800000000.0,1110000000.0,11.05,-93.8
3.8e-05,1.8e-05,3e-13,4.5e-10,5e-11,0.0885,23800000000.0,1110000000.0,11.05,-93.24
3.8e-05,1.8e-05,3e-13,4.5e-10,1.5e-10,0.0885,23800000000.0,1110000000.0,11.05,-93.53
3.8e-05,1.8e-05,3e-13,4.5e-10,2.5e-10,0.0885,23800000000.0,1110000000.0,11.05,-93.93
3.8e-05,1.8e-05,3e-13,5e-10,1e-10,0.0885,22900000000.0,1040000000.0,11.25,-92.04
3.8e-05,1.8e-05,3e-13,5e-10,5e-11,0.0885,22900000000.0,1040000000.0,11.25,-91.34
3.8e-05,1.8e-05,3e-13,5e-10,1.5e-10,0.0885,22900000000.0,1040000000.0,11.25,-91.46
3.8e-05,1.8e-05,3e-13,5e-10,2e-10,0.0885,22900000000.0,1040000000.0,11.25,-91.73
3.8e-05,1.8e-05,3e-13,5e-10,2.5e-10,0.0885,22900000000.0,1030000000.0,11.24,-91.82
3.8e-05,1.8e-05,4e-13,4e-10,1e-10,0.0885,25000000000.0,1200000000.0,10.82,-95.19
3.8e-05,1.8e-05,4e-13,4e-10,5e-11,0.0885,25000000000.0,1200000000.0,10.82,-94.61
3.8e-05,1.8e-05,4e-13,4e-10,1.5e-10,0.0885,25000000000.0,1200000000.0,10.82,-95.14
3.8e-05,1.8e-05,4e-13,4e-10,2e-10,0.0885,25000000000.0,1200000000.0,10.82,-95.21
3.8e-05,1.8e-05,4e-13,3e-10,5e-11,0.0885,28400000000.0,1490000000.0,10.17,-89.16
3.8e-05,1.8e-05,4e-13,3e-10,1.5e-10,0.0885,28400000000.0,1490000000.0,10.17,-89.15
3.8e-05,1.8e-05,4e-13,3e-10,2e-10,0.0885,28400000000.0,1490000000.0,10.17,-89.29
3.8e-05,1.8e-05,4e-13,3.5e-10,1e-10,0.0885,26500000000.0,1320000000.0,10.54,-93.63
3.8e-05,1.8e-05,4e-13,3.5e-10,2e-10,0.0885,26500000000.0,1310000000.0,10.54,-92.55
3.8e-05,1.8e-05,4e-13,3.5e-10,2.5e-10,0.0885,26500000000.0,1320000000.0,10.54,-93.38
3.8e-05,1.8e-05,4e-13,4.5e-10,1e-10,0.0885,23800000000.0,1110000000.0,11.05,-92.27
3.8e-05,1.8e-05,4e-13,4.5e-10,5e-11,0.0885,23800000000.0,1100000000.0,11.05,-93.33
3.8e-05,1.8e-05,4e-13,4.5e-10,1.5e-10,0.0885,23800000000.0,1110000000.0,11.05,-93.6
3.8e-05,1.8e-05,4e-13,4.5e-10,2e-10,0.0885,23800000000.0,1110000000.0,11.05,-93.63
3.8e-05,1.8e-05,4e-13,4.5e-10,2.5e-10,0.0885,23800000000.0,1100000000.0,11.05,-93.52
3.8e-05,1.8e-05,4e-13,5e-10,1e-10,0.0885,22900000000.0,1040000000.0,11.25,-91.4
3.8e-05,1.8e-05,4e-13,5e-10,5e-11,0.0885,22900000000.0,1030000000.0,11.25,-92.37
3.8e-05,1.8e-05,4e-13,5e-10,1.5e-10,0.0885,22900000000.0,1040000000.0,11.25,-91.48
3.8e-05,1.8e-05,4e-13,5e-10,2.5e-10,0.0885,22900000000.0,1040000000.0,11.25,-91.8
3.8e-05,1.8e-05,6e-13,4e-10,1e-10,0.0885,25000000000.0,1190000000.0,10.82,-94.74
3.8e-05,1.8e-05,6e-13,4e-10,1.5e-10,0.0885,25000000000.0,1190000000.0,10.82,-95.16
3.8e-05,1.8e-05,6e-13,4e-10,2e-10,0.0885,25000000000.0,1200000000.0,10.82,-94.93
3.8e-05,1.8e-05,6e-13,4e-10,2.5e-10,0.0885,25000000000.0,1200000000.0,10.82,-95.15
3.8e-05,1.8e-05,6e-13,3e-10,1e-10,0.0885,28400000000.0,1490000000.0,10.17,-89.27
3.8e-05,1.8e-05,6e-13,3e-10,5e-11,0.0885,28400000000.0,1490000000.0,10.17,-89.06
3.8e-05,1.8e-05,6e-13,3e-10,1.5e-10,0.0885,28400000000.0,1490000000.0,10.17,-89.2
3.8e-05,1.8e-05,6e-13,3.5e-10,1e-10,0.0885,26500000000.0,1320000000.0,10.54,-93.66
3.8e-05,1.8e-05,6e-13,3.5e-10,5e-11,0.0885,26500000000.0,1320000000.0,10.54,-93.23
3.8e-05,1.8e-05,6e-13,3.5e-10,1.5e-10,0.0885,26500000000.0,1320000000.0,10.54,-93.19
3.8e-05,1.8e-05,6e-13,3.5e-10,2e-10,0.0885,26500000000.0,1310000000.0,10.54,-93.4
3.8e-05,1.8e-05,6e-13,3.5e-10,2.5e-10,0.0885,26500000000.0,1310000000.0,10.54,-93.29
3.8e-05,1.8e-05,6e-13,4.5e-10,1e-10,0.0885,23800000000.0,1110000000.0,11.05,-93.59
3.8e-05,1.8e-05,6e-13,4.5e-10,5e-11,0.0885,23800000000.0,1110000000.0,11.05,-93.0
3.8e-05,1.8e-05,6e-13,4.5e-10,1.5e-10,0.0885,23800000000.0,1100000000.0,11.05,-93.45
3.8e-05,1.8e-05,6e-13,4.5e-10,2e-10,0.0885,23800000000.0,1100000000.0,11.05,-93.81
3.8e-05,1.8e-05,6e-13,5e-10,5e-11,0.0885,22900000000.0,1040000000.0,11.25,-91.77
3.8e-05,1.8e-05,6e-13,5e-10,1.5e-10,0.0885,22900000000.0,1040000000.0,11.25,-91.16
3.8e-05,1.8e-05,6e-13,5e-10,2e-10,0.0885,22900000000.0,1040000000.0,11.25,-91.67
3.8e-05,1.8e-05,6e-13,5e-10,2.5e-10,0.0885,22900000000.0,1030000000.0,11.25,-91.24
3.8e-05,1.8e-05,7e-13,4e-10,1e-10,0.0885,25000000000.0,1200000000.0,10.82,-95.07
3.8e-05,1.8e-05,7e-13,4e-10,5e-11,0.0885,25000000000.0,1190000000.0,10.82,-95.1
3.8e-05,1.8e-05,7e-13,3e-10,5e-11,0.0885,28400000000.0,1490000000.0,10.17,-89.17
3.8e-05,1.8e-05,7e-13,3e-10,1.5e-10,0.0885,28400000000.0,1490000000.0,10.17,-89.24
3.8e-05,1.8e-05,7e-13,3.5e-10,1e-10,0.0885,26500000000.0,1320000000.0,10.54,-93.46
3.8e-05,1.8e-05,7e-13,3.5e-10,5e-11,0.0885,26500000000.0,1310000000.0,10.54,-93.69
3.8e-05,1.8e-05,7e-13,3.5e-10,1.5e-10,0.0885,26500000000.0,1320000000.0,10.54,-94.34
3.8e-05,1.8e-05,7e-13,3.5e-10,2.5e-10,0.0885,26500000000.0,1320000000.0,10.54,-93.56
3.8e-05,1.8e-05,7e-13,4.5e-10,1e-10,0.0885,23800000000.0,1100000000.0,11.04,-93.74
3.8e-05,1.8e-05,7e-13,4.5e-10,5e-11,0.0885,23800000000.0,1100000000.0,11.04,-93.55
3.8e-05,1.8e-05,7e-13,4.5e-10,2e-10,0.0885,23800000000.0,1110000000.0,11.05,-94.02
3.8e-05,1.8e-05,7e-13,4.5e-10,2.5e-10,0.0885,23800000000.0,1110000000.0,11.05,-92.64
3.8e-05,1.8e-05,7e-13,5e-10,1e-10,0.0885,22900000000.0,1030000000.0,11.25,-91.46
3.8e-05,1.8e-05,7e-13,5e-10,5e-11,0.0885,22900000000.0,1040000000.0,11.25,-91.65
3.8e-05,1.8e-05,7e-13,5e-10,1.5e-10,0.0885,22900000000.0,1030000000.0,11.25,-91.32
3.8e-05,1.8e-05,7e-13,5e-10,2e-10,0.0885,22900000000.0,1030000000.0,11.25,-91.89
3.8e-05,1.8e-05,7e-13,5e-10,2.5e-10,0.0885,22900000000.0,1040000000.0,11.25,-91.03
3.8e-05,1.9e-05,5e-13,4e-10,1e-10,0.0885,24900000000.0,1200000000.0,10.81,-95.15
3.8e-05,1.9e-05,5e-13,4e-10,5e-11,0.0885,24900000000.0,1190000000.0,10.81,-95.17
3.8e-05,1.9e-05,5e-13,4e-10,2e-10,0.0885,24900000000.0,1200000000.0,10.81,-95.03
3.8e-05,1.9e-05,5e-13,4e-10,2.5e-10,0.0885,24900000000.0,1200000000.0,10.81,-95.22
3.8e-05,1.9e-05,5e-13,3e-10,1e-10,0.0885,28300000000.0,1490000000.0,10.15,-89.42
3.8e-05,1.9e-05,5e-13,3e-10,5e-11,0.0885,28300000000.0,1480000000.0,10.15,-89.54
3.8e-05,1.9e-05,5e-13,3e-10,1.5e-10,0.0885,28300000000.0,1490000000.0,10.15,-89.41
3.8e-05,1.9e-05,5e-13,3e-10,2e-10,0.0885,28300000000.0,1490000000.0,10.15,-89.45
3.8e-05,1.9e-05,5e-13,3e-10,2.5e-10,0.0885,28300000000.0,1490000000.0,10.15,-89.5
3.8e-05,1.9e-05,5e-13,3.5e-10,1e-10,0.0885,26400000000.0,1310000000.0,10.53,-93.58
3.8e-05,1.9e-05,5e-13,3.5e-10,5e-11,0.0885,26400000000.0,1310000000.0,10.53,-93.73
3.8e-05,1.9e-05,5e-13,3.5e-10,1.5e-10,0.0885,26400000000.0,1320000000.0,10.53,-93.79
3.8e-05,1.9e-05,5e-13,3.5e-10,2e-10,0.0885,26400000000.0,1310000000.0,10.53,-93.67
3.8e-05,1.9e-05,5e-13,3.5e-10,2.5e-10,0.0885,26400000000.0,1310000000.0,10.53,-93.95
3.8e-05,1.9e-05,5e-13,4.5e-10,1e-10,0.0885,23800000000.0,1110000000.0,11.04,-92.99
3.8e-05,1.9e-05,5e-13,4.5e-10,5e-11,0.0885,23800000000.0,1110000000.0,11.04,-93.1
3.8e-05,1.9e-05,5e-13,4.5e-10,1.5e-10,0.0885,23800000000.0,1100000000.0,11.04,-93.23
3.8e-05,1.9e-05,5e-13,4.5e-10,2e-10,0.0885,23800000000.0,1100000000.0,11.04,-93.35
3.8e-05,1.9e-05,5e-13,4.5e-10,2.5e-10,0.0885,23700000000.0,1110000000.0,11.04,-93.66
3.8e-05,1.9e-05,5e-13,5e-10,1e-10,0.0885,22800000000.0,1040000000.0,11.24,-91.34
3.8e-05,1.9e-05,5e-13,5e-10,5e-11,0.0885,22800000000.0,1040000000.0,11.25,-90.89
3.8e-05,1.9e-05,5e-13,5e-10,1.5e-10,0.0885,22800000000.0,1040000000.0,11.24,-91.67
3.8e-05,1.9e-05,5e-13,5e-10,2e-10,0.0885,22800000000.0,1040000000.0,11.24,-91.38
3.8e-05,1.9e-05,5e-13,5e-10,2.5e-10,0.0885,22800000000.0,1040000000.0,11.24,-91.24
3.8e-05,1.9e-05,3e-13,4e-10,1e-10,0.0885,24900000000.0,1200000000.0,10.81,-95.14
3.8e-05,1.9e-05,3e-13,4e-10,5e-11,0.0885,24900000000.0,1200000000.0,10.81,-95.16
3.8e-05,1.9e-05,3e-13,4e-10,1.5e-10,0.0885,24900000000.0,1200000000.0,10.81,-94.78
3.8e-05,1.9e-05,3e-13,4e-10,2e-10,0.0885,24900000000.0,1190000000.0,10.81,-95.2
3.8e-05,1.9e-05,3e-13,4e-10,2.5e-10,0.0885,24900000000.0,1200000000.0,10.81,-95.09
3.8e-05,1.9e-05,3e-13,3e-10,1e-10,0.0885,28300000000.0,1490000000.0,10.15,-89.46
3.8e-05,1.9e-05,3e-13,3e-10,5e-11,0.0885,28300000000.0,1490000000.0,10.16,-89.69
3.8e-05,1.9e-05,3e-13,3e-10,1.5e-10,0.0885,28300000000.0,1490000000.0,10.16,-89.46
3.8e-05,1.9e-05,3e-13,3e-10,2e-10,0.0885,28300000000.0,1490000000.0,10.15,-89.72
3.8e-05,1.9e-05,3e-13,3e-10,2.5e-10,0.0885,28300000000.0,1490000000.0,10.15,-89.68
3.8e-05,1.9e-05,3e-13,3.5e-10,1e-10,0.0885,26400000000.0,1310000000.0,10.53,-93.74
3.8e-05,1.9e-05,3e-13,3.5e-10,5e-11,0.0885,26400000000.0,1310000000.0,10.53,-93.5
3.8e-05,1.9e-05,3e-13,3.5e-10,1.5e-10,0.0885,26400000000.0,1320000000.0,10.53,-94.03
3.8e-05,1.9e-05,3e-13,3.5e-10,2e-10,0.0885,26400000000.0,1320000000.0,10.53,-93.46
3.8e-05,1.9e-05,3e-13,3.5e-10,2.5e-10,0.0885,26400000000.0,1310000000.0,10.53,-93.59
3.8e-05,1.9e-05,3e-13,4.5e-10,1e-10,0.0885,23800000000.0,1110000000.0,11.04,-93.2
3.8e-05,1.9e-05,3e-13,4.5e-10,5e-11,0.0885,23800000000.0,1110000000.0,11.04,-92.97
3.8e-05,1.9e-05,3e-13,4.5e-10,1.5e-10,0.0885,23800000000.0,1110000000.0,11.04,-92.71
3.8e-05,1.9e-05,3e-13,4.5e-10,2e-10,0.0885,23800000000.0,1110000000.0,11.04,-93.56
3.8e-05,1.9e-05,3e-13,4.5e-10,2.5e-10,0.0885,23800000000.0,1110000000.0,11.04,-93.25
3.8e-05,1.9e-05,3e-13,5e-10,1e-10,0.0885,22800000000.0,1040000000.0,11.25,-90.87
3.8e-05,1.9e-05,3e-13,5e-10,5e-11,0.0885,22800000000.0,1030000000.0,11.24,-90.9
3.8e-05,1.9e-05,3e-13,5e-10,1.5e-10,0.0885,22800000000.0,1040000000.0,11.24,-91.57
3.8e-05,1.9e-05,3e-13,5e-10,2e-10,0.0885,22800000000.0,1040000000.0,11.24,-91.55
3.8e-05,1.9e-05,3e-13,5e-10,2.5e-10,0.0885,22800000000.0,1040000000.0,11.24,-91.45
3.8e-05,1.9e-05,4e-13,4e-10,1e-10,0.0885,24900000000.0,1200000000.0,10.81,-95.12
3.8e-05,1.9e-05,4e-13,4e-10,5e-11,0.0885,24900000000.0,1190000000.0,10.81,-95.14
3.8e-05,1.9e-05,4e-13,4e-10,1.5e-10,0.0885,24900000000.0,1200000000.0,10.81,-95.11
3.8e-05,1.9e-05,4e-13,4e-10,2e-10,0.0885,24900000000.0,1190000000.0,10.81,-95.19
3.8e-05,1.9e-05,4e-13,3e-10,5e-11,0.0885,28300000000.0,1490000000.0,10.15,-88.71
3.8e-05,1.9e-05,4e-13,3e-10,1.5e-10,0.0885,28300000000.0,1490000000.0,10.15,-89.47
3.8e-05,1.9e-05,4e-13,3e-10,2e-10,0.0885,28300000000.0,1490000000.0,10.15,-89.52
3.8e-05,1.9e-05,4e-13,3.5e-10,1e-10,0.0885,26400000000.0,1310000000.0,10.53,-93.65
3.8e-05,1.9e-05,4e-13,3.5e-10,5e-11,0.0885,26400000000.0,1320000000.0,10.53,-93.41
3.8e-05,1.9e-05,4e-13,3.5e-10,1.5e-10,0.0885,26400000000.0,1310000000.0,10.53,-93.94
3.8e-05,1.9e-05,4e-13,3.5e-10,2e-10,0.0885,26400000000.0,1310000000.0,10.53,-92.96
3.8e-05,1.9e-05,4e-13,3.5e-10,2.5e-10,0.0885,26400000000.0,1310000000.0,10.53,-93.6
3.8e-05,1.9e-05,4e-13,4.5e-10,1e-10,0.0885,23800000000.0,1110000000.0,11.04,-93.59
3.8e-05,1.9e-05,4e-13,4.5e-10,5e-11,0.0885,23800000000.0,1100000000.0,11.04,-93.59
3.8e-05,1.9e-05,4e-13,4.5e-10,1.5e-10,0.0885,23800000000.0,1110000000.0,11.04,-93.35
3.8e-05,1.9e-05,4e-13,4.5e-10,2e-10,0.0885,23800000000.0,1110000000.0,11.04,-93.27
3.8e-05,1.9e-05,4e-13,4.5e-10,2.5e-10,0.0885,23800000000.0,1100000000.0,11.04,-93.29
3.8e-05,1.9e-05,4e-13,5e-10,1e-10,0.0885,22800000000.0,1040000000.0,11.24,-91.26
3.8e-05,1.9e-05,4e-13,5e-10,5e-11,0.0885,22800000000.0,1030000000.0,11.25,-91.02
3.8e-05,1.9e-05,4e-13,5e-10,1.5e-10,0.0885,22800000000.0,1040000000.0,11.24,-91.46
3.8e-05,1.9e-05,4e-13,5e-10,2e-10,0.0885,22800000000.0,1040000000.0,11.25,-91.19
3.8e-05,1.9e-05,4e-13,5e-10,2.5e-10,0.0885,22800000000.0,1040000000.0,11.24,-91.36
3.8e-05,1.9e-05,6e-13,4e-10,1e-10,0.0885,24900000000.0,1190000000.0,10.81,-95.16
3.8e-05,1.9e-05,6e-13,4e-10,2e-10,0.0885,24900000000.0,1190000000.0,10.81,-95.13
3.8e-05,1.9e-05,6e-13,4e-10,2.5e-10,0.0885,24900000000.0,1200000000.0,10.81,-94.13
3.8e-05,1.9e-05,6e-13,3e-10,1e-10,0.0885,28300000000.0,1490000000.0,10.15,-89.4
3.8e-05,1.9e-05,6e-13,3e-10,5e-11,0.0885,28300000000.0,1490000000.0,10.15,-89.65
3.8e-05,1.9e-05,6e-13,3e-10,2e-10,0.0885,28300000000.0,1480000000.0,10.15,-89.57
3.8e-05,1.9e-05,6e-13,3e-10,2.5e-10,0.0885,28300000000.0,1480000000.0,10.15,-89.5
3.8e-05,1.9e-05,6e-13,3.5e-10,1e-10,0.0885,26400000000.0,1320000000.0,10.53,-93.59
3.8e-05,1.9e-05,6e-13,3.5e-10,5e-11,0.0885,26400000000.0,1320000000.0,10.53,-93.67
3.8e-05,1.9e-05,6e-13,3.5e-10,1.5e-10,0.0885,26400000000.0,1310000000.0,10.53,-93.53
3.8e-05,1.9e-05,6e-13,3.5e-10,2.5e-10,0.0885,26400000000.0,1320000000.0,10.53,-93.55
3.8e-05,1.9e-05,6e-13,4.5e-10,1e-10,0.0885,23700000000.0,1110000000.0,11.04,-93.28
3.8e-05,1.9e-05,6e-13,4.5e-10,5e-11,0.0885,23700000000.0,1110000000.0,11.04,-93.41
3.8e-05,1.9e-05,6e-13,4.5e-10,1.5e-10,0.0885,23700000000.0,1110000000.0,11.04,-93.12
3.8e-05,1.9e-05,6e-13,4.5e-10,2e-10,0.0885,23700000000.0,1110000000.0,11.04,-93.46
3.8e-05,1.9e-05,6e-13,4.5e-10,2.5e-10,0.0885,23700000000.0,1100000000.0,11.04,-93.37
3.8e-05,1.9e-05,6e-13,5e-10,1e-10,0.0885,22800000000.0,1030000000.0,11.24,-91.46
3.8e-05,1.9e-05,6e-13,5e-10,5e-11,0.0885,22800000000.0,1040000000.0,11.24,-91.43
3.8e-05,1.9e-05,6e-13,5e-10,2e-10,0.0885,22800000000.0,1040000000.0,11.25,-91.23
3.8e-05,1.9e-05,6e-13,5e-10,2.5e-10,0.0885,22800000000.0,1030000000.0,11.24,-91.41
3.8e-05,1.9e-05,7e-13,4e-10,1e-10,0.0885,24900000000.0,1200000000.0,10.81,-95.07
3.8e-05,1.9e-05,7e-13,4e-10,5e-11,0.0885,24900000000.0,1200000000.0,10.81,-95.2
3.8e-05,1.9e-05,7e-13,4e-10,1.5e-10,0.0885,24900000000.0,1190000000.0,10.81,-94.96
3.8e-05,1.9e-05,7e-13,3e-10,1e-10,0.0885,28300000000.0,1490000000.0,10.15,-89.39
3.8e-05,1.9e-05,7e-13,3e-10,5e-11,0.0885,28300000000.0,1480000000.0,10.15,-89.43
3.8e-05,1.9e-05,7e-13,3e-10,1.5e-10,0.0885,28300000000.0,1490000000.0,10.15,-89.57
3.8e-05,1.9e-05,7e-13,3e-10,2e-10,0.0885,28300000000.0,1480000000.0,10.15,-89.44
3.8e-05,1.9e-05,7e-13,3e-10,2.5e-10,0.0885,28300000000.0,1480000000.0,10.15,-89.32
3.8e-05,1.9e-05,7e-13,3.5e-10,1e-10,0.0885,26400000000.0,1310000000.0,10.53,-93.7
3.8e-05,1.9e-05,7e-13,3.5e-10,1.5e-10,0.0885,26400000000.0,1310000000.0,10.53,-93.51
3.8e-05,1.9e-05,7e-13,3.5e-10,2e-10,0.0885,26400000000.0,1310000000.0,10.53,-93.44
3.8e-05,1.9e-05,7e-13,3.5e-10,2.5e-10,0.0885,26400000000.0,1310000000.0,10.53,-93.56
3.8e-05,1.9e-05,7e-13,4.5e-10,1e-10,0.0885,23700000000.0,1110000000.0,11.04,-93.04
3.8e-05,1.9e-05,7e-13,4.5e-10,1.5e-10,0.0885,23700000000.0,1110000000.0,11.04,-93.86
3.8e-05,1.9e-05,7e-13,4.5e-10,2e-10,0.0885,23700000000.0,1110000000.0,11.04,-93.42
3.8e-05,1.9e-05,7e-13,4.5e-10,2.5e-10,0.0885,23700000000.0,1100000000.0,11.04,-94.05
3.8e-05,1.9e-05,7e-13,5e-10,1e-10,0.0885,22800000000.0,1040000000.0,11.24,-89.1
3.8e-05,1.9e-05,7e-13,5e-10,5e-11,0.0885,22800000000.0,1040000000.0,11.25,-91.03
3.8e-05,1.9e-05,7e-13,5e-10,1.5e-10,0.0885,22800000000.0,1030000000.0,11.24,-91.49
3.8e-05,1.9e-05,7e-13,5e-10,2e-10,0.0885,22800000000.0,1040000000.0,11.24,-91.29
3.8e-05,1.9e-05,7e-13,5e-10,2.5e-10,0.0885,22800000000.0,1040000000.0,11.25,-91.26
3.8e-05,2e-05,5e-13,4e-10,1e-10,0.0885,24800000000.0,1190000000.0,10.8,-94.96
3.8e-05,2e-05,5e-13,4e-10,5e-11,0.0885,24800000000.0,1190000000.0,10.8,-94.97
3.8e-05,2e-05,5e-13,4e-10,1.5e-10,0.0885,24800000000.0,1190000000.0,10.8,-94.92
3.8e-05,2e-05,5e-13,4e-10,2e-10,0.0885,24800000000.0,1190000000.0,10.8,-94.84
3.8e-05,2e-05,5e-13,4e-10,2.5e-10,0.0885,24800000000.0,1190000000.0,10.8,-95.19
3.8e-05,2e-05,5e-13,3e-10,1e-10,0.0885,28200000000.0,1470000000.0,10.14,-89.73
3.8e-05,2e-05,5e-13,3e-10,5e-11,0.0885,28200000000.0,1480000000.0,10.14,-89.77
3.8e-05,2e-05,5e-13,3e-10,1.5e-10,0.0885,28200000000.0,1470000000.0,10.14,-89.84
3.8e-05,2e-05,5e-13,3e-10,2e-10,0.0885,28200000000.0,1480000000.0,10.14,-89.88
3.8e-05,2e-05,5e-13,3e-10,2.5e-10,0.0885,28200000000.0,1480000000.0,10.14,-89.73
3.8e-05,2e-05,5e-13,3.5e-10,1e-10,0.0885,26300000000.0,1310000000.0,10.52,-93.97
3.8e-05,2e-05,5e-13,3.5e-10,5e-11,0.0885,26300000000.0,1310000000.0,10.52,-93.79
3.8e-05,2e-05,5e-13,3.5e-10,1.5e-10,0.0885,26300000000.0,1310000000.0,10.52,-93.99
3.8e-05,2e-05,5e-13,3.5e-10,2e-10,0.0885,26300000000.0,1310000000.0,10.52,-93.85
3.8e-05,2e-05,5e-13,3.5e-10,2.5e-10,0.0885,26300000000.0,1310000000.0,10.52,-94.15
3.8e-05,2e-05,5e-13,4.5e-10,1e-10,0.0885,23700000000.0,1100000000.0,11.04,-93.12
3.8e-05,2e-05,5e-13,4.5e-10,5e-11,0.0885,23700000000.0,1100000000.0,11.04,-93.35
3.8e-05,2e-05,5e-13,4.5e-10,1.5e-10,0.0885,23700000000.0,1100000000.0,11.04,-93.47
3.8e-05,2e-05,5e-13,4.5e-10,2e-10,0.0885,23700000000.0,1100000000.0,11.03,-92.85
3.8e-05,2e-05,5e-13,4.5e-10,2.5e-10,0.0885,23700000000.0,1100000000.0,11.03,-92.84
3.8e-05,2e-05,5e-13,5e-10,1e-10,0.0885,22700000000.0,1040000000.0,11.24,-91.44
3.8e-05,2e-05,5e-13,5e-10,5e-11,0.0885,22700000000.0,1030000000.0,11.24,-91.3
3.8e-05,2e-05,5e-13,5e-10,1.5e-10,0.0885,22700000000.0,1030000000.0,11.24,-90.76
3.8e-05,2e-05,5e-13,5e-10,2e-10,0.0885,22700000000.0,1030000000.0,11.24,-91.31
3.8e-05,2e-05,5e-13,5e-10,2.5e-10,0.0885,22700000000.0,1040000000.0,11.24,-91.38
3.8e-05,2e-05,3e-13,4e-10,1e-10,0.0885,24800000000.0,1190000000.0,10.8,-94.89
3.8e-05,2e-05,3e-13,4e-10,5e-11,0.0885,24800000000.0,1190000000.0,10.8,-94.95
3.8e-05,2e-05,3e-13,4e-10,1.5e-10,0.0885,24800000000.0,1190000000.0,10.8,-94.68
3.8e-05,2e-05,3e-13,4e-10,2e-10,0.0885,24800000000.0,1190000000.0,10.8,-94.7
3.8e-05,2e-05,3e-13,4e-10,2.5e-10,0.0885,24800000000.0,1190000000.0,10.8,-94.64
3.8e-05,2e-05,3e-13,3e-10,1e-10,0.0885,28200000000.0,1480000000.0,10.14,-89.82
3.8e-05,2e-05,3e-13,3e-10,2e-10,0.0885,28200000000.0,1480000000.0,10.14,-89.87
3.8e-05,2e-05,3e-13,3e-10,2.5e-10,0.0885,28200000000.0,1470000000.0,10.14,-89.81
3.8e-05,2e-05,3e-13,3.5e-10,1e-10,0.0885,26300000000.0,1310000000.0,10.52,-94.03
3.8e-05,2e-05,3e-13,3.5e-10,5e-11,0.0885,26300000000.0,1310000000.0,10.52,-94.17
3.8e-05,2e-05,3e-13,3.5e-10,1.5e-10,0.0885,26300000000.0,1310000000.0,10.52,-94.13
3.8e-05,2e-05,3e-13,3.5e-10,2e-10,0.0885,26300000000.0,1310000000.0,10.52,-94.09
3.8e-05,2e-05,3e-13,3.5e-10,2.5e-10,0.0885,26300000000.0,1310000000.0,10.52,-94.21
3.8e-05,2e-05,3e-13,4.5e-10,1e-10,0.0885,23700000000.0,1100000000.0,11.04,-93.57
3.8e-05,2e-05,3e-13,4.5e-10,5e-11,0.0885,23700000000.0,1100000000.0,11.04,-92.97
3.8e-05,2e-05,3e-13,4.5e-10,1.5e-10,0.0885,23700000000.0,1110000000.0,11.04,-92.53
3.8e-05,2e-05,3e-13,4.5e-10,2e-10,0.0885,23700000000.0,1100000000.0,11.04,-93.24
3.8e-05,2e-05,3e-13,4.5e-10,2.5e-10,0.0885,23700000000.0,1100000000.0,11.04,-93.74
3.8e-05,2e-05,3e-13,5e-10,1e-10,0.0885,22700000000.0,1030000000.0,11.24,-91.12
3.8e-05,2e-05,3e-13,5e-10,5e-11,0.0885,22700000000.0,1030000000.0,11.24,-90.97
3.8e-05,2e-05,3e-13,5e-10,1.5e-10,0.0885,22700000000.0,1040000000.0,11.24,-91.05
3.8e-05,2e-05,3e-13,5e-10,2e-10,0.0885,22700000000.0,1030000000.0,11.24,-91.32
3.8e-05,2e-05,3e-13,5e-10,2.5e-10,0.0885,22700000000.0,1030000000.0,11.24,-91.17
3.8e-05,2e-05,4e-13,4e-10,5e-11,0.0885,24800000000.0,1180000000.0,10.8,-95.0
3.8e-05,2e-05,4e-13,4e-10,2e-10,0.0885,24800000000.0,1190000000.0,10.8,-95.02
3.8e-05,2e-05,4e-13,4e-10,2.5e-10,0.0885,24800000000.0,1190000000.0,10.8,-95.1
3.8e-05,2e-05,4e-13,3e-10,1e-10,0.0885,28200000000.0,1470000000.0,10.14,-89.82
3.8e-05,2e-05,4e-13,3e-10,5e-11,0.0885,28200000000.0,1480000000.0,10.14,-89.89
3.8e-05,2e-05,4e-13,3e-10,1.5e-10,0.0885,28200000000.0,1480000000.0,10.14,-89.7
3.8e-05,2e-05,4e-13,3e-10,2e-10,0.0885,28200000000.0,1480000000.0,10.14,-89.62
3.8e-05,2e-05,4e-13,3e-10,2.5e-10,0.0885,28200000000.0,1470000000.0,10.14,-89.79
3.8e-05,2e-05,4e-13,3.5e-10,1e-10,0.0885,26300000000.0,1310000000.0,10.52,-93.83
3.8e-05,2e-05,4e-13,3.5e-10,5e-11,0.0885,26300000000.0,1310000000.0,10.52,-93.94
3.8e-05,2e-05,4e-13,3.5e-10,2e-10,0.0885,26300000000.0,1310000000.0,10.52,-94.08
3.8e-05,2e-05,4e-13,4.5e-10,5e-11,0.0885,23700000000.0,1100000000.0,11.04,-92.63
3.8e-05,2e-05,4e-13,4.5e-10,2e-10,0.0885,23700000000.0,1100000000.0,11.04,-92.92
3.8e-05,2e-05,4e-13,4.5e-10,2.5e-10,0.0885,23700000000.0,1100000000.0,11.04,-93.16
3.8e-05,2e-05,4e-13,5e-10,1e-10,0.0885,22700000000.0,1030000000.0,11.24,-90.84
3.8e-05,2e-05,4e-13,5e-10,5e-11,0.0885,22700000000.0,1030000000.0,11.24,-91.29
3.8e-05,2e-05,4e-13,5e-10,1.5e-10,0.0885,22700000000.0,1030000000.0,11.24,-91.22
3.8e-05,2e-05,4e-13,5e-10,2e-10,0.0885,22700000000.0,1040000000.0,11.24,-91.95
3.8e-05,2e-05,4e-13,5e-10,2.5e-10,0.0885,22700000000.0,1040000000.0,11.24,-91.25
3.8e-05,2e-05,6e-13,4e-10,1e-10,0.0885,24800000000.0,1190000000.0,10.8,-95.07
3.8e-05,2e-05,6e-13,4e-10,5e-11,0.0885,24800000000.0,1190000000.0,10.8,-95.18
3.8e-05,2e-05,6e-13,4e-10,2.5e-10,0.0885,24800000000.0,1190000000.0,10.8,-95.13
3.8e-05,2e-05,6e-13,3e-10,1e-10,0.0885,28200000000.0,1470000000.0,10.14,-89.7
3.8e-05,2e-05,6e-13,3e-10,5e-11,0.0885,28200000000.0,1480000000.0,10.14,-90.01
3.8e-05,2e-05,6e-13,3e-10,2e-10,0.0885,28200000000.0,1470000000.0,10.14,-89.87
3.8e-05,2e-05,6e-13,3e-10,2.5e-10,0.0885,28200000000.0,1480000000.0,10.14,-89.91
3.8e-05,2e-05,6e-13,3.5e-10,1e-10,0.0885,26300000000.0,1310000000.0,10.52,-93.74
3.8e-05,2e-05,6e-13,3.5e-10,5e-11,0.0885,26300000000.0,1310000000.0,10.52,-93.81
3.8e-05,2e-05,6e-13,3.5e-10,1.5e-10,0.0885,26300000000.0,1300000000.0,10.52,-93.61
3.8e-05,2e-05,6e-13,3.5e-10,2e-10,0.0885,26300000000.0,1310000000.0,10.52,-93.77
3.8e-05,2e-05,6e-13,3.5e-10,2.5e-10,0.0885,26300000000.0,1300000000.0,10.52,-93.88
3.8e-05,2e-05,6e-13,4.5e-10,1e-10,0.0885,23700000000.0,1100000000.0,11.04,-93.14
3.8e-05,2e-05,6e-13,4.5e-10,5e-11,0.0885,23700000000.0,1100000000.0,11.04,-93.48
3.8e-05,2e-05,6e-13,4.5e-10,1.5e-10,0.0885,23700000000.0,1100000000.0,11.04,-93.11
3.8e-05,2e-05,6e-13,4.5e-10,2e-10,0.0885,23700000000.0,1100000000.0,11.04,-92.71
3.8e-05,2e-05,6e-13,4.5e-10,2.5e-10,0.0885,23700000000.0,1100000000.0,11.04,-93.49
3.8e-05,2e-05,6e-13,5e-10,1e-10,0.0885,22700000000.0,1040000000.0,11.24,-91.08
3.8e-05,2e-05,6e-13,5e-10,5e-11,0.0885,22700000000.0,1040000000.0,11.24,-91.06
3.8e-05,2e-05,6e-13,5e-10,1.5e-10,0.0885,22700000000.0,1030000000.0,11.24,-91.35
3.8e-05,2e-05,6e-13,5e-10,2e-10,0.0885,22700000000.0,1040000000.0,11.24,-89.67
3.8e-05,2e-05,6e-13,5e-10,2.5e-10,0.0885,22700000000.0,1030000000.0,11.24,-91.97
3.8e-05,2e-05,7e-13,4e-10,5e-11,0.0885,24800000000.0,1180000000.0,10.8,-95.11
3.8e-05,2e-05,7e-13,4e-10,2e-10,0.0885,24800000000.0,1190000000.0,10.8,-95.11
3.8e-05,2e-05,7e-13,3e-10,1e-10,0.0885,28200000000.0,1480000000.0,10.14,-90.0
3.8e-05,2e-05,7e-13,3e-10,5e-11,0.0885,28200000000.0,1480000000.0,10.14,-89.57
3.8e-05,2e-05,7e-13,3e-10,1.5e-10,0.0885,28200000000.0,1470000000.0,10.14,-89.67
3.8e-05,2e-05,7e-13,3e-10,2e-10,0.0885,28200000000.0,1480000000.0,10.14,-89.65
3.8e-05,2e-05,7e-13,3.5e-10,1e-10,0.0885,26300000000.0,1300000000.0,10.52,-93.99
3.8e-05,2e-05,7e-13,3.5e-10,1.5e-10,0.0885,26300000000.0,1310000000.0,10.52,-93.93
3.8e-05,2e-05,7e-13,4.5e-10,1e-10,0.0885,23700000000.0,1100000000.0,11.04,-93.15
3.8e-05,2e-05,7e-13,4.5e-10,5e-11,0.0885,23700000000.0,1110000000.0,11.04,-93.08
3.8e-05,2e-05,7e-13,4.5e-10,1.5e-10,0.0885,23700000000.0,1100000000.0,11.04,-93.23
3.8e-05,2e-05,7e-13,4.5e-10,2e-10,0.0885,23700000000.0,1100000000.0,11.03,-93.46
3.8e-05,2e-05,7e-13,4.5e-10,2.5e-10,0.0885,23700000000.0,1100000000.0,11.04,-92.85
3.8e-05,2e-05,7e-13,5e-10,1e-10,0.0885,22700000000.0,1040000000.0,11.24,-88.84
3.8e-05,2e-05,7e-13,5e-10,1.5e-10,0.0885,22700000000.0,1030000000.0,11.24,-91.14
3.8e-05,2e-05,7e-13,5e-10,2e-10,0.0885,22700000000.0,1040000000.0,11.24,-90.84
3.8e-05,2e-05,7e-13,5e-10,2.5e-10,0.0885,22700000000.0,1040000000.0,11.24,-91.36
3.8e-05,2.1e-05,5e-13,4e-10,1e-10,0.0885,24800000000.0,1170000000.0,10.79,-94.99
3.8e-05,2.1e-05,5e-13,4e-10,5e-11,0.0885,24800000000.0,1180000000.0,10.79,-94.65
3.8e-05,2.1e-05,5e-13,4e-10,1.5e-10,0.0885,24800000000.0,1170000000.0,10.79,-95.05
3.8e-05,2.1e-05,5e-13,4e-10,2e-10,0.0885,24800000000.0,1180000000.0,10.79,-94.73
3.8e-05,2.1e-05,5e-13,4e-10,2.5e-10,0.0885,24800000000.0,1180000000.0,10.79,-94.9
3.8e-05,2.1e-05,5e-13,3e-10,1e-10,0.0885,28100000000.0,1460000000.0,10.11,-90.05
3.8e-05,2.1e-05,5e-13,3e-10,5e-11,0.0885,28100000000.0,1460000000.0,10.12,-89.98
3.8e-05,2.1e-05,5e-13,3e-10,1.5e-10,0.0885,28100000000.0,1460000000.0,10.11,-90.07
3.8e-05,2.1e-05,5e-13,3e-10,2e-10,0.0885,28100000000.0,1460000000.0,10.12,-90.01
3.8e-05,2.1e-05,5e-13,3e-10,2.5e-10,0.0885,28100000000.0,1450000000.0,10.12,-89.9
3.8e-05,2.1e-05,5e-13,3.5e-10,1e-10,0.0885,26200000000.0,1290000000.0,10.5,-94.15
3.8e-05,2.1e-05,5e-13,3.5e-10,5e-11,0.0885,26200000000.0,1300000000.0,10.5,-94.23
3.8e-05,2.1e-05,5e-13,3.5e-10,1.5e-10,0.0885,26200000000.0,1290000000.0,10.5,-93.99
3.8e-05,2.1e-05,5e-13,3.5e-10,2e-10,0.0885,26200000000.0,1290000000.0,10.5,-94.21
3.8e-05,2.1e-05,5e-13,3.5e-10,2.5e-10,0.0885,26200000000.0,1300000000.0,10.5,-94.25
3.8e-05,2.1e-05,5e-13,4.5e-10,1e-10,0.0885,23600000000.0,1100000000.0,11.03,-92.87
3.8e-05,2.1e-05,5e-13,4.5e-10,5e-11,0.0885,23600000000.0,1090000000.0,11.03,-92.55
3.8e-05,2.1e-05,5e-13,4.5e-10,1.5e-10,0.0885,23600000000.0,1090000000.0,11.03,-93.65
3.8e-05,2.1e-05,5e-13,4.5e-10,2e-10,0.0885,23600000000.0,1090000000.0,11.03,-92.59
3.8e-05,2.1e-05,5e-13,4.5e-10,2.5e-10,0.0885,23600000000.0,1090000000.0,11.03,-93.0
3.8e-05,2.1e-05,5e-13,5e-10,1e-10,0.0885,22700000000.0,1020000000.0,11.23,-91.07
3.8e-05,2.1e-05,5e-13,5e-10,5e-11,0.0885,22700000000.0,1020000000.0,11.23,-90.64
3.8e-05,2.1e-05,5e-13,5e-10,1.5e-10,0.0885,22700000000.0,1030000000.0,11.23,-90.86
3.8e-05,2.1e-05,5e-13,5e-10,2e-10,0.0885,22700000000.0,1020000000.0,11.23,-90.95
3.8e-05,2.1e-05,5e-13,5e-10,2.5e-10,0.0885,22700000000.0,1030000000.0,11.23,-90.77
3.8e-05,2.1e-05,3e-13,4e-10,1e-10,0.0885,24800000000.0,1180000000.0,10.79,-94.78
3.8e-05,2.1e-05,3e-13,4e-10,5e-11,0.0885,24800000000.0,1180000000.0,10.79,-94.77
3.8e-05,2.1e-05,3e-13,4e-10,1.5e-10,0.0885,24800000000.0,1180000000.0,10.79,-94.63
3.8e-05,2.1e-05,3e-13,4e-10,2e-10,0.0885,24800000000.0,1180000000.0,10.79,-94.71
3.8e-05,2.1e-05,3e-13,4e-10,2.5e-10,0.0885,24800000000.0,1180000000.0,10.79,-94.76
3.8e-05,2.1e-05,3e-13,3e-10,5e-11,0.0885,28100000000.0,1460000000.0,10.12,-90.2
3.8e-05,2.1e-05,3e-13,3e-10,1.5e-10,0.0885,28100000000.0,1460000000.0,10.12,-90.06
3.8e-05,2.1e-05,3e-13,3e-10,2e-10,0.0885,28100000000.0,1460000000.0,10.12,-90.26
3.8e-05,2.1e-05,3e-13,3.5e-10,1e-10,0.0885,26200000000.0,1290000000.0,10.5,-94.08
3.8e-05,2.1e-05,3e-13,3.5e-10,5e-11,0.0885,26200000000.0,1300000000.0,10.5,-94.4
3.8e-05,2.1e-05,3e-13,3.5e-10,1.5e-10,0.0885,26200000000.0,1290000000.0,10.5,-94.06
3.8e-05,2.1e-05,3e-13,3.5e-10,2e-10,0.0885,26200000000.0,1300000000.0,10.5,-94.19
3.8e-05,2.1e-05,3e-13,3.5e-10,2.5e-10,0.0885,26200000000.0,1290000000.0,10.5,-94.01
3.8e-05,2.1e-05,3e-13,4.5e-10,1e-10,0.0885,23600000000.0,1090000000.0,11.03,-92.77
3.8e-05,2.1e-05,3e-13,4.5e-10,5e-11,0.0885,23600000000.0,1090000000.0,11.03,-92.84
3.8e-05,2.1e-05,3e-13,4.5e-10,1.5e-10,0.0885,23600000000.0,1100000000.0,11.03,-93.72
3.8e-05,2.1e-05,3e-13,4.5e-10,2e-10,0.0885,23600000000.0,1090000000.0,11.03,-92.56
3.8e-05,2.1e-05,3e-13,4.5e-10,2.5e-10,0.0885,23600000000.0,1090000000.0,11.03,-93.06
3.8e-05,2.1e-05,3e-13,5e-10,1e-10,0.0885,22700000000.0,1020000000.0,11.23,-91.0
3.8e-05,2.1e-05,3e-13,5e-10,5e-11,0.0885,22700000000.0,1020000000.0,11.23,-90.81
3.8e-05,2.1e-05,3e-13,5e-10,1.5e-10,0.0885,22700000000.0,1020000000.0,11.23,-91.1
3.8e-05,2.1e-05,3e-13,5e-10,2e-10,0.0885,22700000000.0,1020000000.0,11.23,-91.03
3.8e-05,2.1e-05,3e-13,5e-10,2.5e-10,0.0885,22700000000.0,1020000000.0,11.23,-90.68
3.8e-05,2.1e-05,4e-13,4e-10,1e-10,0.0885,24800000000.0,1180000000.0,10.79,-95.06
3.8e-05,2.1e-05,4e-13,4e-10,5e-11,0.0885,24800000000.0,1180000000.0,10.79,-94.97
3.8e-05,2.1e-05,4e-13,4e-10,1.5e-10,0.0885,24800000000.0,1180000000.0,10.79,-94.92
3.8e-05,2.1e-05,4e-13,4e-10,2e-10,0.0885,24800000000.0,1180000000.0,10.79,-94.81
3.8e-05,2.1e-05,4e-13,4e-10,2.5e-10,0.0885,24800000000.0,1180000000.0,10.79,-94.86
3.8e-05,2.1e-05,4e-13,3e-10,1e-10,0.0885,28100000000.0,1460000000.0,10.12,-89.97
3.8e-05,2.1e-05,4e-13,3e-10,5e-11,0.0885,28100000000.0,1460000000.0,10.12,-90.02
3.8e-05,2.1e-05,4e-13,3e-10,1.5e-10,0.0885,28100000000.0,1460000000.0,10.12,-89.96
3.8e-05,2.1e-05,4e-13,3e-10,2.5e-10,0.0885,28100000000.0,1460000000.0,10.12,-90.05
3.8e-05,2.1e-05,4e-13,3.5e-10,1e-10,0.0885,26200000000.0,1290000000.0,10.5,-94.35
3.8e-05,2.1e-05,4e-13,3.5e-10,5e-11,0.0885,26200000000.0,1290000000.0,10.5,-94.42
3.8e-05,2.1e-05,4e-13,3.5e-10,1.5e-10,0.0885,26200000000.0,1290000000.0,10.5,-94.04
3.8e-05,2.1e-05,4e-13,3.5e-10,2e-10,0.0885,26200000000.0,1290000000.0,10.5,-94.07
3.8e-05,2.1e-05,4e-13,3.5e-10,2.5e-10,0.0885,26200000000.0,1290000000.0,10.5,-94.24
3.8e-05,2.1e-05,4e-13,4.5e-10,1e-10,0.0885,23600000000.0,1090000000.0,11.03,-93.81
3.8e-05,2.1e-05,4e-13,4.5e-10,5e-11,0.0885,23600000000.0,1100000000.0,11.03,-91.55
3.8e-05,2.1e-05,4e-13,4.5e-10,1.5e-10,0.0885,23600000000.0,1100000000.0,11.03,-92.86
3.8e-05,2.1e-05,4e-13,4.5e-10,2e-10,0.0885,23600000000.0,1090000000.0,11.03,-92.99
3.8e-05,2.1e-05,4e-13,5e-10,1e-10,0.0885,22700000000.0,1030000000.0,11.23,-91.16
3.8e-05,2.1e-05,4e-13,5e-10,5e-11,0.0885,22700000000.0,1030000000.0,11.23,-91.18
3.8e-05,2.1e-05,4e-13,5e-10,1.5e-10,0.0885,22700000000.0,1030000000.0,11.23,-90.95
3.8e-05,2.1e-05,4e-13,5e-10,2e-10,0.0885,22700000000.0,1020000000.0,11.23,-91.11
3.8e-05,2.1e-05,4e-13,5e-10,2.5e-10,0.0885,22700000000.0,1020000000.0,11.23,-91.06
3.8e-05,2.1e-05,6e-13,4e-10,1e-10,0.0885,24800000000.0,1180000000.0,10.79,-94.95
3.8e-05,2.1e-05,6e-13,4e-10,1.5e-10,0.0885,24800000000.0,1180000000.0,10.79,-94.99
3.8e-05,2.1e-05,6e-13,4e-10,2e-10,0.0885,24800000000.0,1180000000.0,10.79,-94.84
3.8e-05,2.1e-05,6e-13,3e-10,1e-10,0.0885,28100000000.0,1450000000.0,10.11,-90.13
3.8e-05,2.1e-05,6e-13,3e-10,5e-11,0.0885,28100000000.0,1460000000.0,10.11,-90.16
3.8e-05,2.1e-05,6e-13,3e-10,1.5e-10,0.0885,28100000000.0,1460000000.0,10.11,-90.17
3.8e-05,2.1e-05,6e-13,3e-10,2.5e-10,0.0885,28100000000.0,1460000000.0,10.11,-90.18
3.8e-05,2.1e-05,6e-13,3.5e-10,1e-10,0.0885,26200000000.0,1290000000.0,10.5,-94.14
3.8e-05,2.1e-05,6e-13,3.5e-10,1.5e-10,0.0885,26200000000.0,1300000000.0,10.5,-94.1
3.8e-05,2.1e-05,6e-13,3.5e-10,2e-10,0.0885,26200000000.0,1290000000.0,10.5,-93.95
3.8e-05,2.1e-05,6e-13,3.5e-10,2.5e-10,0.0885,26200000000.0,1290000000.0,10.5,-94.25
3.8e-05,2.1e-05,6e-13,4.5e-10,1e-10,0.0885,23600000000.0,1090000000.0,11.03,-93.03
3.8e-05,2.1e-05,6e-13,4.5e-10,5e-11,0.0885,23600000000.0,1090000000.0,11.03,-92.6
3.8e-05,2.1e-05,6e-13,4.5e-10,1.5e-10,0.0885,23600000000.0,1090000000.0,11.03,-92.92
3.8e-05,2.1e-05,6e-13,4.5e-10,2e-10,0.0885,23600000000.0,1090000000.0,11.03,-93.26
3.8e-05,2.1e-05,6e-13,4.5e-10,2.5e-10,0.0885,23600000000.0,1090000000.0,11.03,-92.87
3.8e-05,2.1e-05,6e-13,5e-10,1e-10,0.0885,22700000000.0,1020000000.0,11.23,-90.86
3.8e-05,2.1e-05,6e-13,5e-10,5e-11,0.0885,22700000000.0,1020000000.0,11.23,-90.97
3.8e-05,2.1e-05,6e-13,5e-10,1.5e-10,0.0885,22700000000.0,1020000000.0,11.23,-90.65
3.8e-05,2.1e-05,6e-13,5e-10,2e-10,0.0885,22700000000.0,1020000000.0,11.23,-91.51
3.8e-05,2.1e-05,6e-13,5e-10,2.5e-10,0.0885,22700000000.0,1020000000.0,11.23,-90.78
3.8e-05,2.1e-05,7e-13,4e-10,1e-10,0.0885,24800000000.0,1180000000.0,10.79,-94.7
3.8e-05,2.1e-05,7e-13,4e-10,5e-11,0.0885,24800000000.0,1180000000.0,10.79,-95.04
3.8e-05,2.1e-05,7e-13,4e-10,2e-10,0.0885,24800000000.0,1180000000.0,10.79,-94.91
3.8e-05,2.1e-05,7e-13,4e-10,2.5e-10,0.0885,24800000000.0,1170000000.0,10.79,-95.01
3.8e-05,2.1e-05,7e-13,3e-10,1e-10,0.0885,28100000000.0,1460000000.0,10.11,-90.01
3.8e-05,2.1e-05,7e-13,3e-10,5e-11,0.0885,28100000000.0,1460000000.0,10.12,-89.84
3.8e-05,2.1e-05,7e-13,3e-10,1.5e-10,0.0885,28100000000.0,1460000000.0,10.11,-89.93
3.8e-05,2.1e-05,7e-13,3e-10,2e-10,0.0885,28100000000.0,1460000000.0,10.12,-89.94
3.8e-05,2.1e-05,7e-13,3.5e-10,1e-10,0.0885,26200000000.0,1290000000.0,10.5,-94.27
3.8e-05,2.1e-05,7e-13,3.5e-10,5e-11,0.0885,26200000000.0,1290000000.0,10.5,-93.89
3.8e-05,2.1e-05,7e-13,3.5e-10,1.5e-10,0.0885,26200000000.0,1290000000.0,10.5,-94.12
3.8e-05,2.1e-05,7e-13,3.5e-10,2.5e-10,0.0885,26200000000.0,1300000000.0,10.5,-94.05
3.8e-05,2.1e-05,7e-13,4.5e-10,5e-11,0.0885,23600000000.0,1090000000.0,11.03,-92.82
3.8e-05,2.1e-05,7e-13,4.5e-10,1.5e-10,0.0885,23600000000.0,1090000000.0,11.03,-92.75
3.8e-05,2.1e-05,7e-13,4.5e-10,2e-10,0.0885,23600000000.0,1100000000.0,11.03,-92.88
3.8e-05,2.1e-05,7e-13,4.5e-10,2.5e-10,0.0885,23600000000.0,1100000000.0,11.03,-92.89
3.8e-05,2.1e-05,7e-13,5e-10,1e-10,0.0885,22700000000.0,1020000000.0,11.23,-91.2
3.8e-05,2.1e-05,7e-13,5e-10,5e-11,0.0885,22700000000.0,1030000000.0,11.23,-90.81
3.8e-05,2.1e-05,7e-13,5e-10,1.5e-10,0.0885,22700000000.0,1020000000.0,11.23,-90.92
3.8e-05,2.1e-05,7e-13,5e-10,2e-10,0.0885,22700000000.0,1020000000.0,11.23,-90.89
3.8e-05,2.2e-05,5e-13,4e-10,1e-10,0.0885,24700000000.0,1160000000.0,10.77,-94.77
3.8e-05,2.2e-05,5e-13,4e-10,5e-11,0.0885,24700000000.0,1160000000.0,10.78,-94.67
3.8e-05,2.2e-05,5e-13,4e-10,1.5e-10,0.0885,24700000000.0,1160000000.0,10.77,-95.07
3.8e-05,2.2e-05,5e-13,4e-10,2e-10,0.0885,24700000000.0,1160000000.0,10.77,-94.67
3.8e-05,2.2e-05,5e-13,4e-10,2.5e-10,0.0885,24700000000.0,1170000000.0,10.77,-94.82
3.8e-05,2.2e-05,5e-13,3e-10,1e-10,0.0885,28100000000.0,1430000000.0,10.09,-90.28
3.8e-05,2.2e-05,5e-13,3e-10,5e-11,0.0885,28100000000.0,1430000000.0,10.09,-90.39
3.8e-05,2.2e-05,5e-13,3e-10,1.5e-10,0.0885,28100000000.0,1430000000.0,10.09,-90.27
3.8e-05,2.2e-05,5e-13,3e-10,2e-10,0.0885,28100000000.0,1430000000.0,10.09,-90.2
3.8e-05,2.2e-05,5e-13,3e-10,2.5e-10,0.0885,28100000000.0,1430000000.0,10.09,-90.23
3.8e-05,2.2e-05,5e-13,3.5e-10,1e-10,0.0885,26200000000.0,1270000000.0,10.48,-94.43
3.8e-05,2.2e-05,5e-13,3.5e-10,5e-11,0.0885,26200000000.0,1270000000.0,10.48,-94.24
3.8e-05,2.2e-05,5e-13,3.5e-10,1.5e-10,0.0885,26200000000.0,1270000000.0,10.48,-94.33
3.8e-05,2.2e-05,5e-13,3.5e-10,2e-10,0.0885,26200000000.0,1270000000.0,10.48,-94.4
3.8e-05,2.2e-05,5e-13,3.5e-10,2.5e-10,0.0885,26200000000.0,1270000000.0,10.48,-94.17
3.8e-05,2.2e-05,5e-13,4.5e-10,1e-10,0.0885,23500000000.0,1070000000.0,11.01,-92.73
3.8e-05,2.2e-05,5e-13,4.5e-10,5e-11,0.0885,23600000000.0,1080000000.0,11.01,-92.57
3.8e-05,2.2e-05,5e-13,4.5e-10,1.5e-10,0.0885,23500000000.0,1080000000.0,11.01,-90.57
3.8e-05,2.2e-05,5e-13,4.5e-10,2e-10,0.0885,23500000000.0,1080000000.0,11.02,-92.99
3.8e-05,2.2e-05,5e-13,4.5e-10,2.5e-10,0.0885,23500000000.0,1080000000.0,11.01,-92.72
3.8e-05,2.2e-05,5e-13,5e-10,1e-10,0.0885,22600000000.0,1010000000.0,11.22,-90.63
3.8e-05,2.2e-05,5e-13,5e-10,5e-11,0.0885,22600000000.0,1010000000.0,11.22,-90.94
3.8e-05,2.2e-05,5e-13,5e-10,1.5e-10,0.0885,22600000000.0,1020000000.0,11.22,-90.45
3.8e-05,2.2e-05,5e-13,5e-10,2e-10,0.0885,22600000000.0,1010000000.0,11.22,-90.52
3.8e-05,2.2e-05,5e-13,5e-10,2.5e-10,0.0885,22600000000.0,1020000000.0,11.22,-90.86
3.8e-05,2.2e-05,3e-13,4e-10,1e-10,0.0885,24700000000.0,1160000000.0,10.78,-94.87
3.8e-05,2.2e-05,3e-13,4e-10,5e-11,0.0885,24700000000.0,1160000000.0,10.77,-94.78
3.8e-05,2.2e-05,3e-13,4e-10,1.5e-10,0.0885,24700000000.0,1170000000.0,10.78,-94.83
3.8e-05,2.2e-05,3e-13,4e-10,2e-10,0.0885,24700000000.0,1160000000.0,10.77,-94.74
3.8e-05,2.2e-05,3e-13,4e-10,2.5e-10,0.0885,24700000000.0,1160000000.0,10.78,-94.63
3.8e-05,2.2e-05,3e-13,3e-10,1e-10,0.0885,28100000000.0,1430000000.0,10.09,-90.36
3.8e-05,2.2e-05,3e-13,3e-10,5e-11,0.0885,28100000000.0,1430000000.0,10.09,-90.35
3.8e-05,2.2e-05,3e-13,3e-10,1.5e-10,0.0885,28100000000.0,1430000000.0,10.09,-90.29
3.8e-05,2.2e-05,3e-13,3e-10,2e-10,0.0885,28100000000.0,1430000000.0,10.09,-90.37
3.8e-05,2.2e-05,3e-13,3e-10,2.5e-10,0.0885,28100000000.0,1430000000.0,10.09,-90.34
3.8e-05,2.2e-05,3e-13,3.5e-10,1e-10,0.0885,26200000000.0,1280000000.0,10.48,-94.48
3.8e-05,2.2e-05,3e-13,3.5e-10,5e-11,0.0885,26200000000.0,1270000000.0,10.48,-94.01
3.8e-05,2.2e-05,3e-13,3.5e-10,1.5e-10,0.0885,26200000000.0,1270000000.0,10.48,-94.2
3.8e-05,2.2e-05,3e-13,3.5e-10,2e-10,0.0885,26200000000.0,1270000000.0,10.48,-94.37
3.8e-05,2.2e-05,3e-13,3.5e-10,2.5e-10,0.0885,26200000000.0,1270000000.0,10.48,-94.42
3.8e-05,2.2e-05,3e-13,4.5e-10,1e-10,0.0885,23600000000.0,1080000000.0,11.01,-92.85
3.8e-05,2.2e-05,3e-13,4.5e-10,5e-11,0.0885,23600000000.0,1070000000.0,11.01,-93.55
3.8e-05,2.2e-05,3e-13,4.5e-10,1.5e-10,0.0885,23600000000.0,1080000000.0,11.01,-93.07
3.8e-05,2.2e-05,3e-13,4.5e-10,2e-10,0.0885,23600000000.0,1080000000.0,11.01,-92.59
3.8e-05,2.2e-05,3e-13,4.5e-10,2.5e-10,0.0885,23600000000.0,1080000000.0,11.01,-92.55
3.8e-05,2.2e-05,3e-13,5e-10,1e-10,0.0885,22600000000.0,1010000000.0,11.22,-90.8
3.8e-05,2.2e-05,3e-13,5e-10,5e-11,0.0885,22600000000.0,1020000000.0,11.22,-90.91
3.8e-05,2.2e-05,3e-13,5e-10,1.5e-10,0.0885,22600000000.0,1020000000.0,11.22,-90.7
3.8e-05,2.2e-05,3e-13,5e-10,2e-10,0.0885,22600000000.0,1010000000.0,11.22,-90.97
3.8e-05,2.2e-05,3e-13,5e-10,2.5e-10,0.0885,22600000000.0,1010000000.0,11.22,-90.68
3.8e-05,2.2e-05,4e-13,4e-10,1e-10,0.0885,24700000000.0,1170000000.0,10.78,-94.95
3.8e-05,2.2e-05,4e-13,4e-10,1.5e-10,0.0885,24700000000.0,1160000000.0,10.77,-95.0
3.8e-05,2.2e-05,4e-13,4e-10,2e-10,0.0885,24700000000.0,1160000000.0,10.77,-94.46
3.8e-05,2.2e-05,4e-13,4e-10,2.5e-10,0.0885,24700000000.0,1160000000.0,10.78,-94.81
3.8e-05,2.2e-05,4e-13,3e-10,1e-10,0.0885,28100000000.0,1430000000.0,10.09,-90.25
3.8e-05,2.2e-05,4e-13,3e-10,1.5e-10,0.0885,28100000000.0,1430000000.0,10.09,-90.44
3.8e-05,2.2e-05,4e-13,3e-10,2.5e-10,0.0885,28100000000.0,1430000000.0,10.09,-90.22
3.8e-05,2.2e-05,4e-13,3.5e-10,1e-10,0.0885,26200000000.0,1270000000.0,10.48,-94.32
3.8e-05,2.2e-05,4e-13,4.5e-10,1e-10,0.0885,23600000000.0,1080000000.0,11.02,-92.8
3.8e-05,2.2e-05,4e-13,4.5e-10,5e-11,0.0885,23600000000.0,1080000000.0,11.01,-92.42
3.8e-05,2.2e-05,4e-13,4.5e-10,1.5e-10,0.0885,23600000000.0,1080000000.0,11.01,-92.72
3.8e-05,2.2e-05,4e-13,4.5e-10,2e-10,0.0885,23600000000.0,1080000000.0,11.01,-92.99
3.8e-05,2.2e-05,4e-13,4.5e-10,2.5e-10,0.0885,23600000000.0,1080000000.0,11.01,-93.09
3.8e-05,2.2e-05,4e-13,5e-10,1e-10,0.0885,22600000000.0,1010000000.0,11.22,-91.05
3.8e-05,2.2e-05,4e-13,5e-10,5e-11,0.0885,22600000000.0,1010000000.0,11.22,-91.18
3.8e-05,2.2e-05,4e-13,5e-10,1.5e-10,0.0885,22600000000.0,1010000000.0,11.22,-91.01
3.8e-05,2.2e-05,4e-13,5e-10,2e-10,0.0885,22600000000.0,1010000000.0,11.22,-90.62
3.8e-05,2.2e-05,4e-13,5e-10,2.5e-10,0.0885,22600000000.0,1010000000.0,11.22,-90.82
3.8e-05,2.2e-05,6e-13,4e-10,1e-10,0.0885,24700000000.0,1170000000.0,10.77,-94.97
3.8e-05,2.2e-05,6e-13,4e-10,1.5e-10,0.0885,24700000000.0,1160000000.0,10.77,-94.82
3.8e-05,2.2e-05,6e-13,4e-10,2e-10,0.0885,24700000000.0,1160000000.0,10.77,-94.68
3.8e-05,2.2e-05,6e-13,4e-10,2.5e-10,0.0885,24700000000.0,1160000000.0,10.77,-94.8
3.8e-05,2.2e-05,6e-13,3e-10,1e-10,0.0885,28100000000.0,1430000000.0,10.09,-90.54
3.8e-05,2.2e-05,6e-13,3e-10,1.5e-10,0.0885,28100000000.0,1430000000.0,10.09,-90.19
3.8e-05,2.2e-05,6e-13,3e-10,2e-10,0.0885,28100000000.0,1430000000.0,10.09,-90.3
3.8e-05,2.2e-05,6e-13,3.5e-10,1e-10,0.0885,26200000000.0,1270000000.0,10.48,-93.87
3.8e-05,2.2e-05,6e-13,3.5e-10,1.5e-10,0.0885,26200000000.0,1270000000.0,10.48,-94.16
3.8e-05,2.2e-05,6e-13,3.5e-10,2e-10,0.0885,26200000000.0,1270000000.0,10.48,-94.36
3.8e-05,2.2e-05,6e-13,4.5e-10,1e-10,0.0885,23500000000.0,1070000000.0,11.01,-92.26
3.8e-05,2.2e-05,6e-13,4.5e-10,5e-11,0.0885,23500000000.0,1080000000.0,11.01,-92.98
3.8e-05,2.2e-05,6e-13,4.5e-10,1.5e-10,0.0885,23500000000.0,1080000000.0,11.02,-93.07
3.8e-05,2.2e-05,6e-13,4.5e-10,2e-10,0.0885,23500000000.0,1080000000.0,11.01,-92.3
3.8e-05,2.2e-05,6e-13,4.5e-10,2.5e-10,0.0885,23500000000.0,1080000000.0,11.01,-93.09
3.8e-05,2.2e-05,6e-13,5e-10,2e-10,0.0885,22600000000.0,1020000000.0,11.22,-91.09
3.8e-05,2.2e-05,7e-13,4e-10,1e-10,0.0885,24700000000.0,1160000000.0,10.77,-94.95
3.8e-05,2.2e-05,7e-13,4e-10,5e-11,0.0885,24700000000.0,1160000000.0,10.78,-94.97
3.8e-05,2.2e-05,7e-13,4e-10,1.5e-10,0.0885,24700000000.0,1160000000.0,10.77,-94.76
3.8e-05,2.2e-05,7e-13,3e-10,1e-10,0.0885,28100000000.0,1430000000.0,10.09,-90.18
3.8e-05,2.2e-05,7e-13,3e-10,5e-11,0.0885,28100000000.0,1430000000.0,10.09,-90.12
3.8e-05,2.2e-05,7e-13,3e-10,1.5e-10,0.0885,28100000000.0,1430000000.0,10.09,-90.33
3.8e-05,2.2e-05,7e-13,3.5e-10,1e-10,0.0885,26200000000.0,1270000000.0,10.48,-94.08
3.8e-05,2.2e-05,7e-13,3.5e-10,1.5e-10,0.0885,26200000000.0,1270000000.0,10.48,-94.0
3.8e-05,2.2e-05,7e-13,3.5e-10,2e-10,0.0885,26200000000.0,1270000000.0,10.48,-94.12
3.8e-05,2.2e-05,7e-13,4.5e-10,1e-10,0.0885,23500000000.0,1080000000.0,11.01,-92.35
3.8e-05,2.2e-05,7e-13,4.5e-10,5e-11,0.0885,23500000000.0,1070000000.0,11.02,-92.88
3.8e-05,2.2e-05,7e-13,4.5e-10,1.5e-10,0.0885,23500000000.0,1080000000.0,11.01,-92.93
3.8e-05,2.2e-05,7e-13,4.5e-10,2e-10,0.0885,23500000000.0,1070000000.0,11.01,-92.27
3.8e-05,2.2e-05,7e-13,4.5e-10,2.5e-10,0.0885,23500000000.0,1080000000.0,11.01,-93.29
3.8e-05,2.2e-05,7e-13,5e-10,1e-10,0.0885,22600000000.0,1010000000.0,11.22,-90.98
3.8e-05,2.2e-05,7e-13,5e-10,5e-11,0.0885,22600000000.0,1010000000.0,11.22,-91.03
3.8e-05,2.2e-05,7e-13,5e-10,1.5e-10,0.0885,22600000000.0,1010000000.0,11.22,-91.45
3.8e-05,2.2e-05,7e-13,5e-10,2e-10,0.0885,22600000000.0,1010000000.0,11.22,-91.09
3.8e-05,2.2e-05,7e-13,5e-10,2.5e-10,0.0885,22600000000.0,1010000000.0,11.22,-90.84
3.8e-05,2.3e-05,5e-13,4e-10,1e-10,0.0885,24600000000.0,1140000000.0,10.76,-94.97
3.8e-05,2.3e-05,5e-13,4e-10,5e-11,0.0885,24600000000.0,1130000000.0,10.76,-94.75
3.8e-05,2.3e-05,5e-13,4e-10,1.5e-10,0.0885,24600000000.0,1140000000.0,10.76,-94.63
3.8e-05,2.3e-05,5e-13,4e-10,2e-10,0.0885,24600000000.0,1140000000.0,10.76,-94.51
3.8e-05,2.3e-05,5e-13,4e-10,2.5e-10,0.0885,24600000000.0,1140000000.0,10.76,-94.41
3.8e-05,2.3e-05,5e-13,3e-10,1e-10,0.0885,28000000000.0,1390000000.0,10.06,-90.53
3.8e-05,2.3e-05,5e-13,3e-10,5e-11,0.0885,28000000000.0,1400000000.0,10.06,-90.4
3.8e-05,2.3e-05,5e-13,3e-10,1.5e-10,0.0885,28000000000.0,1400000000.0,10.06,-90.54
3.8e-05,2.3e-05,5e-13,3e-10,2e-10,0.0885,28000000000.0,1400000000.0,10.06,-90.5
3.8e-05,2.3e-05,5e-13,3e-10,2.5e-10,0.0885,28000000000.0,1400000000.0,10.06,-90.66
3.8e-05,2.3e-05,5e-13,3.5e-10,1e-10,0.0885,26100000000.0,1250000000.0,10.46,-94.44
3.8e-05,2.3e-05,5e-13,3.5e-10,5e-11,0.0885,26100000000.0,1250000000.0,10.46,-94.35
3.8e-05,2.3e-05,5e-13,3.5e-10,1.5e-10,0.0885,26100000000.0,1250000000.0,10.46,-94.33
3.8e-05,2.3e-05,5e-13,3.5e-10,2e-10,0.0885,26100000000.0,1250000000.0,10.46,-94.37
3.8e-05,2.3e-05,5e-13,3.5e-10,2.5e-10,0.0885,26100000000.0,1250000000.0,10.46,-94.36
3.8e-05,2.3e-05,5e-13,4.5e-10,1e-10,0.0885,23500000000.0,1060000000.0,11.0,-92.45
3.8e-05,2.3e-05,5e-13,4.5e-10,5e-11,0.0885,23500000000.0,1060000000.0,11.0,-92.58
3.8e-05,2.3e-05,5e-13,4.5e-10,1.5e-10,0.0885,23500000000.0,1060000000.0,11.0,-92.52
3.8e-05,2.3e-05,5e-13,4.5e-10,2e-10,0.0885,23500000000.0,1060000000.0,11.0,-92.59
3.8e-05,2.3e-05,5e-13,4.5e-10,2.5e-10,0.0885,23500000000.0,1060000000.0,11.0,-92.92
3.8e-05,2.3e-05,5e-13,5e-10,1e-10,0.0885,22600000000.0,994000000.0,11.21,-91.11
3.8e-05,2.3e-05,5e-13,5e-10,5e-11,0.0885,22600000000.0,995000000.0,11.21,-90.54
3.8e-05,2.3e-05,5e-13,5e-10,1.5e-10,0.0885,22600000000.0,997000000.0,11.21,-90.34
3.8e-05,2.3e-05,5e-13,5e-10,2e-10,0.0885,22600000000.0,997000000.0,11.21,-90.64
3.8e-05,2.3e-05,5e-13,5e-10,2.5e-10,0.0885,22600000000.0,1000000000.0,11.21,-90.77
3.8e-05,2.3e-05,3e-13,4e-10,1e-10,0.0885,24700000000.0,1140000000.0,10.76,-94.45
3.8e-05,2.3e-05,3e-13,4e-10,5e-11,0.0885,24700000000.0,1140000000.0,10.76,-94.57
3.8e-05,2.3e-05,3e-13,4e-10,1.5e-10,0.0885,24700000000.0,1150000000.0,10.76,-94.41
3.8e-05,2.3e-05,3e-13,4e-10,2e-10,0.0885,24700000000.0,1140000000.0,10.76,-94.6
3.8e-05,2.3e-05,3e-13,4e-10,2.5e-10,0.0885,24700000000.0,1140000000.0,10.76,-94.5
3.8e-05,2.3e-05,3e-13,3e-10,5e-11,0.0885,28000000000.0,1400000000.0,10.06,-90.61
3.8e-05,2.3e-05,3e-13,3e-10,1.5e-10,0.0885,28000000000.0,1400000000.0,10.06,-90.53
3.8e-05,2.3e-05,3e-13,3e-10,2e-10,0.0885,28000000000.0,1400000000.0,10.06,-90.85
3.8e-05,2.3e-05,3e-13,3.5e-10,1e-10,0.0885,26100000000.0,1250000000.0,10.46,-94.57
3.8e-05,2.3e-05,3e-13,3.5e-10,1.5e-10,0.0885,26100000000.0,1250000000.0,10.46,-94.64
3.8e-05,2.3e-05,3e-13,3.5e-10,2e-10,0.0885,26100000000.0,1250000000.0,10.46,-94.51
3.8e-05,2.3e-05,3e-13,3.5e-10,2.5e-10,0.0885,26100000000.0,1250000000.0,10.46,-94.4
3.8e-05,2.3e-05,3e-13,4.5e-10,1e-10,0.0885,23500000000.0,1060000000.0,11.0,-92.34
3.8e-05,2.3e-05,3e-13,4.5e-10,5e-11,0.0885,23500000000.0,1060000000.0,11.0,-92.63
3.8e-05,2.3e-05,3e-13,4.5e-10,1.5e-10,0.0885,23500000000.0,1060000000.0,11.0,-92.74
3.8e-05,2.3e-05,3e-13,4.5e-10,2e-10,0.0885,23500000000.0,1060000000.0,11.0,-92.4
3.8e-05,2.3e-05,3e-13,5e-10,1e-10,0.0885,22600000000.0,1000000000.0,11.21,-90.26
3.8e-05,2.3e-05,3e-13,5e-10,5e-11,0.0885,22600000000.0,1000000000.0,11.21,-90.93
3.8e-05,2.3e-05,3e-13,5e-10,1.5e-10,0.0885,22600000000.0,996000000.0,11.21,-90.78
3.8e-05,2.3e-05,3e-13,5e-10,2e-10,0.0885,22600000000.0,995000000.0,11.21,-90.86
3.8e-05,2.3e-05,3e-13,5e-10,2.5e-10,0.0885,22600000000.0,996000000.0,11.21,-90.91
3.8e-05,2.3e-05,4e-13,4e-10,1e-10,0.0885,24600000000.0,1140000000.0,10.76,-94.66
3.8e-05,2.3e-05,4e-13,4e-10,5e-11,0.0885,24700000000.0,1140000000.0,10.76,-94.67
3.8e-05,2.3e-05,4e-13,4e-10,1.5e-10,0.0885,24600000000.0,1140000000.0,10.76,-94.33
3.8e-05,2.3e-05,4e-13,4e-10,2e-10,0.0885,24600000000.0,1140000000.0,10.76,-94.74
3.8e-05,2.3e-05,4e-13,4e-10,2.5e-10,0.0885,24600000000.0,1140000000.0,10.76,-94.53
3.8e-05,2.3e-05,4e-13,3e-10,1e-10,0.0885,28000000000.0,1390000000.0,10.06,-90.46
3.8e-05,2.3e-05,4e-13,3e-10,5e-11,0.0885,28000000000.0,1400000000.0,10.06,-90.63
3.8e-05,2.3e-05,4e-13,3e-10,1.5e-10,0.0885,28000000000.0,1400000000.0,10.06,-90.48
3.8e-05,2.3e-05,4e-13,3e-10,2e-10,0.0885,28000000000.0,1390000000.0,10.06,-90.51
3.8e-05,2.3e-05,4e-13,3e-10,2.5e-10,0.0885,28000000000.0,1390000000.0,10.06,-90.56
3.8e-05,2.3e-05,4e-13,3.5e-10,5e-11,0.0885,26100000000.0,1250000000.0,10.46,-94.49
3.8e-05,2.3e-05,4e-13,3.5e-10,1.5e-10,0.0885,26100000000.0,1250000000.0,10.46,-94.91
3.8e-05,2.3e-05,4e-13,3.5e-10,2.5e-10,0.0885,26100000000.0,1250000000.0,10.46,-94.56
3.8e-05,2.3e-05,4e-13,4.5e-10,1e-10,0.0885,23500000000.0,1060000000.0,11.0,-92.78
3.8e-05,2.3e-05,4e-13,4.5e-10,5e-11,0.0885,23500000000.0,1060000000.0,11.0,-92.53
3.8e-05,2.3e-05,4e-13,4.5e-10,1.5e-10,0.0885,23500000000.0,1060000000.0,11.0,-92.42
3.8e-05,2.3e-05,4e-13,4.5e-10,2e-10,0.0885,23500000000.0,1060000000.0,11.0,-92.65
3.8e-05,2.3e-05,4e-13,4.5e-10,2.5e-10,0.0885,23500000000.0,1060000000.0,11.0,-93.53
3.8e-05,2.3e-05,4e-13,5e-10,1e-10,0.0885,22600000000.0,995000000.0,11.21,-90.98
3.8e-05,2.3e-05,4e-13,5e-10,5e-11,0.0885,22600000000.0,1000000000.0,11.21,-90.78
3.8e-05,2.3e-05,4e-13,5e-10,1.5e-10,0.0885,22600000000.0,992000000.0,11.21,-90.46
3.8e-05,2.3e-05,4e-13,5e-10,2e-10,0.0885,22600000000.0,994000000.0,11.21,-90.86
3.8e-05,2.3e-05,4e-13,5e-10,2.5e-10,0.0885,22600000000.0,997000000.0,11.21,-90.82
3.8e-05,2.3e-05,6e-13,4e-10,1e-10,0.0885,24600000000.0,1140000000.0,10.76,-94.69
3.8e-05,2.3e-05,6e-13,4e-10,5e-11,0.0885,24600000000.0,1130000000.0,10.76,-94.59
3.8e-05,2.3e-05,6e-13,4e-10,1.5e-10,0.0885,24600000000.0,1140000000.0,10.76,-94.5
3.8e-05,2.3e-05,6e-13,4e-10,2e-10,0.0885,24600000000.0,1140000000.0,10.76,-94.3
3.8e-05,2.3e-05,6e-13,4e-10,2.5e-10,0.0885,24600000000.0,1140000000.0,10.76,-94.45
3.8e-05,2.3e-05,6e-13,3e-10,1e-10,0.0885,28000000000.0,1390000000.0,10.06,-90.45
3.8e-05,2.3e-05,6e-13,3e-10,1.5e-10,0.0885,28000000000.0,1400000000.0,10.06,-90.44
3.8e-05,2.3e-05,6e-13,3e-10,2.5e-10,0.0885,28000000000.0,1400000000.0,10.06,-90.43
3.8e-05,2.3e-05,6e-13,3.5e-10,1e-10,0.0885,26100000000.0,1240000000.0,10.46,-94.37
3.8e-05,2.3e-05,6e-13,3.5e-10,5e-11,0.0885,26100000000.0,1250000000.0,10.46,-94.52
3.8e-05,2.3e-05,6e-13,3.5e-10,2e-10,0.0885,26100000000.0,1250000000.0,10.46,-94.32
3.8e-05,2.3e-05,6e-13,4.5e-10,1e-10,0.0885,23500000000.0,1060000000.0,11.0,-92.69
3.8e-05,2.3e-05,6e-13,4.5e-10,5e-11,0.0885,23500000000.0,1060000000.0,11.0,-92.51
3.8e-05,2.3e-05,6e-13,4.5e-10,1.5e-10,0.0885,23500000000.0,1060000000.0,11.0,-92.5
3.8e-05,2.3e-05,6e-13,4.5e-10,2.5e-10,0.0885,23500000000.0,1050000000.0,11.0,-93.48
3.8e-05,2.3e-05,6e-13,5e-10,1e-10,0.0885,22600000000.0,995000000.0,11.21,-91.1
3.8e-05,2.3e-05,6e-13,5e-10,5e-11,0.0885,22600000000.0,997000000.0,11.21,-90.39
3.8e-05,2.3e-05,6e-13,5e-10,1.5e-10,0.0885,22600000000.0,991000000.0,11.21,-91.14
3.8e-05,2.3e-05,6e-13,5e-10,2e-10,0.0885,22600000000.0,997000000.0,11.21,-91.07
3.8e-05,2.3e-05,6e-13,5e-10,2.5e-10,0.0885,22600000000.0,995000000.0,11.21,-91.14
3.8e-05,2.3e-05,7e-13,4e-10,1e-10,0.0885,24600000000.0,1140000000.0,10.76,-94.77
3.8e-05,2.3e-05,7e-13,4e-10,5e-11,0.0885,24600000000.0,1140000000.0,10.76,-94.32
3.8e-05,2.3e-05,7e-13,4e-10,1.5e-10,0.0885,24600000000.0,1140000000.0,10.76,-94.78
3.8e-05,2.3e-05,7e-13,4e-10,2e-10,0.0885,24600000000.0,1140000000.0,10.76,-94.56
3.8e-05,2.3e-05,7e-13,4e-10,2.5e-10,0.0885,24600000000.0,1140000000.0,10.76,-94.68
3.8e-05,2.3e-05,7e-13,3e-10,1e-10,0.0885,28000000000.0,1400000000.0,10.06,-90.34
3.8e-05,2.3e-05,7e-13,3e-10,1.5e-10,0.0885,28000000000.0,1400000000.0,10.06,-90.39
3.8e-05,2.3e-05,7e-13,3e-10,2e-10,0.0885,28000000000.0,1400000000.0,10.06,-90.47
3.8e-05,2.3e-05,7e-13,3e-10,2.5e-10,0.0885,28000000000.0,1400000000.0,10.06,-90.42
3.8e-05,2.3e-05,7e-13,3.5e-10,1e-10,0.0885,26100000000.0,1250000000.0,10.46,-94.54
3.8e-05,2.3e-05,7e-13,3.5e-10,5e-11,0.0885,26100000000.0,1240000000.0,10.46,-94.28
3.8e-05,2.3e-05,7e-13,3.5e-10,1.5e-10,0.0885,26100000000.0,1240000000.0,10.46,-94.23
3.8e-05,2.3e-05,7e-13,3.5e-10,2e-10,0.0885,26100000000.0,1250000000.0,10.46,-94.29
3.8e-05,2.3e-05,7e-13,3.5e-10,2.5e-10,0.0885,26100000000.0,1250000000.0,10.46,-94.3
3.8e-05,2.3e-05,7e-13,4.5e-10,5e-11,0.0885,23500000000.0,1060000000.0,11.0,-92.77
3.8e-05,2.3e-05,7e-13,4.5e-10,1.5e-10,0.0885,23500000000.0,1060000000.0,11.0,-92.87
3.8e-05,2.3e-05,7e-13,5e-10,1e-10,0.0885,22600000000.0,990000000.0,11.21,-90.79
3.8e-05,2.3e-05,7e-13,5e-10,5e-11,0.0885,22600000000.0,997000000.0,11.21,-90.84
3.8e-05,2.3e-05,7e-13,5e-10,1.5e-10,0.0885,22600000000.0,995000000.0,11.21,-90.75
3.8e-05,2.3e-05,7e-13,5e-10,2e-10,0.0885,22600000000.0,996000000.0,11.21,-91.26
3.8e-05,2.3e-05,7e-13,5e-10,2.5e-10,0.0885,22600000000.0,993000000.0,11.21,-90.67
3.8e-05,2.4e-05,5e-13,4e-10,1e-10,0.0885,24600000000.0,1110000000.0,10.74,-94.45
3.8e-05,2.4e-05,5e-13,4e-10,5e-11,0.0885,24600000000.0,1110000000.0,10.74,-94.34
3.8e-05,2.4e-05,5e-13,4e-10,1.5e-10,0.0885,24600000000.0,1110000000.0,10.74,-94.89
3.8e-05,2.4e-05,5e-13,4e-10,2e-10,0.0885,24600000000.0,1110000000.0,10.74,-94.67
3.8e-05,2.4e-05,5e-13,4e-10,2.5e-10,0.0885,24600000000.0,1110000000.0,10.74,-94.48
3.8e-05,2.4e-05,5e-13,3e-10,1e-10,0.0885,27900000000.0,1350000000.0,10.03,-90.66
3.8e-05,2.4e-05,5e-13,3e-10,5e-11,0.0885,27900000000.0,1350000000.0,10.03,-90.65
3.8e-05,2.4e-05,5e-13,3e-10,1.5e-10,0.0885,27900000000.0,1350000000.0,10.03,-90.67
3.8e-05,2.4e-05,5e-13,3e-10,2e-10,0.0885,27900000000.0,1350000000.0,10.03,-90.63
3.8e-05,2.4e-05,5e-13,3e-10,2.5e-10,0.0885,27900000000.0,1350000000.0,10.03,-90.62
3.8e-05,2.4e-05,5e-13,3.5e-10,1e-10,0.0885,26000000000.0,1210000000.0,10.44,-94.42
3.8e-05,2.4e-05,5e-13,3.5e-10,5e-11,0.0885,26100000000.0,1210000000.0,10.44,-94.55
3.8e-05,2.4e-05,5e-13,3.5e-10,1.5e-10,0.0885,26000000000.0,1210000000.0,10.44,-94.44
3.8e-05,2.4e-05,5e-13,3.5e-10,2e-10,0.0885,26000000000.0,1210000000.0,10.44,-94.58
3.8e-05,2.4e-05,5e-13,3.5e-10,2.5e-10,0.0885,26000000000.0,1220000000.0,10.44,-94.62
3.8e-05,2.4e-05,5e-13,4.5e-10,1e-10,0.0885,23400000000.0,1040000000.0,10.98,-92.94
3.8e-05,2.4e-05,5e-13,4.5e-10,5e-11,0.0885,23500000000.0,1030000000.0,10.98,-92.14
3.8e-05,2.4e-05,5e-13,4.5e-10,1.5e-10,0.0885,23400000000.0,1030000000.0,10.98,-92.14
3.8e-05,2.4e-05,5e-13,4.5e-10,2e-10,0.0885,23400000000.0,1030000000.0,10.98,-92.39
3.8e-05,2.4e-05,5e-13,4.5e-10,2.5e-10,0.0885,23400000000.0,1030000000.0,10.98,-92.15
3.8e-05,2.4e-05,5e-13,5e-10,1e-10,0.0885,22500000000.0,974000000.0,11.2,-90.53
3.8e-05,2.4e-05,5e-13,5e-10,5e-11,0.0885,22500000000.0,973000000.0,11.2,-90.41
3.8e-05,2.4e-05,5e-13,5e-10,1.5e-10,0.0885,22500000000.0,973000000.0,11.2,-90.62
3.8e-05,2.4e-05,5e-13,5e-10,2e-10,0.0885,22500000000.0,978000000.0,11.2,-91.35
3.8e-05,2.4e-05,3e-13,4e-10,5e-11,0.0885,24600000000.0,1120000000.0,10.74,-94.45
3.8e-05,2.4e-05,3e-13,4e-10,1.5e-10,0.0885,24600000000.0,1120000000.0,10.74,-94.55
3.8e-05,2.4e-05,3e-13,4e-10,2e-10,0.0885,24600000000.0,1110000000.0,10.74,-94.44
3.8e-05,2.4e-05,3e-13,4e-10,2.5e-10,0.0885,24600000000.0,1120000000.0,10.74,-94.87
3.8e-05,2.4e-05,3e-13,3e-10,1e-10,0.0885,28000000000.0,1350000000.0,10.03,-90.76
3.8e-05,2.4e-05,3e-13,3e-10,5e-11,0.0885,28000000000.0,1350000000.0,10.03,-90.96
3.8e-05,2.4e-05,3e-13,3e-10,1.5e-10,0.0885,28000000000.0,1350000000.0,10.03,-90.75
3.8e-05,2.4e-05,3e-13,3e-10,2e-10,0.0885,28000000000.0,1350000000.0,10.03,-90.77
3.8e-05,2.4e-05,3e-13,3e-10,2.5e-10,0.0885,28000000000.0,1350000000.0,10.03,-88.78
3.8e-05,2.4e-05,3e-13,3.5e-10,5e-11,0.0885,26100000000.0,1220000000.0,10.44,-94.72
3.8e-05,2.4e-05,3e-13,3.5e-10,1.5e-10,0.0885,26100000000.0,1210000000.0,10.44,-94.41
3.8e-05,2.4e-05,3e-13,3.5e-10,2e-10,0.0885,26100000000.0,1210000000.0,10.44,-94.45
3.8e-05,2.4e-05,3e-13,3.5e-10,2.5e-10,0.0885,26100000000.0,1210000000.0,10.44,-94.46
3.8e-05,2.4e-05,3e-13,4.5e-10,1e-10,0.0885,23500000000.0,1030000000.0,10.98,-92.17
3.8e-05,2.4e-05,3e-13,4.5e-10,5e-11,0.0885,23500000000.0,1030000000.0,10.98,-92.4
3.8e-05,2.4e-05,3e-13,4.5e-10,1.5e-10,0.0885,23500000000.0,1040000000.0,10.98,-92.36
3.8e-05,2.4e-05,3e-13,4.5e-10,2.5e-10,0.0885,23500000000.0,1040000000.0,10.98,-92.11
3.8e-05,2.4e-05,3e-13,5e-10,1e-10,0.0885,22500000000.0,976000000.0,11.2,-90.56
3.8e-05,2.4e-05,3e-13,5e-10,5e-11,0.0885,22500000000.0,982000000.0,11.2,-90.38
3.8e-05,2.4e-05,3e-13,5e-10,1.5e-10,0.0885,22500000000.0,977000000.0,11.2,-90.74
3.8e-05,2.4e-05,3e-13,5e-10,2e-10,0.0885,22500000000.0,974000000.0,11.2,-90.56
3.8e-05,2.4e-05,3e-13,5e-10,2.5e-10,0.0885,22500000000.0,982000000.0,11.2,-90.4
3.8e-05,2.4e-05,4e-13,4e-10,1e-10,0.0885,24600000000.0,1120000000.0,10.74,-94.43
3.8e-05,2.4e-05,4e-13,4e-10,5e-11,0.0885,24600000000.0,1110000000.0,10.74,-94.6
3.8e-05,2.4e-05,4e-13,4e-10,1.5e-10,0.0885,24600000000.0,1120000000.0,10.74,-94.44
3.8e-05,2.4e-05,4e-13,4e-10,2e-10,0.0885,24600000000.0,1120000000.0,10.74,-94.54
3.8e-05,2.4e-05,4e-13,4e-10,2.5e-10,0.0885,24600000000.0,1120000000.0,10.74,-94.53
3.8e-05,2.4e-05,4e-13,3e-10,1e-10,0.0885,28000000000.0,1350000000.0,10.03,-90.69
3.8e-05,2.4e-05,4e-13,3e-10,5e-11,0.0885,28000000000.0,1350000000.0,10.03,-90.73
3.8e-05,2.4e-05,4e-13,3e-10,2e-10,0.0885,27900000000.0,1350000000.0,10.03,-90.71
3.8e-05,2.4e-05,4e-13,3e-10,2.5e-10,0.0885,28000000000.0,1350000000.0,10.03,-90.64
3.8e-05,2.4e-05,4e-13,3.5e-10,1e-10,0.0885,26100000000.0,1210000000.0,10.44,-94.5
3.8e-05,2.4e-05,4e-13,3.5e-10,5e-11,0.0885,26100000000.0,1210000000.0,10.44,-94.47
3.8e-05,2.4e-05,4e-13,3.5e-10,1.5e-10,0.0885,26100000000.0,1220000000.0,10.44,-94.57
3.8e-05,2.4e-05,4e-13,3.5e-10,2e-10,0.0885,26100000000.0,1220000000.0,10.44,-94.65
3.8e-05,2.4e-05,4e-13,3.5e-10,2.5e-10,0.0885,26100000000.0,1210000000.0,10.44,-94.23
3.8e-05,2.4e-05,4e-13,4.5e-10,1e-10,0.0885,23500000000.0,1040000000.0,10.98,-92.76
3.8e-05,2.4e-05,4e-13,4.5e-10,5e-11,0.0885,23500000000.0,1030000000.0,10.98,-92.28
3.8e-05,2.4e-05,4e-13,4.5e-10,1.5e-10,0.0885,23500000000.0,1030000000.0,10.98,-92.47
3.8e-05,2.4e-05,4e-13,4.5e-10,2e-10,0.0885,23500000000.0,1030000000.0,10.98,-92.31
3.8e-05,2.4e-05,4e-13,5e-10,1e-10,0.0885,22500000000.0,982000000.0,11.2,-90.41
3.8e-05,2.4e-05,4e-13,5e-10,5e-11,0.0885,22500000000.0,974000000.0,11.2,-90.58
3.8e-05,2.4e-05,4e-13,5e-10,1.5e-10,0.0885,22500000000.0,979000000.0,11.2,-90.35
3.8e-05,2.4e-05,4e-13,5e-10,2e-10,0.0885,22500000000.0,977000000.0,11.2,-90.4
3.8e-05,2.4e-05,4e-13,5e-10,2.5e-10,0.0885,22500000000.0,975000000.0,11.2,-90.62
3.8e-05,2.4e-05,6e-13,4e-10,1e-10,0.0885,24600000000.0,1110000000.0,10.74,-94.68
3.8e-05,2.4e-05,6e-13,4e-10,5e-11,0.0885,24600000000.0,1110000000.0,10.74,-94.62
3.8e-05,2.4e-05,6e-13,4e-10,1.5e-10,0.0885,24600000000.0,1110000000.0,10.74,-94.49
3.8e-05,2.4e-05,6e-13,4e-10,2e-10,0.0885,24600000000.0,1110000000.0,10.74,-94.64
3.8e-05,2.4e-05,6e-13,4e-10,2.5e-10,0.0885,24600000000.0,1120000000.0,10.74,-94.49
3.8e-05,2.4e-05,6e-13,3e-10,5e-11,0.0885,27900000000.0,1350000000.0,10.03,-90.7
3.8e-05,2.4e-05,6e-13,3e-10,1.5e-10,0.0885,27900000000.0,1350000000.0,10.03,-90.59
3.8e-05,2.4e-05,6e-13,3e-10,2.5e-10,0.0885,27900000000.0,1350000000.0,10.03,-90.54
3.8e-05,2.4e-05,6e-13,3.5e-10,5e-11,0.0885,26000000000.0,1210000000.0,10.44,-94.66
3.8e-05,2.4e-05,6e-13,3.5e-10,1.5e-10,0.0885,26000000000.0,1210000000.0,10.44,-94.41
3.8e-05,2.4e-05,6e-13,3.5e-10,2e-10,0.0885,26000000000.0,1220000000.0,10.44,-94.61
3.8e-05,2.4e-05,6e-13,3.5e-10,2.5e-10,0.0885,26000000000.0,1210000000.0,10.44,-94.47
3.8e-05,2.4e-05,6e-13,4.5e-10,1e-10,0.0885,23400000000.0,1040000000.0,10.98,-92.52
3.8e-05,2.4e-05,6e-13,4.5e-10,5e-11,0.0885,23400000000.0,1030000000.0,10.98,-92.31
3.8e-05,2.4e-05,6e-13,4.5e-10,1.5e-10,0.0885,23400000000.0,1040000000.0,10.98,-92.21
3.8e-05,2.4e-05,6e-13,4.5e-10,2e-10,0.0885,23400000000.0,1030000000.0,10.98,-92.37
3.8e-05,2.4e-05,6e-13,5e-10,1e-10,0.0885,22500000000.0,968000000.0,11.2,-90.15
3.8e-05,2.4e-05,6e-13,5e-10,5e-11,0.0885,22500000000.0,979000000.0,11.2,-90.84
3.8e-05,2.4e-05,6e-13,5e-10,1.5e-10,0.0885,22500000000.0,970000000.0,11.2,-90.46
3.8e-05,2.4e-05,6e-13,5e-10,2e-10,0.0885,22500000000.0,977000000.0,11.2,-90.38
3.8e-05,2.4e-05,6e-13,5e-10,2.5e-10,0.0885,22500000000.0,974000000.0,11.2,-90.51
3.8e-05,2.4e-05,7e-13,4e-10,1e-10,0.0885,24600000000.0,1110000000.0,10.74,-94.46
3.8e-05,2.4e-05,7e-13,4e-10,1.5e-10,0.0885,24600000000.0,1110000000.0,10.74,-94.83
3.8e-05,2.4e-05,7e-13,3e-10,1e-10,0.0885,27900000000.0,1350000000.0,10.03,-90.58
3.8e-05,2.4e-05,7e-13,3e-10,2e-10,0.0885,27900000000.0,1350000000.0,10.03,-90.74
3.8e-05,2.4e-05,7e-13,3.5e-10,1e-10,0.0885,26000000000.0,1210000000.0,10.44,-94.46
3.8e-05,2.4e-05,7e-13,3.5e-10,5e-11,0.0885,26000000000.0,1210000000.0,10.44,-94.29
3.8e-05,2.4e-05,7e-13,3.5e-10,1.5e-10,0.0885,26000000000.0,1210000000.0,10.44,-94.36
3.8e-05,2.4e-05,7e-13,3.5e-10,2e-10,0.0885,26000000000.0,1210000000.0,10.44,-94.39
3.8e-05,2.4e-05,7e-13,3.5e-10,2.5e-10,0.0885,26000000000.0,1210000000.0,10.44,-94.34
3.8e-05,2.4e-05,7e-13,4.5e-10,1e-10,0.0885,23400000000.0,1040000000.0,10.98,-92.47
3.8e-05,2.4e-05,7e-13,4.5e-10,5e-11,0.0885,23400000000.0,1040000000.0,10.98,-92.49
3.8e-05,2.4e-05,7e-13,4.5e-10,1.5e-10,0.0885,23400000000.0,1040000000.0,10.98,-92.24
3.8e-05,2.4e-05,7e-13,4.5e-10,2e-10,0.0885,23400000000.0,1030000000.0,10.98,-92.47
3.8e-05,2.4e-05,7e-13,4.5e-10,2.5e-10,0.0885,23400000000.0,1030000000.0,10.98,-92.73
3.8e-05,2.4e-05,7e-13,5e-10,1e-10,0.0885,22500000000.0,970000000.0,11.2,-90.75
3.8e-05,2.4e-05,7e-13,5e-10,5e-11,0.0885,22500000000.0,972000000.0,11.2,-90.54
3.8e-05,2.4e-05,7e-13,5e-10,1.5e-10,0.0885,22500000000.0,973000000.0,11.2,-90.38
3.8e-05,2.4e-05,7e-13,5e-10,2e-10,0.0885,22500000000.0,970000000.0,11.2,-90.51
3.8e-05,2.4e-05,7e-13,5e-10,2.5e-10,0.0885,22500000000.0,979000000.0,11.2,-90.8
3.8e-05,2.5e-05,5e-13,4e-10,1e-10,0.0885,24600000000.0,1080000000.0,10.71,-94.51
3.8e-05,2.5e-05,5e-13,4e-10,5e-11,0.0885,24600000000.0,1080000000.0,10.72,-94.44
3.8e-05,2.5e-05,5e-13,4e-10,1.5e-10,0.0885,24600000000.0,1080000000.0,10.71,-94.34
3.8e-05,2.5e-05,5e-13,4e-10,2e-10,0.0885,24600000000.0,1080000000.0,10.71,-94.16
3.8e-05,2.5e-05,5e-13,4e-10,2.5e-10,0.0885,24600000000.0,1080000000.0,10.71,-94.39
3.8e-05,2.5e-05,5e-13,3e-10,1e-10,0.0885,27900000000.0,1300000000.0,10.0,-90.74
3.8e-05,2.5e-05,5e-13,3e-10,5e-11,0.0885,27900000000.0,1300000000.0,10.0,-90.78
3.8e-05,2.5e-05,5e-13,3e-10,1.5e-10,0.0885,27900000000.0,1300000000.0,10.0,-91.06
3.8e-05,2.5e-05,5e-13,3e-10,2e-10,0.0885,27900000000.0,1300000000.0,10.0,-90.86
3.8e-05,2.5e-05,5e-13,3e-10,2.5e-10,0.0885,27900000000.0,1300000000.0,10.0,-90.76
3.8e-05,2.5e-05,5e-13,3.5e-10,1e-10,0.0885,26000000000.0,1170000000.0,10.41,-94.65
3.8e-05,2.5e-05,5e-13,3.5e-10,5e-11,0.0885,26000000000.0,1170000000.0,10.41,-94.63
3.8e-05,2.5e-05,5e-13,3.5e-10,2e-10,0.0885,26000000000.0,1170000000.0,10.41,-94.6
3.8e-05,2.5e-05,5e-13,3.5e-10,2.5e-10,0.0885,26000000000.0,1170000000.0,10.41,-94.51
3.8e-05,2.5e-05,5e-13,4.5e-10,1e-10,0.0885,23400000000.0,1010000000.0,10.96,-92.01
3.8e-05,2.5e-05,5e-13,4.5e-10,5e-11,0.0885,23400000000.0,1010000000.0,10.96,-92.34
3.8e-05,2.5e-05,5e-13,4.5e-10,1.5e-10,0.0885,23400000000.0,1010000000.0,10.96,-92.15
3.8e-05,2.5e-05,5e-13,4.5e-10,2e-10,0.0885,23400000000.0,1010000000.0,10.96,-92.36
3.8e-05,2.5e-05,5e-13,4.5e-10,2.5e-10,0.0885,23400000000.0,1010000000.0,10.96,-92.78
3.8e-05,2.5e-05,5e-13,5e-10,1e-10,0.0885,22500000000.0,953000000.0,11.18,-90.18
3.8e-05,2.5e-05,5e-13,5e-10,5e-11,0.0885,22500000000.0,943000000.0,11.18,-90.5
3.8e-05,2.5e-05,5e-13,5e-10,1.5e-10,0.0885,22500000000.0,952000000.0,11.18,-90.52
3.8e-05,2.5e-05,5e-13,5e-10,2e-10,0.0885,22500000000.0,949000000.0,11.18,-90.37
3.8e-05,2.5e-05,5e-13,5e-10,2.5e-10,0.0885,22500000000.0,951000000.0,11.18,-90.31
3.8e-05,2.5e-05,3e-13,4e-10,1e-10,0.0885,24600000000.0,1080000000.0,10.72,-94.5
3.8e-05,2.5e-05,3e-13,4e-10,1.5e-10,0.0885,24600000000.0,1080000000.0,10.72,-94.28
3.8e-05,2.5e-05,3e-13,4e-10,2e-10,0.0885,24600000000.0,1080000000.0,10.71,-94.76
3.8e-05,2.5e-05,3e-13,4e-10,2.5e-10,0.0885,24600000000.0,1080000000.0,10.72,-94.42
3.8e-05,2.5e-05,3e-13,3e-10,1e-10,0.0885,27900000000.0,1300000000.0,10.0,-90.83
3.8e-05,2.5e-05,3e-13,3e-10,5e-11,0.0885,27900000000.0,1300000000.0,10.0,-91.02
3.8e-05,2.5e-05,3e-13,3e-10,1.5e-10,0.0885,27900000000.0,1300000000.0,10.0,-91.09
3.8e-05,2.5e-05,3e-13,3e-10,2e-10,0.0885,27900000000.0,1300000000.0,10.0,-91.01
3.8e-05,2.5e-05,3e-13,3e-10,2.5e-10,0.0885,27900000000.0,1300000000.0,10.0,-91.0
3.8e-05,2.5e-05,3e-13,3.5e-10,1e-10,0.0885,26000000000.0,1180000000.0,10.41,-94.73
3.8e-05,2.5e-05,3e-13,3.5e-10,5e-11,0.0885,26000000000.0,1180000000.0,10.41,-94.79
3.8e-05,2.5e-05,3e-13,3.5e-10,2e-10,0.0885,26000000000.0,1170000000.0,10.41,-94.55
3.8e-05,2.5e-05,3e-13,3.5e-10,2.5e-10,0.0885,26000000000.0,1170000000.0,10.41,-94.61
3.8e-05,2.5e-05,3e-13,4.5e-10,1e-10,0.0885,23400000000.0,1010000000.0,10.96,-92.07
3.8e-05,2.5e-05,3e-13,4.5e-10,5e-11,0.0885,23400000000.0,1010000000.0,10.96,-92.19
3.8e-05,2.5e-05,3e-13,4.5e-10,1.5e-10,0.0885,23400000000.0,1000000000.0,10.96,-92.95
3.8e-05,2.5e-05,3e-13,4.5e-10,2e-10,0.0885,23400000000.0,1010000000.0,10.96,-92.04
3.8e-05,2.5e-05,3e-13,4.5e-10,2.5e-10,0.0885,23400000000.0,1010000000.0,10.96,-92.03
3.8e-05,2.5e-05,3e-13,5e-10,1e-10,0.0885,22500000000.0,954000000.0,11.18,-90.07
3.8e-05,2.5e-05,3e-13,5e-10,5e-11,0.0885,22500000000.0,952000000.0,11.18,-90.45
3.8e-05,2.5e-05,3e-13,5e-10,1.5e-10,0.0885,22500000000.0,951000000.0,11.18,-90.38
3.8e-05,2.5e-05,3e-13,5e-10,2e-10,0.0885,22500000000.0,950000000.0,11.18,-90.58
3.8e-05,2.5e-05,3e-13,5e-10,2.5e-10,0.0885,22500000000.0,949000000.0,11.18,-90.62
3.8e-05,2.5e-05,4e-13,4e-10,1e-10,0.0885,24600000000.0,1080000000.0,10.71,-94.23
3.8e-05,2.5e-05,4e-13,4e-10,5e-11,0.0885,24600000000.0,1080000000.0,10.71,-94.24
3.8e-05,2.5e-05,4e-13,4e-10,1.5e-10,0.0885,24600000000.0,1090000000.0,10.71,-94.55
3.8e-05,2.5e-05,4e-13,4e-10,2e-10,0.0885,24600000000.0,1080000000.0,10.72,-93.92
3.8e-05,2.5e-05,4e-13,4e-10,2.5e-10,0.0885,24600000000.0,1080000000.0,10.71,-94.27
3.8e-05,2.5e-05,4e-13,3e-10,1e-10,0.0885,27900000000.0,1300000000.0,10.0,-90.8
3.8e-05,2.5e-05,4e-13,3e-10,5e-11,0.0885,27900000000.0,1300000000.0,10.0,-90.82
3.8e-05,2.5e-05,4e-13,3e-10,2e-10,0.0885,27900000000.0,1300000000.0,10.0,-90.79
3.8e-05,2.5e-05,4e-13,3.5e-10,1e-10,0.0885,26000000000.0,1170000000.0,10.41,-94.74
3.8e-05,2.5e-05,4e-13,3.5e-10,5e-11,0.0885,26000000000.0,1170000000.0,10.41,-94.66
3.8e-05,2.5e-05,4e-13,3.5e-10,1.5e-10,0.0885,26000000000.0,1170000000.0,10.41,-94.68
3.8e-05,2.5e-05,4e-13,3.5e-10,2e-10,0.0885,26000000000.0,1170000000.0,10.41,-94.53
3.8e-05,2.5e-05,4e-13,4.5e-10,1e-10,0.0885,23400000000.0,1010000000.0,10.96,-92.76
3.8e-05,2.5e-05,4e-13,4.5e-10,5e-11,0.0885,23400000000.0,1010000000.0,10.97,-92.25
3.8e-05,2.5e-05,4e-13,4.5e-10,1.5e-10,0.0885,23400000000.0,1010000000.0,10.96,-92.12
3.8e-05,2.5e-05,4e-13,4.5e-10,2e-10,0.0885,23400000000.0,1010000000.0,10.96,-92.31
3.8e-05,2.5e-05,4e-13,4.5e-10,2.5e-10,0.0885,23400000000.0,1010000000.0,10.96,-92.13
3.8e-05,2.5e-05,4e-13,5e-10,1e-10,0.0885,22500000000.0,955000000.0,11.18,-90.66
3.8e-05,2.5e-05,4e-13,5e-10,5e-11,0.0885,22500000000.0,949000000.0,11.18,-90.86
3.8e-05,2.5e-05,4e-13,5e-10,1.5e-10,0.0885,22500000000.0,950000000.0,11.18,-90.51
3.8e-05,2.5e-05,4e-13,5e-10,2e-10,0.0885,22500000000.0,949000000.0,11.18,-90.79
3.8e-05,2.5e-05,4e-13,5e-10,2.5e-10,0.0885,22500000000.0,949000000.0,11.18,-90.98
3.8e-05,2.5e-05,6e-13,4e-10,1e-10,0.0885,24600000000.0,1080000000.0,10.72,-94.22
3.8e-05,2.5e-05,6e-13,4e-10,5e-11,0.0885,24600000000.0,1080000000.0,10.71,-94.36
3.8e-05,2.5e-05,6e-13,4e-10,2e-10,0.0885,24600000000.0,1080000000.0,10.71,-94.56
3.8e-05,2.5e-05,6e-13,4e-10,2.5e-10,0.0885,24600000000.0,1080000000.0,10.72,-94.16
3.8e-05,2.5e-05,6e-13,3e-10,1e-10,0.0885,27900000000.0,1300000000.0,10.0,-90.85
3.8e-05,2.5e-05,6e-13,3e-10,5e-11,0.0885,27900000000.0,1300000000.0,10.0,-90.75
3.8e-05,2.5e-05,6e-13,3e-10,1.5e-10,0.0885,27900000000.0,1300000000.0,10.0,-90.77
3.8e-05,2.5e-05,6e-13,3e-10,2e-10,0.0885,27900000000.0,1300000000.0,10.0,-90.95
3.8e-05,2.5e-05,6e-13,3.5e-10,1e-10,0.0885,26000000000.0,1170000000.0,10.41,-94.59
3.8e-05,2.5e-05,6e-13,3.5e-10,5e-11,0.0885,26000000000.0,1170000000.0,10.41,-94.71
3.8e-05,2.5e-05,6e-13,3.5e-10,2e-10,0.0885,26000000000.0,1170000000.0,10.41,-94.54
3.8e-05,2.5e-05,6e-13,3.5e-10,2.5e-10,0.0885,26000000000.0,1170000000.0,10.41,-94.64
3.8e-05,2.5e-05,6e-13,4.5e-10,1e-10,0.0885,23400000000.0,1010000000.0,10.96,-92.26
3.8e-05,2.5e-05,6e-13,4.5e-10,1.5e-10,0.0885,23400000000.0,1010000000.0,10.96,-92.25
3.8e-05,2.5e-05,6e-13,4.5e-10,2e-10,0.0885,23400000000.0,1010000000.0,10.96,-92.16
3.8e-05,2.5e-05,6e-13,4.5e-10,2.5e-10,0.0885,23400000000.0,1000000000.0,10.96,-92.08
3.8e-05,2.5e-05,6e-13,5e-10,1e-10,0.0885,22500000000.0,950000000.0,11.18,-90.42
3.8e-05,2.5e-05,6e-13,5e-10,5e-11,0.0885,22500000000.0,948000000.0,11.18,-90.47
3.8e-05,2.5e-05,6e-13,5e-10,1.5e-10,0.0885,22500000000.0,952000000.0,11.18,-90.22
3.8e-05,2.5e-05,6e-13,5e-10,2e-10,0.0885,22500000000.0,948000000.0,11.18,-90.4
3.8e-05,2.5e-05,6e-13,5e-10,2.5e-10,0.0885,22500000000.0,946000000.0,11.18,-90.32
3.8e-05,2.5e-05,7e-13,4e-10,1e-10,0.0885,24600000000.0,1080000000.0,10.71,-94.31
3.8e-05,2.5e-05,7e-13,4e-10,5e-11,0.0885,24600000000.0,1080000000.0,10.71,-94.57
3.8e-05,2.5e-05,7e-13,4e-10,1.5e-10,0.0885,24600000000.0,1080000000.0,10.71,-94.26
3.8e-05,2.5e-05,7e-13,4e-10,2.5e-10,0.0885,24600000000.0,1080000000.0,10.72,-94.33
3.8e-05,2.5e-05,7e-13,3e-10,1e-10,0.0885,27900000000.0,1300000000.0,10.0,-91.04
3.8e-05,2.5e-05,7e-13,3.5e-10,1e-10,0.0885,26000000000.0,1170000000.0,10.41,-94.58
3.8e-05,2.5e-05,7e-13,3.5e-10,2e-10,0.0885,26000000000.0,1170000000.0,10.41,-94.49
3.8e-05,2.5e-05,7e-13,4.5e-10,1e-10,0.0885,23400000000.0,1010000000.0,10.96,-92.58
3.8e-05,2.5e-05,7e-13,4.5e-10,5e-11,0.0885,23400000000.0,1010000000.0,10.96,-91.83
3.8e-05,2.5e-05,7e-13,4.5e-10,1.5e-10,0.0885,23400000000.0,1000000000.0,10.96,-92.78
3.8e-05,2.5e-05,7e-13,4.5e-10,2e-10,0.0885,23400000000.0,1000000000.0,10.96,-92.09
3.8e-05,2.5e-05,7e-13,4.5e-10,2.5e-10,0.0885,23400000000.0,1010000000.0,10.96,-92.0
3.8e-05,2.5e-05,7e-13,5e-10,1e-10,0.0885,22500000000.0,951000000.0,11.18,-90.76
3.8e-05,2.5e-05,7e-13,5e-10,5e-11,0.0885,22500000000.0,949000000.0,11.18,-90.54
3.8e-05,2.5e-05,7e-13,5e-10,1.5e-10,0.0885,22500000000.0,949000000.0,11.18,-90.44
3.8e-05,2.5e-05,7e-13,5e-10,2.5e-10,0.0885,22500000000.0,945000000.0,11.18,-91.16
3.9e-05,5e-06,5e-13,4e-10,1e-10,0.0909,26200000000.0,565000000.0,10.62,-90.69
3.9e-05,5e-06,5e-13,4e-10,5e-11,0.0909,26200000000.0,566000000.0,10.62,-90.72
3.9e-05,5e-06,5e-13,4e-10,1.5e-10,0.0909,26200000000.0,566000000.0,10.62,-90.79
3.9e-05,5e-06,5e-13,4e-10,2e-10,0.0909,26200000000.0,564000000.0,10.62,-91.14
3.9e-05,5e-06,5e-13,4e-10,2.5e-10,0.0909,26200000000.0,564000000.0,10.62,-91.21
3.9e-05,5e-06,5e-13,3e-10,1e-10,0.0909,30000000000.0,716000000.0,9.94,-83.61
3.9e-05,5e-06,5e-13,3e-10,5e-11,0.0909,30000000000.0,716000000.0,9.94,-83.91
3.9e-05,5e-06,5e-13,3e-10,1.5e-10,0.0909,30000000000.0,716000000.0,9.94,-83.73
3.9e-05,5e-06,5e-13,3e-10,2e-10,0.0909,30000000000.0,715000000.0,9.94,-83.71
3.9e-05,5e-06,5e-13,3e-10,2.5e-10,0.0909,30000000000.0,716000000.0,9.94,-83.66
3.9e-05,5e-06,5e-13,3.5e-10,1e-10,0.0909,27800000000.0,627000000.0,10.34,-87.23
3.9e-05,5e-06,5e-13,3.5e-10,5e-11,0.0909,27800000000.0,628000000.0,10.34,-87.17
3.9e-05,5e-06,5e-13,3.5e-10,1.5e-10,0.0909,27800000000.0,627000000.0,10.33,-87.26
3.9e-05,5e-06,5e-13,3.5e-10,2e-10,0.0909,27800000000.0,626000000.0,10.33,-87.23
3.9e-05,5e-06,5e-13,3.5e-10,2.5e-10,0.0909,27800000000.0,628000000.0,10.34,-87.16
3.9e-05,5e-06,5e-13,4.5e-10,1e-10,0.0909,24900000000.0,519000000.0,10.83,-93.73
3.9e-05,5e-06,5e-13,4.5e-10,5e-11,0.0909,24900000000.0,517000000.0,10.83,-93.53
3.9e-05,5e-06,5e-13,4.5e-10,1.5e-10,0.0909,24900000000.0,517000000.0,10.83,-92.98
3.9e-05,5e-06,5e-13,4.5e-10,2e-10,0.0909,24900000000.0,520000000.0,10.83,-93.72
3.9e-05,5e-06,5e-13,4.5e-10,2.5e-10,0.0909,24900000000.0,521000000.0,10.84,-93.6
3.9e-05,5e-06,5e-13,5e-10,1e-10,0.0909,23900000000.0,484000000.0,11.02,-94.14
3.9e-05,5e-06,5e-13,5e-10,5e-11,0.0909,23900000000.0,484000000.0,11.02,-94.27
3.9e-05,5e-06,5e-13,5e-10,1.5e-10,0.0909,23900000000.0,483000000.0,11.02,-94.15
3.9e-05,5e-06,5e-13,5e-10,2e-10,0.0909,23900000000.0,483000000.0,11.02,-94.33
3.9e-05,5e-06,5e-13,5e-10,2.5e-10,0.0909,23900000000.0,486000000.0,11.02,-94.24
3.9e-05,5e-06,3e-13,4e-10,1e-10,0.0909,26200000000.0,566000000.0,10.62,-90.85
3.9e-05,5e-06,3e-13,4e-10,5e-11,0.0909,26200000000.0,565000000.0,10.62,-91.07
3.9e-05,5e-06,3e-13,4e-10,1.5e-10,0.0909,26200000000.0,564000000.0,10.62,-91.1
3.9e-05,5e-06,3e-13,4e-10,2e-10,0.0909,26200000000.0,566000000.0,10.62,-90.88
3.9e-05,5e-06,3e-13,4e-10,2.5e-10,0.0909,26200000000.0,564000000.0,10.62,-91.07
3.9e-05,5e-06,3e-13,3e-10,1e-10,0.0909,30000000000.0,716000000.0,9.94,-83.7
3.9e-05,5e-06,3e-13,3e-10,5e-11,0.0909,30000000000.0,715000000.0,9.94,-83.84
3.9e-05,5e-06,3e-13,3e-10,1.5e-10,0.0909,30000000000.0,715000000.0,9.94,-83.76
3.9e-05,5e-06,3e-13,3e-10,2e-10,0.0909,30000000000.0,715000000.0,9.94,-83.75
3.9e-05,5e-06,3e-13,3e-10,2.5e-10,0.0909,30000000000.0,717000000.0,9.94,-83.71
3.9e-05,5e-06,3e-13,3.5e-10,1e-10,0.0909,27800000000.0,627000000.0,10.34,-87.06
3.9e-05,5e-06,3e-13,3.5e-10,5e-11,0.0909,27800000000.0,626000000.0,10.34,-87.44
3.9e-05,5e-06,3e-13,3.5e-10,1.5e-10,0.0909,27800000000.0,626000000.0,10.34,-87.3
3.9e-05,5e-06,3e-13,3.5e-10,2e-10,0.0909,27800000000.0,626000000.0,10.34,-87.46
3.9e-05,5e-06,3e-13,3.5e-10,2.5e-10,0.0909,27800000000.0,627000000.0,10.34,-87.36
3.9e-05,5e-06,3e-13,4.5e-10,1e-10,0.0909,24900000000.0,522000000.0,10.83,-93.41
3.9e-05,5e-06,3e-13,4.5e-10,5e-11,0.0909,24900000000.0,517000000.0,10.83,-93.83
3.9e-05,5e-06,3e-13,4.5e-10,1.5e-10,0.0909,24900000000.0,519000000.0,10.83,-93.77
3.9e-05,5e-06,3e-13,4.5e-10,2e-10,0.0909,24900000000.0,518000000.0,10.83,-93.57
3.9e-05,5e-06,3e-13,4.5e-10,2.5e-10,0.0909,24900000000.0,518000000.0,10.83,-93.65
3.9e-05,5e-06,3e-13,5e-10,1e-10,0.0909,23900000000.0,485000000.0,11.02,-94.3
3.9e-05,5e-06,3e-13,5e-10,5e-11,0.0909,23900000000.0,482000000.0,11.02,-94.17
3.9e-05,5e-06,3e-13,5e-10,1.5e-10,0.0909,23900000000.0,486000000.0,11.02,-94.3
3.9e-05,5e-06,3e-13,5e-10,2e-10,0.0909,23900000000.0,485000000.0,11.02,-94.31
3.9e-05,5e-06,4e-13,4e-10,1e-10,0.0909,26200000000.0,564000000.0,10.62,-90.9
3.9e-05,5e-06,4e-13,4e-10,5e-11,0.0909,26200000000.0,566000000.0,10.62,-90.8
3.9e-05,5e-06,4e-13,4e-10,1.5e-10,0.0909,26200000000.0,567000000.0,10.62,-90.79
3.9e-05,5e-06,4e-13,4e-10,2e-10,0.0909,26200000000.0,566000000.0,10.62,-90.76
3.9e-05,5e-06,4e-13,4e-10,2.5e-10,0.0909,26200000000.0,564000000.0,10.62,-90.7
3.9e-05,5e-06,4e-13,3e-10,1e-10,0.0909,30000000000.0,715000000.0,9.94,-83.73
3.9e-05,5e-06,4e-13,3e-10,5e-11,0.0909,30000000000.0,716000000.0,9.94,-83.81
3.9e-05,5e-06,4e-13,3e-10,1.5e-10,0.0909,30000000000.0,716000000.0,9.94,-83.74
3.9e-05,5e-06,4e-13,3e-10,2e-10,0.0909,30000000000.0,716000000.0,9.94,-83.71
3.9e-05,5e-06,4e-13,3e-10,2.5e-10,0.0909,30000000000.0,715000000.0,9.94,-83.63
3.9e-05,5e-06,4e-13,3.5e-10,1e-10,0.0909,27800000000.0,627000000.0,10.34,-87.33
3.9e-05,5e-06,4e-13,3.5e-10,5e-11,0.0909,27800000000.0,628000000.0,10.34,-87.45
3.9e-05,5e-06,4e-13,3.5e-10,1.5e-10,0.0909,27800000000.0,627000000.0,10.34,-87.29
3.9e-05,5e-06,4e-13,3.5e-10,2e-10,0.0909,27800000000.0,628000000.0,10.34,-87.14
3.9e-05,5e-06,4e-13,3.5e-10,2.5e-10,0.0909,27800000000.0,628000000.0,10.34,-87.2
3.9e-05,5e-06,4e-13,4.5e-10,1e-10,0.0909,24900000000.0,518000000.0,10.83,-93.77
3.9e-05,5e-06,4e-13,4.5e-10,5e-11,0.0909,24900000000.0,519000000.0,10.83,-93.79
3.9e-05,5e-06,4e-13,4.5e-10,2e-10,0.0909,24900000000.0,518000000.0,10.83,-93.82
3.9e-05,5e-06,4e-13,4.5e-10,2.5e-10,0.0909,24900000000.0,521000000.0,10.84,-93.7
3.9e-05,5e-06,4e-13,5e-10,1e-10,0.0909,23900000000.0,486000000.0,11.02,-94.33
3.9e-05,5e-06,4e-13,5e-10,5e-11,0.0909,23900000000.0,487000000.0,11.02,-94.32
3.9e-05,5e-06,4e-13,5e-10,1.5e-10,0.0909,23900000000.0,484000000.0,11.02,-94.25
3.9e-05,5e-06,4e-13,5e-10,2e-10,0.0909,23900000000.0,486000000.0,11.02,-94.31
3.9e-05,5e-06,4e-13,5e-10,2.5e-10,0.0909,23900000000.0,485000000.0,11.02,-94.32
3.9e-05,5e-06,6e-13,4e-10,5e-11,0.0909,26200000000.0,566000000.0,10.62,-90.69
3.9e-05,5e-06,6e-13,4e-10,1.5e-10,0.0909,26200000000.0,566000000.0,10.62,-90.75
3.9e-05,5e-06,6e-13,4e-10,2e-10,0.0909,26200000000.0,566000000.0,10.62,-90.87
3.9e-05,5e-06,6e-13,4e-10,2.5e-10,0.0909,26200000000.0,565000000.0,10.62,-90.72
3.9e-05,5e-06,6e-13,3e-10,1e-10,0.0909,30000000000.0,715000000.0,9.94,-83.67
3.9e-05,5e-06,6e-13,3e-10,5e-11,0.0909,30000000000.0,715000000.0,9.94,-83.77
3.9e-05,5e-06,6e-13,3e-10,1.5e-10,0.0909,30000000000.0,715000000.0,9.94,-83.79
3.9e-05,5e-06,6e-13,3e-10,2e-10,0.0909,30000000000.0,716000000.0,9.94,-83.65
3.9e-05,5e-06,6e-13,3e-10,2.5e-10,0.0909,30000000000.0,716000000.0,9.94,-83.62
3.9e-05,5e-06,6e-13,3.5e-10,1e-10,0.0909,27800000000.0,626000000.0,10.33,-87.37
3.9e-05,5e-06,6e-13,3.5e-10,5e-11,0.0909,27800000000.0,627000000.0,10.33,-87.29
3.9e-05,5e-06,6e-13,3.5e-10,1.5e-10,0.0909,27800000000.0,627000000.0,10.33,-87.21
3.9e-05,5e-06,6e-13,3.5e-10,2e-10,0.0909,27800000000.0,627000000.0,10.33,-87.27
3.9e-05,5e-06,6e-13,3.5e-10,2.5e-10,0.0909,27800000000.0,626000000.0,10.33,-87.42
3.9e-05,5e-06,6e-13,4.5e-10,1e-10,0.0909,24900000000.0,520000000.0,10.84,-93.74
3.9e-05,5e-06,6e-13,4.5e-10,5e-11,0.0909,24900000000.0,520000000.0,10.83,-93.75
3.9e-05,5e-06,6e-13,4.5e-10,1.5e-10,0.0909,24900000000.0,518000000.0,10.83,-93.8
3.9e-05,5e-06,6e-13,4.5e-10,2e-10,0.0909,24900000000.0,517000000.0,10.83,-93.77
3.9e-05,5e-06,6e-13,4.5e-10,2.5e-10,0.0909,24900000000.0,522000000.0,10.83,-93.66
3.9e-05,5e-06,6e-13,5e-10,1e-10,0.0909,23900000000.0,487000000.0,11.02,-94.37
3.9e-05,5e-06,6e-13,5e-10,5e-11,0.0909,23900000000.0,485000000.0,11.02,-94.24
3.9e-05,5e-06,6e-13,5e-10,1.5e-10,0.0909,23900000000.0,484000000.0,11.02,-94.24
3.9e-05,5e-06,6e-13,5e-10,2.5e-10,0.0909,23900000000.0,487000000.0,11.02,-94.15
3.9e-05,5e-06,7e-13,4e-10,1e-10,0.0909,26200000000.0,565000000.0,10.62,-90.96
3.9e-05,5e-06,7e-13,4e-10,5e-11,0.0909,26200000000.0,565000000.0,10.62,-90.81
3.9e-05,5e-06,7e-13,4e-10,2e-10,0.0909,26200000000.0,565000000.0,10.62,-90.99
3.9e-05,5e-06,7e-13,4e-10,2.5e-10,0.0909,26200000000.0,563000000.0,10.61,-90.99
3.9e-05,5e-06,7e-13,3e-10,1e-10,0.0909,30000000000.0,716000000.0,9.94,-83.63
3.9e-05,5e-06,7e-13,3e-10,5e-11,0.0909,30000000000.0,715000000.0,9.94,-83.74
3.9e-05,5e-06,7e-13,3e-10,2e-10,0.0909,30000000000.0,716000000.0,9.94,-83.59
3.9e-05,5e-06,7e-13,3.5e-10,5e-11,0.0909,27800000000.0,627000000.0,10.33,-87.04
3.9e-05,5e-06,7e-13,3.5e-10,1.5e-10,0.0909,27800000000.0,627000000.0,10.33,-87.18
3.9e-05,5e-06,7e-13,3.5e-10,2.5e-10,0.0909,27800000000.0,626000000.0,10.33,-87.34
3.9e-05,5e-06,7e-13,4.5e-10,1e-10,0.0909,24900000000.0,520000000.0,10.83,-93.73
3.9e-05,5e-06,7e-13,4.5e-10,5e-11,0.0909,24900000000.0,521000000.0,10.83,-94.14
3.9e-05,5e-06,7e-13,4.5e-10,1.5e-10,0.0909,24900000000.0,521000000.0,10.83,-93.71
3.9e-05,5e-06,7e-13,4.5e-10,2.5e-10,0.0909,24900000000.0,522000000.0,10.83,-93.32
3.9e-05,5e-06,7e-13,5e-10,5e-11,0.0909,23900000000.0,482000000.0,11.02,-94.2
3.9e-05,5e-06,7e-13,5e-10,1.5e-10,0.0909,23900000000.0,487000000.0,11.02,-94.3
3.9e-05,5e-06,7e-13,5e-10,2e-10,0.0909,23900000000.0,487000000.0,11.02,-94.17
3.9e-05,5e-06,7e-13,5e-10,2.5e-10,0.0909,23900000000.0,483000000.0,11.02,-94.26
3.9e-05,6e-06,5e-13,4e-10,1e-10,0.0909,26000000000.0,654000000.0,10.64,-91.61
3.9e-05,6e-06,5e-13,4e-10,5e-11,0.0909,26000000000.0,657000000.0,10.64,-91.37
3.9e-05,6e-06,5e-13,4e-10,1.5e-10,0.0909,26000000000.0,657000000.0,10.64,-91.09
3.9e-05,6e-06,5e-13,4e-10,2e-10,0.0909,26000000000.0,657000000.0,10.64,-91.12
3.9e-05,6e-06,5e-13,4e-10,2.5e-10,0.0909,26000000000.0,655000000.0,10.64,-91.41
3.9e-05,6e-06,5e-13,3e-10,1e-10,0.0909,29800000000.0,831000000.0,9.97,-83.96
3.9e-05,6e-06,5e-13,3e-10,5e-11,0.0909,29800000000.0,831000000.0,9.97,-83.91
3.9e-05,6e-06,5e-13,3e-10,1.5e-10,0.0909,29800000000.0,830000000.0,9.97,-83.94
3.9e-05,6e-06,5e-13,3e-10,2e-10,0.0909,29800000000.0,829000000.0,9.97,-84.04
3.9e-05,6e-06,5e-13,3e-10,2.5e-10,0.0909,29800000000.0,829000000.0,9.97,-83.85
3.9e-05,6e-06,5e-13,3.5e-10,1e-10,0.0909,27700000000.0,726000000.0,10.36,-87.56
3.9e-05,6e-06,5e-13,3.5e-10,5e-11,0.0909,27700000000.0,728000000.0,10.36,-87.59
3.9e-05,6e-06,5e-13,3.5e-10,1.5e-10,0.0909,27700000000.0,728000000.0,10.36,-83.84
3.9e-05,6e-06,5e-13,3.5e-10,2e-10,0.0909,27700000000.0,728000000.0,10.36,-87.73
3.9e-05,6e-06,5e-13,3.5e-10,2.5e-10,0.0909,27700000000.0,728000000.0,10.36,-87.61
3.9e-05,6e-06,5e-13,4.5e-10,1e-10,0.0909,24800000000.0,605000000.0,10.86,-93.96
3.9e-05,6e-06,5e-13,4.5e-10,5e-11,0.0909,24800000000.0,604000000.0,10.86,-94.03
3.9e-05,6e-06,5e-13,4.5e-10,2e-10,0.0909,24800000000.0,607000000.0,10.85,-93.56
3.9e-05,6e-06,5e-13,4.5e-10,2.5e-10,0.0909,24800000000.0,605000000.0,10.86,-94.05
3.9e-05,6e-06,5e-13,5e-10,1e-10,0.0909,23800000000.0,561000000.0,11.04,-94.27
3.9e-05,6e-06,5e-13,5e-10,5e-11,0.0909,23800000000.0,564000000.0,11.04,-94.31
3.9e-05,6e-06,5e-13,5e-10,1.5e-10,0.0909,23800000000.0,565000000.0,11.04,-93.95
3.9e-05,6e-06,5e-13,5e-10,2e-10,0.0909,23800000000.0,566000000.0,11.04,-94.33
3.9e-05,6e-06,5e-13,5e-10,2.5e-10,0.0909,23800000000.0,564000000.0,11.04,-94.34
3.9e-05,6e-06,3e-13,4e-10,1e-10,0.0909,26100000000.0,658000000.0,10.64,-91.71
3.9e-05,6e-06,3e-13,4e-10,5e-11,0.0909,26100000000.0,657000000.0,10.64,-91.24
3.9e-05,6e-06,3e-13,4e-10,1.5e-10,0.0909,26100000000.0,654000000.0,10.64,-91.5
3.9e-05,6e-06,3e-13,4e-10,2e-10,0.0909,26100000000.0,654000000.0,10.64,-91.21
3.9e-05,6e-06,3e-13,4e-10,2.5e-10,0.0909,26000000000.0,657000000.0,10.64,-91.35
3.9e-05,6e-06,3e-13,3e-10,1e-10,0.0909,29800000000.0,830000000.0,9.97,-83.99
3.9e-05,6e-06,3e-13,3e-10,5e-11,0.0909,29800000000.0,830000000.0,9.97,-84.1
3.9e-05,6e-06,3e-13,3e-10,1.5e-10,0.0909,29800000000.0,830000000.0,9.97,-84.03
3.9e-05,6e-06,3e-13,3e-10,2e-10,0.0909,29800000000.0,830000000.0,9.97,-84.06
3.9e-05,6e-06,3e-13,3e-10,2.5e-10,0.0909,29800000000.0,829000000.0,9.97,-84.1
3.9e-05,6e-06,3e-13,3.5e-10,1e-10,0.0909,27700000000.0,728000000.0,10.36,-87.69
3.9e-05,6e-06,3e-13,3.5e-10,5e-11,0.0909,27700000000.0,728000000.0,10.36,-87.77
3.9e-05,6e-06,3e-13,3.5e-10,1.5e-10,0.0909,27700000000.0,729000000.0,10.36,-87.48
3.9e-05,6e-06,3e-13,3.5e-10,2e-10,0.0909,27700000000.0,726000000.0,10.36,-87.92
3.9e-05,6e-06,3e-13,3.5e-10,2.5e-10,0.0909,27700000000.0,729000000.0,10.36,-87.72
3.9e-05,6e-06,3e-13,4.5e-10,1e-10,0.0909,24800000000.0,604000000.0,10.85,-94.16
3.9e-05,6e-06,3e-13,4.5e-10,5e-11,0.0909,24800000000.0,601000000.0,10.85,-93.91
3.9e-05,6e-06,3e-13,4.5e-10,1.5e-10,0.0909,24800000000.0,607000000.0,10.85,-94.03
3.9e-05,6e-06,3e-13,4.5e-10,2e-10,0.0909,24800000000.0,603000000.0,10.85,-93.7
3.9e-05,6e-06,3e-13,4.5e-10,2.5e-10,0.0909,24800000000.0,602000000.0,10.85,-94.09
3.9e-05,6e-06,3e-13,5e-10,1e-10,0.0909,23800000000.0,563000000.0,11.04,-94.26
3.9e-05,6e-06,3e-13,5e-10,5e-11,0.0909,23800000000.0,566000000.0,11.04,-94.35
3.9e-05,6e-06,3e-13,5e-10,2e-10,0.0909,23800000000.0,563000000.0,11.04,-94.31
3.9e-05,6e-06,3e-13,5e-10,2.5e-10,0.0909,23800000000.0,563000000.0,11.04,-94.2
3.9e-05,6e-06,4e-13,4e-10,1e-10,0.0909,26000000000.0,656000000.0,10.64,-91.47
3.9e-05,6e-06,4e-13,4e-10,5e-11,0.0909,26000000000.0,655000000.0,10.64,-91.11
3.9e-05,6e-06,4e-13,4e-10,1.5e-10,0.0909,26000000000.0,655000000.0,10.64,-91.49
3.9e-05,6e-06,4e-13,4e-10,2e-10,0.0909,26000000000.0,654000000.0,10.64,-91.17
3.9e-05,6e-06,4e-13,4e-10,2.5e-10,0.0909,26000000000.0,656000000.0,10.64,-91.29
3.9e-05,6e-06,4e-13,3e-10,1e-10,0.0909,29800000000.0,830000000.0,9.97,-83.91
3.9e-05,6e-06,4e-13,3e-10,5e-11,0.0909,29800000000.0,830000000.0,9.97,-83.98
3.9e-05,6e-06,4e-13,3e-10,1.5e-10,0.0909,29800000000.0,830000000.0,9.97,-84.13
3.9e-05,6e-06,4e-13,3e-10,2e-10,0.0909,29800000000.0,829000000.0,9.97,-84.06
3.9e-05,6e-06,4e-13,3.5e-10,1e-10,0.0909,27700000000.0,727000000.0,10.36,-87.64
3.9e-05,6e-06,4e-13,3.5e-10,5e-11,0.0909,27700000000.0,727000000.0,10.36,-87.52
3.9e-05,6e-06,4e-13,3.5e-10,1.5e-10,0.0909,27700000000.0,729000000.0,10.36,-87.78
3.9e-05,6e-06,4e-13,3.5e-10,2e-10,0.0909,27700000000.0,729000000.0,10.36,-87.56
3.9e-05,6e-06,4e-13,3.5e-10,2.5e-10,0.0909,27700000000.0,728000000.0,10.36,-87.68
3.9e-05,6e-06,4e-13,4.5e-10,1e-10,0.0909,24800000000.0,604000000.0,10.86,-93.98
3.9e-05,6e-06,4e-13,4.5e-10,5e-11,0.0909,24800000000.0,604000000.0,10.86,-93.99
3.9e-05,6e-06,4e-13,4.5e-10,1.5e-10,0.0909,24800000000.0,605000000.0,10.85,-93.93
3.9e-05,6e-06,4e-13,4.5e-10,2e-10,0.0909,24800000000.0,602000000.0,10.85,-93.31
3.9e-05,6e-06,4e-13,4.5e-10,2.5e-10,0.0909,24800000000.0,604000000.0,10.86,-94.04
3.9e-05,6e-06,4e-13,5e-10,1e-10,0.0909,23800000000.0,563000000.0,11.04,-94.3
3.9e-05,6e-06,4e-13,5e-10,5e-11,0.0909,23800000000.0,563000000.0,11.04,-94.37
3.9e-05,6e-06,4e-13,5e-10,1.5e-10,0.0909,23800000000.0,566000000.0,11.04,-94.4
3.9e-05,6e-06,4e-13,5e-10,2.5e-10,0.0909,23800000000.0,561000000.0,11.04,-94.45
3.9e-05,6e-06,6e-13,4e-10,1e-10,0.0909,26000000000.0,656000000.0,10.64,-91.31
3.9e-05,6e-06,6e-13,4e-10,5e-11,0.0909,26000000000.0,656000000.0,10.64,-91.39
3.9e-05,6e-06,6e-13,4e-10,1.5e-10,0.0909,26000000000.0,656000000.0,10.64,-90.97
3.9e-05,6e-06,6e-13,4e-10,2e-10,0.0909,26000000000.0,656000000.0,10.64,-91.13
3.9e-05,6e-06,6e-13,4e-10,2.5e-10,0.0909,26000000000.0,658000000.0,10.64,-91.13
3.9e-05,6e-06,6e-13,3e-10,1.5e-10,0.0909,29800000000.0,830000000.0,9.97,-83.9
3.9e-05,6e-06,6e-13,3e-10,2e-10,0.0909,29800000000.0,830000000.0,9.97,-84.0
3.9e-05,6e-06,6e-13,3e-10,2.5e-10,0.0909,29800000000.0,830000000.0,9.97,-83.87
3.9e-05,6e-06,6e-13,3.5e-10,1e-10,0.0909,27700000000.0,728000000.0,10.36,-87.5
3.9e-05,6e-06,6e-13,3.5e-10,5e-11,0.0909,27700000000.0,727000000.0,10.36,-87.63
3.9e-05,6e-06,6e-13,3.5e-10,1.5e-10,0.0909,27600000000.0,726000000.0,10.36,-87.56
3.9e-05,6e-06,6e-13,3.5e-10,2e-10,0.0909,27700000000.0,728000000.0,10.36,-87.55
3.9e-05,6e-06,6e-13,3.5e-10,2.5e-10,0.0909,27700000000.0,728000000.0,10.36,-87.65
3.9e-05,6e-06,6e-13,4.5e-10,1e-10,0.0909,24800000000.0,606000000.0,10.86,-93.91
3.9e-05,6e-06,6e-13,4.5e-10,5e-11,0.0909,24800000000.0,603000000.0,10.85,-93.68
3.9e-05,6e-06,6e-13,4.5e-10,1.5e-10,0.0909,24800000000.0,602000000.0,10.85,-94.12
3.9e-05,6e-06,6e-13,4.5e-10,2e-10,0.0909,24800000000.0,601000000.0,10.85,-94.05
3.9e-05,6e-06,6e-13,4.5e-10,2.5e-10,0.0909,24800000000.0,605000000.0,10.86,-93.93
3.9e-05,6e-06,6e-13,5e-10,1e-10,0.0909,23800000000.0,563000000.0,11.04,-94.29
3.9e-05,6e-06,6e-13,5e-10,5e-11,0.0909,23800000000.0,565000000.0,11.04,-94.28
3.9e-05,6e-06,6e-13,5e-10,1.5e-10,0.0909,23800000000.0,565000000.0,11.04,-94.33
3.9e-05,6e-06,6e-13,5e-10,2e-10,0.0909,23800000000.0,564000000.0,11.04,-94.19
3.9e-05,6e-06,6e-13,5e-10,2.5e-10,0.0909,23800000000.0,564000000.0,11.04,-94.37
3.9e-05,6e-06,7e-13,4e-10,1e-10,0.0909,26000000000.0,656000000.0,10.64,-91.06
3.9e-05,6e-06,7e-13,4e-10,5e-11,0.0909,26000000000.0,654000000.0,10.64,-91.39
3.9e-05,6e-06,7e-13,4e-10,1.5e-10,0.0909,26000000000.0,657000000.0,10.64,-91.34
3.9e-05,6e-06,7e-13,4e-10,2e-10,0.0909,26000000000.0,656000000.0,10.64,-91.27
3.9e-05,6e-06,7e-13,4e-10,2.5e-10,0.0909,26000000000.0,656000000.0,10.64,-91.28
3.9e-05,6e-06,7e-13,3e-10,1e-10,0.0909,29800000000.0,830000000.0,9.97,-83.92
3.9e-05,6e-06,7e-13,3e-10,5e-11,0.0909,29800000000.0,829000000.0,9.97,-84.02
3.9e-05,6e-06,7e-13,3e-10,1.5e-10,0.0909,29800000000.0,830000000.0,9.97,-83.86
3.9e-05,6e-06,7e-13,3.5e-10,1e-10,0.0909,27600000000.0,727000000.0,10.36,-87.62
3.9e-05,6e-06,7e-13,3.5e-10,5e-11,0.0909,27600000000.0,726000000.0,10.36,-87.79
3.9e-05,6e-06,7e-13,3.5e-10,1.5e-10,0.0909,27600000000.0,727000000.0,10.36,-87.64
3.9e-05,6e-06,7e-13,3.5e-10,2e-10,0.0909,27600000000.0,727000000.0,10.36,-86.87
3.9e-05,6e-06,7e-13,3.5e-10,2.5e-10,0.0909,27600000000.0,728000000.0,10.36,-87.56
3.9e-05,6e-06,7e-13,4.5e-10,1e-10,0.0909,24800000000.0,606000000.0,10.86,-93.7
3.9e-05,6e-06,7e-13,4.5e-10,5e-11,0.0909,24800000000.0,604000000.0,10.85,-94.15
3.9e-05,6e-06,7e-13,4.5e-10,1.5e-10,0.0909,24800000000.0,604000000.0,10.86,-94.07
3.9e-05,6e-06,7e-13,4.5e-10,2e-10,0.0909,24800000000.0,604000000.0,10.85,-94.04
3.9e-05,6e-06,7e-13,4.5e-10,2.5e-10,0.0909,24800000000.0,606000000.0,10.86,-93.94
3.9e-05,6e-06,7e-13,5e-10,1e-10,0.0909,23800000000.0,564000000.0,11.04,-94.3
3.9e-05,6e-06,7e-13,5e-10,5e-11,0.0909,23800000000.0,564000000.0,11.04,-94.33
3.9e-05,6e-06,7e-13,5e-10,1.5e-10,0.0909,23800000000.0,565000000.0,11.04,-94.41
3.9e-05,6e-06,7e-13,5e-10,2.5e-10,0.0909,23800000000.0,565000000.0,11.04,-94.37
3.9e-05,7e-06,5e-13,4e-10,1e-10,0.0909,25900000000.0,739000000.0,10.66,-91.73
3.9e-05,7e-06,5e-13,4e-10,5e-11,0.0909,25900000000.0,738000000.0,10.66,-91.04
3.9e-05,7e-06,5e-13,4e-10,1.5e-10,0.0909,25900000000.0,741000000.0,10.66,-91.49
3.9e-05,7e-06,5e-13,4e-10,2e-10,0.0909,25900000000.0,738000000.0,10.66,-91.72
3.9e-05,7e-06,5e-13,4e-10,2.5e-10,0.0909,25900000000.0,737000000.0,10.66,-91.79
3.9e-05,7e-06,5e-13,3e-10,1e-10,0.0909,29600000000.0,936000000.0,10.0,-84.31
3.9e-05,7e-06,5e-13,3e-10,1.5e-10,0.0909,29600000000.0,934000000.0,9.99,-84.37
3.9e-05,7e-06,5e-13,3e-10,2e-10,0.0909,29600000000.0,935000000.0,10.0,-84.23
3.9e-05,7e-06,5e-13,3e-10,2.5e-10,0.0909,29600000000.0,933000000.0,9.99,-84.36
3.9e-05,7e-06,5e-13,3.5e-10,1e-10,0.0909,27500000000.0,819000000.0,10.38,-88.17
3.9e-05,7e-06,5e-13,3.5e-10,5e-11,0.0909,27500000000.0,820000000.0,10.38,-87.98
3.9e-05,7e-06,5e-13,3.5e-10,1.5e-10,0.0909,27500000000.0,820000000.0,10.38,-87.89
3.9e-05,7e-06,5e-13,3.5e-10,2e-10,0.0909,27500000000.0,819000000.0,10.38,-88.12
3.9e-05,7e-06,5e-13,3.5e-10,2.5e-10,0.0909,27500000000.0,819000000.0,10.38,-87.23
3.9e-05,7e-06,5e-13,4.5e-10,1e-10,0.0909,24600000000.0,681000000.0,10.87,-94.26
3.9e-05,7e-06,5e-13,4.5e-10,5e-11,0.0909,24600000000.0,684000000.0,10.87,-94.44
3.9e-05,7e-06,5e-13,4.5e-10,1.5e-10,0.0909,24600000000.0,681000000.0,10.87,-94.2
3.9e-05,7e-06,5e-13,4.5e-10,2e-10,0.0909,24600000000.0,681000000.0,10.87,-94.22
3.9e-05,7e-06,5e-13,4.5e-10,2.5e-10,0.0909,24600000000.0,678000000.0,10.87,-94.48
3.9e-05,7e-06,5e-13,5e-10,1e-10,0.0909,23600000000.0,633000000.0,11.06,-94.37
3.9e-05,7e-06,5e-13,5e-10,5e-11,0.0909,23600000000.0,634000000.0,11.06,-94.42
3.9e-05,7e-06,5e-13,5e-10,2e-10,0.0909,23600000000.0,637000000.0,11.05,-94.31
3.9e-05,7e-06,5e-13,5e-10,2.5e-10,0.0909,23600000000.0,637000000.0,11.05,-94.33
3.9e-05,7e-06,3e-13,4e-10,1e-10,0.0909,25900000000.0,739000000.0,10.66,-90.93
3.9e-05,7e-06,3e-13,4e-10,5e-11,0.0909,25900000000.0,740000000.0,10.66,-91.63
3.9e-05,7e-06,3e-13,4e-10,1.5e-10,0.0909,25900000000.0,742000000.0,10.66,-92.06
3.9e-05,7e-06,3e-13,4e-10,2e-10,0.0909,25900000000.0,738000000.0,10.66,-91.96
3.9e-05,7e-06,3e-13,4e-10,2.5e-10,0.0909,25900000000.0,738000000.0,10.66,-92.06
3.9e-05,7e-06,3e-13,3e-10,1e-10,0.0909,29600000000.0,934000000.0,10.0,-84.43
3.9e-05,7e-06,3e-13,3e-10,5e-11,0.0909,29600000000.0,933000000.0,10.0,-84.44
3.9e-05,7e-06,3e-13,3e-10,1.5e-10,0.0909,29600000000.0,935000000.0,10.0,-84.41
3.9e-05,7e-06,3e-13,3e-10,2e-10,0.0909,29600000000.0,934000000.0,10.0,-84.41
3.9e-05,7e-06,3e-13,3e-10,2.5e-10,0.0909,29600000000.0,936000000.0,10.0,-84.72
3.9e-05,7e-06,3e-13,3.5e-10,1e-10,0.0909,27500000000.0,819000000.0,10.38,-88.11
3.9e-05,7e-06,3e-13,3.5e-10,5e-11,0.0909,27500000000.0,820000000.0,10.38,-87.95
3.9e-05,7e-06,3e-13,3.5e-10,1.5e-10,0.0909,27500000000.0,819000000.0,10.38,-88.21
3.9e-05,7e-06,3e-13,3.5e-10,2e-10,0.0909,27500000000.0,820000000.0,10.38,-88.17
3.9e-05,7e-06,3e-13,3.5e-10,2.5e-10,0.0909,27500000000.0,820000000.0,10.38,-88.12
3.9e-05,7e-06,3e-13,4.5e-10,1e-10,0.0909,24600000000.0,679000000.0,10.87,-94.39
3.9e-05,7e-06,3e-13,4.5e-10,5e-11,0.0909,24600000000.0,681000000.0,10.87,-94.28
3.9e-05,7e-06,3e-13,4.5e-10,1.5e-10,0.0909,24600000000.0,683000000.0,10.87,-94.26
3.9e-05,7e-06,3e-13,4.5e-10,2e-10,0.0909,24600000000.0,679000000.0,10.87,-94.17
3.9e-05,7e-06,3e-13,4.5e-10,2.5e-10,0.0909,24600000000.0,681000000.0,10.87,-94.29
3.9e-05,7e-06,3e-13,5e-10,1e-10,0.0909,23600000000.0,637000000.0,11.06,-94.32
3.9e-05,7e-06,3e-13,5e-10,5e-11,0.0909,23600000000.0,638000000.0,11.05,-94.14
3.9e-05,7e-06,3e-13,5e-10,1.5e-10,0.0909,23600000000.0,635000000.0,11.05,-94.31
3.9e-05,7e-06,3e-13,5e-10,2e-10,0.0909,23600000000.0,639000000.0,11.06,-92.17
3.9e-05,7e-06,3e-13,5e-10,2.5e-10,0.0909,23600000000.0,637000000.0,11.05,-94.37
3.9e-05,7e-06,4e-13,4e-10,1e-10,0.0909,25900000000.0,737000000.0,10.66,-90.88
3.9e-05,7e-06,4e-13,4e-10,5e-11,0.0909,25900000000.0,740000000.0,10.66,-91.55
3.9e-05,7e-06,4e-13,4e-10,1.5e-10,0.0909,25900000000.0,741000000.0,10.66,-91.55
3.9e-05,7e-06,4e-13,4e-10,2e-10,0.0909,25900000000.0,740000000.0,10.66,-92.02
3.9e-05,7e-06,4e-13,4e-10,2.5e-10,0.0909,25900000000.0,740000000.0,10.66,-91.47
3.9e-05,7e-06,4e-13,3e-10,1e-10,0.0909,29600000000.0,933000000.0,9.99,-84.45
3.9e-05,7e-06,4e-13,3e-10,5e-11,0.0909,29600000000.0,935000000.0,10.0,-84.27
3.9e-05,7e-06,4e-13,3e-10,1.5e-10,0.0909,29600000000.0,933000000.0,9.99,-84.4
3.9e-05,7e-06,4e-13,3e-10,2.5e-10,0.0909,29600000000.0,935000000.0,10.0,-84.37
3.9e-05,7e-06,4e-13,3.5e-10,1e-10,0.0909,27500000000.0,818000000.0,10.38,-88.26
3.9e-05,7e-06,4e-13,3.5e-10,5e-11,0.0909,27500000000.0,819000000.0,10.38,-87.65
3.9e-05,7e-06,4e-13,3.5e-10,1.5e-10,0.0909,27500000000.0,821000000.0,10.38,-87.76
3.9e-05,7e-06,4e-13,3.5e-10,2e-10,0.0909,27500000000.0,819000000.0,10.38,-88.03
3.9e-05,7e-06,4e-13,3.5e-10,2.5e-10,0.0909,27500000000.0,821000000.0,10.38,-87.94
3.9e-05,7e-06,4e-13,4.5e-10,1e-10,0.0909,24600000000.0,680000000.0,10.87,-94.44
3.9e-05,7e-06,4e-13,4.5e-10,5e-11,0.0909,24600000000.0,677000000.0,10.87,-94.35
3.9e-05,7e-06,4e-13,4.5e-10,1.5e-10,0.0909,24600000000.0,682000000.0,10.87,-94.25
3.9e-05,7e-06,4e-13,4.5e-10,2.5e-10,0.0909,24600000000.0,681000000.0,10.87,-94.01
3.9e-05,7e-06,4e-13,5e-10,1e-10,0.0909,23600000000.0,639000000.0,11.06,-92.1
3.9e-05,7e-06,4e-13,5e-10,5e-11,0.0909,23600000000.0,637000000.0,11.06,-94.17
3.9e-05,7e-06,4e-13,5e-10,1.5e-10,0.0909,23600000000.0,636000000.0,11.06,-94.29
3.9e-05,7e-06,4e-13,5e-10,2e-10,0.0909,23600000000.0,634000000.0,11.05,-94.34
3.9e-05,7e-06,4e-13,5e-10,2.5e-10,0.0909,23600000000.0,635000000.0,11.05,-94.34
3.9e-05,7e-06,6e-13,4e-10,1e-10,0.0909,25900000000.0,737000000.0,10.66,-91.8
3.9e-05,7e-06,6e-13,4e-10,5e-11,0.0909,25900000000.0,739000000.0,10.66,-91.78
3.9e-05,7e-06,6e-13,4e-10,1.5e-10,0.0909,25900000000.0,737000000.0,10.66,-91.86
3.9e-05,7e-06,6e-13,4e-10,2e-10,0.0909,25900000000.0,738000000.0,10.66,-91.66
3.9e-05,7e-06,6e-13,4e-10,2.5e-10,0.0909,25900000000.0,742000000.0,10.66,-91.52
3.9e-05,7e-06,6e-13,3e-10,1e-10,0.0909,29600000000.0,933000000.0,9.99,-84.33
3.9e-05,7e-06,6e-13,3e-10,5e-11,0.0909,29600000000.0,933000000.0,9.99,-84.65
3.9e-05,7e-06,6e-13,3e-10,1.5e-10,0.0909,29600000000.0,934000000.0,9.99,-84.3
3.9e-05,7e-06,6e-13,3e-10,2.5e-10,0.0909,29600000000.0,934000000.0,9.99,-84.29
3.9e-05,7e-06,6e-13,3.5e-10,1e-10,0.0909,27500000000.0,819000000.0,10.38,-88.01
3.9e-05,7e-06,6e-13,3.5e-10,5e-11,0.0909,27500000000.0,819000000.0,10.38,-88.0
3.9e-05,7e-06,6e-13,3.5e-10,1.5e-10,0.0909,27500000000.0,820000000.0,10.38,-87.76
3.9e-05,7e-06,6e-13,3.5e-10,2e-10,0.0909,27500000000.0,820000000.0,10.38,-87.96
3.9e-05,7e-06,6e-13,3.5e-10,2.5e-10,0.0909,27500000000.0,820000000.0,10.38,-87.99
3.9e-05,7e-06,6e-13,4.5e-10,1e-10,0.0909,24600000000.0,678000000.0,10.87,-94.46
3.9e-05,7e-06,6e-13,4.5e-10,5e-11,0.0909,24600000000.0,681000000.0,10.87,-94.24
3.9e-05,7e-06,6e-13,4.5e-10,2.5e-10,0.0909,24600000000.0,680000000.0,10.87,-94.27
3.9e-05,7e-06,6e-13,5e-10,1e-10,0.0909,23600000000.0,636000000.0,11.06,-94.38
3.9e-05,7e-06,6e-13,5e-10,5e-11,0.0909,23600000000.0,634000000.0,11.06,-94.45
3.9e-05,7e-06,6e-13,5e-10,1.5e-10,0.0909,23600000000.0,638000000.0,11.06,-94.32
3.9e-05,7e-06,6e-13,5e-10,2e-10,0.0909,23600000000.0,635000000.0,11.06,-94.29
3.9e-05,7e-06,6e-13,5e-10,2.5e-10,0.0909,23600000000.0,636000000.0,11.05,-94.32
3.9e-05,7e-06,7e-13,4e-10,1e-10,0.0909,25900000000.0,737000000.0,10.66,-91.76
3.9e-05,7e-06,7e-13,4e-10,5e-11,0.0909,25900000000.0,739000000.0,10.66,-91.75
3.9e-05,7e-06,7e-13,4e-10,1.5e-10,0.0909,25900000000.0,739000000.0,10.66,-91.82
3.9e-05,7e-06,7e-13,4e-10,2e-10,0.0909,25900000000.0,741000000.0,10.66,-91.62
3.9e-05,7e-06,7e-13,4e-10,2.5e-10,0.0909,25900000000.0,740000000.0,10.66,-91.45
3.9e-05,7e-06,7e-13,3e-10,1e-10,0.0909,29600000000.0,934000000.0,9.99,-84.33
3.9e-05,7e-06,7e-13,3e-10,1.5e-10,0.0909,29600000000.0,934000000.0,9.99,-84.13
3.9e-05,7e-06,7e-13,3e-10,2e-10,0.0909,29600000000.0,935000000.0,9.99,-84.32
3.9e-05,7e-06,7e-13,3e-10,2.5e-10,0.0909,29600000000.0,934000000.0,9.99,-84.15
3.9e-05,7e-06,7e-13,3.5e-10,1e-10,0.0909,27500000000.0,819000000.0,10.38,-88.02
3.9e-05,7e-06,7e-13,3.5e-10,5e-11,0.0909,27500000000.0,819000000.0,10.38,-88.07
3.9e-05,7e-06,7e-13,3.5e-10,1.5e-10,0.0909,27500000000.0,819000000.0,10.38,-88.05
3.9e-05,7e-06,7e-13,3.5e-10,2.5e-10,0.0909,27500000000.0,820000000.0,10.38,-87.86
3.9e-05,7e-06,7e-13,4.5e-10,1e-10,0.0909,24600000000.0,683000000.0,10.87,-94.18
3.9e-05,7e-06,7e-13,4.5e-10,5e-11,0.0909,24600000000.0,680000000.0,10.87,-94.3
3.9e-05,7e-06,7e-13,4.5e-10,2e-10,0.0909,24600000000.0,680000000.0,10.87,-94.26
3.9e-05,7e-06,7e-13,4.5e-10,2.5e-10,0.0909,24600000000.0,681000000.0,10.87,-94.16
3.9e-05,7e-06,7e-13,5e-10,1e-10,0.0909,23600000000.0,632000000.0,11.06,-94.16
3.9e-05,7e-06,7e-13,5e-10,2.5e-10,0.0909,23600000000.0,635000000.0,11.05,-94.22
3.9e-05,8e-06,5e-13,4e-10,1e-10,0.0909,25700000000.0,814000000.0,10.68,-92.19
3.9e-05,8e-06,5e-13,4e-10,5e-11,0.0909,25700000000.0,818000000.0,10.68,-91.91
3.9e-05,8e-06,5e-13,4e-10,1.5e-10,0.0909,25700000000.0,814000000.0,10.68,-92.16
3.9e-05,8e-06,5e-13,4e-10,2e-10,0.0909,25700000000.0,813000000.0,10.67,-92.17
3.9e-05,8e-06,5e-13,4e-10,2.5e-10,0.0909,25700000000.0,815000000.0,10.68,-91.63
3.9e-05,8e-06,5e-13,3e-10,1e-10,0.0909,29400000000.0,1030000000.0,10.02,-84.89
3.9e-05,8e-06,5e-13,3e-10,5e-11,0.0909,29400000000.0,1030000000.0,10.02,-84.65
3.9e-05,8e-06,5e-13,3e-10,1.5e-10,0.0909,29400000000.0,1030000000.0,10.02,-84.94
3.9e-05,8e-06,5e-13,3e-10,2e-10,0.0909,29400000000.0,1030000000.0,10.02,-84.71
3.9e-05,8e-06,5e-13,3e-10,2.5e-10,0.0909,29400000000.0,1030000000.0,10.02,-84.78
3.9e-05,8e-06,5e-13,3.5e-10,1e-10,0.0909,27300000000.0,904000000.0,10.4,-88.08
3.9e-05,8e-06,5e-13,3.5e-10,5e-11,0.0909,27300000000.0,902000000.0,10.4,-88.44
3.9e-05,8e-06,5e-13,3.5e-10,1.5e-10,0.0909,27300000000.0,903000000.0,10.4,-88.39
3.9e-05,8e-06,5e-13,3.5e-10,2e-10,0.0909,27300000000.0,904000000.0,10.4,-88.52
3.9e-05,8e-06,5e-13,3.5e-10,2.5e-10,0.0909,27300000000.0,902000000.0,10.4,-88.59
3.9e-05,8e-06,5e-13,4.5e-10,1e-10,0.0909,24500000000.0,750000000.0,10.89,-94.55
3.9e-05,8e-06,5e-13,4.5e-10,5e-11,0.0909,24500000000.0,752000000.0,10.89,-94.48
3.9e-05,8e-06,5e-13,4.5e-10,1.5e-10,0.0909,24500000000.0,749000000.0,10.89,-94.48
3.9e-05,8e-06,5e-13,4.5e-10,2e-10,0.0909,24500000000.0,751000000.0,10.89,-94.41
3.9e-05,8e-06,5e-13,4.5e-10,2.5e-10,0.0909,24500000000.0,748000000.0,10.89,-94.68
3.9e-05,8e-06,5e-13,5e-10,1e-10,0.0909,23500000000.0,702000000.0,11.07,-94.37
3.9e-05,8e-06,5e-13,5e-10,5e-11,0.0909,23500000000.0,704000000.0,11.07,-94.42
3.9e-05,8e-06,5e-13,5e-10,1.5e-10,0.0909,23500000000.0,704000000.0,11.07,-93.45
3.9e-05,8e-06,5e-13,5e-10,2e-10,0.0909,23500000000.0,701000000.0,11.07,-94.06
3.9e-05,8e-06,5e-13,5e-10,2.5e-10,0.0909,23500000000.0,698000000.0,11.07,-94.16
3.9e-05,8e-06,3e-13,4e-10,1e-10,0.0909,25700000000.0,814000000.0,10.68,-92.15
3.9e-05,8e-06,3e-13,4e-10,5e-11,0.0909,25800000000.0,816000000.0,10.68,-92.02
3.9e-05,8e-06,3e-13,4e-10,1.5e-10,0.0909,25700000000.0,814000000.0,10.68,-92.4
3.9e-05,8e-06,3e-13,4e-10,2e-10,0.0909,25700000000.0,813000000.0,10.68,-92.42
3.9e-05,8e-06,3e-13,4e-10,2.5e-10,0.0909,25700000000.0,816000000.0,10.68,-91.92
3.9e-05,8e-06,3e-13,3e-10,1e-10,0.0909,29400000000.0,1030000000.0,10.02,-85.12
3.9e-05,8e-06,3e-13,3e-10,5e-11,0.0909,29400000000.0,1030000000.0,10.02,-84.66
3.9e-05,8e-06,3e-13,3e-10,1.5e-10,0.0909,29400000000.0,1030000000.0,10.02,-84.68
3.9e-05,8e-06,3e-13,3e-10,2e-10,0.0909,29400000000.0,1030000000.0,10.02,-84.69
3.9e-05,8e-06,3e-13,3e-10,2.5e-10,0.0909,29400000000.0,1030000000.0,10.02,-80.76
3.9e-05,8e-06,3e-13,3.5e-10,1e-10,0.0909,27300000000.0,902000000.0,10.4,-87.84
3.9e-05,8e-06,3e-13,3.5e-10,5e-11,0.0909,27300000000.0,904000000.0,10.4,-88.37
3.9e-05,8e-06,3e-13,3.5e-10,1.5e-10,0.0909,27300000000.0,905000000.0,10.4,-88.24
3.9e-05,8e-06,3e-13,3.5e-10,2e-10,0.0909,27300000000.0,905000000.0,10.4,-88.31
3.9e-05,8e-06,3e-13,3.5e-10,2.5e-10,0.0909,27300000000.0,904000000.0,10.4,-88.34
3.9e-05,8e-06,3e-13,4.5e-10,1e-10,0.0909,24500000000.0,750000000.0,10.89,-94.56
3.9e-05,8e-06,3e-13,4.5e-10,5e-11,0.0909,24500000000.0,746000000.0,10.89,-94.69
3.9e-05,8e-06,3e-13,4.5e-10,1.5e-10,0.0909,24500000000.0,751000000.0,10.89,-94.47
3.9e-05,8e-06,3e-13,4.5e-10,2.5e-10,0.0909,24500000000.0,753000000.0,10.89,-94.49
3.9e-05,8e-06,3e-13,5e-10,1e-10,0.0909,23500000000.0,701000000.0,11.07,-94.32
3.9e-05,8e-06,3e-13,5e-10,5e-11,0.0909,23500000000.0,701000000.0,11.07,-94.34
3.9e-05,8e-06,3e-13,5e-10,1.5e-10,0.0909,23500000000.0,701000000.0,11.07,-94.31
3.9e-05,8e-06,3e-13,5e-10,2e-10,0.0909,23500000000.0,697000000.0,11.07,-94.1
3.9e-05,8e-06,3e-13,5e-10,2.5e-10,0.0909,23500000000.0,703000000.0,11.07,-94.35
3.9e-05,8e-06,4e-13,4e-10,1e-10,0.0909,25700000000.0,816000000.0,10.67,-91.86
3.9e-05,8e-06,4e-13,4e-10,5e-11,0.0909,25700000000.0,816000000.0,10.68,-92.06
3.9e-05,8e-06,4e-13,4e-10,1.5e-10,0.0909,25700000000.0,818000000.0,10.68,-91.76
3.9e-05,8e-06,4e-13,4e-10,2e-10,0.0909,25700000000.0,816000000.0,10.68,-92.22
3.9e-05,8e-06,4e-13,4e-10,2.5e-10,0.0909,25700000000.0,814000000.0,10.68,-91.71
3.9e-05,8e-06,4e-13,3e-10,1e-10,0.0909,29400000000.0,1030000000.0,10.02,-84.77
3.9e-05,8e-06,4e-13,3e-10,5e-11,0.0909,29400000000.0,1030000000.0,10.02,-84.7
3.9e-05,8e-06,4e-13,3e-10,2.5e-10,0.0909,29400000000.0,1030000000.0,10.02,-84.63
3.9e-05,8e-06,4e-13,3.5e-10,1e-10,0.0909,27300000000.0,905000000.0,10.4,-88.17
3.9e-05,8e-06,4e-13,3.5e-10,5e-11,0.0909,27300000000.0,902000000.0,10.4,-88.36
3.9e-05,8e-06,4e-13,3.5e-10,1.5e-10,0.0909,27300000000.0,904000000.0,10.4,-88.27
3.9e-05,8e-06,4e-13,3.5e-10,2e-10,0.0909,27300000000.0,903000000.0,10.4,-88.4
3.9e-05,8e-06,4e-13,3.5e-10,2.5e-10,0.0909,27300000000.0,902000000.0,10.4,-88.56
3.9e-05,8e-06,4e-13,4.5e-10,1e-10,0.0909,24500000000.0,750000000.0,10.89,-94.6
3.9e-05,8e-06,4e-13,4.5e-10,5e-11,0.0909,24500000000.0,750000000.0,10.89,-94.5
3.9e-05,8e-06,4e-13,4.5e-10,2e-10,0.0909,24500000000.0,753000000.0,10.89,-94.48
3.9e-05,8e-06,4e-13,4.5e-10,2.5e-10,0.0909,24500000000.0,752000000.0,10.89,-94.41
3.9e-05,8e-06,4e-13,5e-10,1e-10,0.0909,23500000000.0,702000000.0,11.07,-94.43
3.9e-05,8e-06,4e-13,5e-10,5e-11,0.0909,23500000000.0,704000000.0,11.07,-94.11
3.9e-05,8e-06,4e-13,5e-10,1.5e-10,0.0909,23500000000.0,704000000.0,11.07,-94.35
3.9e-05,8e-06,4e-13,5e-10,2e-10,0.0909,23500000000.0,700000000.0,11.07,-94.21
3.9e-05,8e-06,4e-13,5e-10,2.5e-10,0.0909,23500000000.0,701000000.0,11.07,-94.04
3.9e-05,8e-06,6e-13,4e-10,1e-10,0.0909,25700000000.0,814000000.0,10.67,-91.25
3.9e-05,8e-06,6e-13,4e-10,5e-11,0.0909,25700000000.0,814000000.0,10.67,-92.26
3.9e-05,8e-06,6e-13,4e-10,2e-10,0.0909,25700000000.0,816000000.0,10.68,-91.91
3.9e-05,8e-06,6e-13,4e-10,2.5e-10,0.0909,25700000000.0,815000000.0,10.68,-91.72
3.9e-05,8e-06,6e-13,3e-10,1e-10,0.0909,29400000000.0,1030000000.0,10.02,-86.12
3.9e-05,8e-06,6e-13,3e-10,5e-11,0.0909,29400000000.0,1030000000.0,10.02,-84.62
3.9e-05,8e-06,6e-13,3e-10,1.5e-10,0.0909,29400000000.0,1030000000.0,10.02,-84.6
3.9e-05,8e-06,6e-13,3e-10,2e-10,0.0909,29400000000.0,1030000000.0,10.02,-84.21
3.9e-05,8e-06,6e-13,3.5e-10,1e-10,0.0909,27300000000.0,902000000.0,10.4,-88.28
3.9e-05,8e-06,6e-13,3.5e-10,5e-11,0.0909,27300000000.0,904000000.0,10.4,-88.23
3.9e-05,8e-06,6e-13,3.5e-10,2e-10,0.0909,27300000000.0,904000000.0,10.4,-88.49
3.9e-05,8e-06,6e-13,3.5e-10,2.5e-10,0.0909,27300000000.0,904000000.0,10.4,-88.31
3.9e-05,8e-06,6e-13,4.5e-10,1e-10,0.0909,24500000000.0,749000000.0,10.89,-94.55
3.9e-05,8e-06,6e-13,4.5e-10,5e-11,0.0909,24500000000.0,753000000.0,10.89,-94.47
3.9e-05,8e-06,6e-13,4.5e-10,2e-10,0.0909,24500000000.0,751000000.0,10.89,-94.49
3.9e-05,8e-06,6e-13,4.5e-10,2.5e-10,0.0909,24500000000.0,750000000.0,10.89,-94.11
3.9e-05,8e-06,6e-13,5e-10,1e-10,0.0909,23500000000.0,700000000.0,11.07,-94.17
3.9e-05,8e-06,6e-13,5e-10,5e-11,0.0909,23500000000.0,701000000.0,11.07,-94.35
3.9e-05,8e-06,6e-13,5e-10,1.5e-10,0.0909,23500000000.0,704000000.0,11.07,-94.13
3.9e-05,8e-06,6e-13,5e-10,2e-10,0.0909,23500000000.0,704000000.0,11.07,-94.33
3.9e-05,8e-06,6e-13,5e-10,2.5e-10,0.0909,23500000000.0,705000000.0,11.07,-94.39
3.9e-05,8e-06,7e-13,4e-10,1e-10,0.0909,25700000000.0,813000000.0,10.67,-92.34
3.9e-05,8e-06,7e-13,4e-10,5e-11,0.0909,25700000000.0,816000000.0,10.68,-92.08
3.9e-05,8e-06,7e-13,4e-10,1.5e-10,0.0909,25700000000.0,814000000.0,10.67,-92.05
3.9e-05,8e-06,7e-13,4e-10,2e-10,0.0909,25700000000.0,817000000.0,10.68,-92.04
3.9e-05,8e-06,7e-13,4e-10,2.5e-10,0.0909,25700000000.0,813000000.0,10.67,-92.35
3.9e-05,8e-06,7e-13,3e-10,1e-10,0.0909,29400000000.0,1030000000.0,10.02,-84.61
3.9e-05,8e-06,7e-13,3e-10,5e-11,0.0909,29400000000.0,1030000000.0,10.02,-84.55
3.9e-05,8e-06,7e-13,3e-10,1.5e-10,0.0909,29400000000.0,1030000000.0,10.02,-84.52
3.9e-05,8e-06,7e-13,3e-10,2.5e-10,0.0909,29400000000.0,1030000000.0,10.02,-84.5
3.9e-05,8e-06,7e-13,3.5e-10,1e-10,0.0909,27300000000.0,904000000.0,10.4,-88.51
3.9e-05,8e-06,7e-13,3.5e-10,5e-11,0.0909,27300000000.0,902000000.0,10.4,-88.42
3.9e-05,8e-06,7e-13,3.5e-10,2e-10,0.0909,27300000000.0,903000000.0,10.4,-88.37
3.9e-05,8e-06,7e-13,3.5e-10,2.5e-10,0.0909,27300000000.0,905000000.0,10.4,-88.11
3.9e-05,8e-06,7e-13,4.5e-10,1e-10,0.0909,24500000000.0,748000000.0,10.89,-94.55
3.9e-05,8e-06,7e-13,4.5e-10,5e-11,0.0909,24500000000.0,752000000.0,10.89,-94.59
3.9e-05,8e-06,7e-13,4.5e-10,1.5e-10,0.0909,24500000000.0,748000000.0,10.89,-94.53
3.9e-05,8e-06,7e-13,4.5e-10,2e-10,0.0909,24500000000.0,752000000.0,10.89,-94.49
3.9e-05,8e-06,7e-13,4.5e-10,2.5e-10,0.0909,24500000000.0,750000000.0,10.89,-94.53
3.9e-05,8e-06,7e-13,5e-10,1e-10,0.0909,23500000000.0,698000000.0,11.07,-94.04
3.9e-05,8e-06,7e-13,5e-10,5e-11,0.0909,23500000000.0,699000000.0,11.07,-94.28
3.9e-05,8e-06,7e-13,5e-10,1.5e-10,0.0909,23500000000.0,700000000.0,11.07,-89.76
3.9e-05,8e-06,7e-13,5e-10,2e-10,0.0909,23500000000.0,701000000.0,11.07,-94.21
3.9e-05,8e-06,7e-13,5e-10,2.5e-10,0.0909,23500000000.0,703000000.0,11.07,-94.34
3.9e-05,9e-06,5e-13,4e-10,1e-10,0.0909,25600000000.0,884000000.0,10.69,-92.58
3.9e-05,9e-06,5e-13,4e-10,5e-11,0.0909,25600000000.0,884000000.0,10.69,-92.29
3.9e-05,9e-06,5e-13,4e-10,1.5e-10,0.0909,25600000000.0,883000000.0,10.69,-92.25
3.9e-05,9e-06,5e-13,4e-10,2e-10,0.0909,25600000000.0,884000000.0,10.69,-92.32
3.9e-05,9e-06,5e-13,4e-10,2.5e-10,0.0909,25600000000.0,884000000.0,10.69,-92.43
3.9e-05,9e-06,5e-13,3e-10,1e-10,0.0909,29200000000.0,1110000000.0,10.04,-85.12
3.9e-05,9e-06,5e-13,3e-10,5e-11,0.0909,29200000000.0,1110000000.0,10.04,-84.96
3.9e-05,9e-06,5e-13,3e-10,1.5e-10,0.0909,29200000000.0,1110000000.0,10.04,-84.88
3.9e-05,9e-06,5e-13,3e-10,2e-10,0.0909,29200000000.0,1120000000.0,10.04,-85.08
3.9e-05,9e-06,5e-13,3e-10,2.5e-10,0.0909,29200000000.0,1110000000.0,10.04,-84.97
3.9e-05,9e-06,5e-13,3.5e-10,1e-10,0.0909,27200000000.0,978000000.0,10.42,-88.76
3.9e-05,9e-06,5e-13,3.5e-10,5e-11,0.0909,27200000000.0,978000000.0,10.42,-88.7
3.9e-05,9e-06,5e-13,3.5e-10,1.5e-10,0.0909,27200000000.0,978000000.0,10.42,-88.69
3.9e-05,9e-06,5e-13,3.5e-10,2e-10,0.0909,27200000000.0,977000000.0,10.42,-88.79
3.9e-05,9e-06,5e-13,3.5e-10,2.5e-10,0.0909,27200000000.0,978000000.0,10.42,-88.78
3.9e-05,9e-06,5e-13,4.5e-10,1e-10,0.0909,24400000000.0,811000000.0,10.91,-94.64
3.9e-05,9e-06,5e-13,4.5e-10,5e-11,0.0909,24400000000.0,811000000.0,10.91,-94.78
3.9e-05,9e-06,5e-13,4.5e-10,1.5e-10,0.0909,24400000000.0,814000000.0,10.91,-94.77
3.9e-05,9e-06,5e-13,4.5e-10,2e-10,0.0909,24400000000.0,812000000.0,10.91,-94.81
3.9e-05,9e-06,5e-13,4.5e-10,2.5e-10,0.0909,24400000000.0,813000000.0,10.91,-94.82
3.9e-05,9e-06,5e-13,5e-10,1e-10,0.0909,23400000000.0,760000000.0,11.09,-94.26
3.9e-05,9e-06,5e-13,5e-10,5e-11,0.0909,23400000000.0,760000000.0,11.09,-94.08
3.9e-05,9e-06,5e-13,5e-10,1.5e-10,0.0909,23400000000.0,760000000.0,11.09,-94.33
3.9e-05,9e-06,5e-13,5e-10,2e-10,0.0909,23400000000.0,759000000.0,11.09,-94.2
3.9e-05,9e-06,5e-13,5e-10,2.5e-10,0.0909,23400000000.0,763000000.0,11.09,-94.4
3.9e-05,9e-06,3e-13,4e-10,1e-10,0.0909,25600000000.0,881000000.0,10.69,-92.37
3.9e-05,9e-06,3e-13,4e-10,5e-11,0.0909,25600000000.0,884000000.0,10.69,-92.45
3.9e-05,9e-06,3e-13,4e-10,1.5e-10,0.0909,25600000000.0,884000000.0,10.69,-92.23
3.9e-05,9e-06,3e-13,4e-10,2e-10,0.0909,25600000000.0,883000000.0,10.69,-92.51
3.9e-05,9e-06,3e-13,4e-10,2.5e-10,0.0909,25600000000.0,884000000.0,10.69,-92.28
3.9e-05,9e-06,3e-13,3e-10,1e-10,0.0909,29200000000.0,1120000000.0,10.04,-85.1
3.9e-05,9e-06,3e-13,3e-10,5e-11,0.0909,29200000000.0,1110000000.0,10.04,-85.06
3.9e-05,9e-06,3e-13,3e-10,1.5e-10,0.0909,29200000000.0,1110000000.0,10.04,-84.58
3.9e-05,9e-06,3e-13,3e-10,2e-10,0.0909,29200000000.0,1110000000.0,10.04,-85.19
3.9e-05,9e-06,3e-13,3e-10,2.5e-10,0.0909,29200000000.0,1120000000.0,10.04,-85.02
3.9e-05,9e-06,3e-13,3.5e-10,1e-10,0.0909,27200000000.0,977000000.0,10.42,-88.47
3.9e-05,9e-06,3e-13,3.5e-10,5e-11,0.0909,27200000000.0,977000000.0,10.42,-89.07
3.9e-05,9e-06,3e-13,3.5e-10,1.5e-10,0.0909,27200000000.0,979000000.0,10.42,-88.79
3.9e-05,9e-06,3e-13,3.5e-10,2e-10,0.0909,27200000000.0,978000000.0,10.42,-88.89
3.9e-05,9e-06,3e-13,3.5e-10,2.5e-10,0.0909,27200000000.0,979000000.0,10.42,-88.7
3.9e-05,9e-06,3e-13,4.5e-10,1e-10,0.0909,24400000000.0,812000000.0,10.91,-94.71
3.9e-05,9e-06,3e-13,4.5e-10,1.5e-10,0.0909,24400000000.0,811000000.0,10.91,-94.85
3.9e-05,9e-06,3e-13,4.5e-10,2e-10,0.0909,24400000000.0,814000000.0,10.91,-94.8
3.9e-05,9e-06,3e-13,4.5e-10,2.5e-10,0.0909,24400000000.0,816000000.0,10.91,-94.71
3.9e-05,9e-06,3e-13,5e-10,1e-10,0.0909,23400000000.0,759000000.0,11.09,-94.22
3.9e-05,9e-06,3e-13,5e-10,5e-11,0.0909,23400000000.0,757000000.0,11.09,-94.21
3.9e-05,9e-06,3e-13,5e-10,1.5e-10,0.0909,23400000000.0,762000000.0,11.09,-94.09
3.9e-05,9e-06,3e-13,5e-10,2e-10,0.0909,23400000000.0,758000000.0,11.09,-94.13
3.9e-05,9e-06,3e-13,5e-10,2.5e-10,0.0909,23400000000.0,757000000.0,11.09,-94.19
3.9e-05,9e-06,4e-13,4e-10,1e-10,0.0909,25600000000.0,884000000.0,10.69,-92.42
3.9e-05,9e-06,4e-13,4e-10,5e-11,0.0909,25600000000.0,883000000.0,10.69,-92.34
3.9e-05,9e-06,4e-13,4e-10,1.5e-10,0.0909,25600000000.0,884000000.0,10.69,-92.52
3.9e-05,9e-06,4e-13,4e-10,2e-10,0.0909,25600000000.0,884000000.0,10.69,-92.61
3.9e-05,9e-06,4e-13,4e-10,2.5e-10,0.0909,25600000000.0,882000000.0,10.69,-92.23
3.9e-05,9e-06,4e-13,3e-10,1e-10,0.0909,29200000000.0,1110000000.0,10.04,-85.01
3.9e-05,9e-06,4e-13,3e-10,5e-11,0.0909,29200000000.0,1110000000.0,10.04,-85.03
3.9e-05,9e-06,4e-13,3e-10,1.5e-10,0.0909,29200000000.0,1110000000.0,10.04,-84.84
3.9e-05,9e-06,4e-13,3e-10,2e-10,0.0909,29200000000.0,1110000000.0,10.04,-85.11
3.9e-05,9e-06,4e-13,3.5e-10,1e-10,0.0909,27200000000.0,977000000.0,10.42,-88.83
3.9e-05,9e-06,4e-13,3.5e-10,5e-11,0.0909,27200000000.0,979000000.0,10.42,-88.48
3.9e-05,9e-06,4e-13,3.5e-10,1.5e-10,0.0909,27200000000.0,978000000.0,10.42,-88.74
3.9e-05,9e-06,4e-13,3.5e-10,2e-10,0.0909,27200000000.0,978000000.0,10.42,-88.86
3.9e-05,9e-06,4e-13,3.5e-10,2.5e-10,0.0909,27200000000.0,978000000.0,10.42,-88.73
3.9e-05,9e-06,4e-13,4.5e-10,1e-10,0.0909,24400000000.0,815000000.0,10.91,-94.72
3.9e-05,9e-06,4e-13,4.5e-10,5e-11,0.0909,24400000000.0,814000000.0,10.91,-94.71
3.9e-05,9e-06,4e-13,4.5e-10,1.5e-10,0.0909,24400000000.0,815000000.0,10.91,-94.6
3.9e-05,9e-06,4e-13,4.5e-10,2e-10,0.0909,24400000000.0,812000000.0,10.91,-94.78
3.9e-05,9e-06,4e-13,4.5e-10,2.5e-10,0.0909,24400000000.0,813000000.0,10.91,-94.76
3.9e-05,9e-06,4e-13,5e-10,1e-10,0.0909,23400000000.0,762000000.0,11.09,-94.26
3.9e-05,9e-06,4e-13,5e-10,5e-11,0.0909,23400000000.0,759000000.0,11.09,-94.21
3.9e-05,9e-06,4e-13,5e-10,1.5e-10,0.0909,23400000000.0,761000000.0,11.09,-92.35
3.9e-05,9e-06,4e-13,5e-10,2e-10,0.0909,23400000000.0,762000000.0,11.09,-94.46
3.9e-05,9e-06,4e-13,5e-10,2.5e-10,0.0909,23400000000.0,759000000.0,11.09,-89.55
3.9e-05,9e-06,6e-13,4e-10,1e-10,0.0909,25600000000.0,882000000.0,10.69,-92.04
3.9e-05,9e-06,6e-13,4e-10,5e-11,0.0909,25600000000.0,883000000.0,10.69,-92.41
3.9e-05,9e-06,6e-13,4e-10,1.5e-10,0.0909,25600000000.0,881000000.0,10.69,-92.73
3.9e-05,9e-06,6e-13,4e-10,2e-10,0.0909,25600000000.0,881000000.0,10.69,-91.91
3.9e-05,9e-06,6e-13,3e-10,5e-11,0.0909,29200000000.0,1110000000.0,10.04,-83.34
3.9e-05,9e-06,6e-13,3e-10,1.5e-10,0.0909,29200000000.0,1110000000.0,10.04,-84.91
3.9e-05,9e-06,6e-13,3e-10,2.5e-10,0.0909,29200000000.0,1110000000.0,10.04,-84.86
3.9e-05,9e-06,6e-13,3.5e-10,5e-11,0.0909,27200000000.0,979000000.0,10.42,-88.8
3.9e-05,9e-06,6e-13,3.5e-10,1.5e-10,0.0909,27200000000.0,977000000.0,10.42,-88.82
3.9e-05,9e-06,6e-13,3.5e-10,2e-10,0.0909,27200000000.0,977000000.0,10.42,-88.67
3.9e-05,9e-06,6e-13,3.5e-10,2.5e-10,0.0909,27200000000.0,977000000.0,10.42,-88.66
3.9e-05,9e-06,6e-13,4.5e-10,1e-10,0.0909,24400000000.0,813000000.0,10.91,-94.73
3.9e-05,9e-06,6e-13,4.5e-10,5e-11,0.0909,24400000000.0,812000000.0,10.91,-94.68
3.9e-05,9e-06,6e-13,4.5e-10,1.5e-10,0.0909,24400000000.0,810000000.0,10.91,-94.36
3.9e-05,9e-06,6e-13,4.5e-10,2e-10,0.0909,24400000000.0,813000000.0,10.91,-94.69
3.9e-05,9e-06,6e-13,4.5e-10,2.5e-10,0.0909,24400000000.0,813000000.0,10.91,-94.7
3.9e-05,9e-06,6e-13,5e-10,5e-11,0.0909,23400000000.0,760000000.0,11.09,-94.3
3.9e-05,9e-06,6e-13,5e-10,1.5e-10,0.0909,23400000000.0,760000000.0,11.09,-94.27
3.9e-05,9e-06,6e-13,5e-10,2.5e-10,0.0909,23400000000.0,756000000.0,11.09,-94.48
3.9e-05,9e-06,7e-13,4e-10,1e-10,0.0909,25600000000.0,883000000.0,10.69,-92.42
3.9e-05,9e-06,7e-13,4e-10,5e-11,0.0909,25600000000.0,883000000.0,10.69,-92.37
3.9e-05,9e-06,7e-13,4e-10,1.5e-10,0.0909,25600000000.0,883000000.0,10.69,-92.47
3.9e-05,9e-06,7e-13,4e-10,2e-10,0.0909,25600000000.0,884000000.0,10.69,-92.46
3.9e-05,9e-06,7e-13,4e-10,2.5e-10,0.0909,25600000000.0,883000000.0,10.69,-92.35
3.9e-05,9e-06,7e-13,3e-10,1e-10,0.0909,29200000000.0,1110000000.0,10.04,-84.92
3.9e-05,9e-06,7e-13,3e-10,5e-11,0.0909,29200000000.0,1110000000.0,10.04,-85.02
3.9e-05,9e-06,7e-13,3e-10,1.5e-10,0.0909,29200000000.0,1110000000.0,10.04,-84.95
3.9e-05,9e-06,7e-13,3e-10,2e-10,0.0909,29200000000.0,1110000000.0,10.04,-84.73
3.9e-05,9e-06,7e-13,3.5e-10,1e-10,0.0909,27200000000.0,977000000.0,10.42,-88.77
3.9e-05,9e-06,7e-13,3.5e-10,5e-11,0.0909,27200000000.0,979000000.0,10.42,-88.49
3.9e-05,9e-06,7e-13,3.5e-10,1.5e-10,0.0909,27200000000.0,979000000.0,10.42,-84.88
3.9e-05,9e-06,7e-13,3.5e-10,2e-10,0.0909,27200000000.0,978000000.0,10.42,-88.63
3.9e-05,9e-06,7e-13,3.5e-10,2.5e-10,0.0909,27200000000.0,977000000.0,10.42,-88.91
3.9e-05,9e-06,7e-13,4.5e-10,5e-11,0.0909,24400000000.0,813000000.0,10.91,-94.58
3.9e-05,9e-06,7e-13,4.5e-10,1.5e-10,0.0909,24400000000.0,814000000.0,10.91,-93.51
3.9e-05,9e-06,7e-13,4.5e-10,2.5e-10,0.0909,24400000000.0,813000000.0,10.91,-94.81
3.9e-05,9e-06,7e-13,5e-10,1e-10,0.0909,23400000000.0,760000000.0,11.09,-94.02
3.9e-05,9e-06,7e-13,5e-10,5e-11,0.0909,23400000000.0,759000000.0,11.09,-94.23
3.9e-05,9e-06,7e-13,5e-10,1.5e-10,0.0909,23400000000.0,760000000.0,11.09,-94.15
3.9e-05,9e-06,7e-13,5e-10,2e-10,0.0909,23400000000.0,762000000.0,11.09,-94.2
3.9e-05,9e-06,7e-13,5e-10,2.5e-10,0.0909,23400000000.0,759000000.0,11.09,-94.26
3.9e-05,1e-05,5e-13,4e-10,1e-10,0.0909,25500000000.0,943000000.0,10.71,-92.92
3.9e-05,1e-05,5e-13,4e-10,5e-11,0.0909,25500000000.0,943000000.0,10.71,-92.95
3.9e-05,1e-05,5e-13,4e-10,1.5e-10,0.0909,25500000000.0,941000000.0,10.71,-93.01
3.9e-05,1e-05,5e-13,4e-10,2e-10,0.0909,25500000000.0,946000000.0,10.71,-92.61
3.9e-05,1e-05,5e-13,4e-10,2.5e-10,0.0909,25500000000.0,944000000.0,10.71,-92.54
3.9e-05,1e-05,5e-13,3e-10,1e-10,0.0909,29100000000.0,1190000000.0,10.06,-85.27
3.9e-05,1e-05,5e-13,3e-10,5e-11,0.0909,29100000000.0,1190000000.0,10.06,-85.16
3.9e-05,1e-05,5e-13,3e-10,1.5e-10,0.0909,29100000000.0,1190000000.0,10.06,-85.41
3.9e-05,1e-05,5e-13,3e-10,2e-10,0.0909,29100000000.0,1190000000.0,10.06,-85.7
3.9e-05,1e-05,5e-13,3e-10,2.5e-10,0.0909,29100000000.0,1190000000.0,10.06,-85.21
3.9e-05,1e-05,5e-13,3.5e-10,1e-10,0.0909,27000000000.0,1050000000.0,10.43,-88.94
3.9e-05,1e-05,5e-13,3.5e-10,5e-11,0.0909,27000000000.0,1040000000.0,10.43,-88.81
3.9e-05,1e-05,5e-13,3.5e-10,1.5e-10,0.0909,27000000000.0,1040000000.0,10.43,-89.15
3.9e-05,1e-05,5e-13,3.5e-10,2e-10,0.0909,27000000000.0,1050000000.0,10.43,-88.95
3.9e-05,1e-05,5e-13,3.5e-10,2.5e-10,0.0909,27000000000.0,1040000000.0,10.44,-89.04
3.9e-05,1e-05,5e-13,4.5e-10,1e-10,0.0909,24200000000.0,869000000.0,10.92,-92.42
3.9e-05,1e-05,5e-13,4.5e-10,5e-11,0.0909,24200000000.0,869000000.0,10.92,-94.94
3.9e-05,1e-05,5e-13,4.5e-10,1.5e-10,0.0909,24200000000.0,869000000.0,10.92,-94.82
3.9e-05,1e-05,5e-13,4.5e-10,2e-10,0.0909,24200000000.0,870000000.0,10.92,-94.88
3.9e-05,1e-05,5e-13,4.5e-10,2.5e-10,0.0909,24200000000.0,869000000.0,10.92,-94.93
3.9e-05,1e-05,5e-13,5e-10,1e-10,0.0909,23200000000.0,814000000.0,11.1,-94.15
3.9e-05,1e-05,5e-13,5e-10,5e-11,0.0909,23200000000.0,816000000.0,11.11,-92.3
3.9e-05,1e-05,5e-13,5e-10,1.5e-10,0.0909,23200000000.0,815000000.0,11.1,-94.27
3.9e-05,1e-05,5e-13,5e-10,2e-10,0.0909,23200000000.0,809000000.0,11.11,-94.09
3.9e-05,1e-05,5e-13,5e-10,2.5e-10,0.0909,23200000000.0,814000000.0,11.1,-94.28
3.9e-05,1e-05,3e-13,4e-10,1e-10,0.0909,25500000000.0,941000000.0,10.71,-92.13
3.9e-05,1e-05,3e-13,4e-10,5e-11,0.0909,25500000000.0,941000000.0,10.71,-92.99
3.9e-05,1e-05,3e-13,4e-10,1.5e-10,0.0909,25500000000.0,942000000.0,10.71,-93.05
3.9e-05,1e-05,3e-13,4e-10,2e-10,0.0909,25500000000.0,941000000.0,10.71,-92.01
3.9e-05,1e-05,3e-13,4e-10,2.5e-10,0.0909,25500000000.0,947000000.0,10.71,-92.55
3.9e-05,1e-05,3e-13,3e-10,1e-10,0.0909,29100000000.0,1190000000.0,10.06,-85.37
3.9e-05,1e-05,3e-13,3e-10,5e-11,0.0909,29100000000.0,1190000000.0,10.06,-85.49
3.9e-05,1e-05,3e-13,3e-10,1.5e-10,0.0909,29100000000.0,1190000000.0,10.06,-85.68
3.9e-05,1e-05,3e-13,3e-10,2e-10,0.0909,29100000000.0,1190000000.0,10.06,-85.82
3.9e-05,1e-05,3e-13,3e-10,2.5e-10,0.0909,29100000000.0,1190000000.0,10.06,-85.47
3.9e-05,1e-05,3e-13,3.5e-10,1e-10,0.0909,27000000000.0,1040000000.0,10.44,-89.22
3.9e-05,1e-05,3e-13,3.5e-10,5e-11,0.0909,27000000000.0,1040000000.0,10.44,-89.32
3.9e-05,1e-05,3e-13,3.5e-10,1.5e-10,0.0909,27000000000.0,1040000000.0,10.44,-89.31
3.9e-05,1e-05,3e-13,3.5e-10,2e-10,0.0909,27000000000.0,1050000000.0,10.44,-89.17
3.9e-05,1e-05,3e-13,3.5e-10,2.5e-10,0.0909,27000000000.0,1050000000.0,10.44,-89.11
3.9e-05,1e-05,3e-13,4.5e-10,1e-10,0.0909,24200000000.0,869000000.0,10.92,-94.92
3.9e-05,1e-05,3e-13,4.5e-10,5e-11,0.0909,24300000000.0,869000000.0,10.92,-94.94
3.9e-05,1e-05,3e-13,4.5e-10,1.5e-10,0.0909,24200000000.0,870000000.0,10.92,-94.9
3.9e-05,1e-05,3e-13,4.5e-10,2e-10,0.0909,24200000000.0,870000000.0,10.92,-94.95
3.9e-05,1e-05,3e-13,4.5e-10,2.5e-10,0.0909,24200000000.0,873000000.0,10.92,-94.78
3.9e-05,1e-05,3e-13,5e-10,1e-10,0.0909,23300000000.0,810000000.0,11.11,-93.66
3.9e-05,1e-05,3e-13,5e-10,5e-11,0.0909,23300000000.0,812000000.0,11.1,-93.95
3.9e-05,1e-05,3e-13,5e-10,1.5e-10,0.0909,23300000000.0,814000000.0,11.1,-94.04
3.9e-05,1e-05,3e-13,5e-10,2e-10,0.0909,23300000000.0,812000000.0,11.11,-94.16
3.9e-05,1e-05,3e-13,5e-10,2.5e-10,0.0909,23300000000.0,809000000.0,11.11,-94.24
3.9e-05,1e-05,4e-13,4e-10,1e-10,0.0909,25500000000.0,941000000.0,10.71,-92.58
3.9e-05,1e-05,4e-13,4e-10,5e-11,0.0909,25500000000.0,946000000.0,10.71,-92.54
3.9e-05,1e-05,4e-13,4e-10,1.5e-10,0.0909,25500000000.0,944000000.0,10.71,-92.57
3.9e-05,1e-05,4e-13,4e-10,2e-10,0.0909,25500000000.0,942000000.0,10.71,-92.67
3.9e-05,1e-05,4e-13,4e-10,2.5e-10,0.0909,25500000000.0,941000000.0,10.71,-93.1
3.9e-05,1e-05,4e-13,3e-10,1e-10,0.0909,29100000000.0,1190000000.0,10.06,-85.32
3.9e-05,1e-05,4e-13,3e-10,5e-11,0.0909,29100000000.0,1190000000.0,10.06,-85.28
3.9e-05,1e-05,4e-13,3e-10,1.5e-10,0.0909,29100000000.0,1190000000.0,10.06,-85.23
3.9e-05,1e-05,4e-13,3e-10,2e-10,0.0909,29100000000.0,1190000000.0,10.06,-85.26
3.9e-05,1e-05,4e-13,3e-10,2.5e-10,0.0909,29100000000.0,1190000000.0,10.06,-85.19
3.9e-05,1e-05,4e-13,3.5e-10,1e-10,0.0909,27000000000.0,1050000000.0,10.43,-89.0
3.9e-05,1e-05,4e-13,3.5e-10,5e-11,0.0909,27000000000.0,1050000000.0,10.44,-88.97
3.9e-05,1e-05,4e-13,3.5e-10,1.5e-10,0.0909,27000000000.0,1040000000.0,10.43,-88.82
3.9e-05,1e-05,4e-13,3.5e-10,2e-10,0.0909,27000000000.0,1050000000.0,10.44,-89.12
3.9e-05,1e-05,4e-13,3.5e-10,2.5e-10,0.0909,27000000000.0,1040000000.0,10.44,-89.07
3.9e-05,1e-05,4e-13,4.5e-10,1e-10,0.0909,24200000000.0,869000000.0,10.92,-94.88
3.9e-05,1e-05,4e-13,4.5e-10,1.5e-10,0.0909,24200000000.0,872000000.0,10.92,-94.86
3.9e-05,1e-05,4e-13,4.5e-10,2e-10,0.0909,24200000000.0,869000000.0,10.92,-94.96
3.9e-05,1e-05,4e-13,4.5e-10,2.5e-10,0.0909,24200000000.0,869000000.0,10.92,-94.9
3.9e-05,1e-05,4e-13,5e-10,1e-10,0.0909,23300000000.0,812000000.0,11.11,-94.22
3.9e-05,1e-05,4e-13,5e-10,5e-11,0.0909,23300000000.0,812000000.0,11.11,-94.25
3.9e-05,1e-05,4e-13,5e-10,1.5e-10,0.0909,23200000000.0,811000000.0,11.11,-94.44
3.9e-05,1e-05,4e-13,5e-10,2e-10,0.0909,23300000000.0,812000000.0,11.11,-94.02
3.9e-05,1e-05,4e-13,5e-10,2.5e-10,0.0909,23200000000.0,814000000.0,11.1,-94.25
3.9e-05,1e-05,6e-13,4e-10,1e-10,0.0909,25500000000.0,943000000.0,10.71,-92.6
3.9e-05,1e-05,6e-13,4e-10,5e-11,0.0909,25500000000.0,946000000.0,10.71,-92.68
3.9e-05,1e-05,6e-13,4e-10,1.5e-10,0.0909,25500000000.0,943000000.0,10.71,-92.52
3.9e-05,1e-05,6e-13,4e-10,2e-10,0.0909,25500000000.0,940000000.0,10.71,-92.95
3.9e-05,1e-05,6e-13,4e-10,2.5e-10,0.0909,25500000000.0,943000000.0,10.71,-92.98
3.9e-05,1e-05,6e-13,3e-10,1.5e-10,0.0909,29100000000.0,1190000000.0,10.06,-85.25
3.9e-05,1e-05,6e-13,3e-10,2e-10,0.0909,29100000000.0,1190000000.0,10.06,-85.3
3.9e-05,1e-05,6e-13,3.5e-10,1e-10,0.0909,27000000000.0,1040000000.0,10.44,-89.03
3.9e-05,1e-05,6e-13,3.5e-10,5e-11,0.0909,27000000000.0,1050000000.0,10.44,-89.07
3.9e-05,1e-05,6e-13,3.5e-10,1.5e-10,0.0909,27000000000.0,1040000000.0,10.43,-89.16
3.9e-05,1e-05,6e-13,3.5e-10,2e-10,0.0909,27000000000.0,1040000000.0,10.43,-89.23
3.9e-05,1e-05,6e-13,3.5e-10,2.5e-10,0.0909,27000000000.0,1040000000.0,10.44,-89.05
3.9e-05,1e-05,6e-13,4.5e-10,2.5e-10,0.0909,24200000000.0,872000000.0,10.92,-94.76
3.9e-05,1e-05,6e-13,5e-10,1e-10,0.0909,23200000000.0,814000000.0,11.1,-94.02
3.9e-05,1e-05,6e-13,5e-10,5e-11,0.0909,23200000000.0,808000000.0,11.11,-94.44
3.9e-05,1e-05,6e-13,5e-10,1.5e-10,0.0909,23200000000.0,809000000.0,11.11,-93.88
3.9e-05,1e-05,6e-13,5e-10,2e-10,0.0909,23200000000.0,812000000.0,11.1,-94.25
3.9e-05,1e-05,6e-13,5e-10,2.5e-10,0.0909,23200000000.0,810000000.0,11.11,-93.74
3.9e-05,1e-05,7e-13,4e-10,1e-10,0.0909,25500000000.0,940000000.0,10.71,-91.95
3.9e-05,1e-05,7e-13,4e-10,5e-11,0.0909,25500000000.0,944000000.0,10.71,-85.26
3.9e-05,1e-05,7e-13,4e-10,1.5e-10,0.0909,25500000000.0,943000000.0,10.71,-92.85
3.9e-05,1e-05,7e-13,4e-10,2e-10,0.0909,25500000000.0,940000000.0,10.71,-92.91
3.9e-05,1e-05,7e-13,4e-10,2.5e-10,0.0909,25500000000.0,942000000.0,10.71,-92.73
3.9e-05,1e-05,7e-13,3e-10,5e-11,0.0909,29100000000.0,1190000000.0,10.06,-85.2
3.9e-05,1e-05,7e-13,3e-10,2e-10,0.0909,29100000000.0,1190000000.0,10.06,-85.24
3.9e-05,1e-05,7e-13,3.5e-10,1e-10,0.0909,27000000000.0,1040000000.0,10.44,-88.99
3.9e-05,1e-05,7e-13,3.5e-10,1.5e-10,0.0909,27000000000.0,1040000000.0,10.43,-89.11
3.9e-05,1e-05,7e-13,3.5e-10,2e-10,0.0909,27000000000.0,1040000000.0,10.43,-88.89
3.9e-05,1e-05,7e-13,3.5e-10,2.5e-10,0.0909,27000000000.0,1040000000.0,10.43,-89.04
3.9e-05,1e-05,7e-13,4.5e-10,1e-10,0.0909,24200000000.0,869000000.0,10.92,-94.87
3.9e-05,1e-05,7e-13,4.5e-10,5e-11,0.0909,24200000000.0,869000000.0,10.92,-94.95
3.9e-05,1e-05,7e-13,4.5e-10,1.5e-10,0.0909,24200000000.0,866000000.0,10.92,-94.93
3.9e-05,1e-05,7e-13,4.5e-10,2.5e-10,0.0909,24200000000.0,867000000.0,10.92,-94.83
3.9e-05,1e-05,7e-13,5e-10,1e-10,0.0909,23200000000.0,810000000.0,11.11,-94.16
3.9e-05,1e-05,7e-13,5e-10,5e-11,0.0909,23200000000.0,812000000.0,11.11,-94.06
3.9e-05,1e-05,7e-13,5e-10,1.5e-10,0.0909,23200000000.0,810000000.0,11.1,-94.19
3.9e-05,1e-05,7e-13,5e-10,2e-10,0.0909,23200000000.0,812000000.0,11.11,-94.15
3.9e-05,1e-05,7e-13,5e-10,2.5e-10,0.0909,23200000000.0,813000000.0,11.1,-94.61
3.9e-05,1.1e-05,5e-13,4e-10,1e-10,0.0909,25300000000.0,998000000.0,10.72,-93.12
3.9e-05,1.1e-05,5e-13,4e-10,5e-11,0.0909,25300000000.0,995000000.0,10.72,-93.06
3.9e-05,1.1e-05,5e-13,4e-10,1.5e-10,0.0909,25300000000.0,993000000.0,10.72,-93.1
3.9e-05,1.1e-05,5e-13,4e-10,2e-10,0.0909,25300000000.0,993000000.0,10.72,-92.4
3.9e-05,1.1e-05,5e-13,4e-10,2.5e-10,0.0909,25300000000.0,999000000.0,10.72,-92.94
3.9e-05,1.1e-05,5e-13,3e-10,1e-10,0.0909,28900000000.0,1260000000.0,10.08,-85.76
3.9e-05,1.1e-05,5e-13,3e-10,5e-11,0.0909,28900000000.0,1260000000.0,10.08,-85.47
3.9e-05,1.1e-05,5e-13,3e-10,1.5e-10,0.0909,28900000000.0,1250000000.0,10.08,-85.62
3.9e-05,1.1e-05,5e-13,3e-10,2e-10,0.0909,28900000000.0,1250000000.0,10.08,-85.34
3.9e-05,1.1e-05,5e-13,3e-10,2.5e-10,0.0909,28900000000.0,1250000000.0,10.08,-85.73
3.9e-05,1.1e-05,5e-13,3.5e-10,1e-10,0.0909,26900000000.0,1100000000.0,10.45,-89.26
3.9e-05,1.1e-05,5e-13,3.5e-10,5e-11,0.0909,26900000000.0,1100000000.0,10.45,-89.65
3.9e-05,1.1e-05,5e-13,3.5e-10,1.5e-10,0.0909,26900000000.0,1100000000.0,10.45,-89.32
3.9e-05,1.1e-05,5e-13,3.5e-10,2e-10,0.0909,26900000000.0,1100000000.0,10.45,-89.43
3.9e-05,1.1e-05,5e-13,3.5e-10,2.5e-10,0.0909,26900000000.0,1100000000.0,10.45,-89.3
3.9e-05,1.1e-05,5e-13,4.5e-10,1e-10,0.0909,24100000000.0,916000000.0,10.94,-95.04
3.9e-05,1.1e-05,5e-13,4.5e-10,5e-11,0.0909,24100000000.0,918000000.0,10.94,-95.02
3.9e-05,1.1e-05,5e-13,4.5e-10,1.5e-10,0.0909,24100000000.0,919000000.0,10.93,-95.01
3.9e-05,1.1e-05,5e-13,4.5e-10,2e-10,0.0909,24100000000.0,917000000.0,10.94,-94.94
3.9e-05,1.1e-05,5e-13,4.5e-10,2.5e-10,0.0909,24100000000.0,919000000.0,10.93,-95.04
3.9e-05,1.1e-05,5e-13,5e-10,1e-10,0.0909,23100000000.0,861000000.0,11.12,-92.81
3.9e-05,1.1e-05,5e-13,5e-10,5e-11,0.0909,23100000000.0,857000000.0,11.12,-94.34
3.9e-05,1.1e-05,5e-13,5e-10,1.5e-10,0.0909,23100000000.0,856000000.0,11.12,-93.68
3.9e-05,1.1e-05,5e-13,5e-10,2e-10,0.0909,23100000000.0,857000000.0,11.12,-94.11
3.9e-05,1.1e-05,5e-13,5e-10,2.5e-10,0.0909,23100000000.0,855000000.0,11.12,-94.16
3.9e-05,1.1e-05,3e-13,4e-10,1e-10,0.0909,25300000000.0,995000000.0,10.72,-92.99
3.9e-05,1.1e-05,3e-13,4e-10,5e-11,0.0909,25300000000.0,996000000.0,10.72,-93.36
3.9e-05,1.1e-05,3e-13,4e-10,1.5e-10,0.0909,25300000000.0,998000000.0,10.72,-93.41
3.9e-05,1.1e-05,3e-13,4e-10,2e-10,0.0909,25300000000.0,996000000.0,10.72,-93.35
3.9e-05,1.1e-05,3e-13,4e-10,2.5e-10,0.0909,25300000000.0,993000000.0,10.72,-93.18
3.9e-05,1.1e-05,3e-13,3e-10,1e-10,0.0909,28900000000.0,1250000000.0,10.08,-85.79
3.9e-05,1.1e-05,3e-13,3e-10,5e-11,0.0909,28900000000.0,1260000000.0,10.08,-85.84
3.9e-05,1.1e-05,3e-13,3e-10,1.5e-10,0.0909,28900000000.0,1260000000.0,10.08,-85.51
3.9e-05,1.1e-05,3e-13,3e-10,2e-10,0.0909,28900000000.0,1260000000.0,10.08,-85.63
3.9e-05,1.1e-05,3e-13,3e-10,2.5e-10,0.0909,28900000000.0,1260000000.0,10.08,-85.66
3.9e-05,1.1e-05,3e-13,3.5e-10,1.5e-10,0.0909,26900000000.0,1100000000.0,10.45,-89.53
3.9e-05,1.1e-05,3e-13,3.5e-10,2.5e-10,0.0909,26900000000.0,1100000000.0,10.45,-89.59
3.9e-05,1.1e-05,3e-13,4.5e-10,1e-10,0.0909,24100000000.0,917000000.0,10.94,-95.06
3.9e-05,1.1e-05,3e-13,4.5e-10,5e-11,0.0909,24100000000.0,915000000.0,10.94,-95.07
3.9e-05,1.1e-05,3e-13,4.5e-10,1.5e-10,0.0909,24100000000.0,919000000.0,10.93,-95.05
3.9e-05,1.1e-05,3e-13,4.5e-10,2e-10,0.0909,24100000000.0,923000000.0,10.94,-92.92
3.9e-05,1.1e-05,3e-13,4.5e-10,2.5e-10,0.0909,24100000000.0,918000000.0,10.94,-95.04
3.9e-05,1.1e-05,3e-13,5e-10,1e-10,0.0909,23100000000.0,861000000.0,11.12,-94.15
3.9e-05,1.1e-05,3e-13,5e-10,5e-11,0.0909,23100000000.0,860000000.0,11.12,-94.13
3.9e-05,1.1e-05,3e-13,5e-10,1.5e-10,0.0909,23100000000.0,857000000.0,11.12,-93.97
3.9e-05,1.1e-05,3e-13,5e-10,2e-10,0.0909,23100000000.0,858000000.0,11.12,-93.85
3.9e-05,1.1e-05,3e-13,5e-10,2.5e-10,0.0909,23100000000.0,857000000.0,11.12,-93.98
3.9e-05,1.1e-05,4e-13,4e-10,1e-10,0.0909,25300000000.0,994000000.0,10.72,-93.03
3.9e-05,1.1e-05,4e-13,4e-10,5e-11,0.0909,25300000000.0,995000000.0,10.72,-93.28
3.9e-05,1.1e-05,4e-13,4e-10,1.5e-10,0.0909,25300000000.0,995000000.0,10.72,-93.05
3.9e-05,1.1e-05,4e-13,4e-10,2e-10,0.0909,25300000000.0,994000000.0,10.72,-92.73
3.9e-05,1.1e-05,4e-13,4e-10,2.5e-10,0.0909,25300000000.0,997000000.0,10.72,-93.26
3.9e-05,1.1e-05,4e-13,3e-10,1e-10,0.0909,28900000000.0,1260000000.0,10.08,-85.6
3.9e-05,1.1e-05,4e-13,3e-10,5e-11,0.0909,28900000000.0,1250000000.0,10.08,-85.36
3.9e-05,1.1e-05,4e-13,3e-10,2e-10,0.0909,28900000000.0,1250000000.0,10.08,-85.64
3.9e-05,1.1e-05,4e-13,3e-10,2.5e-10,0.0909,28900000000.0,1260000000.0,10.08,-85.67
3.9e-05,1.1e-05,4e-13,3.5e-10,1e-10,0.0909,26900000000.0,1100000000.0,10.45,-89.47
3.9e-05,1.1e-05,4e-13,3.5e-10,5e-11,0.0909,26900000000.0,1100000000.0,10.45,-89.4
3.9e-05,1.1e-05,4e-13,3.5e-10,1.5e-10,0.0909,26900000000.0,1100000000.0,10.45,-89.48
3.9e-05,1.1e-05,4e-13,3.5e-10,2.5e-10,0.0909,26900000000.0,1100000000.0,10.45,-89.33
3.9e-05,1.1e-05,4e-13,4.5e-10,1e-10,0.0909,24100000000.0,917000000.0,10.94,-94.68
3.9e-05,1.1e-05,4e-13,4.5e-10,5e-11,0.0909,24100000000.0,920000000.0,10.93,-94.99
3.9e-05,1.1e-05,4e-13,4.5e-10,1.5e-10,0.0909,24100000000.0,917000000.0,10.93,-95.04
3.9e-05,1.1e-05,4e-13,4.5e-10,2.5e-10,0.0909,24100000000.0,917000000.0,10.94,-94.73
3.9e-05,1.1e-05,4e-13,5e-10,1e-10,0.0909,23100000000.0,855000000.0,11.12,-94.0
3.9e-05,1.1e-05,4e-13,5e-10,5e-11,0.0909,23100000000.0,858000000.0,11.12,-93.17
3.9e-05,1.1e-05,4e-13,5e-10,1.5e-10,0.0909,23100000000.0,858000000.0,11.12,-94.14
3.9e-05,1.1e-05,4e-13,5e-10,2e-10,0.0909,23100000000.0,858000000.0,11.12,-94.09
3.9e-05,1.1e-05,4e-13,5e-10,2.5e-10,0.0909,23100000000.0,855000000.0,11.12,-93.98
3.9e-05,1.1e-05,6e-13,4e-10,1e-10,0.0909,25300000000.0,995000000.0,10.72,-93.19
3.9e-05,1.1e-05,6e-13,4e-10,5e-11,0.0909,25300000000.0,995000000.0,10.72,-93.27
3.9e-05,1.1e-05,6e-13,4e-10,1.5e-10,0.0909,25300000000.0,997000000.0,10.72,-92.9
3.9e-05,1.1e-05,6e-13,4e-10,2e-10,0.0909,25300000000.0,995000000.0,10.72,-93.0
3.9e-05,1.1e-05,6e-13,4e-10,2.5e-10,0.0909,25300000000.0,996000000.0,10.72,-92.98
3.9e-05,1.1e-05,6e-13,3e-10,1e-10,0.0909,28900000000.0,1250000000.0,10.07,-85.61
3.9e-05,1.1e-05,6e-13,3e-10,5e-11,0.0909,28900000000.0,1260000000.0,10.08,-85.75
3.9e-05,1.1e-05,6e-13,3e-10,1.5e-10,0.0909,28900000000.0,1260000000.0,10.07,-85.58
3.9e-05,1.1e-05,6e-13,3e-10,2e-10,0.0909,28900000000.0,1260000000.0,10.07,-85.78
3.9e-05,1.1e-05,6e-13,3e-10,2.5e-10,0.0909,28900000000.0,1250000000.0,10.07,-85.42
3.9e-05,1.1e-05,6e-13,3.5e-10,1e-10,0.0909,26900000000.0,1100000000.0,10.45,-89.16
3.9e-05,1.1e-05,6e-13,3.5e-10,5e-11,0.0909,26900000000.0,1100000000.0,10.45,-89.44
3.9e-05,1.1e-05,6e-13,3.5e-10,1.5e-10,0.0909,26900000000.0,1100000000.0,10.45,-89.09
3.9e-05,1.1e-05,6e-13,3.5e-10,2e-10,0.0909,26900000000.0,1100000000.0,10.45,-89.38
3.9e-05,1.1e-05,6e-13,3.5e-10,2.5e-10,0.0909,26900000000.0,1100000000.0,10.45,-89.54
3.9e-05,1.1e-05,6e-13,4.5e-10,1e-10,0.0909,24100000000.0,917000000.0,10.94,-94.93
3.9e-05,1.1e-05,6e-13,4.5e-10,5e-11,0.0909,24100000000.0,917000000.0,10.94,-95.0
3.9e-05,1.1e-05,6e-13,4.5e-10,1.5e-10,0.0909,24100000000.0,918000000.0,10.93,-95.03
3.9e-05,1.1e-05,6e-13,5e-10,1e-10,0.0909,23100000000.0,860000000.0,11.12,-94.43
3.9e-05,1.1e-05,6e-13,5e-10,5e-11,0.0909,23100000000.0,857000000.0,11.12,-94.04
3.9e-05,1.1e-05,6e-13,5e-10,1.5e-10,0.0909,23100000000.0,858000000.0,11.12,-94.28
3.9e-05,1.1e-05,6e-13,5e-10,2.5e-10,0.0909,23100000000.0,858000000.0,11.12,-94.27
3.9e-05,1.1e-05,7e-13,4e-10,1e-10,0.0909,25300000000.0,998000000.0,10.72,-92.73
3.9e-05,1.1e-05,7e-13,4e-10,5e-11,0.0909,25300000000.0,999000000.0,10.72,-93.25
3.9e-05,1.1e-05,7e-13,4e-10,1.5e-10,0.0909,25300000000.0,993000000.0,10.72,-93.33
3.9e-05,1.1e-05,7e-13,4e-10,2e-10,0.0909,25300000000.0,997000000.0,10.72,-92.92
3.9e-05,1.1e-05,7e-13,4e-10,2.5e-10,0.0909,25300000000.0,996000000.0,10.72,-92.94
3.9e-05,1.1e-05,7e-13,3e-10,1e-10,0.0909,28900000000.0,1260000000.0,10.07,-85.54
3.9e-05,1.1e-05,7e-13,3e-10,5e-11,0.0909,28900000000.0,1260000000.0,10.07,-85.72
3.9e-05,1.1e-05,7e-13,3e-10,2e-10,0.0909,28900000000.0,1250000000.0,10.08,-85.46
3.9e-05,1.1e-05,7e-13,3e-10,2.5e-10,0.0909,28900000000.0,1250000000.0,10.07,-85.59
3.9e-05,1.1e-05,7e-13,3.5e-10,1e-10,0.0909,26900000000.0,1100000000.0,10.45,-89.23
3.9e-05,1.1e-05,7e-13,3.5e-10,5e-11,0.0909,26900000000.0,1100000000.0,10.45,-89.28
3.9e-05,1.1e-05,7e-13,3.5e-10,2e-10,0.0909,26900000000.0,1100000000.0,10.45,-89.19
3.9e-05,1.1e-05,7e-13,3.5e-10,2.5e-10,0.0909,26900000000.0,1100000000.0,10.45,-89.42
3.9e-05,1.1e-05,7e-13,4.5e-10,1e-10,0.0909,24100000000.0,918000000.0,10.94,-92.79
3.9e-05,1.1e-05,7e-13,4.5e-10,1.5e-10,0.0909,24100000000.0,916000000.0,10.93,-94.99
3.9e-05,1.1e-05,7e-13,4.5e-10,2e-10,0.0909,24100000000.0,915000000.0,10.94,-95.04
3.9e-05,1.1e-05,7e-13,5e-10,1e-10,0.0909,23100000000.0,853000000.0,11.12,-93.87
3.9e-05,1.1e-05,7e-13,5e-10,5e-11,0.0909,23100000000.0,857000000.0,11.12,-93.93
3.9e-05,1.1e-05,7e-13,5e-10,1.5e-10,0.0909,23100000000.0,858000000.0,11.12,-93.78
3.9e-05,1.1e-05,7e-13,5e-10,2e-10,0.0909,23100000000.0,858000000.0,11.12,-94.08
3.9e-05,1.1e-05,7e-13,5e-10,2.5e-10,0.0909,23100000000.0,858000000.0,11.12,-94.02
3.9e-05,1.2e-05,5e-13,4e-10,1e-10,0.0909,25200000000.0,1040000000.0,10.73,-93.48
3.9e-05,1.2e-05,5e-13,4e-10,5e-11,0.0909,25200000000.0,1040000000.0,10.73,-93.61
3.9e-05,1.2e-05,5e-13,4e-10,1.5e-10,0.0909,25200000000.0,1040000000.0,10.73,-93.39
3.9e-05,1.2e-05,5e-13,4e-10,2e-10,0.0909,25200000000.0,1040000000.0,10.73,-94.48
3.9e-05,1.2e-05,5e-13,4e-10,2.5e-10,0.0909,25200000000.0,1040000000.0,10.73,-93.31
3.9e-05,1.2e-05,5e-13,3e-10,1e-10,0.0909,28700000000.0,1310000000.0,10.09,-85.91
3.9e-05,1.2e-05,5e-13,3e-10,5e-11,0.0909,28700000000.0,1310000000.0,10.09,-85.93
3.9e-05,1.2e-05,5e-13,3e-10,1.5e-10,0.0909,28700000000.0,1310000000.0,10.09,-85.68
3.9e-05,1.2e-05,5e-13,3e-10,2.5e-10,0.0909,28700000000.0,1310000000.0,10.09,-85.81
3.9e-05,1.2e-05,5e-13,3.5e-10,1e-10,0.0909,26700000000.0,1150000000.0,10.46,-89.88
3.9e-05,1.2e-05,5e-13,3.5e-10,5e-11,0.0909,26700000000.0,1150000000.0,10.46,-89.53
3.9e-05,1.2e-05,5e-13,3.5e-10,1.5e-10,0.0909,26700000000.0,1150000000.0,10.46,-89.56
3.9e-05,1.2e-05,5e-13,3.5e-10,2e-10,0.0909,26700000000.0,1150000000.0,10.46,-89.61
3.9e-05,1.2e-05,5e-13,3.5e-10,2.5e-10,0.0909,26700000000.0,1150000000.0,10.46,-89.76
3.9e-05,1.2e-05,5e-13,4.5e-10,1e-10,0.0909,24000000000.0,963000000.0,10.95,-95.11
3.9e-05,1.2e-05,5e-13,4.5e-10,5e-11,0.0909,24000000000.0,959000000.0,10.95,-95.1
3.9e-05,1.2e-05,5e-13,4.5e-10,1.5e-10,0.0909,24000000000.0,961000000.0,10.95,-95.11
3.9e-05,1.2e-05,5e-13,4.5e-10,2e-10,0.0909,24000000000.0,956000000.0,10.95,-95.11
3.9e-05,1.2e-05,5e-13,4.5e-10,2.5e-10,0.0909,24000000000.0,959000000.0,10.95,-95.11
3.9e-05,1.2e-05,5e-13,5e-10,1e-10,0.0909,23000000000.0,896000000.0,11.13,-93.99
3.9e-05,1.2e-05,5e-13,5e-10,5e-11,0.0909,23000000000.0,893000000.0,11.13,-94.34
3.9e-05,1.2e-05,5e-13,5e-10,1.5e-10,0.0909,23000000000.0,900000000.0,11.13,-94.11
3.9e-05,1.2e-05,5e-13,5e-10,2e-10,0.0909,23000000000.0,897000000.0,11.13,-93.86
3.9e-05,1.2e-05,5e-13,5e-10,2.5e-10,0.0909,23000000000.0,899000000.0,11.13,-94.37
3.9e-05,1.2e-05,3e-13,4e-10,1e-10,0.0909,25200000000.0,1050000000.0,10.73,-93.43
3.9e-05,1.2e-05,3e-13,4e-10,1.5e-10,0.0909,25200000000.0,1040000000.0,10.73,-93.6
3.9e-05,1.2e-05,3e-13,4e-10,2e-10,0.0909,25200000000.0,1040000000.0,10.73,-93.62
3.9e-05,1.2e-05,3e-13,4e-10,2.5e-10,0.0909,25200000000.0,1040000000.0,10.73,-93.32
3.9e-05,1.2e-05,3e-13,3e-10,1e-10,0.0909,28700000000.0,1310000000.0,10.09,-85.96
3.9e-05,1.2e-05,3e-13,3e-10,5e-11,0.0909,28700000000.0,1310000000.0,10.09,-86.03
3.9e-05,1.2e-05,3e-13,3e-10,2e-10,0.0909,28700000000.0,1310000000.0,10.09,-85.88
3.9e-05,1.2e-05,3e-13,3.5e-10,1e-10,0.0909,26700000000.0,1150000000.0,10.46,-89.75
3.9e-05,1.2e-05,3e-13,3.5e-10,5e-11,0.0909,26700000000.0,1150000000.0,10.46,-90.07
3.9e-05,1.2e-05,3e-13,3.5e-10,1.5e-10,0.0909,26700000000.0,1150000000.0,10.46,-89.99
3.9e-05,1.2e-05,3e-13,3.5e-10,2e-10,0.0909,26700000000.0,1150000000.0,10.46,-89.77
3.9e-05,1.2e-05,3e-13,3.5e-10,2.5e-10,0.0909,26700000000.0,1150000000.0,10.46,-89.84
3.9e-05,1.2e-05,3e-13,4.5e-10,1e-10,0.0909,24000000000.0,964000000.0,10.95,-95.13
3.9e-05,1.2e-05,3e-13,4.5e-10,5e-11,0.0909,24000000000.0,958000000.0,10.95,-95.12
3.9e-05,1.2e-05,3e-13,4.5e-10,1.5e-10,0.0909,24000000000.0,961000000.0,10.95,-95.12
3.9e-05,1.2e-05,3e-13,4.5e-10,2.5e-10,0.0909,24000000000.0,956000000.0,10.95,-95.1
3.9e-05,1.2e-05,3e-13,5e-10,1e-10,0.0909,23000000000.0,895000000.0,11.13,-93.96
3.9e-05,1.2e-05,3e-13,5e-10,5e-11,0.0909,23000000000.0,901000000.0,11.13,-91.69
3.9e-05,1.2e-05,3e-13,5e-10,1.5e-10,0.0909,23000000000.0,898000000.0,11.13,-94.06
3.9e-05,1.2e-05,3e-13,5e-10,2e-10,0.0909,23000000000.0,898000000.0,11.13,-93.84
3.9e-05,1.2e-05,3e-13,5e-10,2.5e-10,0.0909,23000000000.0,894000000.0,11.13,-93.84
3.9e-05,1.2e-05,4e-13,4e-10,1e-10,0.0909,25200000000.0,1040000000.0,10.73,-94.0
3.9e-05,1.2e-05,4e-13,4e-10,5e-11,0.0909,25200000000.0,1050000000.0,10.73,-93.19
3.9e-05,1.2e-05,4e-13,4e-10,1.5e-10,0.0909,25200000000.0,1040000000.0,10.73,-92.79
3.9e-05,1.2e-05,4e-13,4e-10,2e-10,0.0909,25200000000.0,1050000000.0,10.73,-93.39
3.9e-05,1.2e-05,4e-13,4e-10,2.5e-10,0.0909,25200000000.0,1040000000.0,10.73,-93.2
3.9e-05,1.2e-05,4e-13,3e-10,5e-11,0.0909,28700000000.0,1310000000.0,10.09,-86.09
3.9e-05,1.2e-05,4e-13,3e-10,1.5e-10,0.0909,28700000000.0,1310000000.0,10.09,-86.04
3.9e-05,1.2e-05,4e-13,3.5e-10,1e-10,0.0909,26700000000.0,1150000000.0,10.46,-89.8
3.9e-05,1.2e-05,4e-13,3.5e-10,5e-11,0.0909,26700000000.0,1150000000.0,10.46,-89.72
3.9e-05,1.2e-05,4e-13,3.5e-10,1.5e-10,0.0909,26700000000.0,1150000000.0,10.46,-89.92
3.9e-05,1.2e-05,4e-13,4.5e-10,1e-10,0.0909,24000000000.0,958000000.0,10.95,-95.11
3.9e-05,1.2e-05,4e-13,4.5e-10,2e-10,0.0909,24000000000.0,965000000.0,10.95,-95.12
3.9e-05,1.2e-05,4e-13,4.5e-10,2.5e-10,0.0909,24000000000.0,957000000.0,10.95,-95.04
3.9e-05,1.2e-05,4e-13,5e-10,1e-10,0.0909,23000000000.0,900000000.0,11.13,-93.7
3.9e-05,1.2e-05,4e-13,5e-10,5e-11,0.0909,23000000000.0,894000000.0,11.13,-93.97
3.9e-05,1.2e-05,4e-13,5e-10,1.5e-10,0.0909,23000000000.0,895000000.0,11.13,-94.16
3.9e-05,1.2e-05,4e-13,5e-10,2e-10,0.0909,23000000000.0,897000000.0,11.13,-93.67
3.9e-05,1.2e-05,4e-13,5e-10,2.5e-10,0.0909,23000000000.0,897000000.0,11.13,-94.04
3.9e-05,1.2e-05,6e-13,4e-10,1e-10,0.0909,25200000000.0,1050000000.0,10.73,-93.14
3.9e-05,1.2e-05,6e-13,4e-10,5e-11,0.0909,25200000000.0,1040000000.0,10.73,-93.25
3.9e-05,1.2e-05,6e-13,4e-10,1.5e-10,0.0909,25200000000.0,1040000000.0,10.73,-93.55
3.9e-05,1.2e-05,6e-13,4e-10,2e-10,0.0909,25200000000.0,1040000000.0,10.73,-93.57
3.9e-05,1.2e-05,6e-13,4e-10,2.5e-10,0.0909,25200000000.0,1040000000.0,10.73,-93.41
3.9e-05,1.2e-05,6e-13,3e-10,1e-10,0.0909,28700000000.0,1310000000.0,10.09,-85.9
3.9e-05,1.2e-05,6e-13,3e-10,1.5e-10,0.0909,28700000000.0,1310000000.0,10.09,-85.77
3.9e-05,1.2e-05,6e-13,3e-10,2e-10,0.0909,28700000000.0,1310000000.0,10.09,-85.78
3.9e-05,1.2e-05,6e-13,3e-10,2.5e-10,0.0909,28700000000.0,1310000000.0,10.09,-85.87
3.9e-05,1.2e-05,6e-13,3.5e-10,1e-10,0.0909,26700000000.0,1150000000.0,10.46,-89.91
3.9e-05,1.2e-05,6e-13,3.5e-10,2.5e-10,0.0909,26700000000.0,1150000000.0,10.46,-89.89
3.9e-05,1.2e-05,6e-13,4.5e-10,1e-10,0.0909,24000000000.0,962000000.0,10.95,-95.1
3.9e-05,1.2e-05,6e-13,4.5e-10,5e-11,0.0909,24000000000.0,957000000.0,10.95,-94.96
3.9e-05,1.2e-05,6e-13,4.5e-10,1.5e-10,0.0909,24000000000.0,956000000.0,10.95,-95.06
3.9e-05,1.2e-05,6e-13,4.5e-10,2.5e-10,0.0909,24000000000.0,957000000.0,10.95,-95.1
3.9e-05,1.2e-05,6e-13,5e-10,1.5e-10,0.0909,23000000000.0,894000000.0,11.13,-94.24
3.9e-05,1.2e-05,6e-13,5e-10,2e-10,0.0909,23000000000.0,897000000.0,11.13,-93.99
3.9e-05,1.2e-05,6e-13,5e-10,2.5e-10,0.0909,23000000000.0,896000000.0,11.13,-94.11
3.9e-05,1.2e-05,7e-13,4e-10,1e-10,0.0909,25200000000.0,1040000000.0,10.73,-93.22
3.9e-05,1.2e-05,7e-13,4e-10,5e-11,0.0909,25200000000.0,1050000000.0,10.73,-93.31
3.9e-05,1.2e-05,7e-13,4e-10,1.5e-10,0.0909,25200000000.0,1040000000.0,10.73,-93.65
3.9e-05,1.2e-05,7e-13,4e-10,2e-10,0.0909,25200000000.0,1040000000.0,10.73,-93.19
3.9e-05,1.2e-05,7e-13,4e-10,2.5e-10,0.0909,25200000000.0,1040000000.0,10.73,-93.23
3.9e-05,1.2e-05,7e-13,3e-10,1.5e-10,0.0909,28700000000.0,1310000000.0,10.09,-85.94
3.9e-05,1.2e-05,7e-13,3.5e-10,1e-10,0.0909,26700000000.0,1150000000.0,10.46,-89.71
3.9e-05,1.2e-05,7e-13,3.5e-10,5e-11,0.0909,26700000000.0,1150000000.0,10.46,-89.6
3.9e-05,1.2e-05,7e-13,3.5e-10,2e-10,0.0909,26700000000.0,1150000000.0,10.46,-89.42
3.9e-05,1.2e-05,7e-13,3.5e-10,2.5e-10,0.0909,26700000000.0,1150000000.0,10.46,-89.87
3.9e-05,1.2e-05,7e-13,4.5e-10,5e-11,0.0909,24000000000.0,960000000.0,10.95,-95.11
3.9e-05,1.2e-05,7e-13,4.5e-10,2e-10,0.0909,24000000000.0,963000000.0,10.95,-95.06
3.9e-05,1.2e-05,7e-13,4.5e-10,2.5e-10,0.0909,24000000000.0,956000000.0,10.95,-95.09
3.9e-05,1.2e-05,7e-13,5e-10,1e-10,0.0909,23000000000.0,899000000.0,11.13,-94.12
3.9e-05,1.2e-05,7e-13,5e-10,5e-11,0.0909,23000000000.0,895000000.0,11.13,-93.83
3.9e-05,1.2e-05,7e-13,5e-10,1.5e-10,0.0909,23000000000.0,894000000.0,11.13,-94.08
3.9e-05,1.2e-05,7e-13,5e-10,2e-10,0.0909,23000000000.0,896000000.0,11.13,-93.75
3.9e-05,1.2e-05,7e-13,5e-10,2.5e-10,0.0909,23000000000.0,896000000.0,11.13,-93.84
3.9e-05,1.3e-05,5e-13,4e-10,1e-10,0.0909,25100000000.0,1080000000.0,10.74,-93.78
3.9e-05,1.3e-05,5e-13,4e-10,5e-11,0.0909,25100000000.0,1080000000.0,10.74,-93.69
3.9e-05,1.3e-05,5e-13,4e-10,1.5e-10,0.0909,25100000000.0,1080000000.0,10.74,-93.56
3.9e-05,1.3e-05,5e-13,4e-10,2e-10,0.0909,25100000000.0,1080000000.0,10.74,-93.59
3.9e-05,1.3e-05,5e-13,4e-10,2.5e-10,0.0909,25100000000.0,1080000000.0,10.74,-93.7
3.9e-05,1.3e-05,5e-13,3e-10,1e-10,0.0909,28600000000.0,1360000000.0,10.1,-86.22
3.9e-05,1.3e-05,5e-13,3e-10,5e-11,0.0909,28600000000.0,1360000000.0,10.1,-86.67
3.9e-05,1.3e-05,5e-13,3e-10,1.5e-10,0.0909,28600000000.0,1360000000.0,10.1,-86.29
3.9e-05,1.3e-05,5e-13,3e-10,2e-10,0.0909,28600000000.0,1360000000.0,10.1,-86.38
3.9e-05,1.3e-05,5e-13,3e-10,2.5e-10,0.0909,28600000000.0,1360000000.0,10.1,-86.2
3.9e-05,1.3e-05,5e-13,3.5e-10,1e-10,0.0909,26600000000.0,1190000000.0,10.47,-90.0
3.9e-05,1.3e-05,5e-13,3.5e-10,5e-11,0.0909,26600000000.0,1200000000.0,10.47,-90.12
3.9e-05,1.3e-05,5e-13,3.5e-10,1.5e-10,0.0909,26600000000.0,1200000000.0,10.47,-90.11
3.9e-05,1.3e-05,5e-13,3.5e-10,2e-10,0.0909,26600000000.0,1190000000.0,10.47,-89.98
3.9e-05,1.3e-05,5e-13,3.5e-10,2.5e-10,0.0909,26600000000.0,1190000000.0,10.47,-89.99
3.9e-05,1.3e-05,5e-13,4.5e-10,1e-10,0.0909,23900000000.0,999000000.0,10.96,-95.17
3.9e-05,1.3e-05,5e-13,4.5e-10,5e-11,0.0909,23900000000.0,995000000.0,10.96,-95.17
3.9e-05,1.3e-05,5e-13,4.5e-10,1.5e-10,0.0909,23900000000.0,995000000.0,10.95,-95.14
3.9e-05,1.3e-05,5e-13,4.5e-10,2e-10,0.0909,23900000000.0,993000000.0,10.96,-95.16
3.9e-05,1.3e-05,5e-13,4.5e-10,2.5e-10,0.0909,23900000000.0,994000000.0,10.96,-95.15
3.9e-05,1.3e-05,5e-13,5e-10,1e-10,0.0909,22900000000.0,927000000.0,11.14,-93.79
3.9e-05,1.3e-05,5e-13,5e-10,5e-11,0.0909,22900000000.0,928000000.0,11.14,-93.96
3.9e-05,1.3e-05,5e-13,5e-10,1.5e-10,0.0909,22900000000.0,931000000.0,11.14,-94.11
3.9e-05,1.3e-05,5e-13,5e-10,2e-10,0.0909,22900000000.0,927000000.0,11.14,-93.8
3.9e-05,1.3e-05,5e-13,5e-10,2.5e-10,0.0909,22900000000.0,929000000.0,11.14,-93.58
3.9e-05,1.3e-05,3e-13,4e-10,1e-10,0.0909,25100000000.0,1080000000.0,10.74,-93.61
3.9e-05,1.3e-05,3e-13,4e-10,5e-11,0.0909,25100000000.0,1080000000.0,10.74,-93.81
3.9e-05,1.3e-05,3e-13,4e-10,1.5e-10,0.0909,25100000000.0,1080000000.0,10.74,-94.03
3.9e-05,1.3e-05,3e-13,4e-10,2e-10,0.0909,25100000000.0,1080000000.0,10.74,-93.82
3.9e-05,1.3e-05,3e-13,4e-10,2.5e-10,0.0909,25100000000.0,1080000000.0,10.74,-93.79
3.9e-05,1.3e-05,3e-13,3e-10,1e-10,0.0909,28600000000.0,1360000000.0,10.1,-86.42
3.9e-05,1.3e-05,3e-13,3e-10,1.5e-10,0.0909,28600000000.0,1360000000.0,10.1,-86.3
3.9e-05,1.3e-05,3e-13,3e-10,2e-10,0.0909,28600000000.0,1360000000.0,10.1,-86.24
3.9e-05,1.3e-05,3e-13,3e-10,2.5e-10,0.0909,28600000000.0,1360000000.0,10.1,-86.26
3.9e-05,1.3e-05,3e-13,3.5e-10,1e-10,0.0909,26600000000.0,1200000000.0,10.47,-90.14
3.9e-05,1.3e-05,3e-13,3.5e-10,5e-11,0.0909,26600000000.0,1190000000.0,10.47,-90.17
3.9e-05,1.3e-05,3e-13,3.5e-10,1.5e-10,0.0909,26600000000.0,1190000000.0,10.47,-90.39
3.9e-05,1.3e-05,3e-13,3.5e-10,2e-10,0.0909,26600000000.0,1190000000.0,10.47,-90.07
3.9e-05,1.3e-05,3e-13,3.5e-10,2.5e-10,0.0909,26600000000.0,1200000000.0,10.47,-90.02
3.9e-05,1.3e-05,3e-13,4.5e-10,1e-10,0.0909,23900000000.0,998000000.0,10.96,-95.18
3.9e-05,1.3e-05,3e-13,4.5e-10,5e-11,0.0909,23900000000.0,994000000.0,10.96,-95.16
3.9e-05,1.3e-05,3e-13,4.5e-10,1.5e-10,0.0909,23900000000.0,992000000.0,10.96,-95.15
3.9e-05,1.3e-05,3e-13,4.5e-10,2.5e-10,0.0909,23900000000.0,998000000.0,10.96,-95.17
3.9e-05,1.3e-05,3e-13,5e-10,1e-10,0.0909,22900000000.0,930000000.0,11.14,-93.63
3.9e-05,1.3e-05,3e-13,5e-10,5e-11,0.0909,22900000000.0,929000000.0,11.14,-94.12
3.9e-05,1.3e-05,3e-13,5e-10,1.5e-10,0.0909,22900000000.0,930000000.0,11.14,-93.93
3.9e-05,1.3e-05,3e-13,5e-10,2e-10,0.0909,22900000000.0,926000000.0,11.14,-93.55
3.9e-05,1.3e-05,3e-13,5e-10,2.5e-10,0.0909,22900000000.0,928000000.0,11.14,-93.67
3.9e-05,1.3e-05,4e-13,4e-10,1e-10,0.0909,25100000000.0,1080000000.0,10.74,-93.89
3.9e-05,1.3e-05,4e-13,4e-10,5e-11,0.0909,25100000000.0,1080000000.0,10.74,-93.57
3.9e-05,1.3e-05,4e-13,4e-10,1.5e-10,0.0909,25100000000.0,1080000000.0,10.74,-93.99
3.9e-05,1.3e-05,4e-13,4e-10,2e-10,0.0909,25100000000.0,1080000000.0,10.74,-91.94
3.9e-05,1.3e-05,4e-13,4e-10,2.5e-10,0.0909,25100000000.0,1080000000.0,10.74,-93.71
3.9e-05,1.3e-05,4e-13,3e-10,1e-10,0.0909,28600000000.0,1360000000.0,10.1,-86.15
3.9e-05,1.3e-05,4e-13,3e-10,5e-11,0.0909,28600000000.0,1360000000.0,10.1,-86.37
3.9e-05,1.3e-05,4e-13,3e-10,1.5e-10,0.0909,28600000000.0,1360000000.0,10.1,-86.33
3.9e-05,1.3e-05,4e-13,3e-10,2e-10,0.0909,28600000000.0,1360000000.0,10.1,-86.23
3.9e-05,1.3e-05,4e-13,3e-10,2.5e-10,0.0909,28600000000.0,1360000000.0,10.1,-86.63
3.9e-05,1.3e-05,4e-13,3.5e-10,1e-10,0.0909,26600000000.0,1190000000.0,10.47,-90.33
3.9e-05,1.3e-05,4e-13,3.5e-10,5e-11,0.0909,26600000000.0,1190000000.0,10.47,-90.11
3.9e-05,1.3e-05,4e-13,3.5e-10,1.5e-10,0.0909,26600000000.0,1190000000.0,10.47,-90.03
3.9e-05,1.3e-05,4e-13,3.5e-10,2e-10,0.0909,26600000000.0,1200000000.0,10.47,-90.27
3.9e-05,1.3e-05,4e-13,3.5e-10,2.5e-10,0.0909,26600000000.0,1190000000.0,10.47,-90.02
3.9e-05,1.3e-05,4e-13,4.5e-10,1e-10,0.0909,23900000000.0,1000000000.0,10.96,-95.18
3.9e-05,1.3e-05,4e-13,4.5e-10,5e-11,0.0909,23900000000.0,993000000.0,10.96,-95.18
3.9e-05,1.3e-05,4e-13,4.5e-10,1.5e-10,0.0909,23900000000.0,994000000.0,10.96,-90.51
3.9e-05,1.3e-05,4e-13,4.5e-10,2e-10,0.0909,23900000000.0,996000000.0,10.96,-95.17
3.9e-05,1.3e-05,4e-13,4.5e-10,2.5e-10,0.0909,23900000000.0,992000000.0,10.96,-95.17
3.9e-05,1.3e-05,4e-13,5e-10,1e-10,0.0909,22900000000.0,930000000.0,11.14,-93.94
3.9e-05,1.3e-05,4e-13,5e-10,5e-11,0.0909,22900000000.0,928000000.0,11.14,-93.79
3.9e-05,1.3e-05,4e-13,5e-10,1.5e-10,0.0909,22900000000.0,933000000.0,11.14,-91.51
3.9e-05,1.3e-05,4e-13,5e-10,2e-10,0.0909,22900000000.0,933000000.0,11.14,-94.01
3.9e-05,1.3e-05,4e-13,5e-10,2.5e-10,0.0909,22900000000.0,927000000.0,11.14,-94.12
3.9e-05,1.3e-05,6e-13,4e-10,5e-11,0.0909,25100000000.0,1080000000.0,10.74,-93.87
3.9e-05,1.3e-05,6e-13,4e-10,1.5e-10,0.0909,25100000000.0,1080000000.0,10.74,-81.9
3.9e-05,1.3e-05,6e-13,4e-10,2e-10,0.0909,25100000000.0,1080000000.0,10.74,-93.75
3.9e-05,1.3e-05,6e-13,4e-10,2.5e-10,0.0909,25100000000.0,1080000000.0,10.74,-93.48
3.9e-05,1.3e-05,6e-13,3e-10,1e-10,0.0909,28600000000.0,1360000000.0,10.1,-86.09
3.9e-05,1.3e-05,6e-13,3e-10,5e-11,0.0909,28600000000.0,1360000000.0,10.1,-80.63
3.9e-05,1.3e-05,6e-13,3e-10,2e-10,0.0909,28600000000.0,1360000000.0,10.1,-86.28
3.9e-05,1.3e-05,6e-13,3.5e-10,1e-10,0.0909,26600000000.0,1190000000.0,10.47,-90.15
3.9e-05,1.3e-05,6e-13,3.5e-10,5e-11,0.0909,26600000000.0,1190000000.0,10.47,-89.94
3.9e-05,1.3e-05,6e-13,3.5e-10,2e-10,0.0909,26600000000.0,1190000000.0,10.47,-90.25
3.9e-05,1.3e-05,6e-13,3.5e-10,2.5e-10,0.0909,26600000000.0,1190000000.0,10.47,-90.34
3.9e-05,1.3e-05,6e-13,4.5e-10,1e-10,0.0909,23900000000.0,995000000.0,10.96,-95.15
3.9e-05,1.3e-05,6e-13,4.5e-10,5e-11,0.0909,23900000000.0,994000000.0,10.96,-94.91
3.9e-05,1.3e-05,6e-13,4.5e-10,1.5e-10,0.0909,23900000000.0,1000000000.0,10.96,-93.79
3.9e-05,1.3e-05,6e-13,4.5e-10,2e-10,0.0909,23900000000.0,993000000.0,10.96,-95.1
3.9e-05,1.3e-05,6e-13,4.5e-10,2.5e-10,0.0909,23900000000.0,995000000.0,10.96,-95.16
3.9e-05,1.3e-05,6e-13,5e-10,1e-10,0.0909,22900000000.0,927000000.0,11.14,-93.71
3.9e-05,1.3e-05,6e-13,5e-10,5e-11,0.0909,22900000000.0,931000000.0,11.14,-94.17
3.9e-05,1.3e-05,6e-13,5e-10,1.5e-10,0.0909,22900000000.0,926000000.0,11.14,-94.01
3.9e-05,1.3e-05,6e-13,5e-10,2e-10,0.0909,22900000000.0,930000000.0,11.14,-94.1
3.9e-05,1.3e-05,6e-13,5e-10,2.5e-10,0.0909,22900000000.0,929000000.0,11.14,-93.85
3.9e-05,1.3e-05,7e-13,4e-10,1e-10,0.0909,25100000000.0,1080000000.0,10.74,-93.95
3.9e-05,1.3e-05,7e-13,4e-10,5e-11,0.0909,25100000000.0,1080000000.0,10.74,-93.65
3.9e-05,1.3e-05,7e-13,4e-10,1.5e-10,0.0909,25100000000.0,1080000000.0,10.74,-93.98
3.9e-05,1.3e-05,7e-13,4e-10,2e-10,0.0909,25100000000.0,1080000000.0,10.74,-93.47
3.9e-05,1.3e-05,7e-13,4e-10,2.5e-10,0.0909,25100000000.0,1080000000.0,10.74,-93.26
3.9e-05,1.3e-05,7e-13,3e-10,1e-10,0.0909,28600000000.0,1360000000.0,10.1,-86.18
3.9e-05,1.3e-05,7e-13,3e-10,5e-11,0.0909,28600000000.0,1360000000.0,10.1,-86.13
3.9e-05,1.3e-05,7e-13,3.5e-10,1e-10,0.0909,26600000000.0,1190000000.0,10.47,-89.93
3.9e-05,1.3e-05,7e-13,3.5e-10,5e-11,0.0909,26600000000.0,1190000000.0,10.47,-89.92
3.9e-05,1.3e-05,7e-13,3.5e-10,2e-10,0.0909,26600000000.0,1200000000.0,10.47,-90.21
3.9e-05,1.3e-05,7e-13,4.5e-10,1e-10,0.0909,23900000000.0,1000000000.0,10.96,-95.17
3.9e-05,1.3e-05,7e-13,4.5e-10,5e-11,0.0909,23900000000.0,996000000.0,10.95,-95.13
3.9e-05,1.3e-05,7e-13,4.5e-10,1.5e-10,0.0909,23900000000.0,993000000.0,10.96,-95.17
3.9e-05,1.3e-05,7e-13,4.5e-10,2e-10,0.0909,23900000000.0,995000000.0,10.96,-95.14
3.9e-05,1.3e-05,7e-13,4.5e-10,2.5e-10,0.0909,23900000000.0,996000000.0,10.96,-95.16
3.9e-05,1.3e-05,7e-13,5e-10,1e-10,0.0909,22900000000.0,934000000.0,11.14,-91.34
3.9e-05,1.3e-05,7e-13,5e-10,5e-11,0.0909,22900000000.0,927000000.0,11.14,-93.89
3.9e-05,1.3e-05,7e-13,5e-10,1.5e-10,0.0909,22900000000.0,927000000.0,11.14,-93.98
3.9e-05,1.3e-05,7e-13,5e-10,2e-10,0.0909,22900000000.0,926000000.0,11.14,-94.0
3.9e-05,1.3e-05,7e-13,5e-10,2.5e-10,0.0909,22900000000.0,930000000.0,11.14,-93.87
3.9e-05,1.4e-05,5e-13,4e-10,1e-10,0.0909,25000000000.0,1110000000.0,10.75,-93.87
3.9e-05,1.4e-05,5e-13,4e-10,5e-11,0.0909,25000000000.0,1110000000.0,10.75,-93.93
3.9e-05,1.4e-05,5e-13,4e-10,1.5e-10,0.0909,25000000000.0,1110000000.0,10.74,-93.77
3.9e-05,1.4e-05,5e-13,4e-10,2e-10,0.0909,25000000000.0,1110000000.0,10.74,-94.16
3.9e-05,1.4e-05,5e-13,3e-10,1e-10,0.0909,28500000000.0,1400000000.0,10.1,-86.54
3.9e-05,1.4e-05,5e-13,3e-10,5e-11,0.0909,28500000000.0,1400000000.0,10.1,-86.63
3.9e-05,1.4e-05,5e-13,3e-10,1.5e-10,0.0909,28500000000.0,1400000000.0,10.1,-86.49
3.9e-05,1.4e-05,5e-13,3e-10,2e-10,0.0909,28500000000.0,1400000000.0,10.1,-86.51
3.9e-05,1.4e-05,5e-13,3e-10,2.5e-10,0.0909,28500000000.0,1400000000.0,10.1,-86.43
3.9e-05,1.4e-05,5e-13,3.5e-10,1e-10,0.0909,26500000000.0,1230000000.0,10.47,-90.63
3.9e-05,1.4e-05,5e-13,3.5e-10,5e-11,0.0909,26500000000.0,1230000000.0,10.47,-90.52
3.9e-05,1.4e-05,5e-13,3.5e-10,1.5e-10,0.0909,26500000000.0,1230000000.0,10.47,-90.4
3.9e-05,1.4e-05,5e-13,3.5e-10,2e-10,0.0909,26500000000.0,1230000000.0,10.47,-90.7
3.9e-05,1.4e-05,5e-13,3.5e-10,2.5e-10,0.0909,26500000000.0,1230000000.0,10.47,-90.48
3.9e-05,1.4e-05,5e-13,4.5e-10,1e-10,0.0909,23800000000.0,1020000000.0,10.96,-94.84
3.9e-05,1.4e-05,5e-13,4.5e-10,5e-11,0.0909,23800000000.0,1030000000.0,10.96,-95.21
3.9e-05,1.4e-05,5e-13,4.5e-10,1.5e-10,0.0909,23800000000.0,1020000000.0,10.97,-95.07
3.9e-05,1.4e-05,5e-13,4.5e-10,2e-10,0.0909,23800000000.0,1020000000.0,10.96,-95.13
3.9e-05,1.4e-05,5e-13,4.5e-10,2.5e-10,0.0909,23800000000.0,1030000000.0,10.96,-95.17
3.9e-05,1.4e-05,5e-13,5e-10,1e-10,0.0909,22800000000.0,956000000.0,11.15,-93.87
3.9e-05,1.4e-05,5e-13,5e-10,5e-11,0.0909,22800000000.0,954000000.0,11.15,-93.2
3.9e-05,1.4e-05,5e-13,5e-10,1.5e-10,0.0909,22800000000.0,960000000.0,11.15,-93.67
3.9e-05,1.4e-05,5e-13,5e-10,2e-10,0.0909,22800000000.0,959000000.0,11.15,-93.56
3.9e-05,1.4e-05,5e-13,5e-10,2.5e-10,0.0909,22800000000.0,956000000.0,11.15,-93.81
3.9e-05,1.4e-05,3e-13,4e-10,1e-10,0.0909,25000000000.0,1110000000.0,10.75,-94.05
3.9e-05,1.4e-05,3e-13,4e-10,5e-11,0.0909,25000000000.0,1110000000.0,10.74,-94.5
3.9e-05,1.4e-05,3e-13,4e-10,1.5e-10,0.0909,25000000000.0,1110000000.0,10.74,-94.13
3.9e-05,1.4e-05,3e-13,4e-10,2.5e-10,0.0909,25000000000.0,1120000000.0,10.75,-93.77
3.9e-05,1.4e-05,3e-13,3e-10,1e-10,0.0909,28500000000.0,1400000000.0,10.1,-86.6
3.9e-05,1.4e-05,3e-13,3e-10,5e-11,0.0909,28500000000.0,1400000000.0,10.1,-86.64
3.9e-05,1.4e-05,3e-13,3e-10,1.5e-10,0.0909,28500000000.0,1400000000.0,10.1,-86.69
3.9e-05,1.4e-05,3e-13,3e-10,2e-10,0.0909,28500000000.0,1400000000.0,10.1,-86.75
3.9e-05,1.4e-05,3e-13,3e-10,2.5e-10,0.0909,28500000000.0,1400000000.0,10.1,-86.57
3.9e-05,1.4e-05,3e-13,3.5e-10,1e-10,0.0909,26500000000.0,1230000000.0,10.48,-90.35
3.9e-05,1.4e-05,3e-13,3.5e-10,5e-11,0.0909,26500000000.0,1230000000.0,10.48,-90.65
3.9e-05,1.4e-05,3e-13,3.5e-10,1.5e-10,0.0909,26500000000.0,1230000000.0,10.47,-90.36
3.9e-05,1.4e-05,3e-13,3.5e-10,2e-10,0.0909,26500000000.0,1230000000.0,10.47,-90.59
3.9e-05,1.4e-05,3e-13,3.5e-10,2.5e-10,0.0909,26500000000.0,1230000000.0,10.47,-90.61
3.9e-05,1.4e-05,3e-13,4.5e-10,1e-10,0.0909,23800000000.0,1020000000.0,10.97,-95.17
3.9e-05,1.4e-05,3e-13,4.5e-10,5e-11,0.0909,23800000000.0,1030000000.0,10.96,-95.1
3.9e-05,1.4e-05,3e-13,4.5e-10,1.5e-10,0.0909,23800000000.0,1030000000.0,10.96,-93.91
3.9e-05,1.4e-05,3e-13,4.5e-10,2e-10,0.0909,23800000000.0,1030000000.0,10.96,-95.18
3.9e-05,1.4e-05,3e-13,4.5e-10,2.5e-10,0.0909,23800000000.0,1020000000.0,10.96,-95.17
3.9e-05,1.4e-05,3e-13,5e-10,1e-10,0.0909,22800000000.0,954000000.0,11.15,-94.12
3.9e-05,1.4e-05,3e-13,5e-10,5e-11,0.0909,22800000000.0,957000000.0,11.15,-93.92
3.9e-05,1.4e-05,3e-13,5e-10,1.5e-10,0.0909,22800000000.0,954000000.0,11.15,-93.6
3.9e-05,1.4e-05,3e-13,5e-10,2e-10,0.0909,22800000000.0,959000000.0,11.15,-93.86
3.9e-05,1.4e-05,3e-13,5e-10,2.5e-10,0.0909,22800000000.0,959000000.0,11.15,-93.7
3.9e-05,1.4e-05,4e-13,4e-10,1e-10,0.0909,25000000000.0,1110000000.0,10.75,-93.69
3.9e-05,1.4e-05,4e-13,4e-10,5e-11,0.0909,25000000000.0,1110000000.0,10.75,-93.76
3.9e-05,1.4e-05,4e-13,4e-10,1.5e-10,0.0909,25000000000.0,1110000000.0,10.74,-94.22
3.9e-05,1.4e-05,4e-13,4e-10,2e-10,0.0909,25000000000.0,1110000000.0,10.74,-93.92
3.9e-05,1.4e-05,4e-13,4e-10,2.5e-10,0.0909,25000000000.0,1110000000.0,10.75,-93.88
3.9e-05,1.4e-05,4e-13,3e-10,1e-10,0.0909,28500000000.0,1400000000.0,10.1,-86.55
3.9e-05,1.4e-05,4e-13,3e-10,1.5e-10,0.0909,28500000000.0,1400000000.0,10.1,-86.58
3.9e-05,1.4e-05,4e-13,3e-10,2e-10,0.0909,28500000000.0,1400000000.0,10.1,-86.7
3.9e-05,1.4e-05,4e-13,3e-10,2.5e-10,0.0909,28500000000.0,1400000000.0,10.1,-86.62
3.9e-05,1.4e-05,4e-13,3.5e-10,1e-10,0.0909,26500000000.0,1230000000.0,10.47,-90.67
3.9e-05,1.4e-05,4e-13,3.5e-10,5e-11,0.0909,26500000000.0,1230000000.0,10.47,-90.41
3.9e-05,1.4e-05,4e-13,3.5e-10,2.5e-10,0.0909,26500000000.0,1230000000.0,10.47,-90.66
3.9e-05,1.4e-05,4e-13,4.5e-10,5e-11,0.0909,23800000000.0,1020000000.0,10.96,-94.99
3.9e-05,1.4e-05,4e-13,4.5e-10,1.5e-10,0.0909,23800000000.0,1020000000.0,10.96,-95.06
3.9e-05,1.4e-05,4e-13,4.5e-10,2e-10,0.0909,23800000000.0,1030000000.0,10.96,-95.15
3.9e-05,1.4e-05,4e-13,4.5e-10,2.5e-10,0.0909,23800000000.0,1030000000.0,10.96,-95.2
3.9e-05,1.4e-05,4e-13,5e-10,1e-10,0.0909,22800000000.0,961000000.0,11.15,-90.94
3.9e-05,1.4e-05,4e-13,5e-10,5e-11,0.0909,22800000000.0,956000000.0,11.15,-94.09
3.9e-05,1.4e-05,4e-13,5e-10,1.5e-10,0.0909,22800000000.0,958000000.0,11.15,-93.72
3.9e-05,1.4e-05,4e-13,5e-10,2e-10,0.0909,22800000000.0,961000000.0,11.15,-93.91
3.9e-05,1.4e-05,4e-13,5e-10,2.5e-10,0.0909,22800000000.0,955000000.0,11.15,-93.2
3.9e-05,1.4e-05,6e-13,4e-10,1e-10,0.0909,25000000000.0,1110000000.0,10.75,-93.7
3.9e-05,1.4e-05,6e-13,4e-10,5e-11,0.0909,25000000000.0,1110000000.0,10.74,-94.08
3.9e-05,1.4e-05,6e-13,4e-10,1.5e-10,0.0909,25000000000.0,1110000000.0,10.74,-94.1
3.9e-05,1.4e-05,6e-13,4e-10,2e-10,0.0909,25000000000.0,1110000000.0,10.75,-93.61
3.9e-05,1.4e-05,6e-13,4e-10,2.5e-10,0.0909,25000000000.0,1110000000.0,10.75,-93.86
3.9e-05,1.4e-05,6e-13,3e-10,1e-10,0.0909,28400000000.0,1400000000.0,10.1,-86.38
3.9e-05,1.4e-05,6e-13,3e-10,5e-11,0.0909,28400000000.0,1400000000.0,10.1,-86.53
3.9e-05,1.4e-05,6e-13,3e-10,1.5e-10,0.0909,28500000000.0,1400000000.0,10.1,-86.59
3.9e-05,1.4e-05,6e-13,3e-10,2e-10,0.0909,28400000000.0,1400000000.0,10.1,-86.62
3.9e-05,1.4e-05,6e-13,3e-10,2.5e-10,0.0909,28400000000.0,1400000000.0,10.1,-86.61
3.9e-05,1.4e-05,6e-13,3.5e-10,5e-11,0.0909,26500000000.0,1230000000.0,10.47,-90.3
3.9e-05,1.4e-05,6e-13,3.5e-10,1.5e-10,0.0909,26500000000.0,1230000000.0,10.47,-90.68
3.9e-05,1.4e-05,6e-13,3.5e-10,2e-10,0.0909,26500000000.0,1230000000.0,10.47,-90.28
3.9e-05,1.4e-05,6e-13,3.5e-10,2.5e-10,0.0909,26500000000.0,1230000000.0,10.47,-90.26
3.9e-05,1.4e-05,6e-13,4.5e-10,1e-10,0.0909,23800000000.0,1020000000.0,10.96,-95.05
3.9e-05,1.4e-05,6e-13,4.5e-10,5e-11,0.0909,23800000000.0,1020000000.0,10.97,-95.15
3.9e-05,1.4e-05,6e-13,4.5e-10,2e-10,0.0909,23800000000.0,1030000000.0,10.96,-95.14
3.9e-05,1.4e-05,6e-13,4.5e-10,2.5e-10,0.0909,23800000000.0,1020000000.0,10.96,-95.0
3.9e-05,1.4e-05,6e-13,5e-10,1e-10,0.0909,22800000000.0,955000000.0,11.15,-93.55
3.9e-05,1.4e-05,6e-13,5e-10,5e-11,0.0909,22800000000.0,953000000.0,11.15,-93.61
3.9e-05,1.4e-05,6e-13,5e-10,1.5e-10,0.0909,22800000000.0,959000000.0,11.15,-94.24
3.9e-05,1.4e-05,6e-13,5e-10,2e-10,0.0909,22800000000.0,961000000.0,11.15,-93.94
3.9e-05,1.4e-05,6e-13,5e-10,2.5e-10,0.0909,22800000000.0,953000000.0,11.15,-93.64
3.9e-05,1.4e-05,7e-13,4e-10,1e-10,0.0909,25000000000.0,1110000000.0,10.75,-93.9
3.9e-05,1.4e-05,7e-13,4e-10,1.5e-10,0.0909,25000000000.0,1110000000.0,10.74,-93.66
3.9e-05,1.4e-05,7e-13,4e-10,2e-10,0.0909,25000000000.0,1110000000.0,10.74,-93.99
3.9e-05,1.4e-05,7e-13,4e-10,2.5e-10,0.0909,25000000000.0,1110000000.0,10.74,-94.11
3.9e-05,1.4e-05,7e-13,3e-10,1e-10,0.0909,28400000000.0,1400000000.0,10.1,-86.51
3.9e-05,1.4e-05,7e-13,3e-10,5e-11,0.0909,28400000000.0,1400000000.0,10.1,-86.63
3.9e-05,1.4e-05,7e-13,3e-10,1.5e-10,0.0909,28400000000.0,1400000000.0,10.1,-86.54
3.9e-05,1.4e-05,7e-13,3e-10,2e-10,0.0909,28400000000.0,1400000000.0,10.1,-86.59
3.9e-05,1.4e-05,7e-13,3.5e-10,1e-10,0.0909,26500000000.0,1230000000.0,10.47,-90.58
3.9e-05,1.4e-05,7e-13,3.5e-10,1.5e-10,0.0909,26500000000.0,1230000000.0,10.47,-90.62
3.9e-05,1.4e-05,7e-13,3.5e-10,2e-10,0.0909,26500000000.0,1230000000.0,10.47,-90.51
3.9e-05,1.4e-05,7e-13,3.5e-10,2.5e-10,0.0909,26500000000.0,1230000000.0,10.47,-90.56
3.9e-05,1.4e-05,7e-13,4.5e-10,1.5e-10,0.0909,23800000000.0,1030000000.0,10.96,-95.12
3.9e-05,1.4e-05,7e-13,5e-10,1e-10,0.0909,22800000000.0,957000000.0,11.15,-93.73
3.9e-05,1.4e-05,7e-13,5e-10,5e-11,0.0909,22800000000.0,952000000.0,11.15,-93.67
3.9e-05,1.4e-05,7e-13,5e-10,1.5e-10,0.0909,22800000000.0,955000000.0,11.15,-93.72
3.9e-05,1.4e-05,7e-13,5e-10,2e-10,0.0909,22800000000.0,957000000.0,11.15,-93.91
3.9e-05,1.4e-05,7e-13,5e-10,2.5e-10,0.0909,22800000000.0,959000000.0,11.15,-92.97
3.9e-05,1.5e-05,5e-13,4e-10,1e-10,0.0909,24900000000.0,1130000000.0,10.75,-94.53
3.9e-05,1.5e-05,5e-13,4e-10,5e-11,0.0909,24900000000.0,1140000000.0,10.75,-94.19
3.9e-05,1.5e-05,5e-13,4e-10,1.5e-10,0.0909,24900000000.0,1130000000.0,10.75,-94.41
3.9e-05,1.5e-05,5e-13,4e-10,2e-10,0.0909,24900000000.0,1130000000.0,10.75,-94.2
3.9e-05,1.5e-05,5e-13,4e-10,2.5e-10,0.0909,24900000000.0,1140000000.0,10.75,-94.53
3.9e-05,1.5e-05,5e-13,3e-10,1e-10,0.0909,28300000000.0,1430000000.0,10.1,-86.93
3.9e-05,1.5e-05,5e-13,3e-10,5e-11,0.0909,28300000000.0,1430000000.0,10.1,-86.91
3.9e-05,1.5e-05,5e-13,3e-10,1.5e-10,0.0909,28300000000.0,1430000000.0,10.1,-86.8
3.9e-05,1.5e-05,5e-13,3e-10,2e-10,0.0909,28300000000.0,1430000000.0,10.1,-86.82
3.9e-05,1.5e-05,5e-13,3e-10,2.5e-10,0.0909,28300000000.0,1430000000.0,10.1,-86.88
3.9e-05,1.5e-05,5e-13,3.5e-10,1e-10,0.0909,26300000000.0,1250000000.0,10.48,-90.88
3.9e-05,1.5e-05,5e-13,3.5e-10,5e-11,0.0909,26300000000.0,1260000000.0,10.48,-90.67
3.9e-05,1.5e-05,5e-13,3.5e-10,1.5e-10,0.0909,26300000000.0,1250000000.0,10.48,-90.65
3.9e-05,1.5e-05,5e-13,3.5e-10,2e-10,0.0909,26300000000.0,1250000000.0,10.48,-90.56
3.9e-05,1.5e-05,5e-13,3.5e-10,2.5e-10,0.0909,26300000000.0,1250000000.0,10.48,-90.47
3.9e-05,1.5e-05,5e-13,4.5e-10,1e-10,0.0909,23700000000.0,1050000000.0,10.97,-95.15
3.9e-05,1.5e-05,5e-13,4.5e-10,5e-11,0.0909,23700000000.0,1040000000.0,10.97,-95.17
3.9e-05,1.5e-05,5e-13,4.5e-10,1.5e-10,0.0909,23700000000.0,1040000000.0,10.97,-95.09
3.9e-05,1.5e-05,5e-13,4.5e-10,2e-10,0.0909,23700000000.0,1040000000.0,10.97,-94.98
3.9e-05,1.5e-05,5e-13,4.5e-10,2.5e-10,0.0909,23700000000.0,1050000000.0,10.97,-95.01
3.9e-05,1.5e-05,5e-13,5e-10,1e-10,0.0909,22700000000.0,979000000.0,11.16,-93.77
3.9e-05,1.5e-05,5e-13,5e-10,5e-11,0.0909,22700000000.0,976000000.0,11.16,-93.67
3.9e-05,1.5e-05,5e-13,5e-10,1.5e-10,0.0909,22700000000.0,978000000.0,11.16,-93.63
3.9e-05,1.5e-05,5e-13,5e-10,2e-10,0.0909,22700000000.0,981000000.0,11.16,-93.8
3.9e-05,1.5e-05,3e-13,4e-10,1e-10,0.0909,24900000000.0,1140000000.0,10.75,-94.64
3.9e-05,1.5e-05,3e-13,4e-10,5e-11,0.0909,24900000000.0,1130000000.0,10.75,-94.27
3.9e-05,1.5e-05,3e-13,4e-10,1.5e-10,0.0909,24900000000.0,1140000000.0,10.75,-94.58
3.9e-05,1.5e-05,3e-13,4e-10,2e-10,0.0909,24900000000.0,1140000000.0,10.75,-94.2
3.9e-05,1.5e-05,3e-13,4e-10,2.5e-10,0.0909,24900000000.0,1140000000.0,10.75,-94.29
3.9e-05,1.5e-05,3e-13,3e-10,1e-10,0.0909,28300000000.0,1430000000.0,10.11,-86.93
3.9e-05,1.5e-05,3e-13,3e-10,5e-11,0.0909,28300000000.0,1430000000.0,10.11,-87.0
3.9e-05,1.5e-05,3e-13,3e-10,1.5e-10,0.0909,28300000000.0,1430000000.0,10.11,-86.9
3.9e-05,1.5e-05,3e-13,3e-10,2e-10,0.0909,28300000000.0,1430000000.0,10.11,-86.97
3.9e-05,1.5e-05,3e-13,3e-10,2.5e-10,0.0909,28300000000.0,1430000000.0,10.11,-86.91
3.9e-05,1.5e-05,3e-13,3.5e-10,1e-10,0.0909,26400000000.0,1260000000.0,10.48,-90.7
3.9e-05,1.5e-05,3e-13,3.5e-10,5e-11,0.0909,26400000000.0,1260000000.0,10.48,-90.86
3.9e-05,1.5e-05,3e-13,3.5e-10,1.5e-10,0.0909,26400000000.0,1250000000.0,10.48,-90.9
3.9e-05,1.5e-05,3e-13,3.5e-10,2e-10,0.0909,26400000000.0,1250000000.0,10.48,-90.78
3.9e-05,1.5e-05,3e-13,3.5e-10,2.5e-10,0.0909,26400000000.0,1260000000.0,10.48,-91.04
3.9e-05,1.5e-05,3e-13,4.5e-10,1e-10,0.0909,23700000000.0,1040000000.0,10.97,-95.19
3.9e-05,1.5e-05,3e-13,4.5e-10,5e-11,0.0909,23700000000.0,1050000000.0,10.97,-95.19
3.9e-05,1.5e-05,3e-13,4.5e-10,1.5e-10,0.0909,23700000000.0,1040000000.0,10.97,-95.21
3.9e-05,1.5e-05,3e-13,4.5e-10,2e-10,0.0909,23700000000.0,1040000000.0,10.97,-95.08
3.9e-05,1.5e-05,3e-13,5e-10,1e-10,0.0909,22700000000.0,976000000.0,11.16,-93.43
3.9e-05,1.5e-05,3e-13,5e-10,5e-11,0.0909,22700000000.0,978000000.0,11.16,-94.14
3.9e-05,1.5e-05,3e-13,5e-10,1.5e-10,0.0909,22700000000.0,976000000.0,11.16,-93.1
3.9e-05,1.5e-05,3e-13,5e-10,2e-10,0.0909,22700000000.0,979000000.0,11.16,-94.17
3.9e-05,1.5e-05,3e-13,5e-10,2.5e-10,0.0909,22700000000.0,978000000.0,11.16,-93.64
3.9e-05,1.5e-05,4e-13,4e-10,1e-10,0.0909,24900000000.0,1140000000.0,10.75,-94.46
3.9e-05,1.5e-05,4e-13,4e-10,1.5e-10,0.0909,24900000000.0,1130000000.0,10.75,-94.26
3.9e-05,1.5e-05,4e-13,4e-10,2e-10,0.0909,24900000000.0,1140000000.0,10.75,-94.03
3.9e-05,1.5e-05,4e-13,4e-10,2.5e-10,0.0909,24900000000.0,1130000000.0,10.75,-94.25
3.9e-05,1.5e-05,4e-13,3e-10,1e-10,0.0909,28300000000.0,1430000000.0,10.1,-86.9
3.9e-05,1.5e-05,4e-13,3e-10,5e-11,0.0909,28300000000.0,1430000000.0,10.11,-86.94
3.9e-05,1.5e-05,4e-13,3e-10,1.5e-10,0.0909,28300000000.0,1430000000.0,10.1,-86.81
3.9e-05,1.5e-05,4e-13,3e-10,2e-10,0.0909,28300000000.0,1430000000.0,10.1,-86.89
3.9e-05,1.5e-05,4e-13,3e-10,2.5e-10,0.0909,28300000000.0,1430000000.0,10.1,-86.83
3.9e-05,1.5e-05,4e-13,3.5e-10,1e-10,0.0909,26400000000.0,1250000000.0,10.48,-90.84
3.9e-05,1.5e-05,4e-13,3.5e-10,5e-11,0.0909,26400000000.0,1260000000.0,10.48,-90.9
3.9e-05,1.5e-05,4e-13,3.5e-10,1.5e-10,0.0909,26300000000.0,1260000000.0,10.48,-90.77
3.9e-05,1.5e-05,4e-13,3.5e-10,2.5e-10,0.0909,26300000000.0,1260000000.0,10.48,-91.0
3.9e-05,1.5e-05,4e-13,4.5e-10,2e-10,0.0909,23700000000.0,1050000000.0,10.97,-95.16
3.9e-05,1.5e-05,4e-13,4.5e-10,2.5e-10,0.0909,23700000000.0,1050000000.0,10.97,-95.24
3.9e-05,1.5e-05,4e-13,5e-10,1e-10,0.0909,22700000000.0,976000000.0,11.16,-93.42
3.9e-05,1.5e-05,4e-13,5e-10,5e-11,0.0909,22700000000.0,978000000.0,11.16,-93.88
3.9e-05,1.5e-05,4e-13,5e-10,1.5e-10,0.0909,22700000000.0,981000000.0,11.16,-94.11
3.9e-05,1.5e-05,4e-13,5e-10,2e-10,0.0909,22700000000.0,981000000.0,11.16,-93.36
3.9e-05,1.5e-05,6e-13,4e-10,1e-10,0.0909,24800000000.0,1140000000.0,10.75,-94.22
3.9e-05,1.5e-05,6e-13,4e-10,5e-11,0.0909,24900000000.0,1130000000.0,10.75,-94.15
3.9e-05,1.5e-05,6e-13,4e-10,1.5e-10,0.0909,24800000000.0,1130000000.0,10.75,-93.84
3.9e-05,1.5e-05,6e-13,4e-10,2e-10,0.0909,24800000000.0,1130000000.0,10.75,-94.11
3.9e-05,1.5e-05,6e-13,4e-10,2.5e-10,0.0909,24800000000.0,1130000000.0,10.75,-94.18
3.9e-05,1.5e-05,6e-13,3e-10,2e-10,0.0909,28300000000.0,1430000000.0,10.1,-86.85
3.9e-05,1.5e-05,6e-13,3e-10,2.5e-10,0.0909,28300000000.0,1430000000.0,10.1,-86.79
3.9e-05,1.5e-05,6e-13,3.5e-10,1e-10,0.0909,26300000000.0,1260000000.0,10.48,-90.56
3.9e-05,1.5e-05,6e-13,3.5e-10,5e-11,0.0909,26300000000.0,1250000000.0,10.48,-90.85
3.9e-05,1.5e-05,6e-13,3.5e-10,1.5e-10,0.0909,26300000000.0,1250000000.0,10.47,-90.99
3.9e-05,1.5e-05,6e-13,3.5e-10,2e-10,0.0909,26300000000.0,1250000000.0,10.47,-90.45
3.9e-05,1.5e-05,6e-13,3.5e-10,2.5e-10,0.0909,26300000000.0,1260000000.0,10.48,-90.86
3.9e-05,1.5e-05,6e-13,4.5e-10,1e-10,0.0909,23700000000.0,1040000000.0,10.97,-95.2
3.9e-05,1.5e-05,6e-13,4.5e-10,5e-11,0.0909,23700000000.0,1050000000.0,10.97,-95.09
3.9e-05,1.5e-05,6e-13,4.5e-10,1.5e-10,0.0909,23700000000.0,1040000000.0,10.97,-94.93
3.9e-05,1.5e-05,6e-13,4.5e-10,2e-10,0.0909,23700000000.0,1050000000.0,10.97,-95.22
3.9e-05,1.5e-05,6e-13,4.5e-10,2.5e-10,0.0909,23700000000.0,1050000000.0,10.97,-95.21
3.9e-05,1.5e-05,6e-13,5e-10,1e-10,0.0909,22700000000.0,977000000.0,11.16,-93.58
3.9e-05,1.5e-05,6e-13,5e-10,5e-11,0.0909,22700000000.0,978000000.0,11.16,-93.57
3.9e-05,1.5e-05,6e-13,5e-10,1.5e-10,0.0909,22700000000.0,978000000.0,11.16,-93.59
3.9e-05,1.5e-05,6e-13,5e-10,2e-10,0.0909,22700000000.0,981000000.0,11.16,-93.34
3.9e-05,1.5e-05,6e-13,5e-10,2.5e-10,0.0909,22700000000.0,981000000.0,11.16,-93.92
3.9e-05,1.5e-05,7e-13,4e-10,5e-11,0.0909,24800000000.0,1140000000.0,10.75,-94.07
3.9e-05,1.5e-05,7e-13,4e-10,1.5e-10,0.0909,24800000000.0,1130000000.0,10.75,-94.5
3.9e-05,1.5e-05,7e-13,4e-10,2e-10,0.0909,24800000000.0,1140000000.0,10.75,-94.12
3.9e-05,1.5e-05,7e-13,4e-10,2.5e-10,0.0909,24800000000.0,1130000000.0,10.75,-93.97
3.9e-05,1.5e-05,7e-13,3e-10,5e-11,0.0909,28300000000.0,1430000000.0,10.1,-86.97
3.9e-05,1.5e-05,7e-13,3e-10,2e-10,0.0909,28300000000.0,1430000000.0,10.1,-86.78
3.9e-05,1.5e-05,7e-13,3.5e-10,1e-10,0.0909,26300000000.0,1260000000.0,10.48,-90.63
3.9e-05,1.5e-05,7e-13,3.5e-10,5e-11,0.0909,26300000000.0,1250000000.0,10.47,-91.02
3.9e-05,1.5e-05,7e-13,3.5e-10,1.5e-10,0.0909,26300000000.0,1250000000.0,10.47,-90.87
3.9e-05,1.5e-05,7e-13,3.5e-10,2e-10,0.0909,26300000000.0,1250000000.0,10.48,-90.52
3.9e-05,1.5e-05,7e-13,3.5e-10,2.5e-10,0.0909,26300000000.0,1260000000.0,10.48,-91.03
3.9e-05,1.5e-05,7e-13,4.5e-10,1e-10,0.0909,23700000000.0,1050000000.0,10.97,-95.23
3.9e-05,1.5e-05,7e-13,4.5e-10,5e-11,0.0909,23700000000.0,1050000000.0,10.97,-94.97
3.9e-05,1.5e-05,7e-13,4.5e-10,1.5e-10,0.0909,23700000000.0,1050000000.0,10.97,-95.25
3.9e-05,1.5e-05,7e-13,4.5e-10,2e-10,0.0909,23700000000.0,1040000000.0,10.97,-95.06
3.9e-05,1.5e-05,7e-13,4.5e-10,2.5e-10,0.0909,23700000000.0,1040000000.0,10.97,-95.02
3.9e-05,1.5e-05,7e-13,5e-10,1e-10,0.0909,22700000000.0,983000000.0,11.16,-90.73
3.9e-05,1.5e-05,7e-13,5e-10,5e-11,0.0909,22700000000.0,978000000.0,11.16,-93.26
3.9e-05,1.5e-05,7e-13,5e-10,1.5e-10,0.0909,22700000000.0,980000000.0,11.16,-92.83
3.9e-05,1.5e-05,7e-13,5e-10,2e-10,0.0909,22700000000.0,974000000.0,11.16,-93.47
3.9e-05,1.5e-05,7e-13,5e-10,2.5e-10,0.0909,22700000000.0,979000000.0,11.16,-93.7
3.9e-05,1.6e-05,5e-13,4e-10,1e-10,0.0909,24700000000.0,1160000000.0,10.75,-94.39
3.9e-05,1.6e-05,5e-13,4e-10,5e-11,0.0909,24700000000.0,1150000000.0,10.75,-94.7
3.9e-05,1.6e-05,5e-13,4e-10,1.5e-10,0.0909,24700000000.0,1150000000.0,10.75,-94.6
3.9e-05,1.6e-05,5e-13,4e-10,2e-10,0.0909,24700000000.0,1150000000.0,10.75,-94.41
3.9e-05,1.6e-05,5e-13,4e-10,2.5e-10,0.0909,24700000000.0,1150000000.0,10.75,-94.4
3.9e-05,1.6e-05,5e-13,3e-10,1e-10,0.0909,28200000000.0,1450000000.0,10.1,-87.16
3.9e-05,1.6e-05,5e-13,3e-10,5e-11,0.0909,28200000000.0,1450000000.0,10.1,-87.07
3.9e-05,1.6e-05,5e-13,3e-10,1.5e-10,0.0909,28200000000.0,1450000000.0,10.1,-87.2
3.9e-05,1.6e-05,5e-13,3e-10,2e-10,0.0909,28200000000.0,1450000000.0,10.1,-87.17
3.9e-05,1.6e-05,5e-13,3e-10,2.5e-10,0.0909,28200000000.0,1450000000.0,10.1,-87.27
3.9e-05,1.6e-05,5e-13,3.5e-10,1e-10,0.0909,26200000000.0,1270000000.0,10.48,-91.24
3.9e-05,1.6e-05,5e-13,3.5e-10,5e-11,0.0909,26200000000.0,1270000000.0,10.48,-90.97
3.9e-05,1.6e-05,5e-13,3.5e-10,1.5e-10,0.0909,26200000000.0,1270000000.0,10.47,-90.79
3.9e-05,1.6e-05,5e-13,3.5e-10,2e-10,0.0909,26200000000.0,1280000000.0,10.48,-91.04
3.9e-05,1.6e-05,5e-13,3.5e-10,2.5e-10,0.0909,26200000000.0,1270000000.0,10.48,-90.85
3.9e-05,1.6e-05,5e-13,4.5e-10,1e-10,0.0909,23600000000.0,1060000000.0,10.97,-94.79
3.9e-05,1.6e-05,5e-13,4.5e-10,5e-11,0.0909,23600000000.0,1060000000.0,10.97,-95.14
3.9e-05,1.6e-05,5e-13,4.5e-10,1.5e-10,0.0909,23600000000.0,1060000000.0,10.97,-95.04
3.9e-05,1.6e-05,5e-13,4.5e-10,2e-10,0.0909,23600000000.0,1060000000.0,10.97,-95.15
3.9e-05,1.6e-05,5e-13,4.5e-10,2.5e-10,0.0909,23600000000.0,1070000000.0,10.97,-95.2
3.9e-05,1.6e-05,5e-13,5e-10,1e-10,0.0909,22600000000.0,998000000.0,11.16,-93.05
3.9e-05,1.6e-05,5e-13,5e-10,5e-11,0.0909,22600000000.0,989000000.0,11.16,-94.1
3.9e-05,1.6e-05,5e-13,5e-10,1.5e-10,0.0909,22600000000.0,997000000.0,11.16,-93.31
3.9e-05,1.6e-05,5e-13,5e-10,2e-10,0.0909,22600000000.0,992000000.0,11.16,-93.6
3.9e-05,1.6e-05,5e-13,5e-10,2.5e-10,0.0909,22600000000.0,995000000.0,11.16,-93.77
3.9e-05,1.6e-05,3e-13,4e-10,1e-10,0.0909,24800000000.0,1150000000.0,10.75,-94.58
3.9e-05,1.6e-05,3e-13,4e-10,5e-11,0.0909,24800000000.0,1150000000.0,10.75,-93.63
3.9e-05,1.6e-05,3e-13,4e-10,1.5e-10,0.0909,24800000000.0,1150000000.0,10.75,-93.53
3.9e-05,1.6e-05,3e-13,4e-10,2e-10,0.0909,24800000000.0,1160000000.0,10.75,-94.67
3.9e-05,1.6e-05,3e-13,4e-10,2.5e-10,0.0909,24800000000.0,1150000000.0,10.75,-94.72
3.9e-05,1.6e-05,3e-13,3e-10,1e-10,0.0909,28200000000.0,1450000000.0,10.1,-87.26
3.9e-05,1.6e-05,3e-13,3e-10,5e-11,0.0909,28200000000.0,1450000000.0,10.1,-87.18
3.9e-05,1.6e-05,3e-13,3e-10,1.5e-10,0.0909,28200000000.0,1450000000.0,10.1,-87.28
3.9e-05,1.6e-05,3e-13,3e-10,2e-10,0.0909,28200000000.0,1450000000.0,10.1,-87.36
3.9e-05,1.6e-05,3e-13,3.5e-10,1e-10,0.0909,26200000000.0,1280000000.0,10.48,-91.42
3.9e-05,1.6e-05,3e-13,3.5e-10,1.5e-10,0.0909,26200000000.0,1270000000.0,10.48,-90.9
3.9e-05,1.6e-05,3e-13,3.5e-10,2e-10,0.0909,26200000000.0,1270000000.0,10.48,-91.23
3.9e-05,1.6e-05,3e-13,3.5e-10,2.5e-10,0.0909,26200000000.0,1270000000.0,10.48,-91.1
3.9e-05,1.6e-05,3e-13,4.5e-10,1e-10,0.0909,23600000000.0,1070000000.0,10.97,-94.96
3.9e-05,1.6e-05,3e-13,4.5e-10,5e-11,0.0909,23600000000.0,1060000000.0,10.97,-95.03
3.9e-05,1.6e-05,3e-13,4.5e-10,1.5e-10,0.0909,23600000000.0,1070000000.0,10.97,-95.14
3.9e-05,1.6e-05,3e-13,4.5e-10,2e-10,0.0909,23600000000.0,1060000000.0,10.97,-94.92
3.9e-05,1.6e-05,3e-13,5e-10,1e-10,0.0909,22600000000.0,992000000.0,11.16,-93.61
3.9e-05,1.6e-05,3e-13,5e-10,5e-11,0.0909,22600000000.0,991000000.0,11.16,-92.89
3.9e-05,1.6e-05,3e-13,5e-10,1.5e-10,0.0909,22600000000.0,990000000.0,11.16,-93.09
3.9e-05,1.6e-05,3e-13,5e-10,2e-10,0.0909,22600000000.0,990000000.0,11.16,-94.13
3.9e-05,1.6e-05,3e-13,5e-10,2.5e-10,0.0909,22600000000.0,997000000.0,11.16,-93.1
3.9e-05,1.6e-05,4e-13,4e-10,1e-10,0.0909,24800000000.0,1150000000.0,10.75,-94.42
3.9e-05,1.6e-05,4e-13,4e-10,5e-11,0.0909,24800000000.0,1150000000.0,10.75,-94.82
3.9e-05,1.6e-05,4e-13,4e-10,1.5e-10,0.0909,24800000000.0,1150000000.0,10.75,-94.43
3.9e-05,1.6e-05,4e-13,4e-10,2e-10,0.0909,24800000000.0,1150000000.0,10.75,-94.74
3.9e-05,1.6e-05,4e-13,4e-10,2.5e-10,0.0909,24700000000.0,1160000000.0,10.75,-94.73
3.9e-05,1.6e-05,4e-13,3e-10,1e-10,0.0909,28200000000.0,1450000000.0,10.1,-87.12
3.9e-05,1.6e-05,4e-13,3e-10,5e-11,0.0909,28200000000.0,1450000000.0,10.1,-87.32
3.9e-05,1.6e-05,4e-13,3e-10,2e-10,0.0909,28200000000.0,1450000000.0,10.1,-87.22
3.9e-05,1.6e-05,4e-13,3.5e-10,1e-10,0.0909,26200000000.0,1270000000.0,10.48,-90.96
3.9e-05,1.6e-05,4e-13,3.5e-10,5e-11,0.0909,26200000000.0,1270000000.0,10.48,-91.39
3.9e-05,1.6e-05,4e-13,3.5e-10,1.5e-10,0.0909,26200000000.0,1270000000.0,10.48,-91.4
3.9e-05,1.6e-05,4e-13,3.5e-10,2e-10,0.0909,26200000000.0,1270000000.0,10.48,-91.38
3.9e-05,1.6e-05,4e-13,3.5e-10,2.5e-10,0.0909,26200000000.0,1270000000.0,10.48,-91.2
3.9e-05,1.6e-05,4e-13,4.5e-10,1e-10,0.0909,23600000000.0,1060000000.0,10.97,-95.21
3.9e-05,1.6e-05,4e-13,4.5e-10,5e-11,0.0909,23600000000.0,1060000000.0,10.97,-95.22
3.9e-05,1.6e-05,4e-13,4.5e-10,1.5e-10,0.0909,23600000000.0,1060000000.0,10.97,-95.1
3.9e-05,1.6e-05,4e-13,4.5e-10,2e-10,0.0909,23600000000.0,1060000000.0,10.97,-95.13
3.9e-05,1.6e-05,4e-13,4.5e-10,2.5e-10,0.0909,23600000000.0,1060000000.0,10.97,-95.12
3.9e-05,1.6e-05,4e-13,5e-10,1e-10,0.0909,22600000000.0,995000000.0,11.16,-93.49
3.9e-05,1.6e-05,4e-13,5e-10,5e-11,0.0909,22600000000.0,997000000.0,11.16,-93.33
3.9e-05,1.6e-05,4e-13,5e-10,1.5e-10,0.0909,22600000000.0,996000000.0,11.16,-93.5
3.9e-05,1.6e-05,4e-13,5e-10,2e-10,0.0909,22600000000.0,996000000.0,11.16,-93.12
3.9e-05,1.6e-05,4e-13,5e-10,2.5e-10,0.0909,22600000000.0,998000000.0,11.16,-93.09
3.9e-05,1.6e-05,6e-13,4e-10,1e-10,0.0909,24700000000.0,1150000000.0,10.75,-94.63
3.9e-05,1.6e-05,6e-13,4e-10,1.5e-10,0.0909,24700000000.0,1150000000.0,10.75,-94.68
3.9e-05,1.6e-05,6e-13,4e-10,2e-10,0.0909,24700000000.0,1150000000.0,10.75,-94.49
3.9e-05,1.6e-05,6e-13,4e-10,2.5e-10,0.0909,24700000000.0,1150000000.0,10.75,-94.77
3.9e-05,1.6e-05,6e-13,3e-10,1e-10,0.0909,28200000000.0,1450000000.0,10.1,-87.13
3.9e-05,1.6e-05,6e-13,3e-10,1.5e-10,0.0909,28200000000.0,1450000000.0,10.1,-87.08
3.9e-05,1.6e-05,6e-13,3e-10,2.5e-10,0.0909,28200000000.0,1450000000.0,10.1,-87.09
3.9e-05,1.6e-05,6e-13,3.5e-10,1e-10,0.0909,26200000000.0,1270000000.0,10.48,-90.93
3.9e-05,1.6e-05,6e-13,3.5e-10,1.5e-10,0.0909,26200000000.0,1270000000.0,10.48,-85.69
3.9e-05,1.6e-05,6e-13,3.5e-10,2e-10,0.0909,26200000000.0,1270000000.0,10.48,-90.82
3.9e-05,1.6e-05,6e-13,4.5e-10,1.5e-10,0.0909,23600000000.0,1060000000.0,10.97,-95.26
3.9e-05,1.6e-05,6e-13,4.5e-10,2.5e-10,0.0909,23600000000.0,1060000000.0,10.97,-95.05
3.9e-05,1.6e-05,6e-13,5e-10,1e-10,0.0909,22600000000.0,998000000.0,11.16,-93.85
3.9e-05,1.6e-05,6e-13,5e-10,5e-11,0.0909,22600000000.0,998000000.0,11.16,-93.6
3.9e-05,1.6e-05,6e-13,5e-10,1.5e-10,0.0909,22600000000.0,993000000.0,11.16,-93.83
3.9e-05,1.6e-05,6e-13,5e-10,2e-10,0.0909,22600000000.0,996000000.0,11.16,-93.63
3.9e-05,1.6e-05,6e-13,5e-10,2.5e-10,0.0909,22600000000.0,992000000.0,11.16,-93.41
3.9e-05,1.6e-05,7e-13,4e-10,1e-10,0.0909,24700000000.0,1160000000.0,10.75,-94.52
3.9e-05,1.6e-05,7e-13,4e-10,5e-11,0.0909,24700000000.0,1150000000.0,10.75,-94.55
3.9e-05,1.6e-05,7e-13,4e-10,2e-10,0.0909,24700000000.0,1160000000.0,10.75,-94.46
3.9e-05,1.6e-05,7e-13,4e-10,2.5e-10,0.0909,24700000000.0,1150000000.0,10.75,-94.39
3.9e-05,1.6e-05,7e-13,3e-10,5e-11,0.0909,28200000000.0,1450000000.0,10.1,-87.15
3.9e-05,1.6e-05,7e-13,3e-10,1.5e-10,0.0909,28200000000.0,1450000000.0,10.1,-87.03
3.9e-05,1.6e-05,7e-13,3.5e-10,1e-10,0.0909,26200000000.0,1270000000.0,10.48,-90.92
3.9e-05,1.6e-05,7e-13,3.5e-10,5e-11,0.0909,26200000000.0,1280000000.0,10.48,-90.9
3.9e-05,1.6e-05,7e-13,3.5e-10,1.5e-10,0.0909,26200000000.0,1270000000.0,10.47,-91.13
3.9e-05,1.6e-05,7e-13,3.5e-10,2e-10,0.0909,26200000000.0,1280000000.0,10.48,-90.87
3.9e-05,1.6e-05,7e-13,3.5e-10,2.5e-10,0.0909,26200000000.0,1270000000.0,10.48,-91.09
3.9e-05,1.6e-05,7e-13,4.5e-10,1e-10,0.0909,23600000000.0,1060000000.0,10.97,-94.84
3.9e-05,1.6e-05,7e-13,4.5e-10,5e-11,0.0909,23600000000.0,1060000000.0,10.97,-95.02
3.9e-05,1.6e-05,7e-13,5e-10,1e-10,0.0909,22600000000.0,993000000.0,11.16,-93.59
3.9e-05,1.6e-05,7e-13,5e-10,5e-11,0.0909,22600000000.0,990000000.0,11.16,-93.41
3.9e-05,1.6e-05,7e-13,5e-10,1.5e-10,0.0909,22600000000.0,996000000.0,11.16,-93.38
3.9e-05,1.6e-05,7e-13,5e-10,2e-10,0.0909,22600000000.0,992000000.0,11.16,-93.53
3.9e-05,1.6e-05,7e-13,5e-10,2.5e-10,0.0909,22600000000.0,994000000.0,11.16,-93.47
3.9e-05,1.7e-05,5e-13,4e-10,1e-10,0.0909,24700000000.0,1170000000.0,10.75,-94.73
3.9e-05,1.7e-05,5e-13,4e-10,5e-11,0.0909,24700000000.0,1160000000.0,10.75,-94.38
3.9e-05,1.7e-05,5e-13,4e-10,1.5e-10,0.0909,24700000000.0,1160000000.0,10.75,-94.94
3.9e-05,1.7e-05,5e-13,4e-10,2e-10,0.0909,24700000000.0,1170000000.0,10.75,-94.65
3.9e-05,1.7e-05,5e-13,3e-10,1e-10,0.0909,28100000000.0,1460000000.0,10.1,-87.34
3.9e-05,1.7e-05,5e-13,3e-10,5e-11,0.0909,28100000000.0,1460000000.0,10.1,-87.52
3.9e-05,1.7e-05,5e-13,3e-10,1.5e-10,0.0909,28100000000.0,1460000000.0,10.1,-87.48
3.9e-05,1.7e-05,5e-13,3e-10,2e-10,0.0909,28100000000.0,1460000000.0,10.1,-87.43
3.9e-05,1.7e-05,5e-13,3e-10,2.5e-10,0.0909,28100000000.0,1460000000.0,10.1,-87.57
3.9e-05,1.7e-05,5e-13,3.5e-10,1e-10,0.0909,26100000000.0,1290000000.0,10.47,-91.4
3.9e-05,1.7e-05,5e-13,3.5e-10,5e-11,0.0909,26100000000.0,1290000000.0,10.47,-91.56
3.9e-05,1.7e-05,5e-13,3.5e-10,1.5e-10,0.0909,26100000000.0,1290000000.0,10.47,-91.21
3.9e-05,1.7e-05,5e-13,3.5e-10,2e-10,0.0909,26100000000.0,1290000000.0,10.47,-94.14
3.9e-05,1.7e-05,5e-13,3.5e-10,2.5e-10,0.0909,26100000000.0,1290000000.0,10.47,-91.65
3.9e-05,1.7e-05,5e-13,4.5e-10,1e-10,0.0909,23500000000.0,1080000000.0,10.97,-94.7
3.9e-05,1.7e-05,5e-13,4.5e-10,5e-11,0.0909,23500000000.0,1080000000.0,10.97,-95.06
3.9e-05,1.7e-05,5e-13,4.5e-10,1.5e-10,0.0909,23500000000.0,1080000000.0,10.97,-95.0
3.9e-05,1.7e-05,5e-13,4.5e-10,2e-10,0.0909,23500000000.0,1080000000.0,10.97,-94.91
3.9e-05,1.7e-05,5e-13,4.5e-10,2.5e-10,0.0909,23500000000.0,1080000000.0,10.97,-94.71
3.9e-05,1.7e-05,5e-13,5e-10,1e-10,0.0909,22500000000.0,1000000000.0,11.17,-92.85
3.9e-05,1.7e-05,5e-13,5e-10,5e-11,0.0909,22500000000.0,1010000000.0,11.16,-93.4
3.9e-05,1.7e-05,5e-13,5e-10,1.5e-10,0.0909,22500000000.0,1010000000.0,11.16,-93.44
3.9e-05,1.7e-05,5e-13,5e-10,2e-10,0.0909,22500000000.0,1010000000.0,11.17,-93.41
3.9e-05,1.7e-05,5e-13,5e-10,2.5e-10,0.0909,22500000000.0,1000000000.0,11.16,-93.44
3.9e-05,1.7e-05,3e-13,4e-10,1e-10,0.0909,24700000000.0,1160000000.0,10.75,-93.68
3.9e-05,1.7e-05,3e-13,4e-10,5e-11,0.0909,24700000000.0,1170000000.0,10.75,-94.66
3.9e-05,1.7e-05,3e-13,4e-10,1.5e-10,0.0909,24700000000.0,1170000000.0,10.75,-94.5
3.9e-05,1.7e-05,3e-13,4e-10,2e-10,0.0909,24700000000.0,1170000000.0,10.75,-94.9
3.9e-05,1.7e-05,3e-13,4e-10,2.5e-10,0.0909,24700000000.0,1160000000.0,10.75,-94.85
3.9e-05,1.7e-05,3e-13,3e-10,5e-11,0.0909,28100000000.0,1460000000.0,10.1,-87.49
3.9e-05,1.7e-05,3e-13,3e-10,1.5e-10,0.0909,28100000000.0,1460000000.0,10.1,-87.54
3.9e-05,1.7e-05,3e-13,3e-10,2e-10,0.0909,28100000000.0,1460000000.0,10.1,-87.59
3.9e-05,1.7e-05,3e-13,3.5e-10,1e-10,0.0909,26100000000.0,1290000000.0,10.47,-91.6
3.9e-05,1.7e-05,3e-13,3.5e-10,5e-11,0.0909,26100000000.0,1290000000.0,10.47,-91.8
3.9e-05,1.7e-05,3e-13,3.5e-10,1.5e-10,0.0909,26100000000.0,1290000000.0,10.47,-91.68
3.9e-05,1.7e-05,3e-13,3.5e-10,2e-10,0.0909,26100000000.0,1290000000.0,10.47,-93.49
3.9e-05,1.7e-05,3e-13,3.5e-10,2.5e-10,0.0909,26100000000.0,1290000000.0,10.47,-91.37
3.9e-05,1.7e-05,3e-13,4.5e-10,5e-11,0.0909,23500000000.0,1070000000.0,10.97,-94.9
3.9e-05,1.7e-05,3e-13,4.5e-10,1.5e-10,0.0909,23500000000.0,1070000000.0,10.97,-95.14
3.9e-05,1.7e-05,3e-13,4.5e-10,2e-10,0.0909,23500000000.0,1080000000.0,10.97,-95.17
3.9e-05,1.7e-05,3e-13,4.5e-10,2.5e-10,0.0909,23500000000.0,1070000000.0,10.97,-94.88
3.9e-05,1.7e-05,3e-13,5e-10,1e-10,0.0909,22500000000.0,1010000000.0,11.17,-93.65
3.9e-05,1.7e-05,3e-13,5e-10,5e-11,0.0909,22500000000.0,1010000000.0,11.17,-93.2
3.9e-05,1.7e-05,3e-13,5e-10,1.5e-10,0.0909,22500000000.0,1010000000.0,11.16,-93.3
3.9e-05,1.7e-05,3e-13,5e-10,2e-10,0.0909,22500000000.0,1000000000.0,11.17,-94.01
3.9e-05,1.7e-05,3e-13,5e-10,2.5e-10,0.0909,22500000000.0,1010000000.0,11.17,-93.55
3.9e-05,1.7e-05,4e-13,4e-10,1e-10,0.0909,24700000000.0,1160000000.0,10.75,-94.68
3.9e-05,1.7e-05,4e-13,4e-10,5e-11,0.0909,24700000000.0,1170000000.0,10.75,-95.08
3.9e-05,1.7e-05,4e-13,4e-10,1.5e-10,0.0909,24700000000.0,1170000000.0,10.75,-94.8
3.9e-05,1.7e-05,4e-13,4e-10,2e-10,0.0909,24700000000.0,1160000000.0,10.75,-93.92
3.9e-05,1.7e-05,4e-13,4e-10,2.5e-10,0.0909,24700000000.0,1160000000.0,10.75,-94.71
3.9e-05,1.7e-05,4e-13,3e-10,1e-10,0.0909,28100000000.0,1460000000.0,10.1,-87.45
3.9e-05,1.7e-05,4e-13,3e-10,1.5e-10,0.0909,28100000000.0,1460000000.0,10.1,-87.36
3.9e-05,1.7e-05,4e-13,3.5e-10,1e-10,0.0909,26100000000.0,1290000000.0,10.47,-91.58
3.9e-05,1.7e-05,4e-13,3.5e-10,1.5e-10,0.0909,26100000000.0,1290000000.0,10.47,-91.24
3.9e-05,1.7e-05,4e-13,3.5e-10,2e-10,0.0909,26100000000.0,1290000000.0,10.47,-91.25
3.9e-05,1.7e-05,4e-13,3.5e-10,2.5e-10,0.0909,26100000000.0,1290000000.0,10.47,-91.49
3.9e-05,1.7e-05,4e-13,4.5e-10,1e-10,0.0909,23500000000.0,1080000000.0,10.97,-94.98
3.9e-05,1.7e-05,4e-13,4.5e-10,5e-11,0.0909,23500000000.0,1070000000.0,10.97,-95.1
3.9e-05,1.7e-05,4e-13,4.5e-10,1.5e-10,0.0909,23500000000.0,1070000000.0,10.97,-94.97
3.9e-05,1.7e-05,4e-13,4.5e-10,2e-10,0.0909,23500000000.0,1070000000.0,10.97,-94.81
3.9e-05,1.7e-05,4e-13,4.5e-10,2.5e-10,0.0909,23500000000.0,1070000000.0,10.97,-94.94
3.9e-05,1.7e-05,4e-13,5e-10,1e-10,0.0909,22500000000.0,1010000000.0,11.16,-93.85
3.9e-05,1.7e-05,4e-13,5e-10,5e-11,0.0909,22500000000.0,1000000000.0,11.17,-93.57
3.9e-05,1.7e-05,4e-13,5e-10,1.5e-10,0.0909,22500000000.0,1000000000.0,11.17,-92.8
3.9e-05,1.7e-05,4e-13,5e-10,2e-10,0.0909,22500000000.0,1000000000.0,11.16,-92.88
3.9e-05,1.7e-05,6e-13,4e-10,1e-10,0.0909,24600000000.0,1170000000.0,10.75,-94.51
3.9e-05,1.7e-05,6e-13,4e-10,5e-11,0.0909,24600000000.0,1170000000.0,10.75,-94.41
3.9e-05,1.7e-05,6e-13,4e-10,1.5e-10,0.0909,24600000000.0,1160000000.0,10.75,-94.58
3.9e-05,1.7e-05,6e-13,4e-10,2e-10,0.0909,24600000000.0,1160000000.0,10.75,-94.59
3.9e-05,1.7e-05,6e-13,4e-10,2.5e-10,0.0909,24600000000.0,1170000000.0,10.75,-94.86
3.9e-05,1.7e-05,6e-13,3e-10,1e-10,0.0909,28100000000.0,1460000000.0,10.1,-87.35
3.9e-05,1.7e-05,6e-13,3e-10,5e-11,0.0909,28100000000.0,1460000000.0,10.1,-87.47
3.9e-05,1.7e-05,6e-13,3e-10,1.5e-10,0.0909,28100000000.0,1460000000.0,10.1,-87.39
3.9e-05,1.7e-05,6e-13,3e-10,2e-10,0.0909,28100000000.0,1460000000.0,10.1,-87.38
3.9e-05,1.7e-05,6e-13,3.5e-10,5e-11,0.0909,26100000000.0,1290000000.0,10.47,-91.35
3.9e-05,1.7e-05,6e-13,3.5e-10,1.5e-10,0.0909,26100000000.0,1290000000.0,10.47,-91.54
3.9e-05,1.7e-05,6e-13,3.5e-10,2.5e-10,0.0909,26100000000.0,1290000000.0,10.47,-93.7
3.9e-05,1.7e-05,6e-13,4.5e-10,1e-10,0.0909,23500000000.0,1080000000.0,10.97,-95.01
3.9e-05,1.7e-05,6e-13,4.5e-10,5e-11,0.0909,23500000000.0,1070000000.0,10.97,-95.06
3.9e-05,1.7e-05,6e-13,4.5e-10,1.5e-10,0.0909,23500000000.0,1070000000.0,10.97,-95.17
3.9e-05,1.7e-05,6e-13,4.5e-10,2.5e-10,0.0909,23500000000.0,1070000000.0,10.97,-94.98
3.9e-05,1.7e-05,6e-13,5e-10,1e-10,0.0909,22500000000.0,1010000000.0,11.17,-93.66
3.9e-05,1.7e-05,6e-13,5e-10,5e-11,0.0909,22500000000.0,1010000000.0,11.16,-89.9
3.9e-05,1.7e-05,6e-13,5e-10,1.5e-10,0.0909,22500000000.0,1010000000.0,11.17,-93.24
3.9e-05,1.7e-05,6e-13,5e-10,2e-10,0.0909,22500000000.0,1000000000.0,11.17,-92.98
3.9e-05,1.7e-05,6e-13,5e-10,2.5e-10,0.0909,22500000000.0,1010000000.0,11.16,-94.09
3.9e-05,1.7e-05,7e-13,4e-10,1e-10,0.0909,24600000000.0,1170000000.0,10.75,-95.04
3.9e-05,1.7e-05,7e-13,4e-10,5e-11,0.0909,24600000000.0,1170000000.0,10.75,-94.43
3.9e-05,1.7e-05,7e-13,4e-10,1.5e-10,0.0909,24600000000.0,1170000000.0,10.75,-94.73
3.9e-05,1.7e-05,7e-13,4e-10,2e-10,0.0909,24600000000.0,1170000000.0,10.75,-94.55
3.9e-05,1.7e-05,7e-13,4e-10,2.5e-10,0.0909,24600000000.0,1160000000.0,10.75,-93.75
3.9e-05,1.7e-05,7e-13,3e-10,1e-10,0.0909,28100000000.0,1460000000.0,10.1,-87.32
3.9e-05,1.7e-05,7e-13,3e-10,5e-11,0.0909,28100000000.0,1460000000.0,10.1,-87.44
3.9e-05,1.7e-05,7e-13,3e-10,1.5e-10,0.0909,28100000000.0,1460000000.0,10.1,-87.46
3.9e-05,1.7e-05,7e-13,3.5e-10,1e-10,0.0909,26100000000.0,1290000000.0,10.47,-91.62
3.9e-05,1.7e-05,7e-13,3.5e-10,5e-11,0.0909,26100000000.0,1290000000.0,10.47,-93.57
3.9e-05,1.7e-05,7e-13,3.5e-10,2e-10,0.0909,26100000000.0,1290000000.0,10.47,-91.53
3.9e-05,1.7e-05,7e-13,4.5e-10,1e-10,0.0909,23500000000.0,1080000000.0,10.97,-95.13
3.9e-05,1.7e-05,7e-13,4.5e-10,5e-11,0.0909,23500000000.0,1080000000.0,10.97,-95.15
3.9e-05,1.7e-05,7e-13,4.5e-10,2e-10,0.0909,23500000000.0,1080000000.0,10.97,-94.82
3.9e-05,1.7e-05,7e-13,5e-10,1e-10,0.0909,22500000000.0,1010000000.0,11.16,-93.65
3.9e-05,1.7e-05,7e-13,5e-10,5e-11,0.0909,22500000000.0,1010000000.0,11.17,-93.38
3.9e-05,1.7e-05,7e-13,5e-10,1.5e-10,0.0909,22500000000.0,1000000000.0,11.17,-93.26
3.9e-05,1.7e-05,7e-13,5e-10,2e-10,0.0909,22500000000.0,1010000000.0,11.16,-93.19
3.9e-05,1.7e-05,7e-13,5e-10,2.5e-10,0.0909,22500000000.0,1010000000.0,11.16,-92.45
3.9e-05,1.8e-05,5e-13,4e-10,1e-10,0.0909,24600000000.0,1170000000.0,10.75,-94.89
3.9e-05,1.8e-05,5e-13,4e-10,5e-11,0.0909,24600000000.0,1180000000.0,10.75,-95.19
3.9e-05,1.8e-05,5e-13,4e-10,1.5e-10,0.0909,24600000000.0,1170000000.0,10.75,-95.01
3.9e-05,1.8e-05,5e-13,4e-10,2e-10,0.0909,24600000000.0,1170000000.0,10.75,-94.91
3.9e-05,1.8e-05,5e-13,3e-10,1e-10,0.0909,28000000000.0,1470000000.0,10.09,-87.64
3.9e-05,1.8e-05,5e-13,3e-10,1.5e-10,0.0909,28000000000.0,1470000000.0,10.09,-87.6
3.9e-05,1.8e-05,5e-13,3e-10,2e-10,0.0909,28000000000.0,1470000000.0,10.09,-87.89
3.9e-05,1.8e-05,5e-13,3e-10,2.5e-10,0.0909,28000000000.0,1470000000.0,10.09,-87.63
3.9e-05,1.8e-05,5e-13,3.5e-10,1e-10,0.0909,26000000000.0,1290000000.0,10.47,-91.65
3.9e-05,1.8e-05,5e-13,3.5e-10,5e-11,0.0909,26000000000.0,1300000000.0,10.47,-92.03
3.9e-05,1.8e-05,5e-13,3.5e-10,1.5e-10,0.0909,26000000000.0,1290000000.0,10.47,-91.67
3.9e-05,1.8e-05,5e-13,3.5e-10,2e-10,0.0909,26000000000.0,1290000000.0,10.47,-91.63
3.9e-05,1.8e-05,5e-13,3.5e-10,2.5e-10,0.0909,26000000000.0,1290000000.0,10.47,-91.97
3.9e-05,1.8e-05,5e-13,4.5e-10,1e-10,0.0909,23400000000.0,1080000000.0,10.97,-95.01
3.9e-05,1.8e-05,5e-13,4.5e-10,5e-11,0.0909,23400000000.0,1080000000.0,10.97,-94.85
3.9e-05,1.8e-05,5e-13,4.5e-10,1.5e-10,0.0909,23400000000.0,1080000000.0,10.97,-94.97
3.9e-05,1.8e-05,5e-13,4.5e-10,2e-10,0.0909,23400000000.0,1080000000.0,10.97,-94.7
3.9e-05,1.8e-05,5e-13,4.5e-10,2.5e-10,0.0909,23400000000.0,1080000000.0,10.97,-94.36
3.9e-05,1.8e-05,5e-13,5e-10,1e-10,0.0909,22500000000.0,1020000000.0,11.17,-93.19
3.9e-05,1.8e-05,5e-13,5e-10,5e-11,0.0909,22500000000.0,1010000000.0,11.17,-93.0
3.9e-05,1.8e-05,5e-13,5e-10,1.5e-10,0.0909,22500000000.0,1020000000.0,11.16,-93.38
3.9e-05,1.8e-05,5e-13,5e-10,2e-10,0.0909,22500000000.0,1020000000.0,11.17,-93.36
3.9e-05,1.8e-05,5e-13,5e-10,2.5e-10,0.0909,22500000000.0,1020000000.0,11.17,-93.39
3.9e-05,1.8e-05,3e-13,4e-10,1e-10,0.0909,24600000000.0,1170000000.0,10.75,-94.82
3.9e-05,1.8e-05,3e-13,4e-10,5e-11,0.0909,24600000000.0,1170000000.0,10.75,-95.09
3.9e-05,1.8e-05,3e-13,4e-10,1.5e-10,0.0909,24600000000.0,1170000000.0,10.75,-94.88
3.9e-05,1.8e-05,3e-13,4e-10,2e-10,0.0909,24600000000.0,1170000000.0,10.75,-95.06
3.9e-05,1.8e-05,3e-13,4e-10,2.5e-10,0.0909,24600000000.0,1180000000.0,10.75,-95.18
3.9e-05,1.8e-05,3e-13,3e-10,1e-10,0.0909,28000000000.0,1470000000.0,10.09,-87.76
3.9e-05,1.8e-05,3e-13,3e-10,5e-11,0.0909,28000000000.0,1470000000.0,10.09,-87.9
3.9e-05,1.8e-05,3e-13,3e-10,1.5e-10,0.0909,28000000000.0,1470000000.0,10.09,-87.68
3.9e-05,1.8e-05,3e-13,3e-10,2e-10,0.0909,28000000000.0,1470000000.0,10.09,-87.84
3.9e-05,1.8e-05,3e-13,3.5e-10,1e-10,0.0909,26000000000.0,1300000000.0,10.47,-91.62
3.9e-05,1.8e-05,3e-13,3.5e-10,5e-11,0.0909,26000000000.0,1300000000.0,10.47,-91.93
3.9e-05,1.8e-05,3e-13,3.5e-10,1.5e-10,0.0909,26000000000.0,1290000000.0,10.47,-91.79
3.9e-05,1.8e-05,3e-13,3.5e-10,2e-10,0.0909,26000000000.0,1290000000.0,10.47,-91.62
3.9e-05,1.8e-05,3e-13,3.5e-10,2.5e-10,0.0909,26000000000.0,1290000000.0,10.47,-91.57
3.9e-05,1.8e-05,3e-13,4.5e-10,1e-10,0.0909,23400000000.0,1090000000.0,10.97,-95.08
3.9e-05,1.8e-05,3e-13,4.5e-10,5e-11,0.0909,23400000000.0,1080000000.0,10.97,-95.0
3.9e-05,1.8e-05,3e-13,4.5e-10,1.5e-10,0.0909,23400000000.0,1080000000.0,10.97,-94.87
3.9e-05,1.8e-05,3e-13,4.5e-10,2e-10,0.0909,23400000000.0,1080000000.0,10.97,-94.63
3.9e-05,1.8e-05,3e-13,5e-10,1e-10,0.0909,22500000000.0,1010000000.0,11.16,-93.03
3.9e-05,1.8e-05,3e-13,5e-10,5e-11,0.0909,22500000000.0,1020000000.0,11.17,-92.61
3.9e-05,1.8e-05,3e-13,5e-10,1.5e-10,0.0909,22500000000.0,1010000000.0,11.17,-93.15
3.9e-05,1.8e-05,3e-13,5e-10,2e-10,0.0909,22500000000.0,1020000000.0,11.17,-89.94
3.9e-05,1.8e-05,3e-13,5e-10,2.5e-10,0.0909,22500000000.0,1020000000.0,11.17,-93.25
3.9e-05,1.8e-05,4e-13,4e-10,1e-10,0.0909,24600000000.0,1170000000.0,10.75,-95.11
3.9e-05,1.8e-05,4e-13,4e-10,5e-11,0.0909,24600000000.0,1170000000.0,10.75,-94.69
3.9e-05,1.8e-05,4e-13,4e-10,1.5e-10,0.0909,24600000000.0,1180000000.0,10.75,-94.91
3.9e-05,1.8e-05,4e-13,4e-10,2.5e-10,0.0909,24600000000.0,1170000000.0,10.75,-94.75
3.9e-05,1.8e-05,4e-13,3e-10,1e-10,0.0909,28000000000.0,1470000000.0,10.09,-87.69
3.9e-05,1.8e-05,4e-13,3e-10,5e-11,0.0909,28000000000.0,1470000000.0,10.09,-87.81
3.9e-05,1.8e-05,4e-13,3e-10,1.5e-10,0.0909,28000000000.0,1470000000.0,10.09,-87.72
3.9e-05,1.8e-05,4e-13,3e-10,2e-10,0.0909,28000000000.0,1470000000.0,10.09,-87.7
3.9e-05,1.8e-05,4e-13,3e-10,2.5e-10,0.0909,28000000000.0,1470000000.0,10.09,-87.75
3.9e-05,1.8e-05,4e-13,3.5e-10,1e-10,0.0909,26000000000.0,1290000000.0,10.47,-91.68
3.9e-05,1.8e-05,4e-13,3.5e-10,5e-11,0.0909,26000000000.0,1290000000.0,10.47,-91.83
3.9e-05,1.8e-05,4e-13,3.5e-10,1.5e-10,0.0909,26000000000.0,1290000000.0,10.47,-91.71
3.9e-05,1.8e-05,4e-13,3.5e-10,2e-10,0.0909,26000000000.0,1290000000.0,10.47,-91.92
3.9e-05,1.8e-05,4e-13,3.5e-10,2.5e-10,0.0909,26000000000.0,1290000000.0,10.47,-91.5
3.9e-05,1.8e-05,4e-13,4.5e-10,1e-10,0.0909,23400000000.0,1080000000.0,10.97,-95.18
3.9e-05,1.8e-05,4e-13,4.5e-10,5e-11,0.0909,23400000000.0,1080000000.0,10.97,-95.16
3.9e-05,1.8e-05,4e-13,4.5e-10,1.5e-10,0.0909,23400000000.0,1080000000.0,10.97,-94.99
3.9e-05,1.8e-05,4e-13,4.5e-10,2e-10,0.0909,23400000000.0,1090000000.0,10.97,-94.91
3.9e-05,1.8e-05,4e-13,4.5e-10,2.5e-10,0.0909,23400000000.0,1080000000.0,10.97,-94.91
3.9e-05,1.8e-05,4e-13,5e-10,1e-10,0.0909,22500000000.0,1020000000.0,11.17,-92.7
3.9e-05,1.8e-05,4e-13,5e-10,5e-11,0.0909,22500000000.0,1010000000.0,11.17,-93.13
3.9e-05,1.8e-05,4e-13,5e-10,1.5e-10,0.0909,22500000000.0,1020000000.0,11.17,-89.64
3.9e-05,1.8e-05,4e-13,5e-10,2e-10,0.0909,22500000000.0,1010000000.0,11.17,-93.44
3.9e-05,1.8e-05,4e-13,5e-10,2.5e-10,0.0909,22500000000.0,1020000000.0,11.17,-93.49
3.9e-05,1.8e-05,6e-13,4e-10,1e-10,0.0909,24600000000.0,1170000000.0,10.75,-95.13
3.9e-05,1.8e-05,6e-13,4e-10,5e-11,0.0909,24600000000.0,1170000000.0,10.75,-94.84
3.9e-05,1.8e-05,6e-13,4e-10,2e-10,0.0909,24600000000.0,1170000000.0,10.75,-95.0
3.9e-05,1.8e-05,6e-13,4e-10,2.5e-10,0.0909,24600000000.0,1170000000.0,10.75,-94.71
3.9e-05,1.8e-05,6e-13,3e-10,1e-10,0.0909,28000000000.0,1470000000.0,10.09,-87.78
3.9e-05,1.8e-05,6e-13,3e-10,2e-10,0.0909,28000000000.0,1470000000.0,10.09,-87.83
3.9e-05,1.8e-05,6e-13,3e-10,2.5e-10,0.0909,28000000000.0,1470000000.0,10.09,-87.66
3.9e-05,1.8e-05,6e-13,3.5e-10,1e-10,0.0909,26000000000.0,1290000000.0,10.47,-91.59
3.9e-05,1.8e-05,6e-13,3.5e-10,5e-11,0.0909,26000000000.0,1290000000.0,10.47,-91.81
3.9e-05,1.8e-05,6e-13,3.5e-10,2e-10,0.0909,26000000000.0,1300000000.0,10.47,-91.67
3.9e-05,1.8e-05,6e-13,3.5e-10,2.5e-10,0.0909,26000000000.0,1290000000.0,10.47,-91.89
3.9e-05,1.8e-05,6e-13,4.5e-10,1e-10,0.0909,23400000000.0,1080000000.0,10.97,-94.82
3.9e-05,1.8e-05,6e-13,4.5e-10,5e-11,0.0909,23400000000.0,1090000000.0,10.97,-95.1
3.9e-05,1.8e-05,6e-13,4.5e-10,1.5e-10,0.0909,23400000000.0,1080000000.0,10.97,-95.12
3.9e-05,1.8e-05,6e-13,4.5e-10,2e-10,0.0909,23400000000.0,1080000000.0,10.97,-95.1
3.9e-05,1.8e-05,6e-13,4.5e-10,2.5e-10,0.0909,23400000000.0,1080000000.0,10.97,-94.78
3.9e-05,1.8e-05,6e-13,5e-10,1e-10,0.0909,22500000000.0,1010000000.0,11.17,-93.09
3.9e-05,1.8e-05,6e-13,5e-10,5e-11,0.0909,22500000000.0,1010000000.0,11.17,-93.05
3.9e-05,1.8e-05,6e-13,5e-10,1.5e-10,0.0909,22400000000.0,1010000000.0,11.17,-93.17
3.9e-05,1.8e-05,6e-13,5e-10,2e-10,0.0909,22400000000.0,1020000000.0,11.16,-93.22
3.9e-05,1.8e-05,6e-13,5e-10,2.5e-10,0.0909,22400000000.0,1010000000.0,11.16,-93.54
3.9e-05,1.8e-05,7e-13,4e-10,1e-10,0.0909,24600000000.0,1170000000.0,10.75,-94.83
3.9e-05,1.8e-05,7e-13,4e-10,1.5e-10,0.0909,24600000000.0,1170000000.0,10.75,-94.9
3.9e-05,1.8e-05,7e-13,4e-10,2e-10,0.0909,24600000000.0,1170000000.0,10.75,-94.99
3.9e-05,1.8e-05,7e-13,4e-10,2.5e-10,0.0909,24600000000.0,1170000000.0,10.75,-95.16
3.9e-05,1.8e-05,7e-13,3e-10,1e-10,0.0909,28000000000.0,1470000000.0,10.09,-87.73
3.9e-05,1.8e-05,7e-13,3e-10,2e-10,0.0909,28000000000.0,1470000000.0,10.09,-87.91
3.9e-05,1.8e-05,7e-13,3e-10,2.5e-10,0.0909,28000000000.0,1470000000.0,10.09,-87.67
3.9e-05,1.8e-05,7e-13,3.5e-10,1e-10,0.0909,26000000000.0,1290000000.0,10.47,-91.58
3.9e-05,1.8e-05,7e-13,3.5e-10,1.5e-10,0.0909,26000000000.0,1290000000.0,10.47,-91.76
3.9e-05,1.8e-05,7e-13,3.5e-10,2e-10,0.0909,26000000000.0,1290000000.0,10.47,-91.72
3.9e-05,1.8e-05,7e-13,4.5e-10,1e-10,0.0909,23400000000.0,1080000000.0,10.97,-95.21
3.9e-05,1.8e-05,7e-13,4.5e-10,1.5e-10,0.0909,23400000000.0,1080000000.0,10.97,-94.94
3.9e-05,1.8e-05,7e-13,4.5e-10,2e-10,0.0909,23400000000.0,1080000000.0,10.97,-94.88
3.9e-05,1.8e-05,7e-13,4.5e-10,2.5e-10,0.0909,23400000000.0,1080000000.0,10.97,-94.9
3.9e-05,1.8e-05,7e-13,5e-10,1e-10,0.0909,22400000000.0,1020000000.0,11.17,-92.76
3.9e-05,1.8e-05,7e-13,5e-10,5e-11,0.0909,22400000000.0,1010000000.0,11.16,-93.62
3.9e-05,1.8e-05,7e-13,5e-10,1.5e-10,0.0909,22400000000.0,1010000000.0,11.17,-93.51
3.9e-05,1.8e-05,7e-13,5e-10,2e-10,0.0909,22400000000.0,1020000000.0,11.17,-93.43
3.9e-05,1.8e-05,7e-13,5e-10,2.5e-10,0.0909,22400000000.0,1020000000.0,11.16,-93.46
3.9e-05,1.9e-05,5e-13,4e-10,1e-10,0.0909,24500000000.0,1170000000.0,10.74,-95.01
3.9e-05,1.9e-05,5e-13,4e-10,5e-11,0.0909,24500000000.0,1170000000.0,10.74,-95.25
3.9e-05,1.9e-05,5e-13,4e-10,1.5e-10,0.0909,24500000000.0,1170000000.0,10.74,-95.18
3.9e-05,1.9e-05,5e-13,4e-10,2e-10,0.0909,24500000000.0,1170000000.0,10.74,-94.98
3.9e-05,1.9e-05,5e-13,4e-10,2.5e-10,0.0909,24500000000.0,1170000000.0,10.74,-94.79
3.9e-05,1.9e-05,5e-13,3e-10,1e-10,0.0909,27900000000.0,1470000000.0,10.08,-87.97
3.9e-05,1.9e-05,5e-13,3e-10,5e-11,0.0909,27900000000.0,1470000000.0,10.08,-87.96
3.9e-05,1.9e-05,5e-13,3e-10,1.5e-10,0.0909,27900000000.0,1470000000.0,10.08,-87.99
3.9e-05,1.9e-05,5e-13,3e-10,2e-10,0.0909,27900000000.0,1470000000.0,10.08,-88.01
3.9e-05,1.9e-05,5e-13,3.5e-10,1e-10,0.0909,25900000000.0,1300000000.0,10.46,-92.21
3.9e-05,1.9e-05,5e-13,3.5e-10,5e-11,0.0909,25900000000.0,1290000000.0,10.46,-92.29
3.9e-05,1.9e-05,5e-13,3.5e-10,1.5e-10,0.0909,25900000000.0,1300000000.0,10.46,-92.22
3.9e-05,1.9e-05,5e-13,3.5e-10,2e-10,0.0909,25900000000.0,1300000000.0,10.46,-92.2
3.9e-05,1.9e-05,5e-13,3.5e-10,2.5e-10,0.0909,25900000000.0,1290000000.0,10.46,-92.06
3.9e-05,1.9e-05,5e-13,4.5e-10,1e-10,0.0909,23300000000.0,1080000000.0,10.97,-94.85
3.9e-05,1.9e-05,5e-13,4.5e-10,5e-11,0.0909,23300000000.0,1090000000.0,10.97,-94.66
3.9e-05,1.9e-05,5e-13,4.5e-10,1.5e-10,0.0909,23300000000.0,1080000000.0,10.97,-94.91
3.9e-05,1.9e-05,5e-13,4.5e-10,2e-10,0.0909,23300000000.0,1090000000.0,10.97,-95.02
3.9e-05,1.9e-05,5e-13,4.5e-10,2.5e-10,0.0909,23300000000.0,1080000000.0,10.97,-94.48
3.9e-05,1.9e-05,5e-13,5e-10,1e-10,0.0909,22400000000.0,1010000000.0,11.16,-92.91
3.9e-05,1.9e-05,5e-13,5e-10,5e-11,0.0909,22400000000.0,1020000000.0,11.17,-93.0
3.9e-05,1.9e-05,5e-13,5e-10,1.5e-10,0.0909,22400000000.0,1020000000.0,11.16,-93.1
3.9e-05,1.9e-05,5e-13,5e-10,2e-10,0.0909,22400000000.0,1020000000.0,11.16,-93.37
3.9e-05,1.9e-05,5e-13,5e-10,2.5e-10,0.0909,22400000000.0,1010000000.0,11.16,-93.11
3.9e-05,1.9e-05,3e-13,4e-10,1e-10,0.0909,24500000000.0,1180000000.0,10.74,-95.26
3.9e-05,1.9e-05,3e-13,4e-10,5e-11,0.0909,24500000000.0,1170000000.0,10.74,-95.21
3.9e-05,1.9e-05,3e-13,4e-10,2e-10,0.0909,24500000000.0,1180000000.0,10.74,-95.28
3.9e-05,1.9e-05,3e-13,4e-10,2.5e-10,0.0909,24500000000.0,1170000000.0,10.74,-95.05
3.9e-05,1.9e-05,3e-13,3e-10,1e-10,0.0909,27900000000.0,1470000000.0,10.08,-87.98
3.9e-05,1.9e-05,3e-13,3e-10,5e-11,0.0909,27900000000.0,1470000000.0,10.08,-88.12
3.9e-05,1.9e-05,3e-13,3e-10,1.5e-10,0.0909,27900000000.0,1470000000.0,10.08,-88.36
3.9e-05,1.9e-05,3e-13,3e-10,2e-10,0.0909,27900000000.0,1470000000.0,10.08,-88.05
3.9e-05,1.9e-05,3e-13,3e-10,2.5e-10,0.0909,27900000000.0,1470000000.0,10.08,-88.11
3.9e-05,1.9e-05,3e-13,3.5e-10,1e-10,0.0909,25900000000.0,1290000000.0,10.46,-91.89
3.9e-05,1.9e-05,3e-13,3.5e-10,5e-11,0.0909,26000000000.0,1290000000.0,10.46,-92.33
3.9e-05,1.9e-05,3e-13,3.5e-10,1.5e-10,0.0909,25900000000.0,1300000000.0,10.46,-92.34
3.9e-05,1.9e-05,3e-13,3.5e-10,2e-10,0.0909,25900000000.0,1300000000.0,10.46,-92.27
3.9e-05,1.9e-05,3e-13,3.5e-10,2.5e-10,0.0909,25900000000.0,1300000000.0,10.46,-92.25
3.9e-05,1.9e-05,3e-13,4.5e-10,1e-10,0.0909,23300000000.0,1090000000.0,10.97,-94.71
3.9e-05,1.9e-05,3e-13,4.5e-10,5e-11,0.0909,23300000000.0,1090000000.0,10.97,-93.22
3.9e-05,1.9e-05,3e-13,4.5e-10,1.5e-10,0.0909,23300000000.0,1080000000.0,10.97,-94.88
3.9e-05,1.9e-05,3e-13,4.5e-10,2.5e-10,0.0909,23300000000.0,1090000000.0,10.97,-94.76
3.9e-05,1.9e-05,3e-13,5e-10,1e-10,0.0909,22400000000.0,1010000000.0,11.17,-93.12
3.9e-05,1.9e-05,3e-13,5e-10,5e-11,0.0909,22400000000.0,1020000000.0,11.16,-93.3
3.9e-05,1.9e-05,3e-13,5e-10,1.5e-10,0.0909,22400000000.0,1010000000.0,11.16,-92.93
3.9e-05,1.9e-05,3e-13,5e-10,2e-10,0.0909,22400000000.0,1010000000.0,11.16,-93.45
3.9e-05,1.9e-05,3e-13,5e-10,2.5e-10,0.0909,22400000000.0,1010000000.0,11.16,-92.87
3.9e-05,1.9e-05,4e-13,4e-10,1e-10,0.0909,24500000000.0,1170000000.0,10.74,-95.04
3.9e-05,1.9e-05,4e-13,4e-10,5e-11,0.0909,24500000000.0,1170000000.0,10.74,-95.26
3.9e-05,1.9e-05,4e-13,4e-10,1.5e-10,0.0909,24500000000.0,1170000000.0,10.74,-94.86
3.9e-05,1.9e-05,4e-13,4e-10,2e-10,0.0909,24500000000.0,1170000000.0,10.74,-95.23
3.9e-05,1.9e-05,4e-13,4e-10,2.5e-10,0.0909,24500000000.0,1170000000.0,10.74,-95.1
3.9e-05,1.9e-05,4e-13,3e-10,1e-10,0.0909,27900000000.0,1470000000.0,10.08,-88.08
3.9e-05,1.9e-05,4e-13,3e-10,5e-11,0.0909,27900000000.0,1470000000.0,10.08,-88.24
3.9e-05,1.9e-05,4e-13,3e-10,1.5e-10,0.0909,27900000000.0,1470000000.0,10.08,-88.02
3.9e-05,1.9e-05,4e-13,3e-10,2e-10,0.0909,27900000000.0,1470000000.0,10.08,-88.07
3.9e-05,1.9e-05,4e-13,3e-10,2.5e-10,0.0909,27900000000.0,1470000000.0,10.08,-88.03
3.9e-05,1.9e-05,4e-13,3.5e-10,1e-10,0.0909,25900000000.0,1300000000.0,10.46,-92.24
3.9e-05,1.9e-05,4e-13,3.5e-10,5e-11,0.0909,25900000000.0,1300000000.0,10.46,-91.98
3.9e-05,1.9e-05,4e-13,3.5e-10,1.5e-10,0.0909,25900000000.0,1300000000.0,10.46,-92.23
3.9e-05,1.9e-05,4e-13,3.5e-10,2e-10,0.0909,25900000000.0,1290000000.0,10.46,-92.08
3.9e-05,1.9e-05,4e-13,3.5e-10,2.5e-10,0.0909,25900000000.0,1300000000.0,10.46,-92.29
3.9e-05,1.9e-05,4e-13,4.5e-10,5e-11,0.0909,23300000000.0,1080000000.0,10.97,-94.76
3.9e-05,1.9e-05,4e-13,4.5e-10,1.5e-10,0.0909,23300000000.0,1080000000.0,10.97,-94.95
3.9e-05,1.9e-05,4e-13,4.5e-10,2e-10,0.0909,23300000000.0,1090000000.0,10.97,-94.78
3.9e-05,1.9e-05,4e-13,5e-10,1e-10,0.0909,22400000000.0,1010000000.0,11.17,-92.78
3.9e-05,1.9e-05,4e-13,5e-10,5e-11,0.0909,22400000000.0,1020000000.0,11.16,-93.07
3.9e-05,1.9e-05,4e-13,5e-10,1.5e-10,0.0909,22400000000.0,1010000000.0,11.16,-93.09
3.9e-05,1.9e-05,4e-13,5e-10,2e-10,0.0909,22400000000.0,1020000000.0,11.16,-92.53
3.9e-05,1.9e-05,4e-13,5e-10,2.5e-10,0.0909,22400000000.0,1020000000.0,11.16,-92.64
3.9e-05,1.9e-05,6e-13,4e-10,1e-10,0.0909,24500000000.0,1170000000.0,10.74,-94.12
3.9e-05,1.9e-05,6e-13,4e-10,5e-11,0.0909,24500000000.0,1180000000.0,10.74,-95.04
3.9e-05,1.9e-05,6e-13,4e-10,1.5e-10,0.0909,24500000000.0,1170000000.0,10.74,-95.13
3.9e-05,1.9e-05,6e-13,4e-10,2e-10,0.0909,24500000000.0,1170000000.0,10.74,-95.16
3.9e-05,1.9e-05,6e-13,4e-10,2.5e-10,0.0909,24500000000.0,1170000000.0,10.74,-94.91
3.9e-05,1.9e-05,6e-13,3e-10,1e-10,0.0909,27900000000.0,1470000000.0,10.07,-88.11
3.9e-05,1.9e-05,6e-13,3e-10,5e-11,0.0909,27900000000.0,1470000000.0,10.08,-88.0
3.9e-05,1.9e-05,6e-13,3e-10,2.5e-10,0.0909,27900000000.0,1470000000.0,10.07,-87.99
3.9e-05,1.9e-05,6e-13,3.5e-10,1e-10,0.0909,25900000000.0,1300000000.0,10.46,-92.18
3.9e-05,1.9e-05,6e-13,3.5e-10,5e-11,0.0909,25900000000.0,1290000000.0,10.46,-92.11
3.9e-05,1.9e-05,6e-13,3.5e-10,1.5e-10,0.0909,25900000000.0,1290000000.0,10.46,-91.75
3.9e-05,1.9e-05,6e-13,3.5e-10,2e-10,0.0909,25900000000.0,1290000000.0,10.46,-92.1
3.9e-05,1.9e-05,6e-13,3.5e-10,2.5e-10,0.0909,25900000000.0,1290000000.0,10.46,-91.91
3.9e-05,1.9e-05,6e-13,4.5e-10,5e-11,0.0909,23300000000.0,1080000000.0,10.97,-94.75
3.9e-05,1.9e-05,6e-13,4.5e-10,1.5e-10,0.0909,23300000000.0,1080000000.0,10.97,-94.77
3.9e-05,1.9e-05,6e-13,4.5e-10,2e-10,0.0909,23300000000.0,1080000000.0,10.97,-94.86
3.9e-05,1.9e-05,6e-13,4.5e-10,2.5e-10,0.0909,23300000000.0,1080000000.0,10.97,-94.89
3.9e-05,1.9e-05,6e-13,5e-10,1e-10,0.0909,22400000000.0,1010000000.0,11.16,-93.06
3.9e-05,1.9e-05,6e-13,5e-10,5e-11,0.0909,22400000000.0,1020000000.0,11.17,-92.92
3.9e-05,1.9e-05,6e-13,5e-10,1.5e-10,0.0909,22400000000.0,1010000000.0,11.16,-93.36
3.9e-05,1.9e-05,6e-13,5e-10,2e-10,0.0909,22400000000.0,1020000000.0,11.16,-92.55
3.9e-05,1.9e-05,6e-13,5e-10,2.5e-10,0.0909,22400000000.0,1020000000.0,11.16,-93.11
3.9e-05,1.9e-05,7e-13,4e-10,1e-10,0.0909,24500000000.0,1170000000.0,10.74,-94.78
3.9e-05,1.9e-05,7e-13,4e-10,5e-11,0.0909,24500000000.0,1170000000.0,10.74,-94.97
3.9e-05,1.9e-05,7e-13,4e-10,1.5e-10,0.0909,24500000000.0,1170000000.0,10.74,-94.65
3.9e-05,1.9e-05,7e-13,4e-10,2e-10,0.0909,24500000000.0,1170000000.0,10.74,-94.87
3.9e-05,1.9e-05,7e-13,4e-10,2.5e-10,0.0909,24500000000.0,1170000000.0,10.74,-95.11
3.9e-05,1.9e-05,7e-13,3e-10,1e-10,0.0909,27900000000.0,1470000000.0,10.07,-87.9
3.9e-05,1.9e-05,7e-13,3e-10,2e-10,0.0909,27900000000.0,1470000000.0,10.07,-87.96
3.9e-05,1.9e-05,7e-13,3e-10,2.5e-10,0.0909,27900000000.0,1470000000.0,10.08,-88.15
3.9e-05,1.9e-05,7e-13,3.5e-10,1e-10,0.0909,25900000000.0,1290000000.0,10.46,-92.03
3.9e-05,1.9e-05,7e-13,3.5e-10,5e-11,0.0909,25900000000.0,1290000000.0,10.46,-91.87
3.9e-05,1.9e-05,7e-13,3.5e-10,2e-10,0.0909,25900000000.0,1290000000.0,10.46,-91.97
3.9e-05,1.9e-05,7e-13,3.5e-10,2.5e-10,0.0909,25900000000.0,1290000000.0,10.46,-91.93
3.9e-05,1.9e-05,7e-13,4.5e-10,1e-10,0.0909,23300000000.0,1080000000.0,10.97,-94.69
3.9e-05,1.9e-05,7e-13,4.5e-10,5e-11,0.0909,23300000000.0,1080000000.0,10.97,-94.94
3.9e-05,1.9e-05,7e-13,4.5e-10,1.5e-10,0.0909,23300000000.0,1080000000.0,10.97,-94.52
3.9e-05,1.9e-05,7e-13,4.5e-10,2e-10,0.0909,23300000000.0,1090000000.0,10.97,-94.82
3.9e-05,1.9e-05,7e-13,4.5e-10,2.5e-10,0.0909,23300000000.0,1090000000.0,10.97,-94.98
3.9e-05,1.9e-05,7e-13,5e-10,1e-10,0.0909,22400000000.0,1010000000.0,11.16,-92.85
3.9e-05,1.9e-05,7e-13,5e-10,5e-11,0.0909,22400000000.0,1020000000.0,11.17,-93.18
3.9e-05,1.9e-05,7e-13,5e-10,1.5e-10,0.0909,22400000000.0,1010000000.0,11.16,-92.65
3.9e-05,1.9e-05,7e-13,5e-10,2e-10,0.0909,22400000000.0,1020000000.0,11.17,-92.96
3.9e-05,1.9e-05,7e-13,5e-10,2.5e-10,0.0909,22400000000.0,1010000000.0,11.17,-92.96
3.9e-05,2e-05,5e-13,4e-10,1e-10,0.0909,24400000000.0,1170000000.0,10.73,-95.05
3.9e-05,2e-05,5e-13,4e-10,5e-11,0.0909,24400000000.0,1160000000.0,10.73,-95.16
3.9e-05,2e-05,5e-13,4e-10,1.5e-10,0.0909,24400000000.0,1170000000.0,10.73,-95.22
3.9e-05,2e-05,5e-13,4e-10,2e-10,0.0909,24400000000.0,1170000000.0,10.73,-95.3
3.9e-05,2e-05,5e-13,4e-10,2.5e-10,0.0909,24400000000.0,1170000000.0,10.73,-95.18
3.9e-05,2e-05,5e-13,3e-10,1e-10,0.0909,27800000000.0,1460000000.0,10.06,-88.27
3.9e-05,2e-05,5e-13,3e-10,5e-11,0.0909,27800000000.0,1460000000.0,10.06,-88.33
3.9e-05,2e-05,5e-13,3e-10,1.5e-10,0.0909,27800000000.0,1460000000.0,10.06,-88.2
3.9e-05,2e-05,5e-13,3e-10,2e-10,0.0909,27800000000.0,1460000000.0,10.06,-88.23
3.9e-05,2e-05,5e-13,3e-10,2.5e-10,0.0909,27800000000.0,1460000000.0,10.06,-88.21
3.9e-05,2e-05,5e-13,3.5e-10,1e-10,0.0909,25900000000.0,1290000000.0,10.45,-92.3
3.9e-05,2e-05,5e-13,3.5e-10,5e-11,0.0909,25900000000.0,1290000000.0,10.45,-92.19
3.9e-05,2e-05,5e-13,3.5e-10,1.5e-10,0.0909,25900000000.0,1290000000.0,10.45,-92.18
3.9e-05,2e-05,5e-13,3.5e-10,2e-10,0.0909,25900000000.0,1290000000.0,10.45,-92.48
3.9e-05,2e-05,5e-13,3.5e-10,2.5e-10,0.0909,25900000000.0,1290000000.0,10.45,-92.49
3.9e-05,2e-05,5e-13,4.5e-10,1e-10,0.0909,23200000000.0,1080000000.0,10.96,-94.83
3.9e-05,2e-05,5e-13,4.5e-10,5e-11,0.0909,23200000000.0,1080000000.0,10.96,-95.03
3.9e-05,2e-05,5e-13,4.5e-10,1.5e-10,0.0909,23200000000.0,1080000000.0,10.96,-94.68
3.9e-05,2e-05,5e-13,4.5e-10,2.5e-10,0.0909,23200000000.0,1080000000.0,10.96,-95.0
3.9e-05,2e-05,5e-13,5e-10,1e-10,0.0909,22300000000.0,1010000000.0,11.16,-92.87
3.9e-05,2e-05,5e-13,5e-10,5e-11,0.0909,22300000000.0,1020000000.0,11.16,-91.6
3.9e-05,2e-05,5e-13,5e-10,1.5e-10,0.0909,22300000000.0,1010000000.0,11.16,-92.7
3.9e-05,2e-05,5e-13,5e-10,2e-10,0.0909,22300000000.0,1010000000.0,11.16,-93.62
3.9e-05,2e-05,5e-13,5e-10,2.5e-10,0.0909,22300000000.0,1010000000.0,11.16,-92.95
3.9e-05,2e-05,3e-13,4e-10,1e-10,0.0909,24400000000.0,1170000000.0,10.73,-95.36
3.9e-05,2e-05,3e-13,4e-10,5e-11,0.0909,24400000000.0,1170000000.0,10.73,-95.28
3.9e-05,2e-05,3e-13,4e-10,1.5e-10,0.0909,24400000000.0,1170000000.0,10.73,-95.38
3.9e-05,2e-05,3e-13,4e-10,2e-10,0.0909,24400000000.0,1170000000.0,10.73,-95.12
3.9e-05,2e-05,3e-13,4e-10,2.5e-10,0.0909,24400000000.0,1170000000.0,10.73,-95.26
3.9e-05,2e-05,3e-13,3e-10,1e-10,0.0909,27800000000.0,1460000000.0,10.06,-88.36
3.9e-05,2e-05,3e-13,3e-10,5e-11,0.0909,27800000000.0,1460000000.0,10.06,-88.42
3.9e-05,2e-05,3e-13,3e-10,1.5e-10,0.0909,27800000000.0,1460000000.0,10.06,-88.35
3.9e-05,2e-05,3e-13,3e-10,2.5e-10,0.0909,27800000000.0,1460000000.0,10.06,-88.34
3.9e-05,2e-05,3e-13,3.5e-10,1e-10,0.0909,25900000000.0,1290000000.0,10.45,-92.52
3.9e-05,2e-05,3e-13,3.5e-10,5e-11,0.0909,25900000000.0,1290000000.0,10.45,-92.45
3.9e-05,2e-05,3e-13,3.5e-10,2e-10,0.0909,25900000000.0,1290000000.0,10.45,-92.42
3.9e-05,2e-05,3e-13,3.5e-10,2.5e-10,0.0909,25900000000.0,1290000000.0,10.45,-92.47
3.9e-05,2e-05,3e-13,4.5e-10,1e-10,0.0909,23300000000.0,1080000000.0,10.96,-94.58
3.9e-05,2e-05,3e-13,4.5e-10,5e-11,0.0909,23300000000.0,1080000000.0,10.96,-94.73
3.9e-05,2e-05,3e-13,4.5e-10,1.5e-10,0.0909,23300000000.0,1090000000.0,10.96,-94.66
3.9e-05,2e-05,3e-13,4.5e-10,2e-10,0.0909,23300000000.0,1080000000.0,10.96,-94.7
3.9e-05,2e-05,3e-13,4.5e-10,2.5e-10,0.0909,23300000000.0,1090000000.0,10.96,-94.89
3.9e-05,2e-05,3e-13,5e-10,1e-10,0.0909,22300000000.0,1010000000.0,11.16,-92.89
3.9e-05,2e-05,3e-13,5e-10,5e-11,0.0909,22300000000.0,1010000000.0,11.16,-93.14
3.9e-05,2e-05,3e-13,5e-10,2e-10,0.0909,22300000000.0,1010000000.0,11.16,-92.75
3.9e-05,2e-05,3e-13,5e-10,2.5e-10,0.0909,22300000000.0,1010000000.0,11.16,-92.9
3.9e-05,2e-05,4e-13,4e-10,1e-10,0.0909,24400000000.0,1170000000.0,10.73,-95.25
3.9e-05,2e-05,4e-13,4e-10,1.5e-10,0.0909,24400000000.0,1170000000.0,10.73,-95.35
3.9e-05,2e-05,4e-13,3e-10,5e-11,0.0909,27800000000.0,1460000000.0,10.06,-88.31
3.9e-05,2e-05,4e-13,3e-10,1.5e-10,0.0909,27800000000.0,1460000000.0,10.06,-88.37
3.9e-05,2e-05,4e-13,3e-10,2.5e-10,0.0909,27800000000.0,1460000000.0,10.06,-88.32
3.9e-05,2e-05,4e-13,3.5e-10,1e-10,0.0909,25900000000.0,1290000000.0,10.45,-92.22
3.9e-05,2e-05,4e-13,3.5e-10,5e-11,0.0909,25900000000.0,1290000000.0,10.45,-91.88
3.9e-05,2e-05,4e-13,3.5e-10,1.5e-10,0.0909,25900000000.0,1290000000.0,10.45,-92.32
3.9e-05,2e-05,4e-13,3.5e-10,2e-10,0.0909,25900000000.0,1290000000.0,10.45,-92.25
3.9e-05,2e-05,4e-13,3.5e-10,2.5e-10,0.0909,25900000000.0,1290000000.0,10.45,-92.39
3.9e-05,2e-05,4e-13,4.5e-10,1e-10,0.0909,23200000000.0,1080000000.0,10.96,-94.69
3.9e-05,2e-05,4e-13,4.5e-10,5e-11,0.0909,23300000000.0,1080000000.0,10.96,-94.52
3.9e-05,2e-05,4e-13,4.5e-10,1.5e-10,0.0909,23200000000.0,1080000000.0,10.96,-94.41
3.9e-05,2e-05,4e-13,4.5e-10,2e-10,0.0909,23200000000.0,1080000000.0,10.96,-94.72
3.9e-05,2e-05,4e-13,4.5e-10,2.5e-10,0.0909,23200000000.0,1090000000.0,10.96,-94.78
3.9e-05,2e-05,4e-13,5e-10,1e-10,0.0909,22300000000.0,1010000000.0,11.16,-92.12
3.9e-05,2e-05,4e-13,5e-10,5e-11,0.0909,22300000000.0,1010000000.0,11.16,-92.83
3.9e-05,2e-05,4e-13,5e-10,1.5e-10,0.0909,22300000000.0,1010000000.0,11.16,-92.72
3.9e-05,2e-05,4e-13,5e-10,2e-10,0.0909,22300000000.0,1010000000.0,11.16,-93.1
3.9e-05,2e-05,4e-13,5e-10,2.5e-10,0.0909,22300000000.0,1010000000.0,11.16,-92.69
3.9e-05,2e-05,6e-13,4e-10,1e-10,0.0909,24400000000.0,1170000000.0,10.73,-95.34
3.9e-05,2e-05,6e-13,4e-10,5e-11,0.0909,24400000000.0,1170000000.0,10.73,-95.23
3.9e-05,2e-05,6e-13,4e-10,1.5e-10,0.0909,24400000000.0,1170000000.0,10.73,-95.2
3.9e-05,2e-05,6e-13,4e-10,2e-10,0.0909,24400000000.0,1170000000.0,10.73,-95.19
3.9e-05,2e-05,6e-13,4e-10,2.5e-10,0.0909,24400000000.0,1170000000.0,10.73,-95.32
3.9e-05,2e-05,6e-13,3e-10,1e-10,0.0909,27800000000.0,1460000000.0,10.06,-88.25
3.9e-05,2e-05,6e-13,3e-10,5e-11,0.0909,27800000000.0,1460000000.0,10.06,-88.24
3.9e-05,2e-05,6e-13,3e-10,1.5e-10,0.0909,27800000000.0,1460000000.0,10.06,-88.14
3.9e-05,2e-05,6e-13,3.5e-10,1e-10,0.0909,25900000000.0,1290000000.0,10.45,-92.37
3.9e-05,2e-05,6e-13,3.5e-10,5e-11,0.0909,25900000000.0,1290000000.0,10.45,-92.43
3.9e-05,2e-05,6e-13,3.5e-10,2e-10,0.0909,25900000000.0,1290000000.0,10.45,-92.35
3.9e-05,2e-05,6e-13,4.5e-10,1e-10,0.0909,23200000000.0,1080000000.0,10.96,-94.89
3.9e-05,2e-05,6e-13,4.5e-10,1.5e-10,0.0909,23200000000.0,1080000000.0,10.96,-94.66
3.9e-05,2e-05,6e-13,4.5e-10,2e-10,0.0909,23200000000.0,1080000000.0,10.96,-94.76
3.9e-05,2e-05,6e-13,4.5e-10,2.5e-10,0.0909,23200000000.0,1080000000.0,10.96,-95.07
3.9e-05,2e-05,6e-13,5e-10,1e-10,0.0909,22300000000.0,1010000000.0,11.16,-92.54
3.9e-05,2e-05,6e-13,5e-10,5e-11,0.0909,22300000000.0,1010000000.0,11.16,-92.82
3.9e-05,2e-05,6e-13,5e-10,1.5e-10,0.0909,22300000000.0,1010000000.0,11.16,-93.19
3.9e-05,2e-05,6e-13,5e-10,2e-10,0.0909,22300000000.0,1010000000.0,11.16,-92.77
3.9e-05,2e-05,6e-13,5e-10,2.5e-10,0.0909,22300000000.0,1010000000.0,11.16,-92.8
3.9e-05,2e-05,7e-13,4e-10,1e-10,0.0909,24400000000.0,1170000000.0,10.73,-95.08
3.9e-05,2e-05,7e-13,4e-10,5e-11,0.0909,24400000000.0,1170000000.0,10.73,-95.04
3.9e-05,2e-05,7e-13,4e-10,1.5e-10,0.0909,24400000000.0,1170000000.0,10.73,-94.72
3.9e-05,2e-05,7e-13,3e-10,1e-10,0.0909,27800000000.0,1460000000.0,10.06,-88.29
3.9e-05,2e-05,7e-13,3e-10,1.5e-10,0.0909,27800000000.0,1460000000.0,10.06,-88.3
3.9e-05,2e-05,7e-13,3.5e-10,5e-11,0.0909,25900000000.0,1290000000.0,10.45,-92.38
3.9e-05,2e-05,7e-13,3.5e-10,1.5e-10,0.0909,25900000000.0,1290000000.0,10.45,-92.06
3.9e-05,2e-05,7e-13,4.5e-10,1e-10,0.0909,23200000000.0,1080000000.0,10.96,-94.65
3.9e-05,2e-05,7e-13,4.5e-10,5e-11,0.0909,23200000000.0,1080000000.0,10.96,-94.92
3.9e-05,2e-05,7e-13,4.5e-10,1.5e-10,0.0909,23200000000.0,1080000000.0,10.96,-94.86
3.9e-05,2e-05,7e-13,4.5e-10,2e-10,0.0909,23200000000.0,1080000000.0,10.96,-94.81
3.9e-05,2e-05,7e-13,4.5e-10,2.5e-10,0.0909,23200000000.0,1080000000.0,10.96,-94.78
3.9e-05,2e-05,7e-13,5e-10,1e-10,0.0909,22300000000.0,1010000000.0,11.16,-92.93
3.9e-05,2e-05,7e-13,5e-10,5e-11,0.0909,22300000000.0,1010000000.0,11.16,-92.38
3.9e-05,2e-05,7e-13,5e-10,1.5e-10,0.0909,22300000000.0,1010000000.0,11.16,-92.66
3.9e-05,2.1e-05,5e-13,4e-10,1e-10,0.0909,24300000000.0,1160000000.0,10.72,-95.37
3.9e-05,2.1e-05,5e-13,4e-10,5e-11,0.0909,24300000000.0,1160000000.0,10.72,-95.22
3.9e-05,2.1e-05,5e-13,4e-10,1.5e-10,0.0909,24300000000.0,1160000000.0,10.72,-95.2
3.9e-05,2.1e-05,5e-13,4e-10,2e-10,0.0909,24300000000.0,1160000000.0,10.72,-95.21
3.9e-05,2.1e-05,5e-13,4e-10,2.5e-10,0.0909,24300000000.0,1160000000.0,10.72,-95.34
3.9e-05,2.1e-05,5e-13,3e-10,1e-10,0.0909,27700000000.0,1440000000.0,10.04,-88.3
3.9e-05,2.1e-05,5e-13,3e-10,5e-11,0.0909,27700000000.0,1440000000.0,10.04,-88.45
3.9e-05,2.1e-05,5e-13,3e-10,1.5e-10,0.0909,27700000000.0,1440000000.0,10.04,-88.42
3.9e-05,2.1e-05,5e-13,3e-10,2e-10,0.0909,27700000000.0,1440000000.0,10.04,-88.51
3.9e-05,2.1e-05,5e-13,3e-10,2.5e-10,0.0909,27700000000.0,1440000000.0,10.04,-88.76
3.9e-05,2.1e-05,5e-13,3.5e-10,1e-10,0.0909,25800000000.0,1280000000.0,10.43,-92.66
3.9e-05,2.1e-05,5e-13,3.5e-10,5e-11,0.0909,25800000000.0,1280000000.0,10.43,-92.68
3.9e-05,2.1e-05,5e-13,3.5e-10,1.5e-10,0.0909,25800000000.0,1270000000.0,10.43,-92.67
3.9e-05,2.1e-05,5e-13,3.5e-10,2e-10,0.0909,25800000000.0,1270000000.0,10.43,-92.5
3.9e-05,2.1e-05,5e-13,3.5e-10,2.5e-10,0.0909,25800000000.0,1280000000.0,10.43,-92.61
3.9e-05,2.1e-05,5e-13,4.5e-10,1e-10,0.0909,23200000000.0,1070000000.0,10.95,-94.48
3.9e-05,2.1e-05,5e-13,4.5e-10,5e-11,0.0909,23200000000.0,1070000000.0,10.95,-94.85
3.9e-05,2.1e-05,5e-13,4.5e-10,1.5e-10,0.0909,23200000000.0,1070000000.0,10.95,-94.66
3.9e-05,2.1e-05,5e-13,4.5e-10,2e-10,0.0909,23200000000.0,1080000000.0,10.95,-92.47
3.9e-05,2.1e-05,5e-13,4.5e-10,2.5e-10,0.0909,23200000000.0,1070000000.0,10.95,-94.65
3.9e-05,2.1e-05,5e-13,5e-10,1e-10,0.0909,22200000000.0,999000000.0,11.15,-92.37
3.9e-05,2.1e-05,5e-13,5e-10,5e-11,0.0909,22200000000.0,1010000000.0,11.15,-92.94
3.9e-05,2.1e-05,5e-13,5e-10,1.5e-10,0.0909,22200000000.0,1010000000.0,11.15,-92.87
3.9e-05,2.1e-05,5e-13,5e-10,2e-10,0.0909,22200000000.0,1000000000.0,11.15,-92.64
3.9e-05,2.1e-05,5e-13,5e-10,2.5e-10,0.0909,22200000000.0,1010000000.0,11.15,-92.12
3.9e-05,2.1e-05,3e-13,4e-10,1e-10,0.0909,24300000000.0,1160000000.0,10.72,-95.33
3.9e-05,2.1e-05,3e-13,4e-10,5e-11,0.0909,24300000000.0,1160000000.0,10.72,-95.35
3.9e-05,2.1e-05,3e-13,4e-10,1.5e-10,0.0909,24300000000.0,1160000000.0,10.72,-95.24
3.9e-05,2.1e-05,3e-13,4e-10,2.5e-10,0.0909,24300000000.0,1160000000.0,10.72,-95.39
3.9e-05,2.1e-05,3e-13,3e-10,1e-10,0.0909,27700000000.0,1440000000.0,10.04,-88.65
3.9e-05,2.1e-05,3e-13,3e-10,5e-11,0.0909,27700000000.0,1440000000.0,10.04,-88.53
3.9e-05,2.1e-05,3e-13,3e-10,1.5e-10,0.0909,27700000000.0,1440000000.0,10.04,-88.48
3.9e-05,2.1e-05,3e-13,3e-10,2e-10,0.0909,27700000000.0,1440000000.0,10.04,-88.56
3.9e-05,2.1e-05,3e-13,3e-10,2.5e-10,0.0909,27700000000.0,1440000000.0,10.04,-88.47
3.9e-05,2.1e-05,3e-13,3.5e-10,1e-10,0.0909,25800000000.0,1280000000.0,10.43,-92.76
3.9e-05,2.1e-05,3e-13,3.5e-10,5e-11,0.0909,25800000000.0,1280000000.0,10.43,-92.59
3.9e-05,2.1e-05,3e-13,3.5e-10,1.5e-10,0.0909,25800000000.0,1280000000.0,10.43,-92.57
3.9e-05,2.1e-05,3e-13,3.5e-10,2e-10,0.0909,25800000000.0,1280000000.0,10.43,-92.44
3.9e-05,2.1e-05,3e-13,3.5e-10,2.5e-10,0.0909,25800000000.0,1280000000.0,10.43,-92.62
3.9e-05,2.1e-05,3e-13,4.5e-10,1e-10,0.0909,23200000000.0,1070000000.0,10.95,-94.58
3.9e-05,2.1e-05,3e-13,4.5e-10,5e-11,0.0909,23200000000.0,1070000000.0,10.95,-94.63
3.9e-05,2.1e-05,3e-13,4.5e-10,1.5e-10,0.0909,23200000000.0,1080000000.0,10.95,-94.61
3.9e-05,2.1e-05,3e-13,4.5e-10,2e-10,0.0909,23200000000.0,1070000000.0,10.95,-94.6
3.9e-05,2.1e-05,3e-13,4.5e-10,2.5e-10,0.0909,23200000000.0,1080000000.0,10.95,-94.57
3.9e-05,2.1e-05,3e-13,5e-10,1e-10,0.0909,22300000000.0,1010000000.0,11.15,-92.74
3.9e-05,2.1e-05,3e-13,5e-10,5e-11,0.0909,22300000000.0,1000000000.0,11.15,-92.86
3.9e-05,2.1e-05,3e-13,5e-10,1.5e-10,0.0909,22200000000.0,1010000000.0,11.15,-92.29
3.9e-05,2.1e-05,3e-13,5e-10,2e-10,0.0909,22200000000.0,1010000000.0,11.15,-92.22
3.9e-05,2.1e-05,3e-13,5e-10,2.5e-10,0.0909,22200000000.0,1000000000.0,11.15,-92.74
3.9e-05,2.1e-05,4e-13,4e-10,5e-11,0.0909,24300000000.0,1160000000.0,10.72,-95.32
3.9e-05,2.1e-05,4e-13,4e-10,1.5e-10,0.0909,24300000000.0,1160000000.0,10.72,-95.3
3.9e-05,2.1e-05,4e-13,4e-10,2e-10,0.0909,24300000000.0,1160000000.0,10.72,-95.25
3.9e-05,2.1e-05,4e-13,3e-10,1e-10,0.0909,27700000000.0,1440000000.0,10.04,-88.74
3.9e-05,2.1e-05,4e-13,3e-10,5e-11,0.0909,27700000000.0,1440000000.0,10.04,-88.63
3.9e-05,2.1e-05,4e-13,3e-10,1.5e-10,0.0909,27700000000.0,1440000000.0,10.04,-88.46
3.9e-05,2.1e-05,4e-13,3e-10,2.5e-10,0.0909,27700000000.0,1440000000.0,10.04,-88.64
3.9e-05,2.1e-05,4e-13,3.5e-10,1e-10,0.0909,25800000000.0,1270000000.0,10.43,-92.45
3.9e-05,2.1e-05,4e-13,3.5e-10,5e-11,0.0909,25800000000.0,1280000000.0,10.43,-92.54
3.9e-05,2.1e-05,4e-13,3.5e-10,2e-10,0.0909,25800000000.0,1280000000.0,10.43,-92.46
3.9e-05,2.1e-05,4e-13,3.5e-10,2.5e-10,0.0909,25800000000.0,1280000000.0,10.43,-92.52
3.9e-05,2.1e-05,4e-13,4.5e-10,1e-10,0.0909,23200000000.0,1070000000.0,10.95,-94.33
3.9e-05,2.1e-05,4e-13,4.5e-10,5e-11,0.0909,23200000000.0,1070000000.0,10.95,-94.39
3.9e-05,2.1e-05,4e-13,4.5e-10,1.5e-10,0.0909,23200000000.0,1070000000.0,10.95,-94.43
3.9e-05,2.1e-05,4e-13,4.5e-10,2e-10,0.0909,23200000000.0,1070000000.0,10.95,-94.59
3.9e-05,2.1e-05,4e-13,4.5e-10,2.5e-10,0.0909,23200000000.0,1070000000.0,10.95,-94.53
3.9e-05,2.1e-05,4e-13,5e-10,1e-10,0.0909,22200000000.0,1000000000.0,11.15,-92.95
3.9e-05,2.1e-05,4e-13,5e-10,5e-11,0.0909,22200000000.0,1000000000.0,11.15,-92.39
3.9e-05,2.1e-05,4e-13,5e-10,1.5e-10,0.0909,22200000000.0,1010000000.0,11.15,-92.49
3.9e-05,2.1e-05,4e-13,5e-10,2e-10,0.0909,22200000000.0,1010000000.0,11.15,-92.76
3.9e-05,2.1e-05,6e-13,4e-10,1e-10,0.0909,24300000000.0,1160000000.0,10.72,-95.36
3.9e-05,2.1e-05,6e-13,4e-10,5e-11,0.0909,24300000000.0,1160000000.0,10.72,-95.31
3.9e-05,2.1e-05,6e-13,4e-10,2e-10,0.0909,24300000000.0,1160000000.0,10.72,-95.41
3.9e-05,2.1e-05,6e-13,3e-10,1e-10,0.0909,27700000000.0,1440000000.0,10.04,-88.43
3.9e-05,2.1e-05,6e-13,3e-10,5e-11,0.0909,27700000000.0,1440000000.0,10.04,-88.4
3.9e-05,2.1e-05,6e-13,3.5e-10,1e-10,0.0909,25800000000.0,1270000000.0,10.43,-92.48
3.9e-05,2.1e-05,6e-13,3.5e-10,5e-11,0.0909,25800000000.0,1280000000.0,10.43,-92.36
3.9e-05,2.1e-05,6e-13,3.5e-10,1.5e-10,0.0909,25800000000.0,1280000000.0,10.43,-92.69
3.9e-05,2.1e-05,6e-13,3.5e-10,2e-10,0.0909,25800000000.0,1280000000.0,10.43,-92.4
3.9e-05,2.1e-05,6e-13,4.5e-10,1e-10,0.0909,23200000000.0,1070000000.0,10.95,-94.52
3.9e-05,2.1e-05,6e-13,4.5e-10,5e-11,0.0909,23200000000.0,1070000000.0,10.95,-94.99
3.9e-05,2.1e-05,6e-13,4.5e-10,1.5e-10,0.0909,23200000000.0,1070000000.0,10.95,-94.45
3.9e-05,2.1e-05,6e-13,4.5e-10,2e-10,0.0909,23200000000.0,1070000000.0,10.95,-94.31
3.9e-05,2.1e-05,6e-13,4.5e-10,2.5e-10,0.0909,23200000000.0,1070000000.0,10.95,-94.47
3.9e-05,2.1e-05,6e-13,5e-10,1e-10,0.0909,22200000000.0,1010000000.0,11.15,-92.81
3.9e-05,2.1e-05,6e-13,5e-10,5e-11,0.0909,22200000000.0,1010000000.0,11.15,-92.62
3.9e-05,2.1e-05,6e-13,5e-10,1.5e-10,0.0909,22200000000.0,1010000000.0,11.15,-92.6
3.9e-05,2.1e-05,6e-13,5e-10,2e-10,0.0909,22200000000.0,1010000000.0,11.15,-92.26
3.9e-05,2.1e-05,6e-13,5e-10,2.5e-10,0.0909,22200000000.0,1000000000.0,11.15,-92.31
3.9e-05,2.1e-05,7e-13,4e-10,2e-10,0.0909,24300000000.0,1160000000.0,10.72,-95.15
3.9e-05,2.1e-05,7e-13,4e-10,2.5e-10,0.0909,24300000000.0,1160000000.0,10.72,-95.23
3.9e-05,2.1e-05,7e-13,3e-10,1e-10,0.0909,27700000000.0,1440000000.0,10.04,-88.57
3.9e-05,2.1e-05,7e-13,3e-10,5e-11,0.0909,27700000000.0,1440000000.0,10.04,-88.36
3.9e-05,2.1e-05,7e-13,3.5e-10,5e-11,0.0909,25800000000.0,1270000000.0,10.43,-92.62
3.9e-05,2.1e-05,7e-13,3.5e-10,1.5e-10,0.0909,25800000000.0,1270000000.0,10.43,-92.52
3.9e-05,2.1e-05,7e-13,3.5e-10,2.5e-10,0.0909,25800000000.0,1270000000.0,10.43,-92.41
3.9e-05,2.1e-05,7e-13,4.5e-10,5e-11,0.0909,23200000000.0,1080000000.0,10.95,-94.55
3.9e-05,2.1e-05,7e-13,4.5e-10,1.5e-10,0.0909,23200000000.0,1080000000.0,10.95,-94.72
3.9e-05,2.1e-05,7e-13,4.5e-10,2e-10,0.0909,23200000000.0,1070000000.0,10.95,-94.25
3.9e-05,2.1e-05,7e-13,4.5e-10,2.5e-10,0.0909,23200000000.0,1070000000.0,10.95,-94.54
3.9e-05,2.1e-05,7e-13,5e-10,1e-10,0.0909,22200000000.0,1000000000.0,11.15,-93.03
3.9e-05,2.1e-05,7e-13,5e-10,5e-11,0.0909,22200000000.0,1000000000.0,11.15,-92.57
3.9e-05,2.1e-05,7e-13,5e-10,1.5e-10,0.0909,22200000000.0,1010000000.0,11.15,-92.86
3.9e-05,2.1e-05,7e-13,5e-10,2e-10,0.0909,22200000000.0,1010000000.0,11.15,-92.71
3.9e-05,2.1e-05,7e-13,5e-10,2.5e-10,0.0909,22200000000.0,1010000000.0,11.15,-92.99
3.9e-05,2.2e-05,5e-13,4e-10,1e-10,0.0909,24300000000.0,1150000000.0,10.71,-95.22
3.9e-05,2.2e-05,5e-13,4e-10,5e-11,0.0909,24300000000.0,1150000000.0,10.71,-95.41
3.9e-05,2.2e-05,5e-13,4e-10,1.5e-10,0.0909,24300000000.0,1140000000.0,10.71,-95.26
3.9e-05,2.2e-05,5e-13,4e-10,2e-10,0.0909,24300000000.0,1150000000.0,10.71,-95.1
3.9e-05,2.2e-05,5e-13,4e-10,2.5e-10,0.0909,24300000000.0,1140000000.0,10.71,-95.31
3.9e-05,2.2e-05,5e-13,3e-10,1e-10,0.0909,27600000000.0,1420000000.0,10.02,-88.78
3.9e-05,2.2e-05,5e-13,3e-10,5e-11,0.0909,27600000000.0,1420000000.0,10.02,-88.66
3.9e-05,2.2e-05,5e-13,3e-10,1.5e-10,0.0909,27600000000.0,1420000000.0,10.02,-88.73
3.9e-05,2.2e-05,5e-13,3e-10,2.5e-10,0.0909,27600000000.0,1420000000.0,10.02,-88.68
3.9e-05,2.2e-05,5e-13,3.5e-10,1e-10,0.0909,25700000000.0,1260000000.0,10.42,-92.92
3.9e-05,2.2e-05,5e-13,3.5e-10,5e-11,0.0909,25700000000.0,1260000000.0,10.42,-92.71
3.9e-05,2.2e-05,5e-13,3.5e-10,1.5e-10,0.0909,25700000000.0,1260000000.0,10.42,-92.72
3.9e-05,2.2e-05,5e-13,3.5e-10,2e-10,0.0909,25700000000.0,1260000000.0,10.42,-92.63
3.9e-05,2.2e-05,5e-13,3.5e-10,2.5e-10,0.0909,25700000000.0,1260000000.0,10.42,-92.89
3.9e-05,2.2e-05,5e-13,4.5e-10,1e-10,0.0909,23100000000.0,1060000000.0,10.94,-94.35
3.9e-05,2.2e-05,5e-13,4.5e-10,5e-11,0.0909,23100000000.0,1060000000.0,10.94,-94.32
3.9e-05,2.2e-05,5e-13,4.5e-10,1.5e-10,0.0909,23100000000.0,1060000000.0,10.94,-93.81
3.9e-05,2.2e-05,5e-13,4.5e-10,2e-10,0.0909,23100000000.0,1060000000.0,10.94,-94.48
3.9e-05,2.2e-05,5e-13,4.5e-10,2.5e-10,0.0909,23100000000.0,1060000000.0,10.94,-94.17
3.9e-05,2.2e-05,5e-13,5e-10,1e-10,0.0909,22200000000.0,994000000.0,11.15,-92.48
3.9e-05,2.2e-05,5e-13,5e-10,5e-11,0.0909,22200000000.0,993000000.0,11.15,-92.52
3.9e-05,2.2e-05,5e-13,5e-10,1.5e-10,0.0909,22200000000.0,989000000.0,11.15,-92.23
3.9e-05,2.2e-05,5e-13,5e-10,2e-10,0.0909,22200000000.0,995000000.0,11.14,-92.6
3.9e-05,2.2e-05,5e-13,5e-10,2.5e-10,0.0909,22200000000.0,993000000.0,11.15,-93.03
3.9e-05,2.2e-05,3e-13,4e-10,1e-10,0.0909,24300000000.0,1140000000.0,10.71,-95.27
3.9e-05,2.2e-05,3e-13,4e-10,5e-11,0.0909,24300000000.0,1140000000.0,10.71,-95.36
3.9e-05,2.2e-05,3e-13,4e-10,1.5e-10,0.0909,24300000000.0,1140000000.0,10.71,-95.39
3.9e-05,2.2e-05,3e-13,4e-10,2e-10,0.0909,24300000000.0,1140000000.0,10.71,-95.41
3.9e-05,2.2e-05,3e-13,4e-10,2.5e-10,0.0909,24300000000.0,1150000000.0,10.71,-95.42
3.9e-05,2.2e-05,3e-13,3e-10,1e-10,0.0909,27600000000.0,1420000000.0,10.02,-88.77
3.9e-05,2.2e-05,3e-13,3e-10,2e-10,0.0909,27600000000.0,1420000000.0,10.02,-88.74
3.9e-05,2.2e-05,3e-13,3e-10,2.5e-10,0.0909,27600000000.0,1420000000.0,10.02,-88.75
3.9e-05,2.2e-05,3e-13,3.5e-10,1e-10,0.0909,25700000000.0,1260000000.0,10.42,-93.02
3.9e-05,2.2e-05,3e-13,3.5e-10,5e-11,0.0909,25700000000.0,1260000000.0,10.42,-92.99
3.9e-05,2.2e-05,3e-13,3.5e-10,1.5e-10,0.0909,25700000000.0,1260000000.0,10.42,-93.04
3.9e-05,2.2e-05,3e-13,3.5e-10,2.5e-10,0.0909,25700000000.0,1260000000.0,10.42,-92.94
3.9e-05,2.2e-05,3e-13,4.5e-10,1e-10,0.0909,23100000000.0,1060000000.0,10.94,-94.62
3.9e-05,2.2e-05,3e-13,4.5e-10,5e-11,0.0909,23100000000.0,1060000000.0,10.94,-94.83
3.9e-05,2.2e-05,3e-13,4.5e-10,2e-10,0.0909,23100000000.0,1060000000.0,10.94,-94.49
3.9e-05,2.2e-05,3e-13,4.5e-10,2.5e-10,0.0909,23100000000.0,1060000000.0,10.94,-94.38
3.9e-05,2.2e-05,3e-13,5e-10,1e-10,0.0909,22200000000.0,995000000.0,11.15,-92.44
3.9e-05,2.2e-05,3e-13,5e-10,5e-11,0.0909,22200000000.0,995000000.0,11.15,-92.08
3.9e-05,2.2e-05,3e-13,5e-10,1.5e-10,0.0909,22200000000.0,994000000.0,11.15,-92.57
3.9e-05,2.2e-05,3e-13,5e-10,2e-10,0.0909,22200000000.0,996000000.0,11.14,-92.3
3.9e-05,2.2e-05,3e-13,5e-10,2.5e-10,0.0909,22200000000.0,991000000.0,11.15,-93.25
3.9e-05,2.2e-05,4e-13,4e-10,5e-11,0.0909,24300000000.0,1140000000.0,10.71,-95.42
3.9e-05,2.2e-05,4e-13,4e-10,1.5e-10,0.0909,24300000000.0,1150000000.0,10.71,-95.3
3.9e-05,2.2e-05,4e-13,4e-10,2e-10,0.0909,24300000000.0,1150000000.0,10.71,-95.39
3.9e-05,2.2e-05,4e-13,4e-10,2.5e-10,0.0909,24300000000.0,1150000000.0,10.71,-95.37
3.9e-05,2.2e-05,4e-13,3e-10,1e-10,0.0909,27600000000.0,1420000000.0,10.02,-88.7
3.9e-05,2.2e-05,4e-13,3e-10,5e-11,0.0909,27600000000.0,1420000000.0,10.02,-88.69
3.9e-05,2.2e-05,4e-13,3.5e-10,1e-10,0.0909,25700000000.0,1260000000.0,10.42,-92.62
3.9e-05,2.2e-05,4e-13,3.5e-10,5e-11,0.0909,25700000000.0,1260000000.0,10.42,-93.06
3.9e-05,2.2e-05,4e-13,3.5e-10,1.5e-10,0.0909,25700000000.0,1260000000.0,10.42,-92.97
3.9e-05,2.2e-05,4e-13,3.5e-10,2e-10,0.0909,25700000000.0,1260000000.0,10.42,-92.88
3.9e-05,2.2e-05,4e-13,4.5e-10,1e-10,0.0909,23100000000.0,1060000000.0,10.94,-94.39
3.9e-05,2.2e-05,4e-13,4.5e-10,5e-11,0.0909,23100000000.0,1050000000.0,10.94,-94.19
3.9e-05,2.2e-05,4e-13,4.5e-10,2e-10,0.0909,23100000000.0,1060000000.0,10.94,-94.36
3.9e-05,2.2e-05,4e-13,5e-10,1e-10,0.0909,22200000000.0,995000000.0,11.15,-92.65
3.9e-05,2.2e-05,4e-13,5e-10,5e-11,0.0909,22200000000.0,995000000.0,11.15,-92.62
3.9e-05,2.2e-05,4e-13,5e-10,1.5e-10,0.0909,22200000000.0,997000000.0,11.15,-92.19
3.9e-05,2.2e-05,4e-13,5e-10,2e-10,0.0909,22200000000.0,993000000.0,11.15,-92.44
3.9e-05,2.2e-05,4e-13,5e-10,2.5e-10,0.0909,22200000000.0,996000000.0,11.14,-92.47
3.9e-05,2.2e-05,6e-13,4e-10,5e-11,0.0909,24300000000.0,1140000000.0,10.71,-95.38
3.9e-05,2.2e-05,6e-13,4e-10,1.5e-10,0.0909,24300000000.0,1150000000.0,10.71,-95.4
3.9e-05,2.2e-05,6e-13,4e-10,2.5e-10,0.0909,24300000000.0,1150000000.0,10.71,-95.38
3.9e-05,2.2e-05,6e-13,3e-10,1e-10,0.0909,27600000000.0,1420000000.0,10.02,-88.72
3.9e-05,2.2e-05,6e-13,3e-10,5e-11,0.0909,27600000000.0,1420000000.0,10.02,-88.71
3.9e-05,2.2e-05,6e-13,3e-10,2e-10,0.0909,27600000000.0,1420000000.0,10.02,-88.59
3.9e-05,2.2e-05,6e-13,3e-10,2.5e-10,0.0909,27600000000.0,1420000000.0,10.02,-88.65
3.9e-05,2.2e-05,6e-13,3.5e-10,1e-10,0.0909,25700000000.0,1260000000.0,10.42,-92.67
3.9e-05,2.2e-05,6e-13,3.5e-10,5e-11,0.0909,25700000000.0,1260000000.0,10.42,-92.75
3.9e-05,2.2e-05,6e-13,3.5e-10,1.5e-10,0.0909,25700000000.0,1260000000.0,10.42,-92.69
3.9e-05,2.2e-05,6e-13,3.5e-10,2e-10,0.0909,25700000000.0,1260000000.0,10.42,-92.65
3.9e-05,2.2e-05,6e-13,3.5e-10,2.5e-10,0.0909,25700000000.0,1260000000.0,10.42,-92.55
3.9e-05,2.2e-05,6e-13,4.5e-10,1e-10,0.0909,23100000000.0,1060000000.0,10.94,-94.51
3.9e-05,2.2e-05,6e-13,4.5e-10,5e-11,0.0909,23100000000.0,1070000000.0,10.94,-94.1
3.9e-05,2.2e-05,6e-13,4.5e-10,1.5e-10,0.0909,23100000000.0,1060000000.0,10.94,-94.29
3.9e-05,2.2e-05,6e-13,4.5e-10,2e-10,0.0909,23100000000.0,1050000000.0,10.94,-94.98
3.9e-05,2.2e-05,6e-13,4.5e-10,2.5e-10,0.0909,23100000000.0,1060000000.0,10.94,-94.03
3.9e-05,2.2e-05,6e-13,5e-10,1e-10,0.0909,22200000000.0,991000000.0,11.15,-92.39
3.9e-05,2.2e-05,6e-13,5e-10,5e-11,0.0909,22200000000.0,999000000.0,11.15,-92.4
3.9e-05,2.2e-05,6e-13,5e-10,1.5e-10,0.0909,22200000000.0,996000000.0,11.15,-92.6
3.9e-05,2.2e-05,6e-13,5e-10,2e-10,0.0909,22200000000.0,999000000.0,11.15,-92.72
3.9e-05,2.2e-05,6e-13,5e-10,2.5e-10,0.0909,22200000000.0,994000000.0,11.15,-92.36
3.9e-05,2.2e-05,7e-13,4e-10,1e-10,0.0909,24300000000.0,1140000000.0,10.71,-95.4
3.9e-05,2.2e-05,7e-13,4e-10,2e-10,0.0909,24300000000.0,1140000000.0,10.71,-95.23
3.9e-05,2.2e-05,7e-13,4e-10,2.5e-10,0.0909,24300000000.0,1150000000.0,10.71,-95.33
3.9e-05,2.2e-05,7e-13,3e-10,1e-10,0.0909,27600000000.0,1420000000.0,10.02,-88.55
3.9e-05,2.2e-05,7e-13,3e-10,1.5e-10,0.0909,27600000000.0,1420000000.0,10.02,-88.76
3.9e-05,2.2e-05,7e-13,3.5e-10,1e-10,0.0909,25700000000.0,1260000000.0,10.42,-92.74
3.9e-05,2.2e-05,7e-13,3.5e-10,5e-11,0.0909,25700000000.0,1260000000.0,10.42,-92.81
3.9e-05,2.2e-05,7e-13,3.5e-10,1.5e-10,0.0909,25700000000.0,1260000000.0,10.42,-92.84
3.9e-05,2.2e-05,7e-13,3.5e-10,2e-10,0.0909,25700000000.0,1260000000.0,10.42,-92.91
3.9e-05,2.2e-05,7e-13,4.5e-10,1e-10,0.0909,23100000000.0,1050000000.0,10.94,-94.97
3.9e-05,2.2e-05,7e-13,4.5e-10,5e-11,0.0909,23100000000.0,1060000000.0,10.94,-94.41
3.9e-05,2.2e-05,7e-13,4.5e-10,1.5e-10,0.0909,23100000000.0,1060000000.0,10.94,-94.65
3.9e-05,2.2e-05,7e-13,4.5e-10,2e-10,0.0909,23100000000.0,1060000000.0,10.94,-94.44
3.9e-05,2.2e-05,7e-13,4.5e-10,2.5e-10,0.0909,23100000000.0,1060000000.0,10.94,-94.08
3.9e-05,2.2e-05,7e-13,5e-10,5e-11,0.0909,22200000000.0,991000000.0,11.15,-92.17
3.9e-05,2.2e-05,7e-13,5e-10,1.5e-10,0.0909,22200000000.0,988000000.0,11.15,-92.61
3.9e-05,2.2e-05,7e-13,5e-10,2e-10,0.0909,22200000000.0,994000000.0,11.14,-92.71
3.9e-05,2.2e-05,7e-13,5e-10,2.5e-10,0.0909,22200000000.0,996000000.0,11.15,-92.82
3.9e-05,2.3e-05,5e-13,4e-10,1e-10,0.0909,24200000000.0,1120000000.0,10.69,-95.38
3.9e-05,2.3e-05,5e-13,4e-10,5e-11,0.0909,24200000000.0,1130000000.0,10.69,-95.34
3.9e-05,2.3e-05,5e-13,4e-10,1.5e-10,0.0909,24200000000.0,1130000000.0,10.69,-95.39
3.9e-05,2.3e-05,5e-13,4e-10,2e-10,0.0909,24200000000.0,1130000000.0,10.69,-95.38
3.9e-05,2.3e-05,5e-13,4e-10,2.5e-10,0.0909,24200000000.0,1120000000.0,10.69,-95.37
3.9e-05,2.3e-05,5e-13,3e-10,1e-10,0.0909,27600000000.0,1390000000.0,9.99,-88.92
3.9e-05,2.3e-05,5e-13,3e-10,5e-11,0.0909,27600000000.0,1390000000.0,9.99,-88.93
3.9e-05,2.3e-05,5e-13,3e-10,1.5e-10,0.0909,27600000000.0,1390000000.0,9.99,-88.87
3.9e-05,2.3e-05,5e-13,3e-10,2e-10,0.0909,27600000000.0,1390000000.0,9.99,-88.84
3.9e-05,2.3e-05,5e-13,3e-10,2.5e-10,0.0909,27600000000.0,1390000000.0,9.99,-88.8
3.9e-05,2.3e-05,5e-13,3.5e-10,1e-10,0.0909,25700000000.0,1230000000.0,10.4,-93.15
3.9e-05,2.3e-05,5e-13,3.5e-10,5e-11,0.0909,25700000000.0,1230000000.0,10.4,-92.97
3.9e-05,2.3e-05,5e-13,3.5e-10,1.5e-10,0.0909,25700000000.0,1230000000.0,10.4,-92.86
3.9e-05,2.3e-05,5e-13,3.5e-10,2e-10,0.0909,25700000000.0,1230000000.0,10.4,-92.91
3.9e-05,2.3e-05,5e-13,3.5e-10,2.5e-10,0.0909,25700000000.0,1230000000.0,10.4,-93.01
3.9e-05,2.3e-05,5e-13,4.5e-10,1e-10,0.0909,23100000000.0,1040000000.0,10.93,-94.01
3.9e-05,2.3e-05,5e-13,4.5e-10,5e-11,0.0909,23100000000.0,1040000000.0,10.93,-94.47
3.9e-05,2.3e-05,5e-13,4.5e-10,1.5e-10,0.0909,23100000000.0,1050000000.0,10.93,-94.02
3.9e-05,2.3e-05,5e-13,4.5e-10,2e-10,0.0909,23100000000.0,1040000000.0,10.93,-94.28
3.9e-05,2.3e-05,5e-13,4.5e-10,2.5e-10,0.0909,23100000000.0,1040000000.0,10.93,-94.48
3.9e-05,2.3e-05,5e-13,5e-10,1e-10,0.0909,22100000000.0,978000000.0,11.13,-92.27
3.9e-05,2.3e-05,5e-13,5e-10,5e-11,0.0909,22100000000.0,981000000.0,11.13,-92.32
3.9e-05,2.3e-05,5e-13,5e-10,1.5e-10,0.0909,22100000000.0,983000000.0,11.13,-92.39
3.9e-05,2.3e-05,5e-13,5e-10,2e-10,0.0909,22100000000.0,981000000.0,11.13,-92.63
3.9e-05,2.3e-05,5e-13,5e-10,2.5e-10,0.0909,22100000000.0,983000000.0,11.13,-92.27
3.9e-05,2.3e-05,3e-13,4e-10,5e-11,0.0909,24200000000.0,1120000000.0,10.69,-95.4
3.9e-05,2.3e-05,3e-13,4e-10,2e-10,0.0909,24200000000.0,1120000000.0,10.69,-95.34
3.9e-05,2.3e-05,3e-13,3e-10,1e-10,0.0909,27600000000.0,1390000000.0,9.99,-89.03
3.9e-05,2.3e-05,3e-13,3e-10,5e-11,0.0909,27600000000.0,1390000000.0,9.99,-89.05
3.9e-05,2.3e-05,3e-13,3e-10,1.5e-10,0.0909,27600000000.0,1390000000.0,9.99,-88.96
3.9e-05,2.3e-05,3e-13,3e-10,2e-10,0.0909,27600000000.0,1390000000.0,9.99,-89.02
3.9e-05,2.3e-05,3e-13,3.5e-10,1e-10,0.0909,25700000000.0,1230000000.0,10.4,-93.26
3.9e-05,2.3e-05,3e-13,3.5e-10,5e-11,0.0909,25700000000.0,1240000000.0,10.4,-93.26
3.9e-05,2.3e-05,3e-13,3.5e-10,1.5e-10,0.0909,25700000000.0,1240000000.0,10.4,-92.98
3.9e-05,2.3e-05,3e-13,3.5e-10,2e-10,0.0909,25700000000.0,1240000000.0,10.4,-93.14
3.9e-05,2.3e-05,3e-13,3.5e-10,2.5e-10,0.0909,25700000000.0,1240000000.0,10.4,-92.96
3.9e-05,2.3e-05,3e-13,4.5e-10,1e-10,0.0909,23100000000.0,1040000000.0,10.93,-94.16
3.9e-05,2.3e-05,3e-13,4.5e-10,5e-11,0.0909,23100000000.0,1050000000.0,10.93,-94.15
3.9e-05,2.3e-05,3e-13,4.5e-10,1.5e-10,0.0909,23100000000.0,1050000000.0,10.93,-94.25
3.9e-05,2.3e-05,3e-13,4.5e-10,2e-10,0.0909,23100000000.0,1040000000.0,10.93,-94.4
3.9e-05,2.3e-05,3e-13,4.5e-10,2.5e-10,0.0909,23100000000.0,1050000000.0,10.93,-94.26
3.9e-05,2.3e-05,3e-13,5e-10,1e-10,0.0909,22100000000.0,985000000.0,11.13,-90.6
3.9e-05,2.3e-05,3e-13,5e-10,5e-11,0.0909,22100000000.0,977000000.0,11.13,-92.55
3.9e-05,2.3e-05,3e-13,5e-10,1.5e-10,0.0909,22100000000.0,980000000.0,11.13,-92.29
3.9e-05,2.3e-05,3e-13,5e-10,2e-10,0.0909,22100000000.0,978000000.0,11.14,-92.26
3.9e-05,2.3e-05,3e-13,5e-10,2.5e-10,0.0909,22100000000.0,980000000.0,11.13,-92.62
3.9e-05,2.3e-05,4e-13,4e-10,1e-10,0.0909,24200000000.0,1120000000.0,10.69,-95.39
3.9e-05,2.3e-05,4e-13,4e-10,2e-10,0.0909,24200000000.0,1130000000.0,10.69,-95.4
3.9e-05,2.3e-05,4e-13,4e-10,2.5e-10,0.0909,24200000000.0,1130000000.0,10.69,-95.41
3.9e-05,2.3e-05,4e-13,3e-10,1e-10,0.0909,27600000000.0,1390000000.0,9.99,-88.95
3.9e-05,2.3e-05,4e-13,3e-10,5e-11,0.0909,27600000000.0,1390000000.0,9.99,-88.85
3.9e-05,2.3e-05,4e-13,3e-10,1.5e-10,0.0909,27600000000.0,1390000000.0,9.99,-88.94
3.9e-05,2.3e-05,4e-13,3e-10,2e-10,0.0909,27600000000.0,1390000000.0,9.99,-88.86
3.9e-05,2.3e-05,4e-13,3.5e-10,1e-10,0.0909,25700000000.0,1230000000.0,10.4,-92.95
3.9e-05,2.3e-05,4e-13,3.5e-10,5e-11,0.0909,25700000000.0,1230000000.0,10.4,-92.92
3.9e-05,2.3e-05,4e-13,3.5e-10,1.5e-10,0.0909,25700000000.0,1230000000.0,10.4,-93.06
3.9e-05,2.3e-05,4e-13,3.5e-10,2e-10,0.0909,25700000000.0,1240000000.0,10.4,-93.18
3.9e-05,2.3e-05,4e-13,3.5e-10,2.5e-10,0.0909,25700000000.0,1230000000.0,10.4,-92.89
3.9e-05,2.3e-05,4e-13,4.5e-10,1e-10,0.0909,23100000000.0,1040000000.0,10.93,-94.12
3.9e-05,2.3e-05,4e-13,4.5e-10,5e-11,0.0909,23100000000.0,1050000000.0,10.93,-93.75
3.9e-05,2.3e-05,4e-13,4.5e-10,1.5e-10,0.0909,23100000000.0,1050000000.0,10.93,-94.42
3.9e-05,2.3e-05,4e-13,4.5e-10,2e-10,0.0909,23100000000.0,1050000000.0,10.93,-94.07
3.9e-05,2.3e-05,4e-13,5e-10,1e-10,0.0909,22100000000.0,979000000.0,11.13,-92.51
3.9e-05,2.3e-05,4e-13,5e-10,5e-11,0.0909,22100000000.0,982000000.0,11.13,-92.58
3.9e-05,2.3e-05,4e-13,5e-10,1.5e-10,0.0909,22100000000.0,980000000.0,11.13,-92.45
3.9e-05,2.3e-05,4e-13,5e-10,2e-10,0.0909,22100000000.0,979000000.0,11.13,-92.25
3.9e-05,2.3e-05,4e-13,5e-10,2.5e-10,0.0909,22100000000.0,979000000.0,11.13,-92.43
3.9e-05,2.3e-05,6e-13,4e-10,1.5e-10,0.0909,24200000000.0,1120000000.0,10.69,-95.36
3.9e-05,2.3e-05,6e-13,3e-10,1e-10,0.0909,27600000000.0,1380000000.0,9.99,-88.73
3.9e-05,2.3e-05,6e-13,3e-10,5e-11,0.0909,27600000000.0,1390000000.0,9.99,-88.88
3.9e-05,2.3e-05,6e-13,3e-10,1.5e-10,0.0909,27600000000.0,1390000000.0,9.99,-88.83
3.9e-05,2.3e-05,6e-13,3e-10,2.5e-10,0.0909,27600000000.0,1390000000.0,9.99,-88.78
3.9e-05,2.3e-05,6e-13,3.5e-10,1e-10,0.0909,25700000000.0,1230000000.0,10.4,-92.85
3.9e-05,2.3e-05,6e-13,3.5e-10,5e-11,0.0909,25700000000.0,1230000000.0,10.4,-93.07
3.9e-05,2.3e-05,6e-13,3.5e-10,1.5e-10,0.0909,25700000000.0,1230000000.0,10.4,-93.03
3.9e-05,2.3e-05,6e-13,3.5e-10,2e-10,0.0909,25700000000.0,1230000000.0,10.4,-92.94
3.9e-05,2.3e-05,6e-13,3.5e-10,2.5e-10,0.0909,25700000000.0,1230000000.0,10.4,-92.9
3.9e-05,2.3e-05,6e-13,4.5e-10,1e-10,0.0909,23100000000.0,1050000000.0,10.93,-94.27
3.9e-05,2.3e-05,6e-13,4.5e-10,5e-11,0.0909,23100000000.0,1040000000.0,10.93,-94.44
3.9e-05,2.3e-05,6e-13,4.5e-10,1.5e-10,0.0909,23100000000.0,1050000000.0,10.93,-93.93
3.9e-05,2.3e-05,6e-13,4.5e-10,2.5e-10,0.0909,23100000000.0,1050000000.0,10.93,-93.96
3.9e-05,2.3e-05,6e-13,5e-10,5e-11,0.0909,22100000000.0,981000000.0,11.13,-92.05
3.9e-05,2.3e-05,6e-13,5e-10,1.5e-10,0.0909,22100000000.0,974000000.0,11.13,-92.41
3.9e-05,2.3e-05,6e-13,5e-10,2e-10,0.0909,22100000000.0,981000000.0,11.13,-92.06
3.9e-05,2.3e-05,6e-13,5e-10,2.5e-10,0.0909,22100000000.0,978000000.0,11.14,-92.32
3.9e-05,2.3e-05,7e-13,4e-10,1.5e-10,0.0909,24200000000.0,1130000000.0,10.69,-95.27
3.9e-05,2.3e-05,7e-13,4e-10,2.5e-10,0.0909,24200000000.0,1130000000.0,10.69,-95.35
3.9e-05,2.3e-05,7e-13,3e-10,2.5e-10,0.0909,27600000000.0,1390000000.0,9.99,-88.82
3.9e-05,2.3e-05,7e-13,3.5e-10,1e-10,0.0909,25700000000.0,1230000000.0,10.4,-92.82
3.9e-05,2.3e-05,7e-13,3.5e-10,5e-11,0.0909,25700000000.0,1230000000.0,10.4,-93.12
3.9e-05,2.3e-05,7e-13,3.5e-10,2e-10,0.0909,25700000000.0,1230000000.0,10.4,-92.77
3.9e-05,2.3e-05,7e-13,4.5e-10,1e-10,0.0909,23100000000.0,1050000000.0,10.93,-94.5
3.9e-05,2.3e-05,7e-13,4.5e-10,1.5e-10,0.0909,23100000000.0,1040000000.0,10.93,-94.32
3.9e-05,2.3e-05,7e-13,4.5e-10,2e-10,0.0909,23100000000.0,1040000000.0,10.93,-94.18
3.9e-05,2.3e-05,7e-13,4.5e-10,2.5e-10,0.0909,23100000000.0,1040000000.0,10.93,-94.69
3.9e-05,2.3e-05,7e-13,5e-10,1e-10,0.0909,22100000000.0,981000000.0,11.13,-92.44
3.9e-05,2.3e-05,7e-13,5e-10,5e-11,0.0909,22100000000.0,974000000.0,11.13,-92.64
3.9e-05,2.3e-05,7e-13,5e-10,1.5e-10,0.0909,22100000000.0,980000000.0,11.14,-92.32
3.9e-05,2.3e-05,7e-13,5e-10,2e-10,0.0909,22100000000.0,979000000.0,11.13,-92.49
3.9e-05,2.3e-05,7e-13,5e-10,2.5e-10,0.0909,22100000000.0,982000000.0,11.13,-92.28
3.9e-05,2.4e-05,5e-13,4e-10,1e-10,0.0909,24200000000.0,1100000000.0,10.67,-95.37
3.9e-05,2.4e-05,5e-13,4e-10,5e-11,0.0909,24200000000.0,1100000000.0,10.67,-95.35
3.9e-05,2.4e-05,5e-13,4e-10,1.5e-10,0.0909,24200000000.0,1100000000.0,10.67,-95.36
3.9e-05,2.4e-05,5e-13,4e-10,2.5e-10,0.0909,24200000000.0,1100000000.0,10.67,-95.17
3.9e-05,2.4e-05,5e-13,3e-10,1e-10,0.0909,27500000000.0,1350000000.0,9.96,-89.03
3.9e-05,2.4e-05,5e-13,3e-10,5e-11,0.0909,27500000000.0,1350000000.0,9.96,-89.01
3.9e-05,2.4e-05,5e-13,3e-10,1.5e-10,0.0909,27500000000.0,1350000000.0,9.96,-89.11
3.9e-05,2.4e-05,5e-13,3e-10,2e-10,0.0909,27500000000.0,1350000000.0,9.96,-89.1
3.9e-05,2.4e-05,5e-13,3e-10,2.5e-10,0.0909,27500000000.0,1350000000.0,9.96,-89.09
3.9e-05,2.4e-05,5e-13,3.5e-10,1e-10,0.0909,25600000000.0,1200000000.0,10.37,-93.14
3.9e-05,2.4e-05,5e-13,3.5e-10,5e-11,0.0909,25600000000.0,1200000000.0,10.37,-93.32
3.9e-05,2.4e-05,5e-13,3.5e-10,1.5e-10,0.0909,25600000000.0,1200000000.0,10.37,-93.24
3.9e-05,2.4e-05,5e-13,3.5e-10,2e-10,0.0909,25600000000.0,1200000000.0,10.37,-93.1
3.9e-05,2.4e-05,5e-13,3.5e-10,2.5e-10,0.0909,25600000000.0,1200000000.0,10.37,-93.3
3.9e-05,2.4e-05,5e-13,4.5e-10,1e-10,0.0909,23000000000.0,1020000000.0,10.91,-93.95
3.9e-05,2.4e-05,5e-13,4.5e-10,5e-11,0.0909,23000000000.0,1030000000.0,10.92,-94.15
3.9e-05,2.4e-05,5e-13,4.5e-10,1.5e-10,0.0909,23000000000.0,1020000000.0,10.91,-94.11
3.9e-05,2.4e-05,5e-13,4.5e-10,2e-10,0.0909,23000000000.0,1020000000.0,10.92,-94.05
3.9e-05,2.4e-05,5e-13,4.5e-10,2.5e-10,0.0909,23000000000.0,1030000000.0,10.91,-94.29
3.9e-05,2.4e-05,5e-13,5e-10,1e-10,0.0909,22100000000.0,960000000.0,11.12,-92.23
3.9e-05,2.4e-05,5e-13,5e-10,5e-11,0.0909,22100000000.0,959000000.0,11.12,-92.16
3.9e-05,2.4e-05,5e-13,5e-10,1.5e-10,0.0909,22100000000.0,963000000.0,11.12,-92.54
3.9e-05,2.4e-05,5e-13,5e-10,2e-10,0.0909,22100000000.0,954000000.0,11.12,-91.77
3.9e-05,2.4e-05,5e-13,5e-10,2.5e-10,0.0909,22100000000.0,960000000.0,11.12,-92.01
3.9e-05,2.4e-05,3e-13,4e-10,5e-11,0.0909,24200000000.0,1100000000.0,10.68,-95.39
3.9e-05,2.4e-05,3e-13,3e-10,1e-10,0.0909,27500000000.0,1350000000.0,9.96,-89.12
3.9e-05,2.4e-05,3e-13,3e-10,5e-11,0.0909,27500000000.0,1350000000.0,9.96,-89.24
3.9e-05,2.4e-05,3e-13,3e-10,2e-10,0.0909,27500000000.0,1350000000.0,9.96,-89.17
3.9e-05,2.4e-05,3e-13,3e-10,2.5e-10,0.0909,27500000000.0,1350000000.0,9.96,-89.18
3.9e-05,2.4e-05,3e-13,3.5e-10,1e-10,0.0909,25600000000.0,1210000000.0,10.37,-93.27
3.9e-05,2.4e-05,3e-13,3.5e-10,5e-11,0.0909,25600000000.0,1200000000.0,10.37,-93.53
3.9e-05,2.4e-05,3e-13,3.5e-10,1.5e-10,0.0909,25600000000.0,1200000000.0,10.37,-93.43
3.9e-05,2.4e-05,3e-13,3.5e-10,2e-10,0.0909,25600000000.0,1200000000.0,10.37,-93.16
3.9e-05,2.4e-05,3e-13,3.5e-10,2.5e-10,0.0909,25600000000.0,1200000000.0,10.37,-93.06
3.9e-05,2.4e-05,3e-13,4.5e-10,1e-10,0.0909,23000000000.0,1020000000.0,10.92,-93.61
3.9e-05,2.4e-05,3e-13,4.5e-10,5e-11,0.0909,23000000000.0,1020000000.0,10.91,-93.42
3.9e-05,2.4e-05,3e-13,4.5e-10,1.5e-10,0.0909,23000000000.0,1020000000.0,10.92,-93.88
3.9e-05,2.4e-05,3e-13,4.5e-10,2e-10,0.0909,23000000000.0,1020000000.0,10.91,-93.9
3.9e-05,2.4e-05,3e-13,4.5e-10,2.5e-10,0.0909,23000000000.0,1020000000.0,10.92,-94.17
3.9e-05,2.4e-05,3e-13,5e-10,1e-10,0.0909,22100000000.0,961000000.0,11.12,-92.11
3.9e-05,2.4e-05,3e-13,5e-10,5e-11,0.0909,22100000000.0,961000000.0,11.12,-92.25
3.9e-05,2.4e-05,3e-13,5e-10,1.5e-10,0.0909,22100000000.0,967000000.0,11.12,-92.05
3.9e-05,2.4e-05,3e-13,5e-10,2e-10,0.0909,22100000000.0,959000000.0,11.12,-92.05
3.9e-05,2.4e-05,3e-13,5e-10,2.5e-10,0.0909,22100000000.0,956000000.0,11.12,-91.94
3.9e-05,2.4e-05,4e-13,4e-10,1e-10,0.0909,24200000000.0,1100000000.0,10.67,-95.26
3.9e-05,2.4e-05,4e-13,4e-10,1.5e-10,0.0909,24200000000.0,1100000000.0,10.67,-95.33
3.9e-05,2.4e-05,4e-13,3e-10,1e-10,0.0909,27500000000.0,1350000000.0,9.96,-89.2
3.9e-05,2.4e-05,4e-13,3e-10,5e-11,0.0909,27500000000.0,1350000000.0,9.96,-89.13
3.9e-05,2.4e-05,4e-13,3e-10,1.5e-10,0.0909,27500000000.0,1350000000.0,9.96,-89.07
3.9e-05,2.4e-05,4e-13,3e-10,2e-10,0.0909,27500000000.0,1350000000.0,9.96,-89.04
3.9e-05,2.4e-05,4e-13,3e-10,2.5e-10,0.0909,27500000000.0,1350000000.0,9.96,-89.02
3.9e-05,2.4e-05,4e-13,3.5e-10,1e-10,0.0909,25600000000.0,1200000000.0,10.37,-93.36
3.9e-05,2.4e-05,4e-13,3.5e-10,5e-11,0.0909,25600000000.0,1200000000.0,10.37,-93.23
3.9e-05,2.4e-05,4e-13,4.5e-10,1e-10,0.0909,23000000000.0,1020000000.0,10.91,-94.07
3.9e-05,2.4e-05,4e-13,4.5e-10,5e-11,0.0909,23000000000.0,1030000000.0,10.92,-94.13
3.9e-05,2.4e-05,4e-13,4.5e-10,1.5e-10,0.0909,23000000000.0,1020000000.0,10.91,-93.98
3.9e-05,2.4e-05,4e-13,4.5e-10,2e-10,0.0909,23000000000.0,1020000000.0,10.92,-94.16
3.9e-05,2.4e-05,4e-13,4.5e-10,2.5e-10,0.0909,23000000000.0,1020000000.0,10.91,-93.61
3.9e-05,2.4e-05,4e-13,5e-10,1e-10,0.0909,22100000000.0,964000000.0,11.12,-92.21
3.9e-05,2.4e-05,4e-13,5e-10,5e-11,0.0909,22100000000.0,964000000.0,11.12,-91.86
3.9e-05,2.4e-05,4e-13,5e-10,1.5e-10,0.0909,22100000000.0,958000000.0,11.12,-92.03
3.9e-05,2.4e-05,4e-13,5e-10,2e-10,0.0909,22100000000.0,961000000.0,11.12,-92.23
3.9e-05,2.4e-05,4e-13,5e-10,2.5e-10,0.0909,22100000000.0,958000000.0,11.12,-92.07
3.9e-05,2.4e-05,6e-13,4e-10,2e-10,0.0909,24200000000.0,1100000000.0,10.67,-95.08
3.9e-05,2.4e-05,6e-13,3e-10,5e-11,0.0909,27500000000.0,1350000000.0,9.96,-89.08
3.9e-05,2.4e-05,6e-13,3e-10,2.5e-10,0.0909,27500000000.0,1350000000.0,9.96,-89.25
3.9e-05,2.4e-05,6e-13,3.5e-10,1e-10,0.0909,25600000000.0,1200000000.0,10.37,-93.29
3.9e-05,2.4e-05,6e-13,3.5e-10,5e-11,0.0909,25600000000.0,1200000000.0,10.37,-93.11
3.9e-05,2.4e-05,6e-13,3.5e-10,2e-10,0.0909,25600000000.0,1200000000.0,10.37,-93.21
3.9e-05,2.4e-05,6e-13,4.5e-10,1e-10,0.0909,23000000000.0,1020000000.0,10.91,-94.14
3.9e-05,2.4e-05,6e-13,4.5e-10,5e-11,0.0909,23000000000.0,1020000000.0,10.91,-93.93
3.9e-05,2.4e-05,6e-13,4.5e-10,1.5e-10,0.0909,23000000000.0,1020000000.0,10.91,-94.68
3.9e-05,2.4e-05,6e-13,4.5e-10,2e-10,0.0909,23000000000.0,1020000000.0,10.92,-94.36
3.9e-05,2.4e-05,6e-13,4.5e-10,2.5e-10,0.0909,23000000000.0,1020000000.0,10.92,-94.35
3.9e-05,2.4e-05,6e-13,5e-10,1e-10,0.0909,22100000000.0,962000000.0,11.12,-92.25
3.9e-05,2.4e-05,6e-13,5e-10,5e-11,0.0909,22100000000.0,960000000.0,11.12,-92.26
3.9e-05,2.4e-05,6e-13,5e-10,1.5e-10,0.0909,22100000000.0,956000000.0,11.12,-92.0
3.9e-05,2.4e-05,6e-13,5e-10,2e-10,0.0909,22100000000.0,967000000.0,11.12,-92.07
3.9e-05,2.4e-05,6e-13,5e-10,2.5e-10,0.0909,22100000000.0,956000000.0,11.12,-93.01
3.9e-05,2.4e-05,7e-13,4e-10,2.5e-10,0.0909,24200000000.0,1100000000.0,10.67,-95.32
3.9e-05,2.4e-05,7e-13,3e-10,1e-10,0.0909,27500000000.0,1350000000.0,9.96,-89.0
3.9e-05,2.4e-05,7e-13,3e-10,1.5e-10,0.0909,27500000000.0,1350000000.0,9.96,-89.14
3.9e-05,2.4e-05,7e-13,3e-10,2e-10,0.0909,27500000000.0,1350000000.0,9.96,-88.99
3.9e-05,2.4e-05,7e-13,3e-10,2.5e-10,0.0909,27500000000.0,1350000000.0,9.96,-88.98
3.9e-05,2.4e-05,7e-13,3.5e-10,1e-10,0.0909,25600000000.0,1200000000.0,10.37,-93.07
3.9e-05,2.4e-05,7e-13,3.5e-10,1.5e-10,0.0909,25600000000.0,1200000000.0,10.37,-93.22
3.9e-05,2.4e-05,7e-13,3.5e-10,2e-10,0.0909,25600000000.0,1200000000.0,10.37,-93.02
3.9e-05,2.4e-05,7e-13,3.5e-10,2.5e-10,0.0909,25600000000.0,1200000000.0,10.37,-93.04
3.9e-05,2.4e-05,7e-13,4.5e-10,1e-10,0.0909,23000000000.0,1020000000.0,10.91,-94.08
3.9e-05,2.4e-05,7e-13,4.5e-10,5e-11,0.0909,23000000000.0,1020000000.0,10.91,-94.22
3.9e-05,2.4e-05,7e-13,4.5e-10,1.5e-10,0.0909,23000000000.0,1020000000.0,10.92,-94.28
3.9e-05,2.4e-05,7e-13,4.5e-10,2e-10,0.0909,23000000000.0,1030000000.0,10.91,-94.07
3.9e-05,2.4e-05,7e-13,4.5e-10,2.5e-10,0.0909,23000000000.0,1020000000.0,10.92,-94.18
3.9e-05,2.4e-05,7e-13,5e-10,1e-10,0.0909,22100000000.0,960000000.0,11.12,-92.3
3.9e-05,2.4e-05,7e-13,5e-10,5e-11,0.0909,22100000000.0,963000000.0,11.12,-92.99
3.9e-05,2.4e-05,7e-13,5e-10,1.5e-10,0.0909,22100000000.0,959000000.0,11.12,-92.12
3.9e-05,2.4e-05,7e-13,5e-10,2e-10,0.0909,22100000000.0,956000000.0,11.12,-92.51
3.9e-05,2.4e-05,7e-13,5e-10,2.5e-10,0.0909,22100000000.0,956000000.0,11.12,-91.93
3.9e-05,2.5e-05,5e-13,4e-10,1e-10,0.0909,24100000000.0,1070000000.0,10.65,-95.26
3.9e-05,2.5e-05,5e-13,4e-10,5e-11,0.0909,24100000000.0,1070000000.0,10.65,-95.32
3.9e-05,2.5e-05,5e-13,4e-10,1.5e-10,0.0909,24100000000.0,1070000000.0,10.65,-95.29
3.9e-05,2.5e-05,5e-13,4e-10,2e-10,0.0909,24100000000.0,1070000000.0,10.65,-95.33
3.9e-05,2.5e-05,5e-13,3e-10,1e-10,0.0909,27500000000.0,1300000000.0,9.93,-88.99
3.9e-05,2.5e-05,5e-13,3e-10,5e-11,0.0909,27500000000.0,1300000000.0,9.93,-89.12
3.9e-05,2.5e-05,5e-13,3e-10,1.5e-10,0.0909,27500000000.0,1300000000.0,9.93,-89.15
3.9e-05,2.5e-05,5e-13,3e-10,2.5e-10,0.0909,27500000000.0,1300000000.0,9.93,-89.17
3.9e-05,2.5e-05,5e-13,3.5e-10,1e-10,0.0909,25600000000.0,1170000000.0,10.35,-93.36
3.9e-05,2.5e-05,5e-13,3.5e-10,5e-11,0.0909,25600000000.0,1170000000.0,10.35,-93.27
3.9e-05,2.5e-05,5e-13,3.5e-10,1.5e-10,0.0909,25600000000.0,1170000000.0,10.35,-93.25
3.9e-05,2.5e-05,5e-13,3.5e-10,2e-10,0.0909,25600000000.0,1170000000.0,10.35,-93.31
3.9e-05,2.5e-05,5e-13,4.5e-10,1e-10,0.0909,23000000000.0,996000000.0,10.9,-93.32
3.9e-05,2.5e-05,5e-13,4.5e-10,5e-11,0.0909,23000000000.0,998000000.0,10.9,-93.75
3.9e-05,2.5e-05,5e-13,4.5e-10,1.5e-10,0.0909,23000000000.0,1000000000.0,10.9,-93.64
3.9e-05,2.5e-05,5e-13,4.5e-10,2e-10,0.0909,23000000000.0,994000000.0,10.9,-93.59
3.9e-05,2.5e-05,5e-13,4.5e-10,2.5e-10,0.0909,23000000000.0,998000000.0,10.9,-93.38
3.9e-05,2.5e-05,5e-13,5e-10,1e-10,0.0909,22000000000.0,935000000.0,11.1,-91.98
3.9e-05,2.5e-05,5e-13,5e-10,5e-11,0.0909,22000000000.0,941000000.0,11.11,-92.45
3.9e-05,2.5e-05,5e-13,5e-10,1.5e-10,0.0909,22000000000.0,940000000.0,11.1,-92.04
3.9e-05,2.5e-05,5e-13,5e-10,2e-10,0.0909,22000000000.0,933000000.0,11.1,-92.88
3.9e-05,2.5e-05,5e-13,5e-10,2.5e-10,0.0909,22000000000.0,942000000.0,11.1,-92.27
3.9e-05,2.5e-05,3e-13,4e-10,1e-10,0.0909,24100000000.0,1070000000.0,10.65,-95.27
3.9e-05,2.5e-05,3e-13,4e-10,1.5e-10,0.0909,24100000000.0,1070000000.0,10.65,-95.28
3.9e-05,2.5e-05,3e-13,4e-10,2e-10,0.0909,24100000000.0,1070000000.0,10.65,-95.31
3.9e-05,2.5e-05,3e-13,4e-10,2.5e-10,0.0909,24100000000.0,1070000000.0,10.65,-95.3
3.9e-05,2.5e-05,3e-13,3e-10,1e-10,0.0909,27500000000.0,1300000000.0,9.93,-89.36
3.9e-05,2.5e-05,3e-13,3e-10,5e-11,0.0909,27500000000.0,1300000000.0,9.93,-89.44
3.9e-05,2.5e-05,3e-13,3e-10,1.5e-10,0.0909,27500000000.0,1300000000.0,9.93,-89.27
3.9e-05,2.5e-05,3e-13,3e-10,2.5e-10,0.0909,27500000000.0,1300000000.0,9.93,-88.81
3.9e-05,2.5e-05,3e-13,3.5e-10,1e-10,0.0909,25600000000.0,1170000000.0,10.35,-93.3
3.9e-05,2.5e-05,3e-13,3.5e-10,5e-11,0.0909,25600000000.0,1170000000.0,10.35,-93.37
3.9e-05,2.5e-05,3e-13,3.5e-10,1.5e-10,0.0909,25600000000.0,1170000000.0,10.35,-93.48
3.9e-05,2.5e-05,3e-13,3.5e-10,2.5e-10,0.0909,25600000000.0,1170000000.0,10.35,-93.57
3.9e-05,2.5e-05,3e-13,4.5e-10,1e-10,0.0909,23000000000.0,998000000.0,10.9,-93.98
3.9e-05,2.5e-05,3e-13,4.5e-10,5e-11,0.0909,23000000000.0,999000000.0,10.9,-93.8
3.9e-05,2.5e-05,3e-13,4.5e-10,1.5e-10,0.0909,23000000000.0,992000000.0,10.9,-94.21
3.9e-05,2.5e-05,3e-13,4.5e-10,2e-10,0.0909,23000000000.0,1000000000.0,10.9,-94.14
3.9e-05,2.5e-05,3e-13,4.5e-10,2.5e-10,0.0909,23000000000.0,995000000.0,10.9,-93.99
3.9e-05,2.5e-05,3e-13,5e-10,1e-10,0.0909,22100000000.0,937000000.0,11.11,-91.7
3.9e-05,2.5e-05,3e-13,5e-10,5e-11,0.0909,22100000000.0,940000000.0,11.11,-92.33
3.9e-05,2.5e-05,3e-13,5e-10,1.5e-10,0.0909,22100000000.0,938000000.0,11.11,-92.05
3.9e-05,2.5e-05,3e-13,5e-10,2e-10,0.0909,22100000000.0,937000000.0,11.11,-91.96
3.9e-05,2.5e-05,3e-13,5e-10,2.5e-10,0.0909,22100000000.0,939000000.0,11.1,-92.24
3.9e-05,2.5e-05,4e-13,3e-10,1e-10,0.0909,27500000000.0,1300000000.0,9.93,-89.29
3.9e-05,2.5e-05,4e-13,3e-10,5e-11,0.0909,27500000000.0,1300000000.0,9.93,-89.3
3.9e-05,2.5e-05,4e-13,3e-10,1.5e-10,0.0909,27500000000.0,1300000000.0,9.93,-89.28
3.9e-05,2.5e-05,4e-13,3e-10,2e-10,0.0909,27500000000.0,1300000000.0,9.93,-89.19
3.9e-05,2.5e-05,4e-13,3e-10,2.5e-10,0.0909,27500000000.0,1300000000.0,9.93,-89.25
3.9e-05,2.5e-05,4e-13,3.5e-10,5e-11,0.0909,25600000000.0,1170000000.0,10.35,-93.5
3.9e-05,2.5e-05,4e-13,3.5e-10,1.5e-10,0.0909,25600000000.0,1170000000.0,10.35,-93.43
3.9e-05,2.5e-05,4e-13,3.5e-10,2.5e-10,0.0909,25600000000.0,1170000000.0,10.35,-93.38
3.9e-05,2.5e-05,4e-13,4.5e-10,1e-10,0.0909,23000000000.0,997000000.0,10.9,-93.81
3.9e-05,2.5e-05,4e-13,4.5e-10,5e-11,0.0909,23000000000.0,995000000.0,10.9,-93.98
3.9e-05,2.5e-05,4e-13,4.5e-10,1.5e-10,0.0909,23000000000.0,997000000.0,10.9,-94.04
3.9e-05,2.5e-05,4e-13,4.5e-10,2e-10,0.0909,23000000000.0,995000000.0,10.9,-93.87
3.9e-05,2.5e-05,4e-13,4.5e-10,2.5e-10,0.0909,23000000000.0,997000000.0,10.9,-94.22
3.9e-05,2.5e-05,4e-13,5e-10,1e-10,0.0909,22100000000.0,941000000.0,11.1,-91.96
3.9e-05,2.5e-05,4e-13,5e-10,5e-11,0.0909,22100000000.0,932000000.0,11.1,-92.08
3.9e-05,2.5e-05,4e-13,5e-10,1.5e-10,0.0909,22100000000.0,945000000.0,11.1,-92.26
3.9e-05,2.5e-05,4e-13,5e-10,2e-10,0.0909,22100000000.0,938000000.0,11.1,-91.98
3.9e-05,2.5e-05,4e-13,5e-10,2.5e-10,0.0909,22100000000.0,938000000.0,11.1,-92.1
3.9e-05,2.5e-05,6e-13,3e-10,1e-10,0.0909,27500000000.0,1300000000.0,9.93,-89.21
3.9e-05,2.5e-05,6e-13,3e-10,5e-11,0.0909,27500000000.0,1300000000.0,9.93,-89.14
3.9e-05,2.5e-05,6e-13,3e-10,1.5e-10,0.0909,27500000000.0,1300000000.0,9.93,-89.09
3.9e-05,2.5e-05,6e-13,3e-10,2e-10,0.0909,27500000000.0,1300000000.0,9.93,-89.13
3.9e-05,2.5e-05,6e-13,3.5e-10,5e-11,0.0909,25600000000.0,1170000000.0,10.35,-93.42
3.9e-05,2.5e-05,6e-13,3.5e-10,1.5e-10,0.0909,25600000000.0,1170000000.0,10.35,-93.18
3.9e-05,2.5e-05,6e-13,3.5e-10,2e-10,0.0909,25600000000.0,1170000000.0,10.35,-93.19
3.9e-05,2.5e-05,6e-13,4.5e-10,1e-10,0.0909,23000000000.0,993000000.0,10.9,-94.15
3.9e-05,2.5e-05,6e-13,4.5e-10,5e-11,0.0909,23000000000.0,1000000000.0,10.9,-92.68
3.9e-05,2.5e-05,6e-13,4.5e-10,1.5e-10,0.0909,23000000000.0,996000000.0,10.9,-93.34
3.9e-05,2.5e-05,6e-13,4.5e-10,2e-10,0.0909,23000000000.0,994000000.0,10.9,-94.03
3.9e-05,2.5e-05,6e-13,4.5e-10,2.5e-10,0.0909,23000000000.0,995000000.0,10.9,-93.56
3.9e-05,2.5e-05,6e-13,5e-10,1e-10,0.0909,22000000000.0,937000000.0,11.11,-92.17
3.9e-05,2.5e-05,6e-13,5e-10,5e-11,0.0909,22000000000.0,937000000.0,11.1,-92.24
3.9e-05,2.5e-05,6e-13,5e-10,1.5e-10,0.0909,22000000000.0,942000000.0,11.11,-92.11
3.9e-05,2.5e-05,6e-13,5e-10,2e-10,0.0909,22000000000.0,940000000.0,11.1,-91.99
3.9e-05,2.5e-05,6e-13,5e-10,2.5e-10,0.0909,22000000000.0,939000000.0,11.1,-92.04
3.9e-05,2.5e-05,7e-13,3e-10,1e-10,0.0909,27500000000.0,1300000000.0,9.93,-89.11
3.9e-05,2.5e-05,7e-13,3e-10,1.5e-10,0.0909,27500000000.0,1300000000.0,9.93,-88.98
3.9e-05,2.5e-05,7e-13,3e-10,2e-10,0.0909,27500000000.0,1300000000.0,9.93,-88.43
3.9e-05,2.5e-05,7e-13,3.5e-10,1e-10,0.0909,25600000000.0,1170000000.0,10.35,-93.15
3.9e-05,2.5e-05,7e-13,3.5e-10,5e-11,0.0909,25600000000.0,1170000000.0,10.35,-93.23
3.9e-05,2.5e-05,7e-13,3.5e-10,1.5e-10,0.0909,25600000000.0,1160000000.0,10.35,-93.2
3.9e-05,2.5e-05,7e-13,3.5e-10,2.5e-10,0.0909,25600000000.0,1170000000.0,10.35,-93.24
3.9e-05,2.5e-05,7e-13,4.5e-10,1e-10,0.0909,23000000000.0,996000000.0,10.9,-93.74
3.9e-05,2.5e-05,7e-13,4.5e-10,5e-11,0.0909,23000000000.0,1000000000.0,10.9,-92.64
3.9e-05,2.5e-05,7e-13,4.5e-10,1.5e-10,0.0909,23000000000.0,991000000.0,10.9,-94.29
3.9e-05,2.5e-05,7e-13,4.5e-10,2e-10,0.0909,23000000000.0,994000000.0,10.9,-93.86
3.9e-05,2.5e-05,7e-13,4.5e-10,2.5e-10,0.0909,23000000000.0,994000000.0,10.9,-94.04
3.9e-05,2.5e-05,7e-13,5e-10,1e-10,0.0909,22000000000.0,938000000.0,11.1,-91.86
3.9e-05,2.5e-05,7e-13,5e-10,5e-11,0.0909,22000000000.0,945000000.0,11.1,-91.91
3.9e-05,2.5e-05,7e-13,5e-10,1.5e-10,0.0909,22000000000.0,937000000.0,11.11,-91.94
3.9e-05,2.5e-05,7e-13,5e-10,2e-10,0.0909,22000000000.0,935000000.0,11.11,-91.96
3.9e-05,2.5e-05,7e-13,5e-10,2.5e-10,0.0909,22000000000.0,944000000.0,11.1,-91.91
4e-05,5e-06,5e-13,4e-10,1e-10,0.0932,25700000000.0,548000000.0,10.55,-89.19
4e-05,5e-06,5e-13,4e-10,5e-11,0.0932,25700000000.0,547000000.0,10.55,-89.47
4e-05,5e-06,5e-13,4e-10,1.5e-10,0.0932,25700000000.0,547000000.0,10.55,-89.29
4e-05,5e-06,5e-13,4e-10,2e-10,0.0932,25700000000.0,546000000.0,10.55,-89.65
4e-05,5e-06,5e-13,4e-10,2.5e-10,0.0932,25700000000.0,547000000.0,10.55,-89.14
4e-05,5e-06,5e-13,3e-10,1e-10,0.0932,29500000000.0,697000000.0,9.84,-82.78
4e-05,5e-06,5e-13,3e-10,5e-11,0.0932,29500000000.0,698000000.0,9.84,-82.99
4e-05,5e-06,5e-13,3e-10,1.5e-10,0.0932,29500000000.0,698000000.0,9.84,-82.73
4e-05,5e-06,5e-13,3e-10,2.5e-10,0.0932,29500000000.0,698000000.0,9.84,-82.7
4e-05,5e-06,5e-13,3.5e-10,1e-10,0.0932,27400000000.0,609000000.0,10.26,-86.09
4e-05,5e-06,5e-13,3.5e-10,5e-11,0.0932,27400000000.0,609000000.0,10.26,-84.09
4e-05,5e-06,5e-13,3.5e-10,1.5e-10,0.0932,27400000000.0,608000000.0,10.26,-86.13
4e-05,5e-06,5e-13,3.5e-10,2e-10,0.0932,27400000000.0,609000000.0,10.26,-86.02
4e-05,5e-06,5e-13,3.5e-10,2.5e-10,0.0932,27400000000.0,608000000.0,10.26,-86.09
4e-05,5e-06,5e-13,4.5e-10,1e-10,0.0932,24500000000.0,502000000.0,10.77,-92.55
4e-05,5e-06,5e-13,4.5e-10,5e-11,0.0932,24500000000.0,499000000.0,10.77,-92.61
4e-05,5e-06,5e-13,4.5e-10,1.5e-10,0.0932,24500000000.0,503000000.0,10.77,-92.44
4e-05,5e-06,5e-13,4.5e-10,2e-10,0.0932,24500000000.0,501000000.0,10.77,-92.29
4e-05,5e-06,5e-13,4.5e-10,2.5e-10,0.0932,24500000000.0,503000000.0,10.77,-92.31
4e-05,5e-06,5e-13,5e-10,1e-10,0.0932,23400000000.0,469000000.0,10.95,-94.56
4e-05,5e-06,5e-13,5e-10,5e-11,0.0932,23400000000.0,467000000.0,10.95,-94.33
4e-05,5e-06,5e-13,5e-10,1.5e-10,0.0932,23400000000.0,468000000.0,10.95,-94.46
4e-05,5e-06,5e-13,5e-10,2e-10,0.0932,23400000000.0,466000000.0,10.95,-94.58
4e-05,5e-06,5e-13,5e-10,2.5e-10,0.0932,23400000000.0,469000000.0,10.95,-94.54
4e-05,5e-06,3e-13,4e-10,1e-10,0.0932,25700000000.0,547000000.0,10.55,-89.56
4e-05,5e-06,3e-13,4e-10,5e-11,0.0932,25700000000.0,546000000.0,10.55,-89.53
4e-05,5e-06,3e-13,4e-10,1.5e-10,0.0932,25700000000.0,548000000.0,10.55,-89.38
4e-05,5e-06,3e-13,4e-10,2e-10,0.0932,25700000000.0,547000000.0,10.55,-89.68
4e-05,5e-06,3e-13,4e-10,2.5e-10,0.0932,25700000000.0,548000000.0,10.55,-89.35
4e-05,5e-06,3e-13,3e-10,1e-10,0.0932,29500000000.0,698000000.0,9.84,-82.87
4e-05,5e-06,3e-13,3e-10,5e-11,0.0932,29500000000.0,696000000.0,9.84,-82.86
4e-05,5e-06,3e-13,3e-10,1.5e-10,0.0932,29500000000.0,698000000.0,9.84,-82.85
4e-05,5e-06,3e-13,3e-10,2e-10,0.0932,29500000000.0,696000000.0,9.84,-82.87
4e-05,5e-06,3e-13,3.5e-10,1e-10,0.0932,27400000000.0,609000000.0,10.26,-86.11
4e-05,5e-06,3e-13,3.5e-10,5e-11,0.0932,27400000000.0,608000000.0,10.26,-86.25
4e-05,5e-06,3e-13,3.5e-10,1.5e-10,0.0932,27400000000.0,608000000.0,10.26,-86.14
4e-05,5e-06,3e-13,3.5e-10,2e-10,0.0932,27400000000.0,610000000.0,10.26,-86.31
4e-05,5e-06,3e-13,3.5e-10,2.5e-10,0.0932,27400000000.0,610000000.0,10.26,-86.15
4e-05,5e-06,3e-13,4.5e-10,1e-10,0.0932,24500000000.0,500000000.0,10.77,-91.66
4e-05,5e-06,3e-13,4.5e-10,5e-11,0.0932,24500000000.0,503000000.0,10.77,-92.21
4e-05,5e-06,3e-13,4.5e-10,1.5e-10,0.0932,24500000000.0,501000000.0,10.77,-92.66
4e-05,5e-06,3e-13,4.5e-10,2e-10,0.0932,24500000000.0,501000000.0,10.77,-92.34
4e-05,5e-06,3e-13,4.5e-10,2.5e-10,0.0932,24500000000.0,501000000.0,10.77,-92.64
4e-05,5e-06,3e-13,5e-10,1e-10,0.0932,23400000000.0,468000000.0,10.95,-94.52
4e-05,5e-06,3e-13,5e-10,5e-11,0.0932,23400000000.0,466000000.0,10.95,-94.55
4e-05,5e-06,3e-13,5e-10,1.5e-10,0.0932,23400000000.0,468000000.0,10.95,-94.44
4e-05,5e-06,3e-13,5e-10,2e-10,0.0932,23400000000.0,469000000.0,10.95,-94.37
4e-05,5e-06,4e-13,4e-10,1e-10,0.0932,25700000000.0,547000000.0,10.55,-89.5
4e-05,5e-06,4e-13,4e-10,5e-11,0.0932,25700000000.0,547000000.0,10.55,-89.74
4e-05,5e-06,4e-13,4e-10,1.5e-10,0.0932,25700000000.0,548000000.0,10.55,-89.47
4e-05,5e-06,4e-13,4e-10,2.5e-10,0.0932,25700000000.0,548000000.0,10.55,-89.18
4e-05,5e-06,4e-13,3e-10,1e-10,0.0932,29500000000.0,697000000.0,9.84,-82.84
4e-05,5e-06,4e-13,3e-10,5e-11,0.0932,29500000000.0,698000000.0,9.84,-82.74
4e-05,5e-06,4e-13,3e-10,2e-10,0.0932,29500000000.0,698000000.0,9.84,-83.0
4e-05,5e-06,4e-13,3.5e-10,1e-10,0.0932,27400000000.0,608000000.0,10.26,-86.12
4e-05,5e-06,4e-13,3.5e-10,5e-11,0.0932,27400000000.0,608000000.0,10.26,-86.3
4e-05,5e-06,4e-13,3.5e-10,1.5e-10,0.0932,27400000000.0,608000000.0,10.26,-86.06
4e-05,5e-06,4e-13,3.5e-10,2e-10,0.0932,27400000000.0,610000000.0,10.26,-86.27
4e-05,5e-06,4e-13,3.5e-10,2.5e-10,0.0932,27400000000.0,608000000.0,10.26,-86.28
4e-05,5e-06,4e-13,4.5e-10,1e-10,0.0932,24500000000.0,504000000.0,10.77,-92.29
4e-05,5e-06,4e-13,4.5e-10,5e-11,0.0932,24500000000.0,501000000.0,10.77,-92.19
4e-05,5e-06,4e-13,4.5e-10,1.5e-10,0.0932,24500000000.0,501000000.0,10.77,-91.99
4e-05,5e-06,4e-13,4.5e-10,2e-10,0.0932,24500000000.0,502000000.0,10.77,-92.32
4e-05,5e-06,4e-13,5e-10,5e-11,0.0932,23400000000.0,468000000.0,10.95,-94.47
4e-05,5e-06,4e-13,5e-10,1.5e-10,0.0932,23400000000.0,469000000.0,10.95,-94.38
4e-05,5e-06,4e-13,5e-10,2e-10,0.0932,23400000000.0,464000000.0,10.95,-94.56
4e-05,5e-06,4e-13,5e-10,2.5e-10,0.0932,23400000000.0,466000000.0,10.95,-94.54
4e-05,5e-06,6e-13,4e-10,5e-11,0.0932,25700000000.0,548000000.0,10.55,-89.43
4e-05,5e-06,6e-13,4e-10,1.5e-10,0.0932,25700000000.0,547000000.0,10.55,-89.33
4e-05,5e-06,6e-13,4e-10,2e-10,0.0932,25700000000.0,548000000.0,10.55,-89.42
4e-05,5e-06,6e-13,4e-10,2.5e-10,0.0932,25700000000.0,548000000.0,10.55,-89.68
4e-05,5e-06,6e-13,3e-10,1e-10,0.0932,29500000000.0,697000000.0,9.84,-82.83
4e-05,5e-06,6e-13,3e-10,5e-11,0.0932,29500000000.0,698000000.0,9.84,-82.67
4e-05,5e-06,6e-13,3e-10,1.5e-10,0.0932,29500000000.0,697000000.0,9.84,-82.8
4e-05,5e-06,6e-13,3e-10,2e-10,0.0932,29500000000.0,698000000.0,9.84,-82.69
4e-05,5e-06,6e-13,3e-10,2.5e-10,0.0932,29500000000.0,698000000.0,9.84,-82.79
4e-05,5e-06,6e-13,3.5e-10,1e-10,0.0932,27400000000.0,609000000.0,10.26,-86.07
4e-05,5e-06,6e-13,3.5e-10,1.5e-10,0.0932,27400000000.0,608000000.0,10.26,-86.08
4e-05,5e-06,6e-13,3.5e-10,2e-10,0.0932,27400000000.0,609000000.0,10.26,-86.06
4e-05,5e-06,6e-13,3.5e-10,2.5e-10,0.0932,27400000000.0,608000000.0,10.26,-86.04
4e-05,5e-06,6e-13,4.5e-10,1e-10,0.0932,24500000000.0,500000000.0,10.77,-92.37
4e-05,5e-06,6e-13,4.5e-10,5e-11,0.0932,24500000000.0,501000000.0,10.77,-91.62
4e-05,5e-06,6e-13,4.5e-10,1.5e-10,0.0932,24500000000.0,502000000.0,10.77,-92.25
4e-05,5e-06,6e-13,4.5e-10,2e-10,0.0932,24500000000.0,500000000.0,10.77,-91.58
4e-05,5e-06,6e-13,4.5e-10,2.5e-10,0.0932,24500000000.0,503000000.0,10.77,-92.1
4e-05,5e-06,6e-13,5e-10,1e-10,0.0932,23400000000.0,466000000.0,10.95,-94.41
4e-05,5e-06,6e-13,5e-10,5e-11,0.0932,23400000000.0,467000000.0,10.95,-94.47
4e-05,5e-06,6e-13,5e-10,1.5e-10,0.0932,23400000000.0,465000000.0,10.95,-94.56
4e-05,5e-06,6e-13,5e-10,2e-10,0.0932,23400000000.0,468000000.0,10.95,-94.32
4e-05,5e-06,6e-13,5e-10,2.5e-10,0.0932,23400000000.0,465000000.0,10.95,-94.32
4e-05,5e-06,7e-13,4e-10,5e-11,0.0932,25700000000.0,548000000.0,10.55,-89.66
4e-05,5e-06,7e-13,4e-10,1.5e-10,0.0932,25700000000.0,547000000.0,10.55,-89.25
4e-05,5e-06,7e-13,4e-10,2.5e-10,0.0932,25700000000.0,548000000.0,10.55,-89.34
4e-05,5e-06,7e-13,3e-10,1.5e-10,0.0932,29500000000.0,698000000.0,9.84,-82.68
4e-05,5e-06,7e-13,3e-10,2e-10,0.0932,29500000000.0,698000000.0,9.84,-82.77
4e-05,5e-06,7e-13,3.5e-10,1e-10,0.0932,27400000000.0,610000000.0,10.26,-85.97
4e-05,5e-06,7e-13,3.5e-10,5e-11,0.0932,27400000000.0,609000000.0,10.26,-85.97
4e-05,5e-06,7e-13,3.5e-10,1.5e-10,0.0932,27400000000.0,609000000.0,10.26,-85.81
4e-05,5e-06,7e-13,3.5e-10,2e-10,0.0932,27400000000.0,609000000.0,10.26,-86.17
4e-05,5e-06,7e-13,3.5e-10,2.5e-10,0.0932,27400000000.0,609000000.0,10.26,-85.99
4e-05,5e-06,7e-13,4.5e-10,1e-10,0.0932,24500000000.0,500000000.0,10.77,-92.29
4e-05,5e-06,7e-13,4.5e-10,5e-11,0.0932,24500000000.0,502000000.0,10.77,-92.49
4e-05,5e-06,7e-13,4.5e-10,1.5e-10,0.0932,24500000000.0,501000000.0,10.77,-92.59
4e-05,5e-06,7e-13,4.5e-10,2e-10,0.0932,24500000000.0,501000000.0,10.77,-92.7
4e-05,5e-06,7e-13,4.5e-10,2.5e-10,0.0932,24500000000.0,502000000.0,10.77,-92.23
4e-05,5e-06,7e-13,5e-10,1e-10,0.0932,23400000000.0,468000000.0,10.95,-94.4
4e-05,5e-06,7e-13,5e-10,5e-11,0.0932,23400000000.0,465000000.0,10.95,-94.59
4e-05,5e-06,7e-13,5e-10,1.5e-10,0.0932,23400000000.0,467000000.0,10.95,-94.46
4e-05,5e-06,7e-13,5e-10,2e-10,0.0932,23400000000.0,470000000.0,10.95,-94.41
4e-05,5e-06,7e-13,5e-10,2.5e-10,0.0932,23400000000.0,467000000.0,10.95,-94.43
4e-05,6e-06,5e-13,4e-10,1e-10,0.0932,25600000000.0,634000000.0,10.57,-90.08
4e-05,6e-06,5e-13,4e-10,5e-11,0.0932,25600000000.0,634000000.0,10.57,-89.65
4e-05,6e-06,5e-13,4e-10,1.5e-10,0.0932,25600000000.0,637000000.0,10.57,-89.65
4e-05,6e-06,5e-13,4e-10,2e-10,0.0932,25600000000.0,635000000.0,10.57,-89.83
4e-05,6e-06,5e-13,4e-10,2.5e-10,0.0932,25600000000.0,637000000.0,10.57,-90.03
4e-05,6e-06,5e-13,3e-10,1e-10,0.0932,29300000000.0,809000000.0,9.88,-83.32
4e-05,6e-06,5e-13,3e-10,5e-11,0.0932,29300000000.0,810000000.0,9.88,-83.0
4e-05,6e-06,5e-13,3e-10,1.5e-10,0.0932,29300000000.0,810000000.0,9.88,-83.04
4e-05,6e-06,5e-13,3e-10,2e-10,0.0932,29300000000.0,809000000.0,9.87,-83.15
4e-05,6e-06,5e-13,3e-10,2.5e-10,0.0932,29300000000.0,809000000.0,9.87,-83.13
4e-05,6e-06,5e-13,3.5e-10,1e-10,0.0932,27200000000.0,708000000.0,10.29,-86.41
4e-05,6e-06,5e-13,3.5e-10,5e-11,0.0932,27200000000.0,706000000.0,10.29,-86.48
4e-05,6e-06,5e-13,3.5e-10,1.5e-10,0.0932,27200000000.0,707000000.0,10.29,-86.4
4e-05,6e-06,5e-13,3.5e-10,2e-10,0.0932,27200000000.0,708000000.0,10.29,-86.37
4e-05,6e-06,5e-13,3.5e-10,2.5e-10,0.0932,27200000000.0,706000000.0,10.29,-86.4
4e-05,6e-06,5e-13,4.5e-10,1e-10,0.0932,24300000000.0,583000000.0,10.79,-92.24
4e-05,6e-06,5e-13,4.5e-10,5e-11,0.0932,24300000000.0,581000000.0,10.79,-93.16
4e-05,6e-06,5e-13,4.5e-10,1.5e-10,0.0932,24300000000.0,584000000.0,10.79,-92.78
4e-05,6e-06,5e-13,4.5e-10,2e-10,0.0932,24300000000.0,585000000.0,10.79,-92.95
4e-05,6e-06,5e-13,4.5e-10,2.5e-10,0.0932,24300000000.0,584000000.0,10.79,-92.74
4e-05,6e-06,5e-13,5e-10,1e-10,0.0932,23300000000.0,542000000.0,10.97,-94.26
4e-05,6e-06,5e-13,5e-10,5e-11,0.0932,23300000000.0,544000000.0,10.97,-94.66
4e-05,6e-06,5e-13,5e-10,1.5e-10,0.0932,23300000000.0,542000000.0,10.97,-94.3
4e-05,6e-06,5e-13,5e-10,2e-10,0.0932,23300000000.0,542000000.0,10.97,-94.31
4e-05,6e-06,5e-13,5e-10,2.5e-10,0.0932,23300000000.0,542000000.0,10.97,-94.73
4e-05,6e-06,3e-13,4e-10,1e-10,0.0932,25600000000.0,636000000.0,10.57,-89.9
4e-05,6e-06,3e-13,4e-10,5e-11,0.0932,25600000000.0,636000000.0,10.57,-89.88
4e-05,6e-06,3e-13,4e-10,1.5e-10,0.0932,25600000000.0,635000000.0,10.57,-90.04
4e-05,6e-06,3e-13,4e-10,2e-10,0.0932,25600000000.0,634000000.0,10.57,-90.13
4e-05,6e-06,3e-13,4e-10,2.5e-10,0.0932,25600000000.0,634000000.0,10.57,-90.06
4e-05,6e-06,3e-13,3e-10,1e-10,0.0932,29300000000.0,808000000.0,9.88,-83.15
4e-05,6e-06,3e-13,3e-10,5e-11,0.0932,29300000000.0,808000000.0,9.88,-83.2
4e-05,6e-06,3e-13,3e-10,1.5e-10,0.0932,29300000000.0,809000000.0,9.88,-83.19
4e-05,6e-06,3e-13,3e-10,2e-10,0.0932,29300000000.0,808000000.0,9.88,-83.17
4e-05,6e-06,3e-13,3e-10,2.5e-10,0.0932,29300000000.0,809000000.0,9.88,-83.16
4e-05,6e-06,3e-13,3.5e-10,1e-10,0.0932,27200000000.0,708000000.0,10.29,-86.38
4e-05,6e-06,3e-13,3.5e-10,5e-11,0.0932,27200000000.0,707000000.0,10.29,-86.41
4e-05,6e-06,3e-13,3.5e-10,1.5e-10,0.0932,27200000000.0,707000000.0,10.29,-86.51
4e-05,6e-06,3e-13,3.5e-10,2e-10,0.0932,27200000000.0,706000000.0,10.29,-86.42
4e-05,6e-06,3e-13,3.5e-10,2.5e-10,0.0932,27200000000.0,706000000.0,10.29,-86.37
4e-05,6e-06,3e-13,4.5e-10,1e-10,0.0932,24300000000.0,586000000.0,10.79,-93.29
4e-05,6e-06,3e-13,4.5e-10,5e-11,0.0932,24300000000.0,584000000.0,10.79,-92.89
4e-05,6e-06,3e-13,4.5e-10,1.5e-10,0.0932,24300000000.0,583000000.0,10.79,-93.12
4e-05,6e-06,3e-13,4.5e-10,2e-10,0.0932,24300000000.0,582000000.0,10.79,-93.02
4e-05,6e-06,3e-13,4.5e-10,2.5e-10,0.0932,24300000000.0,585000000.0,10.79,-92.92
4e-05,6e-06,3e-13,5e-10,5e-11,0.0932,23300000000.0,544000000.0,10.97,-94.67
4e-05,6e-06,3e-13,5e-10,1.5e-10,0.0932,23300000000.0,546000000.0,10.97,-94.71
4e-05,6e-06,3e-13,5e-10,2e-10,0.0932,23300000000.0,541000000.0,10.97,-94.38
4e-05,6e-06,3e-13,5e-10,2.5e-10,0.0932,23300000000.0,543000000.0,10.97,-94.64
4e-05,6e-06,4e-13,4e-10,1e-10,0.0932,25600000000.0,636000000.0,10.57,-89.48
4e-05,6e-06,4e-13,4e-10,5e-11,0.0932,25600000000.0,634000000.0,10.57,-89.19
4e-05,6e-06,4e-13,4e-10,1.5e-10,0.0932,25600000000.0,637000000.0,10.57,-89.62
4e-05,6e-06,4e-13,4e-10,2e-10,0.0932,25600000000.0,636000000.0,10.57,-89.85
4e-05,6e-06,4e-13,4e-10,2.5e-10,0.0932,25600000000.0,636000000.0,10.57,-89.72
4e-05,6e-06,4e-13,3e-10,1e-10,0.0932,29300000000.0,810000000.0,9.88,-83.02
4e-05,6e-06,4e-13,3e-10,5e-11,0.0932,29300000000.0,808000000.0,9.87,-83.15
4e-05,6e-06,4e-13,3e-10,1.5e-10,0.0932,29300000000.0,809000000.0,9.88,-83.11
4e-05,6e-06,4e-13,3e-10,2e-10,0.0932,29300000000.0,808000000.0,9.87,-83.14
4e-05,6e-06,4e-13,3.5e-10,5e-11,0.0932,27200000000.0,706000000.0,10.29,-86.44
4e-05,6e-06,4e-13,3.5e-10,1.5e-10,0.0932,27200000000.0,708000000.0,10.29,-86.45
4e-05,6e-06,4e-13,3.5e-10,2e-10,0.0932,27200000000.0,707000000.0,10.29,-86.43
4e-05,6e-06,4e-13,3.5e-10,2.5e-10,0.0932,27200000000.0,706000000.0,10.29,-86.54
4e-05,6e-06,4e-13,4.5e-10,1e-10,0.0932,24300000000.0,585000000.0,10.79,-93.05
4e-05,6e-06,4e-13,4.5e-10,5e-11,0.0932,24300000000.0,581000000.0,10.79,-92.69
4e-05,6e-06,4e-13,4.5e-10,1.5e-10,0.0932,24300000000.0,585000000.0,10.79,-92.78
4e-05,6e-06,4e-13,4.5e-10,2e-10,0.0932,24300000000.0,581000000.0,10.79,-93.01
4e-05,6e-06,4e-13,4.5e-10,2.5e-10,0.0932,24300000000.0,584000000.0,10.79,-92.84
4e-05,6e-06,4e-13,5e-10,1e-10,0.0932,23300000000.0,540000000.0,10.97,-94.74
4e-05,6e-06,4e-13,5e-10,5e-11,0.0932,23300000000.0,546000000.0,10.97,-93.57
4e-05,6e-06,6e-13,4e-10,1e-10,0.0932,25600000000.0,636000000.0,10.57,-89.87
4e-05,6e-06,6e-13,4e-10,5e-11,0.0932,25600000000.0,637000000.0,10.57,-89.68
4e-05,6e-06,6e-13,4e-10,1.5e-10,0.0932,25600000000.0,636000000.0,10.57,-89.45
4e-05,6e-06,6e-13,4e-10,2e-10,0.0932,25600000000.0,634000000.0,10.57,-89.84
4e-05,6e-06,6e-13,4e-10,2.5e-10,0.0932,25600000000.0,636000000.0,10.57,-89.77
4e-05,6e-06,6e-13,3e-10,1e-10,0.0932,29300000000.0,809000000.0,9.88,-83.03
4e-05,6e-06,6e-13,3e-10,5e-11,0.0932,29300000000.0,808000000.0,9.87,-83.11
4e-05,6e-06,6e-13,3e-10,1.5e-10,0.0932,29300000000.0,809000000.0,9.87,-83.27
4e-05,6e-06,6e-13,3e-10,2e-10,0.0932,29300000000.0,809000000.0,9.87,-82.93
4e-05,6e-06,6e-13,3.5e-10,1.5e-10,0.0932,27200000000.0,707000000.0,10.29,-86.24
4e-05,6e-06,6e-13,3.5e-10,2e-10,0.0932,27200000000.0,708000000.0,10.29,-86.4
4e-05,6e-06,6e-13,4.5e-10,1e-10,0.0932,24300000000.0,583000000.0,10.79,-92.64
4e-05,6e-06,6e-13,4.5e-10,5e-11,0.0932,24300000000.0,585000000.0,10.79,-93.21
4e-05,6e-06,6e-13,4.5e-10,1.5e-10,0.0932,24300000000.0,582000000.0,10.79,-92.92
4e-05,6e-06,6e-13,4.5e-10,2e-10,0.0932,24300000000.0,582000000.0,10.79,-92.85
4e-05,6e-06,6e-13,4.5e-10,2.5e-10,0.0932,24300000000.0,580000000.0,10.79,-93.11
4e-05,6e-06,6e-13,5e-10,1e-10,0.0932,23300000000.0,543000000.0,10.97,-94.7
4e-05,6e-06,6e-13,5e-10,5e-11,0.0932,23300000000.0,546000000.0,10.97,-94.5
4e-05,6e-06,6e-13,5e-10,1.5e-10,0.0932,23300000000.0,546000000.0,10.97,-94.54
4e-05,6e-06,6e-13,5e-10,2.5e-10,0.0932,23300000000.0,541000000.0,10.97,-94.55
4e-05,6e-06,7e-13,4e-10,1e-10,0.0932,25600000000.0,634000000.0,10.57,-89.85
4e-05,6e-06,7e-13,4e-10,5e-11,0.0932,25600000000.0,637000000.0,10.57,-89.8
4e-05,6e-06,7e-13,4e-10,1.5e-10,0.0932,25600000000.0,635000000.0,10.57,-89.86
4e-05,6e-06,7e-13,4e-10,2e-10,0.0932,25600000000.0,636000000.0,10.57,-89.7
4e-05,6e-06,7e-13,4e-10,2.5e-10,0.0932,25600000000.0,636000000.0,10.57,-89.67
4e-05,6e-06,7e-13,3e-10,5e-11,0.0932,29300000000.0,809000000.0,9.87,-83.07
4e-05,6e-06,7e-13,3e-10,1.5e-10,0.0932,29300000000.0,809000000.0,9.87,-83.11
4e-05,6e-06,7e-13,3e-10,2e-10,0.0932,29300000000.0,809000000.0,9.87,-82.92
4e-05,6e-06,7e-13,3e-10,2.5e-10,0.0932,29300000000.0,809000000.0,9.87,-83.08
4e-05,6e-06,7e-13,3.5e-10,1e-10,0.0932,27200000000.0,707000000.0,10.29,-86.26
4e-05,6e-06,7e-13,3.5e-10,5e-11,0.0932,27200000000.0,706000000.0,10.29,-86.46
4e-05,6e-06,7e-13,3.5e-10,2e-10,0.0932,27200000000.0,708000000.0,10.29,-86.39
4e-05,6e-06,7e-13,3.5e-10,2.5e-10,0.0932,27200000000.0,708000000.0,10.29,-86.3
4e-05,6e-06,7e-13,4.5e-10,1e-10,0.0932,24300000000.0,585000000.0,10.79,-93.8
4e-05,6e-06,7e-13,4.5e-10,1.5e-10,0.0932,24300000000.0,582000000.0,10.79,-92.96
4e-05,6e-06,7e-13,4.5e-10,2e-10,0.0932,24300000000.0,582000000.0,10.79,-92.84
4e-05,6e-06,7e-13,4.5e-10,2.5e-10,0.0932,24300000000.0,586000000.0,10.79,-92.78
4e-05,6e-06,7e-13,5e-10,1e-10,0.0932,23300000000.0,544000000.0,10.97,-94.56
4e-05,6e-06,7e-13,5e-10,5e-11,0.0932,23300000000.0,545000000.0,10.97,-94.68
4e-05,6e-06,7e-13,5e-10,2e-10,0.0932,23300000000.0,541000000.0,10.97,-94.72
4e-05,6e-06,7e-13,5e-10,2.5e-10,0.0932,23300000000.0,542000000.0,10.97,-94.5
4e-05,7e-06,5e-13,4e-10,1e-10,0.0932,25400000000.0,717000000.0,10.59,-89.8
4e-05,7e-06,5e-13,4e-10,5e-11,0.0932,25400000000.0,717000000.0,10.59,-91.73
4e-05,7e-06,5e-13,4e-10,1.5e-10,0.0932,25400000000.0,717000000.0,10.59,-90.28
4e-05,7e-06,5e-13,4e-10,2e-10,0.0932,25400000000.0,716000000.0,10.59,-90.34
4e-05,7e-06,5e-13,4e-10,2.5e-10,0.0932,25400000000.0,718000000.0,10.59,-90.0
4e-05,7e-06,5e-13,3e-10,1e-10,0.0932,29100000000.0,912000000.0,9.9,-83.2
4e-05,7e-06,5e-13,3e-10,5e-11,0.0932,29100000000.0,911000000.0,9.9,-83.38
4e-05,7e-06,5e-13,3e-10,1.5e-10,0.0932,29100000000.0,912000000.0,9.9,-83.35
4e-05,7e-06,5e-13,3e-10,2e-10,0.0932,29100000000.0,912000000.0,9.9,-83.41
4e-05,7e-06,5e-13,3e-10,2.5e-10,0.0932,29100000000.0,912000000.0,9.9,-83.58
4e-05,7e-06,5e-13,3.5e-10,1e-10,0.0932,27000000000.0,796000000.0,10.31,-86.81
4e-05,7e-06,5e-13,3.5e-10,5e-11,0.0932,27000000000.0,796000000.0,10.31,-86.88
4e-05,7e-06,5e-13,3.5e-10,1.5e-10,0.0932,27000000000.0,798000000.0,10.31,-86.59
4e-05,7e-06,5e-13,3.5e-10,2e-10,0.0932,27000000000.0,797000000.0,10.31,-86.69
4e-05,7e-06,5e-13,3.5e-10,2.5e-10,0.0932,27000000000.0,798000000.0,10.31,-86.69
4e-05,7e-06,5e-13,4.5e-10,1e-10,0.0932,24200000000.0,660000000.0,10.81,-92.9
4e-05,7e-06,5e-13,4.5e-10,5e-11,0.0932,24200000000.0,660000000.0,10.81,-93.48
4e-05,7e-06,5e-13,4.5e-10,1.5e-10,0.0932,24200000000.0,656000000.0,10.81,-93.34
4e-05,7e-06,5e-13,4.5e-10,2e-10,0.0932,24200000000.0,658000000.0,10.81,-93.24
4e-05,7e-06,5e-13,4.5e-10,2.5e-10,0.0932,24200000000.0,657000000.0,10.81,-93.32
4e-05,7e-06,5e-13,5e-10,1e-10,0.0932,23200000000.0,617000000.0,10.99,-93.47
4e-05,7e-06,5e-13,5e-10,5e-11,0.0932,23200000000.0,613000000.0,10.99,-94.84
4e-05,7e-06,5e-13,5e-10,1.5e-10,0.0932,23200000000.0,612000000.0,10.99,-94.85
4e-05,7e-06,5e-13,5e-10,2e-10,0.0932,23200000000.0,611000000.0,10.99,-94.85
4e-05,7e-06,5e-13,5e-10,2.5e-10,0.0932,23200000000.0,614000000.0,10.99,-94.84
4e-05,7e-06,3e-13,4e-10,1e-10,0.0932,25400000000.0,717000000.0,10.59,-90.33
4e-05,7e-06,3e-13,4e-10,5e-11,0.0932,25400000000.0,718000000.0,10.59,-90.13
4e-05,7e-06,3e-13,4e-10,1.5e-10,0.0932,25400000000.0,718000000.0,10.59,-90.22
4e-05,7e-06,3e-13,4e-10,2e-10,0.0932,25400000000.0,719000000.0,10.59,-89.89
4e-05,7e-06,3e-13,4e-10,2.5e-10,0.0932,25400000000.0,716000000.0,10.59,-90.05
4e-05,7e-06,3e-13,3e-10,1e-10,0.0932,29200000000.0,912000000.0,9.91,-83.29
4e-05,7e-06,3e-13,3e-10,5e-11,0.0932,29200000000.0,912000000.0,9.91,-83.43
4e-05,7e-06,3e-13,3e-10,1.5e-10,0.0932,29200000000.0,913000000.0,9.91,-83.39
4e-05,7e-06,3e-13,3e-10,2e-10,0.0932,29200000000.0,913000000.0,9.91,-83.38
4e-05,7e-06,3e-13,3e-10,2.5e-10,0.0932,29100000000.0,912000000.0,9.91,-83.46
4e-05,7e-06,3e-13,3.5e-10,1e-10,0.0932,27000000000.0,796000000.0,10.31,-86.86
4e-05,7e-06,3e-13,3.5e-10,5e-11,0.0932,27000000000.0,797000000.0,10.31,-86.87
4e-05,7e-06,3e-13,3.5e-10,1.5e-10,0.0932,27000000000.0,798000000.0,10.31,-86.8
4e-05,7e-06,3e-13,3.5e-10,2e-10,0.0932,27000000000.0,796000000.0,10.31,-86.83
4e-05,7e-06,3e-13,3.5e-10,2.5e-10,0.0932,27000000000.0,798000000.0,10.31,-86.6
4e-05,7e-06,3e-13,4.5e-10,1e-10,0.0932,24200000000.0,660000000.0,10.81,-93.28
4e-05,7e-06,3e-13,4.5e-10,5e-11,0.0932,24200000000.0,656000000.0,10.81,-92.49
4e-05,7e-06,3e-13,4.5e-10,1.5e-10,0.0932,24200000000.0,659000000.0,10.81,-93.08
4e-05,7e-06,3e-13,4.5e-10,2e-10,0.0932,24200000000.0,659000000.0,10.81,-93.3
4e-05,7e-06,3e-13,4.5e-10,2.5e-10,0.0932,24200000000.0,656000000.0,10.81,-93.37
4e-05,7e-06,3e-13,5e-10,1e-10,0.0932,23200000000.0,615000000.0,10.99,-94.83
4e-05,7e-06,3e-13,5e-10,5e-11,0.0932,23200000000.0,612000000.0,10.99,-94.81
4e-05,7e-06,3e-13,5e-10,1.5e-10,0.0932,23200000000.0,615000000.0,10.99,-94.77
4e-05,7e-06,3e-13,5e-10,2e-10,0.0932,23200000000.0,610000000.0,10.99,-94.86
4e-05,7e-06,3e-13,5e-10,2.5e-10,0.0932,23200000000.0,611000000.0,10.99,-94.76
4e-05,7e-06,4e-13,4e-10,1e-10,0.0932,25400000000.0,719000000.0,10.59,-90.45
4e-05,7e-06,4e-13,4e-10,5e-11,0.0932,25400000000.0,715000000.0,10.59,-90.4
4e-05,7e-06,4e-13,4e-10,1.5e-10,0.0932,25400000000.0,718000000.0,10.59,-90.14
4e-05,7e-06,4e-13,4e-10,2e-10,0.0932,25400000000.0,718000000.0,10.59,-89.98
4e-05,7e-06,4e-13,4e-10,2.5e-10,0.0932,25400000000.0,718000000.0,10.59,-90.01
4e-05,7e-06,4e-13,3e-10,1e-10,0.0932,29100000000.0,911000000.0,9.9,-83.49
4e-05,7e-06,4e-13,3e-10,5e-11,0.0932,29100000000.0,912000000.0,9.9,-83.23
4e-05,7e-06,4e-13,3e-10,1.5e-10,0.0932,29100000000.0,912000000.0,9.9,-83.61
4e-05,7e-06,4e-13,3e-10,2e-10,0.0932,29100000000.0,912000000.0,9.9,-83.43
4e-05,7e-06,4e-13,3e-10,2.5e-10,0.0932,29100000000.0,912000000.0,9.91,-83.47
4e-05,7e-06,4e-13,3.5e-10,1e-10,0.0932,27000000000.0,798000000.0,10.31,-86.65
4e-05,7e-06,4e-13,3.5e-10,5e-11,0.0932,27000000000.0,795000000.0,10.31,-86.85
4e-05,7e-06,4e-13,3.5e-10,2e-10,0.0932,27000000000.0,798000000.0,10.31,-86.78
4e-05,7e-06,4e-13,3.5e-10,2.5e-10,0.0932,27000000000.0,796000000.0,10.31,-86.76
4e-05,7e-06,4e-13,4.5e-10,1e-10,0.0932,24200000000.0,658000000.0,10.81,-93.11
4e-05,7e-06,4e-13,4.5e-10,5e-11,0.0932,24200000000.0,659000000.0,10.81,-93.43
4e-05,7e-06,4e-13,4.5e-10,2e-10,0.0932,24200000000.0,656000000.0,10.81,-93.01
4e-05,7e-06,4e-13,4.5e-10,2.5e-10,0.0932,24200000000.0,657000000.0,10.81,-92.41
4e-05,7e-06,4e-13,5e-10,1e-10,0.0932,23200000000.0,614000000.0,10.99,-94.85
4e-05,7e-06,4e-13,5e-10,5e-11,0.0932,23200000000.0,610000000.0,10.99,-94.85
4e-05,7e-06,4e-13,5e-10,1.5e-10,0.0932,23200000000.0,610000000.0,10.99,-94.49
4e-05,7e-06,4e-13,5e-10,2e-10,0.0932,23200000000.0,612000000.0,10.99,-94.74
4e-05,7e-06,4e-13,5e-10,2.5e-10,0.0932,23200000000.0,613000000.0,10.99,-94.8
4e-05,7e-06,6e-13,4e-10,1e-10,0.0932,25400000000.0,715000000.0,10.59,-90.44
4e-05,7e-06,6e-13,4e-10,5e-11,0.0932,25400000000.0,716000000.0,10.59,-90.38
4e-05,7e-06,6e-13,4e-10,1.5e-10,0.0932,25400000000.0,718000000.0,10.59,-89.84
4e-05,7e-06,6e-13,4e-10,2e-10,0.0932,25400000000.0,715000000.0,10.59,-89.43
4e-05,7e-06,6e-13,4e-10,2.5e-10,0.0932,25400000000.0,717000000.0,10.59,-90.1
4e-05,7e-06,6e-13,3e-10,1e-10,0.0932,29100000000.0,912000000.0,9.9,-83.18
4e-05,7e-06,6e-13,3e-10,5e-11,0.0932,29100000000.0,912000000.0,9.9,-83.44
4e-05,7e-06,6e-13,3e-10,1.5e-10,0.0932,29100000000.0,911000000.0,9.9,-83.39
4e-05,7e-06,6e-13,3e-10,2e-10,0.0932,29100000000.0,912000000.0,9.9,-83.33
4e-05,7e-06,6e-13,3e-10,2.5e-10,0.0932,29100000000.0,911000000.0,9.9,-83.4
4e-05,7e-06,6e-13,3.5e-10,1e-10,0.0932,27000000000.0,798000000.0,10.31,-86.55
4e-05,7e-06,6e-13,3.5e-10,5e-11,0.0932,27000000000.0,798000000.0,10.31,-86.84
4e-05,7e-06,6e-13,3.5e-10,1.5e-10,0.0932,27000000000.0,798000000.0,10.31,-86.54
4e-05,7e-06,6e-13,3.5e-10,2e-10,0.0932,27000000000.0,797000000.0,10.31,-86.74
4e-05,7e-06,6e-13,4.5e-10,1e-10,0.0932,24200000000.0,660000000.0,10.81,-92.84
4e-05,7e-06,6e-13,4.5e-10,5e-11,0.0932,24200000000.0,659000000.0,10.81,-93.21
4e-05,7e-06,6e-13,4.5e-10,1.5e-10,0.0932,24200000000.0,657000000.0,10.81,-93.3
4e-05,7e-06,6e-13,4.5e-10,2e-10,0.0932,24200000000.0,656000000.0,10.81,-93.32
4e-05,7e-06,6e-13,4.5e-10,2.5e-10,0.0932,24200000000.0,656000000.0,10.81,-93.48
4e-05,7e-06,6e-13,5e-10,1e-10,0.0932,23200000000.0,617000000.0,10.99,-94.79
4e-05,7e-06,6e-13,5e-10,5e-11,0.0932,23200000000.0,616000000.0,10.99,-94.13
4e-05,7e-06,6e-13,5e-10,1.5e-10,0.0932,23200000000.0,614000000.0,10.99,-94.8
4e-05,7e-06,6e-13,5e-10,2e-10,0.0932,23200000000.0,611000000.0,10.99,-94.84
4e-05,7e-06,6e-13,5e-10,2.5e-10,0.0932,23200000000.0,612000000.0,10.99,-94.8
4e-05,7e-06,7e-13,4e-10,1e-10,0.0932,25400000000.0,716000000.0,10.59,-90.11
4e-05,7e-06,7e-13,4e-10,5e-11,0.0932,25400000000.0,717000000.0,10.59,-91.7
4e-05,7e-06,7e-13,4e-10,2e-10,0.0932,25400000000.0,717000000.0,10.59,-90.24
4e-05,7e-06,7e-13,4e-10,2.5e-10,0.0932,25400000000.0,716000000.0,10.59,-89.96
4e-05,7e-06,7e-13,3e-10,1e-10,0.0932,29100000000.0,913000000.0,9.9,-83.26
4e-05,7e-06,7e-13,3e-10,1.5e-10,0.0932,29100000000.0,913000000.0,9.9,-83.29
4e-05,7e-06,7e-13,3e-10,2e-10,0.0932,29100000000.0,913000000.0,9.9,-83.25
4e-05,7e-06,7e-13,3e-10,2.5e-10,0.0932,29100000000.0,912000000.0,9.9,-83.39
4e-05,7e-06,7e-13,3.5e-10,1e-10,0.0932,27000000000.0,797000000.0,10.31,-86.73
4e-05,7e-06,7e-13,3.5e-10,5e-11,0.0932,27000000000.0,797000000.0,10.31,-86.72
4e-05,7e-06,7e-13,3.5e-10,1.5e-10,0.0932,27000000000.0,797000000.0,10.31,-86.71
4e-05,7e-06,7e-13,3.5e-10,2e-10,0.0932,27000000000.0,798000000.0,10.31,-86.5
4e-05,7e-06,7e-13,3.5e-10,2.5e-10,0.0932,27000000000.0,798000000.0,10.31,-86.62
4e-05,7e-06,7e-13,4.5e-10,1e-10,0.0932,24200000000.0,660000000.0,10.81,-92.96
4e-05,7e-06,7e-13,4.5e-10,5e-11,0.0932,24200000000.0,658000000.0,10.81,-92.98
4e-05,7e-06,7e-13,4.5e-10,1.5e-10,0.0932,24200000000.0,655000000.0,10.81,-92.29
4e-05,7e-06,7e-13,4.5e-10,2e-10,0.0932,24200000000.0,659000000.0,10.81,-93.17
4e-05,7e-06,7e-13,4.5e-10,2.5e-10,0.0932,24200000000.0,657000000.0,10.81,-93.38
4e-05,7e-06,7e-13,5e-10,1e-10,0.0932,23200000000.0,617000000.0,10.99,-94.73
4e-05,7e-06,7e-13,5e-10,5e-11,0.0932,23200000000.0,615000000.0,10.99,-94.8
4e-05,7e-06,7e-13,5e-10,1.5e-10,0.0932,23200000000.0,616000000.0,10.99,-94.64
4e-05,7e-06,7e-13,5e-10,2.5e-10,0.0932,23200000000.0,611000000.0,10.99,-94.83
4e-05,8e-06,5e-13,4e-10,1e-10,0.0932,25300000000.0,791000000.0,10.61,-90.38
4e-05,8e-06,5e-13,4e-10,5e-11,0.0932,25300000000.0,789000000.0,10.61,-90.71
4e-05,8e-06,5e-13,4e-10,1.5e-10,0.0932,25300000000.0,792000000.0,10.61,-90.35
4e-05,8e-06,5e-13,4e-10,2e-10,0.0932,25300000000.0,791000000.0,10.61,-90.46
4e-05,8e-06,5e-13,4e-10,2.5e-10,0.0932,25300000000.0,792000000.0,10.61,-90.43
4e-05,8e-06,5e-13,3e-10,1e-10,0.0932,29000000000.0,1010000000.0,9.93,-83.63
4e-05,8e-06,5e-13,3e-10,5e-11,0.0932,29000000000.0,1010000000.0,9.93,-83.64
4e-05,8e-06,5e-13,3e-10,1.5e-10,0.0932,29000000000.0,1010000000.0,9.93,-83.61
4e-05,8e-06,5e-13,3e-10,2e-10,0.0932,29000000000.0,1010000000.0,9.93,-83.87
4e-05,8e-06,5e-13,3e-10,2.5e-10,0.0932,29000000000.0,1010000000.0,9.93,-82.53
4e-05,8e-06,5e-13,3.5e-10,1e-10,0.0932,26900000000.0,879000000.0,10.33,-87.1
4e-05,8e-06,5e-13,3.5e-10,5e-11,0.0932,26900000000.0,880000000.0,10.33,-86.9
4e-05,8e-06,5e-13,3.5e-10,1.5e-10,0.0932,26900000000.0,878000000.0,10.33,-87.13
4e-05,8e-06,5e-13,3.5e-10,2e-10,0.0932,26900000000.0,878000000.0,10.33,-86.95
4e-05,8e-06,5e-13,3.5e-10,2.5e-10,0.0932,26900000000.0,879000000.0,10.33,-87.12
4e-05,8e-06,5e-13,4.5e-10,1e-10,0.0932,24000000000.0,727000000.0,10.83,-93.46
4e-05,8e-06,5e-13,4.5e-10,5e-11,0.0932,24000000000.0,723000000.0,10.83,-92.68
4e-05,8e-06,5e-13,4.5e-10,1.5e-10,0.0932,24000000000.0,729000000.0,10.83,-93.33
4e-05,8e-06,5e-13,4.5e-10,2e-10,0.0932,24000000000.0,728000000.0,10.83,-93.45
4e-05,8e-06,5e-13,4.5e-10,2.5e-10,0.0932,24000000000.0,728000000.0,10.83,-93.74
4e-05,8e-06,5e-13,5e-10,1e-10,0.0932,23000000000.0,677000000.0,11.01,-94.96
4e-05,8e-06,5e-13,5e-10,5e-11,0.0932,23000000000.0,679000000.0,11.01,-94.62
4e-05,8e-06,5e-13,5e-10,1.5e-10,0.0932,23000000000.0,678000000.0,11.01,-94.9
4e-05,8e-06,5e-13,5e-10,2e-10,0.0932,23000000000.0,681000000.0,11.01,-94.91
4e-05,8e-06,3e-13,4e-10,1e-10,0.0932,25300000000.0,789000000.0,10.61,-90.91
4e-05,8e-06,3e-13,4e-10,5e-11,0.0932,25300000000.0,792000000.0,10.61,-90.63
4e-05,8e-06,3e-13,4e-10,1.5e-10,0.0932,25300000000.0,793000000.0,10.61,-90.38
4e-05,8e-06,3e-13,4e-10,2e-10,0.0932,25300000000.0,791000000.0,10.61,-90.67
4e-05,8e-06,3e-13,4e-10,2.5e-10,0.0932,25300000000.0,790000000.0,10.61,-90.41
4e-05,8e-06,3e-13,3e-10,1e-10,0.0932,29000000000.0,1010000000.0,9.93,-83.68
4e-05,8e-06,3e-13,3e-10,5e-11,0.0932,29000000000.0,1010000000.0,9.93,-83.73
4e-05,8e-06,3e-13,3e-10,1.5e-10,0.0932,29000000000.0,1010000000.0,9.93,-83.54
4e-05,8e-06,3e-13,3e-10,2e-10,0.0932,29000000000.0,1010000000.0,9.93,-83.67
4e-05,8e-06,3e-13,3.5e-10,1e-10,0.0932,26900000000.0,880000000.0,10.33,-87.1
4e-05,8e-06,3e-13,3.5e-10,5e-11,0.0932,26900000000.0,877000000.0,10.33,-87.08
4e-05,8e-06,3e-13,3.5e-10,1.5e-10,0.0932,26900000000.0,881000000.0,10.33,-86.95
4e-05,8e-06,3e-13,3.5e-10,2e-10,0.0932,26900000000.0,881000000.0,10.33,-86.99
4e-05,8e-06,3e-13,3.5e-10,2.5e-10,0.0932,26900000000.0,879000000.0,10.33,-87.13
4e-05,8e-06,3e-13,4.5e-10,1e-10,0.0932,24100000000.0,723000000.0,10.83,-92.76
4e-05,8e-06,3e-13,4.5e-10,5e-11,0.0932,24100000000.0,727000000.0,10.83,-94.08
4e-05,8e-06,3e-13,4.5e-10,1.5e-10,0.0932,24100000000.0,729000000.0,10.83,-93.26
4e-05,8e-06,3e-13,4.5e-10,2e-10,0.0932,24100000000.0,729000000.0,10.83,-93.4
4e-05,8e-06,3e-13,4.5e-10,2.5e-10,0.0932,24100000000.0,731000000.0,10.83,-93.38
4e-05,8e-06,3e-13,5e-10,1e-10,0.0932,23100000000.0,677000000.0,11.01,-94.96
4e-05,8e-06,3e-13,5e-10,5e-11,0.0932,23100000000.0,674000000.0,11.0,-94.96
4e-05,8e-06,3e-13,5e-10,1.5e-10,0.0932,23100000000.0,677000000.0,11.0,-94.94
4e-05,8e-06,3e-13,5e-10,2e-10,0.0932,23100000000.0,681000000.0,11.01,-94.95
4e-05,8e-06,3e-13,5e-10,2.5e-10,0.0932,23100000000.0,680000000.0,11.01,-94.93
4e-05,8e-06,4e-13,4e-10,1e-10,0.0932,25300000000.0,793000000.0,10.61,-90.32
4e-05,8e-06,4e-13,4e-10,5e-11,0.0932,25300000000.0,792000000.0,10.61,-90.45
4e-05,8e-06,4e-13,4e-10,1.5e-10,0.0932,25300000000.0,792000000.0,10.61,-90.37
4e-05,8e-06,4e-13,4e-10,2.5e-10,0.0932,25300000000.0,789000000.0,10.61,-89.87
4e-05,8e-06,4e-13,3e-10,2e-10,0.0932,29000000000.0,1010000000.0,9.93,-83.81
4e-05,8e-06,4e-13,3e-10,2.5e-10,0.0932,29000000000.0,1010000000.0,9.93,-83.58
4e-05,8e-06,4e-13,3.5e-10,5e-11,0.0932,26900000000.0,880000000.0,10.33,-87.0
4e-05,8e-06,4e-13,3.5e-10,1.5e-10,0.0932,26900000000.0,879000000.0,10.33,-86.93
4e-05,8e-06,4e-13,3.5e-10,2e-10,0.0932,26900000000.0,879000000.0,10.33,-87.22
4e-05,8e-06,4e-13,3.5e-10,2.5e-10,0.0932,26900000000.0,879000000.0,10.33,-87.06
4e-05,8e-06,4e-13,4.5e-10,1e-10,0.0932,24100000000.0,730000000.0,10.83,-93.29
4e-05,8e-06,4e-13,4.5e-10,5e-11,0.0932,24100000000.0,729000000.0,10.83,-93.85
4e-05,8e-06,4e-13,4.5e-10,1.5e-10,0.0932,24100000000.0,723000000.0,10.83,-92.7
4e-05,8e-06,4e-13,4.5e-10,2e-10,0.0932,24100000000.0,728000000.0,10.83,-93.4
4e-05,8e-06,4e-13,4.5e-10,2.5e-10,0.0932,24000000000.0,727000000.0,10.83,-93.48
4e-05,8e-06,4e-13,5e-10,1e-10,0.0932,23000000000.0,680000000.0,11.01,-94.89
4e-05,8e-06,4e-13,5e-10,5e-11,0.0932,23000000000.0,679000000.0,11.01,-94.92
4e-05,8e-06,4e-13,5e-10,1.5e-10,0.0932,23000000000.0,676000000.0,11.01,-94.71
4e-05,8e-06,4e-13,5e-10,2e-10,0.0932,23000000000.0,677000000.0,11.01,-94.95
4e-05,8e-06,4e-13,5e-10,2.5e-10,0.0932,23000000000.0,678000000.0,11.0,-94.93
4e-05,8e-06,6e-13,4e-10,1e-10,0.0932,25300000000.0,791000000.0,10.61,-90.55
4e-05,8e-06,6e-13,4e-10,5e-11,0.0932,25300000000.0,793000000.0,10.61,-90.39
4e-05,8e-06,6e-13,4e-10,1.5e-10,0.0932,25300000000.0,790000000.0,10.61,-90.48
4e-05,8e-06,6e-13,4e-10,2e-10,0.0932,25300000000.0,789000000.0,10.61,-90.6
4e-05,8e-06,6e-13,4e-10,2.5e-10,0.0932,25300000000.0,791000000.0,10.61,-90.36
4e-05,8e-06,6e-13,3e-10,5e-11,0.0932,29000000000.0,1000000000.0,9.93,-83.63
4e-05,8e-06,6e-13,3e-10,1.5e-10,0.0932,29000000000.0,1010000000.0,9.93,-83.55
4e-05,8e-06,6e-13,3e-10,2.5e-10,0.0932,29000000000.0,1010000000.0,9.93,-83.72
4e-05,8e-06,6e-13,3.5e-10,1e-10,0.0932,26900000000.0,879000000.0,10.33,-87.05
4e-05,8e-06,6e-13,3.5e-10,5e-11,0.0932,26900000000.0,878000000.0,10.33,-86.64
4e-05,8e-06,6e-13,3.5e-10,1.5e-10,0.0932,26900000000.0,880000000.0,10.33,-87.26
4e-05,8e-06,6e-13,3.5e-10,2e-10,0.0932,26900000000.0,880000000.0,10.33,-87.07
4e-05,8e-06,6e-13,3.5e-10,2.5e-10,0.0932,26900000000.0,879000000.0,10.33,-90.24
4e-05,8e-06,6e-13,4.5e-10,1e-10,0.0932,24000000000.0,724000000.0,10.83,-93.38
4e-05,8e-06,6e-13,4.5e-10,5e-11,0.0932,24000000000.0,727000000.0,10.83,-93.18
4e-05,8e-06,6e-13,4.5e-10,1.5e-10,0.0932,24000000000.0,723000000.0,10.83,-93.77
4e-05,8e-06,6e-13,4.5e-10,2e-10,0.0932,24000000000.0,727000000.0,10.83,-93.27
4e-05,8e-06,6e-13,4.5e-10,2.5e-10,0.0932,24000000000.0,730000000.0,10.83,-93.44
4e-05,8e-06,6e-13,5e-10,1e-10,0.0932,23000000000.0,676000000.0,11.0,-94.93
4e-05,8e-06,6e-13,5e-10,5e-11,0.0932,23000000000.0,676000000.0,11.0,-94.68
4e-05,8e-06,6e-13,5e-10,1.5e-10,0.0932,23000000000.0,679000000.0,11.0,-94.91
4e-05,8e-06,6e-13,5e-10,2e-10,0.0932,23000000000.0,676000000.0,11.01,-94.94
4e-05,8e-06,7e-13,4e-10,1e-10,0.0932,25300000000.0,789000000.0,10.61,-90.4
4e-05,8e-06,7e-13,4e-10,5e-11,0.0932,25300000000.0,790000000.0,10.61,-90.59
4e-05,8e-06,7e-13,4e-10,1.5e-10,0.0932,25300000000.0,791000000.0,10.61,-90.58
4e-05,8e-06,7e-13,4e-10,2.5e-10,0.0932,25300000000.0,792000000.0,10.61,-90.31
4e-05,8e-06,7e-13,3e-10,1e-10,0.0932,29000000000.0,1010000000.0,9.93,-83.6
4e-05,8e-06,7e-13,3e-10,5e-11,0.0932,29000000000.0,1000000000.0,9.93,-83.68
4e-05,8e-06,7e-13,3e-10,2e-10,0.0932,29000000000.0,1010000000.0,9.93,-83.52
4e-05,8e-06,7e-13,3.5e-10,1e-10,0.0932,26900000000.0,880000000.0,10.33,-87.06
4e-05,8e-06,7e-13,3.5e-10,5e-11,0.0932,26900000000.0,880000000.0,10.33,-87.27
4e-05,8e-06,7e-13,3.5e-10,1.5e-10,0.0932,26900000000.0,879000000.0,10.33,-87.09
4e-05,8e-06,7e-13,3.5e-10,2e-10,0.0932,26900000000.0,879000000.0,10.33,-87.01
4e-05,8e-06,7e-13,3.5e-10,2.5e-10,0.0932,26900000000.0,878000000.0,10.33,-86.93
4e-05,8e-06,7e-13,4.5e-10,1e-10,0.0932,24000000000.0,724000000.0,10.83,-93.32
4e-05,8e-06,7e-13,4.5e-10,5e-11,0.0932,24000000000.0,728000000.0,10.83,-93.52
4e-05,8e-06,7e-13,4.5e-10,1.5e-10,0.0932,24000000000.0,728000000.0,10.83,-93.48
4e-05,8e-06,7e-13,4.5e-10,2.5e-10,0.0932,24000000000.0,726000000.0,10.83,-93.42
4e-05,8e-06,7e-13,5e-10,1e-10,0.0932,23000000000.0,677000000.0,11.0,-94.93
4e-05,8e-06,7e-13,5e-10,5e-11,0.0932,23000000000.0,674000000.0,11.01,-94.69
4e-05,8e-06,7e-13,5e-10,1.5e-10,0.0932,23000000000.0,681000000.0,11.01,-94.89
4e-05,8e-06,7e-13,5e-10,2e-10,0.0932,23000000000.0,680000000.0,11.01,-94.9
4e-05,9e-06,5e-13,4e-10,1e-10,0.0932,25100000000.0,856000000.0,10.62,-90.99
4e-05,9e-06,5e-13,4e-10,5e-11,0.0932,25200000000.0,857000000.0,10.62,-90.48
4e-05,9e-06,5e-13,4e-10,1.5e-10,0.0932,25100000000.0,858000000.0,10.63,-90.98
4e-05,9e-06,5e-13,4e-10,2e-10,0.0932,25100000000.0,858000000.0,10.63,-90.75
4e-05,9e-06,5e-13,4e-10,2.5e-10,0.0932,25100000000.0,859000000.0,10.63,-90.65
4e-05,9e-06,5e-13,3e-10,1e-10,0.0932,28800000000.0,1090000000.0,9.95,-83.95
4e-05,9e-06,5e-13,3e-10,5e-11,0.0932,28800000000.0,1090000000.0,9.95,-84.0
4e-05,9e-06,5e-13,3e-10,2e-10,0.0932,28800000000.0,1090000000.0,9.95,-84.07
4e-05,9e-06,5e-13,3e-10,2.5e-10,0.0932,28800000000.0,1090000000.0,9.95,-84.11
4e-05,9e-06,5e-13,3.5e-10,1e-10,0.0932,26700000000.0,952000000.0,10.35,-87.57
4e-05,9e-06,5e-13,3.5e-10,5e-11,0.0932,26700000000.0,954000000.0,10.35,-87.21
4e-05,9e-06,5e-13,3.5e-10,1.5e-10,0.0932,26700000000.0,953000000.0,10.35,-87.35
4e-05,9e-06,5e-13,3.5e-10,2e-10,0.0932,26700000000.0,952000000.0,10.35,-87.28
4e-05,9e-06,5e-13,3.5e-10,2.5e-10,0.0932,26700000000.0,953000000.0,10.35,-87.42
4e-05,9e-06,5e-13,4.5e-10,1e-10,0.0932,23900000000.0,786000000.0,10.84,-93.85
4e-05,9e-06,5e-13,4.5e-10,5e-11,0.0932,23900000000.0,788000000.0,10.84,-93.85
4e-05,9e-06,5e-13,4.5e-10,1.5e-10,0.0932,23900000000.0,788000000.0,10.84,-93.82
4e-05,9e-06,5e-13,4.5e-10,2e-10,0.0932,23900000000.0,789000000.0,10.84,-94.0
4e-05,9e-06,5e-13,4.5e-10,2.5e-10,0.0932,23900000000.0,789000000.0,10.84,-93.84
4e-05,9e-06,5e-13,5e-10,1e-10,0.0932,22900000000.0,735000000.0,11.02,-95.02
4e-05,9e-06,5e-13,5e-10,5e-11,0.0932,22900000000.0,736000000.0,11.02,-95.01
4e-05,9e-06,5e-13,5e-10,1.5e-10,0.0932,22900000000.0,734000000.0,11.02,-94.98
4e-05,9e-06,5e-13,5e-10,2e-10,0.0932,22900000000.0,739000000.0,11.02,-93.64
4e-05,9e-06,5e-13,5e-10,2.5e-10,0.0932,22900000000.0,739000000.0,11.02,-93.58
4e-05,9e-06,3e-13,4e-10,1e-10,0.0932,25200000000.0,859000000.0,10.63,-90.81
4e-05,9e-06,3e-13,4e-10,5e-11,0.0932,25200000000.0,856000000.0,10.63,-91.21
4e-05,9e-06,3e-13,4e-10,1.5e-10,0.0932,25200000000.0,857000000.0,10.63,-91.0
4e-05,9e-06,3e-13,4e-10,2e-10,0.0932,25200000000.0,856000000.0,10.62,-91.24
4e-05,9e-06,3e-13,4e-10,2.5e-10,0.0932,25200000000.0,860000000.0,10.63,-91.16
4e-05,9e-06,3e-13,3e-10,1e-10,0.0932,28800000000.0,1090000000.0,9.95,-84.03
4e-05,9e-06,3e-13,3e-10,5e-11,0.0932,28800000000.0,1090000000.0,9.96,-83.98
4e-05,9e-06,3e-13,3e-10,2e-10,0.0932,28800000000.0,1090000000.0,9.95,-83.91
4e-05,9e-06,3e-13,3e-10,2.5e-10,0.0932,28800000000.0,1090000000.0,9.95,-83.98
4e-05,9e-06,3e-13,3.5e-10,1e-10,0.0932,26700000000.0,954000000.0,10.35,-87.36
4e-05,9e-06,3e-13,3.5e-10,5e-11,0.0932,26700000000.0,953000000.0,10.35,-87.46
4e-05,9e-06,3e-13,3.5e-10,2e-10,0.0932,26700000000.0,952000000.0,10.35,-87.65
4e-05,9e-06,3e-13,3.5e-10,2.5e-10,0.0932,26700000000.0,953000000.0,10.35,-87.43
4e-05,9e-06,3e-13,4.5e-10,1e-10,0.0932,23900000000.0,788000000.0,10.84,-93.89
4e-05,9e-06,3e-13,4.5e-10,5e-11,0.0932,23900000000.0,785000000.0,10.84,-94.19
4e-05,9e-06,3e-13,4.5e-10,1.5e-10,0.0932,23900000000.0,788000000.0,10.84,-93.78
4e-05,9e-06,3e-13,4.5e-10,2e-10,0.0932,23900000000.0,788000000.0,10.84,-93.77
4e-05,9e-06,3e-13,4.5e-10,2.5e-10,0.0932,23900000000.0,789000000.0,10.84,-93.97
4e-05,9e-06,3e-13,5e-10,5e-11,0.0932,22900000000.0,734000000.0,11.02,-95.05
4e-05,9e-06,3e-13,5e-10,1.5e-10,0.0932,22900000000.0,736000000.0,11.02,-93.47
4e-05,9e-06,3e-13,5e-10,2e-10,0.0932,22900000000.0,735000000.0,11.02,-95.04
4e-05,9e-06,3e-13,5e-10,2.5e-10,0.0932,22900000000.0,732000000.0,11.02,-95.02
4e-05,9e-06,4e-13,4e-10,1e-10,0.0932,25200000000.0,856000000.0,10.62,-90.31
4e-05,9e-06,4e-13,4e-10,5e-11,0.0932,25200000000.0,859000000.0,10.63,-90.75
4e-05,9e-06,4e-13,4e-10,1.5e-10,0.0932,25200000000.0,856000000.0,10.62,-90.95
4e-05,9e-06,4e-13,4e-10,2e-10,0.0932,25200000000.0,858000000.0,10.63,-90.76
4e-05,9e-06,4e-13,4e-10,2.5e-10,0.0932,25200000000.0,860000000.0,10.63,-90.72
4e-05,9e-06,4e-13,3e-10,5e-11,0.0932,28800000000.0,1090000000.0,9.95,-84.15
4e-05,9e-06,4e-13,3e-10,1.5e-10,0.0932,28800000000.0,1090000000.0,9.95,-83.92
4e-05,9e-06,4e-13,3e-10,2e-10,0.0932,28800000000.0,1090000000.0,9.95,-83.96
4e-05,9e-06,4e-13,3e-10,2.5e-10,0.0932,28800000000.0,1090000000.0,9.95,-84.01
4e-05,9e-06,4e-13,3.5e-10,1e-10,0.0932,26700000000.0,953000000.0,10.35,-87.4
4e-05,9e-06,4e-13,3.5e-10,5e-11,0.0932,26700000000.0,952000000.0,10.35,-87.53
4e-05,9e-06,4e-13,3.5e-10,1.5e-10,0.0932,26700000000.0,954000000.0,10.35,-87.38
4e-05,9e-06,4e-13,3.5e-10,2e-10,0.0932,26700000000.0,952000000.0,10.35,-87.35
4e-05,9e-06,4e-13,3.5e-10,2.5e-10,0.0932,26700000000.0,954000000.0,10.35,-87.17
4e-05,9e-06,4e-13,4.5e-10,1e-10,0.0932,23900000000.0,789000000.0,10.84,-93.94
4e-05,9e-06,4e-13,4.5e-10,1.5e-10,0.0932,23900000000.0,787000000.0,10.84,-93.94
4e-05,9e-06,4e-13,4.5e-10,2.5e-10,0.0932,23900000000.0,788000000.0,10.84,-93.91
4e-05,9e-06,4e-13,5e-10,1e-10,0.0932,22900000000.0,734000000.0,11.02,-95.02
4e-05,9e-06,4e-13,5e-10,5e-11,0.0932,22900000000.0,731000000.0,11.02,-95.02
4e-05,9e-06,4e-13,5e-10,2e-10,0.0932,22900000000.0,735000000.0,11.02,-92.23
4e-05,9e-06,4e-13,5e-10,2.5e-10,0.0932,22900000000.0,738000000.0,11.02,-95.02
4e-05,9e-06,6e-13,4e-10,1e-10,0.0932,25100000000.0,858000000.0,10.62,-90.71
4e-05,9e-06,6e-13,4e-10,5e-11,0.0932,25100000000.0,860000000.0,10.63,-90.72
4e-05,9e-06,6e-13,4e-10,1.5e-10,0.0932,25100000000.0,856000000.0,10.62,-91.0
4e-05,9e-06,6e-13,4e-10,2e-10,0.0932,25100000000.0,860000000.0,10.63,-91.1
4e-05,9e-06,6e-13,4e-10,2.5e-10,0.0932,25100000000.0,857000000.0,10.62,-90.9
4e-05,9e-06,6e-13,3e-10,5e-11,0.0932,28800000000.0,1090000000.0,9.95,-83.85
4e-05,9e-06,6e-13,3e-10,2e-10,0.0932,28800000000.0,1090000000.0,9.95,-84.04
4e-05,9e-06,6e-13,3e-10,2.5e-10,0.0932,28800000000.0,1090000000.0,9.95,-83.89
4e-05,9e-06,6e-13,3.5e-10,1e-10,0.0932,26700000000.0,953000000.0,10.35,-87.34
4e-05,9e-06,6e-13,3.5e-10,1.5e-10,0.0932,26700000000.0,954000000.0,10.35,-87.27
4e-05,9e-06,6e-13,3.5e-10,2e-10,0.0932,26700000000.0,953000000.0,10.35,-87.39
4e-05,9e-06,6e-13,3.5e-10,2.5e-10,0.0932,26700000000.0,952000000.0,10.35,-87.43
4e-05,9e-06,6e-13,4.5e-10,1e-10,0.0932,23900000000.0,787000000.0,10.84,-93.87
4e-05,9e-06,6e-13,4.5e-10,5e-11,0.0932,23900000000.0,786000000.0,10.84,-93.77
4e-05,9e-06,6e-13,4.5e-10,2e-10,0.0932,23900000000.0,787000000.0,10.84,-93.91
4e-05,9e-06,6e-13,4.5e-10,2.5e-10,0.0932,23900000000.0,789000000.0,10.84,-93.73
4e-05,9e-06,6e-13,5e-10,1e-10,0.0932,22900000000.0,735000000.0,11.02,-95.03
4e-05,9e-06,6e-13,5e-10,5e-11,0.0932,22900000000.0,737000000.0,11.02,-95.03
4e-05,9e-06,6e-13,5e-10,2e-10,0.0932,22900000000.0,732000000.0,11.02,-95.01
4e-05,9e-06,6e-13,5e-10,2.5e-10,0.0932,22900000000.0,732000000.0,11.02,-94.98
4e-05,9e-06,7e-13,4e-10,1e-10,0.0932,25100000000.0,858000000.0,10.63,-90.71
4e-05,9e-06,7e-13,4e-10,5e-11,0.0932,25100000000.0,860000000.0,10.63,-90.82
4e-05,9e-06,7e-13,4e-10,1.5e-10,0.0932,25100000000.0,859000000.0,10.63,-90.95
4e-05,9e-06,7e-13,4e-10,2e-10,0.0932,25100000000.0,856000000.0,10.62,-91.1
4e-05,9e-06,7e-13,4e-10,2.5e-10,0.0932,25100000000.0,855000000.0,10.62,-91.09
4e-05,9e-06,7e-13,3e-10,1e-10,0.0932,28800000000.0,1090000000.0,9.95,-83.93
4e-05,9e-06,7e-13,3e-10,2.5e-10,0.0932,28800000000.0,1090000000.0,9.95,-83.83
4e-05,9e-06,7e-13,3.5e-10,1e-10,0.0932,26700000000.0,953000000.0,10.35,-87.5
4e-05,9e-06,7e-13,3.5e-10,5e-11,0.0932,26700000000.0,954000000.0,10.35,-87.31
4e-05,9e-06,7e-13,3.5e-10,1.5e-10,0.0932,26700000000.0,954000000.0,10.35,-87.13
4e-05,9e-06,7e-13,3.5e-10,2e-10,0.0932,26700000000.0,954000000.0,10.35,-87.29
4e-05,9e-06,7e-13,3.5e-10,2.5e-10,0.0932,26700000000.0,954000000.0,10.35,-87.26
4e-05,9e-06,7e-13,4.5e-10,1e-10,0.0932,23900000000.0,791000000.0,10.84,-93.91
4e-05,9e-06,7e-13,4.5e-10,5e-11,0.0932,23900000000.0,787000000.0,10.84,-93.89
4e-05,9e-06,7e-13,4.5e-10,2e-10,0.0932,23900000000.0,787000000.0,10.84,-93.99
4e-05,9e-06,7e-13,4.5e-10,2.5e-10,0.0932,23900000000.0,787000000.0,10.84,-93.9
4e-05,9e-06,7e-13,5e-10,2e-10,0.0932,22900000000.0,737000000.0,11.02,-95.01
4e-05,1e-05,5e-13,4e-10,1e-10,0.0932,25000000000.0,919000000.0,10.64,-91.05
4e-05,1e-05,5e-13,4e-10,5e-11,0.0932,25000000000.0,916000000.0,10.64,-90.88
4e-05,1e-05,5e-13,4e-10,1.5e-10,0.0932,25000000000.0,917000000.0,10.64,-91.32
4e-05,1e-05,5e-13,4e-10,2e-10,0.0932,25000000000.0,915000000.0,10.64,-91.49
4e-05,1e-05,5e-13,4e-10,2.5e-10,0.0932,25000000000.0,920000000.0,10.64,-91.08
4e-05,1e-05,5e-13,3e-10,1e-10,0.0932,28600000000.0,1160000000.0,9.97,-84.28
4e-05,1e-05,5e-13,3e-10,5e-11,0.0932,28600000000.0,1170000000.0,9.97,-84.17
4e-05,1e-05,5e-13,3e-10,1.5e-10,0.0932,28600000000.0,1160000000.0,9.97,-84.21
4e-05,1e-05,5e-13,3e-10,2e-10,0.0932,28600000000.0,1160000000.0,9.97,-84.08
4e-05,1e-05,5e-13,3e-10,2.5e-10,0.0932,28600000000.0,1170000000.0,9.97,-84.29
4e-05,1e-05,5e-13,3.5e-10,1e-10,0.0932,26600000000.0,1020000000.0,10.36,-87.59
4e-05,1e-05,5e-13,3.5e-10,5e-11,0.0932,26600000000.0,1020000000.0,10.36,-87.8
4e-05,1e-05,5e-13,3.5e-10,1.5e-10,0.0932,26600000000.0,1020000000.0,10.36,-87.61
4e-05,1e-05,5e-13,3.5e-10,2e-10,0.0932,26600000000.0,1020000000.0,10.36,-87.73
4e-05,1e-05,5e-13,3.5e-10,2.5e-10,0.0932,26600000000.0,1020000000.0,10.36,-87.78
4e-05,1e-05,5e-13,4.5e-10,1e-10,0.0932,23800000000.0,843000000.0,10.86,-94.11
4e-05,1e-05,5e-13,4.5e-10,5e-11,0.0932,23800000000.0,843000000.0,10.86,-94.05
4e-05,1e-05,5e-13,4.5e-10,1.5e-10,0.0932,23800000000.0,846000000.0,10.86,-94.04
4e-05,1e-05,5e-13,4.5e-10,2e-10,0.0932,23800000000.0,843000000.0,10.86,-94.09
4e-05,1e-05,5e-13,4.5e-10,2.5e-10,0.0932,23800000000.0,841000000.0,10.85,-94.03
4e-05,1e-05,5e-13,5e-10,1e-10,0.0932,22800000000.0,786000000.0,11.04,-95.06
4e-05,1e-05,5e-13,5e-10,5e-11,0.0932,22800000000.0,786000000.0,11.04,-94.98
4e-05,1e-05,5e-13,5e-10,1.5e-10,0.0932,22800000000.0,786000000.0,11.03,-95.04
4e-05,1e-05,5e-13,5e-10,2e-10,0.0932,22800000000.0,784000000.0,11.04,-95.07
4e-05,1e-05,5e-13,5e-10,2.5e-10,0.0932,22800000000.0,785000000.0,11.03,-95.09
4e-05,1e-05,3e-13,4e-10,5e-11,0.0932,25000000000.0,917000000.0,10.64,-92.12
4e-05,1e-05,3e-13,4e-10,1.5e-10,0.0932,25000000000.0,919000000.0,10.64,-91.12
4e-05,1e-05,3e-13,4e-10,2e-10,0.0932,25000000000.0,917000000.0,10.64,-91.18
4e-05,1e-05,3e-13,4e-10,2.5e-10,0.0932,25000000000.0,918000000.0,10.64,-91.44
4e-05,1e-05,3e-13,3e-10,1e-10,0.0932,28600000000.0,1160000000.0,9.97,-84.37
4e-05,1e-05,3e-13,3e-10,5e-11,0.0932,28600000000.0,1160000000.0,9.97,-84.14
4e-05,1e-05,3e-13,3e-10,2e-10,0.0932,28600000000.0,1170000000.0,9.97,-84.48
4e-05,1e-05,3e-13,3e-10,2.5e-10,0.0932,28600000000.0,1160000000.0,9.97,-84.39
4e-05,1e-05,3e-13,3.5e-10,1e-10,0.0932,26600000000.0,1020000000.0,10.36,-87.84
4e-05,1e-05,3e-13,3.5e-10,5e-11,0.0932,26600000000.0,1020000000.0,10.36,-88.01
4e-05,1e-05,3e-13,3.5e-10,1.5e-10,0.0932,26600000000.0,1020000000.0,10.36,-87.6
4e-05,1e-05,3e-13,3.5e-10,2.5e-10,0.0932,26600000000.0,1020000000.0,10.36,-87.86
4e-05,1e-05,3e-13,4.5e-10,1e-10,0.0932,23800000000.0,843000000.0,10.86,-93.96
4e-05,1e-05,3e-13,4.5e-10,5e-11,0.0932,23800000000.0,842000000.0,10.86,-94.21
4e-05,1e-05,3e-13,4.5e-10,1.5e-10,0.0932,23800000000.0,841000000.0,10.86,-94.56
4e-05,1e-05,3e-13,4.5e-10,2e-10,0.0932,23800000000.0,844000000.0,10.86,-93.93
4e-05,1e-05,3e-13,4.5e-10,2.5e-10,0.0932,23800000000.0,841000000.0,10.86,-94.36
4e-05,1e-05,3e-13,5e-10,1e-10,0.0932,22800000000.0,789000000.0,11.03,-94.99
4e-05,1e-05,3e-13,5e-10,5e-11,0.0932,22800000000.0,784000000.0,11.03,-95.08
4e-05,1e-05,3e-13,5e-10,2e-10,0.0932,22800000000.0,786000000.0,11.04,-95.08
4e-05,1e-05,3e-13,5e-10,2.5e-10,0.0932,22800000000.0,789000000.0,11.04,-95.04
4e-05,1e-05,4e-13,4e-10,1e-10,0.0932,25000000000.0,920000000.0,10.64,-90.98
4e-05,1e-05,4e-13,4e-10,5e-11,0.0932,25000000000.0,917000000.0,10.64,-91.44
4e-05,1e-05,4e-13,4e-10,1.5e-10,0.0932,25000000000.0,917000000.0,10.64,-91.49
4e-05,1e-05,4e-13,4e-10,2e-10,0.0932,25000000000.0,916000000.0,10.64,-91.42
4e-05,1e-05,4e-13,4e-10,2.5e-10,0.0932,25000000000.0,916000000.0,10.64,-91.26
4e-05,1e-05,4e-13,3e-10,1e-10,0.0932,28600000000.0,1160000000.0,9.97,-84.16
4e-05,1e-05,4e-13,3e-10,5e-11,0.0932,28600000000.0,1160000000.0,9.97,-84.36
4e-05,1e-05,4e-13,3e-10,1.5e-10,0.0932,28600000000.0,1160000000.0,9.97,-84.33
4e-05,1e-05,4e-13,3e-10,2e-10,0.0932,28600000000.0,1170000000.0,9.97,-84.22
4e-05,1e-05,4e-13,3e-10,2.5e-10,0.0932,28600000000.0,1170000000.0,9.97,-84.4
4e-05,1e-05,4e-13,3.5e-10,1e-10,0.0932,26600000000.0,1020000000.0,10.36,-87.76
4e-05,1e-05,4e-13,3.5e-10,5e-11,0.0932,26600000000.0,1020000000.0,10.36,-88.0
4e-05,1e-05,4e-13,3.5e-10,1.5e-10,0.0932,26600000000.0,1020000000.0,10.36,-87.96
4e-05,1e-05,4e-13,3.5e-10,2e-10,0.0932,26600000000.0,1020000000.0,10.36,-87.81
4e-05,1e-05,4e-13,3.5e-10,2.5e-10,0.0932,26600000000.0,1020000000.0,10.36,-87.77
4e-05,1e-05,4e-13,4.5e-10,1e-10,0.0932,23800000000.0,844000000.0,10.86,-94.12
4e-05,1e-05,4e-13,4.5e-10,5e-11,0.0932,23800000000.0,841000000.0,10.86,-94.48
4e-05,1e-05,4e-13,4.5e-10,1.5e-10,0.0932,23800000000.0,844000000.0,10.86,-94.03
4e-05,1e-05,4e-13,4.5e-10,2e-10,0.0932,23800000000.0,843000000.0,10.86,-94.21
4e-05,1e-05,4e-13,4.5e-10,2.5e-10,0.0932,23800000000.0,842000000.0,10.85,-94.33
4e-05,1e-05,4e-13,5e-10,1e-10,0.0932,22800000000.0,790000000.0,11.04,-95.08
4e-05,1e-05,4e-13,5e-10,5e-11,0.0932,22800000000.0,787000000.0,11.04,-93.45
4e-05,1e-05,4e-13,5e-10,1.5e-10,0.0932,22800000000.0,785000000.0,11.03,-95.07
4e-05,1e-05,4e-13,5e-10,2e-10,0.0932,22800000000.0,788000000.0,11.03,-95.09
4e-05,1e-05,4e-13,5e-10,2.5e-10,0.0932,22800000000.0,784000000.0,11.04,-95.04
4e-05,1e-05,6e-13,4e-10,1e-10,0.0932,25000000000.0,920000000.0,10.64,-91.45
4e-05,1e-05,6e-13,4e-10,5e-11,0.0932,25000000000.0,916000000.0,10.64,-91.1
4e-05,1e-05,6e-13,4e-10,1.5e-10,0.0932,25000000000.0,915000000.0,10.64,-90.72
4e-05,1e-05,6e-13,4e-10,2e-10,0.0932,25000000000.0,919000000.0,10.64,-90.96
4e-05,1e-05,6e-13,4e-10,2.5e-10,0.0932,25000000000.0,918000000.0,10.64,-91.18
4e-05,1e-05,6e-13,3e-10,1e-10,0.0932,28600000000.0,1160000000.0,9.97,-84.06
4e-05,1e-05,6e-13,3e-10,1.5e-10,0.0932,28600000000.0,1160000000.0,9.97,-84.04
4e-05,1e-05,6e-13,3e-10,2.5e-10,0.0932,28600000000.0,1170000000.0,9.97,-84.34
4e-05,1e-05,6e-13,3.5e-10,1e-10,0.0932,26600000000.0,1020000000.0,10.36,-87.46
4e-05,1e-05,6e-13,3.5e-10,5e-11,0.0932,26600000000.0,1020000000.0,10.36,-87.92
4e-05,1e-05,6e-13,3.5e-10,2e-10,0.0932,26600000000.0,1020000000.0,10.36,-87.57
4e-05,1e-05,6e-13,3.5e-10,2.5e-10,0.0932,26600000000.0,1020000000.0,10.36,-87.91
4e-05,1e-05,6e-13,4.5e-10,1e-10,0.0932,23800000000.0,843000000.0,10.85,-94.41
4e-05,1e-05,6e-13,4.5e-10,5e-11,0.0932,23800000000.0,844000000.0,10.86,-94.21
4e-05,1e-05,6e-13,4.5e-10,1.5e-10,0.0932,23800000000.0,840000000.0,10.86,-94.38
4e-05,1e-05,6e-13,4.5e-10,2e-10,0.0932,23800000000.0,843000000.0,10.85,-94.17
4e-05,1e-05,6e-13,4.5e-10,2.5e-10,0.0932,23800000000.0,842000000.0,10.86,-93.91
4e-05,1e-05,6e-13,5e-10,1e-10,0.0932,22800000000.0,787000000.0,11.03,-95.08
4e-05,1e-05,6e-13,5e-10,5e-11,0.0932,22800000000.0,784000000.0,11.04,-95.08
4e-05,1e-05,6e-13,5e-10,1.5e-10,0.0932,22800000000.0,789000000.0,11.04,-95.09
4e-05,1e-05,6e-13,5e-10,2e-10,0.0932,22800000000.0,788000000.0,11.03,-95.08
4e-05,1e-05,7e-13,4e-10,1e-10,0.0932,25000000000.0,915000000.0,10.64,-91.33
4e-05,1e-05,7e-13,4e-10,5e-11,0.0932,25000000000.0,918000000.0,10.64,-91.04
4e-05,1e-05,7e-13,4e-10,1.5e-10,0.0932,25000000000.0,917000000.0,10.64,-91.13
4e-05,1e-05,7e-13,4e-10,2e-10,0.0932,25000000000.0,916000000.0,10.64,-91.52
4e-05,1e-05,7e-13,4e-10,2.5e-10,0.0932,25000000000.0,917000000.0,10.64,-91.07
4e-05,1e-05,7e-13,3e-10,5e-11,0.0932,28600000000.0,1160000000.0,9.97,-84.2
4e-05,1e-05,7e-13,3e-10,1.5e-10,0.0932,28600000000.0,1160000000.0,9.97,-84.26
4e-05,1e-05,7e-13,3e-10,2e-10,0.0932,28600000000.0,1160000000.0,9.97,-84.19
4e-05,1e-05,7e-13,3.5e-10,1e-10,0.0932,26600000000.0,1020000000.0,10.36,-87.55
4e-05,1e-05,7e-13,3.5e-10,5e-11,0.0932,26600000000.0,1020000000.0,10.36,-87.58
4e-05,1e-05,7e-13,3.5e-10,2e-10,0.0932,26600000000.0,1020000000.0,10.36,-87.71
4e-05,1e-05,7e-13,3.5e-10,2.5e-10,0.0932,26600000000.0,1020000000.0,10.36,-85.11
4e-05,1e-05,7e-13,4.5e-10,1e-10,0.0932,23800000000.0,844000000.0,10.86,-94.72
4e-05,1e-05,7e-13,4.5e-10,5e-11,0.0932,23800000000.0,839000000.0,10.85,-94.34
4e-05,1e-05,7e-13,4.5e-10,1.5e-10,0.0932,23800000000.0,839000000.0,10.85,-93.34
4e-05,1e-05,7e-13,4.5e-10,2e-10,0.0932,23800000000.0,843000000.0,10.86,-94.02
4e-05,1e-05,7e-13,4.5e-10,2.5e-10,0.0932,23800000000.0,839000000.0,10.85,-94.2
4e-05,1e-05,7e-13,5e-10,1e-10,0.0932,22800000000.0,784000000.0,11.04,-95.05
4e-05,1e-05,7e-13,5e-10,1.5e-10,0.0932,22800000000.0,787000000.0,11.04,-95.07
4e-05,1e-05,7e-13,5e-10,2.5e-10,0.0932,22800000000.0,789000000.0,11.04,-94.98
4e-05,1.1e-05,5e-13,4e-10,1e-10,0.0932,24900000000.0,971000000.0,10.65,-91.5
4e-05,1.1e-05,5e-13,4e-10,5e-11,0.0932,24900000000.0,968000000.0,10.65,-91.82
4e-05,1.1e-05,5e-13,4e-10,1.5e-10,0.0932,24900000000.0,970000000.0,10.65,-91.72
4e-05,1.1e-05,5e-13,4e-10,2e-10,0.0932,24900000000.0,967000000.0,10.65,-91.02
4e-05,1.1e-05,5e-13,4e-10,2.5e-10,0.0932,24900000000.0,968000000.0,10.65,-91.73
4e-05,1.1e-05,5e-13,3e-10,1e-10,0.0932,28500000000.0,1230000000.0,9.99,-84.33
4e-05,1.1e-05,5e-13,3e-10,5e-11,0.0932,28500000000.0,1230000000.0,9.99,-84.32
4e-05,1.1e-05,5e-13,3e-10,1.5e-10,0.0932,28500000000.0,1230000000.0,9.99,-84.51
4e-05,1.1e-05,5e-13,3e-10,2e-10,0.0932,28500000000.0,1230000000.0,9.99,-84.57
4e-05,1.1e-05,5e-13,3e-10,2.5e-10,0.0932,28500000000.0,1230000000.0,9.99,-84.52
4e-05,1.1e-05,5e-13,3.5e-10,1e-10,0.0932,26400000000.0,1080000000.0,10.38,-88.0
4e-05,1.1e-05,5e-13,3.5e-10,5e-11,0.0932,26400000000.0,1080000000.0,10.38,-88.03
4e-05,1.1e-05,5e-13,3.5e-10,1.5e-10,0.0932,26400000000.0,1080000000.0,10.38,-88.18
4e-05,1.1e-05,5e-13,3.5e-10,2e-10,0.0932,26400000000.0,1080000000.0,10.38,-88.12
4e-05,1.1e-05,5e-13,3.5e-10,2.5e-10,0.0932,26400000000.0,1080000000.0,10.38,-87.9
4e-05,1.1e-05,5e-13,4.5e-10,1e-10,0.0932,23700000000.0,892000000.0,10.87,-94.24
4e-05,1.1e-05,5e-13,4.5e-10,5e-11,0.0932,23700000000.0,891000000.0,10.87,-94.41
4e-05,1.1e-05,5e-13,4.5e-10,1.5e-10,0.0932,23700000000.0,891000000.0,10.87,-94.29
4e-05,1.1e-05,5e-13,4.5e-10,2e-10,0.0932,23700000000.0,893000000.0,10.87,-94.42
4e-05,1.1e-05,5e-13,4.5e-10,2.5e-10,0.0932,23700000000.0,895000000.0,10.87,-94.63
4e-05,1.1e-05,5e-13,5e-10,1e-10,0.0932,22700000000.0,835000000.0,11.05,-93.94
4e-05,1.1e-05,5e-13,5e-10,5e-11,0.0932,22700000000.0,835000000.0,11.05,-95.15
4e-05,1.1e-05,5e-13,5e-10,1.5e-10,0.0932,22700000000.0,832000000.0,11.05,-95.13
4e-05,1.1e-05,5e-13,5e-10,2e-10,0.0932,22700000000.0,832000000.0,11.05,-95.09
4e-05,1.1e-05,3e-13,4e-10,1e-10,0.0932,24900000000.0,970000000.0,10.65,-91.02
4e-05,1.1e-05,3e-13,4e-10,5e-11,0.0932,24900000000.0,972000000.0,10.65,-91.63
4e-05,1.1e-05,3e-13,4e-10,1.5e-10,0.0932,24900000000.0,971000000.0,10.65,-91.71
4e-05,1.1e-05,3e-13,4e-10,2e-10,0.0932,24900000000.0,970000000.0,10.65,-91.01
4e-05,1.1e-05,3e-13,4e-10,2.5e-10,0.0932,24900000000.0,972000000.0,10.65,-91.3
4e-05,1.1e-05,3e-13,3e-10,1e-10,0.0932,28500000000.0,1230000000.0,9.99,-84.6
4e-05,1.1e-05,3e-13,3e-10,5e-11,0.0932,28500000000.0,1230000000.0,9.99,-84.56
4e-05,1.1e-05,3e-13,3e-10,1.5e-10,0.0932,28500000000.0,1230000000.0,9.99,-84.61
4e-05,1.1e-05,3e-13,3e-10,2e-10,0.0932,28500000000.0,1230000000.0,9.99,-84.75
4e-05,1.1e-05,3e-13,3.5e-10,1e-10,0.0932,26400000000.0,1080000000.0,10.38,-88.22
4e-05,1.1e-05,3e-13,3.5e-10,5e-11,0.0932,26400000000.0,1080000000.0,10.38,-88.36
4e-05,1.1e-05,3e-13,3.5e-10,1.5e-10,0.0932,26400000000.0,1080000000.0,10.38,-87.78
4e-05,1.1e-05,3e-13,3.5e-10,2e-10,0.0932,26400000000.0,1080000000.0,10.38,-88.01
4e-05,1.1e-05,3e-13,3.5e-10,2.5e-10,0.0932,26400000000.0,1080000000.0,10.38,-87.99
4e-05,1.1e-05,3e-13,4.5e-10,1e-10,0.0932,23700000000.0,890000000.0,10.87,-94.25
4e-05,1.1e-05,3e-13,4.5e-10,5e-11,0.0932,23700000000.0,892000000.0,10.87,-94.49
4e-05,1.1e-05,3e-13,4.5e-10,1.5e-10,0.0932,23700000000.0,891000000.0,10.87,-94.37
4e-05,1.1e-05,3e-13,4.5e-10,2e-10,0.0932,23700000000.0,894000000.0,10.87,-94.34
4e-05,1.1e-05,3e-13,4.5e-10,2.5e-10,0.0932,23700000000.0,891000000.0,10.87,-94.4
4e-05,1.1e-05,3e-13,5e-10,1e-10,0.0932,22700000000.0,828000000.0,11.05,-95.02
4e-05,1.1e-05,3e-13,5e-10,5e-11,0.0932,22700000000.0,831000000.0,11.05,-95.11
4e-05,1.1e-05,3e-13,5e-10,2e-10,0.0932,22700000000.0,832000000.0,11.05,-94.96
4e-05,1.1e-05,3e-13,5e-10,2.5e-10,0.0932,22700000000.0,831000000.0,11.05,-95.08
4e-05,1.1e-05,4e-13,4e-10,1e-10,0.0932,24900000000.0,969000000.0,10.65,-91.47
4e-05,1.1e-05,4e-13,4e-10,5e-11,0.0932,24900000000.0,971000000.0,10.65,-91.39
4e-05,1.1e-05,4e-13,4e-10,1.5e-10,0.0932,24900000000.0,969000000.0,10.65,-91.43
4e-05,1.1e-05,4e-13,4e-10,2e-10,0.0932,24900000000.0,969000000.0,10.65,-91.81
4e-05,1.1e-05,4e-13,4e-10,2.5e-10,0.0932,24900000000.0,968000000.0,10.65,-91.43
4e-05,1.1e-05,4e-13,3e-10,1e-10,0.0932,28500000000.0,1230000000.0,9.99,-84.55
4e-05,1.1e-05,4e-13,3e-10,1.5e-10,0.0932,28500000000.0,1230000000.0,9.99,-84.91
4e-05,1.1e-05,4e-13,3e-10,2e-10,0.0932,28500000000.0,1230000000.0,9.99,-84.71
4e-05,1.1e-05,4e-13,3e-10,2.5e-10,0.0932,28500000000.0,1230000000.0,9.99,-84.54
4e-05,1.1e-05,4e-13,3.5e-10,1e-10,0.0932,26400000000.0,1080000000.0,10.38,-88.05
4e-05,1.1e-05,4e-13,3.5e-10,1.5e-10,0.0932,26400000000.0,1080000000.0,10.38,-87.97
4e-05,1.1e-05,4e-13,3.5e-10,2e-10,0.0932,26400000000.0,1080000000.0,10.38,-87.65
4e-05,1.1e-05,4e-13,3.5e-10,2.5e-10,0.0932,26400000000.0,1080000000.0,10.38,-87.95
4e-05,1.1e-05,4e-13,4.5e-10,1e-10,0.0932,23700000000.0,893000000.0,10.87,-94.51
4e-05,1.1e-05,4e-13,4.5e-10,5e-11,0.0932,23700000000.0,892000000.0,10.87,-94.47
4e-05,1.1e-05,4e-13,4.5e-10,1.5e-10,0.0932,23700000000.0,892000000.0,10.87,-94.34
4e-05,1.1e-05,4e-13,4.5e-10,2e-10,0.0932,23700000000.0,892000000.0,10.87,-94.38
4e-05,1.1e-05,4e-13,4.5e-10,2.5e-10,0.0932,23700000000.0,887000000.0,10.87,-93.7
4e-05,1.1e-05,4e-13,5e-10,1e-10,0.0932,22700000000.0,830000000.0,11.05,-95.06
4e-05,1.1e-05,4e-13,5e-10,5e-11,0.0932,22700000000.0,832000000.0,11.05,-95.1
4e-05,1.1e-05,4e-13,5e-10,1.5e-10,0.0932,22700000000.0,828000000.0,11.05,-95.12
4e-05,1.1e-05,4e-13,5e-10,2e-10,0.0932,22700000000.0,832000000.0,11.05,-95.11
4e-05,1.1e-05,4e-13,5e-10,2.5e-10,0.0932,22700000000.0,832000000.0,11.05,-93.23
4e-05,1.1e-05,6e-13,4e-10,1e-10,0.0932,24900000000.0,972000000.0,10.65,-91.46
4e-05,1.1e-05,6e-13,4e-10,5e-11,0.0932,24900000000.0,970000000.0,10.65,-91.71
4e-05,1.1e-05,6e-13,4e-10,1.5e-10,0.0932,24900000000.0,970000000.0,10.65,-91.68
4e-05,1.1e-05,6e-13,4e-10,2e-10,0.0932,24900000000.0,971000000.0,10.65,-91.51
4e-05,1.1e-05,6e-13,4e-10,2.5e-10,0.0932,24900000000.0,972000000.0,10.65,-91.45
4e-05,1.1e-05,6e-13,3e-10,1e-10,0.0932,28500000000.0,1230000000.0,9.99,-84.5
4e-05,1.1e-05,6e-13,3e-10,5e-11,0.0932,28500000000.0,1230000000.0,9.99,-84.53
4e-05,1.1e-05,6e-13,3e-10,2.5e-10,0.0932,28500000000.0,1230000000.0,9.99,-84.65
4e-05,1.1e-05,6e-13,3.5e-10,1e-10,0.0932,26400000000.0,1080000000.0,10.38,-87.98
4e-05,1.1e-05,6e-13,3.5e-10,5e-11,0.0932,26400000000.0,1080000000.0,10.38,-85.1
4e-05,1.1e-05,6e-13,3.5e-10,1.5e-10,0.0932,26400000000.0,1080000000.0,10.38,-88.02
4e-05,1.1e-05,6e-13,3.5e-10,2e-10,0.0932,26400000000.0,1080000000.0,10.38,-88.1
4e-05,1.1e-05,6e-13,4.5e-10,1e-10,0.0932,23700000000.0,890000000.0,10.87,-94.39
4e-05,1.1e-05,6e-13,4.5e-10,5e-11,0.0932,23700000000.0,888000000.0,10.87,-94.26
4e-05,1.1e-05,6e-13,4.5e-10,1.5e-10,0.0932,23700000000.0,890000000.0,10.87,-94.5
4e-05,1.1e-05,6e-13,4.5e-10,2e-10,0.0932,23700000000.0,888000000.0,10.87,-94.66
4e-05,1.1e-05,6e-13,4.5e-10,2.5e-10,0.0932,23700000000.0,892000000.0,10.87,-94.42
4e-05,1.1e-05,6e-13,5e-10,1e-10,0.0932,22700000000.0,831000000.0,11.05,-95.1
4e-05,1.1e-05,6e-13,5e-10,5e-11,0.0932,22700000000.0,830000000.0,11.05,-95.08
4e-05,1.1e-05,6e-13,5e-10,1.5e-10,0.0932,22700000000.0,831000000.0,11.05,-95.12
4e-05,1.1e-05,6e-13,5e-10,2e-10,0.0932,22700000000.0,833000000.0,11.05,-95.11
4e-05,1.1e-05,6e-13,5e-10,2.5e-10,0.0932,22700000000.0,828000000.0,11.05,-94.98
4e-05,1.1e-05,7e-13,4e-10,1e-10,0.0932,24900000000.0,968000000.0,10.65,-91.8
4e-05,1.1e-05,7e-13,4e-10,5e-11,0.0932,24900000000.0,970000000.0,10.65,-91.39
4e-05,1.1e-05,7e-13,4e-10,1.5e-10,0.0932,24900000000.0,971000000.0,10.65,-91.38
4e-05,1.1e-05,7e-13,4e-10,2e-10,0.0932,24900000000.0,970000000.0,10.65,-91.46
4e-05,1.1e-05,7e-13,4e-10,2.5e-10,0.0932,24900000000.0,967000000.0,10.65,-91.62
4e-05,1.1e-05,7e-13,3e-10,5e-11,0.0932,28500000000.0,1230000000.0,9.99,-84.59
4e-05,1.1e-05,7e-13,3e-10,2.5e-10,0.0932,28500000000.0,1230000000.0,9.99,-84.47
4e-05,1.1e-05,7e-13,3.5e-10,1e-10,0.0932,26400000000.0,1080000000.0,10.38,-83.91
4e-05,1.1e-05,7e-13,3.5e-10,5e-11,0.0932,26400000000.0,1080000000.0,10.38,-84.32
4e-05,1.1e-05,7e-13,3.5e-10,1.5e-10,0.0932,26400000000.0,1080000000.0,10.38,-87.87
4e-05,1.1e-05,7e-13,4.5e-10,1e-10,0.0932,23700000000.0,891000000.0,10.87,-94.62
4e-05,1.1e-05,7e-13,4.5e-10,5e-11,0.0932,23700000000.0,888000000.0,10.87,-94.5
4e-05,1.1e-05,7e-13,4.5e-10,1.5e-10,0.0932,23700000000.0,895000000.0,10.87,-94.15
4e-05,1.1e-05,7e-13,4.5e-10,2.5e-10,0.0932,23700000000.0,891000000.0,10.87,-94.32
4e-05,1.1e-05,7e-13,5e-10,1e-10,0.0932,22700000000.0,828000000.0,11.05,-94.96
4e-05,1.1e-05,7e-13,5e-10,5e-11,0.0932,22700000000.0,834000000.0,11.05,-95.11
4e-05,1.1e-05,7e-13,5e-10,1.5e-10,0.0932,22700000000.0,832000000.0,11.05,-95.12
4e-05,1.1e-05,7e-13,5e-10,2e-10,0.0932,22700000000.0,827000000.0,11.05,-95.07
4e-05,1.2e-05,5e-13,4e-10,1e-10,0.0932,24800000000.0,1010000000.0,10.66,-92.15
4e-05,1.2e-05,5e-13,4e-10,5e-11,0.0932,24800000000.0,1020000000.0,10.66,-91.97
4e-05,1.2e-05,5e-13,4e-10,1.5e-10,0.0932,24800000000.0,1020000000.0,10.66,-91.95
4e-05,1.2e-05,5e-13,4e-10,2e-10,0.0932,24800000000.0,1020000000.0,10.66,-92.23
4e-05,1.2e-05,5e-13,4e-10,2.5e-10,0.0932,24800000000.0,1010000000.0,10.66,-91.72
4e-05,1.2e-05,5e-13,3e-10,1e-10,0.0932,28300000000.0,1290000000.0,10.0,-85.25
4e-05,1.2e-05,5e-13,3e-10,5e-11,0.0932,28300000000.0,1290000000.0,10.0,-84.86
4e-05,1.2e-05,5e-13,3e-10,1.5e-10,0.0932,28300000000.0,1290000000.0,10.0,-84.81
4e-05,1.2e-05,5e-13,3e-10,2.5e-10,0.0932,28300000000.0,1290000000.0,10.0,-84.87
4e-05,1.2e-05,5e-13,3.5e-10,1e-10,0.0932,26300000000.0,1130000000.0,10.39,-88.18
4e-05,1.2e-05,5e-13,3.5e-10,5e-11,0.0932,26300000000.0,1130000000.0,10.39,-88.37
4e-05,1.2e-05,5e-13,3.5e-10,1.5e-10,0.0932,26300000000.0,1130000000.0,10.39,-88.28
4e-05,1.2e-05,5e-13,3.5e-10,2e-10,0.0932,26300000000.0,1130000000.0,10.39,-88.19
4e-05,1.2e-05,5e-13,3.5e-10,2.5e-10,0.0932,26300000000.0,1130000000.0,10.39,-88.31
4e-05,1.2e-05,5e-13,4.5e-10,1e-10,0.0932,23600000000.0,934000000.0,10.88,-94.47
4e-05,1.2e-05,5e-13,4.5e-10,5e-11,0.0932,23600000000.0,932000000.0,10.88,-94.68
4e-05,1.2e-05,5e-13,4.5e-10,1.5e-10,0.0932,23600000000.0,937000000.0,10.88,-94.43
4e-05,1.2e-05,5e-13,4.5e-10,2e-10,0.0932,23600000000.0,928000000.0,10.88,-94.05
4e-05,1.2e-05,5e-13,4.5e-10,2.5e-10,0.0932,23600000000.0,937000000.0,10.88,-94.44
4e-05,1.2e-05,5e-13,5e-10,1e-10,0.0932,22600000000.0,872000000.0,11.06,-95.1
4e-05,1.2e-05,5e-13,5e-10,5e-11,0.0932,22600000000.0,867000000.0,11.06,-94.93
4e-05,1.2e-05,5e-13,5e-10,1.5e-10,0.0932,22600000000.0,872000000.0,11.06,-95.12
4e-05,1.2e-05,5e-13,5e-10,2e-10,0.0932,22600000000.0,871000000.0,11.06,-95.19
4e-05,1.2e-05,5e-13,5e-10,2.5e-10,0.0932,22600000000.0,874000000.0,11.06,-93.5
4e-05,1.2e-05,3e-13,4e-10,1e-10,0.0932,24800000000.0,1020000000.0,10.66,-92.12
4e-05,1.2e-05,3e-13,4e-10,5e-11,0.0932,24800000000.0,1020000000.0,10.66,-93.59
4e-05,1.2e-05,3e-13,4e-10,1.5e-10,0.0932,24800000000.0,1020000000.0,10.66,-91.86
4e-05,1.2e-05,3e-13,4e-10,2e-10,0.0932,24800000000.0,1010000000.0,10.66,-92.16
4e-05,1.2e-05,3e-13,4e-10,2.5e-10,0.0932,24800000000.0,1010000000.0,10.66,-92.28
4e-05,1.2e-05,3e-13,3e-10,1e-10,0.0932,28300000000.0,1290000000.0,10.0,-84.93
4e-05,1.2e-05,3e-13,3e-10,5e-11,0.0932,28300000000.0,1290000000.0,10.0,-84.99
4e-05,1.2e-05,3e-13,3e-10,1.5e-10,0.0932,28300000000.0,1290000000.0,10.0,-84.96
4e-05,1.2e-05,3e-13,3e-10,2.5e-10,0.0932,28300000000.0,1290000000.0,10.0,-84.78
4e-05,1.2e-05,3e-13,3.5e-10,1e-10,0.0932,26300000000.0,1130000000.0,10.39,-88.33
4e-05,1.2e-05,3e-13,3.5e-10,5e-11,0.0932,26300000000.0,1130000000.0,10.39,-88.49
4e-05,1.2e-05,3e-13,3.5e-10,1.5e-10,0.0932,26300000000.0,1130000000.0,10.39,-88.45
4e-05,1.2e-05,3e-13,3.5e-10,2e-10,0.0932,26300000000.0,1130000000.0,10.39,-88.53
4e-05,1.2e-05,3e-13,3.5e-10,2.5e-10,0.0932,26300000000.0,1130000000.0,10.39,-88.34
4e-05,1.2e-05,3e-13,4.5e-10,1e-10,0.0932,23600000000.0,933000000.0,10.88,-94.47
4e-05,1.2e-05,3e-13,4.5e-10,5e-11,0.0932,23600000000.0,929000000.0,10.88,-94.94
4e-05,1.2e-05,3e-13,4.5e-10,1.5e-10,0.0932,23600000000.0,934000000.0,10.88,-94.63
4e-05,1.2e-05,3e-13,4.5e-10,2e-10,0.0932,23600000000.0,931000000.0,10.88,-94.78
4e-05,1.2e-05,3e-13,4.5e-10,2.5e-10,0.0932,23600000000.0,933000000.0,10.88,-94.63
4e-05,1.2e-05,3e-13,5e-10,1e-10,0.0932,22600000000.0,871000000.0,11.06,-95.08
4e-05,1.2e-05,3e-13,5e-10,5e-11,0.0932,22600000000.0,867000000.0,11.06,-95.14
4e-05,1.2e-05,3e-13,5e-10,1.5e-10,0.0932,22600000000.0,871000000.0,11.06,-95.05
4e-05,1.2e-05,3e-13,5e-10,2.5e-10,0.0932,22600000000.0,874000000.0,11.06,-95.15
4e-05,1.2e-05,4e-13,4e-10,1e-10,0.0932,24800000000.0,1010000000.0,10.66,-91.79
4e-05,1.2e-05,4e-13,4e-10,1.5e-10,0.0932,24800000000.0,1020000000.0,10.66,-92.2
4e-05,1.2e-05,4e-13,4e-10,2e-10,0.0932,24800000000.0,1020000000.0,10.66,-92.04
4e-05,1.2e-05,4e-13,4e-10,2.5e-10,0.0932,24800000000.0,1020000000.0,10.66,-91.85
4e-05,1.2e-05,4e-13,3e-10,1e-10,0.0932,28300000000.0,1290000000.0,10.0,-84.79
4e-05,1.2e-05,4e-13,3e-10,5e-11,0.0932,28300000000.0,1290000000.0,10.0,-84.94
4e-05,1.2e-05,4e-13,3e-10,1.5e-10,0.0932,28300000000.0,1290000000.0,10.0,-84.85
4e-05,1.2e-05,4e-13,3e-10,2e-10,0.0932,28300000000.0,1290000000.0,10.0,-84.88
4e-05,1.2e-05,4e-13,3.5e-10,5e-11,0.0932,26300000000.0,1130000000.0,10.39,-88.59
4e-05,1.2e-05,4e-13,3.5e-10,1.5e-10,0.0932,26300000000.0,1130000000.0,10.39,-88.27
4e-05,1.2e-05,4e-13,3.5e-10,2e-10,0.0932,26300000000.0,1130000000.0,10.39,-88.47
4e-05,1.2e-05,4e-13,4.5e-10,1e-10,0.0932,23600000000.0,931000000.0,10.88,-94.93
4e-05,1.2e-05,4e-13,4.5e-10,5e-11,0.0932,23600000000.0,930000000.0,10.88,-94.92
4e-05,1.2e-05,4e-13,4.5e-10,1.5e-10,0.0932,23600000000.0,937000000.0,10.88,-94.68
4e-05,1.2e-05,4e-13,4.5e-10,2e-10,0.0932,23600000000.0,932000000.0,10.88,-94.67
4e-05,1.2e-05,4e-13,4.5e-10,2.5e-10,0.0932,23600000000.0,932000000.0,10.88,-94.6
4e-05,1.2e-05,4e-13,5e-10,1e-10,0.0932,22600000000.0,870000000.0,11.06,-95.07
4e-05,1.2e-05,4e-13,5e-10,5e-11,0.0932,22600000000.0,870000000.0,11.06,-95.09
4e-05,1.2e-05,4e-13,5e-10,1.5e-10,0.0932,22600000000.0,871000000.0,11.06,-95.1
4e-05,1.2e-05,4e-13,5e-10,2e-10,0.0932,22600000000.0,873000000.0,11.06,-95.06
4e-05,1.2e-05,4e-13,5e-10,2.5e-10,0.0932,22600000000.0,871000000.0,11.06,-95.02
4e-05,1.2e-05,6e-13,4e-10,1e-10,0.0932,24800000000.0,1010000000.0,10.66,-91.71
4e-05,1.2e-05,6e-13,4e-10,5e-11,0.0932,24800000000.0,1020000000.0,10.66,-91.99
4e-05,1.2e-05,6e-13,4e-10,1.5e-10,0.0932,24800000000.0,1020000000.0,10.66,-92.22
4e-05,1.2e-05,6e-13,4e-10,2e-10,0.0932,24800000000.0,1010000000.0,10.66,-92.11
4e-05,1.2e-05,6e-13,3e-10,1e-10,0.0932,28300000000.0,1290000000.0,10.0,-84.84
4e-05,1.2e-05,6e-13,3e-10,1.5e-10,0.0932,28300000000.0,1290000000.0,10.0,-85.14
4e-05,1.2e-05,6e-13,3e-10,2.5e-10,0.0932,28300000000.0,1290000000.0,10.0,-84.9
4e-05,1.2e-05,6e-13,3.5e-10,1e-10,0.0932,26300000000.0,1130000000.0,10.39,-88.22
4e-05,1.2e-05,6e-13,3.5e-10,5e-11,0.0932,26300000000.0,1130000000.0,10.39,-88.41
4e-05,1.2e-05,6e-13,3.5e-10,1.5e-10,0.0932,26300000000.0,1130000000.0,10.39,-88.25
4e-05,1.2e-05,6e-13,3.5e-10,2e-10,0.0932,26300000000.0,1130000000.0,10.39,-88.36
4e-05,1.2e-05,6e-13,4.5e-10,1e-10,0.0932,23600000000.0,932000000.0,10.88,-93.94
4e-05,1.2e-05,6e-13,4.5e-10,5e-11,0.0932,23600000000.0,929000000.0,10.88,-94.74
4e-05,1.2e-05,6e-13,4.5e-10,1.5e-10,0.0932,23600000000.0,936000000.0,10.88,-94.46
4e-05,1.2e-05,6e-13,4.5e-10,2e-10,0.0932,23600000000.0,935000000.0,10.88,-94.59
4e-05,1.2e-05,6e-13,4.5e-10,2.5e-10,0.0932,23600000000.0,934000000.0,10.88,-94.51
4e-05,1.2e-05,6e-13,5e-10,1e-10,0.0932,22600000000.0,869000000.0,11.06,-95.16
4e-05,1.2e-05,6e-13,5e-10,5e-11,0.0932,22600000000.0,873000000.0,11.06,-95.15
4e-05,1.2e-05,6e-13,5e-10,1.5e-10,0.0932,22600000000.0,869000000.0,11.06,-95.19
4e-05,1.2e-05,6e-13,5e-10,2e-10,0.0932,22600000000.0,868000000.0,11.06,-95.11
4e-05,1.2e-05,6e-13,5e-10,2.5e-10,0.0932,22600000000.0,872000000.0,11.06,-95.16
4e-05,1.2e-05,7e-13,4e-10,1e-10,0.0932,24800000000.0,1020000000.0,10.66,-92.09
4e-05,1.2e-05,7e-13,4e-10,5e-11,0.0932,24800000000.0,1010000000.0,10.66,-91.84
4e-05,1.2e-05,7e-13,4e-10,1.5e-10,0.0932,24800000000.0,1010000000.0,10.66,-91.62
4e-05,1.2e-05,7e-13,4e-10,2e-10,0.0932,24800000000.0,1010000000.0,10.66,-91.74
4e-05,1.2e-05,7e-13,3e-10,1e-10,0.0932,28300000000.0,1290000000.0,10.0,-84.72
4e-05,1.2e-05,7e-13,3e-10,2e-10,0.0932,28300000000.0,1290000000.0,10.0,-84.8
4e-05,1.2e-05,7e-13,3e-10,2.5e-10,0.0932,28300000000.0,1290000000.0,10.0,-84.92
4e-05,1.2e-05,7e-13,3.5e-10,1e-10,0.0932,26300000000.0,1130000000.0,10.39,-88.2
4e-05,1.2e-05,7e-13,3.5e-10,1.5e-10,0.0932,26300000000.0,1130000000.0,10.39,-88.44
4e-05,1.2e-05,7e-13,3.5e-10,2.5e-10,0.0932,26300000000.0,1130000000.0,10.39,-88.48
4e-05,1.2e-05,7e-13,4.5e-10,1e-10,0.0932,23600000000.0,929000000.0,10.88,-93.98
4e-05,1.2e-05,7e-13,4.5e-10,1.5e-10,0.0932,23600000000.0,931000000.0,10.88,-94.41
4e-05,1.2e-05,7e-13,4.5e-10,2e-10,0.0932,23600000000.0,932000000.0,10.88,-94.75
4e-05,1.2e-05,7e-13,4.5e-10,2.5e-10,0.0932,23600000000.0,931000000.0,10.88,-94.62
4e-05,1.2e-05,7e-13,5e-10,1e-10,0.0932,22600000000.0,873000000.0,11.06,-95.13
4e-05,1.2e-05,7e-13,5e-10,5e-11,0.0932,22600000000.0,869000000.0,11.06,-95.13
4e-05,1.2e-05,7e-13,5e-10,1.5e-10,0.0932,22600000000.0,868000000.0,11.06,-95.0
4e-05,1.2e-05,7e-13,5e-10,2e-10,0.0932,22600000000.0,868000000.0,11.06,-95.02
4e-05,1.3e-05,5e-13,4e-10,1e-10,0.0932,24600000000.0,1050000000.0,10.67,-93.98
4e-05,1.3e-05,5e-13,4e-10,5e-11,0.0932,24600000000.0,1060000000.0,10.67,-92.29
4e-05,1.3e-05,5e-13,4e-10,1.5e-10,0.0932,24600000000.0,1050000000.0,10.67,-92.24
4e-05,1.3e-05,5e-13,4e-10,2e-10,0.0932,24600000000.0,1050000000.0,10.67,-91.82
4e-05,1.3e-05,5e-13,4e-10,2.5e-10,0.0932,24600000000.0,1050000000.0,10.67,-92.28
4e-05,1.3e-05,5e-13,3e-10,1e-10,0.0932,28200000000.0,1330000000.0,10.01,-85.16
4e-05,1.3e-05,5e-13,3e-10,5e-11,0.0932,28200000000.0,1330000000.0,10.01,-85.12
4e-05,1.3e-05,5e-13,3e-10,1.5e-10,0.0932,28200000000.0,1330000000.0,10.01,-85.24
4e-05,1.3e-05,5e-13,3e-10,2e-10,0.0932,28200000000.0,1330000000.0,10.01,-85.09
4e-05,1.3e-05,5e-13,3e-10,2.5e-10,0.0932,28200000000.0,1330000000.0,10.01,-85.05
4e-05,1.3e-05,5e-13,3.5e-10,1e-10,0.0932,26200000000.0,1170000000.0,10.4,-88.53
4e-05,1.3e-05,5e-13,3.5e-10,5e-11,0.0932,26200000000.0,1170000000.0,10.4,-88.83
4e-05,1.3e-05,5e-13,3.5e-10,1.5e-10,0.0932,26200000000.0,1170000000.0,10.4,-88.6
4e-05,1.3e-05,5e-13,3.5e-10,2e-10,0.0932,26200000000.0,1170000000.0,10.4,-88.51
4e-05,1.3e-05,5e-13,3.5e-10,2.5e-10,0.0932,26200000000.0,1170000000.0,10.4,-88.71
4e-05,1.3e-05,5e-13,4.5e-10,1e-10,0.0932,23500000000.0,971000000.0,10.89,-94.98
4e-05,1.3e-05,5e-13,4.5e-10,5e-11,0.0932,23500000000.0,971000000.0,10.89,-94.61
4e-05,1.3e-05,5e-13,4.5e-10,1.5e-10,0.0932,23500000000.0,966000000.0,10.89,-94.6
4e-05,1.3e-05,5e-13,4.5e-10,2e-10,0.0932,23500000000.0,973000000.0,10.89,-94.83
4e-05,1.3e-05,5e-13,4.5e-10,2.5e-10,0.0932,23500000000.0,966000000.0,10.89,-94.96
4e-05,1.3e-05,5e-13,5e-10,1e-10,0.0932,22500000000.0,900000000.0,11.07,-95.12
4e-05,1.3e-05,5e-13,5e-10,5e-11,0.0932,22500000000.0,907000000.0,11.07,-92.68
4e-05,1.3e-05,5e-13,5e-10,1.5e-10,0.0932,22500000000.0,905000000.0,11.07,-95.05
4e-05,1.3e-05,5e-13,5e-10,2e-10,0.0932,22500000000.0,900000000.0,11.07,-95.13
4e-05,1.3e-05,5e-13,5e-10,2.5e-10,0.0932,22500000000.0,903000000.0,11.07,-95.07
4e-05,1.3e-05,3e-13,4e-10,1e-10,0.0932,24700000000.0,1050000000.0,10.67,-92.1
4e-05,1.3e-05,3e-13,4e-10,5e-11,0.0932,24700000000.0,1060000000.0,10.67,-92.35
4e-05,1.3e-05,3e-13,4e-10,1.5e-10,0.0932,24700000000.0,1060000000.0,10.67,-92.63
4e-05,1.3e-05,3e-13,4e-10,2e-10,0.0932,24700000000.0,1050000000.0,10.67,-92.24
4e-05,1.3e-05,3e-13,4e-10,2.5e-10,0.0932,24700000000.0,1050000000.0,10.67,-92.0
4e-05,1.3e-05,3e-13,3e-10,1e-10,0.0932,28200000000.0,1330000000.0,10.01,-85.23
4e-05,1.3e-05,3e-13,3e-10,5e-11,0.0932,28200000000.0,1330000000.0,10.01,-85.18
4e-05,1.3e-05,3e-13,3e-10,1.5e-10,0.0932,28200000000.0,1330000000.0,10.01,-85.21
4e-05,1.3e-05,3e-13,3e-10,2.5e-10,0.0932,28200000000.0,1330000000.0,10.01,-85.22
4e-05,1.3e-05,3e-13,3.5e-10,1e-10,0.0932,26200000000.0,1170000000.0,10.4,-88.84
4e-05,1.3e-05,3e-13,3.5e-10,5e-11,0.0932,26200000000.0,1170000000.0,10.4,-88.89
4e-05,1.3e-05,3e-13,3.5e-10,1.5e-10,0.0932,26200000000.0,1170000000.0,10.4,-88.8
4e-05,1.3e-05,3e-13,3.5e-10,2e-10,0.0932,26200000000.0,1170000000.0,10.4,-88.67
4e-05,1.3e-05,3e-13,4.5e-10,1e-10,0.0932,23500000000.0,973000000.0,10.89,-94.69
4e-05,1.3e-05,3e-13,4.5e-10,5e-11,0.0932,23500000000.0,963000000.0,10.89,-95.09
4e-05,1.3e-05,3e-13,4.5e-10,1.5e-10,0.0932,23500000000.0,969000000.0,10.89,-94.85
4e-05,1.3e-05,3e-13,4.5e-10,2e-10,0.0932,23500000000.0,967000000.0,10.89,-94.9
4e-05,1.3e-05,3e-13,4.5e-10,2.5e-10,0.0932,23500000000.0,966000000.0,10.89,-94.92
4e-05,1.3e-05,3e-13,5e-10,1e-10,0.0932,22500000000.0,899000000.0,11.07,-94.9
4e-05,1.3e-05,3e-13,5e-10,5e-11,0.0932,22500000000.0,904000000.0,11.07,-95.18
4e-05,1.3e-05,3e-13,5e-10,1.5e-10,0.0932,22500000000.0,901000000.0,11.07,-95.0
4e-05,1.3e-05,3e-13,5e-10,2e-10,0.0932,22500000000.0,907000000.0,11.07,-95.02
4e-05,1.3e-05,4e-13,4e-10,1e-10,0.0932,24600000000.0,1050000000.0,10.67,-92.1
4e-05,1.3e-05,4e-13,4e-10,5e-11,0.0932,24700000000.0,1050000000.0,10.67,-92.48
4e-05,1.3e-05,4e-13,4e-10,2e-10,0.0932,24600000000.0,1050000000.0,10.67,-94.18
4e-05,1.3e-05,4e-13,4e-10,2.5e-10,0.0932,24600000000.0,1060000000.0,10.67,-92.65
4e-05,1.3e-05,4e-13,3e-10,1.5e-10,0.0932,28200000000.0,1330000000.0,10.01,-85.2
4e-05,1.3e-05,4e-13,3e-10,2e-10,0.0932,28200000000.0,1330000000.0,10.01,-85.02
4e-05,1.3e-05,4e-13,3e-10,2.5e-10,0.0932,28200000000.0,1330000000.0,10.01,-85.26
4e-05,1.3e-05,4e-13,3.5e-10,5e-11,0.0932,26200000000.0,1170000000.0,10.4,-88.78
4e-05,1.3e-05,4e-13,3.5e-10,1.5e-10,0.0932,26200000000.0,1170000000.0,10.4,-88.73
4e-05,1.3e-05,4e-13,3.5e-10,2e-10,0.0932,26200000000.0,1170000000.0,10.4,-88.55
4e-05,1.3e-05,4e-13,3.5e-10,2.5e-10,0.0932,26200000000.0,1170000000.0,10.4,-88.59
4e-05,1.3e-05,4e-13,4.5e-10,1e-10,0.0932,23500000000.0,969000000.0,10.89,-94.86
4e-05,1.3e-05,4e-13,4.5e-10,5e-11,0.0932,23500000000.0,969000000.0,10.89,-94.72
4e-05,1.3e-05,4e-13,4.5e-10,1.5e-10,0.0932,23500000000.0,966000000.0,10.89,-94.82
4e-05,1.3e-05,4e-13,4.5e-10,2e-10,0.0932,23500000000.0,966000000.0,10.89,-95.07
4e-05,1.3e-05,4e-13,5e-10,1e-10,0.0932,22500000000.0,901000000.0,11.07,-94.97
4e-05,1.3e-05,4e-13,5e-10,5e-11,0.0932,22500000000.0,903000000.0,11.07,-95.02
4e-05,1.3e-05,4e-13,5e-10,1.5e-10,0.0932,22500000000.0,905000000.0,11.07,-95.12
4e-05,1.3e-05,4e-13,5e-10,2e-10,0.0932,22500000000.0,903000000.0,11.07,-94.91
4e-05,1.3e-05,4e-13,5e-10,2.5e-10,0.0932,22500000000.0,903000000.0,11.07,-95.03
4e-05,1.3e-05,6e-13,4e-10,1e-10,0.0932,24600000000.0,1050000000.0,10.67,-92.19
4e-05,1.3e-05,6e-13,4e-10,5e-11,0.0932,24600000000.0,1050000000.0,10.67,-92.56
4e-05,1.3e-05,6e-13,4e-10,2e-10,0.0932,24600000000.0,1060000000.0,10.67,-92.12
4e-05,1.3e-05,6e-13,4e-10,2.5e-10,0.0932,24600000000.0,1050000000.0,10.67,-92.17
4e-05,1.3e-05,6e-13,3e-10,1.5e-10,0.0932,28200000000.0,1330000000.0,10.01,-85.14
4e-05,1.3e-05,6e-13,3e-10,2e-10,0.0932,28200000000.0,1330000000.0,10.01,-85.1
4e-05,1.3e-05,6e-13,3e-10,2.5e-10,0.0932,28200000000.0,1330000000.0,10.01,-85.08
4e-05,1.3e-05,6e-13,3.5e-10,1e-10,0.0932,26200000000.0,1170000000.0,10.4,-88.54
4e-05,1.3e-05,6e-13,3.5e-10,5e-11,0.0932,26200000000.0,1170000000.0,10.4,-88.65
4e-05,1.3e-05,6e-13,3.5e-10,2e-10,0.0932,26200000000.0,1170000000.0,10.39,-88.59
4e-05,1.3e-05,6e-13,3.5e-10,2.5e-10,0.0932,26200000000.0,1170000000.0,10.4,-88.64
4e-05,1.3e-05,6e-13,4.5e-10,1e-10,0.0932,23400000000.0,969000000.0,10.89,-94.95
4e-05,1.3e-05,6e-13,4.5e-10,5e-11,0.0932,23500000000.0,965000000.0,10.89,-95.06
4e-05,1.3e-05,6e-13,4.5e-10,1.5e-10,0.0932,23400000000.0,968000000.0,10.89,-95.05
4e-05,1.3e-05,6e-13,4.5e-10,2e-10,0.0932,23400000000.0,967000000.0,10.89,-94.19
4e-05,1.3e-05,6e-13,4.5e-10,2.5e-10,0.0932,23400000000.0,965000000.0,10.89,-94.96
4e-05,1.3e-05,6e-13,5e-10,1e-10,0.0932,22500000000.0,902000000.0,11.07,-94.93
4e-05,1.3e-05,6e-13,5e-10,5e-11,0.0932,22500000000.0,902000000.0,11.07,-95.05
4e-05,1.3e-05,6e-13,5e-10,1.5e-10,0.0932,22500000000.0,902000000.0,11.07,-95.16
4e-05,1.3e-05,6e-13,5e-10,2e-10,0.0932,22500000000.0,902000000.0,11.07,-95.1
4e-05,1.3e-05,6e-13,5e-10,2.5e-10,0.0932,22500000000.0,900000000.0,11.07,-94.98
4e-05,1.3e-05,7e-13,4e-10,1e-10,0.0932,24600000000.0,1060000000.0,10.67,-92.28
4e-05,1.3e-05,7e-13,4e-10,5e-11,0.0932,24600000000.0,1050000000.0,10.67,-92.4
4e-05,1.3e-05,7e-13,4e-10,1.5e-10,0.0932,24600000000.0,1050000000.0,10.67,-92.11
4e-05,1.3e-05,7e-13,4e-10,2e-10,0.0932,24600000000.0,1050000000.0,10.67,-92.29
4e-05,1.3e-05,7e-13,4e-10,2.5e-10,0.0932,24600000000.0,1050000000.0,10.67,-92.13
4e-05,1.3e-05,7e-13,3e-10,2.5e-10,0.0932,28200000000.0,1330000000.0,10.01,-85.03
4e-05,1.3e-05,7e-13,3.5e-10,1.5e-10,0.0932,26200000000.0,1170000000.0,10.4,-88.68
4e-05,1.3e-05,7e-13,3.5e-10,2e-10,0.0932,26200000000.0,1170000000.0,10.4,-88.56
4e-05,1.3e-05,7e-13,3.5e-10,2.5e-10,0.0932,26200000000.0,1170000000.0,10.4,-88.49
4e-05,1.3e-05,7e-13,4.5e-10,1e-10,0.0932,23400000000.0,972000000.0,10.89,-95.12
4e-05,1.3e-05,7e-13,4.5e-10,5e-11,0.0932,23400000000.0,967000000.0,10.89,-94.81
4e-05,1.3e-05,7e-13,4.5e-10,1.5e-10,0.0932,23400000000.0,971000000.0,10.89,-94.55
4e-05,1.3e-05,7e-13,4.5e-10,2e-10,0.0932,23400000000.0,965000000.0,10.89,-94.95
4e-05,1.3e-05,7e-13,4.5e-10,2.5e-10,0.0932,23400000000.0,964000000.0,10.89,-95.08
4e-05,1.3e-05,7e-13,5e-10,1e-10,0.0932,22500000000.0,904000000.0,11.07,-95.13
4e-05,1.3e-05,7e-13,5e-10,5e-11,0.0932,22500000000.0,900000000.0,11.07,-94.88
4e-05,1.3e-05,7e-13,5e-10,1.5e-10,0.0932,22500000000.0,902000000.0,11.07,-95.04
4e-05,1.3e-05,7e-13,5e-10,2e-10,0.0932,22500000000.0,903000000.0,11.07,-94.86
4e-05,1.3e-05,7e-13,5e-10,2.5e-10,0.0932,22500000000.0,903000000.0,11.07,-95.05
4e-05,1.4e-05,5e-13,4e-10,1e-10,0.0932,24500000000.0,1080000000.0,10.68,-92.19
4e-05,1.4e-05,5e-13,4e-10,5e-11,0.0932,24500000000.0,1090000000.0,10.68,-93.12
4e-05,1.4e-05,5e-13,4e-10,1.5e-10,0.0932,24500000000.0,1090000000.0,10.68,-92.5
4e-05,1.4e-05,5e-13,4e-10,2e-10,0.0932,24500000000.0,1090000000.0,10.68,-92.73
4e-05,1.4e-05,5e-13,4e-10,2.5e-10,0.0932,24500000000.0,1080000000.0,10.68,-92.45
4e-05,1.4e-05,5e-13,3e-10,1e-10,0.0932,28000000000.0,1370000000.0,10.02,-85.46
4e-05,1.4e-05,5e-13,3e-10,5e-11,0.0932,28000000000.0,1370000000.0,10.02,-85.73
4e-05,1.4e-05,5e-13,3e-10,1.5e-10,0.0932,28000000000.0,1370000000.0,10.02,-85.4
4e-05,1.4e-05,5e-13,3e-10,2e-10,0.0932,28000000000.0,1370000000.0,10.02,-85.45
4e-05,1.4e-05,5e-13,3e-10,2.5e-10,0.0932,28000000000.0,1370000000.0,10.02,-85.51
4e-05,1.4e-05,5e-13,3.5e-10,1e-10,0.0932,26000000000.0,1200000000.0,10.4,-88.81
4e-05,1.4e-05,5e-13,3.5e-10,5e-11,0.0932,26000000000.0,1200000000.0,10.4,-88.91
4e-05,1.4e-05,5e-13,3.5e-10,1.5e-10,0.0932,26000000000.0,1200000000.0,10.4,-89.14
4e-05,1.4e-05,5e-13,3.5e-10,2e-10,0.0932,26000000000.0,1200000000.0,10.4,-88.86
4e-05,1.4e-05,5e-13,3.5e-10,2.5e-10,0.0932,26000000000.0,1200000000.0,10.4,-89.0
4e-05,1.4e-05,5e-13,4.5e-10,1e-10,0.0932,23300000000.0,993000000.0,10.9,-95.14
4e-05,1.4e-05,5e-13,4.5e-10,5e-11,0.0932,23300000000.0,994000000.0,10.9,-94.9
4e-05,1.4e-05,5e-13,4.5e-10,1.5e-10,0.0932,23300000000.0,993000000.0,10.89,-94.93
4e-05,1.4e-05,5e-13,4.5e-10,2e-10,0.0932,23300000000.0,996000000.0,10.9,-94.92
4e-05,1.4e-05,5e-13,4.5e-10,2.5e-10,0.0932,23300000000.0,993000000.0,10.9,-95.27
4e-05,1.4e-05,5e-13,5e-10,1e-10,0.0932,22400000000.0,932000000.0,11.08,-95.08
4e-05,1.4e-05,5e-13,5e-10,5e-11,0.0932,22400000000.0,934000000.0,11.08,-95.11
4e-05,1.4e-05,5e-13,5e-10,1.5e-10,0.0932,22400000000.0,928000000.0,11.08,-94.6
4e-05,1.4e-05,5e-13,5e-10,2e-10,0.0932,22400000000.0,931000000.0,11.08,-95.09
4e-05,1.4e-05,5e-13,5e-10,2.5e-10,0.0932,22400000000.0,935000000.0,11.08,-94.81
4e-05,1.4e-05,3e-13,4e-10,1e-10,0.0932,24500000000.0,1090000000.0,10.68,-93.08
4e-05,1.4e-05,3e-13,4e-10,5e-11,0.0932,24500000000.0,1080000000.0,10.68,-92.69
4e-05,1.4e-05,3e-13,4e-10,1.5e-10,0.0932,24500000000.0,1090000000.0,10.68,-92.34
4e-05,1.4e-05,3e-13,4e-10,2e-10,0.0932,24500000000.0,1090000000.0,10.68,-92.13
4e-05,1.4e-05,3e-13,4e-10,2.5e-10,0.0932,24500000000.0,1090000000.0,10.68,-92.85
4e-05,1.4e-05,3e-13,3e-10,1e-10,0.0932,28000000000.0,1380000000.0,10.02,-85.61
4e-05,1.4e-05,3e-13,3e-10,5e-11,0.0932,28000000000.0,1370000000.0,10.02,-85.52
4e-05,1.4e-05,3e-13,3e-10,1.5e-10,0.0932,28000000000.0,1370000000.0,10.02,-85.5
4e-05,1.4e-05,3e-13,3e-10,2e-10,0.0932,28000000000.0,1380000000.0,10.02,-85.59
4e-05,1.4e-05,3e-13,3.5e-10,1e-10,0.0932,26000000000.0,1200000000.0,10.4,-89.16
4e-05,1.4e-05,3e-13,3.5e-10,5e-11,0.0932,26100000000.0,1200000000.0,10.4,-89.04
4e-05,1.4e-05,3e-13,3.5e-10,1.5e-10,0.0932,26000000000.0,1200000000.0,10.4,-89.23
4e-05,1.4e-05,3e-13,3.5e-10,2.5e-10,0.0932,26000000000.0,1210000000.0,10.4,-88.96
4e-05,1.4e-05,3e-13,4.5e-10,1e-10,0.0932,23400000000.0,998000000.0,10.9,-95.23
4e-05,1.4e-05,3e-13,4.5e-10,5e-11,0.0932,23400000000.0,1000000000.0,10.9,-95.23
4e-05,1.4e-05,3e-13,4.5e-10,1.5e-10,0.0932,23400000000.0,994000000.0,10.89,-95.29
4e-05,1.4e-05,3e-13,4.5e-10,2e-10,0.0932,23400000000.0,998000000.0,10.89,-95.15
4e-05,1.4e-05,3e-13,4.5e-10,2.5e-10,0.0932,23400000000.0,1000000000.0,10.89,-95.21
4e-05,1.4e-05,3e-13,5e-10,1e-10,0.0932,22400000000.0,932000000.0,11.08,-92.06
4e-05,1.4e-05,3e-13,5e-10,5e-11,0.0932,22400000000.0,931000000.0,11.08,-91.77
4e-05,1.4e-05,3e-13,5e-10,1.5e-10,0.0932,22400000000.0,933000000.0,11.08,-95.11
4e-05,1.4e-05,3e-13,5e-10,2.5e-10,0.0932,22400000000.0,929000000.0,11.08,-94.86
4e-05,1.4e-05,4e-13,4e-10,1e-10,0.0932,24500000000.0,1090000000.0,10.68,-92.68
4e-05,1.4e-05,4e-13,4e-10,5e-11,0.0932,24500000000.0,1090000000.0,10.68,-92.86
4e-05,1.4e-05,4e-13,4e-10,2e-10,0.0932,24500000000.0,1080000000.0,10.68,-92.75
4e-05,1.4e-05,4e-13,4e-10,2.5e-10,0.0932,24500000000.0,1090000000.0,10.68,-92.67
4e-05,1.4e-05,4e-13,3e-10,1e-10,0.0932,28000000000.0,1370000000.0,10.02,-85.53
4e-05,1.4e-05,4e-13,3e-10,1.5e-10,0.0932,28000000000.0,1380000000.0,10.02,-85.43
4e-05,1.4e-05,4e-13,3e-10,2e-10,0.0932,28000000000.0,1370000000.0,10.02,-85.31
4e-05,1.4e-05,4e-13,3e-10,2.5e-10,0.0932,28000000000.0,1380000000.0,10.02,-85.42
4e-05,1.4e-05,4e-13,3.5e-10,1e-10,0.0932,26000000000.0,1200000000.0,10.4,-89.08
4e-05,1.4e-05,4e-13,3.5e-10,5e-11,0.0932,26000000000.0,1200000000.0,10.4,-89.02
4e-05,1.4e-05,4e-13,3.5e-10,1.5e-10,0.0932,26000000000.0,1200000000.0,10.4,-88.89
4e-05,1.4e-05,4e-13,3.5e-10,2e-10,0.0932,26000000000.0,1200000000.0,10.4,-88.99
4e-05,1.4e-05,4e-13,3.5e-10,2.5e-10,0.0932,26000000000.0,1200000000.0,10.4,-88.97
4e-05,1.4e-05,4e-13,4.5e-10,1e-10,0.0932,23300000000.0,997000000.0,10.89,-95.09
4e-05,1.4e-05,4e-13,4.5e-10,5e-11,0.0932,23400000000.0,999000000.0,10.89,-95.01
4e-05,1.4e-05,4e-13,4.5e-10,1.5e-10,0.0932,23300000000.0,997000000.0,10.9,-94.94
4e-05,1.4e-05,4e-13,4.5e-10,2e-10,0.0932,23300000000.0,997000000.0,10.9,-95.08
4e-05,1.4e-05,4e-13,4.5e-10,2.5e-10,0.0932,23300000000.0,1000000000.0,10.9,-94.72
4e-05,1.4e-05,4e-13,5e-10,1e-10,0.0932,22400000000.0,930000000.0,11.08,-95.0
4e-05,1.4e-05,4e-13,5e-10,5e-11,0.0932,22400000000.0,929000000.0,11.08,-95.07
4e-05,1.4e-05,4e-13,5e-10,1.5e-10,0.0932,22400000000.0,934000000.0,11.08,-95.1
4e-05,1.4e-05,4e-13,5e-10,2e-10,0.0932,22400000000.0,932000000.0,11.08,-94.93
4e-05,1.4e-05,4e-13,5e-10,2.5e-10,0.0932,22400000000.0,933000000.0,11.08,-95.2
4e-05,1.4e-05,6e-13,4e-10,1e-10,0.0932,24500000000.0,1090000000.0,10.68,-92.89
4e-05,1.4e-05,6e-13,4e-10,5e-11,0.0932,24500000000.0,1090000000.0,10.68,-92.9
4e-05,1.4e-05,6e-13,4e-10,1.5e-10,0.0932,24500000000.0,1090000000.0,10.68,-92.51
4e-05,1.4e-05,6e-13,4e-10,2e-10,0.0932,24500000000.0,1080000000.0,10.68,-92.3
4e-05,1.4e-05,6e-13,4e-10,2.5e-10,0.0932,24500000000.0,1090000000.0,10.68,-92.71
4e-05,1.4e-05,6e-13,3e-10,1e-10,0.0932,28000000000.0,1370000000.0,10.02,-85.54
4e-05,1.4e-05,6e-13,3e-10,5e-11,0.0932,28000000000.0,1370000000.0,10.02,-85.42
4e-05,1.4e-05,6e-13,3e-10,1.5e-10,0.0932,28000000000.0,1370000000.0,10.02,-85.43
4e-05,1.4e-05,6e-13,3e-10,2.5e-10,0.0932,28000000000.0,1370000000.0,10.02,-85.37
4e-05,1.4e-05,6e-13,3.5e-10,1e-10,0.0932,26000000000.0,1200000000.0,10.4,-89.04
4e-05,1.4e-05,6e-13,3.5e-10,5e-11,0.0932,26000000000.0,1200000000.0,10.4,-88.85
4e-05,1.4e-05,6e-13,3.5e-10,2.5e-10,0.0932,26000000000.0,1200000000.0,10.4,-89.09
4e-05,1.4e-05,6e-13,4.5e-10,1e-10,0.0932,23300000000.0,999000000.0,10.89,-95.1
4e-05,1.4e-05,6e-13,4.5e-10,5e-11,0.0932,23300000000.0,993000000.0,10.89,-95.26
4e-05,1.4e-05,6e-13,4.5e-10,1.5e-10,0.0932,23300000000.0,996000000.0,10.9,-95.09
4e-05,1.4e-05,6e-13,4.5e-10,2e-10,0.0932,23300000000.0,994000000.0,10.9,-94.99
4e-05,1.4e-05,6e-13,4.5e-10,2.5e-10,0.0932,23300000000.0,993000000.0,10.89,-94.89
4e-05,1.4e-05,6e-13,5e-10,1e-10,0.0932,22400000000.0,929000000.0,11.08,-94.78
4e-05,1.4e-05,6e-13,5e-10,5e-11,0.0932,22400000000.0,932000000.0,11.08,-95.11
4e-05,1.4e-05,6e-13,5e-10,1.5e-10,0.0932,22400000000.0,926000000.0,11.08,-95.23
4e-05,1.4e-05,6e-13,5e-10,2.5e-10,0.0932,22400000000.0,928000000.0,11.08,-94.91
4e-05,1.4e-05,7e-13,4e-10,1e-10,0.0932,24500000000.0,1080000000.0,10.68,-92.86
4e-05,1.4e-05,7e-13,4e-10,5e-11,0.0932,24500000000.0,1090000000.0,10.68,-92.56
4e-05,1.4e-05,7e-13,4e-10,1.5e-10,0.0932,24500000000.0,1090000000.0,10.68,-92.8
4e-05,1.4e-05,7e-13,4e-10,2e-10,0.0932,24500000000.0,1080000000.0,10.68,-92.18
4e-05,1.4e-05,7e-13,3e-10,5e-11,0.0932,28000000000.0,1370000000.0,10.02,-85.36
4e-05,1.4e-05,7e-13,3e-10,1.5e-10,0.0932,28000000000.0,1370000000.0,10.02,-85.32
4e-05,1.4e-05,7e-13,3.5e-10,1e-10,0.0932,26000000000.0,1200000000.0,10.4,-88.96
4e-05,1.4e-05,7e-13,3.5e-10,2.5e-10,0.0932,26000000000.0,1200000000.0,10.4,-88.84
4e-05,1.4e-05,7e-13,4.5e-10,1e-10,0.0932,23300000000.0,996000000.0,10.9,-95.0
4e-05,1.4e-05,7e-13,4.5e-10,5e-11,0.0932,23300000000.0,1000000000.0,10.89,-93.54
4e-05,1.4e-05,7e-13,4.5e-10,2e-10,0.0932,23300000000.0,1000000000.0,10.9,-95.25
4e-05,1.4e-05,7e-13,4.5e-10,2.5e-10,0.0932,23300000000.0,998000000.0,10.89,-94.89
4e-05,1.4e-05,7e-13,5e-10,1e-10,0.0932,22400000000.0,931000000.0,11.08,-95.08
4e-05,1.4e-05,7e-13,5e-10,5e-11,0.0932,22400000000.0,934000000.0,11.08,-94.81
4e-05,1.4e-05,7e-13,5e-10,1.5e-10,0.0932,22400000000.0,931000000.0,11.08,-95.04
4e-05,1.4e-05,7e-13,5e-10,2e-10,0.0932,22400000000.0,929000000.0,11.08,-95.04
4e-05,1.5e-05,5e-13,4e-10,1e-10,0.0932,24400000000.0,1110000000.0,10.68,-93.09
4e-05,1.5e-05,5e-13,4e-10,5e-11,0.0932,24400000000.0,1110000000.0,10.68,-92.89
4e-05,1.5e-05,5e-13,4e-10,1.5e-10,0.0932,24400000000.0,1110000000.0,10.68,-92.43
4e-05,1.5e-05,5e-13,4e-10,2e-10,0.0932,24400000000.0,1110000000.0,10.68,-93.13
4e-05,1.5e-05,5e-13,4e-10,2.5e-10,0.0932,24400000000.0,1110000000.0,10.68,-92.75
4e-05,1.5e-05,5e-13,3e-10,1e-10,0.0932,27900000000.0,1400000000.0,10.02,-86.34
4e-05,1.5e-05,5e-13,3e-10,5e-11,0.0932,27900000000.0,1410000000.0,10.02,-85.68
4e-05,1.5e-05,5e-13,3e-10,1.5e-10,0.0932,27900000000.0,1400000000.0,10.02,-85.68
4e-05,1.5e-05,5e-13,3e-10,2.5e-10,0.0932,27900000000.0,1400000000.0,10.02,-85.82
4e-05,1.5e-05,5e-13,3.5e-10,1e-10,0.0932,25900000000.0,1230000000.0,10.4,-89.43
4e-05,1.5e-05,5e-13,3.5e-10,5e-11,0.0932,25900000000.0,1230000000.0,10.41,-89.16
4e-05,1.5e-05,5e-13,3.5e-10,1.5e-10,0.0932,25900000000.0,1230000000.0,10.4,-89.13
4e-05,1.5e-05,5e-13,3.5e-10,2e-10,0.0932,25900000000.0,1230000000.0,10.41,-89.45
4e-05,1.5e-05,5e-13,3.5e-10,2.5e-10,0.0932,25900000000.0,1230000000.0,10.4,-89.44
4e-05,1.5e-05,5e-13,4.5e-10,1e-10,0.0932,23200000000.0,1030000000.0,10.9,-95.21
4e-05,1.5e-05,5e-13,4.5e-10,5e-11,0.0932,23200000000.0,1020000000.0,10.9,-95.14
4e-05,1.5e-05,5e-13,4.5e-10,1.5e-10,0.0932,23200000000.0,1020000000.0,10.9,-95.27
4e-05,1.5e-05,5e-13,4.5e-10,2e-10,0.0932,23200000000.0,1020000000.0,10.9,-95.21
4e-05,1.5e-05,5e-13,4.5e-10,2.5e-10,0.0932,23200000000.0,1020000000.0,10.9,-95.08
4e-05,1.5e-05,5e-13,5e-10,1e-10,0.0932,22300000000.0,956000000.0,11.08,-95.03
4e-05,1.5e-05,5e-13,5e-10,5e-11,0.0932,22300000000.0,951000000.0,11.09,-91.38
4e-05,1.5e-05,5e-13,5e-10,1.5e-10,0.0932,22300000000.0,952000000.0,11.09,-95.1
4e-05,1.5e-05,5e-13,5e-10,2e-10,0.0932,22300000000.0,954000000.0,11.09,-95.08
4e-05,1.5e-05,5e-13,5e-10,2.5e-10,0.0932,22300000000.0,950000000.0,11.09,-94.91
4e-05,1.5e-05,3e-13,4e-10,5e-11,0.0932,24400000000.0,1110000000.0,10.68,-93.2
4e-05,1.5e-05,3e-13,4e-10,1.5e-10,0.0932,24400000000.0,1110000000.0,10.68,-93.04
4e-05,1.5e-05,3e-13,4e-10,2e-10,0.0932,24400000000.0,1110000000.0,10.68,-93.25
4e-05,1.5e-05,3e-13,4e-10,2.5e-10,0.0932,24400000000.0,1110000000.0,10.68,-92.78
4e-05,1.5e-05,3e-13,3e-10,1e-10,0.0932,27900000000.0,1410000000.0,10.02,-85.75
4e-05,1.5e-05,3e-13,3e-10,5e-11,0.0932,27900000000.0,1400000000.0,10.02,-85.73
4e-05,1.5e-05,3e-13,3e-10,1.5e-10,0.0932,27900000000.0,1410000000.0,10.02,-85.77
4e-05,1.5e-05,3e-13,3e-10,2e-10,0.0932,27900000000.0,1400000000.0,10.02,-85.81
4e-05,1.5e-05,3e-13,3e-10,2.5e-10,0.0932,27900000000.0,1410000000.0,10.02,-85.76
4e-05,1.5e-05,3e-13,3.5e-10,1e-10,0.0932,25900000000.0,1230000000.0,10.41,-89.24
4e-05,1.5e-05,3e-13,3.5e-10,5e-11,0.0932,25900000000.0,1230000000.0,10.41,-89.42
4e-05,1.5e-05,3e-13,3.5e-10,2e-10,0.0932,25900000000.0,1230000000.0,10.41,-89.27
4e-05,1.5e-05,3e-13,3.5e-10,2.5e-10,0.0932,25900000000.0,1230000000.0,10.41,-89.58
4e-05,1.5e-05,3e-13,4.5e-10,1e-10,0.0932,23300000000.0,1020000000.0,10.9,-95.29
4e-05,1.5e-05,3e-13,4.5e-10,5e-11,0.0932,23300000000.0,1020000000.0,10.9,-95.33
4e-05,1.5e-05,3e-13,4.5e-10,1.5e-10,0.0932,23300000000.0,1020000000.0,10.9,-95.35
4e-05,1.5e-05,3e-13,4.5e-10,2e-10,0.0932,23300000000.0,1020000000.0,10.9,-95.28
4e-05,1.5e-05,3e-13,4.5e-10,2.5e-10,0.0932,23300000000.0,1020000000.0,10.9,-95.26
4e-05,1.5e-05,3e-13,5e-10,1e-10,0.0932,22300000000.0,949000000.0,11.09,-95.16
4e-05,1.5e-05,3e-13,5e-10,5e-11,0.0932,22300000000.0,955000000.0,11.08,-95.2
4e-05,1.5e-05,3e-13,5e-10,1.5e-10,0.0932,22300000000.0,954000000.0,11.09,-95.03
4e-05,1.5e-05,3e-13,5e-10,2e-10,0.0932,22300000000.0,952000000.0,11.08,-94.87
4e-05,1.5e-05,3e-13,5e-10,2.5e-10,0.0932,22300000000.0,954000000.0,11.08,-95.05
4e-05,1.5e-05,4e-13,4e-10,1e-10,0.0932,24400000000.0,1110000000.0,10.68,-92.63
4e-05,1.5e-05,4e-13,4e-10,5e-11,0.0932,24400000000.0,1110000000.0,10.68,-92.72
4e-05,1.5e-05,4e-13,4e-10,1.5e-10,0.0932,24400000000.0,1110000000.0,10.68,-92.88
4e-05,1.5e-05,4e-13,4e-10,2e-10,0.0932,24400000000.0,1110000000.0,10.68,-92.71
4e-05,1.5e-05,4e-13,3e-10,1e-10,0.0932,27900000000.0,1410000000.0,10.02,-85.7
4e-05,1.5e-05,4e-13,3e-10,5e-11,0.0932,27900000000.0,1410000000.0,10.02,-85.69
4e-05,1.5e-05,4e-13,3e-10,1.5e-10,0.0932,27900000000.0,1400000000.0,10.02,-85.76
4e-05,1.5e-05,4e-13,3e-10,2.5e-10,0.0932,27900000000.0,1400000000.0,10.02,-85.7
4e-05,1.5e-05,4e-13,3.5e-10,5e-11,0.0932,25900000000.0,1230000000.0,10.41,-89.33
4e-05,1.5e-05,4e-13,3.5e-10,1.5e-10,0.0932,25900000000.0,1230000000.0,10.41,-89.46
4e-05,1.5e-05,4e-13,3.5e-10,2e-10,0.0932,25900000000.0,1230000000.0,10.41,-89.4
4e-05,1.5e-05,4e-13,3.5e-10,2.5e-10,0.0932,25900000000.0,1230000000.0,10.41,-89.15
4e-05,1.5e-05,4e-13,4.5e-10,1e-10,0.0932,23300000000.0,1020000000.0,10.9,-95.27
4e-05,1.5e-05,4e-13,4.5e-10,5e-11,0.0932,23300000000.0,1020000000.0,10.9,-95.24
4e-05,1.5e-05,4e-13,4.5e-10,1.5e-10,0.0932,23200000000.0,1020000000.0,10.9,-95.39
4e-05,1.5e-05,4e-13,4.5e-10,2e-10,0.0932,23200000000.0,1020000000.0,10.9,-95.15
4e-05,1.5e-05,4e-13,4.5e-10,2.5e-10,0.0932,23200000000.0,1020000000.0,10.9,-95.19
4e-05,1.5e-05,4e-13,5e-10,1e-10,0.0932,22300000000.0,953000000.0,11.09,-94.94
4e-05,1.5e-05,4e-13,5e-10,5e-11,0.0932,22300000000.0,949000000.0,11.09,-94.86
4e-05,1.5e-05,4e-13,5e-10,1.5e-10,0.0932,22300000000.0,954000000.0,11.09,-95.02
4e-05,1.5e-05,4e-13,5e-10,2e-10,0.0932,22300000000.0,953000000.0,11.08,-94.83
4e-05,1.5e-05,4e-13,5e-10,2.5e-10,0.0932,22300000000.0,949000000.0,11.09,-95.06
4e-05,1.5e-05,6e-13,4e-10,1e-10,0.0932,24400000000.0,1110000000.0,10.68,-92.68
4e-05,1.5e-05,6e-13,4e-10,5e-11,0.0932,24400000000.0,1110000000.0,10.68,-92.9
4e-05,1.5e-05,6e-13,4e-10,1.5e-10,0.0932,24400000000.0,1110000000.0,10.68,-92.79
4e-05,1.5e-05,6e-13,4e-10,2e-10,0.0932,24400000000.0,1110000000.0,10.68,-93.1
4e-05,1.5e-05,6e-13,3e-10,1e-10,0.0932,27900000000.0,1400000000.0,10.02,-85.66
4e-05,1.5e-05,6e-13,3e-10,5e-11,0.0932,27900000000.0,1400000000.0,10.02,-85.63
4e-05,1.5e-05,6e-13,3e-10,1.5e-10,0.0932,27900000000.0,1400000000.0,10.02,-85.67
4e-05,1.5e-05,6e-13,3e-10,2e-10,0.0932,27900000000.0,1400000000.0,10.02,-85.64
4e-05,1.5e-05,6e-13,3e-10,2.5e-10,0.0932,27900000000.0,1400000000.0,10.02,-85.69
4e-05,1.5e-05,6e-13,3.5e-10,1e-10,0.0932,25900000000.0,1230000000.0,10.41,-89.17
4e-05,1.5e-05,6e-13,3.5e-10,5e-11,0.0932,25900000000.0,1230000000.0,10.4,-89.31
4e-05,1.5e-05,6e-13,3.5e-10,1.5e-10,0.0932,25900000000.0,1230000000.0,10.41,-89.39
4e-05,1.5e-05,6e-13,3.5e-10,2.5e-10,0.0932,25900000000.0,1230000000.0,10.4,-89.16
4e-05,1.5e-05,6e-13,4.5e-10,1e-10,0.0932,23200000000.0,1020000000.0,10.9,-95.28
4e-05,1.5e-05,6e-13,4.5e-10,5e-11,0.0932,23200000000.0,1020000000.0,10.9,-95.32
4e-05,1.5e-05,6e-13,4.5e-10,1.5e-10,0.0932,23200000000.0,1020000000.0,10.9,-94.61
4e-05,1.5e-05,6e-13,4.5e-10,2e-10,0.0932,23200000000.0,1020000000.0,10.9,-95.18
4e-05,1.5e-05,6e-13,4.5e-10,2.5e-10,0.0932,23200000000.0,1020000000.0,10.9,-95.35
4e-05,1.5e-05,6e-13,5e-10,1e-10,0.0932,22300000000.0,948000000.0,11.09,-94.9
4e-05,1.5e-05,6e-13,5e-10,5e-11,0.0932,22300000000.0,956000000.0,11.08,-95.13
4e-05,1.5e-05,6e-13,5e-10,1.5e-10,0.0932,22300000000.0,957000000.0,11.08,-95.16
4e-05,1.5e-05,6e-13,5e-10,2e-10,0.0932,22300000000.0,956000000.0,11.08,-95.22
4e-05,1.5e-05,7e-13,4e-10,1.5e-10,0.0932,24400000000.0,1110000000.0,10.68,-92.7
4e-05,1.5e-05,7e-13,4e-10,2e-10,0.0932,24400000000.0,1110000000.0,10.68,-93.0
4e-05,1.5e-05,7e-13,4e-10,2.5e-10,0.0932,24400000000.0,1110000000.0,10.68,-92.64
4e-05,1.5e-05,7e-13,3e-10,1e-10,0.0932,27900000000.0,1410000000.0,10.02,-85.83
4e-05,1.5e-05,7e-13,3e-10,5e-11,0.0932,27900000000.0,1400000000.0,10.02,-86.05
4e-05,1.5e-05,7e-13,3e-10,2e-10,0.0932,27900000000.0,1410000000.0,10.02,-85.64
4e-05,1.5e-05,7e-13,3.5e-10,1e-10,0.0932,25900000000.0,1230000000.0,10.41,-89.12
4e-05,1.5e-05,7e-13,3.5e-10,1.5e-10,0.0932,25900000000.0,1230000000.0,10.41,-89.07
4e-05,1.5e-05,7e-13,3.5e-10,2e-10,0.0932,25900000000.0,1230000000.0,10.4,-89.28
4e-05,1.5e-05,7e-13,3.5e-10,2.5e-10,0.0932,25900000000.0,1230000000.0,10.4,-89.35
4e-05,1.5e-05,7e-13,4.5e-10,1e-10,0.0932,23200000000.0,1020000000.0,10.9,-95.1
4e-05,1.5e-05,7e-13,4.5e-10,5e-11,0.0932,23200000000.0,1020000000.0,10.9,-95.2
4e-05,1.5e-05,7e-13,4.5e-10,1.5e-10,0.0932,23200000000.0,1020000000.0,10.9,-94.92
4e-05,1.5e-05,7e-13,4.5e-10,2e-10,0.0932,23200000000.0,1020000000.0,10.9,-95.24
4e-05,1.5e-05,7e-13,5e-10,1e-10,0.0932,22300000000.0,949000000.0,11.08,-95.04
4e-05,1.5e-05,7e-13,5e-10,5e-11,0.0932,22300000000.0,955000000.0,11.09,-95.01
4e-05,1.5e-05,7e-13,5e-10,1.5e-10,0.0932,22300000000.0,949000000.0,11.08,-94.91
4e-05,1.5e-05,7e-13,5e-10,2e-10,0.0932,22300000000.0,953000000.0,11.08,-94.97
4e-05,1.5e-05,7e-13,5e-10,2.5e-10,0.0932,22300000000.0,951000000.0,11.08,-94.96
4e-05,1.6e-05,5e-13,4e-10,1e-10,0.0932,24300000000.0,1130000000.0,10.69,-92.92
4e-05,1.6e-05,5e-13,4e-10,5e-11,0.0932,24300000000.0,1130000000.0,10.69,-93.01
4e-05,1.6e-05,5e-13,4e-10,1.5e-10,0.0932,24300000000.0,1130000000.0,10.68,-93.2
4e-05,1.6e-05,5e-13,4e-10,2e-10,0.0932,24300000000.0,1130000000.0,10.69,-92.99
4e-05,1.6e-05,5e-13,4e-10,2.5e-10,0.0932,24300000000.0,1120000000.0,10.68,-93.31
4e-05,1.6e-05,5e-13,3e-10,1e-10,0.0932,27800000000.0,1430000000.0,10.02,-86.0
4e-05,1.6e-05,5e-13,3e-10,5e-11,0.0932,27800000000.0,1430000000.0,10.02,-86.03
4e-05,1.6e-05,5e-13,3e-10,1.5e-10,0.0932,27800000000.0,1430000000.0,10.02,-86.04
4e-05,1.6e-05,5e-13,3e-10,2e-10,0.0932,27800000000.0,1430000000.0,10.02,-85.9
4e-05,1.6e-05,5e-13,3e-10,2.5e-10,0.0932,27800000000.0,1430000000.0,10.02,-85.94
4e-05,1.6e-05,5e-13,3.5e-10,1e-10,0.0932,25800000000.0,1250000000.0,10.41,-89.41
4e-05,1.6e-05,5e-13,3.5e-10,5e-11,0.0932,25800000000.0,1250000000.0,10.41,-89.71
4e-05,1.6e-05,5e-13,3.5e-10,1.5e-10,0.0932,25800000000.0,1250000000.0,10.41,-89.76
4e-05,1.6e-05,5e-13,3.5e-10,2e-10,0.0932,25800000000.0,1250000000.0,10.41,-89.45
4e-05,1.6e-05,5e-13,3.5e-10,2.5e-10,0.0932,25800000000.0,1250000000.0,10.41,-89.56
4e-05,1.6e-05,5e-13,4.5e-10,1e-10,0.0932,23200000000.0,1040000000.0,10.9,-95.39
4e-05,1.6e-05,5e-13,4.5e-10,5e-11,0.0932,23200000000.0,1030000000.0,10.9,-95.2
4e-05,1.6e-05,5e-13,4.5e-10,1.5e-10,0.0932,23200000000.0,1040000000.0,10.9,-95.23
4e-05,1.6e-05,5e-13,4.5e-10,2e-10,0.0932,23200000000.0,1040000000.0,10.9,-95.48
4e-05,1.6e-05,5e-13,4.5e-10,2.5e-10,0.0932,23200000000.0,1040000000.0,10.9,-95.51
4e-05,1.6e-05,5e-13,5e-10,1e-10,0.0932,22200000000.0,966000000.0,11.09,-94.77
4e-05,1.6e-05,5e-13,5e-10,5e-11,0.0932,22200000000.0,971000000.0,11.09,-94.98
4e-05,1.6e-05,5e-13,5e-10,1.5e-10,0.0932,22200000000.0,964000000.0,11.09,-94.65
4e-05,1.6e-05,5e-13,5e-10,2e-10,0.0932,22200000000.0,966000000.0,11.09,-94.78
4e-05,1.6e-05,5e-13,5e-10,2.5e-10,0.0932,22200000000.0,974000000.0,11.09,-94.95
4e-05,1.6e-05,3e-13,4e-10,1e-10,0.0932,24300000000.0,1130000000.0,10.68,-93.43
4e-05,1.6e-05,3e-13,4e-10,5e-11,0.0932,24300000000.0,1130000000.0,10.68,-93.65
4e-05,1.6e-05,3e-13,4e-10,1.5e-10,0.0932,24300000000.0,1130000000.0,10.69,-93.13
4e-05,1.6e-05,3e-13,4e-10,2e-10,0.0932,24300000000.0,1130000000.0,10.68,-93.24
4e-05,1.6e-05,3e-13,4e-10,2.5e-10,0.0932,24300000000.0,1130000000.0,10.69,-92.89
4e-05,1.6e-05,3e-13,3e-10,1e-10,0.0932,27800000000.0,1430000000.0,10.02,-85.97
4e-05,1.6e-05,3e-13,3e-10,5e-11,0.0932,27800000000.0,1430000000.0,10.02,-86.13
4e-05,1.6e-05,3e-13,3e-10,1.5e-10,0.0932,27800000000.0,1430000000.0,10.02,-86.16
4e-05,1.6e-05,3e-13,3e-10,2e-10,0.0932,27800000000.0,1430000000.0,10.02,-86.02
4e-05,1.6e-05,3e-13,3.5e-10,1e-10,0.0932,25800000000.0,1250000000.0,10.41,-89.72
4e-05,1.6e-05,3e-13,3.5e-10,5e-11,0.0932,25800000000.0,1250000000.0,10.41,-89.85
4e-05,1.6e-05,3e-13,3.5e-10,2e-10,0.0932,25800000000.0,1250000000.0,10.41,-89.58
4e-05,1.6e-05,3e-13,3.5e-10,2.5e-10,0.0932,25800000000.0,1250000000.0,10.41,-89.59
4e-05,1.6e-05,3e-13,4.5e-10,1e-10,0.0932,23200000000.0,1040000000.0,10.9,-95.46
4e-05,1.6e-05,3e-13,4.5e-10,5e-11,0.0932,23200000000.0,1040000000.0,10.9,-94.76
4e-05,1.6e-05,3e-13,4.5e-10,1.5e-10,0.0932,23200000000.0,1040000000.0,10.9,-95.49
4e-05,1.6e-05,3e-13,4.5e-10,2.5e-10,0.0932,23200000000.0,1040000000.0,10.9,-95.26
4e-05,1.6e-05,3e-13,5e-10,1e-10,0.0932,22200000000.0,968000000.0,11.09,-94.9
4e-05,1.6e-05,3e-13,5e-10,5e-11,0.0932,22200000000.0,966000000.0,11.09,-94.81
4e-05,1.6e-05,3e-13,5e-10,1.5e-10,0.0932,22200000000.0,965000000.0,11.09,-94.58
4e-05,1.6e-05,3e-13,5e-10,2e-10,0.0932,22200000000.0,970000000.0,11.09,-95.13
4e-05,1.6e-05,3e-13,5e-10,2.5e-10,0.0932,22200000000.0,968000000.0,11.09,-94.55
4e-05,1.6e-05,4e-13,4e-10,1e-10,0.0932,24300000000.0,1130000000.0,10.69,-93.04
4e-05,1.6e-05,4e-13,4e-10,5e-11,0.0932,24300000000.0,1130000000.0,10.68,-93.5
4e-05,1.6e-05,4e-13,4e-10,1.5e-10,0.0932,24300000000.0,1130000000.0,10.69,-93.14
4e-05,1.6e-05,4e-13,4e-10,2e-10,0.0932,24300000000.0,1130000000.0,10.68,-92.3
4e-05,1.6e-05,4e-13,4e-10,2.5e-10,0.0932,24300000000.0,1130000000.0,10.68,-93.67
4e-05,1.6e-05,4e-13,3e-10,1e-10,0.0932,27800000000.0,1430000000.0,10.02,-85.99
4e-05,1.6e-05,4e-13,3e-10,5e-11,0.0932,27800000000.0,1430000000.0,10.02,-86.07
4e-05,1.6e-05,4e-13,3.5e-10,1e-10,0.0932,25800000000.0,1250000000.0,10.41,-89.68
4e-05,1.6e-05,4e-13,3.5e-10,5e-11,0.0932,25800000000.0,1250000000.0,10.41,-89.77
4e-05,1.6e-05,4e-13,3.5e-10,2e-10,0.0932,25800000000.0,1250000000.0,10.41,-91.72
4e-05,1.6e-05,4e-13,3.5e-10,2.5e-10,0.0932,25800000000.0,1250000000.0,10.41,-89.64
4e-05,1.6e-05,4e-13,4.5e-10,1e-10,0.0932,23200000000.0,1040000000.0,10.9,-95.44
4e-05,1.6e-05,4e-13,4.5e-10,1.5e-10,0.0932,23200000000.0,1040000000.0,10.9,-95.35
4e-05,1.6e-05,4e-13,4.5e-10,2e-10,0.0932,23200000000.0,1040000000.0,10.91,-95.47
4e-05,1.6e-05,4e-13,4.5e-10,2.5e-10,0.0932,23200000000.0,1040000000.0,10.9,-95.45
4e-05,1.6e-05,4e-13,5e-10,1e-10,0.0932,22200000000.0,964000000.0,11.09,-94.64
4e-05,1.6e-05,4e-13,5e-10,5e-11,0.0932,22200000000.0,974000000.0,11.09,-95.09
4e-05,1.6e-05,4e-13,5e-10,1.5e-10,0.0932,22200000000.0,964000000.0,11.09,-94.6
4e-05,1.6e-05,4e-13,5e-10,2e-10,0.0932,22200000000.0,969000000.0,11.09,-94.95
4e-05,1.6e-05,4e-13,5e-10,2.5e-10,0.0932,22200000000.0,966000000.0,11.09,-94.76
4e-05,1.6e-05,6e-13,4e-10,1e-10,0.0932,24300000000.0,1130000000.0,10.68,-92.86
4e-05,1.6e-05,6e-13,4e-10,5e-11,0.0932,24300000000.0,1130000000.0,10.68,-93.04
4e-05,1.6e-05,6e-13,4e-10,1.5e-10,0.0932,24300000000.0,1130000000.0,10.68,-93.63
4e-05,1.6e-05,6e-13,4e-10,2e-10,0.0932,24300000000.0,1130000000.0,10.68,-93.31
4e-05,1.6e-05,6e-13,4e-10,2.5e-10,0.0932,24300000000.0,1130000000.0,10.68,-93.15
4e-05,1.6e-05,6e-13,3e-10,1e-10,0.0932,27800000000.0,1430000000.0,10.02,-85.88
4e-05,1.6e-05,6e-13,3e-10,5e-11,0.0932,27800000000.0,1430000000.0,10.02,-85.95
4e-05,1.6e-05,6e-13,3e-10,2.5e-10,0.0932,27800000000.0,1430000000.0,10.02,-86.06
4e-05,1.6e-05,6e-13,3.5e-10,5e-11,0.0932,25800000000.0,1250000000.0,10.41,-89.53
4e-05,1.6e-05,6e-13,3.5e-10,1.5e-10,0.0932,25800000000.0,1250000000.0,10.41,-89.39
4e-05,1.6e-05,6e-13,3.5e-10,2e-10,0.0932,25800000000.0,1250000000.0,10.41,-89.44
4e-05,1.6e-05,6e-13,3.5e-10,2.5e-10,0.0932,25800000000.0,1250000000.0,10.41,-89.74
4e-05,1.6e-05,6e-13,4.5e-10,1e-10,0.0932,23200000000.0,1040000000.0,10.9,-95.38
4e-05,1.6e-05,6e-13,4.5e-10,1.5e-10,0.0932,23200000000.0,1040000000.0,10.9,-95.42
4e-05,1.6e-05,6e-13,4.5e-10,2.5e-10,0.0932,23200000000.0,1040000000.0,10.9,-95.37
4e-05,1.6e-05,6e-13,5e-10,1e-10,0.0932,22200000000.0,971000000.0,11.09,-94.77
4e-05,1.6e-05,6e-13,5e-10,5e-11,0.0932,22200000000.0,973000000.0,11.09,-95.08
4e-05,1.6e-05,6e-13,5e-10,1.5e-10,0.0932,22200000000.0,969000000.0,11.09,-94.91
4e-05,1.6e-05,6e-13,5e-10,2e-10,0.0932,22200000000.0,970000000.0,11.09,-94.96
4e-05,1.6e-05,6e-13,5e-10,2.5e-10,0.0932,22200000000.0,973000000.0,11.09,-94.95
4e-05,1.6e-05,7e-13,4e-10,1e-10,0.0932,24300000000.0,1130000000.0,10.68,-93.18
4e-05,1.6e-05,7e-13,4e-10,5e-11,0.0932,24300000000.0,1130000000.0,10.68,-92.88
4e-05,1.6e-05,7e-13,4e-10,1.5e-10,0.0932,24300000000.0,1130000000.0,10.68,-93.29
4e-05,1.6e-05,7e-13,4e-10,2e-10,0.0932,24300000000.0,1130000000.0,10.68,-93.61
4e-05,1.6e-05,7e-13,4e-10,2.5e-10,0.0932,24300000000.0,1130000000.0,10.68,-92.97
4e-05,1.6e-05,7e-13,3e-10,1e-10,0.0932,27800000000.0,1430000000.0,10.02,-85.89
4e-05,1.6e-05,7e-13,3e-10,1.5e-10,0.0932,27800000000.0,1430000000.0,10.02,-85.93
4e-05,1.6e-05,7e-13,3e-10,2e-10,0.0932,27800000000.0,1430000000.0,10.02,-85.98
4e-05,1.6e-05,7e-13,3.5e-10,1e-10,0.0932,25800000000.0,1250000000.0,10.4,-89.73
4e-05,1.6e-05,7e-13,3.5e-10,5e-11,0.0932,25800000000.0,1250000000.0,10.41,-89.46
4e-05,1.6e-05,7e-13,3.5e-10,1.5e-10,0.0932,25800000000.0,1250000000.0,10.4,-89.78
4e-05,1.6e-05,7e-13,3.5e-10,2e-10,0.0932,25800000000.0,1250000000.0,10.4,-89.56
4e-05,1.6e-05,7e-13,3.5e-10,2.5e-10,0.0932,25800000000.0,1250000000.0,10.4,-89.57
4e-05,1.6e-05,7e-13,4.5e-10,1e-10,0.0932,23100000000.0,1040000000.0,10.91,-95.35
4e-05,1.6e-05,7e-13,4.5e-10,5e-11,0.0932,23200000000.0,1030000000.0,10.9,-95.42
4e-05,1.6e-05,7e-13,4.5e-10,1.5e-10,0.0932,23100000000.0,1040000000.0,10.9,-95.39
4e-05,1.6e-05,7e-13,4.5e-10,2e-10,0.0932,23100000000.0,1040000000.0,10.9,-95.23
4e-05,1.6e-05,7e-13,4.5e-10,2.5e-10,0.0932,23100000000.0,1040000000.0,10.9,-95.35
4e-05,1.6e-05,7e-13,5e-10,1e-10,0.0932,22200000000.0,970000000.0,11.09,-94.93
4e-05,1.6e-05,7e-13,5e-10,5e-11,0.0932,22200000000.0,966000000.0,11.09,-94.18
4e-05,1.6e-05,7e-13,5e-10,2.5e-10,0.0932,22200000000.0,965000000.0,11.09,-94.77
4e-05,1.7e-05,5e-13,4e-10,1e-10,0.0932,24200000000.0,1140000000.0,10.68,-93.36
4e-05,1.7e-05,5e-13,4e-10,5e-11,0.0932,24200000000.0,1140000000.0,10.68,-93.32
4e-05,1.7e-05,5e-13,4e-10,1.5e-10,0.0932,24200000000.0,1140000000.0,10.68,-94.04
4e-05,1.7e-05,5e-13,4e-10,2e-10,0.0932,24200000000.0,1140000000.0,10.68,-93.18
4e-05,1.7e-05,5e-13,4e-10,2.5e-10,0.0932,24200000000.0,1140000000.0,10.68,-93.66
4e-05,1.7e-05,5e-13,3e-10,1e-10,0.0932,27700000000.0,1440000000.0,10.02,-86.32
4e-05,1.7e-05,5e-13,3e-10,5e-11,0.0932,27700000000.0,1440000000.0,10.02,-86.28
4e-05,1.7e-05,5e-13,3e-10,1.5e-10,0.0932,27700000000.0,1440000000.0,10.02,-86.16
4e-05,1.7e-05,5e-13,3e-10,2.5e-10,0.0932,27700000000.0,1440000000.0,10.02,-86.21
4e-05,1.7e-05,5e-13,3.5e-10,1e-10,0.0932,25700000000.0,1270000000.0,10.4,-90.03
4e-05,1.7e-05,5e-13,3.5e-10,5e-11,0.0932,25700000000.0,1270000000.0,10.4,-90.04
4e-05,1.7e-05,5e-13,3.5e-10,1.5e-10,0.0932,25700000000.0,1270000000.0,10.4,-89.89
4e-05,1.7e-05,5e-13,3.5e-10,2e-10,0.0932,25700000000.0,1270000000.0,10.4,-90.0
4e-05,1.7e-05,5e-13,3.5e-10,2.5e-10,0.0932,25700000000.0,1270000000.0,10.4,-89.9
4e-05,1.7e-05,5e-13,4.5e-10,1e-10,0.0932,23100000000.0,1050000000.0,10.91,-95.52
4e-05,1.7e-05,5e-13,4.5e-10,5e-11,0.0932,23100000000.0,1050000000.0,10.91,-95.5
4e-05,1.7e-05,5e-13,4.5e-10,1.5e-10,0.0932,23100000000.0,1060000000.0,10.9,-95.44
4e-05,1.7e-05,5e-13,4.5e-10,2e-10,0.0932,23100000000.0,1050000000.0,10.91,-95.31
4e-05,1.7e-05,5e-13,4.5e-10,2.5e-10,0.0932,23100000000.0,1050000000.0,10.91,-95.34
4e-05,1.7e-05,5e-13,5e-10,1e-10,0.0932,22100000000.0,983000000.0,11.09,-94.84
4e-05,1.7e-05,5e-13,5e-10,5e-11,0.0932,22100000000.0,984000000.0,11.09,-94.94
4e-05,1.7e-05,5e-13,5e-10,1.5e-10,0.0932,22100000000.0,987000000.0,11.09,-94.81
4e-05,1.7e-05,5e-13,5e-10,2e-10,0.0932,22100000000.0,978000000.0,11.09,-94.36
4e-05,1.7e-05,5e-13,5e-10,2.5e-10,0.0932,22100000000.0,983000000.0,11.09,-94.63
4e-05,1.7e-05,3e-13,4e-10,1e-10,0.0932,24200000000.0,1140000000.0,10.68,-93.71
4e-05,1.7e-05,3e-13,4e-10,5e-11,0.0932,24200000000.0,1150000000.0,10.68,-93.39
4e-05,1.7e-05,3e-13,4e-10,1.5e-10,0.0932,24200000000.0,1140000000.0,10.68,-93.44
4e-05,1.7e-05,3e-13,4e-10,2e-10,0.0932,24200000000.0,1140000000.0,10.68,-93.75
4e-05,1.7e-05,3e-13,4e-10,2.5e-10,0.0932,24200000000.0,1140000000.0,10.68,-93.56
4e-05,1.7e-05,3e-13,3e-10,1e-10,0.0932,27700000000.0,1440000000.0,10.02,-86.37
4e-05,1.7e-05,3e-13,3e-10,1.5e-10,0.0932,27700000000.0,1440000000.0,10.02,-86.33
4e-05,1.7e-05,3e-13,3e-10,2.5e-10,0.0932,27700000000.0,1440000000.0,10.02,-86.31
4e-05,1.7e-05,3e-13,3.5e-10,1e-10,0.0932,25700000000.0,1270000000.0,10.4,-90.16
4e-05,1.7e-05,3e-13,3.5e-10,5e-11,0.0932,25700000000.0,1260000000.0,10.4,-90.09
4e-05,1.7e-05,3e-13,3.5e-10,1.5e-10,0.0932,25700000000.0,1270000000.0,10.41,-89.84
4e-05,1.7e-05,3e-13,3.5e-10,2e-10,0.0932,25700000000.0,1260000000.0,10.4,-89.99
4e-05,1.7e-05,3e-13,3.5e-10,2.5e-10,0.0932,25700000000.0,1260000000.0,10.4,-90.07
4e-05,1.7e-05,3e-13,4.5e-10,1e-10,0.0932,23100000000.0,1060000000.0,10.9,-92.41
4e-05,1.7e-05,3e-13,4.5e-10,5e-11,0.0932,23100000000.0,1050000000.0,10.91,-95.53
4e-05,1.7e-05,3e-13,4.5e-10,2e-10,0.0932,23100000000.0,1050000000.0,10.9,-95.55
4e-05,1.7e-05,3e-13,4.5e-10,2.5e-10,0.0932,23100000000.0,1050000000.0,10.91,-95.55
4e-05,1.7e-05,3e-13,5e-10,1e-10,0.0932,22100000000.0,985000000.0,11.09,-94.98
4e-05,1.7e-05,3e-13,5e-10,5e-11,0.0932,22100000000.0,987000000.0,11.09,-94.93
4e-05,1.7e-05,3e-13,5e-10,1.5e-10,0.0932,22100000000.0,984000000.0,11.09,-94.67
4e-05,1.7e-05,3e-13,5e-10,2e-10,0.0932,22100000000.0,980000000.0,11.09,-94.82
4e-05,1.7e-05,3e-13,5e-10,2.5e-10,0.0932,22100000000.0,981000000.0,11.09,-94.73
4e-05,1.7e-05,4e-13,4e-10,1e-10,0.0932,24200000000.0,1140000000.0,10.68,-93.69
4e-05,1.7e-05,4e-13,4e-10,5e-11,0.0932,24200000000.0,1150000000.0,10.68,-93.96
4e-05,1.7e-05,4e-13,4e-10,1.5e-10,0.0932,24200000000.0,1140000000.0,10.68,-93.65
4e-05,1.7e-05,4e-13,4e-10,2e-10,0.0932,24200000000.0,1140000000.0,10.68,-93.51
4e-05,1.7e-05,4e-13,4e-10,2.5e-10,0.0932,24200000000.0,1140000000.0,10.68,-92.58
4e-05,1.7e-05,4e-13,3e-10,1e-10,0.0932,27700000000.0,1440000000.0,10.02,-86.22
4e-05,1.7e-05,4e-13,3e-10,5e-11,0.0932,27700000000.0,1440000000.0,10.02,-86.3
4e-05,1.7e-05,4e-13,3e-10,2.5e-10,0.0932,27700000000.0,1440000000.0,10.02,-86.23
4e-05,1.7e-05,4e-13,3.5e-10,1e-10,0.0932,25700000000.0,1270000000.0,10.4,-89.96
4e-05,1.7e-05,4e-13,3.5e-10,5e-11,0.0932,25700000000.0,1260000000.0,10.4,-89.98
4e-05,1.7e-05,4e-13,3.5e-10,1.5e-10,0.0932,25700000000.0,1260000000.0,10.4,-90.13
4e-05,1.7e-05,4e-13,3.5e-10,2.5e-10,0.0932,25700000000.0,1270000000.0,10.4,-89.79
4e-05,1.7e-05,4e-13,4.5e-10,1e-10,0.0932,23100000000.0,1050000000.0,10.9,-95.54
4e-05,1.7e-05,4e-13,4.5e-10,5e-11,0.0932,23100000000.0,1050000000.0,10.9,-95.56
4e-05,1.7e-05,4e-13,4.5e-10,1.5e-10,0.0932,23100000000.0,1050000000.0,10.91,-95.51
4e-05,1.7e-05,4e-13,4.5e-10,2e-10,0.0932,23100000000.0,1060000000.0,10.91,-95.5
4e-05,1.7e-05,4e-13,5e-10,1e-10,0.0932,22100000000.0,982000000.0,11.09,-94.76
4e-05,1.7e-05,4e-13,5e-10,5e-11,0.0932,22100000000.0,982000000.0,11.09,-95.09
4e-05,1.7e-05,4e-13,5e-10,1.5e-10,0.0932,22100000000.0,984000000.0,11.09,-94.65
4e-05,1.7e-05,4e-13,5e-10,2e-10,0.0932,22100000000.0,981000000.0,11.09,-94.74
4e-05,1.7e-05,4e-13,5e-10,2.5e-10,0.0932,22100000000.0,981000000.0,11.09,-94.75
4e-05,1.7e-05,6e-13,4e-10,1e-10,0.0932,24200000000.0,1140000000.0,10.68,-93.2
4e-05,1.7e-05,6e-13,4e-10,5e-11,0.0932,24200000000.0,1140000000.0,10.68,-93.79
4e-05,1.7e-05,6e-13,4e-10,2e-10,0.0932,24200000000.0,1140000000.0,10.68,-93.09
4e-05,1.7e-05,6e-13,4e-10,2.5e-10,0.0932,24200000000.0,1150000000.0,10.68,-93.89
4e-05,1.7e-05,6e-13,3e-10,1e-10,0.0932,27700000000.0,1440000000.0,10.02,-86.2
4e-05,1.7e-05,6e-13,3e-10,1.5e-10,0.0932,27700000000.0,1440000000.0,10.02,-86.13
4e-05,1.7e-05,6e-13,3e-10,2.5e-10,0.0932,27700000000.0,1440000000.0,10.02,-86.29
4e-05,1.7e-05,6e-13,3.5e-10,5e-11,0.0932,25700000000.0,1260000000.0,10.4,-90.1
4e-05,1.7e-05,6e-13,3.5e-10,2e-10,0.0932,25700000000.0,1270000000.0,10.4,-89.95
4e-05,1.7e-05,6e-13,3.5e-10,2.5e-10,0.0932,25700000000.0,1270000000.0,10.4,-89.72
4e-05,1.7e-05,6e-13,4.5e-10,1e-10,0.0932,23100000000.0,1050000000.0,10.91,-95.4
4e-05,1.7e-05,6e-13,4.5e-10,5e-11,0.0932,23100000000.0,1050000000.0,10.9,-95.52
4e-05,1.7e-05,6e-13,4.5e-10,2.5e-10,0.0932,23100000000.0,1050000000.0,10.9,-95.46
4e-05,1.7e-05,6e-13,5e-10,1e-10,0.0932,22100000000.0,987000000.0,11.09,-94.97
4e-05,1.7e-05,6e-13,5e-10,5e-11,0.0932,22100000000.0,977000000.0,11.09,-94.94
4e-05,1.7e-05,6e-13,5e-10,1.5e-10,0.0932,22100000000.0,980000000.0,11.09,-94.7
4e-05,1.7e-05,6e-13,5e-10,2e-10,0.0932,22100000000.0,981000000.0,11.09,-94.78
4e-05,1.7e-05,6e-13,5e-10,2.5e-10,0.0932,22100000000.0,976000000.0,11.09,-95.12
4e-05,1.7e-05,7e-13,4e-10,1e-10,0.0932,24200000000.0,1140000000.0,10.68,-93.01
4e-05,1.7e-05,7e-13,4e-10,5e-11,0.0932,24200000000.0,1140000000.0,10.68,-93.39
4e-05,1.7e-05,7e-13,4e-10,2e-10,0.0932,24200000000.0,1140000000.0,10.68,-93.61
4e-05,1.7e-05,7e-13,4e-10,2.5e-10,0.0932,24200000000.0,1140000000.0,10.68,-93.67
4e-05,1.7e-05,7e-13,3e-10,1e-10,0.0932,27700000000.0,1440000000.0,10.01,-86.14
4e-05,1.7e-05,7e-13,3e-10,5e-11,0.0932,27700000000.0,1440000000.0,10.01,-86.19
4e-05,1.7e-05,7e-13,3e-10,2.5e-10,0.0932,27700000000.0,1440000000.0,10.02,-86.24
4e-05,1.7e-05,7e-13,3.5e-10,1e-10,0.0932,25700000000.0,1270000000.0,10.4,-89.73
4e-05,1.7e-05,7e-13,3.5e-10,5e-11,0.0932,25700000000.0,1260000000.0,10.4,-89.8
4e-05,1.7e-05,7e-13,3.5e-10,1.5e-10,0.0932,25700000000.0,1260000000.0,10.4,-89.84
4e-05,1.7e-05,7e-13,3.5e-10,2e-10,0.0932,25700000000.0,1260000000.0,10.4,-89.77
4e-05,1.7e-05,7e-13,3.5e-10,2.5e-10,0.0932,25700000000.0,1260000000.0,10.4,-89.55
4e-05,1.7e-05,7e-13,4.5e-10,5e-11,0.0932,23100000000.0,1050000000.0,10.9,-95.43
4e-05,1.7e-05,7e-13,4.5e-10,1.5e-10,0.0932,23100000000.0,1050000000.0,10.9,-95.47
4e-05,1.7e-05,7e-13,4.5e-10,2e-10,0.0932,23100000000.0,1050000000.0,10.9,-95.45
4e-05,1.7e-05,7e-13,4.5e-10,2.5e-10,0.0932,23100000000.0,1050000000.0,10.9,-95.5
4e-05,1.7e-05,7e-13,5e-10,1e-10,0.0932,22100000000.0,979000000.0,11.09,-95.0
4e-05,1.7e-05,7e-13,5e-10,5e-11,0.0932,22100000000.0,981000000.0,11.09,-94.51
4e-05,1.7e-05,7e-13,5e-10,1.5e-10,0.0932,22100000000.0,980000000.0,11.09,-94.35
4e-05,1.7e-05,7e-13,5e-10,2e-10,0.0932,22100000000.0,979000000.0,11.09,-94.65
4e-05,1.7e-05,7e-13,5e-10,2.5e-10,0.0932,22100000000.0,980000000.0,11.09,-94.83
4e-05,1.8e-05,5e-13,4e-10,1e-10,0.0932,24100000000.0,1150000000.0,10.68,-93.43
4e-05,1.8e-05,5e-13,4e-10,5e-11,0.0932,24100000000.0,1150000000.0,10.68,-93.65
4e-05,1.8e-05,5e-13,4e-10,1.5e-10,0.0932,24100000000.0,1150000000.0,10.68,-93.83
4e-05,1.8e-05,5e-13,3e-10,1e-10,0.0932,27600000000.0,1450000000.0,10.01,-86.4
4e-05,1.8e-05,5e-13,3e-10,5e-11,0.0932,27600000000.0,1450000000.0,10.01,-86.57
4e-05,1.8e-05,5e-13,3e-10,1.5e-10,0.0932,27600000000.0,1450000000.0,10.01,-86.42
4e-05,1.8e-05,5e-13,3e-10,2e-10,0.0932,27600000000.0,1450000000.0,10.01,-86.65
4e-05,1.8e-05,5e-13,3e-10,2.5e-10,0.0932,27600000000.0,1450000000.0,10.01,-86.53
4e-05,1.8e-05,5e-13,3.5e-10,1e-10,0.0932,25600000000.0,1270000000.0,10.4,-90.1
4e-05,1.8e-05,5e-13,3.5e-10,1.5e-10,0.0932,25600000000.0,1270000000.0,10.4,-90.23
4e-05,1.8e-05,5e-13,3.5e-10,2e-10,0.0932,25600000000.0,1270000000.0,10.4,-90.34
4e-05,1.8e-05,5e-13,3.5e-10,2.5e-10,0.0932,25600000000.0,1270000000.0,10.4,-90.21
4e-05,1.8e-05,5e-13,4.5e-10,1e-10,0.0932,23000000000.0,1060000000.0,10.9,-95.58
4e-05,1.8e-05,5e-13,4.5e-10,5e-11,0.0932,23000000000.0,1060000000.0,10.9,-95.44
4e-05,1.8e-05,5e-13,4.5e-10,1.5e-10,0.0932,23000000000.0,1060000000.0,10.9,-95.57
4e-05,1.8e-05,5e-13,4.5e-10,2.5e-10,0.0932,23000000000.0,1060000000.0,10.9,-95.6
4e-05,1.8e-05,5e-13,5e-10,1e-10,0.0932,22000000000.0,992000000.0,11.09,-94.88
4e-05,1.8e-05,5e-13,5e-10,5e-11,0.0932,22000000000.0,992000000.0,11.09,-94.87
4e-05,1.8e-05,5e-13,5e-10,1.5e-10,0.0932,22000000000.0,988000000.0,11.09,-94.64
4e-05,1.8e-05,5e-13,5e-10,2e-10,0.0932,22000000000.0,986000000.0,11.09,-94.87
4e-05,1.8e-05,5e-13,5e-10,2.5e-10,0.0932,22000000000.0,992000000.0,11.09,-94.79
4e-05,1.8e-05,3e-13,4e-10,1e-10,0.0932,24200000000.0,1150000000.0,10.68,-94.12
4e-05,1.8e-05,3e-13,4e-10,5e-11,0.0932,24200000000.0,1150000000.0,10.68,-93.56
4e-05,1.8e-05,3e-13,4e-10,1.5e-10,0.0932,24100000000.0,1150000000.0,10.68,-93.89
4e-05,1.8e-05,3e-13,4e-10,2e-10,0.0932,24100000000.0,1150000000.0,10.68,-93.84
4e-05,1.8e-05,3e-13,4e-10,2.5e-10,0.0932,24100000000.0,1150000000.0,10.68,-93.69
4e-05,1.8e-05,3e-13,3e-10,1e-10,0.0932,27600000000.0,1450000000.0,10.01,-86.7
4e-05,1.8e-05,3e-13,3e-10,5e-11,0.0932,27600000000.0,1450000000.0,10.01,-86.59
4e-05,1.8e-05,3e-13,3e-10,1.5e-10,0.0932,27600000000.0,1450000000.0,10.01,-86.51
4e-05,1.8e-05,3e-13,3e-10,2e-10,0.0932,27600000000.0,1450000000.0,10.01,-86.56
4e-05,1.8e-05,3e-13,3e-10,2.5e-10,0.0932,27600000000.0,1450000000.0,10.01,-86.54
4e-05,1.8e-05,3e-13,3.5e-10,1e-10,0.0932,25600000000.0,1270000000.0,10.4,-90.18
4e-05,1.8e-05,3e-13,3.5e-10,5e-11,0.0932,25600000000.0,1270000000.0,10.4,-90.47
4e-05,1.8e-05,3e-13,3.5e-10,1.5e-10,0.0932,25600000000.0,1270000000.0,10.4,-90.39
4e-05,1.8e-05,3e-13,3.5e-10,2e-10,0.0932,25600000000.0,1270000000.0,10.4,-90.43
4e-05,1.8e-05,3e-13,3.5e-10,2.5e-10,0.0932,25600000000.0,1270000000.0,10.4,-90.2
4e-05,1.8e-05,3e-13,4.5e-10,1e-10,0.0932,23000000000.0,1060000000.0,10.9,-95.45
4e-05,1.8e-05,3e-13,4.5e-10,1.5e-10,0.0932,23000000000.0,1060000000.0,10.9,-95.46
4e-05,1.8e-05,3e-13,4.5e-10,2e-10,0.0932,23000000000.0,1060000000.0,10.9,-95.51
4e-05,1.8e-05,3e-13,4.5e-10,2.5e-10,0.0932,23000000000.0,1060000000.0,10.91,-95.54
4e-05,1.8e-05,3e-13,5e-10,1e-10,0.0932,22000000000.0,986000000.0,11.09,-94.89
4e-05,1.8e-05,3e-13,5e-10,5e-11,0.0932,22100000000.0,985000000.0,11.09,-94.82
4e-05,1.8e-05,3e-13,5e-10,1.5e-10,0.0932,22000000000.0,986000000.0,11.09,-94.71
4e-05,1.8e-05,3e-13,5e-10,2e-10,0.0932,22000000000.0,991000000.0,11.09,-94.82
4e-05,1.8e-05,3e-13,5e-10,2.5e-10,0.0932,22000000000.0,988000000.0,11.09,-94.58
4e-05,1.8e-05,4e-13,4e-10,5e-11,0.0932,24100000000.0,1150000000.0,10.68,-93.18
4e-05,1.8e-05,4e-13,4e-10,1.5e-10,0.0932,24100000000.0,1150000000.0,10.68,-94.07
4e-05,1.8e-05,4e-13,4e-10,2e-10,0.0932,24100000000.0,1150000000.0,10.68,-93.45
4e-05,1.8e-05,4e-13,4e-10,2.5e-10,0.0932,24100000000.0,1150000000.0,10.68,-94.13
4e-05,1.8e-05,4e-13,3e-10,1.5e-10,0.0932,27600000000.0,1450000000.0,10.01,-86.47
4e-05,1.8e-05,4e-13,3e-10,2e-10,0.0932,27600000000.0,1450000000.0,10.01,-86.45
4e-05,1.8e-05,4e-13,3.5e-10,1e-10,0.0932,25600000000.0,1270000000.0,10.4,-90.22
4e-05,1.8e-05,4e-13,3.5e-10,5e-11,0.0932,25600000000.0,1270000000.0,10.4,-90.37
4e-05,1.8e-05,4e-13,3.5e-10,1.5e-10,0.0932,25600000000.0,1270000000.0,10.4,-90.17
4e-05,1.8e-05,4e-13,3.5e-10,2.5e-10,0.0932,25600000000.0,1270000000.0,10.4,-90.03
4e-05,1.8e-05,4e-13,4.5e-10,1e-10,0.0932,23000000000.0,1060000000.0,10.9,-95.55
4e-05,1.8e-05,4e-13,4.5e-10,5e-11,0.0932,23000000000.0,1060000000.0,10.91,-95.6
4e-05,1.8e-05,4e-13,4.5e-10,1.5e-10,0.0932,23000000000.0,1060000000.0,10.91,-95.59
4e-05,1.8e-05,4e-13,4.5e-10,2e-10,0.0932,23000000000.0,1050000000.0,10.9,-94.77
4e-05,1.8e-05,4e-13,4.5e-10,2.5e-10,0.0932,23000000000.0,1060000000.0,10.9,-95.52
4e-05,1.8e-05,4e-13,5e-10,1e-10,0.0932,22000000000.0,992000000.0,11.09,-94.22
4e-05,1.8e-05,4e-13,5e-10,5e-11,0.0932,22000000000.0,989000000.0,11.09,-94.69
4e-05,1.8e-05,4e-13,5e-10,1.5e-10,0.0932,22000000000.0,993000000.0,11.09,-90.17
4e-05,1.8e-05,4e-13,5e-10,2e-10,0.0932,22000000000.0,987000000.0,11.09,-94.73
4e-05,1.8e-05,4e-13,5e-10,2.5e-10,0.0932,22000000000.0,987000000.0,11.09,-93.89
4e-05,1.8e-05,6e-13,4e-10,5e-11,0.0932,24100000000.0,1150000000.0,10.68,-93.39
4e-05,1.8e-05,6e-13,4e-10,1.5e-10,0.0932,24100000000.0,1150000000.0,10.68,-93.55
4e-05,1.8e-05,6e-13,4e-10,2e-10,0.0932,24100000000.0,1150000000.0,10.68,-93.79
4e-05,1.8e-05,6e-13,3e-10,1e-10,0.0932,27600000000.0,1450000000.0,10.01,-86.38
4e-05,1.8e-05,6e-13,3e-10,5e-11,0.0932,27600000000.0,1450000000.0,10.01,-86.44
4e-05,1.8e-05,6e-13,3e-10,1.5e-10,0.0932,27600000000.0,1450000000.0,10.01,-86.39
4e-05,1.8e-05,6e-13,3e-10,2e-10,0.0932,27600000000.0,1450000000.0,10.01,-86.46
4e-05,1.8e-05,6e-13,3.5e-10,1e-10,0.0932,25600000000.0,1270000000.0,10.4,-89.98
4e-05,1.8e-05,6e-13,3.5e-10,5e-11,0.0932,25600000000.0,1270000000.0,10.4,-90.16
4e-05,1.8e-05,6e-13,3.5e-10,2e-10,0.0932,25600000000.0,1270000000.0,10.4,-90.29
4e-05,1.8e-05,6e-13,3.5e-10,2.5e-10,0.0932,25600000000.0,1270000000.0,10.4,-89.93
4e-05,1.8e-05,6e-13,4.5e-10,2.5e-10,0.0932,23000000000.0,1060000000.0,10.9,-95.54
4e-05,1.8e-05,6e-13,5e-10,1e-10,0.0932,22000000000.0,985000000.0,11.09,-94.74
4e-05,1.8e-05,6e-13,5e-10,5e-11,0.0932,22000000000.0,991000000.0,11.09,-94.83
4e-05,1.8e-05,6e-13,5e-10,1.5e-10,0.0932,22000000000.0,985000000.0,11.09,-94.73
4e-05,1.8e-05,6e-13,5e-10,2e-10,0.0932,22000000000.0,988000000.0,11.09,-94.66
4e-05,1.8e-05,6e-13,5e-10,2.5e-10,0.0932,22000000000.0,990000000.0,11.09,-94.45
4e-05,1.8e-05,7e-13,4e-10,1e-10,0.0932,24100000000.0,1150000000.0,10.68,-93.67
4e-05,1.8e-05,7e-13,4e-10,5e-11,0.0932,24100000000.0,1150000000.0,10.68,-93.68
4e-05,1.8e-05,7e-13,4e-10,1.5e-10,0.0932,24100000000.0,1150000000.0,10.68,-93.71
4e-05,1.8e-05,7e-13,4e-10,2e-10,0.0932,24100000000.0,1150000000.0,10.68,-93.87
4e-05,1.8e-05,7e-13,3e-10,1e-10,0.0932,27600000000.0,1450000000.0,10.01,-86.5
4e-05,1.8e-05,7e-13,3e-10,5e-11,0.0932,27600000000.0,1450000000.0,10.01,-86.6
4e-05,1.8e-05,7e-13,3e-10,2e-10,0.0932,27600000000.0,1450000000.0,10.01,-86.55
4e-05,1.8e-05,7e-13,3.5e-10,1e-10,0.0932,25600000000.0,1270000000.0,10.4,-90.12
4e-05,1.8e-05,7e-13,3.5e-10,5e-11,0.0932,25600000000.0,1270000000.0,10.4,-88.87
4e-05,1.8e-05,7e-13,3.5e-10,2e-10,0.0932,25600000000.0,1270000000.0,10.4,-90.28
4e-05,1.8e-05,7e-13,3.5e-10,2.5e-10,0.0932,25600000000.0,1270000000.0,10.4,-90.01
4e-05,1.8e-05,7e-13,4.5e-10,1e-10,0.0932,23000000000.0,1060000000.0,10.9,-95.56
4e-05,1.8e-05,7e-13,4.5e-10,5e-11,0.0932,23000000000.0,1050000000.0,10.9,-95.41
4e-05,1.8e-05,7e-13,4.5e-10,2e-10,0.0932,23000000000.0,1060000000.0,10.9,-95.49
4e-05,1.8e-05,7e-13,4.5e-10,2.5e-10,0.0932,23000000000.0,1060000000.0,10.9,-95.59
4e-05,1.8e-05,7e-13,5e-10,1e-10,0.0932,22000000000.0,987000000.0,11.09,-94.68
4e-05,1.8e-05,7e-13,5e-10,5e-11,0.0932,22000000000.0,990000000.0,11.09,-94.8
4e-05,1.8e-05,7e-13,5e-10,1.5e-10,0.0932,22000000000.0,987000000.0,11.09,-94.57
4e-05,1.8e-05,7e-13,5e-10,2e-10,0.0932,22000000000.0,985000000.0,11.09,-94.35
4e-05,1.8e-05,7e-13,5e-10,2.5e-10,0.0932,22000000000.0,988000000.0,11.09,-94.63
4e-05,1.9e-05,5e-13,4e-10,1e-10,0.0932,24100000000.0,1150000000.0,10.68,-93.82
4e-05,1.9e-05,5e-13,4e-10,5e-11,0.0932,24100000000.0,1150000000.0,10.67,-93.82
4e-05,1.9e-05,5e-13,4e-10,1.5e-10,0.0932,24100000000.0,1150000000.0,10.67,-93.95
4e-05,1.9e-05,5e-13,4e-10,2.5e-10,0.0932,24100000000.0,1150000000.0,10.67,-93.75
4e-05,1.9e-05,5e-13,3e-10,1e-10,0.0932,27500000000.0,1450000000.0,10.0,-86.63
4e-05,1.9e-05,5e-13,3e-10,5e-11,0.0932,27500000000.0,1450000000.0,10.0,-86.8
4e-05,1.9e-05,5e-13,3e-10,1.5e-10,0.0932,27500000000.0,1450000000.0,10.0,-86.77
4e-05,1.9e-05,5e-13,3e-10,2.5e-10,0.0932,27500000000.0,1450000000.0,10.0,-86.62
4e-05,1.9e-05,5e-13,3.5e-10,1e-10,0.0932,25500000000.0,1270000000.0,10.39,-90.39
4e-05,1.9e-05,5e-13,3.5e-10,5e-11,0.0932,25500000000.0,1280000000.0,10.39,-90.57
4e-05,1.9e-05,5e-13,3.5e-10,1.5e-10,0.0932,25500000000.0,1270000000.0,10.39,-90.46
4e-05,1.9e-05,5e-13,3.5e-10,2e-10,0.0932,25500000000.0,1270000000.0,10.39,-90.29
4e-05,1.9e-05,5e-13,3.5e-10,2.5e-10,0.0932,25500000000.0,1270000000.0,10.39,-90.62
4e-05,1.9e-05,5e-13,4.5e-10,1e-10,0.0932,22900000000.0,1060000000.0,10.9,-95.51
4e-05,1.9e-05,5e-13,4.5e-10,5e-11,0.0932,22900000000.0,1060000000.0,10.9,-95.58
4e-05,1.9e-05,5e-13,4.5e-10,2e-10,0.0932,22900000000.0,1060000000.0,10.9,-95.03
4e-05,1.9e-05,5e-13,4.5e-10,2.5e-10,0.0932,22900000000.0,1060000000.0,10.9,-95.62
4e-05,1.9e-05,5e-13,5e-10,1e-10,0.0932,22000000000.0,994000000.0,11.09,-94.37
4e-05,1.9e-05,5e-13,5e-10,5e-11,0.0932,22000000000.0,992000000.0,11.09,-94.54
4e-05,1.9e-05,5e-13,5e-10,1.5e-10,0.0932,22000000000.0,993000000.0,11.09,-94.62
4e-05,1.9e-05,5e-13,5e-10,2e-10,0.0932,22000000000.0,996000000.0,11.09,-90.39
4e-05,1.9e-05,5e-13,5e-10,2.5e-10,0.0932,22000000000.0,989000000.0,11.09,-94.39
4e-05,1.9e-05,3e-13,4e-10,1e-10,0.0932,24100000000.0,1150000000.0,10.68,-94.08
4e-05,1.9e-05,3e-13,4e-10,5e-11,0.0932,24100000000.0,1150000000.0,10.68,-94.23
4e-05,1.9e-05,3e-13,4e-10,2e-10,0.0932,24100000000.0,1160000000.0,10.68,-94.44
4e-05,1.9e-05,3e-13,4e-10,2.5e-10,0.0932,24100000000.0,1150000000.0,10.68,-93.88
4e-05,1.9e-05,3e-13,3e-10,1e-10,0.0932,27500000000.0,1450000000.0,10.0,-86.91
4e-05,1.9e-05,3e-13,3e-10,5e-11,0.0932,27500000000.0,1450000000.0,10.0,-86.84
4e-05,1.9e-05,3e-13,3e-10,1.5e-10,0.0932,27500000000.0,1450000000.0,10.0,-86.89
4e-05,1.9e-05,3e-13,3e-10,2e-10,0.0932,27500000000.0,1450000000.0,10.0,-86.83
4e-05,1.9e-05,3e-13,3.5e-10,1e-10,0.0932,25500000000.0,1280000000.0,10.39,-90.4
4e-05,1.9e-05,3e-13,3.5e-10,5e-11,0.0932,25500000000.0,1270000000.0,10.39,-90.71
4e-05,1.9e-05,3e-13,3.5e-10,1.5e-10,0.0932,25500000000.0,1270000000.0,10.39,-90.42
4e-05,1.9e-05,3e-13,3.5e-10,2.5e-10,0.0932,25500000000.0,1280000000.0,10.39,-90.43
4e-05,1.9e-05,3e-13,4.5e-10,5e-11,0.0932,22900000000.0,1060000000.0,10.9,-95.55
4e-05,1.9e-05,3e-13,4.5e-10,2e-10,0.0932,22900000000.0,1060000000.0,10.9,-95.63
4e-05,1.9e-05,3e-13,4.5e-10,2.5e-10,0.0932,22900000000.0,1070000000.0,10.9,-95.59
4e-05,1.9e-05,3e-13,5e-10,1e-10,0.0932,22000000000.0,992000000.0,11.09,-94.56
4e-05,1.9e-05,3e-13,5e-10,5e-11,0.0932,22000000000.0,994000000.0,11.09,-94.21
4e-05,1.9e-05,3e-13,5e-10,1.5e-10,0.0932,22000000000.0,990000000.0,11.09,-94.16
4e-05,1.9e-05,3e-13,5e-10,2e-10,0.0932,22000000000.0,994000000.0,11.09,-94.55
4e-05,1.9e-05,3e-13,5e-10,2.5e-10,0.0932,22000000000.0,993000000.0,11.09,-94.51
4e-05,1.9e-05,4e-13,4e-10,5e-11,0.0932,24100000000.0,1150000000.0,10.68,-94.41
4e-05,1.9e-05,4e-13,4e-10,2e-10,0.0932,24100000000.0,1150000000.0,10.67,-93.42
4e-05,1.9e-05,4e-13,4e-10,2.5e-10,0.0932,24100000000.0,1150000000.0,10.68,-93.86
4e-05,1.9e-05,4e-13,3e-10,1e-10,0.0932,27500000000.0,1450000000.0,10.0,-86.81
4e-05,1.9e-05,4e-13,3e-10,5e-11,0.0932,27500000000.0,1450000000.0,10.0,-86.73
4e-05,1.9e-05,4e-13,3e-10,1.5e-10,0.0932,27500000000.0,1450000000.0,10.0,-86.65
4e-05,1.9e-05,4e-13,3e-10,2e-10,0.0932,27500000000.0,1450000000.0,10.0,-86.7
4e-05,1.9e-05,4e-13,3.5e-10,1e-10,0.0932,25500000000.0,1270000000.0,10.39,-90.33
4e-05,1.9e-05,4e-13,3.5e-10,5e-11,0.0932,25500000000.0,1280000000.0,10.39,-90.5
4e-05,1.9e-05,4e-13,3.5e-10,2e-10,0.0932,25500000000.0,1270000000.0,10.39,-90.36
4e-05,1.9e-05,4e-13,3.5e-10,2.5e-10,0.0932,25500000000.0,1270000000.0,10.39,-90.48
4e-05,1.9e-05,4e-13,4.5e-10,1e-10,0.0932,22900000000.0,1070000000.0,10.9,-95.48
4e-05,1.9e-05,4e-13,4.5e-10,5e-11,0.0932,22900000000.0,1060000000.0,10.9,-95.48
4e-05,1.9e-05,4e-13,4.5e-10,1.5e-10,0.0932,22900000000.0,1060000000.0,10.9,-95.52
4e-05,1.9e-05,4e-13,4.5e-10,2e-10,0.0932,22900000000.0,1070000000.0,10.9,-95.62
4e-05,1.9e-05,4e-13,4.5e-10,2.5e-10,0.0932,22900000000.0,1060000000.0,10.9,-95.56
4e-05,1.9e-05,4e-13,5e-10,1e-10,0.0932,22000000000.0,987000000.0,11.09,-94.47
4e-05,1.9e-05,4e-13,5e-10,5e-11,0.0932,22000000000.0,995000000.0,11.09,-94.11
4e-05,1.9e-05,4e-13,5e-10,1.5e-10,0.0932,22000000000.0,995000000.0,11.09,-94.59
4e-05,1.9e-05,4e-13,5e-10,2e-10,0.0932,22000000000.0,992000000.0,11.09,-94.67
4e-05,1.9e-05,4e-13,5e-10,2.5e-10,0.0932,22000000000.0,992000000.0,11.09,-94.51
4e-05,1.9e-05,6e-13,4e-10,1e-10,0.0932,24100000000.0,1150000000.0,10.67,-93.97
4e-05,1.9e-05,6e-13,4e-10,5e-11,0.0932,24100000000.0,1150000000.0,10.67,-94.28
4e-05,1.9e-05,6e-13,4e-10,1.5e-10,0.0932,24100000000.0,1150000000.0,10.68,-94.38
4e-05,1.9e-05,6e-13,4e-10,2e-10,0.0932,24100000000.0,1150000000.0,10.68,-94.33
4e-05,1.9e-05,6e-13,4e-10,2.5e-10,0.0932,24100000000.0,1150000000.0,10.68,-94.15
4e-05,1.9e-05,6e-13,3e-10,5e-11,0.0932,27500000000.0,1450000000.0,10.0,-86.67
4e-05,1.9e-05,6e-13,3e-10,1.5e-10,0.0932,27500000000.0,1450000000.0,10.0,-86.75
4e-05,1.9e-05,6e-13,3e-10,2e-10,0.0932,27500000000.0,1450000000.0,10.0,-86.76
4e-05,1.9e-05,6e-13,3.5e-10,1e-10,0.0932,25500000000.0,1270000000.0,10.39,-90.26
4e-05,1.9e-05,6e-13,3.5e-10,1.5e-10,0.0932,25500000000.0,1270000000.0,10.39,-90.35
4e-05,1.9e-05,6e-13,3.5e-10,2e-10,0.0932,25500000000.0,1280000000.0,10.39,-90.35
4e-05,1.9e-05,6e-13,3.5e-10,2.5e-10,0.0932,25500000000.0,1280000000.0,10.39,-90.36
4e-05,1.9e-05,6e-13,4.5e-10,1e-10,0.0932,22900000000.0,1060000000.0,10.9,-95.61
4e-05,1.9e-05,6e-13,4.5e-10,1.5e-10,0.0932,22900000000.0,1060000000.0,10.9,-95.43
4e-05,1.9e-05,6e-13,4.5e-10,2.5e-10,0.0932,22900000000.0,1060000000.0,10.9,-95.59
4e-05,1.9e-05,6e-13,5e-10,1e-10,0.0932,22000000000.0,992000000.0,11.09,-94.49
4e-05,1.9e-05,6e-13,5e-10,5e-11,0.0932,22000000000.0,992000000.0,11.09,-94.55
4e-05,1.9e-05,6e-13,5e-10,2e-10,0.0932,22000000000.0,987000000.0,11.09,-94.49
4e-05,1.9e-05,6e-13,5e-10,2.5e-10,0.0932,22000000000.0,986000000.0,11.09,-94.48
4e-05,1.9e-05,7e-13,4e-10,1e-10,0.0932,24100000000.0,1150000000.0,10.67,-94.0
4e-05,1.9e-05,7e-13,4e-10,5e-11,0.0932,24100000000.0,1150000000.0,10.68,-94.34
4e-05,1.9e-05,7e-13,3e-10,1.5e-10,0.0932,27500000000.0,1450000000.0,10.0,-86.71
4e-05,1.9e-05,7e-13,3e-10,2e-10,0.0932,27500000000.0,1450000000.0,10.0,-86.69
4e-05,1.9e-05,7e-13,3.5e-10,1e-10,0.0932,25500000000.0,1270000000.0,10.39,-90.19
4e-05,1.9e-05,7e-13,3.5e-10,5e-11,0.0932,25500000000.0,1270000000.0,10.39,-90.51
4e-05,1.9e-05,7e-13,3.5e-10,1.5e-10,0.0932,25500000000.0,1270000000.0,10.39,-90.21
4e-05,1.9e-05,7e-13,3.5e-10,2e-10,0.0932,25500000000.0,1270000000.0,10.39,-90.38
4e-05,1.9e-05,7e-13,4.5e-10,1e-10,0.0932,22900000000.0,1060000000.0,10.9,-95.6
4e-05,1.9e-05,7e-13,5e-10,1e-10,0.0932,22000000000.0,992000000.0,11.09,-94.52
4e-05,1.9e-05,7e-13,5e-10,5e-11,0.0932,22000000000.0,986000000.0,11.09,-94.29
4e-05,1.9e-05,7e-13,5e-10,1.5e-10,0.0932,22000000000.0,996000000.0,11.09,-94.72
4e-05,1.9e-05,7e-13,5e-10,2e-10,0.0932,22000000000.0,993000000.0,11.09,-95.02
4e-05,1.9e-05,7e-13,5e-10,2.5e-10,0.0932,22000000000.0,996000000.0,11.09,-94.56
4e-05,2e-05,5e-13,4e-10,1e-10,0.0932,24000000000.0,1150000000.0,10.67,-94.56
4e-05,2e-05,5e-13,4e-10,5e-11,0.0932,24000000000.0,1150000000.0,10.67,-94.44
4e-05,2e-05,5e-13,4e-10,1.5e-10,0.0932,24000000000.0,1140000000.0,10.67,-94.17
4e-05,2e-05,5e-13,4e-10,2e-10,0.0932,24000000000.0,1150000000.0,10.67,-93.95
4e-05,2e-05,5e-13,4e-10,2.5e-10,0.0932,24000000000.0,1150000000.0,10.67,-94.58
4e-05,2e-05,5e-13,3e-10,1e-10,0.0932,27400000000.0,1440000000.0,9.98,-86.85
4e-05,2e-05,5e-13,3e-10,5e-11,0.0932,27400000000.0,1450000000.0,9.98,-87.06
4e-05,2e-05,5e-13,3e-10,1.5e-10,0.0932,27400000000.0,1440000000.0,9.98,-87.01
4e-05,2e-05,5e-13,3e-10,2e-10,0.0932,27400000000.0,1440000000.0,9.98,-86.91
4e-05,2e-05,5e-13,3.5e-10,1e-10,0.0932,25400000000.0,1270000000.0,10.38,-90.78
4e-05,2e-05,5e-13,3.5e-10,5e-11,0.0932,25400000000.0,1270000000.0,10.38,-90.84
4e-05,2e-05,5e-13,3.5e-10,1.5e-10,0.0932,25400000000.0,1270000000.0,10.38,-90.75
4e-05,2e-05,5e-13,3.5e-10,2e-10,0.0932,25400000000.0,1270000000.0,10.38,-90.8
4e-05,2e-05,5e-13,3.5e-10,2.5e-10,0.0932,25400000000.0,1270000000.0,10.38,-90.82
4e-05,2e-05,5e-13,4.5e-10,1e-10,0.0932,22800000000.0,1060000000.0,10.9,-95.61
4e-05,2e-05,5e-13,4.5e-10,5e-11,0.0932,22800000000.0,1060000000.0,10.89,-95.58
4e-05,2e-05,5e-13,4.5e-10,2e-10,0.0932,22800000000.0,1060000000.0,10.9,-95.48
4e-05,2e-05,5e-13,4.5e-10,2.5e-10,0.0932,22800000000.0,1060000000.0,10.9,-95.6
4e-05,2e-05,5e-13,5e-10,1e-10,0.0932,21900000000.0,988000000.0,11.09,-94.31
4e-05,2e-05,5e-13,5e-10,5e-11,0.0932,21900000000.0,990000000.0,11.09,-94.36
4e-05,2e-05,5e-13,5e-10,1.5e-10,0.0932,21900000000.0,989000000.0,11.09,-94.57
4e-05,2e-05,5e-13,5e-10,2e-10,0.0932,21900000000.0,987000000.0,11.09,-94.29
4e-05,2e-05,5e-13,5e-10,2.5e-10,0.0932,21900000000.0,991000000.0,11.09,-94.25
4e-05,2e-05,3e-13,4e-10,1e-10,0.0932,24000000000.0,1150000000.0,10.67,-94.48
4e-05,2e-05,3e-13,4e-10,5e-11,0.0932,24000000000.0,1150000000.0,10.67,-94.52
4e-05,2e-05,3e-13,4e-10,1.5e-10,0.0932,24000000000.0,1150000000.0,10.67,-94.05
4e-05,2e-05,3e-13,4e-10,2e-10,0.0932,24000000000.0,1150000000.0,10.67,-94.35
4e-05,2e-05,3e-13,4e-10,2.5e-10,0.0932,24000000000.0,1150000000.0,10.67,-94.02
4e-05,2e-05,3e-13,3e-10,1e-10,0.0932,27400000000.0,1440000000.0,9.98,-87.09
4e-05,2e-05,3e-13,3e-10,5e-11,0.0932,27400000000.0,1440000000.0,9.98,-87.15
4e-05,2e-05,3e-13,3e-10,1.5e-10,0.0932,27400000000.0,1440000000.0,9.98,-87.08
4e-05,2e-05,3e-13,3e-10,2.5e-10,0.0932,27400000000.0,1440000000.0,9.98,-87.07
4e-05,2e-05,3e-13,3.5e-10,1e-10,0.0932,25500000000.0,1270000000.0,10.38,-90.81
4e-05,2e-05,3e-13,3.5e-10,5e-11,0.0932,25500000000.0,1270000000.0,10.38,-91.02
4e-05,2e-05,3e-13,3.5e-10,1.5e-10,0.0932,25500000000.0,1270000000.0,10.38,-90.75
4e-05,2e-05,3e-13,3.5e-10,2e-10,0.0932,25500000000.0,1270000000.0,10.38,-90.92
4e-05,2e-05,3e-13,3.5e-10,2.5e-10,0.0932,25400000000.0,1270000000.0,10.38,-90.69
4e-05,2e-05,3e-13,4.5e-10,1e-10,0.0932,22800000000.0,1060000000.0,10.9,-95.56
4e-05,2e-05,3e-13,4.5e-10,5e-11,0.0932,22800000000.0,1060000000.0,10.9,-95.58
4e-05,2e-05,3e-13,4.5e-10,1.5e-10,0.0932,22800000000.0,1060000000.0,10.9,-95.54
4e-05,2e-05,3e-13,5e-10,1e-10,0.0932,21900000000.0,990000000.0,11.09,-94.37
4e-05,2e-05,3e-13,5e-10,5e-11,0.0932,21900000000.0,990000000.0,11.09,-94.27
4e-05,2e-05,3e-13,5e-10,1.5e-10,0.0932,21900000000.0,995000000.0,11.09,-94.1
4e-05,2e-05,3e-13,5e-10,2e-10,0.0932,21900000000.0,989000000.0,11.09,-94.55
4e-05,2e-05,3e-13,5e-10,2.5e-10,0.0932,21900000000.0,989000000.0,11.09,-94.28
4e-05,2e-05,4e-13,4e-10,1e-10,0.0932,24000000000.0,1150000000.0,10.67,-94.29
4e-05,2e-05,4e-13,4e-10,5e-11,0.0932,24000000000.0,1150000000.0,10.67,-94.34
4e-05,2e-05,4e-13,4e-10,1.5e-10,0.0932,24000000000.0,1150000000.0,10.67,-94.32
4e-05,2e-05,4e-13,4e-10,2e-10,0.0932,24000000000.0,1150000000.0,10.67,-94.06
4e-05,2e-05,4e-13,4e-10,2.5e-10,0.0932,24000000000.0,1150000000.0,10.67,-94.15
4e-05,2e-05,4e-13,3e-10,1e-10,0.0932,27400000000.0,1440000000.0,9.98,-86.96
4e-05,2e-05,4e-13,3e-10,2e-10,0.0932,27400000000.0,1440000000.0,9.98,-86.98
4e-05,2e-05,4e-13,3e-10,2.5e-10,0.0932,27400000000.0,1450000000.0,9.98,-86.97
4e-05,2e-05,4e-13,3.5e-10,1e-10,0.0932,25400000000.0,1270000000.0,10.38,-90.83
4e-05,2e-05,4e-13,3.5e-10,5e-11,0.0932,25400000000.0,1270000000.0,10.38,-90.76
4e-05,2e-05,4e-13,3.5e-10,1.5e-10,0.0932,25400000000.0,1270000000.0,10.38,-90.95
4e-05,2e-05,4e-13,4.5e-10,1e-10,0.0932,22800000000.0,1070000000.0,10.9,-93.58
4e-05,2e-05,4e-13,4.5e-10,5e-11,0.0932,22800000000.0,1050000000.0,10.9,-95.6
4e-05,2e-05,4e-13,4.5e-10,2.5e-10,0.0932,22800000000.0,1060000000.0,10.9,-95.62
4e-05,2e-05,4e-13,5e-10,1e-10,0.0932,21900000000.0,992000000.0,11.09,-94.76
4e-05,2e-05,4e-13,5e-10,1.5e-10,0.0932,21900000000.0,994000000.0,11.09,-94.03
4e-05,2e-05,4e-13,5e-10,2e-10,0.0932,21900000000.0,992000000.0,11.09,-94.74
4e-05,2e-05,4e-13,5e-10,2.5e-10,0.0932,21900000000.0,994000000.0,11.09,-94.61
4e-05,2e-05,6e-13,4e-10,1e-10,0.0932,24000000000.0,1150000000.0,10.67,-94.17
4e-05,2e-05,6e-13,4e-10,1.5e-10,0.0932,24000000000.0,1150000000.0,10.67,-94.25
4e-05,2e-05,6e-13,4e-10,2.5e-10,0.0932,24000000000.0,1150000000.0,10.67,-94.04
4e-05,2e-05,6e-13,3e-10,5e-11,0.0932,27400000000.0,1440000000.0,9.98,-86.97
4e-05,2e-05,6e-13,3e-10,2e-10,0.0932,27400000000.0,1440000000.0,9.98,-86.9
4e-05,2e-05,6e-13,3e-10,2.5e-10,0.0932,27400000000.0,1440000000.0,9.98,-87.0
4e-05,2e-05,6e-13,3.5e-10,2e-10,0.0932,25400000000.0,1270000000.0,10.38,-90.81
4e-05,2e-05,6e-13,3.5e-10,2.5e-10,0.0932,25400000000.0,1270000000.0,10.38,-90.65
4e-05,2e-05,6e-13,4.5e-10,1e-10,0.0932,22800000000.0,1060000000.0,10.89,-95.59
4e-05,2e-05,6e-13,4.5e-10,2e-10,0.0932,22800000000.0,1060000000.0,10.89,-95.57
4e-05,2e-05,6e-13,5e-10,1e-10,0.0932,21900000000.0,991000000.0,11.09,-94.14
4e-05,2e-05,6e-13,5e-10,5e-11,0.0932,21900000000.0,989000000.0,11.09,-94.4
4e-05,2e-05,6e-13,5e-10,1.5e-10,0.0932,21900000000.0,988000000.0,11.09,-94.58
4e-05,2e-05,6e-13,5e-10,2e-10,0.0932,21900000000.0,995000000.0,11.09,-94.42
4e-05,2e-05,6e-13,5e-10,2.5e-10,0.0932,21900000000.0,995000000.0,11.09,-94.58
4e-05,2e-05,7e-13,4e-10,1e-10,0.0932,24000000000.0,1150000000.0,10.67,-94.22
4e-05,2e-05,7e-13,4e-10,5e-11,0.0932,24000000000.0,1150000000.0,10.67,-94.39
4e-05,2e-05,7e-13,4e-10,1.5e-10,0.0932,24000000000.0,1150000000.0,10.67,-94.18
4e-05,2e-05,7e-13,4e-10,2.5e-10,0.0932,24000000000.0,1150000000.0,10.67,-94.31
4e-05,2e-05,7e-13,3e-10,1e-10,0.0932,27400000000.0,1450000000.0,9.98,-86.92
4e-05,2e-05,7e-13,3e-10,1.5e-10,0.0932,27400000000.0,1440000000.0,9.98,-86.87
4e-05,2e-05,7e-13,3e-10,2.5e-10,0.0932,27400000000.0,1440000000.0,9.98,-86.95
4e-05,2e-05,7e-13,3.5e-10,1e-10,0.0932,25400000000.0,1270000000.0,10.38,-90.77
4e-05,2e-05,7e-13,3.5e-10,5e-11,0.0932,25400000000.0,1270000000.0,10.38,-90.74
4e-05,2e-05,7e-13,3.5e-10,1.5e-10,0.0932,25400000000.0,1270000000.0,10.38,-90.88
4e-05,2e-05,7e-13,4.5e-10,1e-10,0.0932,22800000000.0,1060000000.0,10.9,-95.25
4e-05,2e-05,7e-13,4.5e-10,1.5e-10,0.0932,22800000000.0,1060000000.0,10.9,-95.19
4e-05,2e-05,7e-13,5e-10,1e-10,0.0932,21900000000.0,988000000.0,11.09,-94.57
4e-05,2e-05,7e-13,5e-10,5e-11,0.0932,21900000000.0,987000000.0,11.09,-94.62
4e-05,2e-05,7e-13,5e-10,1.5e-10,0.0932,21900000000.0,995000000.0,11.09,-92.46
4e-05,2e-05,7e-13,5e-10,2.5e-10,0.0932,21900000000.0,991000000.0,11.09,-94.51
4e-05,2.1e-05,5e-13,4e-10,1e-10,0.0932,23900000000.0,1140000000.0,10.66,-93.6
4e-05,2.1e-05,5e-13,4e-10,5e-11,0.0932,23900000000.0,1140000000.0,10.66,-94.56
4e-05,2.1e-05,5e-13,4e-10,1.5e-10,0.0932,23900000000.0,1140000000.0,10.66,-94.72
4e-05,2.1e-05,5e-13,4e-10,2e-10,0.0932,23900000000.0,1140000000.0,10.66,-94.34
4e-05,2.1e-05,5e-13,4e-10,2.5e-10,0.0932,23900000000.0,1140000000.0,10.66,-94.53
4e-05,2.1e-05,5e-13,3e-10,1e-10,0.0932,27300000000.0,1430000000.0,9.96,-87.13
4e-05,2.1e-05,5e-13,3e-10,5e-11,0.0932,27300000000.0,1430000000.0,9.96,-87.08
4e-05,2.1e-05,5e-13,3e-10,1.5e-10,0.0932,27300000000.0,1430000000.0,9.96,-87.15
4e-05,2.1e-05,5e-13,3e-10,2e-10,0.0932,27300000000.0,1430000000.0,9.96,-87.18
4e-05,2.1e-05,5e-13,3e-10,2.5e-10,0.0932,27300000000.0,1430000000.0,9.96,-87.2
4e-05,2.1e-05,5e-13,3.5e-10,1e-10,0.0932,25400000000.0,1260000000.0,10.37,-90.99
4e-05,2.1e-05,5e-13,3.5e-10,5e-11,0.0932,25400000000.0,1260000000.0,10.37,-90.96
4e-05,2.1e-05,5e-13,3.5e-10,2e-10,0.0932,25400000000.0,1260000000.0,10.37,-90.88
4e-05,2.1e-05,5e-13,3.5e-10,2.5e-10,0.0932,25400000000.0,1260000000.0,10.37,-91.09
4e-05,2.1e-05,5e-13,4.5e-10,1e-10,0.0932,22800000000.0,1050000000.0,10.89,-95.61
4e-05,2.1e-05,5e-13,4.5e-10,5e-11,0.0932,22800000000.0,1050000000.0,10.89,-95.6
4e-05,2.1e-05,5e-13,4.5e-10,1.5e-10,0.0932,22800000000.0,1050000000.0,10.89,-95.56
4e-05,2.1e-05,5e-13,4.5e-10,2e-10,0.0932,22800000000.0,1050000000.0,10.89,-95.59
4e-05,2.1e-05,5e-13,4.5e-10,2.5e-10,0.0932,22800000000.0,1050000000.0,10.89,-95.46
4e-05,2.1e-05,5e-13,5e-10,1e-10,0.0932,21800000000.0,989000000.0,11.08,-93.27
4e-05,2.1e-05,5e-13,5e-10,5e-11,0.0932,21800000000.0,981000000.0,11.08,-94.31
4e-05,2.1e-05,5e-13,5e-10,1.5e-10,0.0932,21800000000.0,986000000.0,11.08,-94.31
4e-05,2.1e-05,5e-13,5e-10,2e-10,0.0932,21800000000.0,988000000.0,11.08,-93.82
4e-05,2.1e-05,5e-13,5e-10,2.5e-10,0.0932,21800000000.0,986000000.0,11.08,-94.37
4e-05,2.1e-05,3e-13,4e-10,1e-10,0.0932,23900000000.0,1140000000.0,10.66,-94.25
4e-05,2.1e-05,3e-13,4e-10,5e-11,0.0932,23900000000.0,1140000000.0,10.66,-94.44
4e-05,2.1e-05,3e-13,4e-10,1.5e-10,0.0932,23900000000.0,1140000000.0,10.66,-94.61
4e-05,2.1e-05,3e-13,4e-10,2e-10,0.0932,23900000000.0,1150000000.0,10.66,-94.43
4e-05,2.1e-05,3e-13,4e-10,2.5e-10,0.0932,23900000000.0,1140000000.0,10.66,-94.31
4e-05,2.1e-05,3e-13,3e-10,1e-10,0.0932,27300000000.0,1430000000.0,9.96,-87.24
4e-05,2.1e-05,3e-13,3e-10,5e-11,0.0932,27300000000.0,1430000000.0,9.97,-87.24
4e-05,2.1e-05,3e-13,3e-10,2e-10,0.0932,27300000000.0,1430000000.0,9.96,-87.17
4e-05,2.1e-05,3e-13,3e-10,2.5e-10,0.0932,27300000000.0,1430000000.0,9.96,-87.22
4e-05,2.1e-05,3e-13,3.5e-10,1e-10,0.0932,25400000000.0,1260000000.0,10.37,-91.11
4e-05,2.1e-05,3e-13,3.5e-10,5e-11,0.0932,25400000000.0,1260000000.0,10.37,-91.24
4e-05,2.1e-05,3e-13,3.5e-10,1.5e-10,0.0932,25400000000.0,1260000000.0,10.37,-91.08
4e-05,2.1e-05,3e-13,3.5e-10,2e-10,0.0932,25400000000.0,1260000000.0,10.37,-91.1
4e-05,2.1e-05,3e-13,3.5e-10,2.5e-10,0.0932,25400000000.0,1260000000.0,10.37,-91.16
4e-05,2.1e-05,3e-13,4.5e-10,5e-11,0.0932,22800000000.0,1050000000.0,10.89,-95.52
4e-05,2.1e-05,3e-13,4.5e-10,1.5e-10,0.0932,22800000000.0,1060000000.0,10.89,-95.48
4e-05,2.1e-05,3e-13,4.5e-10,2e-10,0.0932,22800000000.0,1060000000.0,10.89,-95.56
4e-05,2.1e-05,3e-13,5e-10,1e-10,0.0932,21800000000.0,987000000.0,11.08,-94.19
4e-05,2.1e-05,3e-13,5e-10,5e-11,0.0932,21800000000.0,985000000.0,11.08,-94.26
4e-05,2.1e-05,3e-13,5e-10,1.5e-10,0.0932,21800000000.0,987000000.0,11.08,-94.43
4e-05,2.1e-05,3e-13,5e-10,2e-10,0.0932,21800000000.0,983000000.0,11.08,-93.89
4e-05,2.1e-05,3e-13,5e-10,2.5e-10,0.0932,21800000000.0,988000000.0,11.08,-94.49
4e-05,2.1e-05,4e-13,4e-10,5e-11,0.0932,23900000000.0,1140000000.0,10.66,-94.24
4e-05,2.1e-05,4e-13,4e-10,1.5e-10,0.0932,23900000000.0,1140000000.0,10.66,-94.33
4e-05,2.1e-05,4e-13,4e-10,2e-10,0.0932,23900000000.0,1140000000.0,10.66,-94.5
4e-05,2.1e-05,4e-13,4e-10,2.5e-10,0.0932,23900000000.0,1140000000.0,10.66,-94.59
4e-05,2.1e-05,4e-13,3e-10,1.5e-10,0.0932,27300000000.0,1430000000.0,9.96,-87.09
4e-05,2.1e-05,4e-13,3.5e-10,1e-10,0.0932,25400000000.0,1260000000.0,10.37,-91.15
4e-05,2.1e-05,4e-13,3.5e-10,1.5e-10,0.0932,25400000000.0,1260000000.0,10.37,-90.89
4e-05,2.1e-05,4e-13,3.5e-10,2e-10,0.0932,25400000000.0,1260000000.0,10.37,-90.94
4e-05,2.1e-05,4e-13,3.5e-10,2.5e-10,0.0932,25400000000.0,1260000000.0,10.37,-91.19
4e-05,2.1e-05,4e-13,4.5e-10,1e-10,0.0932,22800000000.0,1060000000.0,10.89,-95.55
4e-05,2.1e-05,4e-13,4.5e-10,5e-11,0.0932,22800000000.0,1050000000.0,10.89,-95.53
4e-05,2.1e-05,4e-13,4.5e-10,1.5e-10,0.0932,22800000000.0,1060000000.0,10.89,-95.49
4e-05,2.1e-05,4e-13,5e-10,1e-10,0.0932,21800000000.0,983000000.0,11.08,-94.15
4e-05,2.1e-05,4e-13,5e-10,5e-11,0.0932,21800000000.0,988000000.0,11.08,-93.79
4e-05,2.1e-05,4e-13,5e-10,1.5e-10,0.0932,21800000000.0,982000000.0,11.08,-93.93
4e-05,2.1e-05,4e-13,5e-10,2e-10,0.0932,21800000000.0,984000000.0,11.08,-94.23
4e-05,2.1e-05,4e-13,5e-10,2.5e-10,0.0932,21800000000.0,988000000.0,11.08,-94.51
4e-05,2.1e-05,6e-13,4e-10,1e-10,0.0932,23900000000.0,1140000000.0,10.66,-94.23
4e-05,2.1e-05,6e-13,4e-10,1.5e-10,0.0932,23900000000.0,1140000000.0,10.66,-94.21
4e-05,2.1e-05,6e-13,4e-10,2.5e-10,0.0932,23900000000.0,1140000000.0,10.66,-94.54
4e-05,2.1e-05,6e-13,3e-10,1e-10,0.0932,27300000000.0,1430000000.0,9.96,-87.07
4e-05,2.1e-05,6e-13,3e-10,2e-10,0.0932,27300000000.0,1430000000.0,9.96,-87.21
4e-05,2.1e-05,6e-13,3e-10,2.5e-10,0.0932,27300000000.0,1430000000.0,9.96,-87.19
4e-05,2.1e-05,6e-13,3.5e-10,2e-10,0.0932,25400000000.0,1260000000.0,10.37,-90.98
4e-05,2.1e-05,6e-13,3.5e-10,2.5e-10,0.0932,25400000000.0,1260000000.0,10.37,-90.87
4e-05,2.1e-05,6e-13,5e-10,1e-10,0.0932,21800000000.0,987000000.0,11.08,-94.12
4e-05,2.1e-05,6e-13,5e-10,5e-11,0.0932,21800000000.0,986000000.0,11.08,-94.29
4e-05,2.1e-05,6e-13,5e-10,1.5e-10,0.0932,21800000000.0,984000000.0,11.08,-94.15
4e-05,2.1e-05,6e-13,5e-10,2e-10,0.0932,21800000000.0,985000000.0,11.08,-94.24
4e-05,2.1e-05,6e-13,5e-10,2.5e-10,0.0932,21800000000.0,982000000.0,11.08,-93.97
4e-05,2.1e-05,7e-13,4e-10,1e-10,0.0932,23900000000.0,1140000000.0,10.66,-94.51
4e-05,2.1e-05,7e-13,4e-10,1.5e-10,0.0932,23900000000.0,1140000000.0,10.66,-94.4
4e-05,2.1e-05,7e-13,4e-10,2e-10,0.0932,23900000000.0,1140000000.0,10.66,-94.2
4e-05,2.1e-05,7e-13,3e-10,1e-10,0.0932,27300000000.0,1430000000.0,9.96,-87.14
4e-05,2.1e-05,7e-13,3e-10,5e-11,0.0932,27300000000.0,1430000000.0,9.96,-87.1
4e-05,2.1e-05,7e-13,3e-10,2.5e-10,0.0932,27300000000.0,1430000000.0,9.96,-87.03
4e-05,2.1e-05,7e-13,3.5e-10,1e-10,0.0932,25400000000.0,1260000000.0,10.37,-91.14
4e-05,2.1e-05,7e-13,3.5e-10,5e-11,0.0932,25400000000.0,1260000000.0,10.37,-90.93
4e-05,2.1e-05,7e-13,3.5e-10,1.5e-10,0.0932,25400000000.0,1260000000.0,10.37,-90.91
4e-05,2.1e-05,7e-13,3.5e-10,2.5e-10,0.0932,25400000000.0,1260000000.0,10.37,-90.82
4e-05,2.1e-05,7e-13,4.5e-10,5e-11,0.0932,22800000000.0,1060000000.0,10.89,-95.51
4e-05,2.1e-05,7e-13,4.5e-10,1.5e-10,0.0932,22800000000.0,1050000000.0,10.89,-95.49
4e-05,2.1e-05,7e-13,4.5e-10,2e-10,0.0932,22800000000.0,1050000000.0,10.89,-95.55
4e-05,2.1e-05,7e-13,5e-10,1e-10,0.0932,21800000000.0,988000000.0,11.08,-93.83
4e-05,2.1e-05,7e-13,5e-10,5e-11,0.0932,21800000000.0,987000000.0,11.08,-94.07
4e-05,2.1e-05,7e-13,5e-10,1.5e-10,0.0932,21800000000.0,982000000.0,11.08,-94.17
4e-05,2.1e-05,7e-13,5e-10,2e-10,0.0932,21800000000.0,989000000.0,11.08,-94.16
4e-05,2.1e-05,7e-13,5e-10,2.5e-10,0.0932,21800000000.0,982000000.0,11.08,-94.21
4e-05,2.2e-05,5e-13,4e-10,1e-10,0.0932,23900000000.0,1120000000.0,10.64,-93.88
4e-05,2.2e-05,5e-13,4e-10,5e-11,0.0932,23900000000.0,1130000000.0,10.65,-94.63
4e-05,2.2e-05,5e-13,4e-10,1.5e-10,0.0932,23900000000.0,1130000000.0,10.64,-94.36
4e-05,2.2e-05,5e-13,4e-10,2e-10,0.0932,23900000000.0,1130000000.0,10.65,-94.34
4e-05,2.2e-05,5e-13,4e-10,2.5e-10,0.0932,23900000000.0,1130000000.0,10.64,-94.69
4e-05,2.2e-05,5e-13,3e-10,1e-10,0.0932,27200000000.0,1410000000.0,9.94,-87.41
4e-05,2.2e-05,5e-13,3e-10,5e-11,0.0932,27200000000.0,1410000000.0,9.94,-87.33
4e-05,2.2e-05,5e-13,3e-10,1.5e-10,0.0932,27200000000.0,1410000000.0,9.94,-87.42
4e-05,2.2e-05,5e-13,3e-10,2e-10,0.0932,27200000000.0,1410000000.0,9.94,-87.39
4e-05,2.2e-05,5e-13,3.5e-10,1e-10,0.0932,25300000000.0,1240000000.0,10.35,-91.22
4e-05,2.2e-05,5e-13,3.5e-10,5e-11,0.0932,25300000000.0,1240000000.0,10.35,-91.33
4e-05,2.2e-05,5e-13,3.5e-10,1.5e-10,0.0932,25300000000.0,1240000000.0,10.35,-91.32
4e-05,2.2e-05,5e-13,3.5e-10,2e-10,0.0932,25300000000.0,1240000000.0,10.35,-91.25
4e-05,2.2e-05,5e-13,3.5e-10,2.5e-10,0.0932,25300000000.0,1240000000.0,10.35,-91.23
4e-05,2.2e-05,5e-13,4.5e-10,1e-10,0.0932,22700000000.0,1040000000.0,10.88,-95.47
4e-05,2.2e-05,5e-13,4.5e-10,5e-11,0.0932,22700000000.0,1040000000.0,10.88,-95.49
4e-05,2.2e-05,5e-13,4.5e-10,1.5e-10,0.0932,22700000000.0,1040000000.0,10.88,-95.41
4e-05,2.2e-05,5e-13,4.5e-10,2e-10,0.0932,22700000000.0,1050000000.0,10.88,-95.39
4e-05,2.2e-05,5e-13,4.5e-10,2.5e-10,0.0932,22700000000.0,1050000000.0,10.88,-95.49
4e-05,2.2e-05,5e-13,5e-10,1e-10,0.0932,21800000000.0,976000000.0,11.07,-94.05
4e-05,2.2e-05,5e-13,5e-10,5e-11,0.0932,21800000000.0,976000000.0,11.07,-94.17
4e-05,2.2e-05,5e-13,5e-10,1.5e-10,0.0932,21800000000.0,973000000.0,11.07,-94.04
4e-05,2.2e-05,5e-13,5e-10,2e-10,0.0932,21800000000.0,977000000.0,11.07,-94.49
4e-05,2.2e-05,5e-13,5e-10,2.5e-10,0.0932,21800000000.0,975000000.0,11.07,-93.91
4e-05,2.2e-05,3e-13,4e-10,1e-10,0.0932,23900000000.0,1130000000.0,10.65,-94.85
4e-05,2.2e-05,3e-13,4e-10,5e-11,0.0932,23900000000.0,1130000000.0,10.65,-94.8
4e-05,2.2e-05,3e-13,4e-10,1.5e-10,0.0932,23900000000.0,1130000000.0,10.65,-94.82
4e-05,2.2e-05,3e-13,4e-10,2e-10,0.0932,23900000000.0,1130000000.0,10.65,-94.61
4e-05,2.2e-05,3e-13,3e-10,5e-11,0.0932,27200000000.0,1410000000.0,9.94,-87.46
4e-05,2.2e-05,3e-13,3e-10,2e-10,0.0932,27200000000.0,1410000000.0,9.94,-87.38
4e-05,2.2e-05,3e-13,3.5e-10,1e-10,0.0932,25300000000.0,1250000000.0,10.35,-91.36
4e-05,2.2e-05,3e-13,3.5e-10,5e-11,0.0932,25300000000.0,1250000000.0,10.35,-91.27
4e-05,2.2e-05,3e-13,3.5e-10,1.5e-10,0.0932,25300000000.0,1250000000.0,10.35,-91.33
4e-05,2.2e-05,3e-13,3.5e-10,2e-10,0.0932,25300000000.0,1250000000.0,10.35,-91.44
4e-05,2.2e-05,3e-13,3.5e-10,2.5e-10,0.0932,25300000000.0,1240000000.0,10.35,-91.4
4e-05,2.2e-05,3e-13,4.5e-10,1e-10,0.0932,22700000000.0,1050000000.0,10.88,-95.46
4e-05,2.2e-05,3e-13,4.5e-10,5e-11,0.0932,22700000000.0,1040000000.0,10.88,-95.54
4e-05,2.2e-05,3e-13,4.5e-10,1.5e-10,0.0932,22700000000.0,1050000000.0,10.88,-95.34
4e-05,2.2e-05,3e-13,4.5e-10,2e-10,0.0932,22700000000.0,1040000000.0,10.88,-95.53
4e-05,2.2e-05,3e-13,4.5e-10,2.5e-10,0.0932,22700000000.0,1050000000.0,10.88,-95.26
4e-05,2.2e-05,3e-13,5e-10,1e-10,0.0932,21800000000.0,974000000.0,11.07,-94.11
4e-05,2.2e-05,3e-13,5e-10,5e-11,0.0932,21800000000.0,979000000.0,11.07,-94.32
4e-05,2.2e-05,3e-13,5e-10,1.5e-10,0.0932,21800000000.0,976000000.0,11.07,-93.4
4e-05,2.2e-05,3e-13,5e-10,2e-10,0.0932,21800000000.0,976000000.0,11.07,-94.16
4e-05,2.2e-05,3e-13,5e-10,2.5e-10,0.0932,21800000000.0,977000000.0,11.07,-93.95
4e-05,2.2e-05,4e-13,4e-10,1e-10,0.0932,23900000000.0,1130000000.0,10.65,-94.78
4e-05,2.2e-05,4e-13,4e-10,5e-11,0.0932,23900000000.0,1130000000.0,10.65,-94.5
4e-05,2.2e-05,4e-13,4e-10,1.5e-10,0.0932,23900000000.0,1130000000.0,10.65,-94.58
4e-05,2.2e-05,4e-13,4e-10,2e-10,0.0932,23900000000.0,1130000000.0,10.64,-94.5
4e-05,2.2e-05,4e-13,4e-10,2.5e-10,0.0932,23900000000.0,1130000000.0,10.65,-94.72
4e-05,2.2e-05,4e-13,3e-10,1e-10,0.0932,27200000000.0,1410000000.0,9.94,-87.35
4e-05,2.2e-05,4e-13,3e-10,5e-11,0.0932,27200000000.0,1410000000.0,9.94,-86.21
4e-05,2.2e-05,4e-13,3e-10,2e-10,0.0932,27200000000.0,1410000000.0,9.94,-87.44
4e-05,2.2e-05,4e-13,3e-10,2.5e-10,0.0932,27200000000.0,1410000000.0,9.94,-87.37
4e-05,2.2e-05,4e-13,3.5e-10,1e-10,0.0932,25300000000.0,1250000000.0,10.35,-91.22
4e-05,2.2e-05,4e-13,3.5e-10,5e-11,0.0932,25300000000.0,1240000000.0,10.35,-91.42
4e-05,2.2e-05,4e-13,3.5e-10,1.5e-10,0.0932,25300000000.0,1240000000.0,10.35,-91.19
4e-05,2.2e-05,4e-13,3.5e-10,2.5e-10,0.0932,25300000000.0,1240000000.0,10.35,-91.2
4e-05,2.2e-05,4e-13,4.5e-10,1e-10,0.0932,22700000000.0,1040000000.0,10.88,-95.4
4e-05,2.2e-05,4e-13,4.5e-10,5e-11,0.0932,22700000000.0,1040000000.0,10.88,-95.52
4e-05,2.2e-05,4e-13,4.5e-10,2e-10,0.0932,22700000000.0,1040000000.0,10.88,-95.24
4e-05,2.2e-05,4e-13,4.5e-10,2.5e-10,0.0932,22700000000.0,1050000000.0,10.88,-95.52
4e-05,2.2e-05,4e-13,5e-10,1e-10,0.0932,21800000000.0,982000000.0,11.07,-91.42
4e-05,2.2e-05,4e-13,5e-10,5e-11,0.0932,21800000000.0,977000000.0,11.07,-94.06
4e-05,2.2e-05,4e-13,5e-10,1.5e-10,0.0932,21800000000.0,975000000.0,11.07,-94.1
4e-05,2.2e-05,4e-13,5e-10,2e-10,0.0932,21800000000.0,973000000.0,11.07,-94.03
4e-05,2.2e-05,4e-13,5e-10,2.5e-10,0.0932,21800000000.0,977000000.0,11.07,-94.19
4e-05,2.2e-05,6e-13,4e-10,1e-10,0.0932,23900000000.0,1130000000.0,10.64,-94.37
4e-05,2.2e-05,6e-13,4e-10,5e-11,0.0932,23900000000.0,1130000000.0,10.64,-94.71
4e-05,2.2e-05,6e-13,4e-10,1.5e-10,0.0932,23900000000.0,1130000000.0,10.65,-94.44
4e-05,2.2e-05,6e-13,4e-10,2e-10,0.0932,23900000000.0,1130000000.0,10.65,-94.74
4e-05,2.2e-05,6e-13,4e-10,2.5e-10,0.0932,23900000000.0,1130000000.0,10.64,-94.05
4e-05,2.2e-05,6e-13,3e-10,1e-10,0.0932,27200000000.0,1410000000.0,9.94,-87.34
4e-05,2.2e-05,6e-13,3e-10,5e-11,0.0932,27200000000.0,1410000000.0,9.94,-87.43
4e-05,2.2e-05,6e-13,3e-10,2e-10,0.0932,27200000000.0,1410000000.0,9.94,-87.32
4e-05,2.2e-05,6e-13,3e-10,2.5e-10,0.0932,27200000000.0,1410000000.0,9.94,-87.3
4e-05,2.2e-05,6e-13,3.5e-10,1e-10,0.0932,25300000000.0,1240000000.0,10.35,-91.18
4e-05,2.2e-05,6e-13,3.5e-10,1.5e-10,0.0932,25300000000.0,1240000000.0,10.35,-91.24
4e-05,2.2e-05,6e-13,3.5e-10,2e-10,0.0932,25300000000.0,1240000000.0,10.35,-91.03
4e-05,2.2e-05,6e-13,3.5e-10,2.5e-10,0.0932,25300000000.0,1240000000.0,10.35,-91.16
4e-05,2.2e-05,6e-13,4.5e-10,1e-10,0.0932,22700000000.0,1040000000.0,10.88,-95.48
4e-05,2.2e-05,6e-13,4.5e-10,1.5e-10,0.0932,22700000000.0,1040000000.0,10.88,-95.35
4e-05,2.2e-05,6e-13,4.5e-10,2e-10,0.0932,22700000000.0,1040000000.0,10.88,-95.58
4e-05,2.2e-05,6e-13,5e-10,1e-10,0.0932,21800000000.0,975000000.0,11.07,-94.21
4e-05,2.2e-05,6e-13,5e-10,5e-11,0.0932,21800000000.0,980000000.0,11.07,-94.22
4e-05,2.2e-05,6e-13,5e-10,1.5e-10,0.0932,21800000000.0,976000000.0,11.07,-94.08
4e-05,2.2e-05,6e-13,5e-10,2e-10,0.0932,21800000000.0,975000000.0,11.07,-94.17
4e-05,2.2e-05,6e-13,5e-10,2.5e-10,0.0932,21800000000.0,971000000.0,11.07,-94.05
4e-05,2.2e-05,7e-13,4e-10,1e-10,0.0932,23900000000.0,1130000000.0,10.64,-94.45
4e-05,2.2e-05,7e-13,4e-10,5e-11,0.0932,23900000000.0,1120000000.0,10.65,-94.45
4e-05,2.2e-05,7e-13,4e-10,2e-10,0.0932,23900000000.0,1130000000.0,10.64,-94.62
4e-05,2.2e-05,7e-13,4e-10,2.5e-10,0.0932,23900000000.0,1120000000.0,10.64,-94.56
4e-05,2.2e-05,7e-13,3e-10,1e-10,0.0932,27200000000.0,1410000000.0,9.94,-87.21
4e-05,2.2e-05,7e-13,3e-10,5e-11,0.0932,27200000000.0,1410000000.0,9.94,-87.26
4e-05,2.2e-05,7e-13,3e-10,1.5e-10,0.0932,27200000000.0,1410000000.0,9.94,-87.4
4e-05,2.2e-05,7e-13,3e-10,2.5e-10,0.0932,27200000000.0,1410000000.0,9.94,-87.29
4e-05,2.2e-05,7e-13,3.5e-10,1e-10,0.0932,25300000000.0,1240000000.0,10.35,-91.28
4e-05,2.2e-05,7e-13,3.5e-10,5e-11,0.0932,25300000000.0,1240000000.0,10.35,-91.09
4e-05,2.2e-05,7e-13,4.5e-10,1e-10,0.0932,22700000000.0,1040000000.0,10.88,-95.56
4e-05,2.2e-05,7e-13,4.5e-10,2e-10,0.0932,22700000000.0,1040000000.0,10.88,-95.45
4e-05,2.2e-05,7e-13,4.5e-10,2.5e-10,0.0932,22700000000.0,1040000000.0,10.88,-95.38
4e-05,2.2e-05,7e-13,5e-10,1e-10,0.0932,21800000000.0,977000000.0,11.07,-94.12
4e-05,2.2e-05,7e-13,5e-10,5e-11,0.0932,21800000000.0,975000000.0,11.07,-94.28
4e-05,2.2e-05,7e-13,5e-10,1.5e-10,0.0932,21800000000.0,977000000.0,11.07,-93.96
4e-05,2.2e-05,7e-13,5e-10,2e-10,0.0932,21800000000.0,970000000.0,11.07,-94.67
4e-05,2.2e-05,7e-13,5e-10,2.5e-10,0.0932,21800000000.0,972000000.0,11.07,-94.1
4e-05,2.3e-05,5e-13,4e-10,1e-10,0.0932,23800000000.0,1110000000.0,10.63,-94.95
4e-05,2.3e-05,5e-13,4e-10,5e-11,0.0932,23800000000.0,1110000000.0,10.63,-94.65
4e-05,2.3e-05,5e-13,4e-10,1.5e-10,0.0932,23800000000.0,1110000000.0,10.63,-94.89
4e-05,2.3e-05,5e-13,4e-10,2e-10,0.0932,23800000000.0,1110000000.0,10.63,-94.84
4e-05,2.3e-05,5e-13,3e-10,1e-10,0.0932,27200000000.0,1380000000.0,9.91,-87.52
4e-05,2.3e-05,5e-13,3e-10,5e-11,0.0932,27200000000.0,1380000000.0,9.91,-87.62
4e-05,2.3e-05,5e-13,3e-10,1.5e-10,0.0932,27200000000.0,1380000000.0,9.91,-87.5
4e-05,2.3e-05,5e-13,3e-10,2e-10,0.0932,27200000000.0,1380000000.0,9.91,-87.25
4e-05,2.3e-05,5e-13,3.5e-10,1e-10,0.0932,25200000000.0,1220000000.0,10.33,-91.37
4e-05,2.3e-05,5e-13,3.5e-10,5e-11,0.0932,25200000000.0,1220000000.0,10.33,-91.47
4e-05,2.3e-05,5e-13,3.5e-10,1.5e-10,0.0932,25200000000.0,1220000000.0,10.33,-91.26
4e-05,2.3e-05,5e-13,3.5e-10,2e-10,0.0932,25200000000.0,1220000000.0,10.33,-91.35
4e-05,2.3e-05,5e-13,3.5e-10,2.5e-10,0.0932,25200000000.0,1220000000.0,10.33,-91.46
4e-05,2.3e-05,5e-13,4.5e-10,1e-10,0.0932,22700000000.0,1030000000.0,10.87,-95.41
4e-05,2.3e-05,5e-13,4.5e-10,5e-11,0.0932,22700000000.0,1030000000.0,10.86,-95.41
4e-05,2.3e-05,5e-13,4.5e-10,1.5e-10,0.0932,22700000000.0,1020000000.0,10.86,-95.4
4e-05,2.3e-05,5e-13,4.5e-10,2e-10,0.0932,22700000000.0,1030000000.0,10.87,-95.51
4e-05,2.3e-05,5e-13,4.5e-10,2.5e-10,0.0932,22700000000.0,1020000000.0,10.86,-95.42
4e-05,2.3e-05,5e-13,5e-10,1e-10,0.0932,21700000000.0,963000000.0,11.06,-93.79
4e-05,2.3e-05,5e-13,5e-10,5e-11,0.0932,21700000000.0,957000000.0,11.06,-93.67
4e-05,2.3e-05,5e-13,5e-10,1.5e-10,0.0932,21700000000.0,963000000.0,11.06,-93.9
4e-05,2.3e-05,5e-13,5e-10,2e-10,0.0932,21700000000.0,966000000.0,11.06,-93.52
4e-05,2.3e-05,5e-13,5e-10,2.5e-10,0.0932,21700000000.0,962000000.0,11.06,-93.99
4e-05,2.3e-05,3e-13,4e-10,1e-10,0.0932,23800000000.0,1110000000.0,10.63,-94.98
4e-05,2.3e-05,3e-13,4e-10,5e-11,0.0932,23800000000.0,1110000000.0,10.63,-94.76
4e-05,2.3e-05,3e-13,4e-10,1.5e-10,0.0932,23800000000.0,1110000000.0,10.63,-94.96
4e-05,2.3e-05,3e-13,3e-10,1e-10,0.0932,27200000000.0,1380000000.0,9.91,-87.65
4e-05,2.3e-05,3e-13,3e-10,5e-11,0.0932,27200000000.0,1380000000.0,9.92,-87.63
4e-05,2.3e-05,3e-13,3e-10,1.5e-10,0.0932,27200000000.0,1380000000.0,9.92,-87.57
4e-05,2.3e-05,3e-13,3e-10,2.5e-10,0.0932,27200000000.0,1380000000.0,9.91,-87.68
4e-05,2.3e-05,3e-13,3.5e-10,1e-10,0.0932,25300000000.0,1220000000.0,10.33,-91.33
4e-05,2.3e-05,3e-13,3.5e-10,5e-11,0.0932,25300000000.0,1220000000.0,10.33,-91.42
4e-05,2.3e-05,3e-13,3.5e-10,1.5e-10,0.0932,25300000000.0,1220000000.0,10.33,-91.35
4e-05,2.3e-05,3e-13,3.5e-10,2e-10,0.0932,25300000000.0,1220000000.0,10.33,-91.5
4e-05,2.3e-05,3e-13,3.5e-10,2.5e-10,0.0932,25300000000.0,1220000000.0,10.33,-91.36
4e-05,2.3e-05,3e-13,4.5e-10,1e-10,0.0932,22700000000.0,1030000000.0,10.86,-95.25
4e-05,2.3e-05,3e-13,4.5e-10,5e-11,0.0932,22700000000.0,1030000000.0,10.86,-95.43
4e-05,2.3e-05,3e-13,4.5e-10,1.5e-10,0.0932,22700000000.0,1030000000.0,10.87,-95.38
4e-05,2.3e-05,3e-13,4.5e-10,2e-10,0.0932,22700000000.0,1030000000.0,10.86,-95.24
4e-05,2.3e-05,3e-13,4.5e-10,2.5e-10,0.0932,22700000000.0,1030000000.0,10.87,-95.45
4e-05,2.3e-05,3e-13,5e-10,1e-10,0.0932,21700000000.0,968000000.0,11.06,-93.55
4e-05,2.3e-05,3e-13,5e-10,5e-11,0.0932,21700000000.0,965000000.0,11.06,-93.95
4e-05,2.3e-05,3e-13,5e-10,1.5e-10,0.0932,21700000000.0,967000000.0,11.06,-94.17
4e-05,2.3e-05,3e-13,5e-10,2e-10,0.0932,21700000000.0,961000000.0,11.06,-93.95
4e-05,2.3e-05,3e-13,5e-10,2.5e-10,0.0932,21700000000.0,963000000.0,11.06,-93.8
4e-05,2.3e-05,4e-13,4e-10,1e-10,0.0932,23800000000.0,1110000000.0,10.63,-94.86
4e-05,2.3e-05,4e-13,4e-10,1.5e-10,0.0932,23800000000.0,1110000000.0,10.63,-94.7
4e-05,2.3e-05,4e-13,4e-10,2e-10,0.0932,23800000000.0,1110000000.0,10.63,-94.6
4e-05,2.3e-05,4e-13,4e-10,2.5e-10,0.0932,23800000000.0,1110000000.0,10.63,-94.74
4e-05,2.3e-05,4e-13,3e-10,1e-10,0.0932,27200000000.0,1380000000.0,9.91,-87.53
4e-05,2.3e-05,4e-13,3e-10,5e-11,0.0932,27200000000.0,1380000000.0,9.92,-87.48
4e-05,2.3e-05,4e-13,3e-10,2.5e-10,0.0932,27200000000.0,1380000000.0,9.91,-87.57
4e-05,2.3e-05,4e-13,3.5e-10,1e-10,0.0932,25200000000.0,1220000000.0,10.33,-91.3
4e-05,2.3e-05,4e-13,3.5e-10,5e-11,0.0932,25300000000.0,1220000000.0,10.33,-91.44
4e-05,2.3e-05,4e-13,3.5e-10,1.5e-10,0.0932,25200000000.0,1220000000.0,10.33,-91.39
4e-05,2.3e-05,4e-13,3.5e-10,2.5e-10,0.0932,25200000000.0,1220000000.0,10.33,-91.31
4e-05,2.3e-05,4e-13,4.5e-10,1e-10,0.0932,22700000000.0,1030000000.0,10.87,-95.53
4e-05,2.3e-05,4e-13,4.5e-10,5e-11,0.0932,22700000000.0,1030000000.0,10.87,-95.43
4e-05,2.3e-05,4e-13,4.5e-10,1.5e-10,0.0932,22700000000.0,1020000000.0,10.87,-95.53
4e-05,2.3e-05,4e-13,4.5e-10,2e-10,0.0932,22700000000.0,1020000000.0,10.86,-95.37
4e-05,2.3e-05,4e-13,4.5e-10,2.5e-10,0.0932,22700000000.0,1020000000.0,10.86,-95.31
4e-05,2.3e-05,4e-13,5e-10,1e-10,0.0932,21700000000.0,960000000.0,11.06,-93.83
4e-05,2.3e-05,4e-13,5e-10,5e-11,0.0932,21700000000.0,966000000.0,11.06,-94.19
4e-05,2.3e-05,4e-13,5e-10,1.5e-10,0.0932,21700000000.0,963000000.0,11.06,-94.13
4e-05,2.3e-05,4e-13,5e-10,2e-10,0.0932,21700000000.0,964000000.0,11.06,-94.04
4e-05,2.3e-05,4e-13,5e-10,2.5e-10,0.0932,21700000000.0,959000000.0,11.06,-94.22
4e-05,2.3e-05,6e-13,4e-10,1e-10,0.0932,23800000000.0,1110000000.0,10.63,-94.81
4e-05,2.3e-05,6e-13,4e-10,5e-11,0.0932,23800000000.0,1110000000.0,10.63,-94.51
4e-05,2.3e-05,6e-13,4e-10,1.5e-10,0.0932,23800000000.0,1110000000.0,10.63,-94.64
4e-05,2.3e-05,6e-13,4e-10,2e-10,0.0932,23800000000.0,1110000000.0,10.63,-94.69
4e-05,2.3e-05,6e-13,4e-10,2.5e-10,0.0932,23800000000.0,1110000000.0,10.63,-94.94
4e-05,2.3e-05,6e-13,3e-10,1e-10,0.0932,27200000000.0,1380000000.0,9.91,-87.55
4e-05,2.3e-05,6e-13,3e-10,5e-11,0.0932,27200000000.0,1380000000.0,9.91,-87.6
4e-05,2.3e-05,6e-13,3e-10,1.5e-10,0.0932,27200000000.0,1380000000.0,9.91,-87.48
4e-05,2.3e-05,6e-13,3e-10,2e-10,0.0932,27200000000.0,1380000000.0,9.91,-87.47
4e-05,2.3e-05,6e-13,3.5e-10,5e-11,0.0932,25200000000.0,1220000000.0,10.33,-91.38
4e-05,2.3e-05,6e-13,3.5e-10,2.5e-10,0.0932,25200000000.0,1220000000.0,10.33,-91.49
4e-05,2.3e-05,6e-13,4.5e-10,1e-10,0.0932,22700000000.0,1030000000.0,10.86,-95.44
4e-05,2.3e-05,6e-13,4.5e-10,1.5e-10,0.0932,22700000000.0,1030000000.0,10.86,-95.42
4e-05,2.3e-05,6e-13,4.5e-10,2e-10,0.0932,22700000000.0,1030000000.0,10.87,-95.47
4e-05,2.3e-05,6e-13,4.5e-10,2.5e-10,0.0932,22700000000.0,1030000000.0,10.86,-95.38
4e-05,2.3e-05,6e-13,5e-10,1e-10,0.0932,21700000000.0,960000000.0,11.06,-93.89
4e-05,2.3e-05,6e-13,5e-10,5e-11,0.0932,21700000000.0,962000000.0,11.06,-93.82
4e-05,2.3e-05,6e-13,5e-10,1.5e-10,0.0932,21700000000.0,965000000.0,11.06,-93.76
4e-05,2.3e-05,6e-13,5e-10,2e-10,0.0932,21700000000.0,957000000.0,11.06,-93.9
4e-05,2.3e-05,6e-13,5e-10,2.5e-10,0.0932,21700000000.0,962000000.0,11.06,-93.98
4e-05,2.3e-05,7e-13,4e-10,5e-11,0.0932,23800000000.0,1110000000.0,10.63,-94.63
4e-05,2.3e-05,7e-13,4e-10,1.5e-10,0.0932,23800000000.0,1110000000.0,10.63,-94.54
4e-05,2.3e-05,7e-13,4e-10,2e-10,0.0932,23800000000.0,1110000000.0,10.63,-94.19
4e-05,2.3e-05,7e-13,3e-10,1e-10,0.0932,27100000000.0,1380000000.0,9.91,-87.48
4e-05,2.3e-05,7e-13,3e-10,2e-10,0.0932,27100000000.0,1380000000.0,9.91,-87.54
4e-05,2.3e-05,7e-13,3e-10,2.5e-10,0.0932,27100000000.0,1380000000.0,9.91,-87.73
4e-05,2.3e-05,7e-13,3.5e-10,1e-10,0.0932,25200000000.0,1220000000.0,10.33,-91.28
4e-05,2.3e-05,7e-13,3.5e-10,1.5e-10,0.0932,25200000000.0,1220000000.0,10.33,-91.34
4e-05,2.3e-05,7e-13,4.5e-10,1e-10,0.0932,22700000000.0,1030000000.0,10.86,-95.37
4e-05,2.3e-05,7e-13,4.5e-10,2.5e-10,0.0932,22700000000.0,1030000000.0,10.87,-95.5
4e-05,2.3e-05,7e-13,5e-10,1e-10,0.0932,21700000000.0,962000000.0,11.06,-94.0
4e-05,2.3e-05,7e-13,5e-10,5e-11,0.0932,21700000000.0,959000000.0,11.06,-93.89
4e-05,2.3e-05,7e-13,5e-10,1.5e-10,0.0932,21700000000.0,960000000.0,11.06,-94.11
4e-05,2.3e-05,7e-13,5e-10,2e-10,0.0932,21700000000.0,968000000.0,11.06,-91.67
4e-05,2.3e-05,7e-13,5e-10,2.5e-10,0.0932,21700000000.0,963000000.0,11.06,-93.84
4e-05,2.4e-05,5e-13,4e-10,1e-10,0.0932,23700000000.0,1090000000.0,10.61,-94.84
4e-05,2.4e-05,5e-13,4e-10,5e-11,0.0932,23800000000.0,1090000000.0,10.61,-94.66
4e-05,2.4e-05,5e-13,4e-10,1.5e-10,0.0932,23700000000.0,1090000000.0,10.61,-95.0
4e-05,2.4e-05,5e-13,4e-10,2e-10,0.0932,23700000000.0,1080000000.0,10.61,-94.32
4e-05,2.4e-05,5e-13,4e-10,2.5e-10,0.0932,23700000000.0,1090000000.0,10.61,-94.7
4e-05,2.4e-05,5e-13,3e-10,1e-10,0.0932,27100000000.0,1340000000.0,9.89,-87.66
4e-05,2.4e-05,5e-13,3e-10,5e-11,0.0932,27100000000.0,1340000000.0,9.89,-87.7
4e-05,2.4e-05,5e-13,3e-10,1.5e-10,0.0932,27100000000.0,1340000000.0,9.88,-87.68
4e-05,2.4e-05,5e-13,3e-10,2e-10,0.0932,27100000000.0,1340000000.0,9.88,-87.69
4e-05,2.4e-05,5e-13,3e-10,2.5e-10,0.0932,27100000000.0,1340000000.0,9.89,-87.69
4e-05,2.4e-05,5e-13,3.5e-10,1e-10,0.0932,25200000000.0,1190000000.0,10.31,-91.53
4e-05,2.4e-05,5e-13,3.5e-10,5e-11,0.0932,25200000000.0,1190000000.0,10.31,-91.66
4e-05,2.4e-05,5e-13,3.5e-10,1.5e-10,0.0932,25200000000.0,1190000000.0,10.31,-91.61
4e-05,2.4e-05,5e-13,3.5e-10,2e-10,0.0932,25200000000.0,1190000000.0,10.31,-91.49
4e-05,2.4e-05,5e-13,3.5e-10,2.5e-10,0.0932,25200000000.0,1190000000.0,10.31,-91.54
4e-05,2.4e-05,5e-13,4.5e-10,1e-10,0.0932,22600000000.0,1010000000.0,10.85,-95.25
4e-05,2.4e-05,5e-13,4.5e-10,5e-11,0.0932,22600000000.0,1010000000.0,10.85,-95.3
4e-05,2.4e-05,5e-13,4.5e-10,1.5e-10,0.0932,22600000000.0,1010000000.0,10.85,-95.18
4e-05,2.4e-05,5e-13,4.5e-10,2e-10,0.0932,22600000000.0,1010000000.0,10.85,-95.34
4e-05,2.4e-05,5e-13,4.5e-10,2.5e-10,0.0932,22600000000.0,1010000000.0,10.85,-95.38
4e-05,2.4e-05,5e-13,5e-10,1e-10,0.0932,21700000000.0,941000000.0,11.05,-93.52
4e-05,2.4e-05,5e-13,5e-10,5e-11,0.0932,21700000000.0,945000000.0,11.05,-93.8
4e-05,2.4e-05,5e-13,5e-10,1.5e-10,0.0932,21700000000.0,950000000.0,11.05,-93.61
4e-05,2.4e-05,5e-13,5e-10,2e-10,0.0932,21700000000.0,948000000.0,11.05,-94.01
4e-05,2.4e-05,5e-13,5e-10,2.5e-10,0.0932,21700000000.0,941000000.0,11.05,-93.74
4e-05,2.4e-05,3e-13,4e-10,1e-10,0.0932,23800000000.0,1090000000.0,10.61,-94.68
4e-05,2.4e-05,3e-13,4e-10,5e-11,0.0932,23800000000.0,1090000000.0,10.61,-94.87
4e-05,2.4e-05,3e-13,4e-10,1.5e-10,0.0932,23800000000.0,1090000000.0,10.61,-95.02
4e-05,2.4e-05,3e-13,4e-10,2e-10,0.0932,23800000000.0,1090000000.0,10.61,-94.7
4e-05,2.4e-05,3e-13,4e-10,2.5e-10,0.0932,23800000000.0,1090000000.0,10.61,-94.67
4e-05,2.4e-05,3e-13,3e-10,1e-10,0.0932,27100000000.0,1340000000.0,9.89,-87.84
4e-05,2.4e-05,3e-13,3e-10,5e-11,0.0932,27100000000.0,1340000000.0,9.89,-87.75
4e-05,2.4e-05,3e-13,3e-10,1.5e-10,0.0932,27100000000.0,1340000000.0,9.89,-87.76
4e-05,2.4e-05,3e-13,3e-10,2e-10,0.0932,27100000000.0,1340000000.0,9.89,-87.73
4e-05,2.4e-05,3e-13,3.5e-10,1e-10,0.0932,25200000000.0,1190000000.0,10.31,-91.62
4e-05,2.4e-05,3e-13,3.5e-10,5e-11,0.0932,25200000000.0,1190000000.0,10.31,-91.75
4e-05,2.4e-05,3e-13,3.5e-10,1.5e-10,0.0932,25200000000.0,1190000000.0,10.31,-91.7
4e-05,2.4e-05,3e-13,3.5e-10,2e-10,0.0932,25200000000.0,1190000000.0,10.31,-91.64
4e-05,2.4e-05,3e-13,4.5e-10,1e-10,0.0932,22600000000.0,1010000000.0,10.85,-95.27
4e-05,2.4e-05,3e-13,4.5e-10,5e-11,0.0932,22600000000.0,1010000000.0,10.85,-95.33
4e-05,2.4e-05,3e-13,4.5e-10,1.5e-10,0.0932,22600000000.0,1010000000.0,10.85,-95.35
4e-05,2.4e-05,3e-13,4.5e-10,2e-10,0.0932,22600000000.0,1010000000.0,10.85,-95.42
4e-05,2.4e-05,3e-13,4.5e-10,2.5e-10,0.0932,22600000000.0,1010000000.0,10.85,-95.43
4e-05,2.4e-05,3e-13,5e-10,1e-10,0.0932,21700000000.0,941000000.0,11.05,-93.82
4e-05,2.4e-05,3e-13,5e-10,5e-11,0.0932,21700000000.0,952000000.0,11.05,-93.95
4e-05,2.4e-05,3e-13,5e-10,1.5e-10,0.0932,21700000000.0,945000000.0,11.05,-93.7
4e-05,2.4e-05,3e-13,5e-10,2e-10,0.0932,21700000000.0,942000000.0,11.05,-93.71
4e-05,2.4e-05,3e-13,5e-10,2.5e-10,0.0932,21700000000.0,949000000.0,11.05,-93.45
4e-05,2.4e-05,4e-13,4e-10,1e-10,0.0932,23800000000.0,1090000000.0,10.61,-94.99
4e-05,2.4e-05,4e-13,4e-10,5e-11,0.0932,23800000000.0,1090000000.0,10.61,-94.8
4e-05,2.4e-05,4e-13,4e-10,1.5e-10,0.0932,23800000000.0,1090000000.0,10.61,-94.78
4e-05,2.4e-05,4e-13,4e-10,2e-10,0.0932,23800000000.0,1080000000.0,10.61,-94.61
4e-05,2.4e-05,4e-13,4e-10,2.5e-10,0.0932,23800000000.0,1090000000.0,10.61,-94.97
4e-05,2.4e-05,4e-13,3e-10,1e-10,0.0932,27100000000.0,1340000000.0,9.89,-87.67
4e-05,2.4e-05,4e-13,3e-10,5e-11,0.0932,27100000000.0,1340000000.0,9.89,-87.72
4e-05,2.4e-05,4e-13,3e-10,1.5e-10,0.0932,27100000000.0,1340000000.0,9.89,-87.77
4e-05,2.4e-05,4e-13,3e-10,2e-10,0.0932,27100000000.0,1340000000.0,9.88,-87.82
4e-05,2.4e-05,4e-13,3.5e-10,1e-10,0.0932,25200000000.0,1190000000.0,10.31,-91.6
4e-05,2.4e-05,4e-13,4.5e-10,1e-10,0.0932,22600000000.0,1010000000.0,10.85,-95.32
4e-05,2.4e-05,4e-13,4.5e-10,1.5e-10,0.0932,22600000000.0,1000000000.0,10.85,-95.2
4e-05,2.4e-05,4e-13,4.5e-10,2e-10,0.0932,22600000000.0,1010000000.0,10.85,-95.4
4e-05,2.4e-05,4e-13,4.5e-10,2.5e-10,0.0932,22600000000.0,1010000000.0,10.85,-95.44
4e-05,2.4e-05,4e-13,5e-10,1e-10,0.0932,21700000000.0,949000000.0,11.05,-93.53
4e-05,2.4e-05,4e-13,5e-10,5e-11,0.0932,21700000000.0,942000000.0,11.05,-93.64
4e-05,2.4e-05,4e-13,5e-10,1.5e-10,0.0932,21700000000.0,949000000.0,11.05,-93.48
4e-05,2.4e-05,4e-13,5e-10,2e-10,0.0932,21700000000.0,949000000.0,11.05,-93.39
4e-05,2.4e-05,4e-13,5e-10,2.5e-10,0.0932,21700000000.0,945000000.0,11.05,-93.82
4e-05,2.4e-05,6e-13,4e-10,1e-10,0.0932,23700000000.0,1090000000.0,10.61,-94.69
4e-05,2.4e-05,6e-13,4e-10,5e-11,0.0932,23700000000.0,1090000000.0,10.61,-94.72
4e-05,2.4e-05,6e-13,4e-10,2e-10,0.0932,23700000000.0,1080000000.0,10.61,-94.92
4e-05,2.4e-05,6e-13,4e-10,2.5e-10,0.0932,23700000000.0,1090000000.0,10.61,-94.94
4e-05,2.4e-05,6e-13,3e-10,5e-11,0.0932,27100000000.0,1340000000.0,9.89,-87.57
4e-05,2.4e-05,6e-13,3e-10,1.5e-10,0.0932,27100000000.0,1340000000.0,9.88,-87.72
4e-05,2.4e-05,6e-13,3e-10,2e-10,0.0932,27100000000.0,1340000000.0,9.88,-87.67
4e-05,2.4e-05,6e-13,3.5e-10,1e-10,0.0932,25200000000.0,1190000000.0,10.31,-91.45
4e-05,2.4e-05,6e-13,3.5e-10,5e-11,0.0932,25200000000.0,1190000000.0,10.31,-91.47
4e-05,2.4e-05,6e-13,3.5e-10,2e-10,0.0932,25200000000.0,1190000000.0,10.31,-91.72
4e-05,2.4e-05,6e-13,4.5e-10,2.5e-10,0.0932,22600000000.0,1010000000.0,10.85,-95.41
4e-05,2.4e-05,6e-13,5e-10,1.5e-10,0.0932,21700000000.0,941000000.0,11.05,-94.52
4e-05,2.4e-05,6e-13,5e-10,2e-10,0.0932,21700000000.0,940000000.0,11.05,-93.34
4e-05,2.4e-05,6e-13,5e-10,2.5e-10,0.0932,21700000000.0,948000000.0,11.05,-93.57
4e-05,2.4e-05,7e-13,4e-10,5e-11,0.0932,23700000000.0,1090000000.0,10.61,-94.56
4e-05,2.4e-05,7e-13,4e-10,1.5e-10,0.0932,23700000000.0,1090000000.0,10.61,-94.85
4e-05,2.4e-05,7e-13,4e-10,2e-10,0.0932,23700000000.0,1090000000.0,10.61,-94.82
4e-05,2.4e-05,7e-13,4e-10,2.5e-10,0.0932,23700000000.0,1080000000.0,10.61,-94.91
4e-05,2.4e-05,7e-13,3e-10,5e-11,0.0932,27100000000.0,1340000000.0,9.88,-87.62
4e-05,2.4e-05,7e-13,3e-10,1.5e-10,0.0932,27100000000.0,1340000000.0,9.88,-87.65
4e-05,2.4e-05,7e-13,3e-10,2e-10,0.0932,27100000000.0,1340000000.0,9.88,-87.66
4e-05,2.4e-05,7e-13,3.5e-10,5e-11,0.0932,25200000000.0,1190000000.0,10.31,-91.71
4e-05,2.4e-05,7e-13,3.5e-10,2e-10,0.0932,25200000000.0,1190000000.0,10.31,-91.5
4e-05,2.4e-05,7e-13,3.5e-10,2.5e-10,0.0932,25200000000.0,1190000000.0,10.31,-91.43
4e-05,2.4e-05,7e-13,4.5e-10,1.5e-10,0.0932,22600000000.0,1010000000.0,10.85,-95.28
4e-05,2.4e-05,7e-13,4.5e-10,2.5e-10,0.0932,22600000000.0,1010000000.0,10.85,-95.15
4e-05,2.4e-05,7e-13,5e-10,1e-10,0.0932,21700000000.0,945000000.0,11.05,-93.65
4e-05,2.4e-05,7e-13,5e-10,5e-11,0.0932,21700000000.0,940000000.0,11.05,-93.53
4e-05,2.4e-05,7e-13,5e-10,1.5e-10,0.0932,21700000000.0,945000000.0,11.05,-93.84
4e-05,2.4e-05,7e-13,5e-10,2e-10,0.0932,21700000000.0,945000000.0,11.05,-93.75
4e-05,2.4e-05,7e-13,5e-10,2.5e-10,0.0932,21700000000.0,948000000.0,11.05,-94.0
4e-05,2.5e-05,5e-13,4e-10,1e-10,0.0932,23700000000.0,1060000000.0,10.59,-94.41
4e-05,2.5e-05,5e-13,4e-10,5e-11,0.0932,23700000000.0,1060000000.0,10.59,-94.81
4e-05,2.5e-05,5e-13,4e-10,1.5e-10,0.0932,23700000000.0,1060000000.0,10.59,-94.92
4e-05,2.5e-05,5e-13,4e-10,2e-10,0.0932,23700000000.0,1060000000.0,10.59,-94.89
4e-05,2.5e-05,5e-13,4e-10,2.5e-10,0.0932,23700000000.0,1060000000.0,10.59,-94.88
4e-05,2.5e-05,5e-13,3e-10,1e-10,0.0932,27100000000.0,1300000000.0,9.85,-87.86
4e-05,2.5e-05,5e-13,3e-10,5e-11,0.0932,27100000000.0,1300000000.0,9.85,-87.8
4e-05,2.5e-05,5e-13,3e-10,1.5e-10,0.0932,27100000000.0,1300000000.0,9.85,-87.88
4e-05,2.5e-05,5e-13,3e-10,2.5e-10,0.0932,27100000000.0,1300000000.0,9.85,-87.81
4e-05,2.5e-05,5e-13,3.5e-10,1e-10,0.0932,25200000000.0,1160000000.0,10.29,-91.7
4e-05,2.5e-05,5e-13,3.5e-10,5e-11,0.0932,25200000000.0,1160000000.0,10.29,-91.74
4e-05,2.5e-05,5e-13,3.5e-10,1.5e-10,0.0932,25200000000.0,1160000000.0,10.29,-91.83
4e-05,2.5e-05,5e-13,3.5e-10,2e-10,0.0932,25200000000.0,1160000000.0,10.29,-91.67
4e-05,2.5e-05,5e-13,3.5e-10,2.5e-10,0.0932,25200000000.0,1160000000.0,10.29,-91.8
4e-05,2.5e-05,5e-13,4.5e-10,1e-10,0.0932,22600000000.0,988000000.0,10.83,-95.34
4e-05,2.5e-05,5e-13,4.5e-10,5e-11,0.0932,22600000000.0,987000000.0,10.83,-95.26
4e-05,2.5e-05,5e-13,4.5e-10,1.5e-10,0.0932,22600000000.0,983000000.0,10.83,-95.33
4e-05,2.5e-05,5e-13,4.5e-10,2e-10,0.0932,22600000000.0,986000000.0,10.84,-95.38
4e-05,2.5e-05,5e-13,4.5e-10,2.5e-10,0.0932,22600000000.0,985000000.0,10.83,-95.16
4e-05,2.5e-05,5e-13,5e-10,1e-10,0.0932,21600000000.0,926000000.0,11.04,-93.65
4e-05,2.5e-05,5e-13,5e-10,5e-11,0.0932,21600000000.0,923000000.0,11.04,-93.47
4e-05,2.5e-05,5e-13,5e-10,1.5e-10,0.0932,21600000000.0,920000000.0,11.04,-93.6
4e-05,2.5e-05,5e-13,5e-10,2e-10,0.0932,21600000000.0,923000000.0,11.04,-93.38
4e-05,2.5e-05,5e-13,5e-10,2.5e-10,0.0932,21600000000.0,922000000.0,11.04,-93.78
4e-05,2.5e-05,3e-13,4e-10,1e-10,0.0932,23700000000.0,1060000000.0,10.59,-94.9
4e-05,2.5e-05,3e-13,4e-10,5e-11,0.0932,23700000000.0,1060000000.0,10.59,-95.25
4e-05,2.5e-05,3e-13,4e-10,1.5e-10,0.0932,23700000000.0,1060000000.0,10.59,-94.95
4e-05,2.5e-05,3e-13,4e-10,2e-10,0.0932,23700000000.0,1060000000.0,10.59,-95.07
4e-05,2.5e-05,3e-13,4e-10,2.5e-10,0.0932,23700000000.0,1060000000.0,10.59,-95.01
4e-05,2.5e-05,3e-13,3e-10,1e-10,0.0932,27100000000.0,1300000000.0,9.85,-87.9
4e-05,2.5e-05,3e-13,3e-10,5e-11,0.0932,27100000000.0,1300000000.0,9.85,-87.93
4e-05,2.5e-05,3e-13,3e-10,2e-10,0.0932,27100000000.0,1300000000.0,9.85,-87.91
4e-05,2.5e-05,3e-13,3e-10,2.5e-10,0.0932,27100000000.0,1300000000.0,9.85,-87.85
4e-05,2.5e-05,3e-13,3.5e-10,1e-10,0.0932,25200000000.0,1160000000.0,10.29,-91.91
4e-05,2.5e-05,3e-13,3.5e-10,5e-11,0.0932,25200000000.0,1160000000.0,10.29,-91.89
4e-05,2.5e-05,3e-13,3.5e-10,1.5e-10,0.0932,25200000000.0,1160000000.0,10.29,-91.93
4e-05,2.5e-05,3e-13,3.5e-10,2.5e-10,0.0932,25200000000.0,1160000000.0,10.29,-91.81
4e-05,2.5e-05,3e-13,4.5e-10,1e-10,0.0932,22600000000.0,982000000.0,10.83,-95.2
4e-05,2.5e-05,3e-13,4.5e-10,5e-11,0.0932,22600000000.0,986000000.0,10.83,-95.11
4e-05,2.5e-05,3e-13,4.5e-10,1.5e-10,0.0932,22600000000.0,986000000.0,10.83,-95.21
4e-05,2.5e-05,3e-13,4.5e-10,2e-10,0.0932,22600000000.0,984000000.0,10.84,-95.34
4e-05,2.5e-05,3e-13,4.5e-10,2.5e-10,0.0932,22600000000.0,986000000.0,10.84,-95.26
4e-05,2.5e-05,3e-13,5e-10,1e-10,0.0932,21600000000.0,926000000.0,11.04,-93.96
4e-05,2.5e-05,3e-13,5e-10,5e-11,0.0932,21700000000.0,921000000.0,11.04,-93.63
4e-05,2.5e-05,3e-13,5e-10,1.5e-10,0.0932,21600000000.0,929000000.0,11.04,-93.78
4e-05,2.5e-05,3e-13,5e-10,2e-10,0.0932,21600000000.0,927000000.0,11.04,-93.22
4e-05,2.5e-05,3e-13,5e-10,2.5e-10,0.0932,21600000000.0,926000000.0,11.04,-93.62
4e-05,2.5e-05,4e-13,4e-10,1.5e-10,0.0932,23700000000.0,1060000000.0,10.59,-94.78
4e-05,2.5e-05,4e-13,4e-10,2e-10,0.0932,23700000000.0,1060000000.0,10.59,-95.0
4e-05,2.5e-05,4e-13,4e-10,2.5e-10,0.0932,23700000000.0,1060000000.0,10.59,-94.99
4e-05,2.5e-05,4e-13,3e-10,5e-11,0.0932,27100000000.0,1300000000.0,9.85,-87.87
4e-05,2.5e-05,4e-13,3e-10,1.5e-10,0.0932,27100000000.0,1300000000.0,9.85,-87.89
4e-05,2.5e-05,4e-13,3.5e-10,1e-10,0.0932,25200000000.0,1160000000.0,10.29,-91.76
4e-05,2.5e-05,4e-13,3.5e-10,2e-10,0.0932,25200000000.0,1160000000.0,10.29,-91.84
4e-05,2.5e-05,4e-13,4.5e-10,1e-10,0.0932,22600000000.0,986000000.0,10.83,-95.28
4e-05,2.5e-05,4e-13,4.5e-10,5e-11,0.0932,22600000000.0,986000000.0,10.84,-95.27
4e-05,2.5e-05,4e-13,4.5e-10,1.5e-10,0.0932,22600000000.0,983000000.0,10.84,-95.28
4e-05,2.5e-05,4e-13,4.5e-10,2e-10,0.0932,22600000000.0,984000000.0,10.83,-95.11
4e-05,2.5e-05,4e-13,4.5e-10,2.5e-10,0.0932,22600000000.0,984000000.0,10.84,-95.18
4e-05,2.5e-05,4e-13,5e-10,1e-10,0.0932,21600000000.0,931000000.0,11.04,-93.25
4e-05,2.5e-05,4e-13,5e-10,5e-11,0.0932,21600000000.0,923000000.0,11.04,-93.24
4e-05,2.5e-05,4e-13,5e-10,1.5e-10,0.0932,21600000000.0,929000000.0,11.04,-93.57
4e-05,2.5e-05,4e-13,5e-10,2e-10,0.0932,21600000000.0,927000000.0,11.04,-93.61
4e-05,2.5e-05,4e-13,5e-10,2.5e-10,0.0932,21600000000.0,930000000.0,11.04,-93.54
4e-05,2.5e-05,6e-13,4e-10,1e-10,0.0932,23700000000.0,1060000000.0,10.59,-95.02
4e-05,2.5e-05,6e-13,4e-10,2e-10,0.0932,23700000000.0,1060000000.0,10.59,-95.04
4e-05,2.5e-05,6e-13,4e-10,2.5e-10,0.0932,23700000000.0,1060000000.0,10.59,-94.96
4e-05,2.5e-05,6e-13,3e-10,5e-11,0.0932,27100000000.0,1300000000.0,9.85,-87.77
4e-05,2.5e-05,6e-13,3e-10,1.5e-10,0.0932,27100000000.0,1300000000.0,9.85,-87.75
4e-05,2.5e-05,6e-13,3.5e-10,1.5e-10,0.0932,25200000000.0,1160000000.0,10.28,-91.6
4e-05,2.5e-05,6e-13,3.5e-10,2e-10,0.0932,25200000000.0,1160000000.0,10.29,-91.79
4e-05,2.5e-05,6e-13,4.5e-10,1e-10,0.0932,22600000000.0,984000000.0,10.84,-95.12
4e-05,2.5e-05,6e-13,4.5e-10,5e-11,0.0932,22600000000.0,987000000.0,10.83,-95.17
4e-05,2.5e-05,6e-13,4.5e-10,1.5e-10,0.0932,22600000000.0,987000000.0,10.83,-95.15
4e-05,2.5e-05,6e-13,4.5e-10,2e-10,0.0932,22600000000.0,985000000.0,10.83,-95.38
4e-05,2.5e-05,6e-13,4.5e-10,2.5e-10,0.0932,22600000000.0,987000000.0,10.84,-95.27
4e-05,2.5e-05,6e-13,5e-10,1e-10,0.0932,21600000000.0,924000000.0,11.04,-93.62
4e-05,2.5e-05,6e-13,5e-10,5e-11,0.0932,21600000000.0,920000000.0,11.04,-93.61
4e-05,2.5e-05,6e-13,5e-10,1.5e-10,0.0932,21600000000.0,930000000.0,11.04,-93.28
4e-05,2.5e-05,6e-13,5e-10,2.5e-10,0.0932,21600000000.0,925000000.0,11.04,-93.61
4e-05,2.5e-05,7e-13,4e-10,1e-10,0.0932,23700000000.0,1060000000.0,10.59,-94.75
4e-05,2.5e-05,7e-13,4e-10,5e-11,0.0932,23700000000.0,1060000000.0,10.59,-95.06
4e-05,2.5e-05,7e-13,4e-10,1.5e-10,0.0932,23700000000.0,1060000000.0,10.59,-94.93
4e-05,2.5e-05,7e-13,3e-10,1e-10,0.0932,27100000000.0,1300000000.0,9.85,-87.76
4e-05,2.5e-05,7e-13,3e-10,5e-11,0.0932,27100000000.0,1300000000.0,9.85,-87.82
4e-05,2.5e-05,7e-13,3e-10,1.5e-10,0.0932,27100000000.0,1300000000.0,9.85,-87.83
4e-05,2.5e-05,7e-13,3e-10,2e-10,0.0932,27100000000.0,1300000000.0,9.85,-87.79
4e-05,2.5e-05,7e-13,3.5e-10,1.5e-10,0.0932,25200000000.0,1160000000.0,10.28,-91.69
4e-05,2.5e-05,7e-13,3.5e-10,2.5e-10,0.0932,25200000000.0,1160000000.0,10.29,-91.62
4e-05,2.5e-05,7e-13,4.5e-10,5e-11,0.0932,22600000000.0,981000000.0,10.84,-95.29
4e-05,2.5e-05,7e-13,4.5e-10,1.5e-10,0.0932,22600000000.0,985000000.0,10.83,-95.23
4e-05,2.5e-05,7e-13,4.5e-10,2e-10,0.0932,22600000000.0,984000000.0,10.84,-95.17
4e-05,2.5e-05,7e-13,4.5e-10,2.5e-10,0.0932,22600000000.0,981000000.0,10.83,-95.22
4e-05,2.5e-05,7e-13,5e-10,1e-10,0.0932,21600000000.0,925000000.0,11.04,-93.57
4e-05,2.5e-05,7e-13,5e-10,5e-11,0.0932,21600000000.0,925000000.0,11.04,-93.83
4e-05,2.5e-05,7e-13,5e-10,1.5e-10,0.0932,21600000000.0,922000000.0,11.04,-93.83
4e-05,2.5e-05,7e-13,5e-10,2e-10,0.0932,21600000000.0,923000000.0,11.04,-93.48
4e-05,2.5e-05,7e-13,5e-10,2.5e-10,0.0932,21600000000.0,922000000.0,11.04,-93.86
